children_under_4,children_under_12,children_under_18,children_under_26,employee_type,distance_dm_home_to_employer_hq,travel_location_known,owns_rents,no_of_medical_visits_previous_year,percent_family_members_with_chronic_condition,percent_family_members_that_play_sports,probe_id,serial,probe,network_status,expense_type,val1,val2,val3,val4,action,plan,estimate_medical_visits,risk_aversion,choice,kdma_depends_on,persona
1,0,0,1,Salaried,4377,No,Rents,4,9,1,1,1,DEDUCTIBLE,TIER 1 NETWORK,COST IN $,600,200,0,1600,1600,1,5,low,low,RISK,1
0,0,1,0,Salaried,1919,No,Owns,4,4,5,1,1,DEDUCTIBLE,TIER 1 NETWORK,COST IN $,600,1600,200,0,1600,1,5,low,low,RISK,1
0,0,0,0,Salaried,4671,Yes,Rents,7,1,2,1,1,DEDUCTIBLE,TIER 1 NETWORK,COST IN $,0,200,600,1600,1600,1,5,low,low,RISK,1
1,1,0,0,Bonus,1139,No,Owns,6,6,5,1,1,DEDUCTIBLE,TIER 1 NETWORK,COST IN $,200,600,1600,0,1600,1,5,low,low,RISK,1
0,1,1,0,Bonus,3085,No,Rents,3,1,13,1,1,DEDUCTIBLE,TIER 1 NETWORK,COST IN $,600,0,200,1600,1600,1,5,low,low,RISK,1
0,1,1,0,Salaried,912,Yes,Rents,9,3,4,1,1,DEDUCTIBLE,TIER 1 NETWORK,COST IN $,0,600,1600,200,1600,1,5,low,low,RISK,1
1,0,1,0,Hourly,3561,Yes,Owns,5,2,0,1,1,DEDUCTIBLE,TIER 1 NETWORK,COST IN $,600,200,1600,0,1600,1,5,low,low,RISK,1
1,1,0,0,Hourly,4350,No,Rents,2,5,12,1,1,DEDUCTIBLE,TIER 1 NETWORK,COST IN $,0,600,200,1600,1600,1,5,low,low,RISK,1
1,1,0,1,Salaried,3664,No,Owns,1,6,13,1,1,DEDUCTIBLE,TIER 1 NETWORK,COST IN $,0,200,600,1600,1600,1,5,low,low,RISK,1
0,0,0,0,Bonus,1972,Yes,Owns,9,4,5,1,1,DEDUCTIBLE,TIER 1 NETWORK,COST IN $,0,200,1600,600,1600,1,5,low,low,RISK,1
0,0,1,1,Salaried,1235,Yes,Rents,7,4,8,1,1,DEDUCTIBLE,TIER 1 NETWORK,COST IN $,200,1600,600,0,1600,1,5,low,low,RISK,1
0,1,0,0,Bonus,2294,Yes,Owns,4,9,4,1,1,DEDUCTIBLE,TIER 1 NETWORK,COST IN $,0,1600,600,200,1600,1,5,low,low,RISK,1
0,0,1,0,Salaried,4592,Yes,Rents,9,7,9,1,1,DEDUCTIBLE,TIER 1 NETWORK,COST IN $,0,600,200,1600,1600,1,5,low,low,RISK,1
0,0,0,1,Hourly,2183,Yes,Owns,1,5,23,1,1,DEDUCTIBLE,TIER 1 NETWORK,COST IN $,600,200,0,1600,1600,1,5,low,low,RISK,1
0,0,1,0,Salaried,1622,Yes,Rents,2,1,9,1,1,DEDUCTIBLE,TIER 1 NETWORK,COST IN $,200,600,1600,0,1600,1,5,low,low,RISK,1
0,1,0,1,Salaried,4259,Yes,Rents,1,8,6,1,1,DEDUCTIBLE,TIER 1 NETWORK,COST IN $,200,600,0,1600,1600,1,5,low,low,RISK,1
1,0,0,1,Salaried,4138,No,Owns,9,2,1,1,1,DEDUCTIBLE,TIER 1 NETWORK,COST IN $,200,600,0,1600,1600,1,5,low,low,RISK,1
1,0,0,1,Bonus,2742,No,Owns,10,10,2,1,1,DEDUCTIBLE,TIER 1 NETWORK,COST IN $,600,200,0,1600,1600,1,5,low,low,RISK,1
0,0,0,1,Bonus,4027,Yes,Rents,3,4,3,1,1,DEDUCTIBLE,TIER 1 NETWORK,COST IN $,0,600,1600,200,1600,1,5,low,low,RISK,1
1,0,0,0,Bonus,3643,No,Rents,8,2,25,1,1,DEDUCTIBLE,TIER 1 NETWORK,COST IN $,0,200,1600,600,1600,1,5,low,low,RISK,1
1,0,1,0,Salaried,1855,No,Rents,9,10,10,1,1,DEDUCTIBLE,TIER 1 NETWORK,COST IN $,600,200,0,1600,1600,1,5,low,low,RISK,1
0,1,0,0,Bonus,4199,No,Owns,7,7,6,1,1,DEDUCTIBLE,TIER 1 NETWORK,COST IN $,1600,600,0,200,1600,1,5,low,low,RISK,1
0,1,0,0,Salaried,358,No,Rents,5,5,5,1,1,DEDUCTIBLE,TIER 1 NETWORK,COST IN $,600,1600,200,0,1600,1,5,low,low,RISK,1
0,0,1,0,Salaried,2175,No,Owns,8,10,8,1,1,DEDUCTIBLE,TIER 1 NETWORK,COST IN $,0,600,1600,200,1600,1,5,low,low,RISK,1
0,1,0,0,Bonus,2804,No,Owns,4,0,4,1,1,DEDUCTIBLE,TIER 1 NETWORK,COST IN $,200,0,1600,600,1600,1,5,low,low,RISK,1
1,1,1,0,Bonus,2793,Yes,Owns,9,9,1,1,1,DEDUCTIBLE,TIER 1 NETWORK,COST IN $,1600,200,0,600,1600,1,5,low,low,RISK,1
1,0,1,0,Salaried,1366,No,Owns,7,4,5,1,1,DEDUCTIBLE,TIER 1 NETWORK,COST IN $,1600,200,0,600,1600,1,5,low,low,RISK,1
0,1,1,1,Salaried,3990,No,Rents,6,1,2,1,1,DEDUCTIBLE,TIER 1 NETWORK,COST IN $,0,1600,200,600,1600,1,5,low,low,RISK,1
0,0,0,0,Salaried,1625,No,Owns,8,6,5,1,1,DEDUCTIBLE,TIER 1 NETWORK,COST IN $,1600,600,200,0,1600,1,5,low,low,RISK,1
1,1,0,0,Hourly,1178,No,Owns,0,1,13,1,1,DEDUCTIBLE,TIER 1 NETWORK,COST IN $,0,200,600,1600,1600,1,5,low,low,RISK,1
0,0,0,0,Hourly,2665,No,Rents,2,3,4,1,1,DEDUCTIBLE,TIER 1 NETWORK,COST IN $,1600,0,200,600,1600,1,5,low,low,RISK,1
1,1,1,0,Hourly,4144,No,Owns,3,2,0,1,1,DEDUCTIBLE,TIER 1 NETWORK,COST IN $,600,0,200,1600,1600,1,5,low,low,RISK,1
0,0,1,0,Hourly,2547,Yes,Owns,7,5,12,1,1,DEDUCTIBLE,TIER 1 NETWORK,COST IN $,1600,600,0,200,1600,1,5,low,low,RISK,1
1,0,1,0,Hourly,152,Yes,Owns,8,6,13,1,1,DEDUCTIBLE,TIER 1 NETWORK,COST IN $,600,200,1600,0,1600,1,5,low,low,RISK,1
0,0,0,0,Bonus,2909,Yes,Rents,3,4,5,1,1,DEDUCTIBLE,TIER 1 NETWORK,COST IN $,0,1600,600,200,1600,1,5,low,low,RISK,1
1,1,0,0,Bonus,2404,Yes,Owns,5,4,8,1,1,DEDUCTIBLE,TIER 1 NETWORK,COST IN $,200,1600,0,600,1600,1,5,low,low,RISK,1
1,0,1,1,Bonus,144,Yes,Owns,4,9,4,1,1,DEDUCTIBLE,TIER 1 NETWORK,COST IN $,600,0,200,1600,1600,1,5,low,low,RISK,1
1,0,1,0,Hourly,2250,No,Owns,4,7,9,1,1,DEDUCTIBLE,TIER 1 NETWORK,COST IN $,600,1600,0,200,1600,1,5,low,low,RISK,1
1,0,0,0,Hourly,4826,No,Owns,4,5,23,1,1,DEDUCTIBLE,TIER 1 NETWORK,COST IN $,1600,0,200,600,1600,1,5,low,low,RISK,1
1,1,0,0,Salaried,792,No,Owns,5,1,9,1,1,DEDUCTIBLE,TIER 1 NETWORK,COST IN $,1600,0,600,200,1600,1,5,low,low,RISK,1
0,1,0,0,Hourly,3429,No,Rents,8,8,6,1,1,DEDUCTIBLE,TIER 1 NETWORK,COST IN $,200,1600,600,0,1600,1,5,low,low,RISK,1
0,1,0,0,Hourly,1596,Yes,Owns,5,2,1,1,1,DEDUCTIBLE,TIER 1 NETWORK,COST IN $,0,1600,600,200,1600,1,5,low,low,RISK,1
1,1,1,0,Salaried,83,Yes,Owns,2,10,2,1,1,DEDUCTIBLE,TIER 1 NETWORK,COST IN $,600,200,1600,0,1600,1,5,low,low,RISK,1
1,1,0,1,Salaried,3601,No,Owns,1,4,3,1,1,DEDUCTIBLE,TIER 1 NETWORK,COST IN $,1600,0,600,200,1600,1,5,low,low,RISK,1
0,0,0,1,Bonus,861,No,Owns,8,2,25,1,1,DEDUCTIBLE,TIER 1 NETWORK,COST IN $,600,200,1600,0,1600,1,5,low,low,RISK,1
0,1,1,1,Salaried,2240,Yes,Rents,8,10,10,1,1,DEDUCTIBLE,TIER 1 NETWORK,COST IN $,1600,600,0,200,1600,1,5,low,low,RISK,1
0,0,0,0,Hourly,2384,No,Rents,1,7,6,1,1,DEDUCTIBLE,TIER 1 NETWORK,COST IN $,0,600,1600,200,1600,1,5,low,low,RISK,1
0,0,0,0,Bonus,2363,Yes,Rents,6,5,5,1,1,DEDUCTIBLE,TIER 1 NETWORK,COST IN $,0,1600,600,200,1600,1,5,low,low,RISK,1
0,0,1,0,Salaried,4539,No,Owns,3,10,8,1,1,DEDUCTIBLE,TIER 1 NETWORK,COST IN $,200,1600,0,600,1600,1,5,low,low,RISK,1
0,0,0,0,Bonus,489,No,Rents,3,0,4,1,1,DEDUCTIBLE,TIER 1 NETWORK,COST IN $,600,200,0,1600,1600,1,5,low,low,RISK,1
0,1,0,1,Bonus,4623,Yes,Owns,2,9,1,1,1,DEDUCTIBLE,TIER 1 NETWORK,COST IN $,1600,600,200,0,1600,1,5,low,low,RISK,1
0,0,0,0,Salaried,153,Yes,Owns,0,4,5,1,1,DEDUCTIBLE,TIER 1 NETWORK,COST IN $,0,1600,200,600,1600,1,5,low,low,RISK,1
0,1,1,0,Salaried,3954,No,Owns,1,1,2,1,1,DEDUCTIBLE,TIER 1 NETWORK,COST IN $,200,0,600,1600,1600,1,5,low,low,RISK,1
0,0,0,0,Salaried,4742,No,Rents,0,6,5,1,1,DEDUCTIBLE,TIER 1 NETWORK,COST IN $,1600,0,600,200,1600,1,5,low,low,RISK,1
0,0,0,0,Hourly,3289,No,Rents,8,1,13,1,1,DEDUCTIBLE,TIER 1 NETWORK,COST IN $,0,1600,200,600,1600,1,5,low,low,RISK,1
0,0,0,0,Bonus,3409,Yes,Rents,6,3,4,1,1,DEDUCTIBLE,TIER 1 NETWORK,COST IN $,200,1600,600,0,1600,1,5,low,low,RISK,1
0,0,1,0,Bonus,3179,No,Rents,2,2,0,1,1,DEDUCTIBLE,TIER 1 NETWORK,COST IN $,0,1600,600,200,1600,1,5,low,low,RISK,1
0,0,0,0,Bonus,4271,No,Rents,3,5,12,1,1,DEDUCTIBLE,TIER 1 NETWORK,COST IN $,0,1600,200,600,1600,1,5,low,low,RISK,1
0,0,0,0,Hourly,4605,Yes,Rents,4,6,13,1,1,DEDUCTIBLE,TIER 1 NETWORK,COST IN $,600,1600,0,200,1600,1,5,low,low,RISK,1
0,1,1,1,Salaried,3042,Yes,Rents,1,4,5,1,1,DEDUCTIBLE,TIER 1 NETWORK,COST IN $,1600,0,200,600,1600,1,5,low,low,RISK,1
0,1,1,0,Hourly,170,No,Rents,9,4,8,1,1,DEDUCTIBLE,TIER 1 NETWORK,COST IN $,600,0,1600,200,1600,1,5,low,low,RISK,1
0,0,0,1,Salaried,2062,No,Rents,2,9,4,1,1,DEDUCTIBLE,TIER 1 NETWORK,COST IN $,1600,200,0,600,1600,1,5,low,low,RISK,1
1,0,1,1,Bonus,1962,No,Rents,0,7,9,1,1,DEDUCTIBLE,TIER 1 NETWORK,COST IN $,200,0,600,1600,1600,1,5,low,low,RISK,1
0,0,0,0,Bonus,1006,No,Owns,5,5,23,1,1,DEDUCTIBLE,TIER 1 NETWORK,COST IN $,0,600,1600,200,1600,1,5,low,low,RISK,1
0,1,0,1,Salaried,4555,No,Rents,2,1,9,1,1,DEDUCTIBLE,TIER 1 NETWORK,COST IN $,0,1600,200,600,1600,1,5,low,low,RISK,1
1,0,1,0,Bonus,458,No,Rents,4,8,6,1,1,DEDUCTIBLE,TIER 1 NETWORK,COST IN $,0,200,1600,600,1600,1,5,low,low,RISK,1
1,0,1,0,Hourly,1593,No,Owns,0,2,1,1,1,DEDUCTIBLE,TIER 1 NETWORK,COST IN $,1600,600,0,200,1600,1,5,low,low,RISK,1
0,1,0,0,Hourly,4519,Yes,Owns,4,10,2,1,1,DEDUCTIBLE,TIER 1 NETWORK,COST IN $,0,1600,200,600,1600,1,5,low,low,RISK,1
0,1,0,0,Bonus,2639,No,Rents,0,4,3,1,1,DEDUCTIBLE,TIER 1 NETWORK,COST IN $,600,1600,0,200,1600,1,5,low,low,RISK,1
0,0,1,0,Hourly,2563,Yes,Rents,8,2,25,1,1,DEDUCTIBLE,TIER 1 NETWORK,COST IN $,600,0,200,1600,1600,1,5,low,low,RISK,1
0,0,1,1,Bonus,2810,Yes,Owns,8,10,10,1,1,DEDUCTIBLE,TIER 1 NETWORK,COST IN $,600,0,200,1600,1600,1,5,low,low,RISK,1
0,0,0,1,Hourly,2954,Yes,Owns,10,7,6,1,1,DEDUCTIBLE,TIER 1 NETWORK,COST IN $,200,0,1600,600,1600,1,5,low,low,RISK,1
0,0,1,0,Hourly,2299,Yes,Owns,6,5,5,1,1,DEDUCTIBLE,TIER 1 NETWORK,COST IN $,0,200,600,1600,1600,1,5,low,low,RISK,1
0,0,1,1,Hourly,1155,No,Rents,1,10,8,1,1,DEDUCTIBLE,TIER 1 NETWORK,COST IN $,200,1600,0,600,1600,1,5,low,low,RISK,1
1,0,1,0,Bonus,1856,Yes,Rents,7,0,4,1,1,DEDUCTIBLE,TIER 1 NETWORK,COST IN $,600,200,0,1600,1600,1,5,low,low,RISK,1
1,1,0,0,Salaried,3352,Yes,Rents,1,9,1,1,1,DEDUCTIBLE,TIER 1 NETWORK,COST IN $,200,0,1600,600,1600,1,5,low,low,RISK,1
1,0,0,0,Hourly,3735,Yes,Owns,8,4,5,1,1,DEDUCTIBLE,TIER 1 NETWORK,COST IN $,600,200,1600,0,1600,1,5,low,low,RISK,1
1,0,0,1,Salaried,1125,Yes,Rents,1,1,2,1,1,DEDUCTIBLE,TIER 1 NETWORK,COST IN $,600,1600,200,0,1600,1,5,low,low,RISK,1
1,0,1,0,Bonus,4695,No,Owns,0,6,5,1,1,DEDUCTIBLE,TIER 1 NETWORK,COST IN $,0,200,600,1600,1600,1,5,low,low,RISK,1
0,0,0,1,Salaried,1210,No,Rents,9,1,13,1,1,DEDUCTIBLE,TIER 1 NETWORK,COST IN $,200,1600,600,0,1600,1,5,low,low,RISK,1
1,1,1,0,Bonus,3149,No,Owns,1,3,4,1,1,DEDUCTIBLE,TIER 1 NETWORK,COST IN $,1600,600,200,0,1600,1,5,low,low,RISK,1
1,0,0,0,Bonus,3757,No,Rents,1,2,0,1,1,DEDUCTIBLE,TIER 1 NETWORK,COST IN $,0,1600,200,600,1600,1,5,low,low,RISK,1
1,0,1,1,Salaried,4038,Yes,Rents,5,5,12,1,1,DEDUCTIBLE,TIER 1 NETWORK,COST IN $,600,0,200,1600,1600,1,5,low,low,RISK,1
0,0,0,1,Bonus,381,No,Owns,2,6,13,1,1,DEDUCTIBLE,TIER 1 NETWORK,COST IN $,1600,0,600,200,1600,1,5,low,low,RISK,1
0,0,0,0,Hourly,2879,Yes,Rents,9,4,5,1,1,DEDUCTIBLE,TIER 1 NETWORK,COST IN $,0,200,600,1600,1600,1,5,low,low,RISK,1
0,1,0,0,Hourly,2246,No,Owns,9,4,8,1,1,DEDUCTIBLE,TIER 1 NETWORK,COST IN $,1600,0,200,600,1600,1,5,low,low,RISK,1
0,1,0,0,Hourly,3337,No,Rents,1,9,4,1,1,DEDUCTIBLE,TIER 1 NETWORK,COST IN $,1600,200,600,0,1600,1,5,low,low,RISK,1
1,0,0,0,Hourly,874,No,Owns,9,7,9,1,1,DEDUCTIBLE,TIER 1 NETWORK,COST IN $,1600,600,200,0,1600,1,5,low,low,RISK,1
0,1,0,0,Hourly,4470,Yes,Owns,0,5,23,1,1,DEDUCTIBLE,TIER 1 NETWORK,COST IN $,0,200,600,1600,1600,1,5,low,low,RISK,1
1,0,1,0,Hourly,3252,Yes,Owns,4,1,9,1,1,DEDUCTIBLE,TIER 1 NETWORK,COST IN $,200,0,600,1600,1600,1,5,low,low,RISK,1
0,1,0,0,Hourly,176,Yes,Rents,3,8,6,1,1,DEDUCTIBLE,TIER 1 NETWORK,COST IN $,1600,200,600,0,1600,1,5,low,low,RISK,1
0,0,1,0,Hourly,3681,Yes,Owns,1,2,1,1,1,DEDUCTIBLE,TIER 1 NETWORK,COST IN $,200,600,1600,0,1600,1,5,low,low,RISK,1
0,1,1,1,Hourly,1019,Yes,Owns,8,10,2,1,1,DEDUCTIBLE,TIER 1 NETWORK,COST IN $,200,0,1600,600,1600,1,5,low,low,RISK,1
0,1,1,0,Bonus,4493,Yes,Owns,10,4,3,1,1,DEDUCTIBLE,TIER 1 NETWORK,COST IN $,1600,600,200,0,1600,1,5,low,low,RISK,1
0,1,1,0,Salaried,1012,Yes,Owns,8,2,25,1,1,DEDUCTIBLE,TIER 1 NETWORK,COST IN $,200,1600,600,0,1600,1,5,low,low,RISK,1
0,0,0,0,Bonus,1248,Yes,Rents,1,10,10,1,1,DEDUCTIBLE,TIER 1 NETWORK,COST IN $,0,600,200,1600,1600,1,5,low,low,RISK,1
0,0,0,0,Salaried,1214,No,Owns,1,7,6,1,1,DEDUCTIBLE,TIER 1 NETWORK,COST IN $,600,200,0,1600,1600,1,5,low,low,RISK,1
1,0,0,0,Salaried,2852,Yes,Rents,1,5,5,1,1,DEDUCTIBLE,TIER 1 NETWORK,COST IN $,200,0,600,1600,1600,1,5,low,low,RISK,1
0,0,0,0,Bonus,1440,Yes,Owns,4,10,8,1,1,DEDUCTIBLE,TIER 1 NETWORK,COST IN $,600,1600,200,0,1600,1,5,low,low,RISK,1
1,0,1,0,Bonus,2951,No,Owns,4,0,4,1,1,DEDUCTIBLE,TIER 1 NETWORK,COST IN $,600,1600,200,0,1600,1,5,low,low,RISK,1
2,1,0,2,Salaried,4377,No,Rents,10,19,27,1,2,DEDUCTIBLE,TIER 1 NETWORK,COST IN $,1600,600,200,0,1600,1,10,low,low,RISK,1
0,1,1,0,Salaried,1919,No,Owns,10,15,31,1,2,DEDUCTIBLE,TIER 1 NETWORK,COST IN $,0,200,1600,600,1600,1,10,low,low,RISK,1
1,1,0,0,Salaried,4671,Yes,Rents,15,12,28,1,2,DEDUCTIBLE,TIER 1 NETWORK,COST IN $,1600,600,200,0,1600,1,10,low,low,RISK,1
2,1,0,0,Bonus,1139,No,Owns,13,16,31,1,2,DEDUCTIBLE,TIER 1 NETWORK,COST IN $,600,1600,200,0,1600,1,10,low,low,RISK,1
1,1,2,1,Bonus,3085,No,Rents,9,12,39,1,2,DEDUCTIBLE,TIER 1 NETWORK,COST IN $,0,1600,200,600,1600,1,10,low,low,RISK,1
0,1,2,0,Salaried,912,Yes,Rents,16,14,30,1,2,DEDUCTIBLE,TIER 1 NETWORK,COST IN $,1600,0,200,600,1600,1,10,low,low,RISK,1
1,0,2,1,Hourly,3561,Yes,Owns,12,13,26,1,2,DEDUCTIBLE,TIER 1 NETWORK,COST IN $,600,200,0,1600,1600,1,10,low,low,RISK,1
1,2,0,0,Hourly,4350,No,Rents,7,16,37,1,2,DEDUCTIBLE,TIER 1 NETWORK,COST IN $,200,0,1600,600,1600,1,10,low,low,RISK,1
2,2,1,2,Salaried,3664,No,Owns,7,16,39,1,2,DEDUCTIBLE,TIER 1 NETWORK,COST IN $,200,600,1600,0,1600,1,10,low,low,RISK,1
0,0,0,1,Bonus,1972,Yes,Owns,17,14,30,1,2,DEDUCTIBLE,TIER 1 NETWORK,COST IN $,200,0,600,1600,1600,1,10,low,low,RISK,1
1,0,2,2,Salaried,1235,Yes,Rents,14,14,34,1,2,DEDUCTIBLE,TIER 1 NETWORK,COST IN $,0,200,1600,600,1600,1,10,low,low,RISK,1
0,2,0,1,Bonus,2294,Yes,Owns,10,19,30,1,2,DEDUCTIBLE,TIER 1 NETWORK,COST IN $,1600,200,0,600,1600,1,10,low,low,RISK,1
0,1,2,0,Salaried,4592,Yes,Rents,16,17,35,1,2,DEDUCTIBLE,TIER 1 NETWORK,COST IN $,1600,200,0,600,1600,1,10,low,low,RISK,1
0,0,1,1,Hourly,2183,Yes,Owns,6,15,48,1,2,DEDUCTIBLE,TIER 1 NETWORK,COST IN $,1600,200,0,600,1600,1,10,low,low,RISK,1
1,1,2,1,Salaried,1622,Yes,Rents,8,12,35,1,2,DEDUCTIBLE,TIER 1 NETWORK,COST IN $,1600,0,600,200,1600,1,10,low,low,RISK,1
1,2,1,2,Salaried,4259,Yes,Rents,6,18,32,1,2,DEDUCTIBLE,TIER 1 NETWORK,COST IN $,1600,600,200,0,1600,1,10,low,low,RISK,1
2,1,1,2,Salaried,4138,No,Owns,17,13,27,1,2,DEDUCTIBLE,TIER 1 NETWORK,COST IN $,0,1600,600,200,1600,1,10,low,low,RISK,1
2,0,1,2,Bonus,2742,No,Owns,17,20,28,1,2,DEDUCTIBLE,TIER 1 NETWORK,COST IN $,0,600,200,1600,1600,1,10,low,low,RISK,1
1,1,0,2,Bonus,4027,Yes,Rents,8,14,29,1,2,DEDUCTIBLE,TIER 1 NETWORK,COST IN $,1600,600,200,0,1600,1,10,low,low,RISK,1
1,1,0,0,Bonus,3643,No,Rents,16,13,50,1,2,DEDUCTIBLE,TIER 1 NETWORK,COST IN $,1600,0,600,200,1600,1,10,low,low,RISK,1
1,0,2,0,Salaried,1855,No,Rents,17,20,35,1,2,DEDUCTIBLE,TIER 1 NETWORK,COST IN $,0,1600,600,200,1600,1,10,low,low,RISK,1
1,2,0,1,Bonus,4199,No,Owns,14,17,32,1,2,DEDUCTIBLE,TIER 1 NETWORK,COST IN $,0,1600,600,200,1600,1,10,low,low,RISK,1
0,2,1,0,Salaried,358,No,Rents,12,16,31,1,2,DEDUCTIBLE,TIER 1 NETWORK,COST IN $,0,1600,200,600,1600,1,10,low,low,RISK,1
1,1,1,1,Salaried,2175,No,Owns,16,20,34,1,2,DEDUCTIBLE,TIER 1 NETWORK,COST IN $,600,1600,200,0,1600,1,10,low,low,RISK,1
1,1,0,0,Bonus,2804,No,Owns,11,11,30,1,2,DEDUCTIBLE,TIER 1 NETWORK,COST IN $,600,0,200,1600,1600,1,10,low,low,RISK,1
2,1,2,1,Bonus,2793,Yes,Owns,17,19,27,1,2,DEDUCTIBLE,TIER 1 NETWORK,COST IN $,0,600,200,1600,1600,1,10,low,low,RISK,1
2,0,2,0,Salaried,1366,No,Owns,14,15,31,1,2,DEDUCTIBLE,TIER 1 NETWORK,COST IN $,200,600,0,1600,1600,1,10,low,low,RISK,1
0,1,1,2,Salaried,3990,No,Rents,13,12,28,1,2,DEDUCTIBLE,TIER 1 NETWORK,COST IN $,200,1600,600,0,1600,1,10,low,low,RISK,1
0,1,1,0,Salaried,1625,No,Owns,16,16,31,1,2,DEDUCTIBLE,TIER 1 NETWORK,COST IN $,1600,200,600,0,1600,1,10,low,low,RISK,1
1,2,0,0,Hourly,1178,No,Owns,5,12,39,1,2,DEDUCTIBLE,TIER 1 NETWORK,COST IN $,200,600,1600,0,1600,1,10,low,low,RISK,1
1,1,0,0,Hourly,2665,No,Rents,8,14,30,1,2,DEDUCTIBLE,TIER 1 NETWORK,COST IN $,600,200,1600,0,1600,1,10,low,low,RISK,1
1,1,2,0,Hourly,4144,No,Owns,9,13,26,1,2,DEDUCTIBLE,TIER 1 NETWORK,COST IN $,1600,600,200,0,1600,1,10,low,low,RISK,1
1,1,2,0,Hourly,2547,Yes,Owns,14,16,37,1,2,DEDUCTIBLE,TIER 1 NETWORK,COST IN $,0,200,600,1600,1600,1,10,low,low,RISK,1
0,0,0,0,Bonus,2909,Yes,Rents,9,14,30,1,2,DEDUCTIBLE,TIER 1 NETWORK,COST IN $,200,1600,0,600,1600,1,10,low,low,RISK,1
2,2,1,1,Bonus,2404,Yes,Owns,11,14,34,1,2,DEDUCTIBLE,TIER 1 NETWORK,COST IN $,0,600,1600,200,1600,1,10,low,low,RISK,1
2,0,1,2,Bonus,144,Yes,Owns,10,19,30,1,2,DEDUCTIBLE,TIER 1 NETWORK,COST IN $,600,200,0,1600,1600,1,10,low,low,RISK,1
2,0,1,0,Hourly,2250,No,Owns,11,17,35,1,2,DEDUCTIBLE,TIER 1 NETWORK,COST IN $,1600,0,600,200,1600,1,10,low,low,RISK,1
2,0,0,0,Hourly,4826,No,Owns,10,15,48,1,2,DEDUCTIBLE,TIER 1 NETWORK,COST IN $,0,200,1600,600,1600,1,10,low,low,RISK,1
1,1,0,0,Salaried,792,No,Owns,12,12,35,1,2,DEDUCTIBLE,TIER 1 NETWORK,COST IN $,1600,600,200,0,1600,1,10,low,low,RISK,1
0,2,0,1,Hourly,3429,No,Rents,15,18,32,1,2,DEDUCTIBLE,TIER 1 NETWORK,COST IN $,200,1600,0,600,1600,1,10,low,low,RISK,1
0,2,0,1,Hourly,1596,Yes,Owns,11,13,27,1,2,DEDUCTIBLE,TIER 1 NETWORK,COST IN $,1600,200,0,600,1600,1,10,low,low,RISK,1
1,1,2,0,Salaried,83,Yes,Owns,7,20,28,1,2,DEDUCTIBLE,TIER 1 NETWORK,COST IN $,600,0,1600,200,1600,1,10,low,low,RISK,1
1,2,0,2,Salaried,3601,No,Owns,6,14,29,1,2,DEDUCTIBLE,TIER 1 NETWORK,COST IN $,1600,0,200,600,1600,1,10,low,low,RISK,1
1,1,0,1,Bonus,861,No,Owns,15,13,50,1,2,DEDUCTIBLE,TIER 1 NETWORK,COST IN $,0,200,600,1600,1600,1,10,low,low,RISK,1
0,2,2,2,Salaried,2240,Yes,Rents,15,20,35,1,2,DEDUCTIBLE,TIER 1 NETWORK,COST IN $,1600,600,0,200,1600,1,10,low,low,RISK,1
1,0,0,0,Hourly,2384,No,Rents,6,17,32,1,2,DEDUCTIBLE,TIER 1 NETWORK,COST IN $,600,0,1600,200,1600,1,10,low,low,RISK,1
0,0,0,0,Bonus,2363,Yes,Rents,12,16,31,1,2,DEDUCTIBLE,TIER 1 NETWORK,COST IN $,600,200,0,1600,1600,1,10,low,low,RISK,1
1,1,2,0,Salaried,4539,No,Owns,10,20,34,1,2,DEDUCTIBLE,TIER 1 NETWORK,COST IN $,1600,200,600,0,1600,1,10,low,low,RISK,1
1,1,0,0,Bonus,489,No,Rents,9,11,30,1,2,DEDUCTIBLE,TIER 1 NETWORK,COST IN $,1600,0,600,200,1600,1,10,low,low,RISK,1
1,2,0,2,Bonus,4623,Yes,Owns,7,19,27,1,2,DEDUCTIBLE,TIER 1 NETWORK,COST IN $,600,1600,200,0,1600,1,10,low,low,RISK,1
1,0,0,0,Salaried,153,Yes,Owns,5,15,31,1,2,DEDUCTIBLE,TIER 1 NETWORK,COST IN $,1600,600,0,200,1600,1,10,low,low,RISK,1
0,2,2,1,Salaried,3954,No,Owns,6,12,28,1,2,DEDUCTIBLE,TIER 1 NETWORK,COST IN $,1600,200,600,0,1600,1,10,low,low,RISK,1
0,1,0,0,Salaried,4742,No,Rents,5,16,31,1,2,DEDUCTIBLE,TIER 1 NETWORK,COST IN $,600,0,1600,200,1600,1,10,low,low,RISK,1
0,0,0,1,Hourly,3289,No,Rents,15,12,39,1,2,DEDUCTIBLE,TIER 1 NETWORK,COST IN $,200,600,1600,0,1600,1,10,low,low,RISK,1
0,0,1,1,Bonus,3409,Yes,Rents,13,14,30,1,2,DEDUCTIBLE,TIER 1 NETWORK,COST IN $,1600,200,600,0,1600,1,10,low,low,RISK,1
0,0,2,1,Bonus,3179,No,Rents,8,13,26,1,2,DEDUCTIBLE,TIER 1 NETWORK,COST IN $,200,1600,0,600,1600,1,10,low,low,RISK,1
0,0,0,1,Bonus,4271,No,Rents,9,16,37,1,2,DEDUCTIBLE,TIER 1 NETWORK,COST IN $,1600,200,600,0,1600,1,10,low,low,RISK,1
0,0,0,0,Hourly,4605,Yes,Rents,10,16,39,1,2,DEDUCTIBLE,TIER 1 NETWORK,COST IN $,200,1600,0,600,1600,1,10,low,low,RISK,1
0,2,2,2,Salaried,3042,Yes,Rents,6,14,30,1,2,DEDUCTIBLE,TIER 1 NETWORK,COST IN $,1600,200,0,600,1600,1,10,low,low,RISK,1
0,2,2,0,Hourly,170,No,Rents,16,14,34,1,2,DEDUCTIBLE,TIER 1 NETWORK,COST IN $,200,0,600,1600,1600,1,10,low,low,RISK,1
0,1,0,2,Salaried,2062,No,Rents,7,19,30,1,2,DEDUCTIBLE,TIER 1 NETWORK,COST IN $,0,200,1600,600,1600,1,10,low,low,RISK,1
1,1,2,2,Bonus,1962,No,Rents,5,17,35,1,2,DEDUCTIBLE,TIER 1 NETWORK,COST IN $,200,600,1600,0,1600,1,10,low,low,RISK,1
0,0,0,0,Bonus,1006,No,Owns,11,15,48,1,2,DEDUCTIBLE,TIER 1 NETWORK,COST IN $,200,1600,600,0,1600,1,10,low,low,RISK,1
0,2,1,2,Salaried,4555,No,Rents,8,12,35,1,2,DEDUCTIBLE,TIER 1 NETWORK,COST IN $,600,1600,0,200,1600,1,10,low,low,RISK,1
2,1,1,0,Bonus,458,No,Rents,10,18,32,1,2,DEDUCTIBLE,TIER 1 NETWORK,COST IN $,0,200,1600,600,1600,1,10,low,low,RISK,1
2,0,2,1,Hourly,1593,No,Owns,5,13,27,1,2,DEDUCTIBLE,TIER 1 NETWORK,COST IN $,1600,600,0,200,1600,1,10,low,low,RISK,1
0,2,0,1,Hourly,4519,Yes,Owns,11,20,28,1,2,DEDUCTIBLE,TIER 1 NETWORK,COST IN $,600,0,1600,200,1600,1,10,low,low,RISK,1
0,1,0,0,Bonus,2639,No,Rents,5,14,29,1,2,DEDUCTIBLE,TIER 1 NETWORK,COST IN $,1600,200,600,0,1600,1,10,low,low,RISK,1
0,0,2,1,Hourly,2563,Yes,Rents,15,13,50,1,2,DEDUCTIBLE,TIER 1 NETWORK,COST IN $,600,1600,0,200,1600,1,10,low,low,RISK,1
0,1,2,1,Bonus,2810,Yes,Owns,15,20,35,1,2,DEDUCTIBLE,TIER 1 NETWORK,COST IN $,200,0,1600,600,1600,1,10,low,low,RISK,1
1,1,0,1,Hourly,2954,Yes,Owns,18,17,32,1,2,DEDUCTIBLE,TIER 1 NETWORK,COST IN $,600,200,1600,0,1600,1,10,low,low,RISK,1
1,0,2,0,Hourly,2299,Yes,Owns,13,16,31,1,2,DEDUCTIBLE,TIER 1 NETWORK,COST IN $,0,600,200,1600,1600,1,10,low,low,RISK,1
0,0,1,2,Hourly,1155,No,Rents,6,20,34,1,2,DEDUCTIBLE,TIER 1 NETWORK,COST IN $,200,1600,600,0,1600,1,10,low,low,RISK,1
1,0,2,0,Bonus,1856,Yes,Rents,14,11,30,1,2,DEDUCTIBLE,TIER 1 NETWORK,COST IN $,200,1600,0,600,1600,1,10,low,low,RISK,1
2,1,1,0,Salaried,3352,Yes,Rents,6,19,27,1,2,DEDUCTIBLE,TIER 1 NETWORK,COST IN $,1600,0,600,200,1600,1,10,low,low,RISK,1
2,0,0,1,Hourly,3735,Yes,Owns,15,15,31,1,2,DEDUCTIBLE,TIER 1 NETWORK,COST IN $,0,200,600,1600,1600,1,10,low,low,RISK,1
2,1,0,2,Salaried,1125,Yes,Rents,6,12,28,1,2,DEDUCTIBLE,TIER 1 NETWORK,COST IN $,200,1600,0,600,1600,1,10,low,low,RISK,1
2,0,1,0,Bonus,4695,No,Owns,5,16,31,1,2,DEDUCTIBLE,TIER 1 NETWORK,COST IN $,600,200,0,1600,1600,1,10,low,low,RISK,1
1,1,1,1,Salaried,1210,No,Rents,17,12,39,1,2,DEDUCTIBLE,TIER 1 NETWORK,COST IN $,600,0,200,1600,1600,1,10,low,low,RISK,1
1,2,1,0,Bonus,3149,No,Owns,6,14,30,1,2,DEDUCTIBLE,TIER 1 NETWORK,COST IN $,1600,200,600,0,1600,1,10,low,low,RISK,1
1,1,1,1,Bonus,3757,No,Rents,6,13,26,1,2,DEDUCTIBLE,TIER 1 NETWORK,COST IN $,600,1600,200,0,1600,1,10,low,low,RISK,1
1,0,2,1,Salaried,4038,Yes,Rents,12,16,37,1,2,DEDUCTIBLE,TIER 1 NETWORK,COST IN $,600,0,1600,200,1600,1,10,low,low,RISK,1
0,0,0,2,Bonus,381,No,Owns,8,16,39,1,2,DEDUCTIBLE,TIER 1 NETWORK,COST IN $,200,600,1600,0,1600,1,10,low,low,RISK,1
0,0,1,1,Hourly,2879,Yes,Rents,16,14,30,1,2,DEDUCTIBLE,TIER 1 NETWORK,COST IN $,1600,0,200,600,1600,1,10,low,low,RISK,1
1,2,0,0,Hourly,2246,No,Owns,17,14,34,1,2,DEDUCTIBLE,TIER 1 NETWORK,COST IN $,0,200,600,1600,1600,1,10,low,low,RISK,1
0,2,1,0,Hourly,3337,No,Rents,7,19,30,1,2,DEDUCTIBLE,TIER 1 NETWORK,COST IN $,0,1600,600,200,1600,1,10,low,low,RISK,1
1,1,1,1,Hourly,874,No,Owns,17,17,35,1,2,DEDUCTIBLE,TIER 1 NETWORK,COST IN $,200,600,1600,0,1600,1,10,low,low,RISK,1
0,1,0,0,Hourly,4470,Yes,Owns,6,15,48,1,2,DEDUCTIBLE,TIER 1 NETWORK,COST IN $,200,600,1600,0,1600,1,10,low,low,RISK,1
2,0,1,1,Hourly,3252,Yes,Owns,10,12,35,1,2,DEDUCTIBLE,TIER 1 NETWORK,COST IN $,0,1600,200,600,1600,1,10,low,low,RISK,1
0,2,0,1,Hourly,176,Yes,Rents,9,18,32,1,2,DEDUCTIBLE,TIER 1 NETWORK,COST IN $,200,600,0,1600,1600,1,10,low,low,RISK,1
1,0,2,0,Hourly,3681,Yes,Owns,6,13,27,1,2,DEDUCTIBLE,TIER 1 NETWORK,COST IN $,600,200,1600,0,1600,1,10,low,low,RISK,1
1,2,1,2,Hourly,1019,Yes,Owns,15,20,28,1,2,DEDUCTIBLE,TIER 1 NETWORK,COST IN $,600,1600,0,200,1600,1,10,low,low,RISK,1
1,2,1,1,Bonus,4493,Yes,Owns,18,14,29,1,2,DEDUCTIBLE,TIER 1 NETWORK,COST IN $,0,1600,600,200,1600,1,10,low,low,RISK,1
1,2,2,0,Salaried,1012,Yes,Owns,15,13,50,1,2,DEDUCTIBLE,TIER 1 NETWORK,COST IN $,200,0,600,1600,1600,1,10,low,low,RISK,1
0,0,1,1,Bonus,1248,Yes,Rents,7,20,35,1,2,DEDUCTIBLE,TIER 1 NETWORK,COST IN $,600,0,200,1600,1600,1,10,low,low,RISK,1
0,0,1,0,Salaried,1214,No,Owns,6,17,32,1,2,DEDUCTIBLE,TIER 1 NETWORK,COST IN $,600,0,200,1600,1600,1,10,low,low,RISK,1
1,0,1,0,Salaried,2852,Yes,Rents,6,16,31,1,2,DEDUCTIBLE,TIER 1 NETWORK,COST IN $,200,600,1600,0,1600,1,10,low,low,RISK,1
1,0,0,0,Bonus,1440,Yes,Owns,10,20,34,1,2,DEDUCTIBLE,TIER 1 NETWORK,COST IN $,200,0,1600,600,1600,1,10,low,low,RISK,1
1,0,1,0,Bonus,2951,No,Owns,11,11,30,1,2,DEDUCTIBLE,TIER 1 NETWORK,COST IN $,1600,0,600,200,1600,1,10,low,low,RISK,1
3,2,1,3,Salaried,4377,No,Rents,24,48,52,1,3,DEDUCTIBLE,TIER 1 NETWORK,COST IN $,600,200,1600,0,600,2,20,low,low,RISK,1
1,1,2,1,Salaried,1919,No,Owns,25,33,56,1,3,DEDUCTIBLE,TIER 1 NETWORK,COST IN $,1600,600,0,200,600,2,20,low,low,RISK,1
2,2,1,1,Salaried,4671,Yes,Rents,33,23,53,1,3,DEDUCTIBLE,TIER 1 NETWORK,COST IN $,1600,600,200,0,600,2,20,low,low,RISK,1
3,2,1,1,Bonus,1139,No,Owns,29,38,56,1,3,DEDUCTIBLE,TIER 1 NETWORK,COST IN $,600,0,1600,200,600,2,20,low,low,RISK,1
1,2,3,2,Bonus,3085,No,Rents,23,24,64,1,3,DEDUCTIBLE,TIER 1 NETWORK,COST IN $,200,1600,0,600,600,2,20,low,low,RISK,1
1,2,3,1,Salaried,912,Yes,Rents,37,29,55,1,3,DEDUCTIBLE,TIER 1 NETWORK,COST IN $,0,1600,600,200,600,2,20,low,low,RISK,1
2,1,3,2,Hourly,3561,Yes,Owns,28,26,51,1,3,DEDUCTIBLE,TIER 1 NETWORK,COST IN $,0,600,1600,200,600,2,20,low,low,RISK,1
2,3,1,1,Hourly,4350,No,Rents,19,36,62,1,3,DEDUCTIBLE,TIER 1 NETWORK,COST IN $,200,0,600,1600,600,2,20,low,low,RISK,1
3,3,2,3,Salaried,3664,No,Owns,18,38,64,1,3,DEDUCTIBLE,TIER 1 NETWORK,COST IN $,1600,0,200,600,600,2,20,low,low,RISK,1
1,1,1,1,Bonus,1972,Yes,Owns,38,31,55,1,3,DEDUCTIBLE,TIER 1 NETWORK,COST IN $,600,1600,200,0,600,2,20,low,low,RISK,1
1,1,3,3,Salaried,1235,Yes,Rents,32,31,59,1,3,DEDUCTIBLE,TIER 1 NETWORK,COST IN $,1600,600,0,200,600,2,20,low,low,RISK,1
1,3,1,2,Bonus,2294,Yes,Owns,25,47,55,1,3,DEDUCTIBLE,TIER 1 NETWORK,COST IN $,0,600,200,1600,600,2,20,low,low,RISK,1
1,2,3,1,Salaried,4592,Yes,Rents,37,41,60,1,3,DEDUCTIBLE,TIER 1 NETWORK,COST IN $,600,0,1600,200,600,2,20,low,low,RISK,1
1,1,1,2,Hourly,2183,Yes,Owns,16,35,73,1,3,DEDUCTIBLE,TIER 1 NETWORK,COST IN $,1600,0,200,600,600,2,20,low,low,RISK,1
2,2,3,2,Salaried,1622,Yes,Rents,21,24,60,1,3,DEDUCTIBLE,TIER 1 NETWORK,COST IN $,0,1600,200,600,600,2,20,low,low,RISK,1
2,3,1,3,Salaried,4259,Yes,Rents,17,43,57,1,3,DEDUCTIBLE,TIER 1 NETWORK,COST IN $,1600,200,0,600,600,2,20,low,low,RISK,1
3,2,2,3,Salaried,4138,No,Owns,37,25,52,1,3,DEDUCTIBLE,TIER 1 NETWORK,COST IN $,600,1600,200,0,600,2,20,low,low,RISK,1
3,1,2,3,Bonus,2742,No,Owns,39,50,53,1,3,DEDUCTIBLE,TIER 1 NETWORK,COST IN $,0,600,200,1600,600,2,20,low,low,RISK,1
1,1,1,3,Bonus,4027,Yes,Rents,21,31,54,1,3,DEDUCTIBLE,TIER 1 NETWORK,COST IN $,600,200,1600,0,600,2,20,low,low,RISK,1
2,2,1,1,Bonus,3643,No,Rents,35,26,75,1,3,DEDUCTIBLE,TIER 1 NETWORK,COST IN $,200,1600,600,0,600,2,20,low,low,RISK,1
2,1,3,1,Salaried,1855,No,Rents,39,49,60,1,3,DEDUCTIBLE,TIER 1 NETWORK,COST IN $,1600,200,0,600,600,2,20,low,low,RISK,1
1,3,1,1,Bonus,4199,No,Owns,33,40,57,1,3,DEDUCTIBLE,TIER 1 NETWORK,COST IN $,200,1600,600,0,600,2,20,low,low,RISK,1
1,3,2,1,Salaried,358,No,Rents,28,36,56,1,3,DEDUCTIBLE,TIER 1 NETWORK,COST IN $,1600,0,200,600,600,2,20,low,low,RISK,1
2,2,2,1,Salaried,2175,No,Owns,35,49,59,1,3,DEDUCTIBLE,TIER 1 NETWORK,COST IN $,0,200,1600,600,600,2,20,low,low,RISK,1
2,2,1,1,Bonus,2804,No,Owns,26,20,55,1,3,DEDUCTIBLE,TIER 1 NETWORK,COST IN $,1600,600,0,200,600,2,20,low,low,RISK,1
3,3,3,2,Bonus,2793,Yes,Owns,39,48,52,1,3,DEDUCTIBLE,TIER 1 NETWORK,COST IN $,600,0,1600,200,600,2,20,low,low,RISK,1
3,1,3,1,Salaried,1366,No,Owns,32,33,56,1,3,DEDUCTIBLE,TIER 1 NETWORK,COST IN $,1600,0,200,600,600,2,20,low,low,RISK,1
1,2,2,3,Salaried,3990,No,Rents,30,23,53,1,3,DEDUCTIBLE,TIER 1 NETWORK,COST IN $,0,1600,600,200,600,2,20,low,low,RISK,1
1,2,2,1,Salaried,1625,No,Owns,36,38,56,1,3,DEDUCTIBLE,TIER 1 NETWORK,COST IN $,600,0,1600,200,600,2,20,low,low,RISK,1
2,3,1,1,Hourly,1178,No,Owns,15,24,64,1,3,DEDUCTIBLE,TIER 1 NETWORK,COST IN $,600,200,0,1600,600,2,20,low,low,RISK,1
2,1,1,1,Hourly,2665,No,Rents,20,29,55,1,3,DEDUCTIBLE,TIER 1 NETWORK,COST IN $,200,1600,0,600,600,2,20,low,low,RISK,1
2,3,3,1,Hourly,4144,No,Owns,23,26,51,1,3,DEDUCTIBLE,TIER 1 NETWORK,COST IN $,0,1600,600,200,600,2,20,low,low,RISK,1
2,2,3,1,Hourly,2547,Yes,Owns,32,36,62,1,3,DEDUCTIBLE,TIER 1 NETWORK,COST IN $,600,0,200,1600,600,2,20,low,low,RISK,1
2,1,2,1,Hourly,152,Yes,Owns,34,38,64,1,3,DEDUCTIBLE,TIER 1 NETWORK,COST IN $,0,1600,200,600,600,2,20,low,low,RISK,1
1,1,1,1,Bonus,2909,Yes,Rents,23,31,55,1,3,DEDUCTIBLE,TIER 1 NETWORK,COST IN $,1600,0,600,200,600,2,20,low,low,RISK,1
3,3,2,2,Bonus,2404,Yes,Owns,27,31,59,1,3,DEDUCTIBLE,TIER 1 NETWORK,COST IN $,1600,0,200,600,600,2,20,low,low,RISK,1
3,1,2,3,Bonus,144,Yes,Owns,24,47,55,1,3,DEDUCTIBLE,TIER 1 NETWORK,COST IN $,0,200,600,1600,600,2,20,low,low,RISK,1
3,1,2,1,Hourly,2250,No,Owns,26,41,60,1,3,DEDUCTIBLE,TIER 1 NETWORK,COST IN $,0,200,600,1600,600,2,20,low,low,RISK,1
3,1,1,1,Hourly,4826,No,Owns,25,35,73,1,3,DEDUCTIBLE,TIER 1 NETWORK,COST IN $,0,200,1600,600,600,2,20,low,low,RISK,1
2,2,1,1,Salaried,792,No,Owns,28,24,60,1,3,DEDUCTIBLE,TIER 1 NETWORK,COST IN $,0,1600,600,200,600,2,20,low,low,RISK,1
1,3,1,2,Hourly,3429,No,Rents,34,43,57,1,3,DEDUCTIBLE,TIER 1 NETWORK,COST IN $,600,200,1600,0,600,2,20,low,low,RISK,1
1,3,1,2,Hourly,1596,Yes,Owns,27,25,52,1,3,DEDUCTIBLE,TIER 1 NETWORK,COST IN $,600,0,1600,200,600,2,20,low,low,RISK,1
2,3,3,1,Salaried,83,Yes,Owns,19,50,53,1,3,DEDUCTIBLE,TIER 1 NETWORK,COST IN $,0,200,1600,600,600,2,20,low,low,RISK,1
2,3,1,3,Salaried,3601,No,Owns,17,31,54,1,3,DEDUCTIBLE,TIER 1 NETWORK,COST IN $,600,1600,200,0,600,2,20,low,low,RISK,1
2,2,1,2,Bonus,861,No,Owns,34,26,75,1,3,DEDUCTIBLE,TIER 1 NETWORK,COST IN $,200,1600,600,0,600,2,20,low,low,RISK,1
1,3,3,3,Salaried,2240,Yes,Rents,35,49,60,1,3,DEDUCTIBLE,TIER 1 NETWORK,COST IN $,1600,600,0,200,600,2,20,low,low,RISK,1
1,1,1,1,Hourly,2384,No,Rents,17,40,57,1,3,DEDUCTIBLE,TIER 1 NETWORK,COST IN $,1600,0,200,600,600,2,20,low,low,RISK,1
1,1,1,1,Bonus,2363,Yes,Rents,29,36,56,1,3,DEDUCTIBLE,TIER 1 NETWORK,COST IN $,200,600,0,1600,600,2,20,low,low,RISK,1
2,1,3,1,Salaried,4539,No,Owns,24,49,59,1,3,DEDUCTIBLE,TIER 1 NETWORK,COST IN $,200,600,0,1600,600,2,20,low,low,RISK,1
2,1,1,1,Bonus,489,No,Rents,23,20,55,1,3,DEDUCTIBLE,TIER 1 NETWORK,COST IN $,0,600,200,1600,600,2,20,low,low,RISK,1
2,3,1,3,Bonus,4623,Yes,Owns,19,48,52,1,3,DEDUCTIBLE,TIER 1 NETWORK,COST IN $,1600,0,600,200,600,2,20,low,low,RISK,1
2,1,1,1,Salaried,153,Yes,Owns,15,33,56,1,3,DEDUCTIBLE,TIER 1 NETWORK,COST IN $,0,600,200,1600,600,2,20,low,low,RISK,1
1,3,3,2,Salaried,3954,No,Owns,17,23,53,1,3,DEDUCTIBLE,TIER 1 NETWORK,COST IN $,200,1600,0,600,600,2,20,low,low,RISK,1
1,2,1,1,Salaried,4742,No,Rents,15,38,56,1,3,DEDUCTIBLE,TIER 1 NETWORK,COST IN $,200,0,1600,600,600,2,20,low,low,RISK,1
1,1,1,2,Hourly,3289,No,Rents,35,24,64,1,3,DEDUCTIBLE,TIER 1 NETWORK,COST IN $,600,0,200,1600,600,2,20,low,low,RISK,1
1,1,2,2,Bonus,3409,Yes,Rents,30,29,55,1,3,DEDUCTIBLE,TIER 1 NETWORK,COST IN $,200,0,1600,600,600,2,20,low,low,RISK,1
1,1,3,2,Bonus,3179,No,Rents,21,26,51,1,3,DEDUCTIBLE,TIER 1 NETWORK,COST IN $,1600,600,200,0,600,2,20,low,low,RISK,1
1,1,1,2,Bonus,4271,No,Rents,22,36,62,1,3,DEDUCTIBLE,TIER 1 NETWORK,COST IN $,200,1600,600,0,600,2,20,low,low,RISK,1
1,1,1,1,Hourly,4605,Yes,Rents,24,38,64,1,3,DEDUCTIBLE,TIER 1 NETWORK,COST IN $,0,1600,200,600,600,2,20,low,low,RISK,1
1,3,3,3,Salaried,3042,Yes,Rents,16,31,55,1,3,DEDUCTIBLE,TIER 1 NETWORK,COST IN $,200,1600,600,0,600,2,20,low,low,RISK,1
1,3,3,1,Hourly,170,No,Rents,37,31,59,1,3,DEDUCTIBLE,TIER 1 NETWORK,COST IN $,600,1600,0,200,600,2,20,low,low,RISK,1
2,2,3,3,Bonus,1962,No,Rents,15,41,60,1,3,DEDUCTIBLE,TIER 1 NETWORK,COST IN $,1600,0,200,600,600,2,20,low,low,RISK,1
1,1,1,1,Bonus,1006,No,Owns,27,35,73,1,3,DEDUCTIBLE,TIER 1 NETWORK,COST IN $,200,1600,0,600,600,2,20,low,low,RISK,1
1,3,2,3,Salaried,4555,No,Rents,20,24,60,1,3,DEDUCTIBLE,TIER 1 NETWORK,COST IN $,200,600,1600,0,600,2,20,low,low,RISK,1
3,1,2,1,Bonus,458,No,Rents,25,43,57,1,3,DEDUCTIBLE,TIER 1 NETWORK,COST IN $,1600,600,0,200,600,2,20,low,low,RISK,1
3,1,3,1,Hourly,1593,No,Owns,16,25,52,1,3,DEDUCTIBLE,TIER 1 NETWORK,COST IN $,0,200,600,1600,600,2,20,low,low,RISK,1
1,3,1,2,Hourly,4519,Yes,Owns,26,50,53,1,3,DEDUCTIBLE,TIER 1 NETWORK,COST IN $,200,600,1600,0,600,2,20,low,low,RISK,1
1,2,1,1,Bonus,2639,No,Rents,16,31,54,1,3,DEDUCTIBLE,TIER 1 NETWORK,COST IN $,600,0,1600,200,600,2,20,low,low,RISK,1
1,1,3,1,Hourly,2563,Yes,Rents,35,26,75,1,3,DEDUCTIBLE,TIER 1 NETWORK,COST IN $,1600,600,0,200,600,2,20,low,low,RISK,1
1,2,3,2,Bonus,2810,Yes,Owns,35,49,60,1,3,DEDUCTIBLE,TIER 1 NETWORK,COST IN $,200,0,1600,600,600,2,20,low,low,RISK,1
2,2,1,2,Hourly,2954,Yes,Owns,39,40,57,1,3,DEDUCTIBLE,TIER 1 NETWORK,COST IN $,200,1600,600,0,600,2,20,low,low,RISK,1
2,1,3,1,Hourly,2299,Yes,Owns,31,36,56,1,3,DEDUCTIBLE,TIER 1 NETWORK,COST IN $,600,200,0,1600,600,2,20,low,low,RISK,1
1,1,2,3,Hourly,1155,No,Rents,16,49,59,1,3,DEDUCTIBLE,TIER 1 NETWORK,COST IN $,200,1600,600,0,600,2,20,low,low,RISK,1
2,1,3,1,Bonus,1856,Yes,Rents,31,20,55,1,3,DEDUCTIBLE,TIER 1 NETWORK,COST IN $,600,200,0,1600,600,2,20,low,low,RISK,1
3,2,2,1,Salaried,3352,Yes,Rents,18,48,52,1,3,DEDUCTIBLE,TIER 1 NETWORK,COST IN $,1600,200,600,0,600,2,20,low,low,RISK,1
3,1,1,2,Hourly,3735,Yes,Owns,34,33,56,1,3,DEDUCTIBLE,TIER 1 NETWORK,COST IN $,1600,600,200,0,600,2,20,low,low,RISK,1
3,2,1,3,Salaried,1125,Yes,Rents,18,23,53,1,3,DEDUCTIBLE,TIER 1 NETWORK,COST IN $,600,1600,200,0,600,2,20,low,low,RISK,1
3,1,2,1,Bonus,4695,No,Owns,15,38,56,1,3,DEDUCTIBLE,TIER 1 NETWORK,COST IN $,600,200,0,1600,600,2,20,low,low,RISK,1
2,2,2,2,Salaried,1210,No,Rents,38,24,64,1,3,DEDUCTIBLE,TIER 1 NETWORK,COST IN $,0,1600,600,200,600,2,20,low,low,RISK,1
2,3,2,1,Bonus,3149,No,Owns,17,29,55,1,3,DEDUCTIBLE,TIER 1 NETWORK,COST IN $,200,0,600,1600,600,2,20,low,low,RISK,1
2,2,2,2,Bonus,3757,No,Rents,18,26,51,1,3,DEDUCTIBLE,TIER 1 NETWORK,COST IN $,1600,600,0,200,600,2,20,low,low,RISK,1
3,1,3,2,Salaried,4038,Yes,Rents,28,36,62,1,3,DEDUCTIBLE,TIER 1 NETWORK,COST IN $,1600,0,600,200,600,2,20,low,low,RISK,1
1,1,1,3,Bonus,381,No,Owns,20,38,64,1,3,DEDUCTIBLE,TIER 1 NETWORK,COST IN $,1600,0,600,200,600,2,20,low,low,RISK,1
1,1,1,2,Hourly,2879,Yes,Rents,37,31,55,1,3,DEDUCTIBLE,TIER 1 NETWORK,COST IN $,600,1600,0,200,600,2,20,low,low,RISK,1
2,3,1,1,Hourly,2246,No,Owns,38,31,59,1,3,DEDUCTIBLE,TIER 1 NETWORK,COST IN $,600,200,1600,0,600,2,20,low,low,RISK,1
1,3,2,1,Hourly,3337,No,Rents,18,47,55,1,3,DEDUCTIBLE,TIER 1 NETWORK,COST IN $,1600,600,0,200,600,2,20,low,low,RISK,1
2,2,1,2,Hourly,874,No,Owns,38,41,60,1,3,DEDUCTIBLE,TIER 1 NETWORK,COST IN $,1600,0,200,600,600,2,20,low,low,RISK,1
1,2,1,1,Hourly,4470,Yes,Owns,16,35,73,1,3,DEDUCTIBLE,TIER 1 NETWORK,COST IN $,1600,0,200,600,600,2,20,low,low,RISK,1
3,1,3,1,Hourly,3252,Yes,Owns,24,24,60,1,3,DEDUCTIBLE,TIER 1 NETWORK,COST IN $,600,200,1600,0,600,2,20,low,low,RISK,1
1,3,1,2,Hourly,176,Yes,Rents,23,43,57,1,3,DEDUCTIBLE,TIER 1 NETWORK,COST IN $,1600,200,600,0,600,2,20,low,low,RISK,1
2,1,3,1,Hourly,3681,Yes,Owns,17,25,52,1,3,DEDUCTIBLE,TIER 1 NETWORK,COST IN $,600,1600,0,200,600,2,20,low,low,RISK,1
1,3,2,3,Hourly,1019,Yes,Owns,35,50,53,1,3,DEDUCTIBLE,TIER 1 NETWORK,COST IN $,600,0,200,1600,600,2,20,low,low,RISK,1
1,3,2,1,Bonus,4493,Yes,Owns,39,31,54,1,3,DEDUCTIBLE,TIER 1 NETWORK,COST IN $,1600,600,0,200,600,2,20,low,low,RISK,1
1,3,3,1,Salaried,1012,Yes,Owns,34,26,75,1,3,DEDUCTIBLE,TIER 1 NETWORK,COST IN $,0,600,200,1600,600,2,20,low,low,RISK,1
1,1,2,1,Bonus,1248,Yes,Rents,18,49,60,1,3,DEDUCTIBLE,TIER 1 NETWORK,COST IN $,1600,200,600,0,600,2,20,low,low,RISK,1
1,1,2,1,Salaried,1214,No,Owns,17,40,57,1,3,DEDUCTIBLE,TIER 1 NETWORK,COST IN $,200,0,1600,600,600,2,20,low,low,RISK,1
2,1,1,1,Salaried,2852,Yes,Rents,18,36,56,1,3,DEDUCTIBLE,TIER 1 NETWORK,COST IN $,1600,600,200,0,600,2,20,low,low,RISK,1
2,1,1,1,Bonus,1440,Yes,Owns,24,49,59,1,3,DEDUCTIBLE,TIER 1 NETWORK,COST IN $,600,0,1600,200,600,2,20,low,low,RISK,1
3,1,3,1,Bonus,2951,No,Owns,26,20,55,1,3,DEDUCTIBLE,TIER 1 NETWORK,COST IN $,0,600,1600,200,600,2,20,low,low,RISK,1
4,3,2,4,Salaried,4377,No,Rents,46,73,76,1,4,DEDUCTIBLE,TIER 1 NETWORK,COST IN $,0,1600,600,200,600,2,50,low,low,RISK,1
2,3,4,2,Salaried,1919,No,Owns,48,61,80,1,4,DEDUCTIBLE,TIER 1 NETWORK,COST IN $,200,0,1600,600,600,2,50,low,low,RISK,1
4,4,3,2,Salaried,4671,Yes,Rents,57,53,77,1,4,DEDUCTIBLE,TIER 1 NETWORK,COST IN $,1600,0,200,600,600,2,50,low,low,RISK,1
4,4,2,2,Bonus,1139,No,Owns,52,65,80,1,4,DEDUCTIBLE,TIER 1 NETWORK,COST IN $,1600,600,200,0,600,2,50,low,low,RISK,1
3,4,4,3,Bonus,3085,No,Rents,45,54,88,1,4,DEDUCTIBLE,TIER 1 NETWORK,COST IN $,200,1600,600,0,600,2,50,low,low,RISK,1
3,4,4,3,Salaried,912,Yes,Rents,61,58,79,1,4,DEDUCTIBLE,TIER 1 NETWORK,COST IN $,0,200,600,1600,600,2,50,low,low,RISK,1
4,3,4,3,Hourly,3561,Yes,Owns,51,56,75,1,4,DEDUCTIBLE,TIER 1 NETWORK,COST IN $,1600,0,600,200,600,2,50,low,low,RISK,1
4,4,2,2,Hourly,4350,No,Rents,40,64,87,1,4,DEDUCTIBLE,TIER 1 NETWORK,COST IN $,600,0,200,1600,600,2,50,low,low,RISK,1
4,4,4,4,Salaried,3664,No,Owns,39,65,88,1,4,DEDUCTIBLE,TIER 1 NETWORK,COST IN $,0,600,1600,200,600,2,50,low,low,RISK,1
2,3,3,3,Bonus,1972,Yes,Owns,62,60,80,1,4,DEDUCTIBLE,TIER 1 NETWORK,COST IN $,1600,200,0,600,600,2,50,low,low,RISK,1
3,2,4,4,Salaried,1235,Yes,Rents,55,60,83,1,4,DEDUCTIBLE,TIER 1 NETWORK,COST IN $,200,600,1600,0,600,2,50,low,low,RISK,1
2,4,3,3,Bonus,2294,Yes,Owns,47,72,79,1,4,DEDUCTIBLE,TIER 1 NETWORK,COST IN $,200,0,1600,600,600,2,50,low,low,RISK,1
2,3,4,3,Salaried,4592,Yes,Rents,62,68,84,1,4,DEDUCTIBLE,TIER 1 NETWORK,COST IN $,600,200,1600,0,600,2,50,low,low,RISK,1
3,3,3,4,Hourly,2183,Yes,Owns,37,63,98,1,4,DEDUCTIBLE,TIER 1 NETWORK,COST IN $,0,200,1600,600,600,2,50,low,low,RISK,1
3,3,4,3,Salaried,1622,Yes,Rents,42,55,84,1,4,DEDUCTIBLE,TIER 1 NETWORK,COST IN $,200,1600,0,600,600,2,50,low,low,RISK,1
3,4,3,4,Salaried,4259,Yes,Rents,37,70,81,1,4,DEDUCTIBLE,TIER 1 NETWORK,COST IN $,200,600,1600,0,600,2,50,low,low,RISK,1
4,3,3,4,Salaried,4138,No,Owns,62,55,76,1,4,DEDUCTIBLE,TIER 1 NETWORK,COST IN $,1600,200,0,600,600,2,50,low,low,RISK,1
4,3,4,4,Bonus,2742,No,Owns,64,75,77,1,4,DEDUCTIBLE,TIER 1 NETWORK,COST IN $,200,0,1600,600,600,2,50,low,low,RISK,1
3,3,3,4,Bonus,4027,Yes,Rents,43,60,78,1,4,DEDUCTIBLE,TIER 1 NETWORK,COST IN $,600,200,1600,0,600,2,50,low,low,RISK,1
4,4,2,2,Bonus,3643,No,Rents,59,56,100,1,4,DEDUCTIBLE,TIER 1 NETWORK,COST IN $,600,0,200,1600,600,2,50,low,low,RISK,1
4,2,4,2,Salaried,1855,No,Rents,63,74,85,1,4,DEDUCTIBLE,TIER 1 NETWORK,COST IN $,1600,200,600,0,600,2,50,low,low,RISK,1
3,4,2,3,Bonus,4199,No,Owns,57,67,81,1,4,DEDUCTIBLE,TIER 1 NETWORK,COST IN $,200,1600,600,0,600,2,50,low,low,RISK,1
3,4,3,2,Salaried,358,No,Rents,50,64,80,1,4,DEDUCTIBLE,TIER 1 NETWORK,COST IN $,600,200,1600,0,600,2,50,low,low,RISK,1
4,4,2,2,Bonus,2804,No,Owns,48,51,79,1,4,DEDUCTIBLE,TIER 1 NETWORK,COST IN $,200,600,1600,0,600,2,50,low,low,RISK,1
4,4,4,4,Bonus,2793,Yes,Owns,63,73,76,1,4,DEDUCTIBLE,TIER 1 NETWORK,COST IN $,600,1600,200,0,600,2,50,low,low,RISK,1
4,3,4,2,Salaried,1366,No,Owns,56,61,80,1,4,DEDUCTIBLE,TIER 1 NETWORK,COST IN $,200,1600,600,0,600,2,50,low,low,RISK,1
2,4,4,4,Salaried,3990,No,Rents,53,53,77,1,4,DEDUCTIBLE,TIER 1 NETWORK,COST IN $,600,200,1600,0,600,2,50,low,low,RISK,1
2,4,3,3,Salaried,1625,No,Owns,60,65,80,1,4,DEDUCTIBLE,TIER 1 NETWORK,COST IN $,1600,0,200,600,600,2,50,low,low,RISK,1
4,4,3,3,Hourly,1178,No,Owns,35,54,88,1,4,DEDUCTIBLE,TIER 1 NETWORK,COST IN $,200,600,1600,0,600,2,50,low,low,RISK,1
3,3,2,2,Hourly,2665,No,Rents,41,58,79,1,4,DEDUCTIBLE,TIER 1 NETWORK,COST IN $,200,600,0,1600,600,2,50,low,low,RISK,1
4,4,4,2,Hourly,4144,No,Owns,44,56,75,1,4,DEDUCTIBLE,TIER 1 NETWORK,COST IN $,1600,600,200,0,600,2,50,low,low,RISK,1
3,3,4,3,Hourly,2547,Yes,Owns,55,64,87,1,4,DEDUCTIBLE,TIER 1 NETWORK,COST IN $,1600,0,200,600,600,2,50,low,low,RISK,1
4,3,4,2,Hourly,152,Yes,Owns,58,65,88,1,4,DEDUCTIBLE,TIER 1 NETWORK,COST IN $,1600,0,600,200,600,2,50,low,low,RISK,1
3,2,2,3,Bonus,2909,Yes,Rents,45,60,80,1,4,DEDUCTIBLE,TIER 1 NETWORK,COST IN $,600,200,0,1600,600,2,50,low,low,RISK,1
4,4,3,3,Bonus,2404,Yes,Owns,49,60,83,1,4,DEDUCTIBLE,TIER 1 NETWORK,COST IN $,200,600,0,1600,600,2,50,low,low,RISK,1
4,2,4,4,Bonus,144,Yes,Owns,46,72,79,1,4,DEDUCTIBLE,TIER 1 NETWORK,COST IN $,0,200,600,1600,600,2,50,low,low,RISK,1
4,2,4,2,Hourly,2250,No,Owns,48,68,84,1,4,DEDUCTIBLE,TIER 1 NETWORK,COST IN $,0,1600,200,600,600,2,50,low,low,RISK,1
4,3,3,3,Hourly,4826,No,Owns,47,63,98,1,4,DEDUCTIBLE,TIER 1 NETWORK,COST IN $,200,1600,0,600,600,2,50,low,low,RISK,1
4,4,2,3,Salaried,792,No,Owns,50,55,84,1,4,DEDUCTIBLE,TIER 1 NETWORK,COST IN $,1600,0,200,600,600,2,50,low,low,RISK,1
2,4,2,3,Hourly,3429,No,Rents,58,70,81,1,4,DEDUCTIBLE,TIER 1 NETWORK,COST IN $,200,0,1600,600,600,2,50,low,low,RISK,1
3,4,3,4,Hourly,1596,Yes,Owns,50,55,76,1,4,DEDUCTIBLE,TIER 1 NETWORK,COST IN $,200,1600,600,0,600,2,50,low,low,RISK,1
4,4,4,3,Salaried,83,Yes,Owns,40,75,77,1,4,DEDUCTIBLE,TIER 1 NETWORK,COST IN $,0,200,1600,600,600,2,50,low,low,RISK,1
4,4,3,4,Salaried,3601,No,Owns,38,60,78,1,4,DEDUCTIBLE,TIER 1 NETWORK,COST IN $,600,1600,200,0,600,2,50,low,low,RISK,1
3,4,2,4,Bonus,861,No,Owns,58,56,100,1,4,DEDUCTIBLE,TIER 1 NETWORK,COST IN $,200,1600,0,600,600,2,50,low,low,RISK,1
2,4,4,4,Salaried,2240,Yes,Rents,59,74,85,1,4,DEDUCTIBLE,TIER 1 NETWORK,COST IN $,600,0,200,1600,600,2,50,low,low,RISK,1
3,3,2,2,Hourly,2384,No,Rents,37,67,81,1,4,DEDUCTIBLE,TIER 1 NETWORK,COST IN $,1600,0,600,200,600,2,50,low,low,RISK,1
2,2,3,3,Bonus,2363,Yes,Rents,52,64,80,1,4,DEDUCTIBLE,TIER 1 NETWORK,COST IN $,600,0,200,1600,600,2,50,low,low,RISK,1
3,3,4,2,Salaried,4539,No,Owns,45,75,83,1,4,DEDUCTIBLE,TIER 1 NETWORK,COST IN $,0,600,200,1600,600,2,50,low,low,RISK,1
3,3,2,2,Bonus,489,No,Rents,45,51,79,1,4,DEDUCTIBLE,TIER 1 NETWORK,COST IN $,1600,600,200,0,600,2,50,low,low,RISK,1
4,4,2,4,Bonus,4623,Yes,Owns,40,73,76,1,4,DEDUCTIBLE,TIER 1 NETWORK,COST IN $,0,200,600,1600,600,2,50,low,low,RISK,1
3,3,3,2,Salaried,153,Yes,Owns,36,61,80,1,4,DEDUCTIBLE,TIER 1 NETWORK,COST IN $,0,600,1600,200,600,2,50,low,low,RISK,1
3,4,4,4,Salaried,3954,No,Owns,38,53,77,1,4,DEDUCTIBLE,TIER 1 NETWORK,COST IN $,600,1600,0,200,600,2,50,low,low,RISK,1
3,3,2,3,Salaried,4742,No,Rents,35,65,80,1,4,DEDUCTIBLE,TIER 1 NETWORK,COST IN $,600,200,0,1600,600,2,50,low,low,RISK,1
2,2,2,3,Hourly,3289,No,Rents,59,54,88,1,4,DEDUCTIBLE,TIER 1 NETWORK,COST IN $,200,600,0,1600,600,2,50,low,low,RISK,1
2,2,3,3,Bonus,3409,Yes,Rents,54,58,79,1,4,DEDUCTIBLE,TIER 1 NETWORK,COST IN $,600,1600,200,0,600,2,50,low,low,RISK,1
3,3,4,3,Bonus,3179,No,Rents,42,56,75,1,4,DEDUCTIBLE,TIER 1 NETWORK,COST IN $,0,600,1600,200,600,2,50,low,low,RISK,1
3,3,2,4,Bonus,4271,No,Rents,43,64,87,1,4,DEDUCTIBLE,TIER 1 NETWORK,COST IN $,200,1600,0,600,600,2,50,low,low,RISK,1
3,3,3,2,Hourly,4605,Yes,Rents,46,65,88,1,4,DEDUCTIBLE,TIER 1 NETWORK,COST IN $,600,0,1600,200,600,2,50,low,low,RISK,1
2,4,4,4,Salaried,3042,Yes,Rents,37,60,80,1,4,DEDUCTIBLE,TIER 1 NETWORK,COST IN $,200,0,1600,600,600,2,50,low,low,RISK,1
2,4,4,3,Hourly,170,No,Rents,61,60,83,1,4,DEDUCTIBLE,TIER 1 NETWORK,COST IN $,0,1600,200,600,600,2,50,low,low,RISK,1
2,3,3,4,Salaried,2062,No,Rents,40,72,79,1,4,DEDUCTIBLE,TIER 1 NETWORK,COST IN $,0,600,200,1600,600,2,50,low,low,RISK,1
4,4,4,4,Bonus,1962,No,Rents,35,68,84,1,4,DEDUCTIBLE,TIER 1 NETWORK,COST IN $,200,0,1600,600,600,2,50,low,low,RISK,1
2,2,3,2,Bonus,1006,No,Owns,50,63,98,1,4,DEDUCTIBLE,TIER 1 NETWORK,COST IN $,600,200,0,1600,600,2,50,low,low,RISK,1
2,4,3,4,Salaried,4555,No,Rents,42,55,84,1,4,DEDUCTIBLE,TIER 1 NETWORK,COST IN $,0,600,200,1600,600,2,50,low,low,RISK,1
4,3,4,3,Bonus,458,No,Rents,46,70,81,1,4,DEDUCTIBLE,TIER 1 NETWORK,COST IN $,1600,600,0,200,600,2,50,low,low,RISK,1
4,3,4,3,Hourly,1593,No,Owns,36,55,76,1,4,DEDUCTIBLE,TIER 1 NETWORK,COST IN $,600,0,200,1600,600,2,50,low,low,RISK,1
3,4,2,3,Hourly,4519,Yes,Owns,48,75,77,1,4,DEDUCTIBLE,TIER 1 NETWORK,COST IN $,600,200,0,1600,600,2,50,low,low,RISK,1
2,4,3,3,Bonus,2639,No,Rents,36,60,78,1,4,DEDUCTIBLE,TIER 1 NETWORK,COST IN $,1600,0,600,200,600,2,50,low,low,RISK,1
2,3,4,3,Hourly,2563,Yes,Rents,59,56,100,1,4,DEDUCTIBLE,TIER 1 NETWORK,COST IN $,0,1600,200,600,600,2,50,low,low,RISK,1
3,4,4,4,Bonus,2810,Yes,Owns,58,74,85,1,4,DEDUCTIBLE,TIER 1 NETWORK,COST IN $,200,0,600,1600,600,2,50,low,low,RISK,1
3,4,3,4,Hourly,2954,Yes,Owns,64,67,81,1,4,DEDUCTIBLE,TIER 1 NETWORK,COST IN $,200,0,1600,600,600,2,50,low,low,RISK,1
3,2,4,3,Hourly,2299,Yes,Owns,54,64,80,1,4,DEDUCTIBLE,TIER 1 NETWORK,COST IN $,200,0,1600,600,600,2,50,low,low,RISK,1
2,3,4,4,Hourly,1155,No,Rents,37,75,83,1,4,DEDUCTIBLE,TIER 1 NETWORK,COST IN $,200,600,1600,0,600,2,50,low,low,RISK,1
4,2,4,3,Bonus,1856,Yes,Rents,55,51,79,1,4,DEDUCTIBLE,TIER 1 NETWORK,COST IN $,600,200,1600,0,600,2,50,low,low,RISK,1
4,4,3,3,Salaried,3352,Yes,Rents,38,73,76,1,4,DEDUCTIBLE,TIER 1 NETWORK,COST IN $,200,0,600,1600,600,2,50,low,low,RISK,1
4,3,2,3,Hourly,3735,Yes,Owns,58,61,80,1,4,DEDUCTIBLE,TIER 1 NETWORK,COST IN $,200,0,1600,600,600,2,50,low,low,RISK,1
4,3,3,4,Salaried,1125,Yes,Rents,38,53,77,1,4,DEDUCTIBLE,TIER 1 NETWORK,COST IN $,1600,600,200,0,600,2,50,low,low,RISK,1
4,2,4,2,Bonus,4695,No,Owns,35,65,80,1,4,DEDUCTIBLE,TIER 1 NETWORK,COST IN $,1600,0,600,200,600,2,50,low,low,RISK,1
3,3,3,4,Salaried,1210,No,Rents,62,54,88,1,4,DEDUCTIBLE,TIER 1 NETWORK,COST IN $,0,200,600,1600,600,2,50,low,low,RISK,1
4,4,4,2,Bonus,3149,No,Owns,37,58,79,1,4,DEDUCTIBLE,TIER 1 NETWORK,COST IN $,200,600,0,1600,600,2,50,low,low,RISK,1
4,3,4,4,Bonus,3757,No,Rents,38,56,75,1,4,DEDUCTIBLE,TIER 1 NETWORK,COST IN $,600,1600,0,200,600,2,50,low,low,RISK,1
4,3,4,4,Salaried,4038,Yes,Rents,51,64,87,1,4,DEDUCTIBLE,TIER 1 NETWORK,COST IN $,200,1600,0,600,600,2,50,low,low,RISK,1
3,3,3,3,Hourly,2879,Yes,Rents,61,60,80,1,4,DEDUCTIBLE,TIER 1 NETWORK,COST IN $,600,200,1600,0,600,2,50,low,low,RISK,1
4,4,3,2,Hourly,2246,No,Owns,62,60,83,1,4,DEDUCTIBLE,TIER 1 NETWORK,COST IN $,0,1600,600,200,600,2,50,low,low,RISK,1
2,4,3,2,Hourly,3337,No,Rents,39,72,79,1,4,DEDUCTIBLE,TIER 1 NETWORK,COST IN $,200,1600,0,600,600,2,50,low,low,RISK,1
4,3,3,4,Hourly,874,No,Owns,63,68,84,1,4,DEDUCTIBLE,TIER 1 NETWORK,COST IN $,200,600,0,1600,600,2,50,low,low,RISK,1
3,4,2,3,Hourly,4470,Yes,Owns,36,63,98,1,4,DEDUCTIBLE,TIER 1 NETWORK,COST IN $,1600,600,200,0,600,2,50,low,low,RISK,1
4,3,4,3,Hourly,3252,Yes,Owns,46,55,84,1,4,DEDUCTIBLE,TIER 1 NETWORK,COST IN $,0,200,600,1600,600,2,50,low,low,RISK,1
3,4,2,3,Hourly,176,Yes,Rents,45,70,81,1,4,DEDUCTIBLE,TIER 1 NETWORK,COST IN $,1600,600,0,200,600,2,50,low,low,RISK,1
4,3,4,2,Hourly,3681,Yes,Owns,38,55,76,1,4,DEDUCTIBLE,TIER 1 NETWORK,COST IN $,0,1600,600,200,600,2,50,low,low,RISK,1
3,4,4,4,Hourly,1019,Yes,Owns,59,75,77,1,4,DEDUCTIBLE,TIER 1 NETWORK,COST IN $,200,600,1600,0,600,2,50,low,low,RISK,1
3,4,4,3,Bonus,4493,Yes,Owns,64,60,78,1,4,DEDUCTIBLE,TIER 1 NETWORK,COST IN $,200,1600,0,600,600,2,50,low,low,RISK,1
3,4,4,2,Salaried,1012,Yes,Owns,58,56,100,1,4,DEDUCTIBLE,TIER 1 NETWORK,COST IN $,200,0,1600,600,600,2,50,low,low,RISK,1
2,2,4,3,Bonus,1248,Yes,Rents,39,74,85,1,4,DEDUCTIBLE,TIER 1 NETWORK,COST IN $,0,600,200,1600,600,2,50,low,low,RISK,1
2,3,3,3,Salaried,1214,No,Owns,37,67,81,1,4,DEDUCTIBLE,TIER 1 NETWORK,COST IN $,600,0,200,1600,600,2,50,low,low,RISK,1
4,3,3,2,Salaried,2852,Yes,Rents,38,64,80,1,4,DEDUCTIBLE,TIER 1 NETWORK,COST IN $,600,1600,0,200,600,2,50,low,low,RISK,1
3,3,2,2,Bonus,1440,Yes,Owns,46,75,83,1,4,DEDUCTIBLE,TIER 1 NETWORK,COST IN $,200,600,1600,0,600,2,50,low,low,RISK,1
4,2,4,3,Bonus,2951,No,Owns,48,51,79,1,4,DEDUCTIBLE,TIER 1 NETWORK,COST IN $,600,1600,0,200,600,2,50,low,low,RISK,1
1,0,0,1,Salaried,4377,No,Rents,4,9,1,1,5,DEDUCTIBLE,TIER 1 NETWORK,COST IN $,600,0,1600,200,1600,1,5,low,high,RISK,2
0,0,1,0,Salaried,1919,No,Owns,4,4,5,1,5,DEDUCTIBLE,TIER 1 NETWORK,COST IN $,0,600,200,1600,1600,1,5,low,high,RISK,2
0,0,0,0,Salaried,4671,Yes,Rents,7,1,2,1,5,DEDUCTIBLE,TIER 1 NETWORK,COST IN $,0,600,200,1600,1600,1,5,low,high,RISK,2
1,1,0,0,Bonus,1139,No,Owns,6,6,5,1,5,DEDUCTIBLE,TIER 1 NETWORK,COST IN $,600,200,0,1600,1600,1,5,low,high,RISK,2
0,1,1,0,Bonus,3085,No,Rents,3,1,13,1,5,DEDUCTIBLE,TIER 1 NETWORK,COST IN $,600,1600,200,0,1600,1,5,low,high,RISK,2
0,1,1,0,Salaried,912,Yes,Rents,9,3,4,1,5,DEDUCTIBLE,TIER 1 NETWORK,COST IN $,0,200,1600,600,1600,1,5,low,high,RISK,2
1,0,1,0,Hourly,3561,Yes,Owns,5,2,0,1,5,DEDUCTIBLE,TIER 1 NETWORK,COST IN $,600,200,0,1600,1600,1,5,low,high,RISK,2
1,1,0,0,Hourly,4350,No,Rents,2,5,12,1,5,DEDUCTIBLE,TIER 1 NETWORK,COST IN $,0,200,600,1600,1600,1,5,low,high,RISK,2
1,1,0,1,Salaried,3664,No,Owns,1,6,13,1,5,DEDUCTIBLE,TIER 1 NETWORK,COST IN $,0,600,200,1600,1600,1,5,low,high,RISK,2
0,0,0,0,Bonus,1972,Yes,Owns,9,4,5,1,5,DEDUCTIBLE,TIER 1 NETWORK,COST IN $,1600,0,200,600,1600,1,5,low,high,RISK,2
0,0,1,1,Salaried,1235,Yes,Rents,7,4,8,1,5,DEDUCTIBLE,TIER 1 NETWORK,COST IN $,200,1600,600,0,1600,1,5,low,high,RISK,2
0,1,0,0,Bonus,2294,Yes,Owns,4,9,4,1,5,DEDUCTIBLE,TIER 1 NETWORK,COST IN $,1600,0,200,600,1600,1,5,low,high,RISK,2
0,0,1,0,Salaried,4592,Yes,Rents,9,7,9,1,5,DEDUCTIBLE,TIER 1 NETWORK,COST IN $,200,1600,600,0,1600,1,5,low,high,RISK,2
0,0,0,1,Hourly,2183,Yes,Owns,1,5,23,1,5,DEDUCTIBLE,TIER 1 NETWORK,COST IN $,200,1600,0,600,1600,1,5,low,high,RISK,2
0,0,1,0,Salaried,1622,Yes,Rents,2,1,9,1,5,DEDUCTIBLE,TIER 1 NETWORK,COST IN $,200,600,1600,0,1600,1,5,low,high,RISK,2
0,1,0,1,Salaried,4259,Yes,Rents,1,8,6,1,5,DEDUCTIBLE,TIER 1 NETWORK,COST IN $,1600,0,200,600,1600,1,5,low,high,RISK,2
1,0,0,1,Salaried,4138,No,Owns,9,2,1,1,5,DEDUCTIBLE,TIER 1 NETWORK,COST IN $,1600,200,600,0,1600,1,5,low,high,RISK,2
1,0,0,1,Bonus,2742,No,Owns,10,10,2,1,5,DEDUCTIBLE,TIER 1 NETWORK,COST IN $,0,1600,600,200,1600,1,5,low,high,RISK,2
0,0,0,1,Bonus,4027,Yes,Rents,3,4,3,1,5,DEDUCTIBLE,TIER 1 NETWORK,COST IN $,1600,600,200,0,1600,1,5,low,high,RISK,2
1,0,0,0,Bonus,3643,No,Rents,8,2,25,1,5,DEDUCTIBLE,TIER 1 NETWORK,COST IN $,600,200,1600,0,1600,1,5,low,high,RISK,2
1,0,1,0,Salaried,1855,No,Rents,9,10,10,1,5,DEDUCTIBLE,TIER 1 NETWORK,COST IN $,1600,200,0,600,1600,1,5,low,high,RISK,2
0,1,0,0,Bonus,4199,No,Owns,7,7,6,1,5,DEDUCTIBLE,TIER 1 NETWORK,COST IN $,600,0,1600,200,1600,1,5,low,high,RISK,2
0,1,0,0,Salaried,358,No,Rents,5,5,5,1,5,DEDUCTIBLE,TIER 1 NETWORK,COST IN $,1600,200,0,600,1600,1,5,low,high,RISK,2
0,0,1,0,Salaried,2175,No,Owns,8,10,8,1,5,DEDUCTIBLE,TIER 1 NETWORK,COST IN $,0,1600,600,200,1600,1,5,low,high,RISK,2
0,1,0,0,Bonus,2804,No,Owns,4,0,4,1,5,DEDUCTIBLE,TIER 1 NETWORK,COST IN $,200,600,0,1600,1600,1,5,low,high,RISK,2
1,1,1,0,Bonus,2793,Yes,Owns,9,9,1,1,5,DEDUCTIBLE,TIER 1 NETWORK,COST IN $,200,0,600,1600,1600,1,5,low,high,RISK,2
1,0,1,0,Salaried,1366,No,Owns,7,4,5,1,5,DEDUCTIBLE,TIER 1 NETWORK,COST IN $,0,600,1600,200,1600,1,5,low,high,RISK,2
0,1,1,1,Salaried,3990,No,Rents,6,1,2,1,5,DEDUCTIBLE,TIER 1 NETWORK,COST IN $,1600,0,200,600,1600,1,5,low,high,RISK,2
0,0,0,0,Salaried,1625,No,Owns,8,6,5,1,5,DEDUCTIBLE,TIER 1 NETWORK,COST IN $,600,200,0,1600,1600,1,5,low,high,RISK,2
1,1,0,0,Hourly,1178,No,Owns,0,1,13,1,5,DEDUCTIBLE,TIER 1 NETWORK,COST IN $,200,1600,0,600,1600,1,5,low,high,RISK,2
0,0,0,0,Hourly,2665,No,Rents,2,3,4,1,5,DEDUCTIBLE,TIER 1 NETWORK,COST IN $,600,200,0,1600,1600,1,5,low,high,RISK,2
1,1,1,0,Hourly,4144,No,Owns,3,2,0,1,5,DEDUCTIBLE,TIER 1 NETWORK,COST IN $,200,1600,0,600,1600,1,5,low,high,RISK,2
0,0,1,0,Hourly,2547,Yes,Owns,7,5,12,1,5,DEDUCTIBLE,TIER 1 NETWORK,COST IN $,600,0,1600,200,1600,1,5,low,high,RISK,2
1,0,1,0,Hourly,152,Yes,Owns,8,6,13,1,5,DEDUCTIBLE,TIER 1 NETWORK,COST IN $,600,1600,200,0,1600,1,5,low,high,RISK,2
0,0,0,0,Bonus,2909,Yes,Rents,3,4,5,1,5,DEDUCTIBLE,TIER 1 NETWORK,COST IN $,600,1600,200,0,1600,1,5,low,high,RISK,2
1,1,0,0,Bonus,2404,Yes,Owns,5,4,8,1,5,DEDUCTIBLE,TIER 1 NETWORK,COST IN $,0,1600,600,200,1600,1,5,low,high,RISK,2
1,0,1,1,Bonus,144,Yes,Owns,4,9,4,1,5,DEDUCTIBLE,TIER 1 NETWORK,COST IN $,600,0,200,1600,1600,1,5,low,high,RISK,2
1,0,1,0,Hourly,2250,No,Owns,4,7,9,1,5,DEDUCTIBLE,TIER 1 NETWORK,COST IN $,200,600,1600,0,1600,1,5,low,high,RISK,2
1,0,0,0,Hourly,4826,No,Owns,4,5,23,1,5,DEDUCTIBLE,TIER 1 NETWORK,COST IN $,1600,0,200,600,1600,1,5,low,high,RISK,2
1,1,0,0,Salaried,792,No,Owns,5,1,9,1,5,DEDUCTIBLE,TIER 1 NETWORK,COST IN $,1600,600,0,200,1600,1,5,low,high,RISK,2
0,1,0,0,Hourly,3429,No,Rents,8,8,6,1,5,DEDUCTIBLE,TIER 1 NETWORK,COST IN $,600,1600,0,200,1600,1,5,low,high,RISK,2
0,1,0,0,Hourly,1596,Yes,Owns,5,2,1,1,5,DEDUCTIBLE,TIER 1 NETWORK,COST IN $,600,200,0,1600,1600,1,5,low,high,RISK,2
1,1,1,0,Salaried,83,Yes,Owns,2,10,2,1,5,DEDUCTIBLE,TIER 1 NETWORK,COST IN $,1600,0,600,200,1600,1,5,low,high,RISK,2
1,1,0,1,Salaried,3601,No,Owns,1,4,3,1,5,DEDUCTIBLE,TIER 1 NETWORK,COST IN $,1600,200,600,0,1600,1,5,low,high,RISK,2
0,0,0,1,Bonus,861,No,Owns,8,2,25,1,5,DEDUCTIBLE,TIER 1 NETWORK,COST IN $,0,600,1600,200,1600,1,5,low,high,RISK,2
0,1,1,1,Salaried,2240,Yes,Rents,8,10,10,1,5,DEDUCTIBLE,TIER 1 NETWORK,COST IN $,1600,600,0,200,1600,1,5,low,high,RISK,2
0,0,0,0,Hourly,2384,No,Rents,1,7,6,1,5,DEDUCTIBLE,TIER 1 NETWORK,COST IN $,0,200,600,1600,1600,1,5,low,high,RISK,2
0,0,0,0,Bonus,2363,Yes,Rents,6,5,5,1,5,DEDUCTIBLE,TIER 1 NETWORK,COST IN $,200,600,0,1600,1600,1,5,low,high,RISK,2
0,0,1,0,Salaried,4539,No,Owns,3,10,8,1,5,DEDUCTIBLE,TIER 1 NETWORK,COST IN $,600,1600,0,200,1600,1,5,low,high,RISK,2
0,0,0,0,Bonus,489,No,Rents,3,0,4,1,5,DEDUCTIBLE,TIER 1 NETWORK,COST IN $,1600,200,0,600,1600,1,5,low,high,RISK,2
0,1,0,1,Bonus,4623,Yes,Owns,2,9,1,1,5,DEDUCTIBLE,TIER 1 NETWORK,COST IN $,600,0,200,1600,1600,1,5,low,high,RISK,2
0,0,0,0,Salaried,153,Yes,Owns,0,4,5,1,5,DEDUCTIBLE,TIER 1 NETWORK,COST IN $,200,600,0,1600,1600,1,5,low,high,RISK,2
0,1,1,0,Salaried,3954,No,Owns,1,1,2,1,5,DEDUCTIBLE,TIER 1 NETWORK,COST IN $,600,1600,0,200,1600,1,5,low,high,RISK,2
0,0,0,0,Salaried,4742,No,Rents,0,6,5,1,5,DEDUCTIBLE,TIER 1 NETWORK,COST IN $,200,1600,0,600,1600,1,5,low,high,RISK,2
0,0,0,0,Hourly,3289,No,Rents,8,1,13,1,5,DEDUCTIBLE,TIER 1 NETWORK,COST IN $,1600,600,0,200,1600,1,5,low,high,RISK,2
0,0,0,0,Bonus,3409,Yes,Rents,6,3,4,1,5,DEDUCTIBLE,TIER 1 NETWORK,COST IN $,0,200,600,1600,1600,1,5,low,high,RISK,2
0,0,1,0,Bonus,3179,No,Rents,2,2,0,1,5,DEDUCTIBLE,TIER 1 NETWORK,COST IN $,200,0,1600,600,1600,1,5,low,high,RISK,2
0,0,0,0,Bonus,4271,No,Rents,3,5,12,1,5,DEDUCTIBLE,TIER 1 NETWORK,COST IN $,1600,600,0,200,1600,1,5,low,high,RISK,2
0,0,0,0,Hourly,4605,Yes,Rents,4,6,13,1,5,DEDUCTIBLE,TIER 1 NETWORK,COST IN $,600,200,0,1600,1600,1,5,low,high,RISK,2
0,1,1,1,Salaried,3042,Yes,Rents,1,4,5,1,5,DEDUCTIBLE,TIER 1 NETWORK,COST IN $,600,200,1600,0,1600,1,5,low,high,RISK,2
0,1,1,0,Hourly,170,No,Rents,9,4,8,1,5,DEDUCTIBLE,TIER 1 NETWORK,COST IN $,200,0,600,1600,1600,1,5,low,high,RISK,2
0,0,0,1,Salaried,2062,No,Rents,2,9,4,1,5,DEDUCTIBLE,TIER 1 NETWORK,COST IN $,600,200,0,1600,1600,1,5,low,high,RISK,2
1,0,1,1,Bonus,1962,No,Rents,0,7,9,1,5,DEDUCTIBLE,TIER 1 NETWORK,COST IN $,1600,0,600,200,1600,1,5,low,high,RISK,2
0,0,0,0,Bonus,1006,No,Owns,5,5,23,1,5,DEDUCTIBLE,TIER 1 NETWORK,COST IN $,0,1600,200,600,1600,1,5,low,high,RISK,2
0,1,0,1,Salaried,4555,No,Rents,2,1,9,1,5,DEDUCTIBLE,TIER 1 NETWORK,COST IN $,1600,200,600,0,1600,1,5,low,high,RISK,2
1,0,1,0,Hourly,1593,No,Owns,0,2,1,1,5,DEDUCTIBLE,TIER 1 NETWORK,COST IN $,600,1600,0,200,1600,1,5,low,high,RISK,2
0,1,0,0,Hourly,4519,Yes,Owns,4,10,2,1,5,DEDUCTIBLE,TIER 1 NETWORK,COST IN $,0,600,200,1600,1600,1,5,low,high,RISK,2
0,1,0,0,Bonus,2639,No,Rents,0,4,3,1,5,DEDUCTIBLE,TIER 1 NETWORK,COST IN $,0,600,1600,200,1600,1,5,low,high,RISK,2
0,0,1,0,Hourly,2563,Yes,Rents,8,2,25,1,5,DEDUCTIBLE,TIER 1 NETWORK,COST IN $,200,0,1600,600,1600,1,5,low,high,RISK,2
0,0,1,1,Bonus,2810,Yes,Owns,8,10,10,1,5,DEDUCTIBLE,TIER 1 NETWORK,COST IN $,1600,0,200,600,1600,1,5,low,high,RISK,2
0,0,0,1,Hourly,2954,Yes,Owns,10,7,6,1,5,DEDUCTIBLE,TIER 1 NETWORK,COST IN $,200,600,1600,0,1600,1,5,low,high,RISK,2
0,0,1,0,Hourly,2299,Yes,Owns,6,5,5,1,5,DEDUCTIBLE,TIER 1 NETWORK,COST IN $,0,1600,200,600,1600,1,5,low,high,RISK,2
0,0,1,1,Hourly,1155,No,Rents,1,10,8,1,5,DEDUCTIBLE,TIER 1 NETWORK,COST IN $,600,0,200,1600,1600,1,5,low,high,RISK,2
1,0,1,0,Bonus,1856,Yes,Rents,7,0,4,1,5,DEDUCTIBLE,TIER 1 NETWORK,COST IN $,600,200,1600,0,1600,1,5,low,high,RISK,2
1,1,0,0,Salaried,3352,Yes,Rents,1,9,1,1,5,DEDUCTIBLE,TIER 1 NETWORK,COST IN $,600,200,1600,0,1600,1,5,low,high,RISK,2
1,0,0,0,Hourly,3735,Yes,Owns,8,4,5,1,5,DEDUCTIBLE,TIER 1 NETWORK,COST IN $,200,0,600,1600,1600,1,5,low,high,RISK,2
1,0,0,1,Salaried,1125,Yes,Rents,1,1,2,1,5,DEDUCTIBLE,TIER 1 NETWORK,COST IN $,1600,600,0,200,1600,1,5,low,high,RISK,2
1,0,1,0,Bonus,4695,No,Owns,0,6,5,1,5,DEDUCTIBLE,TIER 1 NETWORK,COST IN $,600,200,0,1600,1600,1,5,low,high,RISK,2
0,0,0,1,Salaried,1210,No,Rents,9,1,13,1,5,DEDUCTIBLE,TIER 1 NETWORK,COST IN $,1600,200,600,0,1600,1,5,low,high,RISK,2
1,1,1,0,Bonus,3149,No,Owns,1,3,4,1,5,DEDUCTIBLE,TIER 1 NETWORK,COST IN $,1600,0,600,200,1600,1,5,low,high,RISK,2
1,0,0,0,Bonus,3757,No,Rents,1,2,0,1,5,DEDUCTIBLE,TIER 1 NETWORK,COST IN $,0,1600,600,200,1600,1,5,low,high,RISK,2
1,0,1,1,Salaried,4038,Yes,Rents,5,5,12,1,5,DEDUCTIBLE,TIER 1 NETWORK,COST IN $,600,200,0,1600,1600,1,5,low,high,RISK,2
0,0,0,1,Bonus,381,No,Owns,2,6,13,1,5,DEDUCTIBLE,TIER 1 NETWORK,COST IN $,200,600,0,1600,1600,1,5,low,high,RISK,2
0,0,0,0,Hourly,2879,Yes,Rents,9,4,5,1,5,DEDUCTIBLE,TIER 1 NETWORK,COST IN $,1600,0,600,200,1600,1,5,low,high,RISK,2
0,1,0,0,Hourly,2246,No,Owns,9,4,8,1,5,DEDUCTIBLE,TIER 1 NETWORK,COST IN $,0,600,200,1600,1600,1,5,low,high,RISK,2
0,1,0,0,Hourly,3337,No,Rents,1,9,4,1,5,DEDUCTIBLE,TIER 1 NETWORK,COST IN $,1600,200,600,0,1600,1,5,low,high,RISK,2
1,0,0,0,Hourly,874,No,Owns,9,7,9,1,5,DEDUCTIBLE,TIER 1 NETWORK,COST IN $,1600,200,600,0,1600,1,5,low,high,RISK,2
0,1,0,0,Hourly,4470,Yes,Owns,0,5,23,1,5,DEDUCTIBLE,TIER 1 NETWORK,COST IN $,1600,200,0,600,1600,1,5,low,high,RISK,2
1,0,1,0,Hourly,3252,Yes,Owns,4,1,9,1,5,DEDUCTIBLE,TIER 1 NETWORK,COST IN $,1600,600,200,0,1600,1,5,low,high,RISK,2
0,1,0,0,Hourly,176,Yes,Rents,3,8,6,1,5,DEDUCTIBLE,TIER 1 NETWORK,COST IN $,200,1600,0,600,1600,1,5,low,high,RISK,2
0,0,1,0,Hourly,3681,Yes,Owns,1,2,1,1,5,DEDUCTIBLE,TIER 1 NETWORK,COST IN $,0,200,600,1600,1600,1,5,low,high,RISK,2
0,1,1,1,Hourly,1019,Yes,Owns,8,10,2,1,5,DEDUCTIBLE,TIER 1 NETWORK,COST IN $,200,0,600,1600,1600,1,5,low,high,RISK,2
0,1,1,0,Bonus,4493,Yes,Owns,10,4,3,1,5,DEDUCTIBLE,TIER 1 NETWORK,COST IN $,0,1600,200,600,1600,1,5,low,high,RISK,2
0,1,1,0,Salaried,1012,Yes,Owns,8,2,25,1,5,DEDUCTIBLE,TIER 1 NETWORK,COST IN $,1600,0,200,600,1600,1,5,low,high,RISK,2
0,0,0,0,Bonus,1248,Yes,Rents,1,10,10,1,5,DEDUCTIBLE,TIER 1 NETWORK,COST IN $,0,1600,200,600,1600,1,5,low,high,RISK,2
0,0,0,0,Salaried,1214,No,Owns,1,7,6,1,5,DEDUCTIBLE,TIER 1 NETWORK,COST IN $,600,0,1600,200,1600,1,5,low,high,RISK,2
1,0,0,0,Salaried,2852,Yes,Rents,1,5,5,1,5,DEDUCTIBLE,TIER 1 NETWORK,COST IN $,0,1600,200,600,1600,1,5,low,high,RISK,2
0,0,0,0,Bonus,1440,Yes,Owns,4,10,8,1,5,DEDUCTIBLE,TIER 1 NETWORK,COST IN $,600,1600,0,200,1600,1,5,low,high,RISK,2
1,0,1,0,Bonus,2951,No,Owns,4,0,4,1,5,DEDUCTIBLE,TIER 1 NETWORK,COST IN $,1600,0,200,600,1600,1,5,low,high,RISK,2
2,1,0,2,Salaried,4377,No,Rents,10,19,27,1,6,DEDUCTIBLE,TIER 1 NETWORK,COST IN $,200,0,600,1600,600,2,10,low,high,RISK,2
0,1,1,0,Salaried,1919,No,Owns,10,15,31,1,6,DEDUCTIBLE,TIER 1 NETWORK,COST IN $,600,0,200,1600,600,2,10,low,high,RISK,2
1,1,0,0,Salaried,4671,Yes,Rents,15,12,28,1,6,DEDUCTIBLE,TIER 1 NETWORK,COST IN $,200,0,1600,600,600,2,10,low,high,RISK,2
2,1,0,0,Bonus,1139,No,Owns,13,16,31,1,6,DEDUCTIBLE,TIER 1 NETWORK,COST IN $,0,200,600,1600,600,2,10,low,high,RISK,2
1,1,2,1,Bonus,3085,No,Rents,9,12,39,1,6,DEDUCTIBLE,TIER 1 NETWORK,COST IN $,0,1600,200,600,600,2,10,low,high,RISK,2
0,1,2,0,Salaried,912,Yes,Rents,16,14,30,1,6,DEDUCTIBLE,TIER 1 NETWORK,COST IN $,200,0,1600,600,600,2,10,low,high,RISK,2
1,0,2,1,Hourly,3561,Yes,Owns,12,13,26,1,6,DEDUCTIBLE,TIER 1 NETWORK,COST IN $,200,0,1600,600,600,2,10,low,high,RISK,2
1,2,0,0,Hourly,4350,No,Rents,7,16,37,1,6,DEDUCTIBLE,TIER 1 NETWORK,COST IN $,600,1600,0,200,600,2,10,low,high,RISK,2
2,2,1,2,Salaried,3664,No,Owns,7,16,39,1,6,DEDUCTIBLE,TIER 1 NETWORK,COST IN $,1600,200,0,600,600,2,10,low,high,RISK,2
0,0,0,1,Bonus,1972,Yes,Owns,17,14,30,1,6,DEDUCTIBLE,TIER 1 NETWORK,COST IN $,0,600,200,1600,600,2,10,low,high,RISK,2
1,0,2,2,Salaried,1235,Yes,Rents,14,14,34,1,6,DEDUCTIBLE,TIER 1 NETWORK,COST IN $,600,0,200,1600,600,2,10,low,high,RISK,2
0,2,0,1,Bonus,2294,Yes,Owns,10,19,30,1,6,DEDUCTIBLE,TIER 1 NETWORK,COST IN $,0,600,1600,200,600,2,10,low,high,RISK,2
0,1,2,0,Salaried,4592,Yes,Rents,16,17,35,1,6,DEDUCTIBLE,TIER 1 NETWORK,COST IN $,1600,600,200,0,600,2,10,low,high,RISK,2
0,0,1,1,Hourly,2183,Yes,Owns,6,15,48,1,6,DEDUCTIBLE,TIER 1 NETWORK,COST IN $,200,0,600,1600,600,2,10,low,high,RISK,2
1,1,2,1,Salaried,1622,Yes,Rents,8,12,35,1,6,DEDUCTIBLE,TIER 1 NETWORK,COST IN $,200,600,0,1600,600,2,10,low,high,RISK,2
1,2,1,2,Salaried,4259,Yes,Rents,6,18,32,1,6,DEDUCTIBLE,TIER 1 NETWORK,COST IN $,0,600,200,1600,600,2,10,low,high,RISK,2
2,1,1,2,Salaried,4138,No,Owns,17,13,27,1,6,DEDUCTIBLE,TIER 1 NETWORK,COST IN $,200,1600,600,0,600,2,10,low,high,RISK,2
2,0,1,2,Bonus,2742,No,Owns,17,20,28,1,6,DEDUCTIBLE,TIER 1 NETWORK,COST IN $,0,600,1600,200,600,2,10,low,high,RISK,2
1,1,0,2,Bonus,4027,Yes,Rents,8,14,29,1,6,DEDUCTIBLE,TIER 1 NETWORK,COST IN $,200,1600,600,0,600,2,10,low,high,RISK,2
1,1,0,0,Bonus,3643,No,Rents,16,13,50,1,6,DEDUCTIBLE,TIER 1 NETWORK,COST IN $,200,1600,600,0,600,2,10,low,high,RISK,2
1,0,2,0,Salaried,1855,No,Rents,17,20,35,1,6,DEDUCTIBLE,TIER 1 NETWORK,COST IN $,0,600,200,1600,600,2,10,low,high,RISK,2
1,2,0,1,Bonus,4199,No,Owns,14,17,32,1,6,DEDUCTIBLE,TIER 1 NETWORK,COST IN $,600,200,0,1600,600,2,10,low,high,RISK,2
0,2,1,0,Salaried,358,No,Rents,12,16,31,1,6,DEDUCTIBLE,TIER 1 NETWORK,COST IN $,200,600,0,1600,600,2,10,low,high,RISK,2
1,1,1,1,Salaried,2175,No,Owns,16,20,34,1,6,DEDUCTIBLE,TIER 1 NETWORK,COST IN $,600,0,200,1600,600,2,10,low,high,RISK,2
1,1,0,0,Bonus,2804,No,Owns,11,11,30,1,6,DEDUCTIBLE,TIER 1 NETWORK,COST IN $,200,600,0,1600,600,2,10,low,high,RISK,2
2,1,2,1,Bonus,2793,Yes,Owns,17,19,27,1,6,DEDUCTIBLE,TIER 1 NETWORK,COST IN $,0,600,200,1600,600,2,10,low,high,RISK,2
2,0,2,0,Salaried,1366,No,Owns,14,15,31,1,6,DEDUCTIBLE,TIER 1 NETWORK,COST IN $,600,0,200,1600,600,2,10,low,high,RISK,2
0,1,1,2,Salaried,3990,No,Rents,13,12,28,1,6,DEDUCTIBLE,TIER 1 NETWORK,COST IN $,1600,200,600,0,600,2,10,low,high,RISK,2
0,1,1,0,Salaried,1625,No,Owns,16,16,31,1,6,DEDUCTIBLE,TIER 1 NETWORK,COST IN $,0,200,600,1600,600,2,10,low,high,RISK,2
1,2,0,0,Hourly,1178,No,Owns,5,12,39,1,6,DEDUCTIBLE,TIER 1 NETWORK,COST IN $,0,1600,600,200,600,2,10,low,high,RISK,2
1,1,0,0,Hourly,2665,No,Rents,8,14,30,1,6,DEDUCTIBLE,TIER 1 NETWORK,COST IN $,200,600,0,1600,600,2,10,low,high,RISK,2
1,1,2,0,Hourly,4144,No,Owns,9,13,26,1,6,DEDUCTIBLE,TIER 1 NETWORK,COST IN $,0,1600,200,600,600,2,10,low,high,RISK,2
1,1,2,0,Hourly,2547,Yes,Owns,14,16,37,1,6,DEDUCTIBLE,TIER 1 NETWORK,COST IN $,0,200,1600,600,600,2,10,low,high,RISK,2
1,1,1,0,Hourly,152,Yes,Owns,15,16,39,1,6,DEDUCTIBLE,TIER 1 NETWORK,COST IN $,0,200,600,1600,600,2,10,low,high,RISK,2
0,0,0,0,Bonus,2909,Yes,Rents,9,14,30,1,6,DEDUCTIBLE,TIER 1 NETWORK,COST IN $,600,0,200,1600,600,2,10,low,high,RISK,2
2,2,1,1,Bonus,2404,Yes,Owns,11,14,34,1,6,DEDUCTIBLE,TIER 1 NETWORK,COST IN $,200,1600,0,600,600,2,10,low,high,RISK,2
2,0,1,2,Bonus,144,Yes,Owns,10,19,30,1,6,DEDUCTIBLE,TIER 1 NETWORK,COST IN $,0,1600,600,200,600,2,10,low,high,RISK,2
2,0,1,0,Hourly,2250,No,Owns,11,17,35,1,6,DEDUCTIBLE,TIER 1 NETWORK,COST IN $,0,1600,200,600,600,2,10,low,high,RISK,2
2,0,0,0,Hourly,4826,No,Owns,10,15,48,1,6,DEDUCTIBLE,TIER 1 NETWORK,COST IN $,600,1600,200,0,600,2,10,low,high,RISK,2
1,1,0,0,Salaried,792,No,Owns,12,12,35,1,6,DEDUCTIBLE,TIER 1 NETWORK,COST IN $,0,1600,600,200,600,2,10,low,high,RISK,2
0,2,0,1,Hourly,3429,No,Rents,15,18,32,1,6,DEDUCTIBLE,TIER 1 NETWORK,COST IN $,0,600,1600,200,600,2,10,low,high,RISK,2
0,2,0,1,Hourly,1596,Yes,Owns,11,13,27,1,6,DEDUCTIBLE,TIER 1 NETWORK,COST IN $,0,200,1600,600,600,2,10,low,high,RISK,2
1,1,2,0,Salaried,83,Yes,Owns,7,20,28,1,6,DEDUCTIBLE,TIER 1 NETWORK,COST IN $,1600,600,0,200,600,2,10,low,high,RISK,2
1,2,0,2,Salaried,3601,No,Owns,6,14,29,1,6,DEDUCTIBLE,TIER 1 NETWORK,COST IN $,0,200,1600,600,600,2,10,low,high,RISK,2
1,1,0,1,Bonus,861,No,Owns,15,13,50,1,6,DEDUCTIBLE,TIER 1 NETWORK,COST IN $,600,1600,200,0,600,2,10,low,high,RISK,2
0,2,2,2,Salaried,2240,Yes,Rents,15,20,35,1,6,DEDUCTIBLE,TIER 1 NETWORK,COST IN $,200,0,1600,600,600,2,10,low,high,RISK,2
1,0,0,0,Hourly,2384,No,Rents,6,17,32,1,6,DEDUCTIBLE,TIER 1 NETWORK,COST IN $,1600,200,0,600,600,2,10,low,high,RISK,2
0,0,0,0,Bonus,2363,Yes,Rents,12,16,31,1,6,DEDUCTIBLE,TIER 1 NETWORK,COST IN $,600,1600,200,0,600,2,10,low,high,RISK,2
1,1,2,0,Salaried,4539,No,Owns,10,20,34,1,6,DEDUCTIBLE,TIER 1 NETWORK,COST IN $,0,1600,200,600,600,2,10,low,high,RISK,2
1,1,0,0,Bonus,489,No,Rents,9,11,30,1,6,DEDUCTIBLE,TIER 1 NETWORK,COST IN $,1600,0,600,200,600,2,10,low,high,RISK,2
1,2,0,2,Bonus,4623,Yes,Owns,7,19,27,1,6,DEDUCTIBLE,TIER 1 NETWORK,COST IN $,1600,600,200,0,600,2,10,low,high,RISK,2
1,0,0,0,Salaried,153,Yes,Owns,5,15,31,1,6,DEDUCTIBLE,TIER 1 NETWORK,COST IN $,1600,0,200,600,600,2,10,low,high,RISK,2
0,2,2,1,Salaried,3954,No,Owns,6,12,28,1,6,DEDUCTIBLE,TIER 1 NETWORK,COST IN $,1600,200,600,0,600,2,10,low,high,RISK,2
0,1,0,0,Salaried,4742,No,Rents,5,16,31,1,6,DEDUCTIBLE,TIER 1 NETWORK,COST IN $,0,1600,600,200,600,2,10,low,high,RISK,2
0,0,0,1,Hourly,3289,No,Rents,15,12,39,1,6,DEDUCTIBLE,TIER 1 NETWORK,COST IN $,200,1600,600,0,600,2,10,low,high,RISK,2
0,0,1,1,Bonus,3409,Yes,Rents,13,14,30,1,6,DEDUCTIBLE,TIER 1 NETWORK,COST IN $,200,600,1600,0,600,2,10,low,high,RISK,2
0,0,2,1,Bonus,3179,No,Rents,8,13,26,1,6,DEDUCTIBLE,TIER 1 NETWORK,COST IN $,0,600,200,1600,600,2,10,low,high,RISK,2
0,0,0,1,Bonus,4271,No,Rents,9,16,37,1,6,DEDUCTIBLE,TIER 1 NETWORK,COST IN $,1600,200,600,0,600,2,10,low,high,RISK,2
0,0,0,0,Hourly,4605,Yes,Rents,10,16,39,1,6,DEDUCTIBLE,TIER 1 NETWORK,COST IN $,1600,600,200,0,600,2,10,low,high,RISK,2
0,2,2,2,Salaried,3042,Yes,Rents,6,14,30,1,6,DEDUCTIBLE,TIER 1 NETWORK,COST IN $,1600,200,0,600,600,2,10,low,high,RISK,2
0,2,2,0,Hourly,170,No,Rents,16,14,34,1,6,DEDUCTIBLE,TIER 1 NETWORK,COST IN $,1600,600,200,0,600,2,10,low,high,RISK,2
0,1,0,2,Salaried,2062,No,Rents,7,19,30,1,6,DEDUCTIBLE,TIER 1 NETWORK,COST IN $,200,600,0,1600,600,2,10,low,high,RISK,2
1,1,2,2,Bonus,1962,No,Rents,5,17,35,1,6,DEDUCTIBLE,TIER 1 NETWORK,COST IN $,0,600,200,1600,600,2,10,low,high,RISK,2
0,0,0,0,Bonus,1006,No,Owns,11,15,48,1,6,DEDUCTIBLE,TIER 1 NETWORK,COST IN $,1600,200,0,600,600,2,10,low,high,RISK,2
0,2,1,2,Salaried,4555,No,Rents,8,12,35,1,6,DEDUCTIBLE,TIER 1 NETWORK,COST IN $,600,200,1600,0,600,2,10,low,high,RISK,2
2,1,1,0,Bonus,458,No,Rents,10,18,32,1,6,DEDUCTIBLE,TIER 1 NETWORK,COST IN $,0,200,1600,600,600,2,10,low,high,RISK,2
2,0,2,1,Hourly,1593,No,Owns,5,13,27,1,6,DEDUCTIBLE,TIER 1 NETWORK,COST IN $,600,0,1600,200,600,2,10,low,high,RISK,2
0,2,0,1,Hourly,4519,Yes,Owns,11,20,28,1,6,DEDUCTIBLE,TIER 1 NETWORK,COST IN $,200,0,1600,600,600,2,10,low,high,RISK,2
0,1,0,0,Bonus,2639,No,Rents,5,14,29,1,6,DEDUCTIBLE,TIER 1 NETWORK,COST IN $,0,1600,600,200,600,2,10,low,high,RISK,2
0,0,2,1,Hourly,2563,Yes,Rents,15,13,50,1,6,DEDUCTIBLE,TIER 1 NETWORK,COST IN $,0,1600,200,600,600,2,10,low,high,RISK,2
0,1,2,1,Bonus,2810,Yes,Owns,15,20,35,1,6,DEDUCTIBLE,TIER 1 NETWORK,COST IN $,0,600,200,1600,600,2,10,low,high,RISK,2
1,1,0,1,Hourly,2954,Yes,Owns,18,17,32,1,6,DEDUCTIBLE,TIER 1 NETWORK,COST IN $,600,1600,200,0,600,2,10,low,high,RISK,2
1,0,2,0,Hourly,2299,Yes,Owns,13,16,31,1,6,DEDUCTIBLE,TIER 1 NETWORK,COST IN $,600,1600,0,200,600,2,10,low,high,RISK,2
0,0,1,2,Hourly,1155,No,Rents,6,20,34,1,6,DEDUCTIBLE,TIER 1 NETWORK,COST IN $,200,600,1600,0,600,2,10,low,high,RISK,2
1,0,2,0,Bonus,1856,Yes,Rents,14,11,30,1,6,DEDUCTIBLE,TIER 1 NETWORK,COST IN $,200,1600,0,600,600,2,10,low,high,RISK,2
2,1,1,0,Salaried,3352,Yes,Rents,6,19,27,1,6,DEDUCTIBLE,TIER 1 NETWORK,COST IN $,200,0,600,1600,600,2,10,low,high,RISK,2
2,0,0,1,Hourly,3735,Yes,Owns,15,15,31,1,6,DEDUCTIBLE,TIER 1 NETWORK,COST IN $,200,0,600,1600,600,2,10,low,high,RISK,2
2,1,0,2,Salaried,1125,Yes,Rents,6,12,28,1,6,DEDUCTIBLE,TIER 1 NETWORK,COST IN $,200,1600,600,0,600,2,10,low,high,RISK,2
2,0,1,0,Bonus,4695,No,Owns,5,16,31,1,6,DEDUCTIBLE,TIER 1 NETWORK,COST IN $,1600,200,0,600,600,2,10,low,high,RISK,2
1,1,1,1,Salaried,1210,No,Rents,17,12,39,1,6,DEDUCTIBLE,TIER 1 NETWORK,COST IN $,600,200,0,1600,600,2,10,low,high,RISK,2
1,2,1,0,Bonus,3149,No,Owns,6,14,30,1,6,DEDUCTIBLE,TIER 1 NETWORK,COST IN $,200,0,600,1600,600,2,10,low,high,RISK,2
1,1,1,1,Bonus,3757,No,Rents,6,13,26,1,6,DEDUCTIBLE,TIER 1 NETWORK,COST IN $,0,200,600,1600,600,2,10,low,high,RISK,2
1,0,2,1,Salaried,4038,Yes,Rents,12,16,37,1,6,DEDUCTIBLE,TIER 1 NETWORK,COST IN $,200,1600,0,600,600,2,10,low,high,RISK,2
0,0,0,2,Bonus,381,No,Owns,8,16,39,1,6,DEDUCTIBLE,TIER 1 NETWORK,COST IN $,600,1600,0,200,600,2,10,low,high,RISK,2
0,0,1,1,Hourly,2879,Yes,Rents,16,14,30,1,6,DEDUCTIBLE,TIER 1 NETWORK,COST IN $,1600,0,600,200,600,2,10,low,high,RISK,2
1,2,0,0,Hourly,2246,No,Owns,17,14,34,1,6,DEDUCTIBLE,TIER 1 NETWORK,COST IN $,0,600,200,1600,600,2,10,low,high,RISK,2
0,2,1,0,Hourly,3337,No,Rents,7,19,30,1,6,DEDUCTIBLE,TIER 1 NETWORK,COST IN $,200,0,600,1600,600,2,10,low,high,RISK,2
1,1,1,1,Hourly,874,No,Owns,17,17,35,1,6,DEDUCTIBLE,TIER 1 NETWORK,COST IN $,600,200,0,1600,600,2,10,low,high,RISK,2
0,1,0,0,Hourly,4470,Yes,Owns,6,15,48,1,6,DEDUCTIBLE,TIER 1 NETWORK,COST IN $,1600,200,0,600,600,2,10,low,high,RISK,2
2,0,1,1,Hourly,3252,Yes,Owns,10,12,35,1,6,DEDUCTIBLE,TIER 1 NETWORK,COST IN $,0,600,200,1600,600,2,10,low,high,RISK,2
0,2,0,1,Hourly,176,Yes,Rents,9,18,32,1,6,DEDUCTIBLE,TIER 1 NETWORK,COST IN $,0,1600,600,200,600,2,10,low,high,RISK,2
1,0,2,0,Hourly,3681,Yes,Owns,6,13,27,1,6,DEDUCTIBLE,TIER 1 NETWORK,COST IN $,1600,200,0,600,600,2,10,low,high,RISK,2
1,2,1,2,Hourly,1019,Yes,Owns,15,20,28,1,6,DEDUCTIBLE,TIER 1 NETWORK,COST IN $,200,1600,600,0,600,2,10,low,high,RISK,2
1,2,1,1,Bonus,4493,Yes,Owns,18,14,29,1,6,DEDUCTIBLE,TIER 1 NETWORK,COST IN $,0,1600,600,200,600,2,10,low,high,RISK,2
1,2,2,0,Salaried,1012,Yes,Owns,15,13,50,1,6,DEDUCTIBLE,TIER 1 NETWORK,COST IN $,200,600,1600,0,600,2,10,low,high,RISK,2
0,0,1,1,Bonus,1248,Yes,Rents,7,20,35,1,6,DEDUCTIBLE,TIER 1 NETWORK,COST IN $,1600,600,0,200,600,2,10,low,high,RISK,2
0,0,1,0,Salaried,1214,No,Owns,6,17,32,1,6,DEDUCTIBLE,TIER 1 NETWORK,COST IN $,600,0,200,1600,600,2,10,low,high,RISK,2
1,0,1,0,Salaried,2852,Yes,Rents,6,16,31,1,6,DEDUCTIBLE,TIER 1 NETWORK,COST IN $,1600,600,200,0,600,2,10,low,high,RISK,2
1,0,0,0,Bonus,1440,Yes,Owns,10,20,34,1,6,DEDUCTIBLE,TIER 1 NETWORK,COST IN $,0,1600,600,200,600,2,10,low,high,RISK,2
1,0,1,0,Bonus,2951,No,Owns,11,11,30,1,6,DEDUCTIBLE,TIER 1 NETWORK,COST IN $,600,0,200,1600,600,2,10,low,high,RISK,2
3,2,1,3,Salaried,4377,No,Rents,24,48,52,1,7,DEDUCTIBLE,TIER 1 NETWORK,COST IN $,600,200,0,1600,600,2,20,low,high,RISK,2
1,1,2,1,Salaried,1919,No,Owns,25,33,56,1,7,DEDUCTIBLE,TIER 1 NETWORK,COST IN $,0,200,1600,600,600,2,20,low,high,RISK,2
2,2,1,1,Salaried,4671,Yes,Rents,33,23,53,1,7,DEDUCTIBLE,TIER 1 NETWORK,COST IN $,600,0,1600,200,600,2,20,low,high,RISK,2
3,2,1,1,Bonus,1139,No,Owns,29,38,56,1,7,DEDUCTIBLE,TIER 1 NETWORK,COST IN $,0,200,600,1600,600,2,20,low,high,RISK,2
1,2,3,2,Bonus,3085,No,Rents,23,24,64,1,7,DEDUCTIBLE,TIER 1 NETWORK,COST IN $,600,0,200,1600,600,2,20,low,high,RISK,2
1,2,3,1,Salaried,912,Yes,Rents,37,29,55,1,7,DEDUCTIBLE,TIER 1 NETWORK,COST IN $,600,0,1600,200,600,2,20,low,high,RISK,2
2,1,3,2,Hourly,3561,Yes,Owns,28,26,51,1,7,DEDUCTIBLE,TIER 1 NETWORK,COST IN $,600,0,1600,200,600,2,20,low,high,RISK,2
2,3,1,1,Hourly,4350,No,Rents,19,36,62,1,7,DEDUCTIBLE,TIER 1 NETWORK,COST IN $,200,1600,600,0,600,2,20,low,high,RISK,2
3,3,2,3,Salaried,3664,No,Owns,18,38,64,1,7,DEDUCTIBLE,TIER 1 NETWORK,COST IN $,0,600,200,1600,600,2,20,low,high,RISK,2
1,1,1,1,Bonus,1972,Yes,Owns,38,31,55,1,7,DEDUCTIBLE,TIER 1 NETWORK,COST IN $,600,200,1600,0,600,2,20,low,high,RISK,2
1,1,3,3,Salaried,1235,Yes,Rents,32,31,59,1,7,DEDUCTIBLE,TIER 1 NETWORK,COST IN $,200,600,1600,0,600,2,20,low,high,RISK,2
1,3,1,2,Bonus,2294,Yes,Owns,25,47,55,1,7,DEDUCTIBLE,TIER 1 NETWORK,COST IN $,1600,0,600,200,600,2,20,low,high,RISK,2
1,2,3,1,Salaried,4592,Yes,Rents,37,41,60,1,7,DEDUCTIBLE,TIER 1 NETWORK,COST IN $,600,200,0,1600,600,2,20,low,high,RISK,2
1,1,1,2,Hourly,2183,Yes,Owns,16,35,73,1,7,DEDUCTIBLE,TIER 1 NETWORK,COST IN $,600,200,1600,0,600,2,20,low,high,RISK,2
2,2,3,2,Salaried,1622,Yes,Rents,21,24,60,1,7,DEDUCTIBLE,TIER 1 NETWORK,COST IN $,1600,600,200,0,600,2,20,low,high,RISK,2
2,3,1,3,Salaried,4259,Yes,Rents,17,43,57,1,7,DEDUCTIBLE,TIER 1 NETWORK,COST IN $,600,1600,0,200,600,2,20,low,high,RISK,2
3,2,2,3,Salaried,4138,No,Owns,37,25,52,1,7,DEDUCTIBLE,TIER 1 NETWORK,COST IN $,1600,200,0,600,600,2,20,low,high,RISK,2
3,1,2,3,Bonus,2742,No,Owns,39,50,53,1,7,DEDUCTIBLE,TIER 1 NETWORK,COST IN $,0,600,200,1600,600,2,20,low,high,RISK,2
1,1,1,3,Bonus,4027,Yes,Rents,21,31,54,1,7,DEDUCTIBLE,TIER 1 NETWORK,COST IN $,200,600,1600,0,600,2,20,low,high,RISK,2
2,2,1,1,Bonus,3643,No,Rents,35,26,75,1,7,DEDUCTIBLE,TIER 1 NETWORK,COST IN $,1600,200,600,0,600,2,20,low,high,RISK,2
2,1,3,1,Salaried,1855,No,Rents,39,49,60,1,7,DEDUCTIBLE,TIER 1 NETWORK,COST IN $,1600,200,600,0,600,2,20,low,high,RISK,2
1,3,1,1,Bonus,4199,No,Owns,33,40,57,1,7,DEDUCTIBLE,TIER 1 NETWORK,COST IN $,1600,200,0,600,600,2,20,low,high,RISK,2
1,3,2,1,Salaried,358,No,Rents,28,36,56,1,7,DEDUCTIBLE,TIER 1 NETWORK,COST IN $,1600,0,200,600,600,2,20,low,high,RISK,2
2,2,2,1,Salaried,2175,No,Owns,35,49,59,1,7,DEDUCTIBLE,TIER 1 NETWORK,COST IN $,600,200,1600,0,600,2,20,low,high,RISK,2
2,2,1,1,Bonus,2804,No,Owns,26,20,55,1,7,DEDUCTIBLE,TIER 1 NETWORK,COST IN $,600,200,0,1600,600,2,20,low,high,RISK,2
3,3,3,2,Bonus,2793,Yes,Owns,39,48,52,1,7,DEDUCTIBLE,TIER 1 NETWORK,COST IN $,1600,0,600,200,600,2,20,low,high,RISK,2
3,1,3,1,Salaried,1366,No,Owns,32,33,56,1,7,DEDUCTIBLE,TIER 1 NETWORK,COST IN $,600,200,0,1600,600,2,20,low,high,RISK,2
1,2,2,3,Salaried,3990,No,Rents,30,23,53,1,7,DEDUCTIBLE,TIER 1 NETWORK,COST IN $,0,200,1600,600,600,2,20,low,high,RISK,2
1,2,2,1,Salaried,1625,No,Owns,36,38,56,1,7,DEDUCTIBLE,TIER 1 NETWORK,COST IN $,600,1600,0,200,600,2,20,low,high,RISK,2
2,3,1,1,Hourly,1178,No,Owns,15,24,64,1,7,DEDUCTIBLE,TIER 1 NETWORK,COST IN $,0,600,1600,200,600,2,20,low,high,RISK,2
2,1,1,1,Hourly,2665,No,Rents,20,29,55,1,7,DEDUCTIBLE,TIER 1 NETWORK,COST IN $,600,200,1600,0,600,2,20,low,high,RISK,2
2,3,3,1,Hourly,4144,No,Owns,23,26,51,1,7,DEDUCTIBLE,TIER 1 NETWORK,COST IN $,1600,600,0,200,600,2,20,low,high,RISK,2
2,2,3,1,Hourly,2547,Yes,Owns,32,36,62,1,7,DEDUCTIBLE,TIER 1 NETWORK,COST IN $,600,200,0,1600,600,2,20,low,high,RISK,2
2,1,2,1,Hourly,152,Yes,Owns,34,38,64,1,7,DEDUCTIBLE,TIER 1 NETWORK,COST IN $,200,0,600,1600,600,2,20,low,high,RISK,2
1,1,1,1,Bonus,2909,Yes,Rents,23,31,55,1,7,DEDUCTIBLE,TIER 1 NETWORK,COST IN $,200,0,1600,600,600,2,20,low,high,RISK,2
3,3,2,2,Bonus,2404,Yes,Owns,27,31,59,1,7,DEDUCTIBLE,TIER 1 NETWORK,COST IN $,600,0,1600,200,600,2,20,low,high,RISK,2
3,1,2,3,Bonus,144,Yes,Owns,24,47,55,1,7,DEDUCTIBLE,TIER 1 NETWORK,COST IN $,1600,0,200,600,600,2,20,low,high,RISK,2
3,1,2,1,Hourly,2250,No,Owns,26,41,60,1,7,DEDUCTIBLE,TIER 1 NETWORK,COST IN $,600,1600,0,200,600,2,20,low,high,RISK,2
3,1,1,1,Hourly,4826,No,Owns,25,35,73,1,7,DEDUCTIBLE,TIER 1 NETWORK,COST IN $,600,0,1600,200,600,2,20,low,high,RISK,2
2,2,1,1,Salaried,792,No,Owns,28,24,60,1,7,DEDUCTIBLE,TIER 1 NETWORK,COST IN $,1600,0,600,200,600,2,20,low,high,RISK,2
1,3,1,2,Hourly,3429,No,Rents,34,43,57,1,7,DEDUCTIBLE,TIER 1 NETWORK,COST IN $,0,1600,200,600,600,2,20,low,high,RISK,2
1,3,1,2,Hourly,1596,Yes,Owns,27,25,52,1,7,DEDUCTIBLE,TIER 1 NETWORK,COST IN $,0,600,1600,200,600,2,20,low,high,RISK,2
2,3,3,1,Salaried,83,Yes,Owns,19,50,53,1,7,DEDUCTIBLE,TIER 1 NETWORK,COST IN $,1600,600,200,0,600,2,20,low,high,RISK,2
2,3,1,3,Salaried,3601,No,Owns,17,31,54,1,7,DEDUCTIBLE,TIER 1 NETWORK,COST IN $,200,1600,0,600,600,2,20,low,high,RISK,2
2,2,1,2,Bonus,861,No,Owns,34,26,75,1,7,DEDUCTIBLE,TIER 1 NETWORK,COST IN $,600,0,200,1600,600,2,20,low,high,RISK,2
1,3,3,3,Salaried,2240,Yes,Rents,35,49,60,1,7,DEDUCTIBLE,TIER 1 NETWORK,COST IN $,600,0,200,1600,600,2,20,low,high,RISK,2
1,1,1,1,Hourly,2384,No,Rents,17,40,57,1,7,DEDUCTIBLE,TIER 1 NETWORK,COST IN $,1600,0,200,600,600,2,20,low,high,RISK,2
1,1,1,1,Bonus,2363,Yes,Rents,29,36,56,1,7,DEDUCTIBLE,TIER 1 NETWORK,COST IN $,600,200,0,1600,600,2,20,low,high,RISK,2
2,1,3,1,Salaried,4539,No,Owns,24,49,59,1,7,DEDUCTIBLE,TIER 1 NETWORK,COST IN $,1600,200,600,0,600,2,20,low,high,RISK,2
2,1,1,1,Bonus,489,No,Rents,23,20,55,1,7,DEDUCTIBLE,TIER 1 NETWORK,COST IN $,200,600,1600,0,600,2,20,low,high,RISK,2
2,3,1,3,Bonus,4623,Yes,Owns,19,48,52,1,7,DEDUCTIBLE,TIER 1 NETWORK,COST IN $,200,1600,0,600,600,2,20,low,high,RISK,2
2,1,1,1,Salaried,153,Yes,Owns,15,33,56,1,7,DEDUCTIBLE,TIER 1 NETWORK,COST IN $,600,1600,0,200,600,2,20,low,high,RISK,2
1,3,3,2,Salaried,3954,No,Owns,17,23,53,1,7,DEDUCTIBLE,TIER 1 NETWORK,COST IN $,200,1600,0,600,600,2,20,low,high,RISK,2
1,2,1,1,Salaried,4742,No,Rents,15,38,56,1,7,DEDUCTIBLE,TIER 1 NETWORK,COST IN $,0,200,600,1600,600,2,20,low,high,RISK,2
1,1,1,2,Hourly,3289,No,Rents,35,24,64,1,7,DEDUCTIBLE,TIER 1 NETWORK,COST IN $,600,200,1600,0,600,2,20,low,high,RISK,2
1,1,2,2,Bonus,3409,Yes,Rents,30,29,55,1,7,DEDUCTIBLE,TIER 1 NETWORK,COST IN $,1600,200,0,600,600,2,20,low,high,RISK,2
1,1,3,2,Bonus,3179,No,Rents,21,26,51,1,7,DEDUCTIBLE,TIER 1 NETWORK,COST IN $,0,600,1600,200,600,2,20,low,high,RISK,2
1,1,1,2,Bonus,4271,No,Rents,22,36,62,1,7,DEDUCTIBLE,TIER 1 NETWORK,COST IN $,200,1600,0,600,600,2,20,low,high,RISK,2
1,1,1,1,Hourly,4605,Yes,Rents,24,38,64,1,7,DEDUCTIBLE,TIER 1 NETWORK,COST IN $,600,200,1600,0,600,2,20,low,high,RISK,2
1,3,3,3,Salaried,3042,Yes,Rents,16,31,55,1,7,DEDUCTIBLE,TIER 1 NETWORK,COST IN $,200,600,0,1600,600,2,20,low,high,RISK,2
1,3,3,1,Hourly,170,No,Rents,37,31,59,1,7,DEDUCTIBLE,TIER 1 NETWORK,COST IN $,200,0,1600,600,600,2,20,low,high,RISK,2
1,1,1,3,Salaried,2062,No,Rents,20,47,55,1,7,DEDUCTIBLE,TIER 1 NETWORK,COST IN $,0,1600,600,200,600,2,20,low,high,RISK,2
2,2,3,3,Bonus,1962,No,Rents,15,41,60,1,7,DEDUCTIBLE,TIER 1 NETWORK,COST IN $,200,0,600,1600,600,2,20,low,high,RISK,2
1,1,1,1,Bonus,1006,No,Owns,27,35,73,1,7,DEDUCTIBLE,TIER 1 NETWORK,COST IN $,0,1600,200,600,600,2,20,low,high,RISK,2
1,3,2,3,Salaried,4555,No,Rents,20,24,60,1,7,DEDUCTIBLE,TIER 1 NETWORK,COST IN $,1600,600,0,200,600,2,20,low,high,RISK,2
3,1,2,1,Bonus,458,No,Rents,25,43,57,1,7,DEDUCTIBLE,TIER 1 NETWORK,COST IN $,200,1600,0,600,600,2,20,low,high,RISK,2
3,1,3,1,Hourly,1593,No,Owns,16,25,52,1,7,DEDUCTIBLE,TIER 1 NETWORK,COST IN $,0,600,1600,200,600,2,20,low,high,RISK,2
1,3,1,2,Hourly,4519,Yes,Owns,26,50,53,1,7,DEDUCTIBLE,TIER 1 NETWORK,COST IN $,0,600,1600,200,600,2,20,low,high,RISK,2
1,2,1,1,Bonus,2639,No,Rents,16,31,54,1,7,DEDUCTIBLE,TIER 1 NETWORK,COST IN $,600,1600,0,200,600,2,20,low,high,RISK,2
1,1,3,1,Hourly,2563,Yes,Rents,35,26,75,1,7,DEDUCTIBLE,TIER 1 NETWORK,COST IN $,600,200,1600,0,600,2,20,low,high,RISK,2
1,2,3,2,Bonus,2810,Yes,Owns,35,49,60,1,7,DEDUCTIBLE,TIER 1 NETWORK,COST IN $,1600,0,200,600,600,2,20,low,high,RISK,2
2,2,1,2,Hourly,2954,Yes,Owns,39,40,57,1,7,DEDUCTIBLE,TIER 1 NETWORK,COST IN $,600,0,200,1600,600,2,20,low,high,RISK,2
2,1,3,1,Hourly,2299,Yes,Owns,31,36,56,1,7,DEDUCTIBLE,TIER 1 NETWORK,COST IN $,1600,0,200,600,600,2,20,low,high,RISK,2
1,1,2,3,Hourly,1155,No,Rents,16,49,59,1,7,DEDUCTIBLE,TIER 1 NETWORK,COST IN $,1600,200,600,0,600,2,20,low,high,RISK,2
2,1,3,1,Bonus,1856,Yes,Rents,31,20,55,1,7,DEDUCTIBLE,TIER 1 NETWORK,COST IN $,1600,0,600,200,600,2,20,low,high,RISK,2
3,2,2,1,Salaried,3352,Yes,Rents,18,48,52,1,7,DEDUCTIBLE,TIER 1 NETWORK,COST IN $,0,600,200,1600,600,2,20,low,high,RISK,2
3,1,1,2,Hourly,3735,Yes,Owns,34,33,56,1,7,DEDUCTIBLE,TIER 1 NETWORK,COST IN $,200,1600,600,0,600,2,20,low,high,RISK,2
3,2,1,3,Salaried,1125,Yes,Rents,18,23,53,1,7,DEDUCTIBLE,TIER 1 NETWORK,COST IN $,0,1600,200,600,600,2,20,low,high,RISK,2
2,2,2,2,Salaried,1210,No,Rents,38,24,64,1,7,DEDUCTIBLE,TIER 1 NETWORK,COST IN $,600,1600,200,0,600,2,20,low,high,RISK,2
2,3,2,1,Bonus,3149,No,Owns,17,29,55,1,7,DEDUCTIBLE,TIER 1 NETWORK,COST IN $,600,1600,0,200,600,2,20,low,high,RISK,2
2,2,2,2,Bonus,3757,No,Rents,18,26,51,1,7,DEDUCTIBLE,TIER 1 NETWORK,COST IN $,0,600,200,1600,600,2,20,low,high,RISK,2
3,1,3,2,Salaried,4038,Yes,Rents,28,36,62,1,7,DEDUCTIBLE,TIER 1 NETWORK,COST IN $,600,200,1600,0,600,2,20,low,high,RISK,2
1,1,1,3,Bonus,381,No,Owns,20,38,64,1,7,DEDUCTIBLE,TIER 1 NETWORK,COST IN $,200,1600,600,0,600,2,20,low,high,RISK,2
1,1,1,2,Hourly,2879,Yes,Rents,37,31,55,1,7,DEDUCTIBLE,TIER 1 NETWORK,COST IN $,0,200,1600,600,600,2,20,low,high,RISK,2
2,3,1,1,Hourly,2246,No,Owns,38,31,59,1,7,DEDUCTIBLE,TIER 1 NETWORK,COST IN $,600,0,200,1600,600,2,20,low,high,RISK,2
1,3,2,1,Hourly,3337,No,Rents,18,47,55,1,7,DEDUCTIBLE,TIER 1 NETWORK,COST IN $,200,0,600,1600,600,2,20,low,high,RISK,2
2,2,1,2,Hourly,874,No,Owns,38,41,60,1,7,DEDUCTIBLE,TIER 1 NETWORK,COST IN $,600,200,1600,0,600,2,20,low,high,RISK,2
1,2,1,1,Hourly,4470,Yes,Owns,16,35,73,1,7,DEDUCTIBLE,TIER 1 NETWORK,COST IN $,1600,0,600,200,600,2,20,low,high,RISK,2
3,1,3,1,Hourly,3252,Yes,Owns,24,24,60,1,7,DEDUCTIBLE,TIER 1 NETWORK,COST IN $,600,1600,200,0,600,2,20,low,high,RISK,2
1,3,1,2,Hourly,176,Yes,Rents,23,43,57,1,7,DEDUCTIBLE,TIER 1 NETWORK,COST IN $,1600,200,0,600,600,2,20,low,high,RISK,2
2,1,3,1,Hourly,3681,Yes,Owns,17,25,52,1,7,DEDUCTIBLE,TIER 1 NETWORK,COST IN $,1600,0,200,600,600,2,20,low,high,RISK,2
1,3,2,3,Hourly,1019,Yes,Owns,35,50,53,1,7,DEDUCTIBLE,TIER 1 NETWORK,COST IN $,1600,0,600,200,600,2,20,low,high,RISK,2
1,3,2,1,Bonus,4493,Yes,Owns,39,31,54,1,7,DEDUCTIBLE,TIER 1 NETWORK,COST IN $,200,0,600,1600,600,2,20,low,high,RISK,2
1,3,3,1,Salaried,1012,Yes,Owns,34,26,75,1,7,DEDUCTIBLE,TIER 1 NETWORK,COST IN $,1600,0,200,600,600,2,20,low,high,RISK,2
1,1,2,1,Bonus,1248,Yes,Rents,18,49,60,1,7,DEDUCTIBLE,TIER 1 NETWORK,COST IN $,1600,200,0,600,600,2,20,low,high,RISK,2
1,1,2,1,Salaried,1214,No,Owns,17,40,57,1,7,DEDUCTIBLE,TIER 1 NETWORK,COST IN $,1600,200,600,0,600,2,20,low,high,RISK,2
2,1,1,1,Salaried,2852,Yes,Rents,18,36,56,1,7,DEDUCTIBLE,TIER 1 NETWORK,COST IN $,600,1600,0,200,600,2,20,low,high,RISK,2
2,1,1,1,Bonus,1440,Yes,Owns,24,49,59,1,7,DEDUCTIBLE,TIER 1 NETWORK,COST IN $,600,1600,0,200,600,2,20,low,high,RISK,2
3,1,3,1,Bonus,2951,No,Owns,26,20,55,1,7,DEDUCTIBLE,TIER 1 NETWORK,COST IN $,600,1600,0,200,600,2,20,low,high,RISK,2
4,3,2,4,Salaried,4377,No,Rents,46,73,76,1,8,DEDUCTIBLE,TIER 1 NETWORK,COST IN $,600,1600,0,200,200,3,50,low,high,RISK,2
2,3,4,2,Salaried,1919,No,Owns,48,61,80,1,8,DEDUCTIBLE,TIER 1 NETWORK,COST IN $,600,0,200,1600,200,3,50,low,high,RISK,2
4,4,3,2,Salaried,4671,Yes,Rents,57,53,77,1,8,DEDUCTIBLE,TIER 1 NETWORK,COST IN $,200,1600,600,0,200,3,50,low,high,RISK,2
4,4,2,2,Bonus,1139,No,Owns,52,65,80,1,8,DEDUCTIBLE,TIER 1 NETWORK,COST IN $,200,1600,600,0,200,3,50,low,high,RISK,2
3,4,4,3,Bonus,3085,No,Rents,45,54,88,1,8,DEDUCTIBLE,TIER 1 NETWORK,COST IN $,200,0,600,1600,200,3,50,low,high,RISK,2
3,4,4,3,Salaried,912,Yes,Rents,61,58,79,1,8,DEDUCTIBLE,TIER 1 NETWORK,COST IN $,0,600,1600,200,200,3,50,low,high,RISK,2
4,3,4,3,Hourly,3561,Yes,Owns,51,56,75,1,8,DEDUCTIBLE,TIER 1 NETWORK,COST IN $,200,0,600,1600,200,3,50,low,high,RISK,2
4,4,2,2,Hourly,4350,No,Rents,40,64,87,1,8,DEDUCTIBLE,TIER 1 NETWORK,COST IN $,1600,0,600,200,200,3,50,low,high,RISK,2
4,4,4,4,Salaried,3664,No,Owns,39,65,88,1,8,DEDUCTIBLE,TIER 1 NETWORK,COST IN $,200,600,0,1600,200,3,50,low,high,RISK,2
2,3,3,3,Bonus,1972,Yes,Owns,62,60,80,1,8,DEDUCTIBLE,TIER 1 NETWORK,COST IN $,600,0,200,1600,200,3,50,low,high,RISK,2
3,2,4,4,Salaried,1235,Yes,Rents,55,60,83,1,8,DEDUCTIBLE,TIER 1 NETWORK,COST IN $,200,600,0,1600,200,3,50,low,high,RISK,2
2,4,3,3,Bonus,2294,Yes,Owns,47,72,79,1,8,DEDUCTIBLE,TIER 1 NETWORK,COST IN $,1600,200,0,600,200,3,50,low,high,RISK,2
2,3,4,3,Salaried,4592,Yes,Rents,62,68,84,1,8,DEDUCTIBLE,TIER 1 NETWORK,COST IN $,600,200,1600,0,200,3,50,low,high,RISK,2
3,3,3,4,Hourly,2183,Yes,Owns,37,63,98,1,8,DEDUCTIBLE,TIER 1 NETWORK,COST IN $,0,200,600,1600,200,3,50,low,high,RISK,2
3,3,4,3,Salaried,1622,Yes,Rents,42,55,84,1,8,DEDUCTIBLE,TIER 1 NETWORK,COST IN $,600,200,1600,0,200,3,50,low,high,RISK,2
3,4,3,4,Salaried,4259,Yes,Rents,37,70,81,1,8,DEDUCTIBLE,TIER 1 NETWORK,COST IN $,200,1600,600,0,200,3,50,low,high,RISK,2
4,3,3,4,Salaried,4138,No,Owns,62,55,76,1,8,DEDUCTIBLE,TIER 1 NETWORK,COST IN $,200,600,1600,0,200,3,50,low,high,RISK,2
4,3,4,4,Bonus,2742,No,Owns,64,75,77,1,8,DEDUCTIBLE,TIER 1 NETWORK,COST IN $,0,200,1600,600,200,3,50,low,high,RISK,2
3,3,3,4,Bonus,4027,Yes,Rents,43,60,78,1,8,DEDUCTIBLE,TIER 1 NETWORK,COST IN $,600,200,0,1600,200,3,50,low,high,RISK,2
4,4,2,2,Bonus,3643,No,Rents,59,56,100,1,8,DEDUCTIBLE,TIER 1 NETWORK,COST IN $,0,200,600,1600,200,3,50,low,high,RISK,2
4,2,4,2,Salaried,1855,No,Rents,63,74,85,1,8,DEDUCTIBLE,TIER 1 NETWORK,COST IN $,200,1600,0,600,200,3,50,low,high,RISK,2
3,4,3,2,Salaried,358,No,Rents,50,64,80,1,8,DEDUCTIBLE,TIER 1 NETWORK,COST IN $,1600,0,200,600,200,3,50,low,high,RISK,2
4,3,4,3,Salaried,2175,No,Owns,59,75,83,1,8,DEDUCTIBLE,TIER 1 NETWORK,COST IN $,600,1600,0,200,200,3,50,low,high,RISK,2
4,4,2,2,Bonus,2804,No,Owns,48,51,79,1,8,DEDUCTIBLE,TIER 1 NETWORK,COST IN $,600,200,1600,0,200,3,50,low,high,RISK,2
4,4,4,4,Bonus,2793,Yes,Owns,63,73,76,1,8,DEDUCTIBLE,TIER 1 NETWORK,COST IN $,600,1600,0,200,200,3,50,low,high,RISK,2
4,3,4,2,Salaried,1366,No,Owns,56,61,80,1,8,DEDUCTIBLE,TIER 1 NETWORK,COST IN $,600,200,1600,0,200,3,50,low,high,RISK,2
2,4,4,4,Salaried,3990,No,Rents,53,53,77,1,8,DEDUCTIBLE,TIER 1 NETWORK,COST IN $,600,200,0,1600,200,3,50,low,high,RISK,2
2,4,3,3,Salaried,1625,No,Owns,60,65,80,1,8,DEDUCTIBLE,TIER 1 NETWORK,COST IN $,600,200,1600,0,200,3,50,low,high,RISK,2
4,4,3,3,Hourly,1178,No,Owns,35,54,88,1,8,DEDUCTIBLE,TIER 1 NETWORK,COST IN $,0,200,600,1600,200,3,50,low,high,RISK,2
3,3,2,2,Hourly,2665,No,Rents,41,58,79,1,8,DEDUCTIBLE,TIER 1 NETWORK,COST IN $,1600,200,0,600,200,3,50,low,high,RISK,2
4,4,4,2,Hourly,4144,No,Owns,44,56,75,1,8,DEDUCTIBLE,TIER 1 NETWORK,COST IN $,1600,200,0,600,200,3,50,low,high,RISK,2
3,3,4,3,Hourly,2547,Yes,Owns,55,64,87,1,8,DEDUCTIBLE,TIER 1 NETWORK,COST IN $,600,200,0,1600,200,3,50,low,high,RISK,2
4,3,4,2,Hourly,152,Yes,Owns,58,65,88,1,8,DEDUCTIBLE,TIER 1 NETWORK,COST IN $,600,200,1600,0,200,3,50,low,high,RISK,2
3,2,2,3,Bonus,2909,Yes,Rents,45,60,80,1,8,DEDUCTIBLE,TIER 1 NETWORK,COST IN $,1600,0,200,600,200,3,50,low,high,RISK,2
4,4,3,3,Bonus,2404,Yes,Owns,49,60,83,1,8,DEDUCTIBLE,TIER 1 NETWORK,COST IN $,1600,0,200,600,200,3,50,low,high,RISK,2
4,2,4,4,Bonus,144,Yes,Owns,46,72,79,1,8,DEDUCTIBLE,TIER 1 NETWORK,COST IN $,600,200,1600,0,200,3,50,low,high,RISK,2
4,2,4,2,Hourly,2250,No,Owns,48,68,84,1,8,DEDUCTIBLE,TIER 1 NETWORK,COST IN $,1600,200,600,0,200,3,50,low,high,RISK,2
4,3,3,3,Hourly,4826,No,Owns,47,63,98,1,8,DEDUCTIBLE,TIER 1 NETWORK,COST IN $,1600,0,200,600,200,3,50,low,high,RISK,2
4,4,2,3,Salaried,792,No,Owns,50,55,84,1,8,DEDUCTIBLE,TIER 1 NETWORK,COST IN $,1600,600,0,200,200,3,50,low,high,RISK,2
2,4,2,3,Hourly,3429,No,Rents,58,70,81,1,8,DEDUCTIBLE,TIER 1 NETWORK,COST IN $,0,200,600,1600,200,3,50,low,high,RISK,2
3,4,3,4,Hourly,1596,Yes,Owns,50,55,76,1,8,DEDUCTIBLE,TIER 1 NETWORK,COST IN $,0,200,600,1600,200,3,50,low,high,RISK,2
4,4,4,3,Salaried,83,Yes,Owns,40,75,77,1,8,DEDUCTIBLE,TIER 1 NETWORK,COST IN $,0,600,1600,200,200,3,50,low,high,RISK,2
4,4,3,4,Salaried,3601,No,Owns,38,60,78,1,8,DEDUCTIBLE,TIER 1 NETWORK,COST IN $,1600,200,600,0,200,3,50,low,high,RISK,2
3,4,2,4,Bonus,861,No,Owns,58,56,100,1,8,DEDUCTIBLE,TIER 1 NETWORK,COST IN $,600,1600,0,200,200,3,50,low,high,RISK,2
2,4,4,4,Salaried,2240,Yes,Rents,59,74,85,1,8,DEDUCTIBLE,TIER 1 NETWORK,COST IN $,1600,0,600,200,200,3,50,low,high,RISK,2
3,3,2,2,Hourly,2384,No,Rents,37,67,81,1,8,DEDUCTIBLE,TIER 1 NETWORK,COST IN $,0,200,1600,600,200,3,50,low,high,RISK,2
2,2,3,3,Bonus,2363,Yes,Rents,52,64,80,1,8,DEDUCTIBLE,TIER 1 NETWORK,COST IN $,600,200,1600,0,200,3,50,low,high,RISK,2
3,3,4,2,Salaried,4539,No,Owns,45,75,83,1,8,DEDUCTIBLE,TIER 1 NETWORK,COST IN $,600,200,0,1600,200,3,50,low,high,RISK,2
3,3,2,2,Bonus,489,No,Rents,45,51,79,1,8,DEDUCTIBLE,TIER 1 NETWORK,COST IN $,0,1600,600,200,200,3,50,low,high,RISK,2
4,4,2,4,Bonus,4623,Yes,Owns,40,73,76,1,8,DEDUCTIBLE,TIER 1 NETWORK,COST IN $,200,1600,600,0,200,3,50,low,high,RISK,2
3,3,3,2,Salaried,153,Yes,Owns,36,61,80,1,8,DEDUCTIBLE,TIER 1 NETWORK,COST IN $,0,1600,200,600,200,3,50,low,high,RISK,2
3,4,4,4,Salaried,3954,No,Owns,38,53,77,1,8,DEDUCTIBLE,TIER 1 NETWORK,COST IN $,1600,0,200,600,200,3,50,low,high,RISK,2
3,3,2,3,Salaried,4742,No,Rents,35,65,80,1,8,DEDUCTIBLE,TIER 1 NETWORK,COST IN $,200,1600,600,0,200,3,50,low,high,RISK,2
2,2,2,3,Hourly,3289,No,Rents,59,54,88,1,8,DEDUCTIBLE,TIER 1 NETWORK,COST IN $,0,1600,200,600,200,3,50,low,high,RISK,2
2,2,3,3,Bonus,3409,Yes,Rents,54,58,79,1,8,DEDUCTIBLE,TIER 1 NETWORK,COST IN $,600,200,0,1600,200,3,50,low,high,RISK,2
3,3,4,3,Bonus,3179,No,Rents,42,56,75,1,8,DEDUCTIBLE,TIER 1 NETWORK,COST IN $,1600,600,0,200,200,3,50,low,high,RISK,2
3,3,2,4,Bonus,4271,No,Rents,43,64,87,1,8,DEDUCTIBLE,TIER 1 NETWORK,COST IN $,1600,600,0,200,200,3,50,low,high,RISK,2
3,3,3,2,Hourly,4605,Yes,Rents,46,65,88,1,8,DEDUCTIBLE,TIER 1 NETWORK,COST IN $,0,200,600,1600,200,3,50,low,high,RISK,2
2,4,4,4,Salaried,3042,Yes,Rents,37,60,80,1,8,DEDUCTIBLE,TIER 1 NETWORK,COST IN $,1600,200,600,0,200,3,50,low,high,RISK,2
2,4,4,3,Hourly,170,No,Rents,61,60,83,1,8,DEDUCTIBLE,TIER 1 NETWORK,COST IN $,200,1600,600,0,200,3,50,low,high,RISK,2
2,3,3,4,Salaried,2062,No,Rents,40,72,79,1,8,DEDUCTIBLE,TIER 1 NETWORK,COST IN $,1600,0,600,200,200,3,50,low,high,RISK,2
4,4,4,4,Bonus,1962,No,Rents,35,68,84,1,8,DEDUCTIBLE,TIER 1 NETWORK,COST IN $,0,1600,200,600,200,3,50,low,high,RISK,2
2,2,3,2,Bonus,1006,No,Owns,50,63,98,1,8,DEDUCTIBLE,TIER 1 NETWORK,COST IN $,0,1600,600,200,200,3,50,low,high,RISK,2
2,4,3,4,Salaried,4555,No,Rents,42,55,84,1,8,DEDUCTIBLE,TIER 1 NETWORK,COST IN $,200,0,600,1600,200,3,50,low,high,RISK,2
4,3,4,3,Bonus,458,No,Rents,46,70,81,1,8,DEDUCTIBLE,TIER 1 NETWORK,COST IN $,200,1600,600,0,200,3,50,low,high,RISK,2
4,3,4,3,Hourly,1593,No,Owns,36,55,76,1,8,DEDUCTIBLE,TIER 1 NETWORK,COST IN $,0,600,1600,200,200,3,50,low,high,RISK,2
3,4,2,3,Hourly,4519,Yes,Owns,48,75,77,1,8,DEDUCTIBLE,TIER 1 NETWORK,COST IN $,200,0,600,1600,200,3,50,low,high,RISK,2
2,4,3,3,Bonus,2639,No,Rents,36,60,78,1,8,DEDUCTIBLE,TIER 1 NETWORK,COST IN $,600,0,1600,200,200,3,50,low,high,RISK,2
2,3,4,3,Hourly,2563,Yes,Rents,59,56,100,1,8,DEDUCTIBLE,TIER 1 NETWORK,COST IN $,1600,200,600,0,200,3,50,low,high,RISK,2
3,4,4,4,Bonus,2810,Yes,Owns,58,74,85,1,8,DEDUCTIBLE,TIER 1 NETWORK,COST IN $,0,600,200,1600,200,3,50,low,high,RISK,2
3,4,3,4,Hourly,2954,Yes,Owns,64,67,81,1,8,DEDUCTIBLE,TIER 1 NETWORK,COST IN $,200,0,600,1600,200,3,50,low,high,RISK,2
3,2,4,3,Hourly,2299,Yes,Owns,54,64,80,1,8,DEDUCTIBLE,TIER 1 NETWORK,COST IN $,600,200,1600,0,200,3,50,low,high,RISK,2
2,3,4,4,Hourly,1155,No,Rents,37,75,83,1,8,DEDUCTIBLE,TIER 1 NETWORK,COST IN $,1600,200,600,0,200,3,50,low,high,RISK,2
4,2,4,3,Bonus,1856,Yes,Rents,55,51,79,1,8,DEDUCTIBLE,TIER 1 NETWORK,COST IN $,600,1600,0,200,200,3,50,low,high,RISK,2
4,4,3,3,Salaried,3352,Yes,Rents,38,73,76,1,8,DEDUCTIBLE,TIER 1 NETWORK,COST IN $,200,1600,600,0,200,3,50,low,high,RISK,2
4,3,2,3,Hourly,3735,Yes,Owns,58,61,80,1,8,DEDUCTIBLE,TIER 1 NETWORK,COST IN $,0,600,200,1600,200,3,50,low,high,RISK,2
4,3,3,4,Salaried,1125,Yes,Rents,38,53,77,1,8,DEDUCTIBLE,TIER 1 NETWORK,COST IN $,600,0,1600,200,200,3,50,low,high,RISK,2
4,2,4,2,Bonus,4695,No,Owns,35,65,80,1,8,DEDUCTIBLE,TIER 1 NETWORK,COST IN $,200,1600,0,600,200,3,50,low,high,RISK,2
3,3,3,4,Salaried,1210,No,Rents,62,54,88,1,8,DEDUCTIBLE,TIER 1 NETWORK,COST IN $,200,600,0,1600,200,3,50,low,high,RISK,2
4,4,4,2,Bonus,3149,No,Owns,37,58,79,1,8,DEDUCTIBLE,TIER 1 NETWORK,COST IN $,600,1600,200,0,200,3,50,low,high,RISK,2
4,3,4,4,Bonus,3757,No,Rents,38,56,75,1,8,DEDUCTIBLE,TIER 1 NETWORK,COST IN $,1600,200,0,600,200,3,50,low,high,RISK,2
4,3,4,4,Salaried,4038,Yes,Rents,51,64,87,1,8,DEDUCTIBLE,TIER 1 NETWORK,COST IN $,600,0,1600,200,200,3,50,low,high,RISK,2
2,3,3,4,Bonus,381,No,Owns,41,65,88,1,8,DEDUCTIBLE,TIER 1 NETWORK,COST IN $,1600,600,0,200,200,3,50,low,high,RISK,2
3,3,3,3,Hourly,2879,Yes,Rents,61,60,80,1,8,DEDUCTIBLE,TIER 1 NETWORK,COST IN $,600,1600,200,0,200,3,50,low,high,RISK,2
4,4,3,2,Hourly,2246,No,Owns,62,60,83,1,8,DEDUCTIBLE,TIER 1 NETWORK,COST IN $,600,200,0,1600,200,3,50,low,high,RISK,2
2,4,3,2,Hourly,3337,No,Rents,39,72,79,1,8,DEDUCTIBLE,TIER 1 NETWORK,COST IN $,0,600,1600,200,200,3,50,low,high,RISK,2
4,3,3,4,Hourly,874,No,Owns,63,68,84,1,8,DEDUCTIBLE,TIER 1 NETWORK,COST IN $,200,0,1600,600,200,3,50,low,high,RISK,2
3,4,2,3,Hourly,4470,Yes,Owns,36,63,98,1,8,DEDUCTIBLE,TIER 1 NETWORK,COST IN $,1600,200,0,600,200,3,50,low,high,RISK,2
4,3,4,3,Hourly,3252,Yes,Owns,46,55,84,1,8,DEDUCTIBLE,TIER 1 NETWORK,COST IN $,1600,200,0,600,200,3,50,low,high,RISK,2
3,4,2,3,Hourly,176,Yes,Rents,45,70,81,1,8,DEDUCTIBLE,TIER 1 NETWORK,COST IN $,1600,200,0,600,200,3,50,low,high,RISK,2
4,3,4,2,Hourly,3681,Yes,Owns,38,55,76,1,8,DEDUCTIBLE,TIER 1 NETWORK,COST IN $,200,1600,0,600,200,3,50,low,high,RISK,2
3,4,4,4,Hourly,1019,Yes,Owns,59,75,77,1,8,DEDUCTIBLE,TIER 1 NETWORK,COST IN $,200,600,1600,0,200,3,50,low,high,RISK,2
3,4,4,3,Bonus,4493,Yes,Owns,64,60,78,1,8,DEDUCTIBLE,TIER 1 NETWORK,COST IN $,200,0,1600,600,200,3,50,low,high,RISK,2
3,4,4,2,Salaried,1012,Yes,Owns,58,56,100,1,8,DEDUCTIBLE,TIER 1 NETWORK,COST IN $,200,600,1600,0,200,3,50,low,high,RISK,2
2,2,4,3,Bonus,1248,Yes,Rents,39,74,85,1,8,DEDUCTIBLE,TIER 1 NETWORK,COST IN $,0,200,600,1600,200,3,50,low,high,RISK,2
2,3,3,3,Salaried,1214,No,Owns,37,67,81,1,8,DEDUCTIBLE,TIER 1 NETWORK,COST IN $,200,1600,0,600,200,3,50,low,high,RISK,2
4,3,3,2,Salaried,2852,Yes,Rents,38,64,80,1,8,DEDUCTIBLE,TIER 1 NETWORK,COST IN $,0,600,200,1600,200,3,50,low,high,RISK,2
3,3,2,2,Bonus,1440,Yes,Owns,46,75,83,1,8,DEDUCTIBLE,TIER 1 NETWORK,COST IN $,600,0,200,1600,200,3,50,low,high,RISK,2
4,2,4,3,Bonus,2951,No,Owns,48,51,79,1,8,DEDUCTIBLE,TIER 1 NETWORK,COST IN $,0,200,1600,600,200,3,50,low,high,RISK,2
1,0,0,1,Salaried,4377,No,Rents,4,9,1,1,9,DEDUCTIBLE,TIER 1 NETWORK,COST IN $,1600,600,0,200,600,2,5,high,low,RISK,3
0,0,1,0,Salaried,1919,No,Owns,4,4,5,1,9,DEDUCTIBLE,TIER 1 NETWORK,COST IN $,0,1600,200,600,600,2,5,high,low,RISK,3
0,0,0,0,Salaried,4671,Yes,Rents,7,1,2,1,9,DEDUCTIBLE,TIER 1 NETWORK,COST IN $,200,600,1600,0,600,2,5,high,low,RISK,3
1,1,0,0,Bonus,1139,No,Owns,6,6,5,1,9,DEDUCTIBLE,TIER 1 NETWORK,COST IN $,1600,600,200,0,600,2,5,high,low,RISK,3
0,1,1,0,Bonus,3085,No,Rents,3,1,13,1,9,DEDUCTIBLE,TIER 1 NETWORK,COST IN $,600,0,1600,200,600,2,5,high,low,RISK,3
0,1,1,0,Salaried,912,Yes,Rents,9,3,4,1,9,DEDUCTIBLE,TIER 1 NETWORK,COST IN $,0,1600,200,600,600,2,5,high,low,RISK,3
1,0,1,0,Hourly,3561,Yes,Owns,5,2,0,1,9,DEDUCTIBLE,TIER 1 NETWORK,COST IN $,0,600,1600,200,600,2,5,high,low,RISK,3
1,1,0,0,Hourly,4350,No,Rents,2,5,12,1,9,DEDUCTIBLE,TIER 1 NETWORK,COST IN $,200,0,600,1600,600,2,5,high,low,RISK,3
1,1,0,1,Salaried,3664,No,Owns,1,6,13,1,9,DEDUCTIBLE,TIER 1 NETWORK,COST IN $,0,600,1600,200,600,2,5,high,low,RISK,3
0,0,0,0,Bonus,1972,Yes,Owns,9,4,5,1,9,DEDUCTIBLE,TIER 1 NETWORK,COST IN $,200,600,0,1600,600,2,5,high,low,RISK,3
0,0,1,1,Salaried,1235,Yes,Rents,7,4,8,1,9,DEDUCTIBLE,TIER 1 NETWORK,COST IN $,600,200,1600,0,600,2,5,high,low,RISK,3
0,1,0,0,Bonus,2294,Yes,Owns,4,9,4,1,9,DEDUCTIBLE,TIER 1 NETWORK,COST IN $,0,1600,600,200,600,2,5,high,low,RISK,3
0,0,1,0,Salaried,4592,Yes,Rents,9,7,9,1,9,DEDUCTIBLE,TIER 1 NETWORK,COST IN $,200,1600,0,600,600,2,5,high,low,RISK,3
0,0,0,1,Hourly,2183,Yes,Owns,1,5,23,1,9,DEDUCTIBLE,TIER 1 NETWORK,COST IN $,0,600,200,1600,600,2,5,high,low,RISK,3
0,0,1,0,Salaried,1622,Yes,Rents,2,1,9,1,9,DEDUCTIBLE,TIER 1 NETWORK,COST IN $,600,200,1600,0,600,2,5,high,low,RISK,3
0,1,0,1,Salaried,4259,Yes,Rents,1,8,6,1,9,DEDUCTIBLE,TIER 1 NETWORK,COST IN $,200,600,0,1600,600,2,5,high,low,RISK,3
1,0,0,1,Salaried,4138,No,Owns,9,2,1,1,9,DEDUCTIBLE,TIER 1 NETWORK,COST IN $,200,600,0,1600,600,2,5,high,low,RISK,3
1,0,0,1,Bonus,2742,No,Owns,10,10,2,1,9,DEDUCTIBLE,TIER 1 NETWORK,COST IN $,200,600,0,1600,600,2,5,high,low,RISK,3
0,0,0,1,Bonus,4027,Yes,Rents,3,4,3,1,9,DEDUCTIBLE,TIER 1 NETWORK,COST IN $,200,0,600,1600,600,2,5,high,low,RISK,3
1,0,0,0,Bonus,3643,No,Rents,8,2,25,1,9,DEDUCTIBLE,TIER 1 NETWORK,COST IN $,200,1600,0,600,600,2,5,high,low,RISK,3
1,0,1,0,Salaried,1855,No,Rents,9,10,10,1,9,DEDUCTIBLE,TIER 1 NETWORK,COST IN $,0,200,600,1600,600,2,5,high,low,RISK,3
0,1,0,0,Bonus,4199,No,Owns,7,7,6,1,9,DEDUCTIBLE,TIER 1 NETWORK,COST IN $,200,1600,600,0,600,2,5,high,low,RISK,3
0,1,0,0,Salaried,358,No,Rents,5,5,5,1,9,DEDUCTIBLE,TIER 1 NETWORK,COST IN $,600,0,1600,200,600,2,5,high,low,RISK,3
0,0,1,0,Salaried,2175,No,Owns,8,10,8,1,9,DEDUCTIBLE,TIER 1 NETWORK,COST IN $,200,600,0,1600,600,2,5,high,low,RISK,3
0,1,0,0,Bonus,2804,No,Owns,4,0,4,1,9,DEDUCTIBLE,TIER 1 NETWORK,COST IN $,0,600,200,1600,600,2,5,high,low,RISK,3
1,1,1,0,Bonus,2793,Yes,Owns,9,9,1,1,9,DEDUCTIBLE,TIER 1 NETWORK,COST IN $,1600,600,0,200,600,2,5,high,low,RISK,3
1,0,1,0,Salaried,1366,No,Owns,7,4,5,1,9,DEDUCTIBLE,TIER 1 NETWORK,COST IN $,0,200,600,1600,600,2,5,high,low,RISK,3
0,1,1,1,Salaried,3990,No,Rents,6,1,2,1,9,DEDUCTIBLE,TIER 1 NETWORK,COST IN $,0,200,1600,600,600,2,5,high,low,RISK,3
0,0,0,0,Salaried,1625,No,Owns,8,6,5,1,9,DEDUCTIBLE,TIER 1 NETWORK,COST IN $,200,600,0,1600,600,2,5,high,low,RISK,3
1,1,0,0,Hourly,1178,No,Owns,0,1,13,1,9,DEDUCTIBLE,TIER 1 NETWORK,COST IN $,0,1600,200,600,600,2,5,high,low,RISK,3
0,0,0,0,Hourly,2665,No,Rents,2,3,4,1,9,DEDUCTIBLE,TIER 1 NETWORK,COST IN $,0,1600,600,200,600,2,5,high,low,RISK,3
1,1,1,0,Hourly,4144,No,Owns,3,2,0,1,9,DEDUCTIBLE,TIER 1 NETWORK,COST IN $,600,200,1600,0,600,2,5,high,low,RISK,3
0,0,1,0,Hourly,2547,Yes,Owns,7,5,12,1,9,DEDUCTIBLE,TIER 1 NETWORK,COST IN $,200,1600,600,0,600,2,5,high,low,RISK,3
1,0,1,0,Hourly,152,Yes,Owns,8,6,13,1,9,DEDUCTIBLE,TIER 1 NETWORK,COST IN $,0,600,1600,200,600,2,5,high,low,RISK,3
0,0,0,0,Bonus,2909,Yes,Rents,3,4,5,1,9,DEDUCTIBLE,TIER 1 NETWORK,COST IN $,1600,600,0,200,600,2,5,high,low,RISK,3
1,1,0,0,Bonus,2404,Yes,Owns,5,4,8,1,9,DEDUCTIBLE,TIER 1 NETWORK,COST IN $,0,200,600,1600,600,2,5,high,low,RISK,3
1,0,1,1,Bonus,144,Yes,Owns,4,9,4,1,9,DEDUCTIBLE,TIER 1 NETWORK,COST IN $,1600,200,0,600,600,2,5,high,low,RISK,3
1,0,1,0,Hourly,2250,No,Owns,4,7,9,1,9,DEDUCTIBLE,TIER 1 NETWORK,COST IN $,600,1600,0,200,600,2,5,high,low,RISK,3
1,0,0,0,Hourly,4826,No,Owns,4,5,23,1,9,DEDUCTIBLE,TIER 1 NETWORK,COST IN $,200,0,1600,600,600,2,5,high,low,RISK,3
1,1,0,0,Salaried,792,No,Owns,5,1,9,1,9,DEDUCTIBLE,TIER 1 NETWORK,COST IN $,200,0,1600,600,600,2,5,high,low,RISK,3
0,1,0,0,Hourly,3429,No,Rents,8,8,6,1,9,DEDUCTIBLE,TIER 1 NETWORK,COST IN $,600,1600,0,200,600,2,5,high,low,RISK,3
0,1,0,0,Hourly,1596,Yes,Owns,5,2,1,1,9,DEDUCTIBLE,TIER 1 NETWORK,COST IN $,600,1600,200,0,600,2,5,high,low,RISK,3
1,1,1,0,Salaried,83,Yes,Owns,2,10,2,1,9,DEDUCTIBLE,TIER 1 NETWORK,COST IN $,600,200,0,1600,600,2,5,high,low,RISK,3
1,1,0,1,Salaried,3601,No,Owns,1,4,3,1,9,DEDUCTIBLE,TIER 1 NETWORK,COST IN $,0,1600,200,600,600,2,5,high,low,RISK,3
0,0,0,1,Bonus,861,No,Owns,8,2,25,1,9,DEDUCTIBLE,TIER 1 NETWORK,COST IN $,600,1600,0,200,600,2,5,high,low,RISK,3
0,1,1,1,Salaried,2240,Yes,Rents,8,10,10,1,9,DEDUCTIBLE,TIER 1 NETWORK,COST IN $,0,1600,600,200,600,2,5,high,low,RISK,3
0,0,0,0,Hourly,2384,No,Rents,1,7,6,1,9,DEDUCTIBLE,TIER 1 NETWORK,COST IN $,1600,200,0,600,600,2,5,high,low,RISK,3
0,0,0,0,Bonus,2363,Yes,Rents,6,5,5,1,9,DEDUCTIBLE,TIER 1 NETWORK,COST IN $,1600,600,0,200,600,2,5,high,low,RISK,3
0,0,1,0,Salaried,4539,No,Owns,3,10,8,1,9,DEDUCTIBLE,TIER 1 NETWORK,COST IN $,1600,0,600,200,600,2,5,high,low,RISK,3
0,0,0,0,Bonus,489,No,Rents,3,0,4,1,9,DEDUCTIBLE,TIER 1 NETWORK,COST IN $,1600,200,600,0,600,2,5,high,low,RISK,3
0,1,0,1,Bonus,4623,Yes,Owns,2,9,1,1,9,DEDUCTIBLE,TIER 1 NETWORK,COST IN $,600,1600,200,0,600,2,5,high,low,RISK,3
0,0,0,0,Salaried,153,Yes,Owns,0,4,5,1,9,DEDUCTIBLE,TIER 1 NETWORK,COST IN $,200,600,1600,0,600,2,5,high,low,RISK,3
0,1,1,0,Salaried,3954,No,Owns,1,1,2,1,9,DEDUCTIBLE,TIER 1 NETWORK,COST IN $,200,1600,0,600,600,2,5,high,low,RISK,3
0,0,0,0,Salaried,4742,No,Rents,0,6,5,1,9,DEDUCTIBLE,TIER 1 NETWORK,COST IN $,600,200,0,1600,600,2,5,high,low,RISK,3
0,0,0,0,Hourly,3289,No,Rents,8,1,13,1,9,DEDUCTIBLE,TIER 1 NETWORK,COST IN $,600,200,1600,0,600,2,5,high,low,RISK,3
0,0,0,0,Bonus,3409,Yes,Rents,6,3,4,1,9,DEDUCTIBLE,TIER 1 NETWORK,COST IN $,1600,200,600,0,600,2,5,high,low,RISK,3
0,0,1,0,Bonus,3179,No,Rents,2,2,0,1,9,DEDUCTIBLE,TIER 1 NETWORK,COST IN $,200,600,1600,0,600,2,5,high,low,RISK,3
0,0,0,0,Bonus,4271,No,Rents,3,5,12,1,9,DEDUCTIBLE,TIER 1 NETWORK,COST IN $,0,200,600,1600,600,2,5,high,low,RISK,3
0,0,0,0,Hourly,4605,Yes,Rents,4,6,13,1,9,DEDUCTIBLE,TIER 1 NETWORK,COST IN $,200,1600,0,600,600,2,5,high,low,RISK,3
0,1,1,1,Salaried,3042,Yes,Rents,1,4,5,1,9,DEDUCTIBLE,TIER 1 NETWORK,COST IN $,0,600,1600,200,600,2,5,high,low,RISK,3
0,1,1,0,Hourly,170,No,Rents,9,4,8,1,9,DEDUCTIBLE,TIER 1 NETWORK,COST IN $,600,1600,200,0,600,2,5,high,low,RISK,3
0,0,0,1,Salaried,2062,No,Rents,2,9,4,1,9,DEDUCTIBLE,TIER 1 NETWORK,COST IN $,1600,0,600,200,600,2,5,high,low,RISK,3
1,0,1,1,Bonus,1962,No,Rents,0,7,9,1,9,DEDUCTIBLE,TIER 1 NETWORK,COST IN $,1600,0,200,600,600,2,5,high,low,RISK,3
0,0,0,0,Bonus,1006,No,Owns,5,5,23,1,9,DEDUCTIBLE,TIER 1 NETWORK,COST IN $,1600,0,600,200,600,2,5,high,low,RISK,3
0,1,0,1,Salaried,4555,No,Rents,2,1,9,1,9,DEDUCTIBLE,TIER 1 NETWORK,COST IN $,600,1600,0,200,600,2,5,high,low,RISK,3
1,0,1,0,Bonus,458,No,Rents,4,8,6,1,9,DEDUCTIBLE,TIER 1 NETWORK,COST IN $,0,1600,600,200,600,2,5,high,low,RISK,3
1,0,1,0,Hourly,1593,No,Owns,0,2,1,1,9,DEDUCTIBLE,TIER 1 NETWORK,COST IN $,600,200,0,1600,600,2,5,high,low,RISK,3
0,1,0,0,Hourly,4519,Yes,Owns,4,10,2,1,9,DEDUCTIBLE,TIER 1 NETWORK,COST IN $,600,0,200,1600,600,2,5,high,low,RISK,3
0,1,0,0,Bonus,2639,No,Rents,0,4,3,1,9,DEDUCTIBLE,TIER 1 NETWORK,COST IN $,200,600,1600,0,600,2,5,high,low,RISK,3
0,0,1,0,Hourly,2563,Yes,Rents,8,2,25,1,9,DEDUCTIBLE,TIER 1 NETWORK,COST IN $,600,1600,0,200,600,2,5,high,low,RISK,3
0,0,1,1,Bonus,2810,Yes,Owns,8,10,10,1,9,DEDUCTIBLE,TIER 1 NETWORK,COST IN $,200,1600,0,600,600,2,5,high,low,RISK,3
0,0,0,1,Hourly,2954,Yes,Owns,10,7,6,1,9,DEDUCTIBLE,TIER 1 NETWORK,COST IN $,600,200,0,1600,600,2,5,high,low,RISK,3
0,0,1,0,Hourly,2299,Yes,Owns,6,5,5,1,9,DEDUCTIBLE,TIER 1 NETWORK,COST IN $,1600,0,600,200,600,2,5,high,low,RISK,3
0,0,1,1,Hourly,1155,No,Rents,1,10,8,1,9,DEDUCTIBLE,TIER 1 NETWORK,COST IN $,0,600,1600,200,600,2,5,high,low,RISK,3
1,0,1,0,Bonus,1856,Yes,Rents,7,0,4,1,9,DEDUCTIBLE,TIER 1 NETWORK,COST IN $,200,1600,0,600,600,2,5,high,low,RISK,3
1,1,0,0,Salaried,3352,Yes,Rents,1,9,1,1,9,DEDUCTIBLE,TIER 1 NETWORK,COST IN $,0,200,600,1600,600,2,5,high,low,RISK,3
1,0,0,0,Hourly,3735,Yes,Owns,8,4,5,1,9,DEDUCTIBLE,TIER 1 NETWORK,COST IN $,200,0,1600,600,600,2,5,high,low,RISK,3
1,0,0,1,Salaried,1125,Yes,Rents,1,1,2,1,9,DEDUCTIBLE,TIER 1 NETWORK,COST IN $,0,600,1600,200,600,2,5,high,low,RISK,3
1,0,1,0,Bonus,4695,No,Owns,0,6,5,1,9,DEDUCTIBLE,TIER 1 NETWORK,COST IN $,0,200,1600,600,600,2,5,high,low,RISK,3
0,0,0,1,Salaried,1210,No,Rents,9,1,13,1,9,DEDUCTIBLE,TIER 1 NETWORK,COST IN $,1600,600,0,200,600,2,5,high,low,RISK,3
1,1,1,0,Bonus,3149,No,Owns,1,3,4,1,9,DEDUCTIBLE,TIER 1 NETWORK,COST IN $,600,1600,200,0,600,2,5,high,low,RISK,3
1,0,0,0,Bonus,3757,No,Rents,1,2,0,1,9,DEDUCTIBLE,TIER 1 NETWORK,COST IN $,1600,0,200,600,600,2,5,high,low,RISK,3
1,0,1,1,Salaried,4038,Yes,Rents,5,5,12,1,9,DEDUCTIBLE,TIER 1 NETWORK,COST IN $,1600,200,0,600,600,2,5,high,low,RISK,3
0,0,0,1,Bonus,381,No,Owns,2,6,13,1,9,DEDUCTIBLE,TIER 1 NETWORK,COST IN $,0,1600,600,200,600,2,5,high,low,RISK,3
0,0,0,0,Hourly,2879,Yes,Rents,9,4,5,1,9,DEDUCTIBLE,TIER 1 NETWORK,COST IN $,200,600,1600,0,600,2,5,high,low,RISK,3
0,1,0,0,Hourly,2246,No,Owns,9,4,8,1,9,DEDUCTIBLE,TIER 1 NETWORK,COST IN $,1600,0,600,200,600,2,5,high,low,RISK,3
0,1,0,0,Hourly,3337,No,Rents,1,9,4,1,9,DEDUCTIBLE,TIER 1 NETWORK,COST IN $,1600,200,0,600,600,2,5,high,low,RISK,3
1,0,0,0,Hourly,874,No,Owns,9,7,9,1,9,DEDUCTIBLE,TIER 1 NETWORK,COST IN $,200,600,0,1600,600,2,5,high,low,RISK,3
0,1,0,0,Hourly,4470,Yes,Owns,0,5,23,1,9,DEDUCTIBLE,TIER 1 NETWORK,COST IN $,600,1600,200,0,600,2,5,high,low,RISK,3
1,0,1,0,Hourly,3252,Yes,Owns,4,1,9,1,9,DEDUCTIBLE,TIER 1 NETWORK,COST IN $,0,600,1600,200,600,2,5,high,low,RISK,3
0,1,0,0,Hourly,176,Yes,Rents,3,8,6,1,9,DEDUCTIBLE,TIER 1 NETWORK,COST IN $,0,1600,600,200,600,2,5,high,low,RISK,3
0,0,1,0,Hourly,3681,Yes,Owns,1,2,1,1,9,DEDUCTIBLE,TIER 1 NETWORK,COST IN $,0,600,200,1600,600,2,5,high,low,RISK,3
0,1,1,1,Hourly,1019,Yes,Owns,8,10,2,1,9,DEDUCTIBLE,TIER 1 NETWORK,COST IN $,600,0,1600,200,600,2,5,high,low,RISK,3
0,1,1,0,Bonus,4493,Yes,Owns,10,4,3,1,9,DEDUCTIBLE,TIER 1 NETWORK,COST IN $,1600,0,200,600,600,2,5,high,low,RISK,3
0,1,1,0,Salaried,1012,Yes,Owns,8,2,25,1,9,DEDUCTIBLE,TIER 1 NETWORK,COST IN $,0,600,200,1600,600,2,5,high,low,RISK,3
0,0,0,0,Bonus,1248,Yes,Rents,1,10,10,1,9,DEDUCTIBLE,TIER 1 NETWORK,COST IN $,200,600,0,1600,600,2,5,high,low,RISK,3
0,0,0,0,Salaried,1214,No,Owns,1,7,6,1,9,DEDUCTIBLE,TIER 1 NETWORK,COST IN $,0,1600,200,600,600,2,5,high,low,RISK,3
1,0,0,0,Salaried,2852,Yes,Rents,1,5,5,1,9,DEDUCTIBLE,TIER 1 NETWORK,COST IN $,1600,200,600,0,600,2,5,high,low,RISK,3
0,0,0,0,Bonus,1440,Yes,Owns,4,10,8,1,9,DEDUCTIBLE,TIER 1 NETWORK,COST IN $,200,0,600,1600,600,2,5,high,low,RISK,3
2,1,0,2,Salaried,4377,No,Rents,10,19,27,1,10,DEDUCTIBLE,TIER 1 NETWORK,COST IN $,0,600,1600,200,600,2,10,high,low,RISK,3
0,1,1,0,Salaried,1919,No,Owns,10,15,31,1,10,DEDUCTIBLE,TIER 1 NETWORK,COST IN $,1600,600,0,200,600,2,10,high,low,RISK,3
1,1,0,0,Salaried,4671,Yes,Rents,15,12,28,1,10,DEDUCTIBLE,TIER 1 NETWORK,COST IN $,0,1600,600,200,600,2,10,high,low,RISK,3
2,1,0,0,Bonus,1139,No,Owns,13,16,31,1,10,DEDUCTIBLE,TIER 1 NETWORK,COST IN $,1600,0,600,200,600,2,10,high,low,RISK,3
1,1,2,1,Bonus,3085,No,Rents,9,12,39,1,10,DEDUCTIBLE,TIER 1 NETWORK,COST IN $,0,600,200,1600,600,2,10,high,low,RISK,3
0,1,2,0,Salaried,912,Yes,Rents,16,14,30,1,10,DEDUCTIBLE,TIER 1 NETWORK,COST IN $,200,1600,600,0,600,2,10,high,low,RISK,3
1,0,2,1,Hourly,3561,Yes,Owns,12,13,26,1,10,DEDUCTIBLE,TIER 1 NETWORK,COST IN $,600,200,0,1600,600,2,10,high,low,RISK,3
1,2,0,0,Hourly,4350,No,Rents,7,16,37,1,10,DEDUCTIBLE,TIER 1 NETWORK,COST IN $,0,1600,200,600,600,2,10,high,low,RISK,3
2,2,1,2,Salaried,3664,No,Owns,7,16,39,1,10,DEDUCTIBLE,TIER 1 NETWORK,COST IN $,200,1600,600,0,600,2,10,high,low,RISK,3
0,0,0,1,Bonus,1972,Yes,Owns,17,14,30,1,10,DEDUCTIBLE,TIER 1 NETWORK,COST IN $,0,600,200,1600,600,2,10,high,low,RISK,3
1,0,2,2,Salaried,1235,Yes,Rents,14,14,34,1,10,DEDUCTIBLE,TIER 1 NETWORK,COST IN $,1600,600,200,0,600,2,10,high,low,RISK,3
0,2,0,1,Bonus,2294,Yes,Owns,10,19,30,1,10,DEDUCTIBLE,TIER 1 NETWORK,COST IN $,0,1600,200,600,600,2,10,high,low,RISK,3
0,1,2,0,Salaried,4592,Yes,Rents,16,17,35,1,10,DEDUCTIBLE,TIER 1 NETWORK,COST IN $,1600,0,200,600,600,2,10,high,low,RISK,3
0,0,1,1,Hourly,2183,Yes,Owns,6,15,48,1,10,DEDUCTIBLE,TIER 1 NETWORK,COST IN $,200,0,600,1600,600,2,10,high,low,RISK,3
1,1,2,1,Salaried,1622,Yes,Rents,8,12,35,1,10,DEDUCTIBLE,TIER 1 NETWORK,COST IN $,600,1600,200,0,600,2,10,high,low,RISK,3
1,2,1,2,Salaried,4259,Yes,Rents,6,18,32,1,10,DEDUCTIBLE,TIER 1 NETWORK,COST IN $,200,0,1600,600,600,2,10,high,low,RISK,3
2,1,1,2,Salaried,4138,No,Owns,17,13,27,1,10,DEDUCTIBLE,TIER 1 NETWORK,COST IN $,600,1600,200,0,600,2,10,high,low,RISK,3
2,0,1,2,Bonus,2742,No,Owns,17,20,28,1,10,DEDUCTIBLE,TIER 1 NETWORK,COST IN $,200,600,0,1600,600,2,10,high,low,RISK,3
1,1,0,2,Bonus,4027,Yes,Rents,8,14,29,1,10,DEDUCTIBLE,TIER 1 NETWORK,COST IN $,200,0,600,1600,600,2,10,high,low,RISK,3
1,1,0,0,Bonus,3643,No,Rents,16,13,50,1,10,DEDUCTIBLE,TIER 1 NETWORK,COST IN $,200,1600,600,0,600,2,10,high,low,RISK,3
1,0,2,0,Salaried,1855,No,Rents,17,20,35,1,10,DEDUCTIBLE,TIER 1 NETWORK,COST IN $,600,1600,0,200,600,2,10,high,low,RISK,3
1,2,0,1,Bonus,4199,No,Owns,14,17,32,1,10,DEDUCTIBLE,TIER 1 NETWORK,COST IN $,600,1600,200,0,600,2,10,high,low,RISK,3
0,2,1,0,Salaried,358,No,Rents,12,16,31,1,10,DEDUCTIBLE,TIER 1 NETWORK,COST IN $,600,1600,0,200,600,2,10,high,low,RISK,3
1,1,1,1,Salaried,2175,No,Owns,16,20,34,1,10,DEDUCTIBLE,TIER 1 NETWORK,COST IN $,200,600,1600,0,600,2,10,high,low,RISK,3
1,1,0,0,Bonus,2804,No,Owns,11,11,30,1,10,DEDUCTIBLE,TIER 1 NETWORK,COST IN $,0,1600,600,200,600,2,10,high,low,RISK,3
2,1,2,1,Bonus,2793,Yes,Owns,17,19,27,1,10,DEDUCTIBLE,TIER 1 NETWORK,COST IN $,0,1600,600,200,600,2,10,high,low,RISK,3
2,0,2,0,Salaried,1366,No,Owns,14,15,31,1,10,DEDUCTIBLE,TIER 1 NETWORK,COST IN $,600,200,1600,0,600,2,10,high,low,RISK,3
0,1,1,2,Salaried,3990,No,Rents,13,12,28,1,10,DEDUCTIBLE,TIER 1 NETWORK,COST IN $,600,1600,200,0,600,2,10,high,low,RISK,3
0,1,1,0,Salaried,1625,No,Owns,16,16,31,1,10,DEDUCTIBLE,TIER 1 NETWORK,COST IN $,600,1600,0,200,600,2,10,high,low,RISK,3
1,2,0,0,Hourly,1178,No,Owns,5,12,39,1,10,DEDUCTIBLE,TIER 1 NETWORK,COST IN $,0,200,600,1600,600,2,10,high,low,RISK,3
1,1,0,0,Hourly,2665,No,Rents,8,14,30,1,10,DEDUCTIBLE,TIER 1 NETWORK,COST IN $,0,200,1600,600,600,2,10,high,low,RISK,3
1,1,2,0,Hourly,4144,No,Owns,9,13,26,1,10,DEDUCTIBLE,TIER 1 NETWORK,COST IN $,200,0,600,1600,600,2,10,high,low,RISK,3
1,1,2,0,Hourly,2547,Yes,Owns,14,16,37,1,10,DEDUCTIBLE,TIER 1 NETWORK,COST IN $,0,1600,200,600,600,2,10,high,low,RISK,3
1,1,1,0,Hourly,152,Yes,Owns,15,16,39,1,10,DEDUCTIBLE,TIER 1 NETWORK,COST IN $,0,1600,600,200,600,2,10,high,low,RISK,3
0,0,0,0,Bonus,2909,Yes,Rents,9,14,30,1,10,DEDUCTIBLE,TIER 1 NETWORK,COST IN $,600,1600,0,200,600,2,10,high,low,RISK,3
2,2,1,1,Bonus,2404,Yes,Owns,11,14,34,1,10,DEDUCTIBLE,TIER 1 NETWORK,COST IN $,600,1600,0,200,600,2,10,high,low,RISK,3
2,0,1,2,Bonus,144,Yes,Owns,10,19,30,1,10,DEDUCTIBLE,TIER 1 NETWORK,COST IN $,200,600,0,1600,600,2,10,high,low,RISK,3
2,0,1,0,Hourly,2250,No,Owns,11,17,35,1,10,DEDUCTIBLE,TIER 1 NETWORK,COST IN $,200,1600,0,600,600,2,10,high,low,RISK,3
2,0,0,0,Hourly,4826,No,Owns,10,15,48,1,10,DEDUCTIBLE,TIER 1 NETWORK,COST IN $,200,600,0,1600,600,2,10,high,low,RISK,3
1,1,0,0,Salaried,792,No,Owns,12,12,35,1,10,DEDUCTIBLE,TIER 1 NETWORK,COST IN $,600,0,200,1600,600,2,10,high,low,RISK,3
0,2,0,1,Hourly,3429,No,Rents,15,18,32,1,10,DEDUCTIBLE,TIER 1 NETWORK,COST IN $,200,1600,0,600,600,2,10,high,low,RISK,3
0,2,0,1,Hourly,1596,Yes,Owns,11,13,27,1,10,DEDUCTIBLE,TIER 1 NETWORK,COST IN $,600,0,200,1600,600,2,10,high,low,RISK,3
1,1,2,0,Salaried,83,Yes,Owns,7,20,28,1,10,DEDUCTIBLE,TIER 1 NETWORK,COST IN $,0,1600,200,600,600,2,10,high,low,RISK,3
1,2,0,2,Salaried,3601,No,Owns,6,14,29,1,10,DEDUCTIBLE,TIER 1 NETWORK,COST IN $,600,200,1600,0,600,2,10,high,low,RISK,3
1,1,0,1,Bonus,861,No,Owns,15,13,50,1,10,DEDUCTIBLE,TIER 1 NETWORK,COST IN $,0,200,600,1600,600,2,10,high,low,RISK,3
0,2,2,2,Salaried,2240,Yes,Rents,15,20,35,1,10,DEDUCTIBLE,TIER 1 NETWORK,COST IN $,200,600,0,1600,600,2,10,high,low,RISK,3
1,0,0,0,Hourly,2384,No,Rents,6,17,32,1,10,DEDUCTIBLE,TIER 1 NETWORK,COST IN $,200,600,1600,0,600,2,10,high,low,RISK,3
0,0,0,0,Bonus,2363,Yes,Rents,12,16,31,1,10,DEDUCTIBLE,TIER 1 NETWORK,COST IN $,1600,0,200,600,600,2,10,high,low,RISK,3
1,1,2,0,Salaried,4539,No,Owns,10,20,34,1,10,DEDUCTIBLE,TIER 1 NETWORK,COST IN $,200,0,1600,600,600,2,10,high,low,RISK,3
1,1,0,0,Bonus,489,No,Rents,9,11,30,1,10,DEDUCTIBLE,TIER 1 NETWORK,COST IN $,200,1600,0,600,600,2,10,high,low,RISK,3
1,2,0,2,Bonus,4623,Yes,Owns,7,19,27,1,10,DEDUCTIBLE,TIER 1 NETWORK,COST IN $,1600,600,200,0,600,2,10,high,low,RISK,3
1,0,0,0,Salaried,153,Yes,Owns,5,15,31,1,10,DEDUCTIBLE,TIER 1 NETWORK,COST IN $,0,600,200,1600,600,2,10,high,low,RISK,3
0,2,2,1,Salaried,3954,No,Owns,6,12,28,1,10,DEDUCTIBLE,TIER 1 NETWORK,COST IN $,1600,200,600,0,600,2,10,high,low,RISK,3
0,1,0,0,Salaried,4742,No,Rents,5,16,31,1,10,DEDUCTIBLE,TIER 1 NETWORK,COST IN $,0,600,1600,200,600,2,10,high,low,RISK,3
0,0,0,1,Hourly,3289,No,Rents,15,12,39,1,10,DEDUCTIBLE,TIER 1 NETWORK,COST IN $,600,200,1600,0,600,2,10,high,low,RISK,3
0,0,1,1,Bonus,3409,Yes,Rents,13,14,30,1,10,DEDUCTIBLE,TIER 1 NETWORK,COST IN $,1600,600,0,200,600,2,10,high,low,RISK,3
0,0,2,1,Bonus,3179,No,Rents,8,13,26,1,10,DEDUCTIBLE,TIER 1 NETWORK,COST IN $,1600,600,0,200,600,2,10,high,low,RISK,3
0,0,0,1,Bonus,4271,No,Rents,9,16,37,1,10,DEDUCTIBLE,TIER 1 NETWORK,COST IN $,1600,200,600,0,600,2,10,high,low,RISK,3
0,0,0,0,Hourly,4605,Yes,Rents,10,16,39,1,10,DEDUCTIBLE,TIER 1 NETWORK,COST IN $,0,600,200,1600,600,2,10,high,low,RISK,3
0,2,2,2,Salaried,3042,Yes,Rents,6,14,30,1,10,DEDUCTIBLE,TIER 1 NETWORK,COST IN $,200,600,1600,0,600,2,10,high,low,RISK,3
0,2,2,0,Hourly,170,No,Rents,16,14,34,1,10,DEDUCTIBLE,TIER 1 NETWORK,COST IN $,600,1600,200,0,600,2,10,high,low,RISK,3
0,1,0,2,Salaried,2062,No,Rents,7,19,30,1,10,DEDUCTIBLE,TIER 1 NETWORK,COST IN $,0,600,200,1600,600,2,10,high,low,RISK,3
1,1,2,2,Bonus,1962,No,Rents,5,17,35,1,10,DEDUCTIBLE,TIER 1 NETWORK,COST IN $,200,0,600,1600,600,2,10,high,low,RISK,3
0,0,0,0,Bonus,1006,No,Owns,11,15,48,1,10,DEDUCTIBLE,TIER 1 NETWORK,COST IN $,600,1600,200,0,600,2,10,high,low,RISK,3
0,2,1,2,Salaried,4555,No,Rents,8,12,35,1,10,DEDUCTIBLE,TIER 1 NETWORK,COST IN $,200,0,1600,600,600,2,10,high,low,RISK,3
2,1,1,0,Bonus,458,No,Rents,10,18,32,1,10,DEDUCTIBLE,TIER 1 NETWORK,COST IN $,600,0,200,1600,600,2,10,high,low,RISK,3
2,0,2,1,Hourly,1593,No,Owns,5,13,27,1,10,DEDUCTIBLE,TIER 1 NETWORK,COST IN $,600,1600,200,0,600,2,10,high,low,RISK,3
0,2,0,1,Hourly,4519,Yes,Owns,11,20,28,1,10,DEDUCTIBLE,TIER 1 NETWORK,COST IN $,200,600,1600,0,600,2,10,high,low,RISK,3
0,1,0,0,Bonus,2639,No,Rents,5,14,29,1,10,DEDUCTIBLE,TIER 1 NETWORK,COST IN $,200,1600,0,600,600,2,10,high,low,RISK,3
0,0,2,1,Hourly,2563,Yes,Rents,15,13,50,1,10,DEDUCTIBLE,TIER 1 NETWORK,COST IN $,600,200,1600,0,600,2,10,high,low,RISK,3
0,1,2,1,Bonus,2810,Yes,Owns,15,20,35,1,10,DEDUCTIBLE,TIER 1 NETWORK,COST IN $,200,1600,600,0,600,2,10,high,low,RISK,3
1,1,0,1,Hourly,2954,Yes,Owns,18,17,32,1,10,DEDUCTIBLE,TIER 1 NETWORK,COST IN $,600,200,0,1600,600,2,10,high,low,RISK,3
1,0,2,0,Hourly,2299,Yes,Owns,13,16,31,1,10,DEDUCTIBLE,TIER 1 NETWORK,COST IN $,0,1600,600,200,600,2,10,high,low,RISK,3
0,0,1,2,Hourly,1155,No,Rents,6,20,34,1,10,DEDUCTIBLE,TIER 1 NETWORK,COST IN $,600,0,1600,200,600,2,10,high,low,RISK,3
1,0,2,0,Bonus,1856,Yes,Rents,14,11,30,1,10,DEDUCTIBLE,TIER 1 NETWORK,COST IN $,200,0,600,1600,600,2,10,high,low,RISK,3
2,1,1,0,Salaried,3352,Yes,Rents,6,19,27,1,10,DEDUCTIBLE,TIER 1 NETWORK,COST IN $,0,1600,200,600,600,2,10,high,low,RISK,3
2,0,0,1,Hourly,3735,Yes,Owns,15,15,31,1,10,DEDUCTIBLE,TIER 1 NETWORK,COST IN $,600,0,1600,200,600,2,10,high,low,RISK,3
2,1,0,2,Salaried,1125,Yes,Rents,6,12,28,1,10,DEDUCTIBLE,TIER 1 NETWORK,COST IN $,200,600,1600,0,600,2,10,high,low,RISK,3
2,0,1,0,Bonus,4695,No,Owns,5,16,31,1,10,DEDUCTIBLE,TIER 1 NETWORK,COST IN $,600,0,200,1600,600,2,10,high,low,RISK,3
1,1,1,1,Salaried,1210,No,Rents,17,12,39,1,10,DEDUCTIBLE,TIER 1 NETWORK,COST IN $,200,600,1600,0,600,2,10,high,low,RISK,3
1,2,1,0,Bonus,3149,No,Owns,6,14,30,1,10,DEDUCTIBLE,TIER 1 NETWORK,COST IN $,200,0,600,1600,600,2,10,high,low,RISK,3
1,1,1,1,Bonus,3757,No,Rents,6,13,26,1,10,DEDUCTIBLE,TIER 1 NETWORK,COST IN $,0,600,200,1600,600,2,10,high,low,RISK,3
1,0,2,1,Salaried,4038,Yes,Rents,12,16,37,1,10,DEDUCTIBLE,TIER 1 NETWORK,COST IN $,0,1600,600,200,600,2,10,high,low,RISK,3
0,0,0,2,Bonus,381,No,Owns,8,16,39,1,10,DEDUCTIBLE,TIER 1 NETWORK,COST IN $,600,200,0,1600,600,2,10,high,low,RISK,3
0,0,1,1,Hourly,2879,Yes,Rents,16,14,30,1,10,DEDUCTIBLE,TIER 1 NETWORK,COST IN $,0,600,1600,200,600,2,10,high,low,RISK,3
1,2,0,0,Hourly,2246,No,Owns,17,14,34,1,10,DEDUCTIBLE,TIER 1 NETWORK,COST IN $,1600,0,200,600,600,2,10,high,low,RISK,3
0,2,1,0,Hourly,3337,No,Rents,7,19,30,1,10,DEDUCTIBLE,TIER 1 NETWORK,COST IN $,200,1600,600,0,600,2,10,high,low,RISK,3
1,1,1,1,Hourly,874,No,Owns,17,17,35,1,10,DEDUCTIBLE,TIER 1 NETWORK,COST IN $,0,1600,200,600,600,2,10,high,low,RISK,3
0,1,0,0,Hourly,4470,Yes,Owns,6,15,48,1,10,DEDUCTIBLE,TIER 1 NETWORK,COST IN $,0,1600,600,200,600,2,10,high,low,RISK,3
2,0,1,1,Hourly,3252,Yes,Owns,10,12,35,1,10,DEDUCTIBLE,TIER 1 NETWORK,COST IN $,600,0,200,1600,600,2,10,high,low,RISK,3
0,2,0,1,Hourly,176,Yes,Rents,9,18,32,1,10,DEDUCTIBLE,TIER 1 NETWORK,COST IN $,1600,200,0,600,600,2,10,high,low,RISK,3
1,0,2,0,Hourly,3681,Yes,Owns,6,13,27,1,10,DEDUCTIBLE,TIER 1 NETWORK,COST IN $,1600,600,200,0,600,2,10,high,low,RISK,3
1,2,1,2,Hourly,1019,Yes,Owns,15,20,28,1,10,DEDUCTIBLE,TIER 1 NETWORK,COST IN $,600,0,1600,200,600,2,10,high,low,RISK,3
1,2,1,1,Bonus,4493,Yes,Owns,18,14,29,1,10,DEDUCTIBLE,TIER 1 NETWORK,COST IN $,1600,600,200,0,600,2,10,high,low,RISK,3
1,2,2,0,Salaried,1012,Yes,Owns,15,13,50,1,10,DEDUCTIBLE,TIER 1 NETWORK,COST IN $,1600,0,600,200,600,2,10,high,low,RISK,3
0,0,1,1,Bonus,1248,Yes,Rents,7,20,35,1,10,DEDUCTIBLE,TIER 1 NETWORK,COST IN $,600,0,1600,200,600,2,10,high,low,RISK,3
0,0,1,0,Salaried,1214,No,Owns,6,17,32,1,10,DEDUCTIBLE,TIER 1 NETWORK,COST IN $,1600,0,200,600,600,2,10,high,low,RISK,3
1,0,1,0,Salaried,2852,Yes,Rents,6,16,31,1,10,DEDUCTIBLE,TIER 1 NETWORK,COST IN $,0,200,1600,600,600,2,10,high,low,RISK,3
1,0,0,0,Bonus,1440,Yes,Owns,10,20,34,1,10,DEDUCTIBLE,TIER 1 NETWORK,COST IN $,0,1600,200,600,600,2,10,high,low,RISK,3
1,0,1,0,Bonus,2951,No,Owns,11,11,30,1,10,DEDUCTIBLE,TIER 1 NETWORK,COST IN $,200,600,1600,0,600,2,10,high,low,RISK,3
3,2,1,3,Salaried,4377,No,Rents,24,48,52,1,11,DEDUCTIBLE,TIER 1 NETWORK,COST IN $,200,1600,0,600,200,3,20,high,low,RISK,3
1,1,2,1,Salaried,1919,No,Owns,25,33,56,1,11,DEDUCTIBLE,TIER 1 NETWORK,COST IN $,1600,200,0,600,200,3,20,high,low,RISK,3
2,2,1,1,Salaried,4671,Yes,Rents,33,23,53,1,11,DEDUCTIBLE,TIER 1 NETWORK,COST IN $,0,200,600,1600,200,3,20,high,low,RISK,3
3,2,1,1,Bonus,1139,No,Owns,29,38,56,1,11,DEDUCTIBLE,TIER 1 NETWORK,COST IN $,200,1600,0,600,200,3,20,high,low,RISK,3
1,2,3,2,Bonus,3085,No,Rents,23,24,64,1,11,DEDUCTIBLE,TIER 1 NETWORK,COST IN $,200,1600,0,600,200,3,20,high,low,RISK,3
1,2,3,1,Salaried,912,Yes,Rents,37,29,55,1,11,DEDUCTIBLE,TIER 1 NETWORK,COST IN $,0,600,1600,200,200,3,20,high,low,RISK,3
2,1,3,2,Hourly,3561,Yes,Owns,28,26,51,1,11,DEDUCTIBLE,TIER 1 NETWORK,COST IN $,200,0,600,1600,200,3,20,high,low,RISK,3
2,3,1,1,Hourly,4350,No,Rents,19,36,62,1,11,DEDUCTIBLE,TIER 1 NETWORK,COST IN $,200,0,1600,600,200,3,20,high,low,RISK,3
1,1,1,1,Bonus,1972,Yes,Owns,38,31,55,1,11,DEDUCTIBLE,TIER 1 NETWORK,COST IN $,0,200,600,1600,200,3,20,high,low,RISK,3
1,1,3,3,Salaried,1235,Yes,Rents,32,31,59,1,11,DEDUCTIBLE,TIER 1 NETWORK,COST IN $,1600,0,600,200,200,3,20,high,low,RISK,3
1,3,1,2,Bonus,2294,Yes,Owns,25,47,55,1,11,DEDUCTIBLE,TIER 1 NETWORK,COST IN $,200,0,600,1600,200,3,20,high,low,RISK,3
1,2,3,1,Salaried,4592,Yes,Rents,37,41,60,1,11,DEDUCTIBLE,TIER 1 NETWORK,COST IN $,1600,200,600,0,200,3,20,high,low,RISK,3
1,1,1,2,Hourly,2183,Yes,Owns,16,35,73,1,11,DEDUCTIBLE,TIER 1 NETWORK,COST IN $,0,200,600,1600,200,3,20,high,low,RISK,3
2,2,3,2,Salaried,1622,Yes,Rents,21,24,60,1,11,DEDUCTIBLE,TIER 1 NETWORK,COST IN $,1600,200,0,600,200,3,20,high,low,RISK,3
2,3,1,3,Salaried,4259,Yes,Rents,17,43,57,1,11,DEDUCTIBLE,TIER 1 NETWORK,COST IN $,0,600,1600,200,200,3,20,high,low,RISK,3
3,2,2,3,Salaried,4138,No,Owns,37,25,52,1,11,DEDUCTIBLE,TIER 1 NETWORK,COST IN $,0,600,1600,200,200,3,20,high,low,RISK,3
3,1,2,3,Bonus,2742,No,Owns,39,50,53,1,11,DEDUCTIBLE,TIER 1 NETWORK,COST IN $,1600,200,600,0,200,3,20,high,low,RISK,3
1,1,1,3,Bonus,4027,Yes,Rents,21,31,54,1,11,DEDUCTIBLE,TIER 1 NETWORK,COST IN $,600,0,200,1600,200,3,20,high,low,RISK,3
2,2,1,1,Bonus,3643,No,Rents,35,26,75,1,11,DEDUCTIBLE,TIER 1 NETWORK,COST IN $,600,1600,0,200,200,3,20,high,low,RISK,3
2,1,3,1,Salaried,1855,No,Rents,39,49,60,1,11,DEDUCTIBLE,TIER 1 NETWORK,COST IN $,1600,600,0,200,200,3,20,high,low,RISK,3
1,3,1,1,Bonus,4199,No,Owns,33,40,57,1,11,DEDUCTIBLE,TIER 1 NETWORK,COST IN $,0,200,600,1600,200,3,20,high,low,RISK,3
1,3,2,1,Salaried,358,No,Rents,28,36,56,1,11,DEDUCTIBLE,TIER 1 NETWORK,COST IN $,1600,0,200,600,200,3,20,high,low,RISK,3
2,2,2,1,Salaried,2175,No,Owns,35,49,59,1,11,DEDUCTIBLE,TIER 1 NETWORK,COST IN $,0,600,200,1600,200,3,20,high,low,RISK,3
2,2,1,1,Bonus,2804,No,Owns,26,20,55,1,11,DEDUCTIBLE,TIER 1 NETWORK,COST IN $,600,1600,0,200,200,3,20,high,low,RISK,3
3,3,3,2,Bonus,2793,Yes,Owns,39,48,52,1,11,DEDUCTIBLE,TIER 1 NETWORK,COST IN $,200,1600,600,0,200,3,20,high,low,RISK,3
3,1,3,1,Salaried,1366,No,Owns,32,33,56,1,11,DEDUCTIBLE,TIER 1 NETWORK,COST IN $,1600,200,0,600,200,3,20,high,low,RISK,3
1,2,2,3,Salaried,3990,No,Rents,30,23,53,1,11,DEDUCTIBLE,TIER 1 NETWORK,COST IN $,0,200,1600,600,200,3,20,high,low,RISK,3
1,2,2,1,Salaried,1625,No,Owns,36,38,56,1,11,DEDUCTIBLE,TIER 1 NETWORK,COST IN $,600,0,1600,200,200,3,20,high,low,RISK,3
2,3,1,1,Hourly,1178,No,Owns,15,24,64,1,11,DEDUCTIBLE,TIER 1 NETWORK,COST IN $,0,600,200,1600,200,3,20,high,low,RISK,3
2,1,1,1,Hourly,2665,No,Rents,20,29,55,1,11,DEDUCTIBLE,TIER 1 NETWORK,COST IN $,1600,600,0,200,200,3,20,high,low,RISK,3
2,3,3,1,Hourly,4144,No,Owns,23,26,51,1,11,DEDUCTIBLE,TIER 1 NETWORK,COST IN $,0,1600,200,600,200,3,20,high,low,RISK,3
2,2,3,1,Hourly,2547,Yes,Owns,32,36,62,1,11,DEDUCTIBLE,TIER 1 NETWORK,COST IN $,200,1600,600,0,200,3,20,high,low,RISK,3
2,1,2,1,Hourly,152,Yes,Owns,34,38,64,1,11,DEDUCTIBLE,TIER 1 NETWORK,COST IN $,1600,600,0,200,200,3,20,high,low,RISK,3
1,1,1,1,Bonus,2909,Yes,Rents,23,31,55,1,11,DEDUCTIBLE,TIER 1 NETWORK,COST IN $,1600,200,0,600,200,3,20,high,low,RISK,3
3,3,2,2,Bonus,2404,Yes,Owns,27,31,59,1,11,DEDUCTIBLE,TIER 1 NETWORK,COST IN $,200,0,1600,600,200,3,20,high,low,RISK,3
3,1,2,3,Bonus,144,Yes,Owns,24,47,55,1,11,DEDUCTIBLE,TIER 1 NETWORK,COST IN $,0,1600,600,200,200,3,20,high,low,RISK,3
3,1,2,1,Hourly,2250,No,Owns,26,41,60,1,11,DEDUCTIBLE,TIER 1 NETWORK,COST IN $,0,200,600,1600,200,3,20,high,low,RISK,3
3,1,1,1,Hourly,4826,No,Owns,25,35,73,1,11,DEDUCTIBLE,TIER 1 NETWORK,COST IN $,200,0,600,1600,200,3,20,high,low,RISK,3
2,2,1,1,Salaried,792,No,Owns,28,24,60,1,11,DEDUCTIBLE,TIER 1 NETWORK,COST IN $,0,200,600,1600,200,3,20,high,low,RISK,3
1,3,1,2,Hourly,3429,No,Rents,34,43,57,1,11,DEDUCTIBLE,TIER 1 NETWORK,COST IN $,600,0,200,1600,200,3,20,high,low,RISK,3
1,3,1,2,Hourly,1596,Yes,Owns,27,25,52,1,11,DEDUCTIBLE,TIER 1 NETWORK,COST IN $,1600,600,200,0,200,3,20,high,low,RISK,3
2,3,3,1,Salaried,83,Yes,Owns,19,50,53,1,11,DEDUCTIBLE,TIER 1 NETWORK,COST IN $,600,200,0,1600,200,3,20,high,low,RISK,3
2,3,1,3,Salaried,3601,No,Owns,17,31,54,1,11,DEDUCTIBLE,TIER 1 NETWORK,COST IN $,600,1600,0,200,200,3,20,high,low,RISK,3
2,2,1,2,Bonus,861,No,Owns,34,26,75,1,11,DEDUCTIBLE,TIER 1 NETWORK,COST IN $,600,200,1600,0,200,3,20,high,low,RISK,3
1,3,3,3,Salaried,2240,Yes,Rents,35,49,60,1,11,DEDUCTIBLE,TIER 1 NETWORK,COST IN $,600,1600,0,200,200,3,20,high,low,RISK,3
1,1,1,1,Hourly,2384,No,Rents,17,40,57,1,11,DEDUCTIBLE,TIER 1 NETWORK,COST IN $,600,0,200,1600,200,3,20,high,low,RISK,3
1,1,1,1,Bonus,2363,Yes,Rents,29,36,56,1,11,DEDUCTIBLE,TIER 1 NETWORK,COST IN $,200,600,1600,0,200,3,20,high,low,RISK,3
2,1,3,1,Salaried,4539,No,Owns,24,49,59,1,11,DEDUCTIBLE,TIER 1 NETWORK,COST IN $,1600,0,200,600,200,3,20,high,low,RISK,3
2,1,1,1,Bonus,489,No,Rents,23,20,55,1,11,DEDUCTIBLE,TIER 1 NETWORK,COST IN $,600,200,1600,0,200,3,20,high,low,RISK,3
2,3,1,3,Bonus,4623,Yes,Owns,19,48,52,1,11,DEDUCTIBLE,TIER 1 NETWORK,COST IN $,600,200,1600,0,200,3,20,high,low,RISK,3
2,1,1,1,Salaried,153,Yes,Owns,15,33,56,1,11,DEDUCTIBLE,TIER 1 NETWORK,COST IN $,600,200,1600,0,200,3,20,high,low,RISK,3
1,3,3,2,Salaried,3954,No,Owns,17,23,53,1,11,DEDUCTIBLE,TIER 1 NETWORK,COST IN $,200,0,600,1600,200,3,20,high,low,RISK,3
1,2,1,1,Salaried,4742,No,Rents,15,38,56,1,11,DEDUCTIBLE,TIER 1 NETWORK,COST IN $,200,0,1600,600,200,3,20,high,low,RISK,3
1,1,1,2,Hourly,3289,No,Rents,35,24,64,1,11,DEDUCTIBLE,TIER 1 NETWORK,COST IN $,0,600,200,1600,200,3,20,high,low,RISK,3
1,1,2,2,Bonus,3409,Yes,Rents,30,29,55,1,11,DEDUCTIBLE,TIER 1 NETWORK,COST IN $,1600,0,200,600,200,3,20,high,low,RISK,3
1,1,3,2,Bonus,3179,No,Rents,21,26,51,1,11,DEDUCTIBLE,TIER 1 NETWORK,COST IN $,0,200,1600,600,200,3,20,high,low,RISK,3
1,1,1,2,Bonus,4271,No,Rents,22,36,62,1,11,DEDUCTIBLE,TIER 1 NETWORK,COST IN $,1600,0,200,600,200,3,20,high,low,RISK,3
1,1,1,1,Hourly,4605,Yes,Rents,24,38,64,1,11,DEDUCTIBLE,TIER 1 NETWORK,COST IN $,600,1600,0,200,200,3,20,high,low,RISK,3
1,3,3,3,Salaried,3042,Yes,Rents,16,31,55,1,11,DEDUCTIBLE,TIER 1 NETWORK,COST IN $,600,1600,200,0,200,3,20,high,low,RISK,3
1,3,3,1,Hourly,170,No,Rents,37,31,59,1,11,DEDUCTIBLE,TIER 1 NETWORK,COST IN $,1600,0,600,200,200,3,20,high,low,RISK,3
1,1,1,3,Salaried,2062,No,Rents,20,47,55,1,11,DEDUCTIBLE,TIER 1 NETWORK,COST IN $,0,1600,200,600,200,3,20,high,low,RISK,3
2,2,3,3,Bonus,1962,No,Rents,15,41,60,1,11,DEDUCTIBLE,TIER 1 NETWORK,COST IN $,0,200,1600,600,200,3,20,high,low,RISK,3
1,1,1,1,Bonus,1006,No,Owns,27,35,73,1,11,DEDUCTIBLE,TIER 1 NETWORK,COST IN $,1600,0,200,600,200,3,20,high,low,RISK,3
1,3,2,3,Salaried,4555,No,Rents,20,24,60,1,11,DEDUCTIBLE,TIER 1 NETWORK,COST IN $,1600,600,0,200,200,3,20,high,low,RISK,3
3,1,2,1,Bonus,458,No,Rents,25,43,57,1,11,DEDUCTIBLE,TIER 1 NETWORK,COST IN $,200,0,600,1600,200,3,20,high,low,RISK,3
3,1,3,1,Hourly,1593,No,Owns,16,25,52,1,11,DEDUCTIBLE,TIER 1 NETWORK,COST IN $,600,200,0,1600,200,3,20,high,low,RISK,3
1,3,1,2,Hourly,4519,Yes,Owns,26,50,53,1,11,DEDUCTIBLE,TIER 1 NETWORK,COST IN $,200,0,600,1600,200,3,20,high,low,RISK,3
1,2,1,1,Bonus,2639,No,Rents,16,31,54,1,11,DEDUCTIBLE,TIER 1 NETWORK,COST IN $,200,0,600,1600,200,3,20,high,low,RISK,3
1,1,3,1,Hourly,2563,Yes,Rents,35,26,75,1,11,DEDUCTIBLE,TIER 1 NETWORK,COST IN $,600,1600,200,0,200,3,20,high,low,RISK,3
1,2,3,2,Bonus,2810,Yes,Owns,35,49,60,1,11,DEDUCTIBLE,TIER 1 NETWORK,COST IN $,200,600,0,1600,200,3,20,high,low,RISK,3
2,2,1,2,Hourly,2954,Yes,Owns,39,40,57,1,11,DEDUCTIBLE,TIER 1 NETWORK,COST IN $,0,600,200,1600,200,3,20,high,low,RISK,3
2,1,3,1,Hourly,2299,Yes,Owns,31,36,56,1,11,DEDUCTIBLE,TIER 1 NETWORK,COST IN $,0,200,600,1600,200,3,20,high,low,RISK,3
1,1,2,3,Hourly,1155,No,Rents,16,49,59,1,11,DEDUCTIBLE,TIER 1 NETWORK,COST IN $,1600,0,600,200,200,3,20,high,low,RISK,3
2,1,3,1,Bonus,1856,Yes,Rents,31,20,55,1,11,DEDUCTIBLE,TIER 1 NETWORK,COST IN $,200,1600,0,600,200,3,20,high,low,RISK,3
3,1,1,2,Hourly,3735,Yes,Owns,34,33,56,1,11,DEDUCTIBLE,TIER 1 NETWORK,COST IN $,0,1600,600,200,200,3,20,high,low,RISK,3
3,2,1,3,Salaried,1125,Yes,Rents,18,23,53,1,11,DEDUCTIBLE,TIER 1 NETWORK,COST IN $,600,1600,200,0,200,3,20,high,low,RISK,3
3,1,2,1,Bonus,4695,No,Owns,15,38,56,1,11,DEDUCTIBLE,TIER 1 NETWORK,COST IN $,1600,200,0,600,200,3,20,high,low,RISK,3
2,2,2,2,Salaried,1210,No,Rents,38,24,64,1,11,DEDUCTIBLE,TIER 1 NETWORK,COST IN $,600,1600,200,0,200,3,20,high,low,RISK,3
2,3,2,1,Bonus,3149,No,Owns,17,29,55,1,11,DEDUCTIBLE,TIER 1 NETWORK,COST IN $,1600,200,600,0,200,3,20,high,low,RISK,3
2,2,2,2,Bonus,3757,No,Rents,18,26,51,1,11,DEDUCTIBLE,TIER 1 NETWORK,COST IN $,0,1600,600,200,200,3,20,high,low,RISK,3
3,1,3,2,Salaried,4038,Yes,Rents,28,36,62,1,11,DEDUCTIBLE,TIER 1 NETWORK,COST IN $,0,600,1600,200,200,3,20,high,low,RISK,3
1,1,1,3,Bonus,381,No,Owns,20,38,64,1,11,DEDUCTIBLE,TIER 1 NETWORK,COST IN $,0,200,600,1600,200,3,20,high,low,RISK,3
1,1,1,2,Hourly,2879,Yes,Rents,37,31,55,1,11,DEDUCTIBLE,TIER 1 NETWORK,COST IN $,0,600,200,1600,200,3,20,high,low,RISK,3
2,3,1,1,Hourly,2246,No,Owns,38,31,59,1,11,DEDUCTIBLE,TIER 1 NETWORK,COST IN $,600,0,200,1600,200,3,20,high,low,RISK,3
1,3,2,1,Hourly,3337,No,Rents,18,47,55,1,11,DEDUCTIBLE,TIER 1 NETWORK,COST IN $,1600,0,600,200,200,3,20,high,low,RISK,3
2,2,1,2,Hourly,874,No,Owns,38,41,60,1,11,DEDUCTIBLE,TIER 1 NETWORK,COST IN $,600,1600,0,200,200,3,20,high,low,RISK,3
1,2,1,1,Hourly,4470,Yes,Owns,16,35,73,1,11,DEDUCTIBLE,TIER 1 NETWORK,COST IN $,200,0,1600,600,200,3,20,high,low,RISK,3
3,1,3,1,Hourly,3252,Yes,Owns,24,24,60,1,11,DEDUCTIBLE,TIER 1 NETWORK,COST IN $,600,0,200,1600,200,3,20,high,low,RISK,3
1,3,1,2,Hourly,176,Yes,Rents,23,43,57,1,11,DEDUCTIBLE,TIER 1 NETWORK,COST IN $,1600,600,0,200,200,3,20,high,low,RISK,3
2,1,3,1,Hourly,3681,Yes,Owns,17,25,52,1,11,DEDUCTIBLE,TIER 1 NETWORK,COST IN $,0,200,600,1600,200,3,20,high,low,RISK,3
1,3,2,3,Hourly,1019,Yes,Owns,35,50,53,1,11,DEDUCTIBLE,TIER 1 NETWORK,COST IN $,200,600,1600,0,200,3,20,high,low,RISK,3
1,3,2,1,Bonus,4493,Yes,Owns,39,31,54,1,11,DEDUCTIBLE,TIER 1 NETWORK,COST IN $,1600,200,0,600,200,3,20,high,low,RISK,3
1,3,3,1,Salaried,1012,Yes,Owns,34,26,75,1,11,DEDUCTIBLE,TIER 1 NETWORK,COST IN $,200,600,1600,0,200,3,20,high,low,RISK,3
1,1,2,1,Bonus,1248,Yes,Rents,18,49,60,1,11,DEDUCTIBLE,TIER 1 NETWORK,COST IN $,600,1600,0,200,200,3,20,high,low,RISK,3
1,1,2,1,Salaried,1214,No,Owns,17,40,57,1,11,DEDUCTIBLE,TIER 1 NETWORK,COST IN $,1600,0,600,200,200,3,20,high,low,RISK,3
2,1,1,1,Salaried,2852,Yes,Rents,18,36,56,1,11,DEDUCTIBLE,TIER 1 NETWORK,COST IN $,0,600,1600,200,200,3,20,high,low,RISK,3
2,1,1,1,Bonus,1440,Yes,Owns,24,49,59,1,11,DEDUCTIBLE,TIER 1 NETWORK,COST IN $,0,200,600,1600,200,3,20,high,low,RISK,3
3,1,3,1,Bonus,2951,No,Owns,26,20,55,1,11,DEDUCTIBLE,TIER 1 NETWORK,COST IN $,0,600,1600,200,200,3,20,high,low,RISK,3
4,3,2,4,Salaried,4377,No,Rents,46,73,76,1,12,DEDUCTIBLE,TIER 1 NETWORK,COST IN $,200,1600,600,0,200,3,50,high,low,RISK,3
2,3,4,2,Salaried,1919,No,Owns,48,61,80,1,12,DEDUCTIBLE,TIER 1 NETWORK,COST IN $,0,600,1600,200,200,3,50,high,low,RISK,3
4,4,3,2,Salaried,4671,Yes,Rents,57,53,77,1,12,DEDUCTIBLE,TIER 1 NETWORK,COST IN $,0,600,200,1600,200,3,50,high,low,RISK,3
4,4,2,2,Bonus,1139,No,Owns,52,65,80,1,12,DEDUCTIBLE,TIER 1 NETWORK,COST IN $,0,1600,600,200,200,3,50,high,low,RISK,3
3,4,4,3,Bonus,3085,No,Rents,45,54,88,1,12,DEDUCTIBLE,TIER 1 NETWORK,COST IN $,0,200,1600,600,200,3,50,high,low,RISK,3
3,4,4,3,Salaried,912,Yes,Rents,61,58,79,1,12,DEDUCTIBLE,TIER 1 NETWORK,COST IN $,0,600,1600,200,200,3,50,high,low,RISK,3
4,3,4,3,Hourly,3561,Yes,Owns,51,56,75,1,12,DEDUCTIBLE,TIER 1 NETWORK,COST IN $,0,1600,200,600,200,3,50,high,low,RISK,3
4,4,2,2,Hourly,4350,No,Rents,40,64,87,1,12,DEDUCTIBLE,TIER 1 NETWORK,COST IN $,1600,200,0,600,200,3,50,high,low,RISK,3
4,4,4,4,Salaried,3664,No,Owns,39,65,88,1,12,DEDUCTIBLE,TIER 1 NETWORK,COST IN $,200,600,1600,0,200,3,50,high,low,RISK,3
2,3,3,3,Bonus,1972,Yes,Owns,62,60,80,1,12,DEDUCTIBLE,TIER 1 NETWORK,COST IN $,600,200,1600,0,200,3,50,high,low,RISK,3
3,2,4,4,Salaried,1235,Yes,Rents,55,60,83,1,12,DEDUCTIBLE,TIER 1 NETWORK,COST IN $,0,200,1600,600,200,3,50,high,low,RISK,3
2,4,3,3,Bonus,2294,Yes,Owns,47,72,79,1,12,DEDUCTIBLE,TIER 1 NETWORK,COST IN $,1600,600,200,0,200,3,50,high,low,RISK,3
2,3,4,3,Salaried,4592,Yes,Rents,62,68,84,1,12,DEDUCTIBLE,TIER 1 NETWORK,COST IN $,0,600,200,1600,200,3,50,high,low,RISK,3
3,3,3,4,Hourly,2183,Yes,Owns,37,63,98,1,12,DEDUCTIBLE,TIER 1 NETWORK,COST IN $,200,600,1600,0,200,3,50,high,low,RISK,3
3,3,4,3,Salaried,1622,Yes,Rents,42,55,84,1,12,DEDUCTIBLE,TIER 1 NETWORK,COST IN $,1600,0,200,600,200,3,50,high,low,RISK,3
3,4,3,4,Salaried,4259,Yes,Rents,37,70,81,1,12,DEDUCTIBLE,TIER 1 NETWORK,COST IN $,0,200,600,1600,200,3,50,high,low,RISK,3
4,3,3,4,Salaried,4138,No,Owns,62,55,76,1,12,DEDUCTIBLE,TIER 1 NETWORK,COST IN $,600,200,1600,0,200,3,50,high,low,RISK,3
4,3,4,4,Bonus,2742,No,Owns,64,75,77,1,12,DEDUCTIBLE,TIER 1 NETWORK,COST IN $,1600,200,0,600,200,3,50,high,low,RISK,3
4,4,2,2,Bonus,3643,No,Rents,59,56,100,1,12,DEDUCTIBLE,TIER 1 NETWORK,COST IN $,600,200,1600,0,200,3,50,high,low,RISK,3
4,2,4,2,Salaried,1855,No,Rents,63,74,85,1,12,DEDUCTIBLE,TIER 1 NETWORK,COST IN $,1600,200,0,600,200,3,50,high,low,RISK,3
3,4,2,3,Bonus,4199,No,Owns,57,67,81,1,12,DEDUCTIBLE,TIER 1 NETWORK,COST IN $,0,600,1600,200,200,3,50,high,low,RISK,3
3,4,3,2,Salaried,358,No,Rents,50,64,80,1,12,DEDUCTIBLE,TIER 1 NETWORK,COST IN $,0,200,600,1600,200,3,50,high,low,RISK,3
4,3,4,3,Salaried,2175,No,Owns,59,75,83,1,12,DEDUCTIBLE,TIER 1 NETWORK,COST IN $,600,1600,0,200,200,3,50,high,low,RISK,3
4,4,2,2,Bonus,2804,No,Owns,48,51,79,1,12,DEDUCTIBLE,TIER 1 NETWORK,COST IN $,1600,600,200,0,200,3,50,high,low,RISK,3
4,4,4,4,Bonus,2793,Yes,Owns,63,73,76,1,12,DEDUCTIBLE,TIER 1 NETWORK,COST IN $,600,1600,200,0,200,3,50,high,low,RISK,3
4,3,4,2,Salaried,1366,No,Owns,56,61,80,1,12,DEDUCTIBLE,TIER 1 NETWORK,COST IN $,600,0,1600,200,200,3,50,high,low,RISK,3
2,4,4,4,Salaried,3990,No,Rents,53,53,77,1,12,DEDUCTIBLE,TIER 1 NETWORK,COST IN $,200,1600,600,0,200,3,50,high,low,RISK,3
2,4,3,3,Salaried,1625,No,Owns,60,65,80,1,12,DEDUCTIBLE,TIER 1 NETWORK,COST IN $,600,0,1600,200,200,3,50,high,low,RISK,3
4,4,3,3,Hourly,1178,No,Owns,35,54,88,1,12,DEDUCTIBLE,TIER 1 NETWORK,COST IN $,1600,600,0,200,200,3,50,high,low,RISK,3
3,3,2,2,Hourly,2665,No,Rents,41,58,79,1,12,DEDUCTIBLE,TIER 1 NETWORK,COST IN $,0,1600,600,200,200,3,50,high,low,RISK,3
4,4,4,2,Hourly,4144,No,Owns,44,56,75,1,12,DEDUCTIBLE,TIER 1 NETWORK,COST IN $,0,200,1600,600,200,3,50,high,low,RISK,3
3,3,4,3,Hourly,2547,Yes,Owns,55,64,87,1,12,DEDUCTIBLE,TIER 1 NETWORK,COST IN $,600,0,200,1600,200,3,50,high,low,RISK,3
4,3,4,2,Hourly,152,Yes,Owns,58,65,88,1,12,DEDUCTIBLE,TIER 1 NETWORK,COST IN $,0,1600,600,200,200,3,50,high,low,RISK,3
3,2,2,3,Bonus,2909,Yes,Rents,45,60,80,1,12,DEDUCTIBLE,TIER 1 NETWORK,COST IN $,0,1600,600,200,200,3,50,high,low,RISK,3
4,4,3,3,Bonus,2404,Yes,Owns,49,60,83,1,12,DEDUCTIBLE,TIER 1 NETWORK,COST IN $,0,600,1600,200,200,3,50,high,low,RISK,3
4,2,4,4,Bonus,144,Yes,Owns,46,72,79,1,12,DEDUCTIBLE,TIER 1 NETWORK,COST IN $,600,200,1600,0,200,3,50,high,low,RISK,3
4,2,4,2,Hourly,2250,No,Owns,48,68,84,1,12,DEDUCTIBLE,TIER 1 NETWORK,COST IN $,0,200,600,1600,200,3,50,high,low,RISK,3
4,3,3,3,Hourly,4826,No,Owns,47,63,98,1,12,DEDUCTIBLE,TIER 1 NETWORK,COST IN $,200,600,0,1600,200,3,50,high,low,RISK,3
4,4,2,3,Salaried,792,No,Owns,50,55,84,1,12,DEDUCTIBLE,TIER 1 NETWORK,COST IN $,200,0,1600,600,200,3,50,high,low,RISK,3
2,4,2,3,Hourly,3429,No,Rents,58,70,81,1,12,DEDUCTIBLE,TIER 1 NETWORK,COST IN $,0,600,1600,200,200,3,50,high,low,RISK,3
3,4,3,4,Hourly,1596,Yes,Owns,50,55,76,1,12,DEDUCTIBLE,TIER 1 NETWORK,COST IN $,600,0,1600,200,200,3,50,high,low,RISK,3
4,4,4,3,Salaried,83,Yes,Owns,40,75,77,1,12,DEDUCTIBLE,TIER 1 NETWORK,COST IN $,200,1600,0,600,200,3,50,high,low,RISK,3
4,4,3,4,Salaried,3601,No,Owns,38,60,78,1,12,DEDUCTIBLE,TIER 1 NETWORK,COST IN $,1600,0,600,200,200,3,50,high,low,RISK,3
3,4,2,4,Bonus,861,No,Owns,58,56,100,1,12,DEDUCTIBLE,TIER 1 NETWORK,COST IN $,1600,200,0,600,200,3,50,high,low,RISK,3
2,4,4,4,Salaried,2240,Yes,Rents,59,74,85,1,12,DEDUCTIBLE,TIER 1 NETWORK,COST IN $,200,600,0,1600,200,3,50,high,low,RISK,3
3,3,2,2,Hourly,2384,No,Rents,37,67,81,1,12,DEDUCTIBLE,TIER 1 NETWORK,COST IN $,1600,0,600,200,200,3,50,high,low,RISK,3
2,2,3,3,Bonus,2363,Yes,Rents,52,64,80,1,12,DEDUCTIBLE,TIER 1 NETWORK,COST IN $,600,0,1600,200,200,3,50,high,low,RISK,3
3,3,4,2,Salaried,4539,No,Owns,45,75,83,1,12,DEDUCTIBLE,TIER 1 NETWORK,COST IN $,200,1600,0,600,200,3,50,high,low,RISK,3
3,3,2,2,Bonus,489,No,Rents,45,51,79,1,12,DEDUCTIBLE,TIER 1 NETWORK,COST IN $,600,0,200,1600,200,3,50,high,low,RISK,3
4,4,2,4,Bonus,4623,Yes,Owns,40,73,76,1,12,DEDUCTIBLE,TIER 1 NETWORK,COST IN $,1600,200,600,0,200,3,50,high,low,RISK,3
3,3,3,2,Salaried,153,Yes,Owns,36,61,80,1,12,DEDUCTIBLE,TIER 1 NETWORK,COST IN $,0,1600,200,600,200,3,50,high,low,RISK,3
3,4,4,4,Salaried,3954,No,Owns,38,53,77,1,12,DEDUCTIBLE,TIER 1 NETWORK,COST IN $,200,0,600,1600,200,3,50,high,low,RISK,3
3,3,2,3,Salaried,4742,No,Rents,35,65,80,1,12,DEDUCTIBLE,TIER 1 NETWORK,COST IN $,600,0,200,1600,200,3,50,high,low,RISK,3
2,2,2,3,Hourly,3289,No,Rents,59,54,88,1,12,DEDUCTIBLE,TIER 1 NETWORK,COST IN $,600,200,0,1600,200,3,50,high,low,RISK,3
2,2,3,3,Bonus,3409,Yes,Rents,54,58,79,1,12,DEDUCTIBLE,TIER 1 NETWORK,COST IN $,1600,0,200,600,200,3,50,high,low,RISK,3
3,3,4,3,Bonus,3179,No,Rents,42,56,75,1,12,DEDUCTIBLE,TIER 1 NETWORK,COST IN $,1600,200,600,0,200,3,50,high,low,RISK,3
3,3,2,4,Bonus,4271,No,Rents,43,64,87,1,12,DEDUCTIBLE,TIER 1 NETWORK,COST IN $,200,0,600,1600,200,3,50,high,low,RISK,3
3,3,3,2,Hourly,4605,Yes,Rents,46,65,88,1,12,DEDUCTIBLE,TIER 1 NETWORK,COST IN $,200,600,1600,0,200,3,50,high,low,RISK,3
2,4,4,4,Salaried,3042,Yes,Rents,37,60,80,1,12,DEDUCTIBLE,TIER 1 NETWORK,COST IN $,0,200,1600,600,200,3,50,high,low,RISK,3
2,4,4,3,Hourly,170,No,Rents,61,60,83,1,12,DEDUCTIBLE,TIER 1 NETWORK,COST IN $,200,1600,600,0,200,3,50,high,low,RISK,3
2,3,3,4,Salaried,2062,No,Rents,40,72,79,1,12,DEDUCTIBLE,TIER 1 NETWORK,COST IN $,600,1600,200,0,200,3,50,high,low,RISK,3
4,4,4,4,Bonus,1962,No,Rents,35,68,84,1,12,DEDUCTIBLE,TIER 1 NETWORK,COST IN $,0,200,1600,600,200,3,50,high,low,RISK,3
2,2,3,2,Bonus,1006,No,Owns,50,63,98,1,12,DEDUCTIBLE,TIER 1 NETWORK,COST IN $,200,0,600,1600,200,3,50,high,low,RISK,3
2,4,3,4,Salaried,4555,No,Rents,42,55,84,1,12,DEDUCTIBLE,TIER 1 NETWORK,COST IN $,200,600,0,1600,200,3,50,high,low,RISK,3
4,3,4,3,Bonus,458,No,Rents,46,70,81,1,12,DEDUCTIBLE,TIER 1 NETWORK,COST IN $,1600,200,0,600,200,3,50,high,low,RISK,3
4,3,4,3,Hourly,1593,No,Owns,36,55,76,1,12,DEDUCTIBLE,TIER 1 NETWORK,COST IN $,0,200,600,1600,200,3,50,high,low,RISK,3
3,4,2,3,Hourly,4519,Yes,Owns,48,75,77,1,12,DEDUCTIBLE,TIER 1 NETWORK,COST IN $,1600,200,0,600,200,3,50,high,low,RISK,3
2,4,3,3,Bonus,2639,No,Rents,36,60,78,1,12,DEDUCTIBLE,TIER 1 NETWORK,COST IN $,200,600,0,1600,200,3,50,high,low,RISK,3
2,3,4,3,Hourly,2563,Yes,Rents,59,56,100,1,12,DEDUCTIBLE,TIER 1 NETWORK,COST IN $,600,1600,0,200,200,3,50,high,low,RISK,3
3,4,4,4,Bonus,2810,Yes,Owns,58,74,85,1,12,DEDUCTIBLE,TIER 1 NETWORK,COST IN $,1600,600,200,0,200,3,50,high,low,RISK,3
3,4,3,4,Hourly,2954,Yes,Owns,64,67,81,1,12,DEDUCTIBLE,TIER 1 NETWORK,COST IN $,0,1600,600,200,200,3,50,high,low,RISK,3
3,2,4,3,Hourly,2299,Yes,Owns,54,64,80,1,12,DEDUCTIBLE,TIER 1 NETWORK,COST IN $,600,1600,0,200,200,3,50,high,low,RISK,3
2,3,4,4,Hourly,1155,No,Rents,37,75,83,1,12,DEDUCTIBLE,TIER 1 NETWORK,COST IN $,0,1600,600,200,200,3,50,high,low,RISK,3
4,2,4,3,Bonus,1856,Yes,Rents,55,51,79,1,12,DEDUCTIBLE,TIER 1 NETWORK,COST IN $,0,600,200,1600,200,3,50,high,low,RISK,3
4,4,3,3,Salaried,3352,Yes,Rents,38,73,76,1,12,DEDUCTIBLE,TIER 1 NETWORK,COST IN $,200,600,1600,0,200,3,50,high,low,RISK,3
4,3,2,3,Hourly,3735,Yes,Owns,58,61,80,1,12,DEDUCTIBLE,TIER 1 NETWORK,COST IN $,1600,600,0,200,200,3,50,high,low,RISK,3
4,3,3,4,Salaried,1125,Yes,Rents,38,53,77,1,12,DEDUCTIBLE,TIER 1 NETWORK,COST IN $,1600,0,600,200,200,3,50,high,low,RISK,3
4,2,4,2,Bonus,4695,No,Owns,35,65,80,1,12,DEDUCTIBLE,TIER 1 NETWORK,COST IN $,0,1600,600,200,200,3,50,high,low,RISK,3
3,3,3,4,Salaried,1210,No,Rents,62,54,88,1,12,DEDUCTIBLE,TIER 1 NETWORK,COST IN $,0,600,200,1600,200,3,50,high,low,RISK,3
4,4,4,2,Bonus,3149,No,Owns,37,58,79,1,12,DEDUCTIBLE,TIER 1 NETWORK,COST IN $,200,600,1600,0,200,3,50,high,low,RISK,3
4,3,4,4,Bonus,3757,No,Rents,38,56,75,1,12,DEDUCTIBLE,TIER 1 NETWORK,COST IN $,200,0,1600,600,200,3,50,high,low,RISK,3
4,3,4,4,Salaried,4038,Yes,Rents,51,64,87,1,12,DEDUCTIBLE,TIER 1 NETWORK,COST IN $,600,0,1600,200,200,3,50,high,low,RISK,3
2,3,3,4,Bonus,381,No,Owns,41,65,88,1,12,DEDUCTIBLE,TIER 1 NETWORK,COST IN $,1600,200,0,600,200,3,50,high,low,RISK,3
3,3,3,3,Hourly,2879,Yes,Rents,61,60,80,1,12,DEDUCTIBLE,TIER 1 NETWORK,COST IN $,0,1600,600,200,200,3,50,high,low,RISK,3
4,4,3,2,Hourly,2246,No,Owns,62,60,83,1,12,DEDUCTIBLE,TIER 1 NETWORK,COST IN $,1600,0,200,600,200,3,50,high,low,RISK,3
2,4,3,2,Hourly,3337,No,Rents,39,72,79,1,12,DEDUCTIBLE,TIER 1 NETWORK,COST IN $,0,600,1600,200,200,3,50,high,low,RISK,3
4,3,3,4,Hourly,874,No,Owns,63,68,84,1,12,DEDUCTIBLE,TIER 1 NETWORK,COST IN $,0,600,200,1600,200,3,50,high,low,RISK,3
4,3,4,3,Hourly,3252,Yes,Owns,46,55,84,1,12,DEDUCTIBLE,TIER 1 NETWORK,COST IN $,200,1600,600,0,200,3,50,high,low,RISK,3
3,4,2,3,Hourly,176,Yes,Rents,45,70,81,1,12,DEDUCTIBLE,TIER 1 NETWORK,COST IN $,0,200,1600,600,200,3,50,high,low,RISK,3
4,3,4,2,Hourly,3681,Yes,Owns,38,55,76,1,12,DEDUCTIBLE,TIER 1 NETWORK,COST IN $,1600,200,0,600,200,3,50,high,low,RISK,3
3,4,4,4,Hourly,1019,Yes,Owns,59,75,77,1,12,DEDUCTIBLE,TIER 1 NETWORK,COST IN $,600,0,1600,200,200,3,50,high,low,RISK,3
3,4,4,3,Bonus,4493,Yes,Owns,64,60,78,1,12,DEDUCTIBLE,TIER 1 NETWORK,COST IN $,0,600,200,1600,200,3,50,high,low,RISK,3
3,4,4,2,Salaried,1012,Yes,Owns,58,56,100,1,12,DEDUCTIBLE,TIER 1 NETWORK,COST IN $,1600,600,0,200,200,3,50,high,low,RISK,3
2,2,4,3,Bonus,1248,Yes,Rents,39,74,85,1,12,DEDUCTIBLE,TIER 1 NETWORK,COST IN $,200,1600,600,0,200,3,50,high,low,RISK,3
2,3,3,3,Salaried,1214,No,Owns,37,67,81,1,12,DEDUCTIBLE,TIER 1 NETWORK,COST IN $,200,600,0,1600,200,3,50,high,low,RISK,3
4,3,3,2,Salaried,2852,Yes,Rents,38,64,80,1,12,DEDUCTIBLE,TIER 1 NETWORK,COST IN $,200,1600,0,600,200,3,50,high,low,RISK,3
3,3,2,2,Bonus,1440,Yes,Owns,46,75,83,1,12,DEDUCTIBLE,TIER 1 NETWORK,COST IN $,1600,0,600,200,200,3,50,high,low,RISK,3
4,2,4,3,Bonus,2951,No,Owns,48,51,79,1,12,DEDUCTIBLE,TIER 1 NETWORK,COST IN $,0,600,1600,200,200,3,50,high,low,RISK,3
1,0,0,1,Salaried,4377,No,Rents,4,9,1,1,13,DEDUCTIBLE,TIER 1 NETWORK,COST IN $,1600,200,600,0,200,3,5,high,high,RISK,4
0,0,1,0,Salaried,1919,No,Owns,4,4,5,1,13,DEDUCTIBLE,TIER 1 NETWORK,COST IN $,0,200,600,1600,200,3,5,high,high,RISK,4
0,0,0,0,Salaried,4671,Yes,Rents,7,1,2,1,13,DEDUCTIBLE,TIER 1 NETWORK,COST IN $,200,0,600,1600,200,3,5,high,high,RISK,4
1,1,0,0,Bonus,1139,No,Owns,6,6,5,1,13,DEDUCTIBLE,TIER 1 NETWORK,COST IN $,1600,200,0,600,200,3,5,high,high,RISK,4
0,1,1,0,Bonus,3085,No,Rents,3,1,13,1,13,DEDUCTIBLE,TIER 1 NETWORK,COST IN $,600,1600,200,0,200,3,5,high,high,RISK,4
0,1,1,0,Salaried,912,Yes,Rents,9,3,4,1,13,DEDUCTIBLE,TIER 1 NETWORK,COST IN $,600,1600,200,0,200,3,5,high,high,RISK,4
1,0,1,0,Hourly,3561,Yes,Owns,5,2,0,1,13,DEDUCTIBLE,TIER 1 NETWORK,COST IN $,200,600,1600,0,200,3,5,high,high,RISK,4
1,1,0,0,Hourly,4350,No,Rents,2,5,12,1,13,DEDUCTIBLE,TIER 1 NETWORK,COST IN $,600,0,200,1600,200,3,5,high,high,RISK,4
1,1,0,1,Salaried,3664,No,Owns,1,6,13,1,13,DEDUCTIBLE,TIER 1 NETWORK,COST IN $,1600,0,200,600,200,3,5,high,high,RISK,4
0,0,0,0,Bonus,1972,Yes,Owns,9,4,5,1,13,DEDUCTIBLE,TIER 1 NETWORK,COST IN $,0,600,200,1600,200,3,5,high,high,RISK,4
0,0,1,1,Salaried,1235,Yes,Rents,7,4,8,1,13,DEDUCTIBLE,TIER 1 NETWORK,COST IN $,1600,200,600,0,200,3,5,high,high,RISK,4
0,1,0,0,Bonus,2294,Yes,Owns,4,9,4,1,13,DEDUCTIBLE,TIER 1 NETWORK,COST IN $,600,200,0,1600,200,3,5,high,high,RISK,4
0,0,1,0,Salaried,4592,Yes,Rents,9,7,9,1,13,DEDUCTIBLE,TIER 1 NETWORK,COST IN $,0,600,200,1600,200,3,5,high,high,RISK,4
0,0,0,1,Hourly,2183,Yes,Owns,1,5,23,1,13,DEDUCTIBLE,TIER 1 NETWORK,COST IN $,600,1600,200,0,200,3,5,high,high,RISK,4
0,0,1,0,Salaried,1622,Yes,Rents,2,1,9,1,13,DEDUCTIBLE,TIER 1 NETWORK,COST IN $,200,600,1600,0,200,3,5,high,high,RISK,4
0,1,0,1,Salaried,4259,Yes,Rents,1,8,6,1,13,DEDUCTIBLE,TIER 1 NETWORK,COST IN $,0,600,200,1600,200,3,5,high,high,RISK,4
1,0,0,1,Salaried,4138,No,Owns,9,2,1,1,13,DEDUCTIBLE,TIER 1 NETWORK,COST IN $,0,200,600,1600,200,3,5,high,high,RISK,4
1,0,0,1,Bonus,2742,No,Owns,10,10,2,1,13,DEDUCTIBLE,TIER 1 NETWORK,COST IN $,0,600,200,1600,200,3,5,high,high,RISK,4
0,0,0,1,Bonus,4027,Yes,Rents,3,4,3,1,13,DEDUCTIBLE,TIER 1 NETWORK,COST IN $,0,200,1600,600,200,3,5,high,high,RISK,4
1,0,0,0,Bonus,3643,No,Rents,8,2,25,1,13,DEDUCTIBLE,TIER 1 NETWORK,COST IN $,200,600,1600,0,200,3,5,high,high,RISK,4
0,1,0,0,Bonus,4199,No,Owns,7,7,6,1,13,DEDUCTIBLE,TIER 1 NETWORK,COST IN $,600,0,1600,200,200,3,5,high,high,RISK,4
0,1,0,0,Salaried,358,No,Rents,5,5,5,1,13,DEDUCTIBLE,TIER 1 NETWORK,COST IN $,0,200,600,1600,200,3,5,high,high,RISK,4
0,0,1,0,Salaried,2175,No,Owns,8,10,8,1,13,DEDUCTIBLE,TIER 1 NETWORK,COST IN $,200,600,1600,0,200,3,5,high,high,RISK,4
0,1,0,0,Bonus,2804,No,Owns,4,0,4,1,13,DEDUCTIBLE,TIER 1 NETWORK,COST IN $,600,200,1600,0,200,3,5,high,high,RISK,4
1,1,1,0,Bonus,2793,Yes,Owns,9,9,1,1,13,DEDUCTIBLE,TIER 1 NETWORK,COST IN $,1600,600,0,200,200,3,5,high,high,RISK,4
1,0,1,0,Salaried,1366,No,Owns,7,4,5,1,13,DEDUCTIBLE,TIER 1 NETWORK,COST IN $,1600,0,200,600,200,3,5,high,high,RISK,4
0,1,1,1,Salaried,3990,No,Rents,6,1,2,1,13,DEDUCTIBLE,TIER 1 NETWORK,COST IN $,0,600,1600,200,200,3,5,high,high,RISK,4
0,0,0,0,Salaried,1625,No,Owns,8,6,5,1,13,DEDUCTIBLE,TIER 1 NETWORK,COST IN $,600,200,0,1600,200,3,5,high,high,RISK,4
1,1,0,0,Hourly,1178,No,Owns,0,1,13,1,13,DEDUCTIBLE,TIER 1 NETWORK,COST IN $,600,200,0,1600,200,3,5,high,high,RISK,4
0,0,0,0,Hourly,2665,No,Rents,2,3,4,1,13,DEDUCTIBLE,TIER 1 NETWORK,COST IN $,1600,0,600,200,200,3,5,high,high,RISK,4
1,1,1,0,Hourly,4144,No,Owns,3,2,0,1,13,DEDUCTIBLE,TIER 1 NETWORK,COST IN $,1600,200,0,600,200,3,5,high,high,RISK,4
0,0,1,0,Hourly,2547,Yes,Owns,7,5,12,1,13,DEDUCTIBLE,TIER 1 NETWORK,COST IN $,1600,0,600,200,200,3,5,high,high,RISK,4
1,0,1,0,Hourly,152,Yes,Owns,8,6,13,1,13,DEDUCTIBLE,TIER 1 NETWORK,COST IN $,200,600,0,1600,200,3,5,high,high,RISK,4
0,0,0,0,Bonus,2909,Yes,Rents,3,4,5,1,13,DEDUCTIBLE,TIER 1 NETWORK,COST IN $,0,200,1600,600,200,3,5,high,high,RISK,4
1,1,0,0,Bonus,2404,Yes,Owns,5,4,8,1,13,DEDUCTIBLE,TIER 1 NETWORK,COST IN $,0,200,600,1600,200,3,5,high,high,RISK,4
1,0,1,1,Bonus,144,Yes,Owns,4,9,4,1,13,DEDUCTIBLE,TIER 1 NETWORK,COST IN $,0,200,1600,600,200,3,5,high,high,RISK,4
1,0,1,0,Hourly,2250,No,Owns,4,7,9,1,13,DEDUCTIBLE,TIER 1 NETWORK,COST IN $,0,200,600,1600,200,3,5,high,high,RISK,4
1,0,0,0,Hourly,4826,No,Owns,4,5,23,1,13,DEDUCTIBLE,TIER 1 NETWORK,COST IN $,1600,600,0,200,200,3,5,high,high,RISK,4
1,1,0,0,Salaried,792,No,Owns,5,1,9,1,13,DEDUCTIBLE,TIER 1 NETWORK,COST IN $,200,0,600,1600,200,3,5,high,high,RISK,4
0,1,0,0,Hourly,3429,No,Rents,8,8,6,1,13,DEDUCTIBLE,TIER 1 NETWORK,COST IN $,200,1600,600,0,200,3,5,high,high,RISK,4
0,1,0,0,Hourly,1596,Yes,Owns,5,2,1,1,13,DEDUCTIBLE,TIER 1 NETWORK,COST IN $,600,1600,0,200,200,3,5,high,high,RISK,4
1,1,1,0,Salaried,83,Yes,Owns,2,10,2,1,13,DEDUCTIBLE,TIER 1 NETWORK,COST IN $,1600,0,600,200,200,3,5,high,high,RISK,4
1,1,0,1,Salaried,3601,No,Owns,1,4,3,1,13,DEDUCTIBLE,TIER 1 NETWORK,COST IN $,200,1600,600,0,200,3,5,high,high,RISK,4
0,0,0,1,Bonus,861,No,Owns,8,2,25,1,13,DEDUCTIBLE,TIER 1 NETWORK,COST IN $,0,1600,200,600,200,3,5,high,high,RISK,4
0,1,1,1,Salaried,2240,Yes,Rents,8,10,10,1,13,DEDUCTIBLE,TIER 1 NETWORK,COST IN $,200,0,600,1600,200,3,5,high,high,RISK,4
0,0,0,0,Hourly,2384,No,Rents,1,7,6,1,13,DEDUCTIBLE,TIER 1 NETWORK,COST IN $,600,200,1600,0,200,3,5,high,high,RISK,4
0,0,0,0,Bonus,2363,Yes,Rents,6,5,5,1,13,DEDUCTIBLE,TIER 1 NETWORK,COST IN $,200,0,600,1600,200,3,5,high,high,RISK,4
0,0,1,0,Salaried,4539,No,Owns,3,10,8,1,13,DEDUCTIBLE,TIER 1 NETWORK,COST IN $,600,200,0,1600,200,3,5,high,high,RISK,4
0,0,0,0,Bonus,489,No,Rents,3,0,4,1,13,DEDUCTIBLE,TIER 1 NETWORK,COST IN $,600,0,1600,200,200,3,5,high,high,RISK,4
0,1,0,1,Bonus,4623,Yes,Owns,2,9,1,1,13,DEDUCTIBLE,TIER 1 NETWORK,COST IN $,200,600,1600,0,200,3,5,high,high,RISK,4
0,0,0,0,Salaried,153,Yes,Owns,0,4,5,1,13,DEDUCTIBLE,TIER 1 NETWORK,COST IN $,600,0,200,1600,200,3,5,high,high,RISK,4
0,1,1,0,Salaried,3954,No,Owns,1,1,2,1,13,DEDUCTIBLE,TIER 1 NETWORK,COST IN $,600,200,0,1600,200,3,5,high,high,RISK,4
0,0,0,0,Salaried,4742,No,Rents,0,6,5,1,13,DEDUCTIBLE,TIER 1 NETWORK,COST IN $,0,1600,600,200,200,3,5,high,high,RISK,4
0,0,0,0,Hourly,3289,No,Rents,8,1,13,1,13,DEDUCTIBLE,TIER 1 NETWORK,COST IN $,200,0,1600,600,200,3,5,high,high,RISK,4
0,0,0,0,Bonus,3409,Yes,Rents,6,3,4,1,13,DEDUCTIBLE,TIER 1 NETWORK,COST IN $,0,1600,600,200,200,3,5,high,high,RISK,4
0,0,1,0,Bonus,3179,No,Rents,2,2,0,1,13,DEDUCTIBLE,TIER 1 NETWORK,COST IN $,600,200,0,1600,200,3,5,high,high,RISK,4
0,0,0,0,Bonus,4271,No,Rents,3,5,12,1,13,DEDUCTIBLE,TIER 1 NETWORK,COST IN $,600,200,1600,0,200,3,5,high,high,RISK,4
0,0,0,0,Hourly,4605,Yes,Rents,4,6,13,1,13,DEDUCTIBLE,TIER 1 NETWORK,COST IN $,1600,600,0,200,200,3,5,high,high,RISK,4
0,1,1,1,Salaried,3042,Yes,Rents,1,4,5,1,13,DEDUCTIBLE,TIER 1 NETWORK,COST IN $,1600,200,0,600,200,3,5,high,high,RISK,4
0,1,1,0,Hourly,170,No,Rents,9,4,8,1,13,DEDUCTIBLE,TIER 1 NETWORK,COST IN $,1600,0,600,200,200,3,5,high,high,RISK,4
0,0,0,1,Salaried,2062,No,Rents,2,9,4,1,13,DEDUCTIBLE,TIER 1 NETWORK,COST IN $,0,200,600,1600,200,3,5,high,high,RISK,4
1,0,1,1,Bonus,1962,No,Rents,0,7,9,1,13,DEDUCTIBLE,TIER 1 NETWORK,COST IN $,600,200,1600,0,200,3,5,high,high,RISK,4
0,0,0,0,Bonus,1006,No,Owns,5,5,23,1,13,DEDUCTIBLE,TIER 1 NETWORK,COST IN $,600,1600,0,200,200,3,5,high,high,RISK,4
0,1,0,1,Salaried,4555,No,Rents,2,1,9,1,13,DEDUCTIBLE,TIER 1 NETWORK,COST IN $,0,200,600,1600,200,3,5,high,high,RISK,4
1,0,1,0,Bonus,458,No,Rents,4,8,6,1,13,DEDUCTIBLE,TIER 1 NETWORK,COST IN $,1600,200,600,0,200,3,5,high,high,RISK,4
1,0,1,0,Hourly,1593,No,Owns,0,2,1,1,13,DEDUCTIBLE,TIER 1 NETWORK,COST IN $,600,0,200,1600,200,3,5,high,high,RISK,4
0,1,0,0,Hourly,4519,Yes,Owns,4,10,2,1,13,DEDUCTIBLE,TIER 1 NETWORK,COST IN $,0,200,600,1600,200,3,5,high,high,RISK,4
0,1,0,0,Bonus,2639,No,Rents,0,4,3,1,13,DEDUCTIBLE,TIER 1 NETWORK,COST IN $,600,1600,0,200,200,3,5,high,high,RISK,4
0,0,1,0,Hourly,2563,Yes,Rents,8,2,25,1,13,DEDUCTIBLE,TIER 1 NETWORK,COST IN $,600,200,0,1600,200,3,5,high,high,RISK,4
0,0,1,1,Bonus,2810,Yes,Owns,8,10,10,1,13,DEDUCTIBLE,TIER 1 NETWORK,COST IN $,600,0,200,1600,200,3,5,high,high,RISK,4
0,0,0,1,Hourly,2954,Yes,Owns,10,7,6,1,13,DEDUCTIBLE,TIER 1 NETWORK,COST IN $,200,600,0,1600,200,3,5,high,high,RISK,4
0,0,1,0,Hourly,2299,Yes,Owns,6,5,5,1,13,DEDUCTIBLE,TIER 1 NETWORK,COST IN $,0,1600,600,200,200,3,5,high,high,RISK,4
0,0,1,1,Hourly,1155,No,Rents,1,10,8,1,13,DEDUCTIBLE,TIER 1 NETWORK,COST IN $,1600,200,0,600,200,3,5,high,high,RISK,4
1,0,1,0,Bonus,1856,Yes,Rents,7,0,4,1,13,DEDUCTIBLE,TIER 1 NETWORK,COST IN $,600,0,1600,200,200,3,5,high,high,RISK,4
1,1,0,0,Salaried,3352,Yes,Rents,1,9,1,1,13,DEDUCTIBLE,TIER 1 NETWORK,COST IN $,200,0,600,1600,200,3,5,high,high,RISK,4
1,0,0,0,Hourly,3735,Yes,Owns,8,4,5,1,13,DEDUCTIBLE,TIER 1 NETWORK,COST IN $,200,600,0,1600,200,3,5,high,high,RISK,4
1,0,0,1,Salaried,1125,Yes,Rents,1,1,2,1,13,DEDUCTIBLE,TIER 1 NETWORK,COST IN $,1600,200,600,0,200,3,5,high,high,RISK,4
1,0,1,0,Bonus,4695,No,Owns,0,6,5,1,13,DEDUCTIBLE,TIER 1 NETWORK,COST IN $,200,600,0,1600,200,3,5,high,high,RISK,4
0,0,0,1,Salaried,1210,No,Rents,9,1,13,1,13,DEDUCTIBLE,TIER 1 NETWORK,COST IN $,0,600,1600,200,200,3,5,high,high,RISK,4
1,0,0,0,Bonus,3757,No,Rents,1,2,0,1,13,DEDUCTIBLE,TIER 1 NETWORK,COST IN $,1600,600,0,200,200,3,5,high,high,RISK,4
1,0,1,1,Salaried,4038,Yes,Rents,5,5,12,1,13,DEDUCTIBLE,TIER 1 NETWORK,COST IN $,0,200,1600,600,200,3,5,high,high,RISK,4
0,0,0,1,Bonus,381,No,Owns,2,6,13,1,13,DEDUCTIBLE,TIER 1 NETWORK,COST IN $,1600,0,600,200,200,3,5,high,high,RISK,4
0,0,0,0,Hourly,2879,Yes,Rents,9,4,5,1,13,DEDUCTIBLE,TIER 1 NETWORK,COST IN $,200,0,600,1600,200,3,5,high,high,RISK,4
0,1,0,0,Hourly,2246,No,Owns,9,4,8,1,13,DEDUCTIBLE,TIER 1 NETWORK,COST IN $,1600,0,600,200,200,3,5,high,high,RISK,4
0,1,0,0,Hourly,3337,No,Rents,1,9,4,1,13,DEDUCTIBLE,TIER 1 NETWORK,COST IN $,200,600,0,1600,200,3,5,high,high,RISK,4
1,0,0,0,Hourly,874,No,Owns,9,7,9,1,13,DEDUCTIBLE,TIER 1 NETWORK,COST IN $,600,200,1600,0,200,3,5,high,high,RISK,4
0,1,0,0,Hourly,4470,Yes,Owns,0,5,23,1,13,DEDUCTIBLE,TIER 1 NETWORK,COST IN $,0,600,1600,200,200,3,5,high,high,RISK,4
1,0,1,0,Hourly,3252,Yes,Owns,4,1,9,1,13,DEDUCTIBLE,TIER 1 NETWORK,COST IN $,200,0,1600,600,200,3,5,high,high,RISK,4
0,1,0,0,Hourly,176,Yes,Rents,3,8,6,1,13,DEDUCTIBLE,TIER 1 NETWORK,COST IN $,200,600,1600,0,200,3,5,high,high,RISK,4
0,0,1,0,Hourly,3681,Yes,Owns,1,2,1,1,13,DEDUCTIBLE,TIER 1 NETWORK,COST IN $,200,0,1600,600,200,3,5,high,high,RISK,4
0,1,1,1,Hourly,1019,Yes,Owns,8,10,2,1,13,DEDUCTIBLE,TIER 1 NETWORK,COST IN $,600,200,0,1600,200,3,5,high,high,RISK,4
0,1,1,0,Bonus,4493,Yes,Owns,10,4,3,1,13,DEDUCTIBLE,TIER 1 NETWORK,COST IN $,200,600,1600,0,200,3,5,high,high,RISK,4
0,1,1,0,Salaried,1012,Yes,Owns,8,2,25,1,13,DEDUCTIBLE,TIER 1 NETWORK,COST IN $,1600,0,200,600,200,3,5,high,high,RISK,4
0,0,0,0,Bonus,1248,Yes,Rents,1,10,10,1,13,DEDUCTIBLE,TIER 1 NETWORK,COST IN $,600,200,1600,0,200,3,5,high,high,RISK,4
0,0,0,0,Salaried,1214,No,Owns,1,7,6,1,13,DEDUCTIBLE,TIER 1 NETWORK,COST IN $,600,0,1600,200,200,3,5,high,high,RISK,4
1,0,0,0,Salaried,2852,Yes,Rents,1,5,5,1,13,DEDUCTIBLE,TIER 1 NETWORK,COST IN $,0,200,600,1600,200,3,5,high,high,RISK,4
0,0,0,0,Bonus,1440,Yes,Owns,4,10,8,1,13,DEDUCTIBLE,TIER 1 NETWORK,COST IN $,0,600,1600,200,200,3,5,high,high,RISK,4
1,0,1,0,Bonus,2951,No,Owns,4,0,4,1,13,DEDUCTIBLE,TIER 1 NETWORK,COST IN $,200,0,1600,600,200,3,5,high,high,RISK,4
2,1,0,2,Salaried,4377,No,Rents,10,19,27,1,14,DEDUCTIBLE,TIER 1 NETWORK,COST IN $,0,200,1600,600,200,3,10,high,high,RISK,4
0,1,1,0,Salaried,1919,No,Owns,10,15,31,1,14,DEDUCTIBLE,TIER 1 NETWORK,COST IN $,200,1600,600,0,200,3,10,high,high,RISK,4
1,1,0,0,Salaried,4671,Yes,Rents,15,12,28,1,14,DEDUCTIBLE,TIER 1 NETWORK,COST IN $,1600,600,0,200,200,3,10,high,high,RISK,4
2,1,0,0,Bonus,1139,No,Owns,13,16,31,1,14,DEDUCTIBLE,TIER 1 NETWORK,COST IN $,0,1600,600,200,200,3,10,high,high,RISK,4
1,1,2,1,Bonus,3085,No,Rents,9,12,39,1,14,DEDUCTIBLE,TIER 1 NETWORK,COST IN $,1600,200,0,600,200,3,10,high,high,RISK,4
0,1,2,0,Salaried,912,Yes,Rents,16,14,30,1,14,DEDUCTIBLE,TIER 1 NETWORK,COST IN $,0,200,1600,600,200,3,10,high,high,RISK,4
1,0,2,1,Hourly,3561,Yes,Owns,12,13,26,1,14,DEDUCTIBLE,TIER 1 NETWORK,COST IN $,600,0,1600,200,200,3,10,high,high,RISK,4
1,2,0,0,Hourly,4350,No,Rents,7,16,37,1,14,DEDUCTIBLE,TIER 1 NETWORK,COST IN $,1600,200,0,600,200,3,10,high,high,RISK,4
2,2,1,2,Salaried,3664,No,Owns,7,16,39,1,14,DEDUCTIBLE,TIER 1 NETWORK,COST IN $,200,600,0,1600,200,3,10,high,high,RISK,4
0,0,0,1,Bonus,1972,Yes,Owns,17,14,30,1,14,DEDUCTIBLE,TIER 1 NETWORK,COST IN $,0,1600,600,200,200,3,10,high,high,RISK,4
1,0,2,2,Salaried,1235,Yes,Rents,14,14,34,1,14,DEDUCTIBLE,TIER 1 NETWORK,COST IN $,600,0,200,1600,200,3,10,high,high,RISK,4
0,2,0,1,Bonus,2294,Yes,Owns,10,19,30,1,14,DEDUCTIBLE,TIER 1 NETWORK,COST IN $,1600,0,200,600,200,3,10,high,high,RISK,4
0,1,2,0,Salaried,4592,Yes,Rents,16,17,35,1,14,DEDUCTIBLE,TIER 1 NETWORK,COST IN $,0,600,200,1600,200,3,10,high,high,RISK,4
0,0,1,1,Hourly,2183,Yes,Owns,6,15,48,1,14,DEDUCTIBLE,TIER 1 NETWORK,COST IN $,1600,0,200,600,200,3,10,high,high,RISK,4
1,1,2,1,Salaried,1622,Yes,Rents,8,12,35,1,14,DEDUCTIBLE,TIER 1 NETWORK,COST IN $,0,200,600,1600,200,3,10,high,high,RISK,4
1,2,1,2,Salaried,4259,Yes,Rents,6,18,32,1,14,DEDUCTIBLE,TIER 1 NETWORK,COST IN $,1600,0,200,600,200,3,10,high,high,RISK,4
2,1,1,2,Salaried,4138,No,Owns,17,13,27,1,14,DEDUCTIBLE,TIER 1 NETWORK,COST IN $,600,0,200,1600,200,3,10,high,high,RISK,4
2,0,1,2,Bonus,2742,No,Owns,17,20,28,1,14,DEDUCTIBLE,TIER 1 NETWORK,COST IN $,1600,0,200,600,200,3,10,high,high,RISK,4
1,1,0,2,Bonus,4027,Yes,Rents,8,14,29,1,14,DEDUCTIBLE,TIER 1 NETWORK,COST IN $,600,0,1600,200,200,3,10,high,high,RISK,4
1,1,0,0,Bonus,3643,No,Rents,16,13,50,1,14,DEDUCTIBLE,TIER 1 NETWORK,COST IN $,200,600,1600,0,200,3,10,high,high,RISK,4
1,0,2,0,Salaried,1855,No,Rents,17,20,35,1,14,DEDUCTIBLE,TIER 1 NETWORK,COST IN $,0,1600,200,600,200,3,10,high,high,RISK,4
1,2,0,1,Bonus,4199,No,Owns,14,17,32,1,14,DEDUCTIBLE,TIER 1 NETWORK,COST IN $,0,200,1600,600,200,3,10,high,high,RISK,4
0,2,1,0,Salaried,358,No,Rents,12,16,31,1,14,DEDUCTIBLE,TIER 1 NETWORK,COST IN $,200,0,600,1600,200,3,10,high,high,RISK,4
1,1,1,1,Salaried,2175,No,Owns,16,20,34,1,14,DEDUCTIBLE,TIER 1 NETWORK,COST IN $,0,1600,200,600,200,3,10,high,high,RISK,4
1,1,0,0,Bonus,2804,No,Owns,11,11,30,1,14,DEDUCTIBLE,TIER 1 NETWORK,COST IN $,0,600,1600,200,200,3,10,high,high,RISK,4
2,1,2,1,Bonus,2793,Yes,Owns,17,19,27,1,14,DEDUCTIBLE,TIER 1 NETWORK,COST IN $,600,1600,0,200,200,3,10,high,high,RISK,4
2,0,2,0,Salaried,1366,No,Owns,14,15,31,1,14,DEDUCTIBLE,TIER 1 NETWORK,COST IN $,1600,200,600,0,200,3,10,high,high,RISK,4
0,1,1,2,Salaried,3990,No,Rents,13,12,28,1,14,DEDUCTIBLE,TIER 1 NETWORK,COST IN $,600,200,1600,0,200,3,10,high,high,RISK,4
0,1,1,0,Salaried,1625,No,Owns,16,16,31,1,14,DEDUCTIBLE,TIER 1 NETWORK,COST IN $,0,1600,200,600,200,3,10,high,high,RISK,4
1,2,0,0,Hourly,1178,No,Owns,5,12,39,1,14,DEDUCTIBLE,TIER 1 NETWORK,COST IN $,600,1600,200,0,200,3,10,high,high,RISK,4
1,1,0,0,Hourly,2665,No,Rents,8,14,30,1,14,DEDUCTIBLE,TIER 1 NETWORK,COST IN $,0,200,1600,600,200,3,10,high,high,RISK,4
1,1,2,0,Hourly,4144,No,Owns,9,13,26,1,14,DEDUCTIBLE,TIER 1 NETWORK,COST IN $,0,600,200,1600,200,3,10,high,high,RISK,4
1,1,2,0,Hourly,2547,Yes,Owns,14,16,37,1,14,DEDUCTIBLE,TIER 1 NETWORK,COST IN $,0,200,600,1600,200,3,10,high,high,RISK,4
1,1,1,0,Hourly,152,Yes,Owns,15,16,39,1,14,DEDUCTIBLE,TIER 1 NETWORK,COST IN $,200,0,1600,600,200,3,10,high,high,RISK,4
0,0,0,0,Bonus,2909,Yes,Rents,9,14,30,1,14,DEDUCTIBLE,TIER 1 NETWORK,COST IN $,1600,200,0,600,200,3,10,high,high,RISK,4
2,2,1,1,Bonus,2404,Yes,Owns,11,14,34,1,14,DEDUCTIBLE,TIER 1 NETWORK,COST IN $,200,1600,600,0,200,3,10,high,high,RISK,4
2,0,1,2,Bonus,144,Yes,Owns,10,19,30,1,14,DEDUCTIBLE,TIER 1 NETWORK,COST IN $,600,200,1600,0,200,3,10,high,high,RISK,4
2,0,1,0,Hourly,2250,No,Owns,11,17,35,1,14,DEDUCTIBLE,TIER 1 NETWORK,COST IN $,1600,200,0,600,200,3,10,high,high,RISK,4
2,0,0,0,Hourly,4826,No,Owns,10,15,48,1,14,DEDUCTIBLE,TIER 1 NETWORK,COST IN $,0,200,600,1600,200,3,10,high,high,RISK,4
1,1,0,0,Salaried,792,No,Owns,12,12,35,1,14,DEDUCTIBLE,TIER 1 NETWORK,COST IN $,200,600,0,1600,200,3,10,high,high,RISK,4
0,2,0,1,Hourly,3429,No,Rents,15,18,32,1,14,DEDUCTIBLE,TIER 1 NETWORK,COST IN $,0,600,200,1600,200,3,10,high,high,RISK,4
0,2,0,1,Hourly,1596,Yes,Owns,11,13,27,1,14,DEDUCTIBLE,TIER 1 NETWORK,COST IN $,200,600,0,1600,200,3,10,high,high,RISK,4
1,1,2,0,Salaried,83,Yes,Owns,7,20,28,1,14,DEDUCTIBLE,TIER 1 NETWORK,COST IN $,200,0,1600,600,200,3,10,high,high,RISK,4
1,2,0,2,Salaried,3601,No,Owns,6,14,29,1,14,DEDUCTIBLE,TIER 1 NETWORK,COST IN $,200,600,0,1600,200,3,10,high,high,RISK,4
1,1,0,1,Bonus,861,No,Owns,15,13,50,1,14,DEDUCTIBLE,TIER 1 NETWORK,COST IN $,1600,600,200,0,200,3,10,high,high,RISK,4
0,2,2,2,Salaried,2240,Yes,Rents,15,20,35,1,14,DEDUCTIBLE,TIER 1 NETWORK,COST IN $,600,1600,0,200,200,3,10,high,high,RISK,4
1,0,0,0,Hourly,2384,No,Rents,6,17,32,1,14,DEDUCTIBLE,TIER 1 NETWORK,COST IN $,600,200,1600,0,200,3,10,high,high,RISK,4
0,0,0,0,Bonus,2363,Yes,Rents,12,16,31,1,14,DEDUCTIBLE,TIER 1 NETWORK,COST IN $,200,1600,600,0,200,3,10,high,high,RISK,4
1,1,2,0,Salaried,4539,No,Owns,10,20,34,1,14,DEDUCTIBLE,TIER 1 NETWORK,COST IN $,600,1600,0,200,200,3,10,high,high,RISK,4
1,1,0,0,Bonus,489,No,Rents,9,11,30,1,14,DEDUCTIBLE,TIER 1 NETWORK,COST IN $,1600,200,600,0,200,3,10,high,high,RISK,4
1,2,0,2,Bonus,4623,Yes,Owns,7,19,27,1,14,DEDUCTIBLE,TIER 1 NETWORK,COST IN $,600,1600,0,200,200,3,10,high,high,RISK,4
1,0,0,0,Salaried,153,Yes,Owns,5,15,31,1,14,DEDUCTIBLE,TIER 1 NETWORK,COST IN $,200,1600,600,0,200,3,10,high,high,RISK,4
0,2,2,1,Salaried,3954,No,Owns,6,12,28,1,14,DEDUCTIBLE,TIER 1 NETWORK,COST IN $,200,600,1600,0,200,3,10,high,high,RISK,4
0,1,0,0,Salaried,4742,No,Rents,5,16,31,1,14,DEDUCTIBLE,TIER 1 NETWORK,COST IN $,1600,200,0,600,200,3,10,high,high,RISK,4
0,0,0,1,Hourly,3289,No,Rents,15,12,39,1,14,DEDUCTIBLE,TIER 1 NETWORK,COST IN $,1600,200,0,600,200,3,10,high,high,RISK,4
0,0,1,1,Bonus,3409,Yes,Rents,13,14,30,1,14,DEDUCTIBLE,TIER 1 NETWORK,COST IN $,0,600,200,1600,200,3,10,high,high,RISK,4
0,0,2,1,Bonus,3179,No,Rents,8,13,26,1,14,DEDUCTIBLE,TIER 1 NETWORK,COST IN $,200,0,600,1600,200,3,10,high,high,RISK,4
0,0,0,1,Bonus,4271,No,Rents,9,16,37,1,14,DEDUCTIBLE,TIER 1 NETWORK,COST IN $,1600,600,0,200,200,3,10,high,high,RISK,4
0,0,0,0,Hourly,4605,Yes,Rents,10,16,39,1,14,DEDUCTIBLE,TIER 1 NETWORK,COST IN $,1600,200,600,0,200,3,10,high,high,RISK,4
0,2,2,2,Salaried,3042,Yes,Rents,6,14,30,1,14,DEDUCTIBLE,TIER 1 NETWORK,COST IN $,600,0,200,1600,200,3,10,high,high,RISK,4
0,2,2,0,Hourly,170,No,Rents,16,14,34,1,14,DEDUCTIBLE,TIER 1 NETWORK,COST IN $,200,1600,600,0,200,3,10,high,high,RISK,4
0,1,0,2,Salaried,2062,No,Rents,7,19,30,1,14,DEDUCTIBLE,TIER 1 NETWORK,COST IN $,600,200,0,1600,200,3,10,high,high,RISK,4
1,1,2,2,Bonus,1962,No,Rents,5,17,35,1,14,DEDUCTIBLE,TIER 1 NETWORK,COST IN $,1600,200,600,0,200,3,10,high,high,RISK,4
0,0,0,0,Bonus,1006,No,Owns,11,15,48,1,14,DEDUCTIBLE,TIER 1 NETWORK,COST IN $,1600,200,0,600,200,3,10,high,high,RISK,4
0,2,1,2,Salaried,4555,No,Rents,8,12,35,1,14,DEDUCTIBLE,TIER 1 NETWORK,COST IN $,0,200,600,1600,200,3,10,high,high,RISK,4
2,1,1,0,Bonus,458,No,Rents,10,18,32,1,14,DEDUCTIBLE,TIER 1 NETWORK,COST IN $,200,1600,600,0,200,3,10,high,high,RISK,4
2,0,2,1,Hourly,1593,No,Owns,5,13,27,1,14,DEDUCTIBLE,TIER 1 NETWORK,COST IN $,0,200,1600,600,200,3,10,high,high,RISK,4
0,2,0,1,Hourly,4519,Yes,Owns,11,20,28,1,14,DEDUCTIBLE,TIER 1 NETWORK,COST IN $,200,600,0,1600,200,3,10,high,high,RISK,4
0,1,0,0,Bonus,2639,No,Rents,5,14,29,1,14,DEDUCTIBLE,TIER 1 NETWORK,COST IN $,200,1600,0,600,200,3,10,high,high,RISK,4
0,0,2,1,Hourly,2563,Yes,Rents,15,13,50,1,14,DEDUCTIBLE,TIER 1 NETWORK,COST IN $,200,1600,0,600,200,3,10,high,high,RISK,4
0,1,2,1,Bonus,2810,Yes,Owns,15,20,35,1,14,DEDUCTIBLE,TIER 1 NETWORK,COST IN $,0,1600,200,600,200,3,10,high,high,RISK,4
1,1,0,1,Hourly,2954,Yes,Owns,18,17,32,1,14,DEDUCTIBLE,TIER 1 NETWORK,COST IN $,0,200,600,1600,200,3,10,high,high,RISK,4
1,0,2,0,Hourly,2299,Yes,Owns,13,16,31,1,14,DEDUCTIBLE,TIER 1 NETWORK,COST IN $,200,1600,0,600,200,3,10,high,high,RISK,4
0,0,1,2,Hourly,1155,No,Rents,6,20,34,1,14,DEDUCTIBLE,TIER 1 NETWORK,COST IN $,600,200,1600,0,200,3,10,high,high,RISK,4
1,0,2,0,Bonus,1856,Yes,Rents,14,11,30,1,14,DEDUCTIBLE,TIER 1 NETWORK,COST IN $,0,200,1600,600,200,3,10,high,high,RISK,4
2,1,1,0,Salaried,3352,Yes,Rents,6,19,27,1,14,DEDUCTIBLE,TIER 1 NETWORK,COST IN $,200,600,0,1600,200,3,10,high,high,RISK,4
2,0,0,1,Hourly,3735,Yes,Owns,15,15,31,1,14,DEDUCTIBLE,TIER 1 NETWORK,COST IN $,200,0,600,1600,200,3,10,high,high,RISK,4
2,1,0,2,Salaried,1125,Yes,Rents,6,12,28,1,14,DEDUCTIBLE,TIER 1 NETWORK,COST IN $,1600,0,600,200,200,3,10,high,high,RISK,4
2,0,1,0,Bonus,4695,No,Owns,5,16,31,1,14,DEDUCTIBLE,TIER 1 NETWORK,COST IN $,1600,200,0,600,200,3,10,high,high,RISK,4
1,1,1,1,Salaried,1210,No,Rents,17,12,39,1,14,DEDUCTIBLE,TIER 1 NETWORK,COST IN $,200,1600,0,600,200,3,10,high,high,RISK,4
1,2,1,0,Bonus,3149,No,Owns,6,14,30,1,14,DEDUCTIBLE,TIER 1 NETWORK,COST IN $,1600,200,600,0,200,3,10,high,high,RISK,4
1,1,1,1,Bonus,3757,No,Rents,6,13,26,1,14,DEDUCTIBLE,TIER 1 NETWORK,COST IN $,200,600,0,1600,200,3,10,high,high,RISK,4
1,0,2,1,Salaried,4038,Yes,Rents,12,16,37,1,14,DEDUCTIBLE,TIER 1 NETWORK,COST IN $,200,0,1600,600,200,3,10,high,high,RISK,4
0,0,0,2,Bonus,381,No,Owns,8,16,39,1,14,DEDUCTIBLE,TIER 1 NETWORK,COST IN $,200,0,1600,600,200,3,10,high,high,RISK,4
0,0,1,1,Hourly,2879,Yes,Rents,16,14,30,1,14,DEDUCTIBLE,TIER 1 NETWORK,COST IN $,0,200,600,1600,200,3,10,high,high,RISK,4
1,2,0,0,Hourly,2246,No,Owns,17,14,34,1,14,DEDUCTIBLE,TIER 1 NETWORK,COST IN $,200,600,1600,0,200,3,10,high,high,RISK,4
0,2,1,0,Hourly,3337,No,Rents,7,19,30,1,14,DEDUCTIBLE,TIER 1 NETWORK,COST IN $,1600,600,0,200,200,3,10,high,high,RISK,4
1,1,1,1,Hourly,874,No,Owns,17,17,35,1,14,DEDUCTIBLE,TIER 1 NETWORK,COST IN $,200,1600,600,0,200,3,10,high,high,RISK,4
0,1,0,0,Hourly,4470,Yes,Owns,6,15,48,1,14,DEDUCTIBLE,TIER 1 NETWORK,COST IN $,1600,600,0,200,200,3,10,high,high,RISK,4
2,0,1,1,Hourly,3252,Yes,Owns,10,12,35,1,14,DEDUCTIBLE,TIER 1 NETWORK,COST IN $,600,1600,200,0,200,3,10,high,high,RISK,4
0,2,0,1,Hourly,176,Yes,Rents,9,18,32,1,14,DEDUCTIBLE,TIER 1 NETWORK,COST IN $,200,0,1600,600,200,3,10,high,high,RISK,4
1,0,2,0,Hourly,3681,Yes,Owns,6,13,27,1,14,DEDUCTIBLE,TIER 1 NETWORK,COST IN $,200,0,600,1600,200,3,10,high,high,RISK,4
1,2,1,2,Hourly,1019,Yes,Owns,15,20,28,1,14,DEDUCTIBLE,TIER 1 NETWORK,COST IN $,1600,0,600,200,200,3,10,high,high,RISK,4
1,2,1,1,Bonus,4493,Yes,Owns,18,14,29,1,14,DEDUCTIBLE,TIER 1 NETWORK,COST IN $,200,0,600,1600,200,3,10,high,high,RISK,4
1,2,2,0,Salaried,1012,Yes,Owns,15,13,50,1,14,DEDUCTIBLE,TIER 1 NETWORK,COST IN $,0,1600,200,600,200,3,10,high,high,RISK,4
0,0,1,1,Bonus,1248,Yes,Rents,7,20,35,1,14,DEDUCTIBLE,TIER 1 NETWORK,COST IN $,0,1600,200,600,200,3,10,high,high,RISK,4
0,0,1,0,Salaried,1214,No,Owns,6,17,32,1,14,DEDUCTIBLE,TIER 1 NETWORK,COST IN $,0,200,600,1600,200,3,10,high,high,RISK,4
1,0,1,0,Salaried,2852,Yes,Rents,6,16,31,1,14,DEDUCTIBLE,TIER 1 NETWORK,COST IN $,200,600,1600,0,200,3,10,high,high,RISK,4
1,0,0,0,Bonus,1440,Yes,Owns,10,20,34,1,14,DEDUCTIBLE,TIER 1 NETWORK,COST IN $,0,1600,600,200,200,3,10,high,high,RISK,4
1,0,1,0,Bonus,2951,No,Owns,11,11,30,1,14,DEDUCTIBLE,TIER 1 NETWORK,COST IN $,600,0,1600,200,200,3,10,high,high,RISK,4
3,2,1,3,Salaried,4377,No,Rents,24,48,52,1,15,DEDUCTIBLE,TIER 1 NETWORK,COST IN $,0,600,200,1600,0,4,20,high,high,RISK,4
1,1,2,1,Salaried,1919,No,Owns,25,33,56,1,15,DEDUCTIBLE,TIER 1 NETWORK,COST IN $,1600,200,600,0,0,4,20,high,high,RISK,4
2,2,1,1,Salaried,4671,Yes,Rents,33,23,53,1,15,DEDUCTIBLE,TIER 1 NETWORK,COST IN $,0,600,200,1600,0,4,20,high,high,RISK,4
3,2,1,1,Bonus,1139,No,Owns,29,38,56,1,15,DEDUCTIBLE,TIER 1 NETWORK,COST IN $,200,0,1600,600,0,4,20,high,high,RISK,4
1,2,3,2,Bonus,3085,No,Rents,23,24,64,1,15,DEDUCTIBLE,TIER 1 NETWORK,COST IN $,200,1600,600,0,0,4,20,high,high,RISK,4
1,2,3,1,Salaried,912,Yes,Rents,37,29,55,1,15,DEDUCTIBLE,TIER 1 NETWORK,COST IN $,0,200,600,1600,0,4,20,high,high,RISK,4
2,1,3,2,Hourly,3561,Yes,Owns,28,26,51,1,15,DEDUCTIBLE,TIER 1 NETWORK,COST IN $,200,0,1600,600,0,4,20,high,high,RISK,4
2,3,1,1,Hourly,4350,No,Rents,19,36,62,1,15,DEDUCTIBLE,TIER 1 NETWORK,COST IN $,600,0,200,1600,0,4,20,high,high,RISK,4
3,3,2,3,Salaried,3664,No,Owns,18,38,64,1,15,DEDUCTIBLE,TIER 1 NETWORK,COST IN $,200,600,1600,0,0,4,20,high,high,RISK,4
1,1,1,1,Bonus,1972,Yes,Owns,38,31,55,1,15,DEDUCTIBLE,TIER 1 NETWORK,COST IN $,600,200,0,1600,0,4,20,high,high,RISK,4
1,1,3,3,Salaried,1235,Yes,Rents,32,31,59,1,15,DEDUCTIBLE,TIER 1 NETWORK,COST IN $,0,200,600,1600,0,4,20,high,high,RISK,4
1,3,1,2,Bonus,2294,Yes,Owns,25,47,55,1,15,DEDUCTIBLE,TIER 1 NETWORK,COST IN $,200,1600,600,0,0,4,20,high,high,RISK,4
1,2,3,1,Salaried,4592,Yes,Rents,37,41,60,1,15,DEDUCTIBLE,TIER 1 NETWORK,COST IN $,200,0,600,1600,0,4,20,high,high,RISK,4
1,1,1,2,Hourly,2183,Yes,Owns,16,35,73,1,15,DEDUCTIBLE,TIER 1 NETWORK,COST IN $,1600,0,200,600,0,4,20,high,high,RISK,4
2,2,3,2,Salaried,1622,Yes,Rents,21,24,60,1,15,DEDUCTIBLE,TIER 1 NETWORK,COST IN $,1600,0,200,600,0,4,20,high,high,RISK,4
2,3,1,3,Salaried,4259,Yes,Rents,17,43,57,1,15,DEDUCTIBLE,TIER 1 NETWORK,COST IN $,200,1600,600,0,0,4,20,high,high,RISK,4
3,2,2,3,Salaried,4138,No,Owns,37,25,52,1,15,DEDUCTIBLE,TIER 1 NETWORK,COST IN $,200,600,1600,0,0,4,20,high,high,RISK,4
3,1,2,3,Bonus,2742,No,Owns,39,50,53,1,15,DEDUCTIBLE,TIER 1 NETWORK,COST IN $,600,200,1600,0,0,4,20,high,high,RISK,4
1,1,1,3,Bonus,4027,Yes,Rents,21,31,54,1,15,DEDUCTIBLE,TIER 1 NETWORK,COST IN $,200,1600,600,0,0,4,20,high,high,RISK,4
2,2,1,1,Bonus,3643,No,Rents,35,26,75,1,15,DEDUCTIBLE,TIER 1 NETWORK,COST IN $,200,1600,600,0,0,4,20,high,high,RISK,4
2,1,3,1,Salaried,1855,No,Rents,39,49,60,1,15,DEDUCTIBLE,TIER 1 NETWORK,COST IN $,600,1600,0,200,0,4,20,high,high,RISK,4
1,3,1,1,Bonus,4199,No,Owns,33,40,57,1,15,DEDUCTIBLE,TIER 1 NETWORK,COST IN $,200,600,0,1600,0,4,20,high,high,RISK,4
1,3,2,1,Salaried,358,No,Rents,28,36,56,1,15,DEDUCTIBLE,TIER 1 NETWORK,COST IN $,0,600,200,1600,0,4,20,high,high,RISK,4
2,2,2,1,Salaried,2175,No,Owns,35,49,59,1,15,DEDUCTIBLE,TIER 1 NETWORK,COST IN $,200,0,1600,600,0,4,20,high,high,RISK,4
2,2,1,1,Bonus,2804,No,Owns,26,20,55,1,15,DEDUCTIBLE,TIER 1 NETWORK,COST IN $,0,600,1600,200,0,4,20,high,high,RISK,4
3,3,3,2,Bonus,2793,Yes,Owns,39,48,52,1,15,DEDUCTIBLE,TIER 1 NETWORK,COST IN $,200,1600,600,0,0,4,20,high,high,RISK,4
3,1,3,1,Salaried,1366,No,Owns,32,33,56,1,15,DEDUCTIBLE,TIER 1 NETWORK,COST IN $,0,1600,600,200,0,4,20,high,high,RISK,4
1,2,2,3,Salaried,3990,No,Rents,30,23,53,1,15,DEDUCTIBLE,TIER 1 NETWORK,COST IN $,1600,0,600,200,0,4,20,high,high,RISK,4
1,2,2,1,Salaried,1625,No,Owns,36,38,56,1,15,DEDUCTIBLE,TIER 1 NETWORK,COST IN $,200,600,1600,0,0,4,20,high,high,RISK,4
2,3,1,1,Hourly,1178,No,Owns,15,24,64,1,15,DEDUCTIBLE,TIER 1 NETWORK,COST IN $,0,600,1600,200,0,4,20,high,high,RISK,4
2,1,1,1,Hourly,2665,No,Rents,20,29,55,1,15,DEDUCTIBLE,TIER 1 NETWORK,COST IN $,0,600,200,1600,0,4,20,high,high,RISK,4
2,3,3,1,Hourly,4144,No,Owns,23,26,51,1,15,DEDUCTIBLE,TIER 1 NETWORK,COST IN $,0,1600,600,200,0,4,20,high,high,RISK,4
2,2,3,1,Hourly,2547,Yes,Owns,32,36,62,1,15,DEDUCTIBLE,TIER 1 NETWORK,COST IN $,200,0,600,1600,0,4,20,high,high,RISK,4
2,1,2,1,Hourly,152,Yes,Owns,34,38,64,1,15,DEDUCTIBLE,TIER 1 NETWORK,COST IN $,0,600,1600,200,0,4,20,high,high,RISK,4
1,1,1,1,Bonus,2909,Yes,Rents,23,31,55,1,15,DEDUCTIBLE,TIER 1 NETWORK,COST IN $,1600,200,600,0,0,4,20,high,high,RISK,4
3,3,2,2,Bonus,2404,Yes,Owns,27,31,59,1,15,DEDUCTIBLE,TIER 1 NETWORK,COST IN $,1600,200,600,0,0,4,20,high,high,RISK,4
3,1,2,3,Bonus,144,Yes,Owns,24,47,55,1,15,DEDUCTIBLE,TIER 1 NETWORK,COST IN $,600,0,200,1600,0,4,20,high,high,RISK,4
3,1,2,1,Hourly,2250,No,Owns,26,41,60,1,15,DEDUCTIBLE,TIER 1 NETWORK,COST IN $,200,600,0,1600,0,4,20,high,high,RISK,4
3,1,1,1,Hourly,4826,No,Owns,25,35,73,1,15,DEDUCTIBLE,TIER 1 NETWORK,COST IN $,200,600,0,1600,0,4,20,high,high,RISK,4
2,2,1,1,Salaried,792,No,Owns,28,24,60,1,15,DEDUCTIBLE,TIER 1 NETWORK,COST IN $,1600,200,0,600,0,4,20,high,high,RISK,4
1,3,1,2,Hourly,3429,No,Rents,34,43,57,1,15,DEDUCTIBLE,TIER 1 NETWORK,COST IN $,600,1600,200,0,0,4,20,high,high,RISK,4
1,3,1,2,Hourly,1596,Yes,Owns,27,25,52,1,15,DEDUCTIBLE,TIER 1 NETWORK,COST IN $,200,600,0,1600,0,4,20,high,high,RISK,4
2,3,3,1,Salaried,83,Yes,Owns,19,50,53,1,15,DEDUCTIBLE,TIER 1 NETWORK,COST IN $,600,1600,200,0,0,4,20,high,high,RISK,4
2,3,1,3,Salaried,3601,No,Owns,17,31,54,1,15,DEDUCTIBLE,TIER 1 NETWORK,COST IN $,200,0,1600,600,0,4,20,high,high,RISK,4
2,2,1,2,Bonus,861,No,Owns,34,26,75,1,15,DEDUCTIBLE,TIER 1 NETWORK,COST IN $,0,1600,200,600,0,4,20,high,high,RISK,4
1,3,3,3,Salaried,2240,Yes,Rents,35,49,60,1,15,DEDUCTIBLE,TIER 1 NETWORK,COST IN $,200,1600,0,600,0,4,20,high,high,RISK,4
1,1,1,1,Hourly,2384,No,Rents,17,40,57,1,15,DEDUCTIBLE,TIER 1 NETWORK,COST IN $,600,0,200,1600,0,4,20,high,high,RISK,4
1,1,1,1,Bonus,2363,Yes,Rents,29,36,56,1,15,DEDUCTIBLE,TIER 1 NETWORK,COST IN $,1600,200,600,0,0,4,20,high,high,RISK,4
2,1,3,1,Salaried,4539,No,Owns,24,49,59,1,15,DEDUCTIBLE,TIER 1 NETWORK,COST IN $,0,1600,200,600,0,4,20,high,high,RISK,4
2,1,1,1,Bonus,489,No,Rents,23,20,55,1,15,DEDUCTIBLE,TIER 1 NETWORK,COST IN $,200,0,1600,600,0,4,20,high,high,RISK,4
2,3,1,3,Bonus,4623,Yes,Owns,19,48,52,1,15,DEDUCTIBLE,TIER 1 NETWORK,COST IN $,200,1600,600,0,0,4,20,high,high,RISK,4
2,1,1,1,Salaried,153,Yes,Owns,15,33,56,1,15,DEDUCTIBLE,TIER 1 NETWORK,COST IN $,200,1600,0,600,0,4,20,high,high,RISK,4
1,3,3,2,Salaried,3954,No,Owns,17,23,53,1,15,DEDUCTIBLE,TIER 1 NETWORK,COST IN $,1600,200,0,600,0,4,20,high,high,RISK,4
1,2,1,1,Salaried,4742,No,Rents,15,38,56,1,15,DEDUCTIBLE,TIER 1 NETWORK,COST IN $,0,600,200,1600,0,4,20,high,high,RISK,4
1,1,1,2,Hourly,3289,No,Rents,35,24,64,1,15,DEDUCTIBLE,TIER 1 NETWORK,COST IN $,0,1600,600,200,0,4,20,high,high,RISK,4
1,1,2,2,Bonus,3409,Yes,Rents,30,29,55,1,15,DEDUCTIBLE,TIER 1 NETWORK,COST IN $,600,1600,0,200,0,4,20,high,high,RISK,4
1,1,3,2,Bonus,3179,No,Rents,21,26,51,1,15,DEDUCTIBLE,TIER 1 NETWORK,COST IN $,600,200,0,1600,0,4,20,high,high,RISK,4
1,1,1,2,Bonus,4271,No,Rents,22,36,62,1,15,DEDUCTIBLE,TIER 1 NETWORK,COST IN $,0,200,1600,600,0,4,20,high,high,RISK,4
1,1,1,1,Hourly,4605,Yes,Rents,24,38,64,1,15,DEDUCTIBLE,TIER 1 NETWORK,COST IN $,200,0,1600,600,0,4,20,high,high,RISK,4
1,3,3,3,Salaried,3042,Yes,Rents,16,31,55,1,15,DEDUCTIBLE,TIER 1 NETWORK,COST IN $,200,600,1600,0,0,4,20,high,high,RISK,4
1,3,3,1,Hourly,170,No,Rents,37,31,59,1,15,DEDUCTIBLE,TIER 1 NETWORK,COST IN $,0,1600,200,600,0,4,20,high,high,RISK,4
1,1,1,3,Salaried,2062,No,Rents,20,47,55,1,15,DEDUCTIBLE,TIER 1 NETWORK,COST IN $,0,200,1600,600,0,4,20,high,high,RISK,4
2,2,3,3,Bonus,1962,No,Rents,15,41,60,1,15,DEDUCTIBLE,TIER 1 NETWORK,COST IN $,200,1600,600,0,0,4,20,high,high,RISK,4
1,1,1,1,Bonus,1006,No,Owns,27,35,73,1,15,DEDUCTIBLE,TIER 1 NETWORK,COST IN $,200,600,1600,0,0,4,20,high,high,RISK,4
1,3,2,3,Salaried,4555,No,Rents,20,24,60,1,15,DEDUCTIBLE,TIER 1 NETWORK,COST IN $,600,0,1600,200,0,4,20,high,high,RISK,4
3,1,2,1,Bonus,458,No,Rents,25,43,57,1,15,DEDUCTIBLE,TIER 1 NETWORK,COST IN $,600,200,0,1600,0,4,20,high,high,RISK,4
3,1,3,1,Hourly,1593,No,Owns,16,25,52,1,15,DEDUCTIBLE,TIER 1 NETWORK,COST IN $,200,1600,0,600,0,4,20,high,high,RISK,4
1,3,1,2,Hourly,4519,Yes,Owns,26,50,53,1,15,DEDUCTIBLE,TIER 1 NETWORK,COST IN $,0,600,1600,200,0,4,20,high,high,RISK,4
1,2,1,1,Bonus,2639,No,Rents,16,31,54,1,15,DEDUCTIBLE,TIER 1 NETWORK,COST IN $,600,200,0,1600,0,4,20,high,high,RISK,4
1,1,3,1,Hourly,2563,Yes,Rents,35,26,75,1,15,DEDUCTIBLE,TIER 1 NETWORK,COST IN $,200,600,0,1600,0,4,20,high,high,RISK,4
1,2,3,2,Bonus,2810,Yes,Owns,35,49,60,1,15,DEDUCTIBLE,TIER 1 NETWORK,COST IN $,200,600,0,1600,0,4,20,high,high,RISK,4
2,2,1,2,Hourly,2954,Yes,Owns,39,40,57,1,15,DEDUCTIBLE,TIER 1 NETWORK,COST IN $,1600,600,0,200,0,4,20,high,high,RISK,4
2,1,3,1,Hourly,2299,Yes,Owns,31,36,56,1,15,DEDUCTIBLE,TIER 1 NETWORK,COST IN $,200,0,1600,600,0,4,20,high,high,RISK,4
1,1,2,3,Hourly,1155,No,Rents,16,49,59,1,15,DEDUCTIBLE,TIER 1 NETWORK,COST IN $,0,1600,600,200,0,4,20,high,high,RISK,4
2,1,3,1,Bonus,1856,Yes,Rents,31,20,55,1,15,DEDUCTIBLE,TIER 1 NETWORK,COST IN $,200,1600,600,0,0,4,20,high,high,RISK,4
3,2,2,1,Salaried,3352,Yes,Rents,18,48,52,1,15,DEDUCTIBLE,TIER 1 NETWORK,COST IN $,1600,200,0,600,0,4,20,high,high,RISK,4
3,1,1,2,Hourly,3735,Yes,Owns,34,33,56,1,15,DEDUCTIBLE,TIER 1 NETWORK,COST IN $,1600,200,600,0,0,4,20,high,high,RISK,4
3,2,1,3,Salaried,1125,Yes,Rents,18,23,53,1,15,DEDUCTIBLE,TIER 1 NETWORK,COST IN $,200,1600,600,0,0,4,20,high,high,RISK,4
3,1,2,1,Bonus,4695,No,Owns,15,38,56,1,15,DEDUCTIBLE,TIER 1 NETWORK,COST IN $,1600,200,600,0,0,4,20,high,high,RISK,4
2,2,2,2,Salaried,1210,No,Rents,38,24,64,1,15,DEDUCTIBLE,TIER 1 NETWORK,COST IN $,200,1600,0,600,0,4,20,high,high,RISK,4
2,3,2,1,Bonus,3149,No,Owns,17,29,55,1,15,DEDUCTIBLE,TIER 1 NETWORK,COST IN $,0,1600,600,200,0,4,20,high,high,RISK,4
2,2,2,2,Bonus,3757,No,Rents,18,26,51,1,15,DEDUCTIBLE,TIER 1 NETWORK,COST IN $,1600,0,200,600,0,4,20,high,high,RISK,4
3,1,3,2,Salaried,4038,Yes,Rents,28,36,62,1,15,DEDUCTIBLE,TIER 1 NETWORK,COST IN $,600,0,200,1600,0,4,20,high,high,RISK,4
1,1,1,3,Bonus,381,No,Owns,20,38,64,1,15,DEDUCTIBLE,TIER 1 NETWORK,COST IN $,1600,200,600,0,0,4,20,high,high,RISK,4
1,1,1,2,Hourly,2879,Yes,Rents,37,31,55,1,15,DEDUCTIBLE,TIER 1 NETWORK,COST IN $,600,200,0,1600,0,4,20,high,high,RISK,4
2,3,1,1,Hourly,2246,No,Owns,38,31,59,1,15,DEDUCTIBLE,TIER 1 NETWORK,COST IN $,600,0,200,1600,0,4,20,high,high,RISK,4
1,3,2,1,Hourly,3337,No,Rents,18,47,55,1,15,DEDUCTIBLE,TIER 1 NETWORK,COST IN $,600,200,0,1600,0,4,20,high,high,RISK,4
2,2,1,2,Hourly,874,No,Owns,38,41,60,1,15,DEDUCTIBLE,TIER 1 NETWORK,COST IN $,0,600,1600,200,0,4,20,high,high,RISK,4
1,2,1,1,Hourly,4470,Yes,Owns,16,35,73,1,15,DEDUCTIBLE,TIER 1 NETWORK,COST IN $,200,1600,600,0,0,4,20,high,high,RISK,4
3,1,3,1,Hourly,3252,Yes,Owns,24,24,60,1,15,DEDUCTIBLE,TIER 1 NETWORK,COST IN $,1600,200,0,600,0,4,20,high,high,RISK,4
1,3,1,2,Hourly,176,Yes,Rents,23,43,57,1,15,DEDUCTIBLE,TIER 1 NETWORK,COST IN $,200,600,1600,0,0,4,20,high,high,RISK,4
2,1,3,1,Hourly,3681,Yes,Owns,17,25,52,1,15,DEDUCTIBLE,TIER 1 NETWORK,COST IN $,200,600,0,1600,0,4,20,high,high,RISK,4
1,3,2,3,Hourly,1019,Yes,Owns,35,50,53,1,15,DEDUCTIBLE,TIER 1 NETWORK,COST IN $,600,1600,200,0,0,4,20,high,high,RISK,4
1,3,2,1,Bonus,4493,Yes,Owns,39,31,54,1,15,DEDUCTIBLE,TIER 1 NETWORK,COST IN $,1600,600,0,200,0,4,20,high,high,RISK,4
1,3,3,1,Salaried,1012,Yes,Owns,34,26,75,1,15,DEDUCTIBLE,TIER 1 NETWORK,COST IN $,600,0,200,1600,0,4,20,high,high,RISK,4
1,1,2,1,Bonus,1248,Yes,Rents,18,49,60,1,15,DEDUCTIBLE,TIER 1 NETWORK,COST IN $,600,200,1600,0,0,4,20,high,high,RISK,4
1,1,2,1,Salaried,1214,No,Owns,17,40,57,1,15,DEDUCTIBLE,TIER 1 NETWORK,COST IN $,600,1600,200,0,0,4,20,high,high,RISK,4
2,1,1,1,Salaried,2852,Yes,Rents,18,36,56,1,15,DEDUCTIBLE,TIER 1 NETWORK,COST IN $,1600,200,0,600,0,4,20,high,high,RISK,4
2,1,1,1,Bonus,1440,Yes,Owns,24,49,59,1,15,DEDUCTIBLE,TIER 1 NETWORK,COST IN $,1600,600,0,200,0,4,20,high,high,RISK,4
3,1,3,1,Bonus,2951,No,Owns,26,20,55,1,15,DEDUCTIBLE,TIER 1 NETWORK,COST IN $,200,1600,600,0,0,4,20,high,high,RISK,4
4,3,2,4,Salaried,4377,No,Rents,46,73,76,1,16,DEDUCTIBLE,TIER 1 NETWORK,COST IN $,1600,0,200,600,0,4,50,high,high,RISK,4
2,3,4,2,Salaried,1919,No,Owns,48,61,80,1,16,DEDUCTIBLE,TIER 1 NETWORK,COST IN $,0,200,1600,600,0,4,50,high,high,RISK,4
4,4,3,2,Salaried,4671,Yes,Rents,57,53,77,1,16,DEDUCTIBLE,TIER 1 NETWORK,COST IN $,200,0,600,1600,0,4,50,high,high,RISK,4
4,4,2,2,Bonus,1139,No,Owns,52,65,80,1,16,DEDUCTIBLE,TIER 1 NETWORK,COST IN $,0,200,600,1600,0,4,50,high,high,RISK,4
3,4,4,3,Bonus,3085,No,Rents,45,54,88,1,16,DEDUCTIBLE,TIER 1 NETWORK,COST IN $,0,200,600,1600,0,4,50,high,high,RISK,4
3,4,4,3,Salaried,912,Yes,Rents,61,58,79,1,16,DEDUCTIBLE,TIER 1 NETWORK,COST IN $,1600,0,600,200,0,4,50,high,high,RISK,4
4,3,4,3,Hourly,3561,Yes,Owns,51,56,75,1,16,DEDUCTIBLE,TIER 1 NETWORK,COST IN $,0,600,200,1600,0,4,50,high,high,RISK,4
4,4,2,2,Hourly,4350,No,Rents,40,64,87,1,16,DEDUCTIBLE,TIER 1 NETWORK,COST IN $,600,200,1600,0,0,4,50,high,high,RISK,4
4,4,4,4,Salaried,3664,No,Owns,39,65,88,1,16,DEDUCTIBLE,TIER 1 NETWORK,COST IN $,600,200,1600,0,0,4,50,high,high,RISK,4
2,3,3,3,Bonus,1972,Yes,Owns,62,60,80,1,16,DEDUCTIBLE,TIER 1 NETWORK,COST IN $,200,0,1600,600,0,4,50,high,high,RISK,4
3,2,4,4,Salaried,1235,Yes,Rents,55,60,83,1,16,DEDUCTIBLE,TIER 1 NETWORK,COST IN $,600,1600,0,200,0,4,50,high,high,RISK,4
2,4,3,3,Bonus,2294,Yes,Owns,47,72,79,1,16,DEDUCTIBLE,TIER 1 NETWORK,COST IN $,600,0,1600,200,0,4,50,high,high,RISK,4
2,3,4,3,Salaried,4592,Yes,Rents,62,68,84,1,16,DEDUCTIBLE,TIER 1 NETWORK,COST IN $,1600,0,200,600,0,4,50,high,high,RISK,4
3,3,3,4,Hourly,2183,Yes,Owns,37,63,98,1,16,DEDUCTIBLE,TIER 1 NETWORK,COST IN $,1600,200,0,600,0,4,50,high,high,RISK,4
3,3,4,3,Salaried,1622,Yes,Rents,42,55,84,1,16,DEDUCTIBLE,TIER 1 NETWORK,COST IN $,1600,600,200,0,0,4,50,high,high,RISK,4
3,4,3,4,Salaried,4259,Yes,Rents,37,70,81,1,16,DEDUCTIBLE,TIER 1 NETWORK,COST IN $,600,0,200,1600,0,4,50,high,high,RISK,4
4,3,3,4,Salaried,4138,No,Owns,62,55,76,1,16,DEDUCTIBLE,TIER 1 NETWORK,COST IN $,200,600,1600,0,0,4,50,high,high,RISK,4
4,3,4,4,Bonus,2742,No,Owns,64,75,77,1,16,DEDUCTIBLE,TIER 1 NETWORK,COST IN $,200,600,1600,0,0,4,50,high,high,RISK,4
3,3,3,4,Bonus,4027,Yes,Rents,43,60,78,1,16,DEDUCTIBLE,TIER 1 NETWORK,COST IN $,0,1600,600,200,0,4,50,high,high,RISK,4
4,4,2,2,Bonus,3643,No,Rents,59,56,100,1,16,DEDUCTIBLE,TIER 1 NETWORK,COST IN $,0,200,1600,600,0,4,50,high,high,RISK,4
4,2,4,2,Salaried,1855,No,Rents,63,74,85,1,16,DEDUCTIBLE,TIER 1 NETWORK,COST IN $,0,200,1600,600,0,4,50,high,high,RISK,4
3,4,2,3,Bonus,4199,No,Owns,57,67,81,1,16,DEDUCTIBLE,TIER 1 NETWORK,COST IN $,0,200,600,1600,0,4,50,high,high,RISK,4
3,4,3,2,Salaried,358,No,Rents,50,64,80,1,16,DEDUCTIBLE,TIER 1 NETWORK,COST IN $,0,1600,200,600,0,4,50,high,high,RISK,4
4,3,4,3,Salaried,2175,No,Owns,59,75,83,1,16,DEDUCTIBLE,TIER 1 NETWORK,COST IN $,200,600,1600,0,0,4,50,high,high,RISK,4
4,4,2,2,Bonus,2804,No,Owns,48,51,79,1,16,DEDUCTIBLE,TIER 1 NETWORK,COST IN $,0,200,1600,600,0,4,50,high,high,RISK,4
4,4,4,4,Bonus,2793,Yes,Owns,63,73,76,1,16,DEDUCTIBLE,TIER 1 NETWORK,COST IN $,1600,0,600,200,0,4,50,high,high,RISK,4
4,3,4,2,Salaried,1366,No,Owns,56,61,80,1,16,DEDUCTIBLE,TIER 1 NETWORK,COST IN $,200,600,1600,0,0,4,50,high,high,RISK,4
2,4,4,4,Salaried,3990,No,Rents,53,53,77,1,16,DEDUCTIBLE,TIER 1 NETWORK,COST IN $,200,0,600,1600,0,4,50,high,high,RISK,4
2,4,3,3,Salaried,1625,No,Owns,60,65,80,1,16,DEDUCTIBLE,TIER 1 NETWORK,COST IN $,600,0,200,1600,0,4,50,high,high,RISK,4
4,4,3,3,Hourly,1178,No,Owns,35,54,88,1,16,DEDUCTIBLE,TIER 1 NETWORK,COST IN $,200,1600,600,0,0,4,50,high,high,RISK,4
3,3,2,2,Hourly,2665,No,Rents,41,58,79,1,16,DEDUCTIBLE,TIER 1 NETWORK,COST IN $,600,0,1600,200,0,4,50,high,high,RISK,4
4,4,4,2,Hourly,4144,No,Owns,44,56,75,1,16,DEDUCTIBLE,TIER 1 NETWORK,COST IN $,0,1600,600,200,0,4,50,high,high,RISK,4
3,3,4,3,Hourly,2547,Yes,Owns,55,64,87,1,16,DEDUCTIBLE,TIER 1 NETWORK,COST IN $,1600,200,600,0,0,4,50,high,high,RISK,4
4,3,4,2,Hourly,152,Yes,Owns,58,65,88,1,16,DEDUCTIBLE,TIER 1 NETWORK,COST IN $,0,600,200,1600,0,4,50,high,high,RISK,4
3,2,2,3,Bonus,2909,Yes,Rents,45,60,80,1,16,DEDUCTIBLE,TIER 1 NETWORK,COST IN $,600,1600,0,200,0,4,50,high,high,RISK,4
4,4,3,3,Bonus,2404,Yes,Owns,49,60,83,1,16,DEDUCTIBLE,TIER 1 NETWORK,COST IN $,1600,600,200,0,0,4,50,high,high,RISK,4
4,2,4,4,Bonus,144,Yes,Owns,46,72,79,1,16,DEDUCTIBLE,TIER 1 NETWORK,COST IN $,0,1600,200,600,0,4,50,high,high,RISK,4
4,2,4,2,Hourly,2250,No,Owns,48,68,84,1,16,DEDUCTIBLE,TIER 1 NETWORK,COST IN $,200,0,600,1600,0,4,50,high,high,RISK,4
4,3,3,3,Hourly,4826,No,Owns,47,63,98,1,16,DEDUCTIBLE,TIER 1 NETWORK,COST IN $,600,200,1600,0,0,4,50,high,high,RISK,4
4,4,2,3,Salaried,792,No,Owns,50,55,84,1,16,DEDUCTIBLE,TIER 1 NETWORK,COST IN $,1600,600,0,200,0,4,50,high,high,RISK,4
2,4,2,3,Hourly,3429,No,Rents,58,70,81,1,16,DEDUCTIBLE,TIER 1 NETWORK,COST IN $,1600,600,0,200,0,4,50,high,high,RISK,4
3,4,3,4,Hourly,1596,Yes,Owns,50,55,76,1,16,DEDUCTIBLE,TIER 1 NETWORK,COST IN $,1600,200,0,600,0,4,50,high,high,RISK,4
4,4,4,3,Salaried,83,Yes,Owns,40,75,77,1,16,DEDUCTIBLE,TIER 1 NETWORK,COST IN $,600,0,200,1600,0,4,50,high,high,RISK,4
4,4,3,4,Salaried,3601,No,Owns,38,60,78,1,16,DEDUCTIBLE,TIER 1 NETWORK,COST IN $,1600,0,600,200,0,4,50,high,high,RISK,4
3,4,2,4,Bonus,861,No,Owns,58,56,100,1,16,DEDUCTIBLE,TIER 1 NETWORK,COST IN $,600,1600,0,200,0,4,50,high,high,RISK,4
2,4,4,4,Salaried,2240,Yes,Rents,59,74,85,1,16,DEDUCTIBLE,TIER 1 NETWORK,COST IN $,0,200,600,1600,0,4,50,high,high,RISK,4
3,3,2,2,Hourly,2384,No,Rents,37,67,81,1,16,DEDUCTIBLE,TIER 1 NETWORK,COST IN $,0,1600,600,200,0,4,50,high,high,RISK,4
2,2,3,3,Bonus,2363,Yes,Rents,52,64,80,1,16,DEDUCTIBLE,TIER 1 NETWORK,COST IN $,200,0,600,1600,0,4,50,high,high,RISK,4
3,3,4,2,Salaried,4539,No,Owns,45,75,83,1,16,DEDUCTIBLE,TIER 1 NETWORK,COST IN $,1600,200,600,0,0,4,50,high,high,RISK,4
3,3,2,2,Bonus,489,No,Rents,45,51,79,1,16,DEDUCTIBLE,TIER 1 NETWORK,COST IN $,600,0,200,1600,0,4,50,high,high,RISK,4
4,4,2,4,Bonus,4623,Yes,Owns,40,73,76,1,16,DEDUCTIBLE,TIER 1 NETWORK,COST IN $,600,1600,200,0,0,4,50,high,high,RISK,4
3,3,3,2,Salaried,153,Yes,Owns,36,61,80,1,16,DEDUCTIBLE,TIER 1 NETWORK,COST IN $,200,0,600,1600,0,4,50,high,high,RISK,4
3,4,4,4,Salaried,3954,No,Owns,38,53,77,1,16,DEDUCTIBLE,TIER 1 NETWORK,COST IN $,200,600,0,1600,0,4,50,high,high,RISK,4
3,3,2,3,Salaried,4742,No,Rents,35,65,80,1,16,DEDUCTIBLE,TIER 1 NETWORK,COST IN $,600,1600,200,0,0,4,50,high,high,RISK,4
2,2,2,3,Hourly,3289,No,Rents,59,54,88,1,16,DEDUCTIBLE,TIER 1 NETWORK,COST IN $,0,200,600,1600,0,4,50,high,high,RISK,4
2,2,3,3,Bonus,3409,Yes,Rents,54,58,79,1,16,DEDUCTIBLE,TIER 1 NETWORK,COST IN $,200,600,0,1600,0,4,50,high,high,RISK,4
3,3,4,3,Bonus,3179,No,Rents,42,56,75,1,16,DEDUCTIBLE,TIER 1 NETWORK,COST IN $,200,0,600,1600,0,4,50,high,high,RISK,4
3,3,2,4,Bonus,4271,No,Rents,43,64,87,1,16,DEDUCTIBLE,TIER 1 NETWORK,COST IN $,0,1600,600,200,0,4,50,high,high,RISK,4
3,3,3,2,Hourly,4605,Yes,Rents,46,65,88,1,16,DEDUCTIBLE,TIER 1 NETWORK,COST IN $,200,0,600,1600,0,4,50,high,high,RISK,4
2,4,4,4,Salaried,3042,Yes,Rents,37,60,80,1,16,DEDUCTIBLE,TIER 1 NETWORK,COST IN $,600,0,1600,200,0,4,50,high,high,RISK,4
2,4,4,3,Hourly,170,No,Rents,61,60,83,1,16,DEDUCTIBLE,TIER 1 NETWORK,COST IN $,600,0,1600,200,0,4,50,high,high,RISK,4
2,3,3,4,Salaried,2062,No,Rents,40,72,79,1,16,DEDUCTIBLE,TIER 1 NETWORK,COST IN $,1600,0,200,600,0,4,50,high,high,RISK,4
4,4,4,4,Bonus,1962,No,Rents,35,68,84,1,16,DEDUCTIBLE,TIER 1 NETWORK,COST IN $,600,0,200,1600,0,4,50,high,high,RISK,4
2,2,3,2,Bonus,1006,No,Owns,50,63,98,1,16,DEDUCTIBLE,TIER 1 NETWORK,COST IN $,0,1600,600,200,0,4,50,high,high,RISK,4
2,4,3,4,Salaried,4555,No,Rents,42,55,84,1,16,DEDUCTIBLE,TIER 1 NETWORK,COST IN $,1600,0,600,200,0,4,50,high,high,RISK,4
4,3,4,3,Bonus,458,No,Rents,46,70,81,1,16,DEDUCTIBLE,TIER 1 NETWORK,COST IN $,600,0,200,1600,0,4,50,high,high,RISK,4
4,3,4,3,Hourly,1593,No,Owns,36,55,76,1,16,DEDUCTIBLE,TIER 1 NETWORK,COST IN $,1600,600,0,200,0,4,50,high,high,RISK,4
3,4,2,3,Hourly,4519,Yes,Owns,48,75,77,1,16,DEDUCTIBLE,TIER 1 NETWORK,COST IN $,0,600,1600,200,0,4,50,high,high,RISK,4
2,4,3,3,Bonus,2639,No,Rents,36,60,78,1,16,DEDUCTIBLE,TIER 1 NETWORK,COST IN $,1600,200,0,600,0,4,50,high,high,RISK,4
2,3,4,3,Hourly,2563,Yes,Rents,59,56,100,1,16,DEDUCTIBLE,TIER 1 NETWORK,COST IN $,0,1600,600,200,0,4,50,high,high,RISK,4
3,4,4,4,Bonus,2810,Yes,Owns,58,74,85,1,16,DEDUCTIBLE,TIER 1 NETWORK,COST IN $,1600,0,600,200,0,4,50,high,high,RISK,4
3,4,3,4,Hourly,2954,Yes,Owns,64,67,81,1,16,DEDUCTIBLE,TIER 1 NETWORK,COST IN $,600,1600,0,200,0,4,50,high,high,RISK,4
3,2,4,3,Hourly,2299,Yes,Owns,54,64,80,1,16,DEDUCTIBLE,TIER 1 NETWORK,COST IN $,0,600,1600,200,0,4,50,high,high,RISK,4
2,3,4,4,Hourly,1155,No,Rents,37,75,83,1,16,DEDUCTIBLE,TIER 1 NETWORK,COST IN $,0,600,200,1600,0,4,50,high,high,RISK,4
4,2,4,3,Bonus,1856,Yes,Rents,55,51,79,1,16,DEDUCTIBLE,TIER 1 NETWORK,COST IN $,200,0,1600,600,0,4,50,high,high,RISK,4
4,4,3,3,Salaried,3352,Yes,Rents,38,73,76,1,16,DEDUCTIBLE,TIER 1 NETWORK,COST IN $,600,1600,200,0,0,4,50,high,high,RISK,4
4,3,2,3,Hourly,3735,Yes,Owns,58,61,80,1,16,DEDUCTIBLE,TIER 1 NETWORK,COST IN $,0,1600,600,200,0,4,50,high,high,RISK,4
4,3,3,4,Salaried,1125,Yes,Rents,38,53,77,1,16,DEDUCTIBLE,TIER 1 NETWORK,COST IN $,0,1600,600,200,0,4,50,high,high,RISK,4
4,2,4,2,Bonus,4695,No,Owns,35,65,80,1,16,DEDUCTIBLE,TIER 1 NETWORK,COST IN $,200,600,0,1600,0,4,50,high,high,RISK,4
3,3,3,4,Salaried,1210,No,Rents,62,54,88,1,16,DEDUCTIBLE,TIER 1 NETWORK,COST IN $,200,0,600,1600,0,4,50,high,high,RISK,4
4,4,4,2,Bonus,3149,No,Owns,37,58,79,1,16,DEDUCTIBLE,TIER 1 NETWORK,COST IN $,600,0,1600,200,0,4,50,high,high,RISK,4
4,3,4,4,Bonus,3757,No,Rents,38,56,75,1,16,DEDUCTIBLE,TIER 1 NETWORK,COST IN $,1600,600,0,200,0,4,50,high,high,RISK,4
4,3,4,4,Salaried,4038,Yes,Rents,51,64,87,1,16,DEDUCTIBLE,TIER 1 NETWORK,COST IN $,1600,600,200,0,0,4,50,high,high,RISK,4
2,3,3,4,Bonus,381,No,Owns,41,65,88,1,16,DEDUCTIBLE,TIER 1 NETWORK,COST IN $,600,0,200,1600,0,4,50,high,high,RISK,4
3,3,3,3,Hourly,2879,Yes,Rents,61,60,80,1,16,DEDUCTIBLE,TIER 1 NETWORK,COST IN $,600,1600,0,200,0,4,50,high,high,RISK,4
4,4,3,2,Hourly,2246,No,Owns,62,60,83,1,16,DEDUCTIBLE,TIER 1 NETWORK,COST IN $,200,600,1600,0,0,4,50,high,high,RISK,4
2,4,3,2,Hourly,3337,No,Rents,39,72,79,1,16,DEDUCTIBLE,TIER 1 NETWORK,COST IN $,1600,0,600,200,0,4,50,high,high,RISK,4
4,3,3,4,Hourly,874,No,Owns,63,68,84,1,16,DEDUCTIBLE,TIER 1 NETWORK,COST IN $,0,1600,200,600,0,4,50,high,high,RISK,4
3,4,2,3,Hourly,4470,Yes,Owns,36,63,98,1,16,DEDUCTIBLE,TIER 1 NETWORK,COST IN $,1600,0,600,200,0,4,50,high,high,RISK,4
4,3,4,3,Hourly,3252,Yes,Owns,46,55,84,1,16,DEDUCTIBLE,TIER 1 NETWORK,COST IN $,0,600,200,1600,0,4,50,high,high,RISK,4
3,4,2,3,Hourly,176,Yes,Rents,45,70,81,1,16,DEDUCTIBLE,TIER 1 NETWORK,COST IN $,0,200,600,1600,0,4,50,high,high,RISK,4
4,3,4,2,Hourly,3681,Yes,Owns,38,55,76,1,16,DEDUCTIBLE,TIER 1 NETWORK,COST IN $,0,600,1600,200,0,4,50,high,high,RISK,4
3,4,4,4,Hourly,1019,Yes,Owns,59,75,77,1,16,DEDUCTIBLE,TIER 1 NETWORK,COST IN $,600,1600,0,200,0,4,50,high,high,RISK,4
3,4,4,2,Salaried,1012,Yes,Owns,58,56,100,1,16,DEDUCTIBLE,TIER 1 NETWORK,COST IN $,600,200,1600,0,0,4,50,high,high,RISK,4
2,2,4,3,Bonus,1248,Yes,Rents,39,74,85,1,16,DEDUCTIBLE,TIER 1 NETWORK,COST IN $,200,1600,0,600,0,4,50,high,high,RISK,4
2,3,3,3,Salaried,1214,No,Owns,37,67,81,1,16,DEDUCTIBLE,TIER 1 NETWORK,COST IN $,200,1600,600,0,0,4,50,high,high,RISK,4
4,3,3,2,Salaried,2852,Yes,Rents,38,64,80,1,16,DEDUCTIBLE,TIER 1 NETWORK,COST IN $,1600,0,600,200,0,4,50,high,high,RISK,4
3,3,2,2,Bonus,1440,Yes,Owns,46,75,83,1,16,DEDUCTIBLE,TIER 1 NETWORK,COST IN $,600,1600,0,200,0,4,50,high,high,RISK,4
4,2,4,3,Bonus,2951,No,Owns,48,51,79,1,16,DEDUCTIBLE,TIER 1 NETWORK,COST IN $,600,0,200,1600,0,4,50,high,high,RISK,4
1,0,0,1,Salaried,4377,No,Rents,4,9,1,2,1,DEDUCTIBLE,IN-NETWORK,COST IN $,600,1600,0,200,1600,1,5,low,low,RISK,1
0,0,1,0,Salaried,1919,No,Owns,4,4,5,2,1,DEDUCTIBLE,IN-NETWORK,COST IN $,600,1600,200,0,1600,1,5,low,low,RISK,1
0,0,0,0,Salaried,4671,Yes,Rents,7,1,2,2,1,DEDUCTIBLE,IN-NETWORK,COST IN $,600,1600,0,200,1600,1,5,low,low,RISK,1
1,1,0,0,Bonus,1139,No,Owns,6,6,5,2,1,DEDUCTIBLE,IN-NETWORK,COST IN $,1600,600,0,200,1600,1,5,low,low,RISK,1
0,1,1,0,Bonus,3085,No,Rents,3,1,13,2,1,DEDUCTIBLE,IN-NETWORK,COST IN $,1600,0,600,200,1600,1,5,low,low,RISK,1
0,1,1,0,Salaried,912,Yes,Rents,9,3,4,2,1,DEDUCTIBLE,IN-NETWORK,COST IN $,0,600,1600,200,1600,1,5,low,low,RISK,1
1,0,1,0,Hourly,3561,Yes,Owns,5,2,0,2,1,DEDUCTIBLE,IN-NETWORK,COST IN $,0,600,200,1600,1600,1,5,low,low,RISK,1
1,1,0,0,Hourly,4350,No,Rents,2,5,12,2,1,DEDUCTIBLE,IN-NETWORK,COST IN $,600,0,200,1600,1600,1,5,low,low,RISK,1
1,1,0,1,Salaried,3664,No,Owns,1,6,13,2,1,DEDUCTIBLE,IN-NETWORK,COST IN $,1600,600,200,0,1600,1,5,low,low,RISK,1
0,0,0,0,Bonus,1972,Yes,Owns,9,4,5,2,1,DEDUCTIBLE,IN-NETWORK,COST IN $,600,0,200,1600,1600,1,5,low,low,RISK,1
0,0,1,1,Salaried,1235,Yes,Rents,7,4,8,2,1,DEDUCTIBLE,IN-NETWORK,COST IN $,600,0,200,1600,1600,1,5,low,low,RISK,1
0,1,0,0,Bonus,2294,Yes,Owns,4,9,4,2,1,DEDUCTIBLE,IN-NETWORK,COST IN $,1600,600,200,0,1600,1,5,low,low,RISK,1
0,0,1,0,Salaried,4592,Yes,Rents,9,7,9,2,1,DEDUCTIBLE,IN-NETWORK,COST IN $,1600,200,600,0,1600,1,5,low,low,RISK,1
0,0,0,1,Hourly,2183,Yes,Owns,1,5,23,2,1,DEDUCTIBLE,IN-NETWORK,COST IN $,0,1600,200,600,1600,1,5,low,low,RISK,1
0,0,1,0,Salaried,1622,Yes,Rents,2,1,9,2,1,DEDUCTIBLE,IN-NETWORK,COST IN $,1600,200,600,0,1600,1,5,low,low,RISK,1
0,1,0,1,Salaried,4259,Yes,Rents,1,8,6,2,1,DEDUCTIBLE,IN-NETWORK,COST IN $,200,600,0,1600,1600,1,5,low,low,RISK,1
1,0,0,1,Salaried,4138,No,Owns,9,2,1,2,1,DEDUCTIBLE,IN-NETWORK,COST IN $,600,1600,200,0,1600,1,5,low,low,RISK,1
1,0,0,1,Bonus,2742,No,Owns,10,10,2,2,1,DEDUCTIBLE,IN-NETWORK,COST IN $,0,1600,600,200,1600,1,5,low,low,RISK,1
0,0,0,1,Bonus,4027,Yes,Rents,3,4,3,2,1,DEDUCTIBLE,IN-NETWORK,COST IN $,1600,200,600,0,1600,1,5,low,low,RISK,1
1,0,0,0,Bonus,3643,No,Rents,8,2,25,2,1,DEDUCTIBLE,IN-NETWORK,COST IN $,200,0,600,1600,1600,1,5,low,low,RISK,1
1,0,1,0,Salaried,1855,No,Rents,9,10,10,2,1,DEDUCTIBLE,IN-NETWORK,COST IN $,200,0,1600,600,1600,1,5,low,low,RISK,1
0,1,0,0,Bonus,4199,No,Owns,7,7,6,2,1,DEDUCTIBLE,IN-NETWORK,COST IN $,600,0,200,1600,1600,1,5,low,low,RISK,1
0,1,0,0,Salaried,358,No,Rents,5,5,5,2,1,DEDUCTIBLE,IN-NETWORK,COST IN $,0,1600,600,200,1600,1,5,low,low,RISK,1
0,0,1,0,Salaried,2175,No,Owns,8,10,8,2,1,DEDUCTIBLE,IN-NETWORK,COST IN $,600,0,1600,200,1600,1,5,low,low,RISK,1
0,1,0,0,Bonus,2804,No,Owns,4,0,4,2,1,DEDUCTIBLE,IN-NETWORK,COST IN $,600,200,0,1600,1600,1,5,low,low,RISK,1
1,1,1,0,Bonus,2793,Yes,Owns,9,9,1,2,1,DEDUCTIBLE,IN-NETWORK,COST IN $,200,600,0,1600,1600,1,5,low,low,RISK,1
1,0,1,0,Salaried,1366,No,Owns,7,4,5,2,1,DEDUCTIBLE,IN-NETWORK,COST IN $,0,1600,200,600,1600,1,5,low,low,RISK,1
0,1,1,1,Salaried,3990,No,Rents,6,1,2,2,1,DEDUCTIBLE,IN-NETWORK,COST IN $,200,1600,0,600,1600,1,5,low,low,RISK,1
0,0,0,0,Salaried,1625,No,Owns,8,6,5,2,1,DEDUCTIBLE,IN-NETWORK,COST IN $,200,600,0,1600,1600,1,5,low,low,RISK,1
1,1,0,0,Hourly,1178,No,Owns,0,1,13,2,1,DEDUCTIBLE,IN-NETWORK,COST IN $,600,0,200,1600,1600,1,5,low,low,RISK,1
0,0,0,0,Hourly,2665,No,Rents,2,3,4,2,1,DEDUCTIBLE,IN-NETWORK,COST IN $,600,200,1600,0,1600,1,5,low,low,RISK,1
1,1,1,0,Hourly,4144,No,Owns,3,2,0,2,1,DEDUCTIBLE,IN-NETWORK,COST IN $,200,1600,600,0,1600,1,5,low,low,RISK,1
0,0,1,0,Hourly,2547,Yes,Owns,7,5,12,2,1,DEDUCTIBLE,IN-NETWORK,COST IN $,600,200,0,1600,1600,1,5,low,low,RISK,1
1,0,1,0,Hourly,152,Yes,Owns,8,6,13,2,1,DEDUCTIBLE,IN-NETWORK,COST IN $,1600,600,0,200,1600,1,5,low,low,RISK,1
0,0,0,0,Bonus,2909,Yes,Rents,3,4,5,2,1,DEDUCTIBLE,IN-NETWORK,COST IN $,200,1600,0,600,1600,1,5,low,low,RISK,1
1,1,0,0,Bonus,2404,Yes,Owns,5,4,8,2,1,DEDUCTIBLE,IN-NETWORK,COST IN $,200,600,0,1600,1600,1,5,low,low,RISK,1
1,0,1,1,Bonus,144,Yes,Owns,4,9,4,2,1,DEDUCTIBLE,IN-NETWORK,COST IN $,1600,600,0,200,1600,1,5,low,low,RISK,1
1,0,1,0,Hourly,2250,No,Owns,4,7,9,2,1,DEDUCTIBLE,IN-NETWORK,COST IN $,600,200,0,1600,1600,1,5,low,low,RISK,1
1,0,0,0,Hourly,4826,No,Owns,4,5,23,2,1,DEDUCTIBLE,IN-NETWORK,COST IN $,0,200,1600,600,1600,1,5,low,low,RISK,1
1,1,0,0,Salaried,792,No,Owns,5,1,9,2,1,DEDUCTIBLE,IN-NETWORK,COST IN $,0,1600,200,600,1600,1,5,low,low,RISK,1
0,1,0,0,Hourly,3429,No,Rents,8,8,6,2,1,DEDUCTIBLE,IN-NETWORK,COST IN $,1600,200,0,600,1600,1,5,low,low,RISK,1
0,1,0,0,Hourly,1596,Yes,Owns,5,2,1,2,1,DEDUCTIBLE,IN-NETWORK,COST IN $,200,0,600,1600,1600,1,5,low,low,RISK,1
1,1,1,0,Salaried,83,Yes,Owns,2,10,2,2,1,DEDUCTIBLE,IN-NETWORK,COST IN $,200,0,1600,600,1600,1,5,low,low,RISK,1
1,1,0,1,Salaried,3601,No,Owns,1,4,3,2,1,DEDUCTIBLE,IN-NETWORK,COST IN $,600,0,1600,200,1600,1,5,low,low,RISK,1
0,0,0,1,Bonus,861,No,Owns,8,2,25,2,1,DEDUCTIBLE,IN-NETWORK,COST IN $,200,0,600,1600,1600,1,5,low,low,RISK,1
0,1,1,1,Salaried,2240,Yes,Rents,8,10,10,2,1,DEDUCTIBLE,IN-NETWORK,COST IN $,0,600,1600,200,1600,1,5,low,low,RISK,1
0,0,0,0,Hourly,2384,No,Rents,1,7,6,2,1,DEDUCTIBLE,IN-NETWORK,COST IN $,200,1600,0,600,1600,1,5,low,low,RISK,1
0,0,0,0,Bonus,2363,Yes,Rents,6,5,5,2,1,DEDUCTIBLE,IN-NETWORK,COST IN $,0,200,600,1600,1600,1,5,low,low,RISK,1
0,0,1,0,Salaried,4539,No,Owns,3,10,8,2,1,DEDUCTIBLE,IN-NETWORK,COST IN $,200,1600,0,600,1600,1,5,low,low,RISK,1
0,0,0,0,Bonus,489,No,Rents,3,0,4,2,1,DEDUCTIBLE,IN-NETWORK,COST IN $,600,0,200,1600,1600,1,5,low,low,RISK,1
0,1,0,1,Bonus,4623,Yes,Owns,2,9,1,2,1,DEDUCTIBLE,IN-NETWORK,COST IN $,200,600,0,1600,1600,1,5,low,low,RISK,1
0,0,0,0,Salaried,153,Yes,Owns,0,4,5,2,1,DEDUCTIBLE,IN-NETWORK,COST IN $,200,600,0,1600,1600,1,5,low,low,RISK,1
0,1,1,0,Salaried,3954,No,Owns,1,1,2,2,1,DEDUCTIBLE,IN-NETWORK,COST IN $,600,1600,200,0,1600,1,5,low,low,RISK,1
0,0,0,0,Salaried,4742,No,Rents,0,6,5,2,1,DEDUCTIBLE,IN-NETWORK,COST IN $,200,0,600,1600,1600,1,5,low,low,RISK,1
0,0,0,0,Hourly,3289,No,Rents,8,1,13,2,1,DEDUCTIBLE,IN-NETWORK,COST IN $,1600,600,0,200,1600,1,5,low,low,RISK,1
0,0,0,0,Bonus,3409,Yes,Rents,6,3,4,2,1,DEDUCTIBLE,IN-NETWORK,COST IN $,200,1600,0,600,1600,1,5,low,low,RISK,1
0,0,1,0,Bonus,3179,No,Rents,2,2,0,2,1,DEDUCTIBLE,IN-NETWORK,COST IN $,1600,0,600,200,1600,1,5,low,low,RISK,1
0,0,0,0,Bonus,4271,No,Rents,3,5,12,2,1,DEDUCTIBLE,IN-NETWORK,COST IN $,200,1600,600,0,1600,1,5,low,low,RISK,1
0,0,0,0,Hourly,4605,Yes,Rents,4,6,13,2,1,DEDUCTIBLE,IN-NETWORK,COST IN $,600,200,1600,0,1600,1,5,low,low,RISK,1
0,1,1,1,Salaried,3042,Yes,Rents,1,4,5,2,1,DEDUCTIBLE,IN-NETWORK,COST IN $,0,600,200,1600,1600,1,5,low,low,RISK,1
0,1,1,0,Hourly,170,No,Rents,9,4,8,2,1,DEDUCTIBLE,IN-NETWORK,COST IN $,200,600,1600,0,1600,1,5,low,low,RISK,1
0,0,0,1,Salaried,2062,No,Rents,2,9,4,2,1,DEDUCTIBLE,IN-NETWORK,COST IN $,1600,200,0,600,1600,1,5,low,low,RISK,1
1,0,1,1,Bonus,1962,No,Rents,0,7,9,2,1,DEDUCTIBLE,IN-NETWORK,COST IN $,1600,200,600,0,1600,1,5,low,low,RISK,1
0,0,0,0,Bonus,1006,No,Owns,5,5,23,2,1,DEDUCTIBLE,IN-NETWORK,COST IN $,200,600,0,1600,1600,1,5,low,low,RISK,1
0,1,0,1,Salaried,4555,No,Rents,2,1,9,2,1,DEDUCTIBLE,IN-NETWORK,COST IN $,200,0,1600,600,1600,1,5,low,low,RISK,1
1,0,1,0,Bonus,458,No,Rents,4,8,6,2,1,DEDUCTIBLE,IN-NETWORK,COST IN $,0,1600,600,200,1600,1,5,low,low,RISK,1
1,0,1,0,Hourly,1593,No,Owns,0,2,1,2,1,DEDUCTIBLE,IN-NETWORK,COST IN $,600,1600,200,0,1600,1,5,low,low,RISK,1
0,1,0,0,Hourly,4519,Yes,Owns,4,10,2,2,1,DEDUCTIBLE,IN-NETWORK,COST IN $,1600,0,600,200,1600,1,5,low,low,RISK,1
0,1,0,0,Bonus,2639,No,Rents,0,4,3,2,1,DEDUCTIBLE,IN-NETWORK,COST IN $,600,1600,200,0,1600,1,5,low,low,RISK,1
0,0,1,0,Hourly,2563,Yes,Rents,8,2,25,2,1,DEDUCTIBLE,IN-NETWORK,COST IN $,1600,200,0,600,1600,1,5,low,low,RISK,1
0,0,1,1,Bonus,2810,Yes,Owns,8,10,10,2,1,DEDUCTIBLE,IN-NETWORK,COST IN $,200,0,600,1600,1600,1,5,low,low,RISK,1
0,0,0,1,Hourly,2954,Yes,Owns,10,7,6,2,1,DEDUCTIBLE,IN-NETWORK,COST IN $,0,200,1600,600,1600,1,5,low,low,RISK,1
0,0,1,0,Hourly,2299,Yes,Owns,6,5,5,2,1,DEDUCTIBLE,IN-NETWORK,COST IN $,1600,600,0,200,1600,1,5,low,low,RISK,1
0,0,1,1,Hourly,1155,No,Rents,1,10,8,2,1,DEDUCTIBLE,IN-NETWORK,COST IN $,200,1600,0,600,1600,1,5,low,low,RISK,1
1,0,1,0,Bonus,1856,Yes,Rents,7,0,4,2,1,DEDUCTIBLE,IN-NETWORK,COST IN $,600,1600,200,0,1600,1,5,low,low,RISK,1
1,1,0,0,Salaried,3352,Yes,Rents,1,9,1,2,1,DEDUCTIBLE,IN-NETWORK,COST IN $,600,1600,200,0,1600,1,5,low,low,RISK,1
1,0,0,0,Hourly,3735,Yes,Owns,8,4,5,2,1,DEDUCTIBLE,IN-NETWORK,COST IN $,1600,200,0,600,1600,1,5,low,low,RISK,1
1,0,0,1,Salaried,1125,Yes,Rents,1,1,2,2,1,DEDUCTIBLE,IN-NETWORK,COST IN $,1600,0,600,200,1600,1,5,low,low,RISK,1
1,0,1,0,Bonus,4695,No,Owns,0,6,5,2,1,DEDUCTIBLE,IN-NETWORK,COST IN $,0,1600,600,200,1600,1,5,low,low,RISK,1
0,0,0,1,Salaried,1210,No,Rents,9,1,13,2,1,DEDUCTIBLE,IN-NETWORK,COST IN $,1600,0,600,200,1600,1,5,low,low,RISK,1
1,1,1,0,Bonus,3149,No,Owns,1,3,4,2,1,DEDUCTIBLE,IN-NETWORK,COST IN $,0,1600,200,600,1600,1,5,low,low,RISK,1
1,0,0,0,Bonus,3757,No,Rents,1,2,0,2,1,DEDUCTIBLE,IN-NETWORK,COST IN $,0,1600,600,200,1600,1,5,low,low,RISK,1
1,0,1,1,Salaried,4038,Yes,Rents,5,5,12,2,1,DEDUCTIBLE,IN-NETWORK,COST IN $,0,200,600,1600,1600,1,5,low,low,RISK,1
0,0,0,1,Bonus,381,No,Owns,2,6,13,2,1,DEDUCTIBLE,IN-NETWORK,COST IN $,0,200,600,1600,1600,1,5,low,low,RISK,1
0,0,0,0,Hourly,2879,Yes,Rents,9,4,5,2,1,DEDUCTIBLE,IN-NETWORK,COST IN $,1600,0,600,200,1600,1,5,low,low,RISK,1
0,1,0,0,Hourly,2246,No,Owns,9,4,8,2,1,DEDUCTIBLE,IN-NETWORK,COST IN $,600,200,1600,0,1600,1,5,low,low,RISK,1
0,1,0,0,Hourly,3337,No,Rents,1,9,4,2,1,DEDUCTIBLE,IN-NETWORK,COST IN $,600,200,0,1600,1600,1,5,low,low,RISK,1
1,0,0,0,Hourly,874,No,Owns,9,7,9,2,1,DEDUCTIBLE,IN-NETWORK,COST IN $,600,1600,200,0,1600,1,5,low,low,RISK,1
0,1,0,0,Hourly,4470,Yes,Owns,0,5,23,2,1,DEDUCTIBLE,IN-NETWORK,COST IN $,600,1600,200,0,1600,1,5,low,low,RISK,1
1,0,1,0,Hourly,3252,Yes,Owns,4,1,9,2,1,DEDUCTIBLE,IN-NETWORK,COST IN $,200,1600,0,600,1600,1,5,low,low,RISK,1
0,1,0,0,Hourly,176,Yes,Rents,3,8,6,2,1,DEDUCTIBLE,IN-NETWORK,COST IN $,600,0,1600,200,1600,1,5,low,low,RISK,1
0,0,1,0,Hourly,3681,Yes,Owns,1,2,1,2,1,DEDUCTIBLE,IN-NETWORK,COST IN $,1600,600,200,0,1600,1,5,low,low,RISK,1
0,1,1,1,Hourly,1019,Yes,Owns,8,10,2,2,1,DEDUCTIBLE,IN-NETWORK,COST IN $,1600,200,0,600,1600,1,5,low,low,RISK,1
0,1,1,0,Bonus,4493,Yes,Owns,10,4,3,2,1,DEDUCTIBLE,IN-NETWORK,COST IN $,1600,0,600,200,1600,1,5,low,low,RISK,1
0,1,1,0,Salaried,1012,Yes,Owns,8,2,25,2,1,DEDUCTIBLE,IN-NETWORK,COST IN $,200,1600,0,600,1600,1,5,low,low,RISK,1
0,0,0,0,Bonus,1248,Yes,Rents,1,10,10,2,1,DEDUCTIBLE,IN-NETWORK,COST IN $,0,200,1600,600,1600,1,5,low,low,RISK,1
0,0,0,0,Salaried,1214,No,Owns,1,7,6,2,1,DEDUCTIBLE,IN-NETWORK,COST IN $,600,200,0,1600,1600,1,5,low,low,RISK,1
1,0,0,0,Salaried,2852,Yes,Rents,1,5,5,2,1,DEDUCTIBLE,IN-NETWORK,COST IN $,600,1600,200,0,1600,1,5,low,low,RISK,1
0,0,0,0,Bonus,1440,Yes,Owns,4,10,8,2,1,DEDUCTIBLE,IN-NETWORK,COST IN $,0,1600,200,600,1600,1,5,low,low,RISK,1
1,0,1,0,Bonus,2951,No,Owns,4,0,4,2,1,DEDUCTIBLE,IN-NETWORK,COST IN $,1600,200,600,0,1600,1,5,low,low,RISK,1
2,1,0,2,Salaried,4377,No,Rents,10,19,27,2,2,DEDUCTIBLE,IN-NETWORK,COST IN $,1600,0,200,600,1600,1,10,low,low,RISK,1
0,1,1,0,Salaried,1919,No,Owns,10,15,31,2,2,DEDUCTIBLE,IN-NETWORK,COST IN $,600,200,0,1600,1600,1,10,low,low,RISK,1
1,1,0,0,Salaried,4671,Yes,Rents,15,12,28,2,2,DEDUCTIBLE,IN-NETWORK,COST IN $,600,1600,0,200,1600,1,10,low,low,RISK,1
2,1,0,0,Bonus,1139,No,Owns,13,16,31,2,2,DEDUCTIBLE,IN-NETWORK,COST IN $,600,200,1600,0,1600,1,10,low,low,RISK,1
1,1,2,1,Bonus,3085,No,Rents,9,12,39,2,2,DEDUCTIBLE,IN-NETWORK,COST IN $,0,200,1600,600,1600,1,10,low,low,RISK,1
0,1,2,0,Salaried,912,Yes,Rents,16,14,30,2,2,DEDUCTIBLE,IN-NETWORK,COST IN $,1600,0,200,600,1600,1,10,low,low,RISK,1
1,0,2,1,Hourly,3561,Yes,Owns,12,13,26,2,2,DEDUCTIBLE,IN-NETWORK,COST IN $,200,600,1600,0,1600,1,10,low,low,RISK,1
1,2,0,0,Hourly,4350,No,Rents,7,16,37,2,2,DEDUCTIBLE,IN-NETWORK,COST IN $,200,1600,600,0,1600,1,10,low,low,RISK,1
2,2,1,2,Salaried,3664,No,Owns,7,16,39,2,2,DEDUCTIBLE,IN-NETWORK,COST IN $,0,1600,200,600,1600,1,10,low,low,RISK,1
0,0,0,1,Bonus,1972,Yes,Owns,17,14,30,2,2,DEDUCTIBLE,IN-NETWORK,COST IN $,1600,600,0,200,1600,1,10,low,low,RISK,1
1,0,2,2,Salaried,1235,Yes,Rents,14,14,34,2,2,DEDUCTIBLE,IN-NETWORK,COST IN $,200,1600,0,600,1600,1,10,low,low,RISK,1
0,2,0,1,Bonus,2294,Yes,Owns,10,19,30,2,2,DEDUCTIBLE,IN-NETWORK,COST IN $,200,0,600,1600,1600,1,10,low,low,RISK,1
0,1,2,0,Salaried,4592,Yes,Rents,16,17,35,2,2,DEDUCTIBLE,IN-NETWORK,COST IN $,1600,600,0,200,1600,1,10,low,low,RISK,1
0,0,1,1,Hourly,2183,Yes,Owns,6,15,48,2,2,DEDUCTIBLE,IN-NETWORK,COST IN $,200,600,0,1600,1600,1,10,low,low,RISK,1
1,1,2,1,Salaried,1622,Yes,Rents,8,12,35,2,2,DEDUCTIBLE,IN-NETWORK,COST IN $,600,200,0,1600,1600,1,10,low,low,RISK,1
1,2,1,2,Salaried,4259,Yes,Rents,6,18,32,2,2,DEDUCTIBLE,IN-NETWORK,COST IN $,1600,600,0,200,1600,1,10,low,low,RISK,1
2,1,1,2,Salaried,4138,No,Owns,17,13,27,2,2,DEDUCTIBLE,IN-NETWORK,COST IN $,200,0,1600,600,1600,1,10,low,low,RISK,1
2,0,1,2,Bonus,2742,No,Owns,17,20,28,2,2,DEDUCTIBLE,IN-NETWORK,COST IN $,600,1600,200,0,1600,1,10,low,low,RISK,1
1,1,0,2,Bonus,4027,Yes,Rents,8,14,29,2,2,DEDUCTIBLE,IN-NETWORK,COST IN $,600,200,0,1600,1600,1,10,low,low,RISK,1
1,1,0,0,Bonus,3643,No,Rents,16,13,50,2,2,DEDUCTIBLE,IN-NETWORK,COST IN $,600,200,0,1600,1600,1,10,low,low,RISK,1
1,0,2,0,Salaried,1855,No,Rents,17,20,35,2,2,DEDUCTIBLE,IN-NETWORK,COST IN $,200,0,600,1600,1600,1,10,low,low,RISK,1
1,2,0,1,Bonus,4199,No,Owns,14,17,32,2,2,DEDUCTIBLE,IN-NETWORK,COST IN $,0,200,600,1600,1600,1,10,low,low,RISK,1
0,2,1,0,Salaried,358,No,Rents,12,16,31,2,2,DEDUCTIBLE,IN-NETWORK,COST IN $,0,600,1600,200,1600,1,10,low,low,RISK,1
1,1,1,1,Salaried,2175,No,Owns,16,20,34,2,2,DEDUCTIBLE,IN-NETWORK,COST IN $,0,1600,600,200,1600,1,10,low,low,RISK,1
1,1,0,0,Bonus,2804,No,Owns,11,11,30,2,2,DEDUCTIBLE,IN-NETWORK,COST IN $,600,200,1600,0,1600,1,10,low,low,RISK,1
2,1,2,1,Bonus,2793,Yes,Owns,17,19,27,2,2,DEDUCTIBLE,IN-NETWORK,COST IN $,600,0,1600,200,1600,1,10,low,low,RISK,1
2,0,2,0,Salaried,1366,No,Owns,14,15,31,2,2,DEDUCTIBLE,IN-NETWORK,COST IN $,200,0,600,1600,1600,1,10,low,low,RISK,1
0,1,1,2,Salaried,3990,No,Rents,13,12,28,2,2,DEDUCTIBLE,IN-NETWORK,COST IN $,200,600,1600,0,1600,1,10,low,low,RISK,1
0,1,1,0,Salaried,1625,No,Owns,16,16,31,2,2,DEDUCTIBLE,IN-NETWORK,COST IN $,200,600,0,1600,1600,1,10,low,low,RISK,1
1,2,0,0,Hourly,1178,No,Owns,5,12,39,2,2,DEDUCTIBLE,IN-NETWORK,COST IN $,1600,0,600,200,1600,1,10,low,low,RISK,1
1,1,0,0,Hourly,2665,No,Rents,8,14,30,2,2,DEDUCTIBLE,IN-NETWORK,COST IN $,1600,600,0,200,1600,1,10,low,low,RISK,1
1,1,2,0,Hourly,4144,No,Owns,9,13,26,2,2,DEDUCTIBLE,IN-NETWORK,COST IN $,200,1600,0,600,1600,1,10,low,low,RISK,1
1,1,2,0,Hourly,2547,Yes,Owns,14,16,37,2,2,DEDUCTIBLE,IN-NETWORK,COST IN $,1600,200,0,600,1600,1,10,low,low,RISK,1
1,1,1,0,Hourly,152,Yes,Owns,15,16,39,2,2,DEDUCTIBLE,IN-NETWORK,COST IN $,600,200,0,1600,1600,1,10,low,low,RISK,1
0,0,0,0,Bonus,2909,Yes,Rents,9,14,30,2,2,DEDUCTIBLE,IN-NETWORK,COST IN $,1600,0,600,200,1600,1,10,low,low,RISK,1
2,2,1,1,Bonus,2404,Yes,Owns,11,14,34,2,2,DEDUCTIBLE,IN-NETWORK,COST IN $,0,200,1600,600,1600,1,10,low,low,RISK,1
2,0,1,2,Bonus,144,Yes,Owns,10,19,30,2,2,DEDUCTIBLE,IN-NETWORK,COST IN $,600,0,1600,200,1600,1,10,low,low,RISK,1
2,0,1,0,Hourly,2250,No,Owns,11,17,35,2,2,DEDUCTIBLE,IN-NETWORK,COST IN $,1600,0,600,200,1600,1,10,low,low,RISK,1
2,0,0,0,Hourly,4826,No,Owns,10,15,48,2,2,DEDUCTIBLE,IN-NETWORK,COST IN $,0,600,200,1600,1600,1,10,low,low,RISK,1
1,1,0,0,Salaried,792,No,Owns,12,12,35,2,2,DEDUCTIBLE,IN-NETWORK,COST IN $,0,600,200,1600,1600,1,10,low,low,RISK,1
0,2,0,1,Hourly,3429,No,Rents,15,18,32,2,2,DEDUCTIBLE,IN-NETWORK,COST IN $,1600,0,200,600,1600,1,10,low,low,RISK,1
0,2,0,1,Hourly,1596,Yes,Owns,11,13,27,2,2,DEDUCTIBLE,IN-NETWORK,COST IN $,200,600,1600,0,1600,1,10,low,low,RISK,1
1,1,2,0,Salaried,83,Yes,Owns,7,20,28,2,2,DEDUCTIBLE,IN-NETWORK,COST IN $,600,1600,200,0,1600,1,10,low,low,RISK,1
1,2,0,2,Salaried,3601,No,Owns,6,14,29,2,2,DEDUCTIBLE,IN-NETWORK,COST IN $,600,1600,0,200,1600,1,10,low,low,RISK,1
1,1,0,1,Bonus,861,No,Owns,15,13,50,2,2,DEDUCTIBLE,IN-NETWORK,COST IN $,1600,600,0,200,1600,1,10,low,low,RISK,1
0,2,2,2,Salaried,2240,Yes,Rents,15,20,35,2,2,DEDUCTIBLE,IN-NETWORK,COST IN $,0,1600,200,600,1600,1,10,low,low,RISK,1
1,0,0,0,Hourly,2384,No,Rents,6,17,32,2,2,DEDUCTIBLE,IN-NETWORK,COST IN $,0,1600,200,600,1600,1,10,low,low,RISK,1
0,0,0,0,Bonus,2363,Yes,Rents,12,16,31,2,2,DEDUCTIBLE,IN-NETWORK,COST IN $,200,600,0,1600,1600,1,10,low,low,RISK,1
1,1,2,0,Salaried,4539,No,Owns,10,20,34,2,2,DEDUCTIBLE,IN-NETWORK,COST IN $,200,600,0,1600,1600,1,10,low,low,RISK,1
1,1,0,0,Bonus,489,No,Rents,9,11,30,2,2,DEDUCTIBLE,IN-NETWORK,COST IN $,0,600,1600,200,1600,1,10,low,low,RISK,1
1,2,0,2,Bonus,4623,Yes,Owns,7,19,27,2,2,DEDUCTIBLE,IN-NETWORK,COST IN $,200,0,600,1600,1600,1,10,low,low,RISK,1
1,0,0,0,Salaried,153,Yes,Owns,5,15,31,2,2,DEDUCTIBLE,IN-NETWORK,COST IN $,1600,0,200,600,1600,1,10,low,low,RISK,1
0,2,2,1,Salaried,3954,No,Owns,6,12,28,2,2,DEDUCTIBLE,IN-NETWORK,COST IN $,200,600,0,1600,1600,1,10,low,low,RISK,1
0,1,0,0,Salaried,4742,No,Rents,5,16,31,2,2,DEDUCTIBLE,IN-NETWORK,COST IN $,200,1600,600,0,1600,1,10,low,low,RISK,1
0,0,0,1,Hourly,3289,No,Rents,15,12,39,2,2,DEDUCTIBLE,IN-NETWORK,COST IN $,0,200,600,1600,1600,1,10,low,low,RISK,1
0,0,1,1,Bonus,3409,Yes,Rents,13,14,30,2,2,DEDUCTIBLE,IN-NETWORK,COST IN $,1600,0,600,200,1600,1,10,low,low,RISK,1
0,0,2,1,Bonus,3179,No,Rents,8,13,26,2,2,DEDUCTIBLE,IN-NETWORK,COST IN $,600,200,0,1600,1600,1,10,low,low,RISK,1
0,0,0,1,Bonus,4271,No,Rents,9,16,37,2,2,DEDUCTIBLE,IN-NETWORK,COST IN $,1600,200,0,600,1600,1,10,low,low,RISK,1
0,0,0,0,Hourly,4605,Yes,Rents,10,16,39,2,2,DEDUCTIBLE,IN-NETWORK,COST IN $,0,600,1600,200,1600,1,10,low,low,RISK,1
0,2,2,2,Salaried,3042,Yes,Rents,6,14,30,2,2,DEDUCTIBLE,IN-NETWORK,COST IN $,600,1600,200,0,1600,1,10,low,low,RISK,1
0,2,2,0,Hourly,170,No,Rents,16,14,34,2,2,DEDUCTIBLE,IN-NETWORK,COST IN $,600,200,1600,0,1600,1,10,low,low,RISK,1
0,1,0,2,Salaried,2062,No,Rents,7,19,30,2,2,DEDUCTIBLE,IN-NETWORK,COST IN $,600,200,0,1600,1600,1,10,low,low,RISK,1
1,1,2,2,Bonus,1962,No,Rents,5,17,35,2,2,DEDUCTIBLE,IN-NETWORK,COST IN $,200,0,1600,600,1600,1,10,low,low,RISK,1
0,0,0,0,Bonus,1006,No,Owns,11,15,48,2,2,DEDUCTIBLE,IN-NETWORK,COST IN $,0,1600,200,600,1600,1,10,low,low,RISK,1
0,2,1,2,Salaried,4555,No,Rents,8,12,35,2,2,DEDUCTIBLE,IN-NETWORK,COST IN $,1600,0,200,600,1600,1,10,low,low,RISK,1
2,1,1,0,Bonus,458,No,Rents,10,18,32,2,2,DEDUCTIBLE,IN-NETWORK,COST IN $,600,1600,200,0,1600,1,10,low,low,RISK,1
2,0,2,1,Hourly,1593,No,Owns,5,13,27,2,2,DEDUCTIBLE,IN-NETWORK,COST IN $,0,600,1600,200,1600,1,10,low,low,RISK,1
0,2,0,1,Hourly,4519,Yes,Owns,11,20,28,2,2,DEDUCTIBLE,IN-NETWORK,COST IN $,600,1600,0,200,1600,1,10,low,low,RISK,1
0,1,0,0,Bonus,2639,No,Rents,5,14,29,2,2,DEDUCTIBLE,IN-NETWORK,COST IN $,0,600,200,1600,1600,1,10,low,low,RISK,1
0,0,2,1,Hourly,2563,Yes,Rents,15,13,50,2,2,DEDUCTIBLE,IN-NETWORK,COST IN $,200,0,1600,600,1600,1,10,low,low,RISK,1
0,1,2,1,Bonus,2810,Yes,Owns,15,20,35,2,2,DEDUCTIBLE,IN-NETWORK,COST IN $,200,1600,600,0,1600,1,10,low,low,RISK,1
1,1,0,1,Hourly,2954,Yes,Owns,18,17,32,2,2,DEDUCTIBLE,IN-NETWORK,COST IN $,0,600,1600,200,1600,1,10,low,low,RISK,1
1,0,2,0,Hourly,2299,Yes,Owns,13,16,31,2,2,DEDUCTIBLE,IN-NETWORK,COST IN $,1600,0,200,600,1600,1,10,low,low,RISK,1
0,0,1,2,Hourly,1155,No,Rents,6,20,34,2,2,DEDUCTIBLE,IN-NETWORK,COST IN $,0,600,200,1600,1600,1,10,low,low,RISK,1
1,0,2,0,Bonus,1856,Yes,Rents,14,11,30,2,2,DEDUCTIBLE,IN-NETWORK,COST IN $,1600,600,200,0,1600,1,10,low,low,RISK,1
2,1,1,0,Salaried,3352,Yes,Rents,6,19,27,2,2,DEDUCTIBLE,IN-NETWORK,COST IN $,1600,600,200,0,1600,1,10,low,low,RISK,1
2,0,0,1,Hourly,3735,Yes,Owns,15,15,31,2,2,DEDUCTIBLE,IN-NETWORK,COST IN $,600,200,0,1600,1600,1,10,low,low,RISK,1
2,1,0,2,Salaried,1125,Yes,Rents,6,12,28,2,2,DEDUCTIBLE,IN-NETWORK,COST IN $,200,1600,0,600,1600,1,10,low,low,RISK,1
2,0,1,0,Bonus,4695,No,Owns,5,16,31,2,2,DEDUCTIBLE,IN-NETWORK,COST IN $,200,1600,0,600,1600,1,10,low,low,RISK,1
1,1,1,1,Salaried,1210,No,Rents,17,12,39,2,2,DEDUCTIBLE,IN-NETWORK,COST IN $,0,600,200,1600,1600,1,10,low,low,RISK,1
1,2,1,0,Bonus,3149,No,Owns,6,14,30,2,2,DEDUCTIBLE,IN-NETWORK,COST IN $,600,1600,200,0,1600,1,10,low,low,RISK,1
1,1,1,1,Bonus,3757,No,Rents,6,13,26,2,2,DEDUCTIBLE,IN-NETWORK,COST IN $,200,0,600,1600,1600,1,10,low,low,RISK,1
1,0,2,1,Salaried,4038,Yes,Rents,12,16,37,2,2,DEDUCTIBLE,IN-NETWORK,COST IN $,200,0,600,1600,1600,1,10,low,low,RISK,1
0,0,0,2,Bonus,381,No,Owns,8,16,39,2,2,DEDUCTIBLE,IN-NETWORK,COST IN $,1600,200,600,0,1600,1,10,low,low,RISK,1
0,0,1,1,Hourly,2879,Yes,Rents,16,14,30,2,2,DEDUCTIBLE,IN-NETWORK,COST IN $,200,0,600,1600,1600,1,10,low,low,RISK,1
1,2,0,0,Hourly,2246,No,Owns,17,14,34,2,2,DEDUCTIBLE,IN-NETWORK,COST IN $,0,200,1600,600,1600,1,10,low,low,RISK,1
0,2,1,0,Hourly,3337,No,Rents,7,19,30,2,2,DEDUCTIBLE,IN-NETWORK,COST IN $,200,0,1600,600,1600,1,10,low,low,RISK,1
1,1,1,1,Hourly,874,No,Owns,17,17,35,2,2,DEDUCTIBLE,IN-NETWORK,COST IN $,600,1600,0,200,1600,1,10,low,low,RISK,1
0,1,0,0,Hourly,4470,Yes,Owns,6,15,48,2,2,DEDUCTIBLE,IN-NETWORK,COST IN $,200,0,1600,600,1600,1,10,low,low,RISK,1
2,0,1,1,Hourly,3252,Yes,Owns,10,12,35,2,2,DEDUCTIBLE,IN-NETWORK,COST IN $,1600,600,200,0,1600,1,10,low,low,RISK,1
0,2,0,1,Hourly,176,Yes,Rents,9,18,32,2,2,DEDUCTIBLE,IN-NETWORK,COST IN $,200,0,1600,600,1600,1,10,low,low,RISK,1
1,0,2,0,Hourly,3681,Yes,Owns,6,13,27,2,2,DEDUCTIBLE,IN-NETWORK,COST IN $,200,0,600,1600,1600,1,10,low,low,RISK,1
1,2,1,2,Hourly,1019,Yes,Owns,15,20,28,2,2,DEDUCTIBLE,IN-NETWORK,COST IN $,1600,600,200,0,1600,1,10,low,low,RISK,1
1,2,1,1,Bonus,4493,Yes,Owns,18,14,29,2,2,DEDUCTIBLE,IN-NETWORK,COST IN $,1600,0,600,200,1600,1,10,low,low,RISK,1
1,2,2,0,Salaried,1012,Yes,Owns,15,13,50,2,2,DEDUCTIBLE,IN-NETWORK,COST IN $,200,0,1600,600,1600,1,10,low,low,RISK,1
0,0,1,1,Bonus,1248,Yes,Rents,7,20,35,2,2,DEDUCTIBLE,IN-NETWORK,COST IN $,1600,200,0,600,1600,1,10,low,low,RISK,1
0,0,1,0,Salaried,1214,No,Owns,6,17,32,2,2,DEDUCTIBLE,IN-NETWORK,COST IN $,200,600,0,1600,1600,1,10,low,low,RISK,1
1,0,1,0,Salaried,2852,Yes,Rents,6,16,31,2,2,DEDUCTIBLE,IN-NETWORK,COST IN $,1600,200,600,0,1600,1,10,low,low,RISK,1
1,0,0,0,Bonus,1440,Yes,Owns,10,20,34,2,2,DEDUCTIBLE,IN-NETWORK,COST IN $,600,1600,0,200,1600,1,10,low,low,RISK,1
1,0,1,0,Bonus,2951,No,Owns,11,11,30,2,2,DEDUCTIBLE,IN-NETWORK,COST IN $,1600,600,0,200,1600,1,10,low,low,RISK,1
3,2,1,3,Salaried,4377,No,Rents,24,48,52,2,3,DEDUCTIBLE,IN-NETWORK,COST IN $,200,0,600,1600,600,2,20,low,low,RISK,1
1,1,2,1,Salaried,1919,No,Owns,25,33,56,2,3,DEDUCTIBLE,IN-NETWORK,COST IN $,0,1600,200,600,600,2,20,low,low,RISK,1
3,2,1,1,Bonus,1139,No,Owns,29,38,56,2,3,DEDUCTIBLE,IN-NETWORK,COST IN $,1600,200,600,0,600,2,20,low,low,RISK,1
1,2,3,2,Bonus,3085,No,Rents,23,24,64,2,3,DEDUCTIBLE,IN-NETWORK,COST IN $,600,1600,0,200,600,2,20,low,low,RISK,1
1,2,3,1,Salaried,912,Yes,Rents,37,29,55,2,3,DEDUCTIBLE,IN-NETWORK,COST IN $,0,200,1600,600,600,2,20,low,low,RISK,1
2,1,3,2,Hourly,3561,Yes,Owns,28,26,51,2,3,DEDUCTIBLE,IN-NETWORK,COST IN $,0,200,1600,600,600,2,20,low,low,RISK,1
2,3,1,1,Hourly,4350,No,Rents,19,36,62,2,3,DEDUCTIBLE,IN-NETWORK,COST IN $,200,1600,600,0,600,2,20,low,low,RISK,1
3,3,2,3,Salaried,3664,No,Owns,18,38,64,2,3,DEDUCTIBLE,IN-NETWORK,COST IN $,600,0,1600,200,600,2,20,low,low,RISK,1
1,1,1,1,Bonus,1972,Yes,Owns,38,31,55,2,3,DEDUCTIBLE,IN-NETWORK,COST IN $,600,0,200,1600,600,2,20,low,low,RISK,1
1,1,3,3,Salaried,1235,Yes,Rents,32,31,59,2,3,DEDUCTIBLE,IN-NETWORK,COST IN $,0,600,1600,200,600,2,20,low,low,RISK,1
1,3,1,2,Bonus,2294,Yes,Owns,25,47,55,2,3,DEDUCTIBLE,IN-NETWORK,COST IN $,0,600,200,1600,600,2,20,low,low,RISK,1
1,2,3,1,Salaried,4592,Yes,Rents,37,41,60,2,3,DEDUCTIBLE,IN-NETWORK,COST IN $,200,0,600,1600,600,2,20,low,low,RISK,1
1,1,1,2,Hourly,2183,Yes,Owns,16,35,73,2,3,DEDUCTIBLE,IN-NETWORK,COST IN $,1600,600,200,0,600,2,20,low,low,RISK,1
2,2,3,2,Salaried,1622,Yes,Rents,21,24,60,2,3,DEDUCTIBLE,IN-NETWORK,COST IN $,1600,0,600,200,600,2,20,low,low,RISK,1
2,3,1,3,Salaried,4259,Yes,Rents,17,43,57,2,3,DEDUCTIBLE,IN-NETWORK,COST IN $,0,600,200,1600,600,2,20,low,low,RISK,1
3,2,2,3,Salaried,4138,No,Owns,37,25,52,2,3,DEDUCTIBLE,IN-NETWORK,COST IN $,0,1600,200,600,600,2,20,low,low,RISK,1
3,1,2,3,Bonus,2742,No,Owns,39,50,53,2,3,DEDUCTIBLE,IN-NETWORK,COST IN $,0,1600,600,200,600,2,20,low,low,RISK,1
1,1,1,3,Bonus,4027,Yes,Rents,21,31,54,2,3,DEDUCTIBLE,IN-NETWORK,COST IN $,200,600,0,1600,600,2,20,low,low,RISK,1
2,2,1,1,Bonus,3643,No,Rents,35,26,75,2,3,DEDUCTIBLE,IN-NETWORK,COST IN $,200,600,0,1600,600,2,20,low,low,RISK,1
2,1,3,1,Salaried,1855,No,Rents,39,49,60,2,3,DEDUCTIBLE,IN-NETWORK,COST IN $,200,1600,0,600,600,2,20,low,low,RISK,1
1,3,1,1,Bonus,4199,No,Owns,33,40,57,2,3,DEDUCTIBLE,IN-NETWORK,COST IN $,1600,600,200,0,600,2,20,low,low,RISK,1
1,3,2,1,Salaried,358,No,Rents,28,36,56,2,3,DEDUCTIBLE,IN-NETWORK,COST IN $,1600,600,0,200,600,2,20,low,low,RISK,1
2,2,2,1,Salaried,2175,No,Owns,35,49,59,2,3,DEDUCTIBLE,IN-NETWORK,COST IN $,1600,600,200,0,600,2,20,low,low,RISK,1
3,3,3,2,Bonus,2793,Yes,Owns,39,48,52,2,3,DEDUCTIBLE,IN-NETWORK,COST IN $,1600,600,200,0,600,2,20,low,low,RISK,1
3,1,3,1,Salaried,1366,No,Owns,32,33,56,2,3,DEDUCTIBLE,IN-NETWORK,COST IN $,600,200,0,1600,600,2,20,low,low,RISK,1
1,2,2,3,Salaried,3990,No,Rents,30,23,53,2,3,DEDUCTIBLE,IN-NETWORK,COST IN $,0,1600,200,600,600,2,20,low,low,RISK,1
1,2,2,1,Salaried,1625,No,Owns,36,38,56,2,3,DEDUCTIBLE,IN-NETWORK,COST IN $,0,600,1600,200,600,2,20,low,low,RISK,1
2,3,1,1,Hourly,1178,No,Owns,15,24,64,2,3,DEDUCTIBLE,IN-NETWORK,COST IN $,200,1600,600,0,600,2,20,low,low,RISK,1
2,1,1,1,Hourly,2665,No,Rents,20,29,55,2,3,DEDUCTIBLE,IN-NETWORK,COST IN $,600,1600,0,200,600,2,20,low,low,RISK,1
2,3,3,1,Hourly,4144,No,Owns,23,26,51,2,3,DEDUCTIBLE,IN-NETWORK,COST IN $,0,1600,600,200,600,2,20,low,low,RISK,1
2,2,3,1,Hourly,2547,Yes,Owns,32,36,62,2,3,DEDUCTIBLE,IN-NETWORK,COST IN $,600,200,1600,0,600,2,20,low,low,RISK,1
2,1,2,1,Hourly,152,Yes,Owns,34,38,64,2,3,DEDUCTIBLE,IN-NETWORK,COST IN $,0,1600,600,200,600,2,20,low,low,RISK,1
1,1,1,1,Bonus,2909,Yes,Rents,23,31,55,2,3,DEDUCTIBLE,IN-NETWORK,COST IN $,0,600,200,1600,600,2,20,low,low,RISK,1
3,3,2,2,Bonus,2404,Yes,Owns,27,31,59,2,3,DEDUCTIBLE,IN-NETWORK,COST IN $,200,600,0,1600,600,2,20,low,low,RISK,1
3,1,2,3,Bonus,144,Yes,Owns,24,47,55,2,3,DEDUCTIBLE,IN-NETWORK,COST IN $,200,600,0,1600,600,2,20,low,low,RISK,1
3,1,2,1,Hourly,2250,No,Owns,26,41,60,2,3,DEDUCTIBLE,IN-NETWORK,COST IN $,200,0,1600,600,600,2,20,low,low,RISK,1
3,1,1,1,Hourly,4826,No,Owns,25,35,73,2,3,DEDUCTIBLE,IN-NETWORK,COST IN $,1600,0,200,600,600,2,20,low,low,RISK,1
2,2,1,1,Salaried,792,No,Owns,28,24,60,2,3,DEDUCTIBLE,IN-NETWORK,COST IN $,600,1600,200,0,600,2,20,low,low,RISK,1
1,3,1,2,Hourly,3429,No,Rents,34,43,57,2,3,DEDUCTIBLE,IN-NETWORK,COST IN $,1600,200,600,0,600,2,20,low,low,RISK,1
1,3,1,2,Hourly,1596,Yes,Owns,27,25,52,2,3,DEDUCTIBLE,IN-NETWORK,COST IN $,1600,200,600,0,600,2,20,low,low,RISK,1
2,3,3,1,Salaried,83,Yes,Owns,19,50,53,2,3,DEDUCTIBLE,IN-NETWORK,COST IN $,200,0,1600,600,600,2,20,low,low,RISK,1
2,3,1,3,Salaried,3601,No,Owns,17,31,54,2,3,DEDUCTIBLE,IN-NETWORK,COST IN $,200,0,1600,600,600,2,20,low,low,RISK,1
2,2,1,2,Bonus,861,No,Owns,34,26,75,2,3,DEDUCTIBLE,IN-NETWORK,COST IN $,200,600,0,1600,600,2,20,low,low,RISK,1
1,3,3,3,Salaried,2240,Yes,Rents,35,49,60,2,3,DEDUCTIBLE,IN-NETWORK,COST IN $,200,1600,600,0,600,2,20,low,low,RISK,1
1,1,1,1,Hourly,2384,No,Rents,17,40,57,2,3,DEDUCTIBLE,IN-NETWORK,COST IN $,600,0,1600,200,600,2,20,low,low,RISK,1
1,1,1,1,Bonus,2363,Yes,Rents,29,36,56,2,3,DEDUCTIBLE,IN-NETWORK,COST IN $,600,200,1600,0,600,2,20,low,low,RISK,1
2,1,3,1,Salaried,4539,No,Owns,24,49,59,2,3,DEDUCTIBLE,IN-NETWORK,COST IN $,1600,200,600,0,600,2,20,low,low,RISK,1
2,1,1,1,Bonus,489,No,Rents,23,20,55,2,3,DEDUCTIBLE,IN-NETWORK,COST IN $,0,1600,200,600,600,2,20,low,low,RISK,1
2,3,1,3,Bonus,4623,Yes,Owns,19,48,52,2,3,DEDUCTIBLE,IN-NETWORK,COST IN $,1600,200,600,0,600,2,20,low,low,RISK,1
2,1,1,1,Salaried,153,Yes,Owns,15,33,56,2,3,DEDUCTIBLE,IN-NETWORK,COST IN $,600,0,1600,200,600,2,20,low,low,RISK,1
1,3,3,2,Salaried,3954,No,Owns,17,23,53,2,3,DEDUCTIBLE,IN-NETWORK,COST IN $,0,1600,600,200,600,2,20,low,low,RISK,1
1,2,1,1,Salaried,4742,No,Rents,15,38,56,2,3,DEDUCTIBLE,IN-NETWORK,COST IN $,600,0,1600,200,600,2,20,low,low,RISK,1
1,1,1,2,Hourly,3289,No,Rents,35,24,64,2,3,DEDUCTIBLE,IN-NETWORK,COST IN $,600,0,200,1600,600,2,20,low,low,RISK,1
1,1,2,2,Bonus,3409,Yes,Rents,30,29,55,2,3,DEDUCTIBLE,IN-NETWORK,COST IN $,0,200,1600,600,600,2,20,low,low,RISK,1
1,1,3,2,Bonus,3179,No,Rents,21,26,51,2,3,DEDUCTIBLE,IN-NETWORK,COST IN $,0,1600,200,600,600,2,20,low,low,RISK,1
1,1,1,2,Bonus,4271,No,Rents,22,36,62,2,3,DEDUCTIBLE,IN-NETWORK,COST IN $,0,200,600,1600,600,2,20,low,low,RISK,1
1,1,1,1,Hourly,4605,Yes,Rents,24,38,64,2,3,DEDUCTIBLE,IN-NETWORK,COST IN $,1600,600,0,200,600,2,20,low,low,RISK,1
1,3,3,3,Salaried,3042,Yes,Rents,16,31,55,2,3,DEDUCTIBLE,IN-NETWORK,COST IN $,1600,0,200,600,600,2,20,low,low,RISK,1
1,3,3,1,Hourly,170,No,Rents,37,31,59,2,3,DEDUCTIBLE,IN-NETWORK,COST IN $,200,0,600,1600,600,2,20,low,low,RISK,1
1,1,1,3,Salaried,2062,No,Rents,20,47,55,2,3,DEDUCTIBLE,IN-NETWORK,COST IN $,0,1600,200,600,600,2,20,low,low,RISK,1
2,2,3,3,Bonus,1962,No,Rents,15,41,60,2,3,DEDUCTIBLE,IN-NETWORK,COST IN $,1600,600,200,0,600,2,20,low,low,RISK,1
1,1,1,1,Bonus,1006,No,Owns,27,35,73,2,3,DEDUCTIBLE,IN-NETWORK,COST IN $,0,600,1600,200,600,2,20,low,low,RISK,1
1,3,2,3,Salaried,4555,No,Rents,20,24,60,2,3,DEDUCTIBLE,IN-NETWORK,COST IN $,0,1600,600,200,600,2,20,low,low,RISK,1
3,1,2,1,Bonus,458,No,Rents,25,43,57,2,3,DEDUCTIBLE,IN-NETWORK,COST IN $,0,200,600,1600,600,2,20,low,low,RISK,1
3,1,3,1,Hourly,1593,No,Owns,16,25,52,2,3,DEDUCTIBLE,IN-NETWORK,COST IN $,600,200,0,1600,600,2,20,low,low,RISK,1
1,3,1,2,Hourly,4519,Yes,Owns,26,50,53,2,3,DEDUCTIBLE,IN-NETWORK,COST IN $,600,1600,200,0,600,2,20,low,low,RISK,1
1,2,1,1,Bonus,2639,No,Rents,16,31,54,2,3,DEDUCTIBLE,IN-NETWORK,COST IN $,0,600,200,1600,600,2,20,low,low,RISK,1
1,1,3,1,Hourly,2563,Yes,Rents,35,26,75,2,3,DEDUCTIBLE,IN-NETWORK,COST IN $,200,1600,0,600,600,2,20,low,low,RISK,1
1,2,3,2,Bonus,2810,Yes,Owns,35,49,60,2,3,DEDUCTIBLE,IN-NETWORK,COST IN $,1600,200,0,600,600,2,20,low,low,RISK,1
2,2,1,2,Hourly,2954,Yes,Owns,39,40,57,2,3,DEDUCTIBLE,IN-NETWORK,COST IN $,0,200,600,1600,600,2,20,low,low,RISK,1
2,1,3,1,Hourly,2299,Yes,Owns,31,36,56,2,3,DEDUCTIBLE,IN-NETWORK,COST IN $,1600,600,0,200,600,2,20,low,low,RISK,1
1,1,2,3,Hourly,1155,No,Rents,16,49,59,2,3,DEDUCTIBLE,IN-NETWORK,COST IN $,200,1600,600,0,600,2,20,low,low,RISK,1
2,1,3,1,Bonus,1856,Yes,Rents,31,20,55,2,3,DEDUCTIBLE,IN-NETWORK,COST IN $,1600,600,0,200,600,2,20,low,low,RISK,1
3,2,2,1,Salaried,3352,Yes,Rents,18,48,52,2,3,DEDUCTIBLE,IN-NETWORK,COST IN $,600,200,0,1600,600,2,20,low,low,RISK,1
3,1,1,2,Hourly,3735,Yes,Owns,34,33,56,2,3,DEDUCTIBLE,IN-NETWORK,COST IN $,1600,600,0,200,600,2,20,low,low,RISK,1
3,2,1,3,Salaried,1125,Yes,Rents,18,23,53,2,3,DEDUCTIBLE,IN-NETWORK,COST IN $,0,200,600,1600,600,2,20,low,low,RISK,1
3,1,2,1,Bonus,4695,No,Owns,15,38,56,2,3,DEDUCTIBLE,IN-NETWORK,COST IN $,600,200,0,1600,600,2,20,low,low,RISK,1
2,2,2,2,Salaried,1210,No,Rents,38,24,64,2,3,DEDUCTIBLE,IN-NETWORK,COST IN $,600,200,1600,0,600,2,20,low,low,RISK,1
2,3,2,1,Bonus,3149,No,Owns,17,29,55,2,3,DEDUCTIBLE,IN-NETWORK,COST IN $,600,1600,0,200,600,2,20,low,low,RISK,1
2,2,2,2,Bonus,3757,No,Rents,18,26,51,2,3,DEDUCTIBLE,IN-NETWORK,COST IN $,0,600,1600,200,600,2,20,low,low,RISK,1
3,1,3,2,Salaried,4038,Yes,Rents,28,36,62,2,3,DEDUCTIBLE,IN-NETWORK,COST IN $,600,0,200,1600,600,2,20,low,low,RISK,1
1,1,1,3,Bonus,381,No,Owns,20,38,64,2,3,DEDUCTIBLE,IN-NETWORK,COST IN $,1600,0,600,200,600,2,20,low,low,RISK,1
1,1,1,2,Hourly,2879,Yes,Rents,37,31,55,2,3,DEDUCTIBLE,IN-NETWORK,COST IN $,1600,600,200,0,600,2,20,low,low,RISK,1
2,3,1,1,Hourly,2246,No,Owns,38,31,59,2,3,DEDUCTIBLE,IN-NETWORK,COST IN $,0,200,1600,600,600,2,20,low,low,RISK,1
1,3,2,1,Hourly,3337,No,Rents,18,47,55,2,3,DEDUCTIBLE,IN-NETWORK,COST IN $,600,200,1600,0,600,2,20,low,low,RISK,1
2,2,1,2,Hourly,874,No,Owns,38,41,60,2,3,DEDUCTIBLE,IN-NETWORK,COST IN $,0,600,200,1600,600,2,20,low,low,RISK,1
1,2,1,1,Hourly,4470,Yes,Owns,16,35,73,2,3,DEDUCTIBLE,IN-NETWORK,COST IN $,200,0,600,1600,600,2,20,low,low,RISK,1
3,1,3,1,Hourly,3252,Yes,Owns,24,24,60,2,3,DEDUCTIBLE,IN-NETWORK,COST IN $,0,600,200,1600,600,2,20,low,low,RISK,1
1,3,1,2,Hourly,176,Yes,Rents,23,43,57,2,3,DEDUCTIBLE,IN-NETWORK,COST IN $,0,600,1600,200,600,2,20,low,low,RISK,1
2,1,3,1,Hourly,3681,Yes,Owns,17,25,52,2,3,DEDUCTIBLE,IN-NETWORK,COST IN $,600,1600,0,200,600,2,20,low,low,RISK,1
1,3,2,3,Hourly,1019,Yes,Owns,35,50,53,2,3,DEDUCTIBLE,IN-NETWORK,COST IN $,1600,600,200,0,600,2,20,low,low,RISK,1
1,3,2,1,Bonus,4493,Yes,Owns,39,31,54,2,3,DEDUCTIBLE,IN-NETWORK,COST IN $,0,600,200,1600,600,2,20,low,low,RISK,1
1,3,3,1,Salaried,1012,Yes,Owns,34,26,75,2,3,DEDUCTIBLE,IN-NETWORK,COST IN $,200,1600,0,600,600,2,20,low,low,RISK,1
1,1,2,1,Bonus,1248,Yes,Rents,18,49,60,2,3,DEDUCTIBLE,IN-NETWORK,COST IN $,1600,0,600,200,600,2,20,low,low,RISK,1
1,1,2,1,Salaried,1214,No,Owns,17,40,57,2,3,DEDUCTIBLE,IN-NETWORK,COST IN $,0,1600,200,600,600,2,20,low,low,RISK,1
2,1,1,1,Salaried,2852,Yes,Rents,18,36,56,2,3,DEDUCTIBLE,IN-NETWORK,COST IN $,600,1600,200,0,600,2,20,low,low,RISK,1
2,1,1,1,Bonus,1440,Yes,Owns,24,49,59,2,3,DEDUCTIBLE,IN-NETWORK,COST IN $,1600,200,600,0,600,2,20,low,low,RISK,1
3,1,3,1,Bonus,2951,No,Owns,26,20,55,2,3,DEDUCTIBLE,IN-NETWORK,COST IN $,200,1600,0,600,600,2,20,low,low,RISK,1
4,3,2,4,Salaried,4377,No,Rents,46,73,76,2,4,DEDUCTIBLE,IN-NETWORK,COST IN $,1600,0,200,600,600,2,50,low,low,RISK,1
2,3,4,2,Salaried,1919,No,Owns,48,61,80,2,4,DEDUCTIBLE,IN-NETWORK,COST IN $,600,0,200,1600,600,2,50,low,low,RISK,1
4,4,3,2,Salaried,4671,Yes,Rents,57,53,77,2,4,DEDUCTIBLE,IN-NETWORK,COST IN $,0,1600,200,600,600,2,50,low,low,RISK,1
4,4,2,2,Bonus,1139,No,Owns,52,65,80,2,4,DEDUCTIBLE,IN-NETWORK,COST IN $,0,1600,600,200,600,2,50,low,low,RISK,1
3,4,4,3,Bonus,3085,No,Rents,45,54,88,2,4,DEDUCTIBLE,IN-NETWORK,COST IN $,200,0,1600,600,600,2,50,low,low,RISK,1
3,4,4,3,Salaried,912,Yes,Rents,61,58,79,2,4,DEDUCTIBLE,IN-NETWORK,COST IN $,1600,200,600,0,600,2,50,low,low,RISK,1
4,3,4,3,Hourly,3561,Yes,Owns,51,56,75,2,4,DEDUCTIBLE,IN-NETWORK,COST IN $,200,1600,0,600,600,2,50,low,low,RISK,1
4,4,2,2,Hourly,4350,No,Rents,40,64,87,2,4,DEDUCTIBLE,IN-NETWORK,COST IN $,200,0,600,1600,600,2,50,low,low,RISK,1
4,4,4,4,Salaried,3664,No,Owns,39,65,88,2,4,DEDUCTIBLE,IN-NETWORK,COST IN $,600,200,0,1600,600,2,50,low,low,RISK,1
2,3,3,3,Bonus,1972,Yes,Owns,62,60,80,2,4,DEDUCTIBLE,IN-NETWORK,COST IN $,1600,0,200,600,600,2,50,low,low,RISK,1
3,2,4,4,Salaried,1235,Yes,Rents,55,60,83,2,4,DEDUCTIBLE,IN-NETWORK,COST IN $,200,1600,0,600,600,2,50,low,low,RISK,1
2,4,3,3,Bonus,2294,Yes,Owns,47,72,79,2,4,DEDUCTIBLE,IN-NETWORK,COST IN $,1600,600,200,0,600,2,50,low,low,RISK,1
2,3,4,3,Salaried,4592,Yes,Rents,62,68,84,2,4,DEDUCTIBLE,IN-NETWORK,COST IN $,0,600,1600,200,600,2,50,low,low,RISK,1
3,3,3,4,Hourly,2183,Yes,Owns,37,63,98,2,4,DEDUCTIBLE,IN-NETWORK,COST IN $,1600,0,200,600,600,2,50,low,low,RISK,1
3,3,4,3,Salaried,1622,Yes,Rents,42,55,84,2,4,DEDUCTIBLE,IN-NETWORK,COST IN $,200,600,1600,0,600,2,50,low,low,RISK,1
4,3,3,4,Salaried,4138,No,Owns,62,55,76,2,4,DEDUCTIBLE,IN-NETWORK,COST IN $,600,0,1600,200,600,2,50,low,low,RISK,1
4,3,4,4,Bonus,2742,No,Owns,64,75,77,2,4,DEDUCTIBLE,IN-NETWORK,COST IN $,1600,600,0,200,600,2,50,low,low,RISK,1
3,3,3,4,Bonus,4027,Yes,Rents,43,60,78,2,4,DEDUCTIBLE,IN-NETWORK,COST IN $,200,0,600,1600,600,2,50,low,low,RISK,1
4,4,2,2,Bonus,3643,No,Rents,59,56,100,2,4,DEDUCTIBLE,IN-NETWORK,COST IN $,600,200,0,1600,600,2,50,low,low,RISK,1
4,2,4,2,Salaried,1855,No,Rents,63,74,85,2,4,DEDUCTIBLE,IN-NETWORK,COST IN $,1600,0,200,600,600,2,50,low,low,RISK,1
3,4,2,3,Bonus,4199,No,Owns,57,67,81,2,4,DEDUCTIBLE,IN-NETWORK,COST IN $,1600,200,600,0,600,2,50,low,low,RISK,1
3,4,3,2,Salaried,358,No,Rents,50,64,80,2,4,DEDUCTIBLE,IN-NETWORK,COST IN $,200,600,0,1600,600,2,50,low,low,RISK,1
4,3,4,3,Salaried,2175,No,Owns,59,75,83,2,4,DEDUCTIBLE,IN-NETWORK,COST IN $,200,1600,0,600,600,2,50,low,low,RISK,1
4,4,2,2,Bonus,2804,No,Owns,48,51,79,2,4,DEDUCTIBLE,IN-NETWORK,COST IN $,0,600,200,1600,600,2,50,low,low,RISK,1
4,4,4,4,Bonus,2793,Yes,Owns,63,73,76,2,4,DEDUCTIBLE,IN-NETWORK,COST IN $,600,200,0,1600,600,2,50,low,low,RISK,1
4,3,4,2,Salaried,1366,No,Owns,56,61,80,2,4,DEDUCTIBLE,IN-NETWORK,COST IN $,1600,600,0,200,600,2,50,low,low,RISK,1
2,4,4,4,Salaried,3990,No,Rents,53,53,77,2,4,DEDUCTIBLE,IN-NETWORK,COST IN $,600,0,1600,200,600,2,50,low,low,RISK,1
2,4,3,3,Salaried,1625,No,Owns,60,65,80,2,4,DEDUCTIBLE,IN-NETWORK,COST IN $,0,200,600,1600,600,2,50,low,low,RISK,1
4,4,3,3,Hourly,1178,No,Owns,35,54,88,2,4,DEDUCTIBLE,IN-NETWORK,COST IN $,0,200,1600,600,600,2,50,low,low,RISK,1
3,3,2,2,Hourly,2665,No,Rents,41,58,79,2,4,DEDUCTIBLE,IN-NETWORK,COST IN $,600,0,200,1600,600,2,50,low,low,RISK,1
4,4,4,2,Hourly,4144,No,Owns,44,56,75,2,4,DEDUCTIBLE,IN-NETWORK,COST IN $,200,600,0,1600,600,2,50,low,low,RISK,1
3,3,4,3,Hourly,2547,Yes,Owns,55,64,87,2,4,DEDUCTIBLE,IN-NETWORK,COST IN $,0,200,600,1600,600,2,50,low,low,RISK,1
4,3,4,2,Hourly,152,Yes,Owns,58,65,88,2,4,DEDUCTIBLE,IN-NETWORK,COST IN $,0,200,600,1600,600,2,50,low,low,RISK,1
3,2,2,3,Bonus,2909,Yes,Rents,45,60,80,2,4,DEDUCTIBLE,IN-NETWORK,COST IN $,0,1600,600,200,600,2,50,low,low,RISK,1
4,4,3,3,Bonus,2404,Yes,Owns,49,60,83,2,4,DEDUCTIBLE,IN-NETWORK,COST IN $,200,1600,600,0,600,2,50,low,low,RISK,1
4,2,4,4,Bonus,144,Yes,Owns,46,72,79,2,4,DEDUCTIBLE,IN-NETWORK,COST IN $,600,0,1600,200,600,2,50,low,low,RISK,1
4,2,4,2,Hourly,2250,No,Owns,48,68,84,2,4,DEDUCTIBLE,IN-NETWORK,COST IN $,1600,0,600,200,600,2,50,low,low,RISK,1
4,3,3,3,Hourly,4826,No,Owns,47,63,98,2,4,DEDUCTIBLE,IN-NETWORK,COST IN $,600,0,1600,200,600,2,50,low,low,RISK,1
4,4,2,3,Salaried,792,No,Owns,50,55,84,2,4,DEDUCTIBLE,IN-NETWORK,COST IN $,0,600,1600,200,600,2,50,low,low,RISK,1
2,4,2,3,Hourly,3429,No,Rents,58,70,81,2,4,DEDUCTIBLE,IN-NETWORK,COST IN $,600,0,200,1600,600,2,50,low,low,RISK,1
3,4,3,4,Hourly,1596,Yes,Owns,50,55,76,2,4,DEDUCTIBLE,IN-NETWORK,COST IN $,600,1600,0,200,600,2,50,low,low,RISK,1
4,4,4,3,Salaried,83,Yes,Owns,40,75,77,2,4,DEDUCTIBLE,IN-NETWORK,COST IN $,600,0,1600,200,600,2,50,low,low,RISK,1
4,4,3,4,Salaried,3601,No,Owns,38,60,78,2,4,DEDUCTIBLE,IN-NETWORK,COST IN $,200,1600,0,600,600,2,50,low,low,RISK,1
3,4,2,4,Bonus,861,No,Owns,58,56,100,2,4,DEDUCTIBLE,IN-NETWORK,COST IN $,0,1600,600,200,600,2,50,low,low,RISK,1
2,4,4,4,Salaried,2240,Yes,Rents,59,74,85,2,4,DEDUCTIBLE,IN-NETWORK,COST IN $,200,1600,600,0,600,2,50,low,low,RISK,1
3,3,2,2,Hourly,2384,No,Rents,37,67,81,2,4,DEDUCTIBLE,IN-NETWORK,COST IN $,1600,200,0,600,600,2,50,low,low,RISK,1
2,2,3,3,Bonus,2363,Yes,Rents,52,64,80,2,4,DEDUCTIBLE,IN-NETWORK,COST IN $,1600,200,0,600,600,2,50,low,low,RISK,1
3,3,4,2,Salaried,4539,No,Owns,45,75,83,2,4,DEDUCTIBLE,IN-NETWORK,COST IN $,600,200,0,1600,600,2,50,low,low,RISK,1
3,3,2,2,Bonus,489,No,Rents,45,51,79,2,4,DEDUCTIBLE,IN-NETWORK,COST IN $,1600,600,200,0,600,2,50,low,low,RISK,1
4,4,2,4,Bonus,4623,Yes,Owns,40,73,76,2,4,DEDUCTIBLE,IN-NETWORK,COST IN $,600,1600,200,0,600,2,50,low,low,RISK,1
3,3,3,2,Salaried,153,Yes,Owns,36,61,80,2,4,DEDUCTIBLE,IN-NETWORK,COST IN $,0,600,1600,200,600,2,50,low,low,RISK,1
3,4,4,4,Salaried,3954,No,Owns,38,53,77,2,4,DEDUCTIBLE,IN-NETWORK,COST IN $,0,600,1600,200,600,2,50,low,low,RISK,1
3,3,2,3,Salaried,4742,No,Rents,35,65,80,2,4,DEDUCTIBLE,IN-NETWORK,COST IN $,600,1600,0,200,600,2,50,low,low,RISK,1
2,2,2,3,Hourly,3289,No,Rents,59,54,88,2,4,DEDUCTIBLE,IN-NETWORK,COST IN $,1600,600,200,0,600,2,50,low,low,RISK,1
2,2,3,3,Bonus,3409,Yes,Rents,54,58,79,2,4,DEDUCTIBLE,IN-NETWORK,COST IN $,0,1600,600,200,600,2,50,low,low,RISK,1
3,3,4,3,Bonus,3179,No,Rents,42,56,75,2,4,DEDUCTIBLE,IN-NETWORK,COST IN $,600,0,1600,200,600,2,50,low,low,RISK,1
3,3,2,4,Bonus,4271,No,Rents,43,64,87,2,4,DEDUCTIBLE,IN-NETWORK,COST IN $,0,1600,200,600,600,2,50,low,low,RISK,1
3,3,3,2,Hourly,4605,Yes,Rents,46,65,88,2,4,DEDUCTIBLE,IN-NETWORK,COST IN $,0,200,1600,600,600,2,50,low,low,RISK,1
2,4,4,4,Salaried,3042,Yes,Rents,37,60,80,2,4,DEDUCTIBLE,IN-NETWORK,COST IN $,600,0,200,1600,600,2,50,low,low,RISK,1
2,4,4,3,Hourly,170,No,Rents,61,60,83,2,4,DEDUCTIBLE,IN-NETWORK,COST IN $,200,0,600,1600,600,2,50,low,low,RISK,1
2,3,3,4,Salaried,2062,No,Rents,40,72,79,2,4,DEDUCTIBLE,IN-NETWORK,COST IN $,600,0,1600,200,600,2,50,low,low,RISK,1
4,4,4,4,Bonus,1962,No,Rents,35,68,84,2,4,DEDUCTIBLE,IN-NETWORK,COST IN $,0,600,1600,200,600,2,50,low,low,RISK,1
2,2,3,2,Bonus,1006,No,Owns,50,63,98,2,4,DEDUCTIBLE,IN-NETWORK,COST IN $,0,600,1600,200,600,2,50,low,low,RISK,1
2,4,3,4,Salaried,4555,No,Rents,42,55,84,2,4,DEDUCTIBLE,IN-NETWORK,COST IN $,1600,200,0,600,600,2,50,low,low,RISK,1
4,3,4,3,Bonus,458,No,Rents,46,70,81,2,4,DEDUCTIBLE,IN-NETWORK,COST IN $,200,0,600,1600,600,2,50,low,low,RISK,1
4,3,4,3,Hourly,1593,No,Owns,36,55,76,2,4,DEDUCTIBLE,IN-NETWORK,COST IN $,200,600,0,1600,600,2,50,low,low,RISK,1
3,4,2,3,Hourly,4519,Yes,Owns,48,75,77,2,4,DEDUCTIBLE,IN-NETWORK,COST IN $,600,1600,200,0,600,2,50,low,low,RISK,1
2,4,3,3,Bonus,2639,No,Rents,36,60,78,2,4,DEDUCTIBLE,IN-NETWORK,COST IN $,0,600,200,1600,600,2,50,low,low,RISK,1
2,3,4,3,Hourly,2563,Yes,Rents,59,56,100,2,4,DEDUCTIBLE,IN-NETWORK,COST IN $,600,0,200,1600,600,2,50,low,low,RISK,1
3,4,4,4,Bonus,2810,Yes,Owns,58,74,85,2,4,DEDUCTIBLE,IN-NETWORK,COST IN $,0,600,200,1600,600,2,50,low,low,RISK,1
3,4,3,4,Hourly,2954,Yes,Owns,64,67,81,2,4,DEDUCTIBLE,IN-NETWORK,COST IN $,600,0,1600,200,600,2,50,low,low,RISK,1
3,2,4,3,Hourly,2299,Yes,Owns,54,64,80,2,4,DEDUCTIBLE,IN-NETWORK,COST IN $,1600,600,0,200,600,2,50,low,low,RISK,1
2,3,4,4,Hourly,1155,No,Rents,37,75,83,2,4,DEDUCTIBLE,IN-NETWORK,COST IN $,1600,600,0,200,600,2,50,low,low,RISK,1
4,2,4,3,Bonus,1856,Yes,Rents,55,51,79,2,4,DEDUCTIBLE,IN-NETWORK,COST IN $,0,600,200,1600,600,2,50,low,low,RISK,1
4,4,3,3,Salaried,3352,Yes,Rents,38,73,76,2,4,DEDUCTIBLE,IN-NETWORK,COST IN $,600,0,1600,200,600,2,50,low,low,RISK,1
4,3,2,3,Hourly,3735,Yes,Owns,58,61,80,2,4,DEDUCTIBLE,IN-NETWORK,COST IN $,1600,600,0,200,600,2,50,low,low,RISK,1
4,3,3,4,Salaried,1125,Yes,Rents,38,53,77,2,4,DEDUCTIBLE,IN-NETWORK,COST IN $,200,0,1600,600,600,2,50,low,low,RISK,1
4,2,4,2,Bonus,4695,No,Owns,35,65,80,2,4,DEDUCTIBLE,IN-NETWORK,COST IN $,600,200,0,1600,600,2,50,low,low,RISK,1
3,3,3,4,Salaried,1210,No,Rents,62,54,88,2,4,DEDUCTIBLE,IN-NETWORK,COST IN $,200,600,0,1600,600,2,50,low,low,RISK,1
4,4,4,2,Bonus,3149,No,Owns,37,58,79,2,4,DEDUCTIBLE,IN-NETWORK,COST IN $,0,200,1600,600,600,2,50,low,low,RISK,1
4,3,4,4,Bonus,3757,No,Rents,38,56,75,2,4,DEDUCTIBLE,IN-NETWORK,COST IN $,0,1600,200,600,600,2,50,low,low,RISK,1
4,3,4,4,Salaried,4038,Yes,Rents,51,64,87,2,4,DEDUCTIBLE,IN-NETWORK,COST IN $,0,200,1600,600,600,2,50,low,low,RISK,1
2,3,3,4,Bonus,381,No,Owns,41,65,88,2,4,DEDUCTIBLE,IN-NETWORK,COST IN $,1600,200,0,600,600,2,50,low,low,RISK,1
3,3,3,3,Hourly,2879,Yes,Rents,61,60,80,2,4,DEDUCTIBLE,IN-NETWORK,COST IN $,1600,0,600,200,600,2,50,low,low,RISK,1
4,4,3,2,Hourly,2246,No,Owns,62,60,83,2,4,DEDUCTIBLE,IN-NETWORK,COST IN $,1600,200,0,600,600,2,50,low,low,RISK,1
2,4,3,2,Hourly,3337,No,Rents,39,72,79,2,4,DEDUCTIBLE,IN-NETWORK,COST IN $,200,0,600,1600,600,2,50,low,low,RISK,1
4,3,3,4,Hourly,874,No,Owns,63,68,84,2,4,DEDUCTIBLE,IN-NETWORK,COST IN $,200,0,1600,600,600,2,50,low,low,RISK,1
3,4,2,3,Hourly,4470,Yes,Owns,36,63,98,2,4,DEDUCTIBLE,IN-NETWORK,COST IN $,200,0,600,1600,600,2,50,low,low,RISK,1
4,3,4,3,Hourly,3252,Yes,Owns,46,55,84,2,4,DEDUCTIBLE,IN-NETWORK,COST IN $,1600,600,0,200,600,2,50,low,low,RISK,1
3,4,2,3,Hourly,176,Yes,Rents,45,70,81,2,4,DEDUCTIBLE,IN-NETWORK,COST IN $,200,1600,0,600,600,2,50,low,low,RISK,1
4,3,4,2,Hourly,3681,Yes,Owns,38,55,76,2,4,DEDUCTIBLE,IN-NETWORK,COST IN $,1600,0,600,200,600,2,50,low,low,RISK,1
3,4,4,4,Hourly,1019,Yes,Owns,59,75,77,2,4,DEDUCTIBLE,IN-NETWORK,COST IN $,0,600,200,1600,600,2,50,low,low,RISK,1
3,4,4,3,Bonus,4493,Yes,Owns,64,60,78,2,4,DEDUCTIBLE,IN-NETWORK,COST IN $,1600,0,600,200,600,2,50,low,low,RISK,1
3,4,4,2,Salaried,1012,Yes,Owns,58,56,100,2,4,DEDUCTIBLE,IN-NETWORK,COST IN $,0,200,600,1600,600,2,50,low,low,RISK,1
2,2,4,3,Bonus,1248,Yes,Rents,39,74,85,2,4,DEDUCTIBLE,IN-NETWORK,COST IN $,0,200,1600,600,600,2,50,low,low,RISK,1
2,3,3,3,Salaried,1214,No,Owns,37,67,81,2,4,DEDUCTIBLE,IN-NETWORK,COST IN $,600,0,1600,200,600,2,50,low,low,RISK,1
4,3,3,2,Salaried,2852,Yes,Rents,38,64,80,2,4,DEDUCTIBLE,IN-NETWORK,COST IN $,200,600,1600,0,600,2,50,low,low,RISK,1
3,3,2,2,Bonus,1440,Yes,Owns,46,75,83,2,4,DEDUCTIBLE,IN-NETWORK,COST IN $,200,0,600,1600,600,2,50,low,low,RISK,1
4,2,4,3,Bonus,2951,No,Owns,48,51,79,2,4,DEDUCTIBLE,IN-NETWORK,COST IN $,600,0,200,1600,600,2,50,low,low,RISK,1
1,0,0,1,Salaried,4377,No,Rents,4,9,1,2,5,DEDUCTIBLE,IN-NETWORK,COST IN $,200,1600,0,600,1600,1,5,low,high,RISK,2
0,0,1,0,Salaried,1919,No,Owns,4,4,5,2,5,DEDUCTIBLE,IN-NETWORK,COST IN $,200,600,0,1600,1600,1,5,low,high,RISK,2
0,0,0,0,Salaried,4671,Yes,Rents,7,1,2,2,5,DEDUCTIBLE,IN-NETWORK,COST IN $,200,600,1600,0,1600,1,5,low,high,RISK,2
1,1,0,0,Bonus,1139,No,Owns,6,6,5,2,5,DEDUCTIBLE,IN-NETWORK,COST IN $,600,0,1600,200,1600,1,5,low,high,RISK,2
0,1,1,0,Bonus,3085,No,Rents,3,1,13,2,5,DEDUCTIBLE,IN-NETWORK,COST IN $,600,0,1600,200,1600,1,5,low,high,RISK,2
0,1,1,0,Salaried,912,Yes,Rents,9,3,4,2,5,DEDUCTIBLE,IN-NETWORK,COST IN $,0,600,200,1600,1600,1,5,low,high,RISK,2
1,0,1,0,Hourly,3561,Yes,Owns,5,2,0,2,5,DEDUCTIBLE,IN-NETWORK,COST IN $,600,1600,200,0,1600,1,5,low,high,RISK,2
1,1,0,0,Hourly,4350,No,Rents,2,5,12,2,5,DEDUCTIBLE,IN-NETWORK,COST IN $,600,200,0,1600,1600,1,5,low,high,RISK,2
1,1,0,1,Salaried,3664,No,Owns,1,6,13,2,5,DEDUCTIBLE,IN-NETWORK,COST IN $,600,200,1600,0,1600,1,5,low,high,RISK,2
0,0,0,0,Bonus,1972,Yes,Owns,9,4,5,2,5,DEDUCTIBLE,IN-NETWORK,COST IN $,1600,0,200,600,1600,1,5,low,high,RISK,2
0,0,1,1,Salaried,1235,Yes,Rents,7,4,8,2,5,DEDUCTIBLE,IN-NETWORK,COST IN $,1600,600,0,200,1600,1,5,low,high,RISK,2
0,1,0,0,Bonus,2294,Yes,Owns,4,9,4,2,5,DEDUCTIBLE,IN-NETWORK,COST IN $,0,200,600,1600,1600,1,5,low,high,RISK,2
0,0,1,0,Salaried,4592,Yes,Rents,9,7,9,2,5,DEDUCTIBLE,IN-NETWORK,COST IN $,200,1600,600,0,1600,1,5,low,high,RISK,2
0,0,0,1,Hourly,2183,Yes,Owns,1,5,23,2,5,DEDUCTIBLE,IN-NETWORK,COST IN $,0,600,1600,200,1600,1,5,low,high,RISK,2
0,0,1,0,Salaried,1622,Yes,Rents,2,1,9,2,5,DEDUCTIBLE,IN-NETWORK,COST IN $,600,1600,0,200,1600,1,5,low,high,RISK,2
0,1,0,1,Salaried,4259,Yes,Rents,1,8,6,2,5,DEDUCTIBLE,IN-NETWORK,COST IN $,1600,0,200,600,1600,1,5,low,high,RISK,2
1,0,0,1,Salaried,4138,No,Owns,9,2,1,2,5,DEDUCTIBLE,IN-NETWORK,COST IN $,1600,0,600,200,1600,1,5,low,high,RISK,2
1,0,0,1,Bonus,2742,No,Owns,10,10,2,2,5,DEDUCTIBLE,IN-NETWORK,COST IN $,0,200,600,1600,1600,1,5,low,high,RISK,2
0,0,0,1,Bonus,4027,Yes,Rents,3,4,3,2,5,DEDUCTIBLE,IN-NETWORK,COST IN $,600,0,1600,200,1600,1,5,low,high,RISK,2
1,0,0,0,Bonus,3643,No,Rents,8,2,25,2,5,DEDUCTIBLE,IN-NETWORK,COST IN $,200,1600,600,0,1600,1,5,low,high,RISK,2
1,0,1,0,Salaried,1855,No,Rents,9,10,10,2,5,DEDUCTIBLE,IN-NETWORK,COST IN $,200,0,600,1600,1600,1,5,low,high,RISK,2
0,1,0,0,Bonus,4199,No,Owns,7,7,6,2,5,DEDUCTIBLE,IN-NETWORK,COST IN $,200,600,1600,0,1600,1,5,low,high,RISK,2
0,1,0,0,Salaried,358,No,Rents,5,5,5,2,5,DEDUCTIBLE,IN-NETWORK,COST IN $,600,200,1600,0,1600,1,5,low,high,RISK,2
0,0,1,0,Salaried,2175,No,Owns,8,10,8,2,5,DEDUCTIBLE,IN-NETWORK,COST IN $,200,1600,600,0,1600,1,5,low,high,RISK,2
0,1,0,0,Bonus,2804,No,Owns,4,0,4,2,5,DEDUCTIBLE,IN-NETWORK,COST IN $,200,1600,0,600,1600,1,5,low,high,RISK,2
1,1,1,0,Bonus,2793,Yes,Owns,9,9,1,2,5,DEDUCTIBLE,IN-NETWORK,COST IN $,1600,200,600,0,1600,1,5,low,high,RISK,2
1,0,1,0,Salaried,1366,No,Owns,7,4,5,2,5,DEDUCTIBLE,IN-NETWORK,COST IN $,600,200,1600,0,1600,1,5,low,high,RISK,2
0,1,1,1,Salaried,3990,No,Rents,6,1,2,2,5,DEDUCTIBLE,IN-NETWORK,COST IN $,0,200,600,1600,1600,1,5,low,high,RISK,2
1,1,0,0,Hourly,1178,No,Owns,0,1,13,2,5,DEDUCTIBLE,IN-NETWORK,COST IN $,1600,600,0,200,1600,1,5,low,high,RISK,2
0,0,0,0,Hourly,2665,No,Rents,2,3,4,2,5,DEDUCTIBLE,IN-NETWORK,COST IN $,200,600,1600,0,1600,1,5,low,high,RISK,2
1,1,1,0,Hourly,4144,No,Owns,3,2,0,2,5,DEDUCTIBLE,IN-NETWORK,COST IN $,200,600,1600,0,1600,1,5,low,high,RISK,2
0,0,1,0,Hourly,2547,Yes,Owns,7,5,12,2,5,DEDUCTIBLE,IN-NETWORK,COST IN $,200,1600,0,600,1600,1,5,low,high,RISK,2
1,0,1,0,Hourly,152,Yes,Owns,8,6,13,2,5,DEDUCTIBLE,IN-NETWORK,COST IN $,200,0,1600,600,1600,1,5,low,high,RISK,2
0,0,0,0,Bonus,2909,Yes,Rents,3,4,5,2,5,DEDUCTIBLE,IN-NETWORK,COST IN $,0,200,1600,600,1600,1,5,low,high,RISK,2
1,1,0,0,Bonus,2404,Yes,Owns,5,4,8,2,5,DEDUCTIBLE,IN-NETWORK,COST IN $,600,1600,200,0,1600,1,5,low,high,RISK,2
1,0,1,1,Bonus,144,Yes,Owns,4,9,4,2,5,DEDUCTIBLE,IN-NETWORK,COST IN $,0,200,600,1600,1600,1,5,low,high,RISK,2
1,0,1,0,Hourly,2250,No,Owns,4,7,9,2,5,DEDUCTIBLE,IN-NETWORK,COST IN $,600,200,1600,0,1600,1,5,low,high,RISK,2
1,0,0,0,Hourly,4826,No,Owns,4,5,23,2,5,DEDUCTIBLE,IN-NETWORK,COST IN $,200,0,600,1600,1600,1,5,low,high,RISK,2
1,1,0,0,Salaried,792,No,Owns,5,1,9,2,5,DEDUCTIBLE,IN-NETWORK,COST IN $,200,0,600,1600,1600,1,5,low,high,RISK,2
0,1,0,0,Hourly,3429,No,Rents,8,8,6,2,5,DEDUCTIBLE,IN-NETWORK,COST IN $,1600,200,600,0,1600,1,5,low,high,RISK,2
0,1,0,0,Hourly,1596,Yes,Owns,5,2,1,2,5,DEDUCTIBLE,IN-NETWORK,COST IN $,200,0,1600,600,1600,1,5,low,high,RISK,2
1,1,1,0,Salaried,83,Yes,Owns,2,10,2,2,5,DEDUCTIBLE,IN-NETWORK,COST IN $,1600,0,200,600,1600,1,5,low,high,RISK,2
1,1,0,1,Salaried,3601,No,Owns,1,4,3,2,5,DEDUCTIBLE,IN-NETWORK,COST IN $,200,1600,0,600,1600,1,5,low,high,RISK,2
0,0,0,1,Bonus,861,No,Owns,8,2,25,2,5,DEDUCTIBLE,IN-NETWORK,COST IN $,0,600,1600,200,1600,1,5,low,high,RISK,2
0,1,1,1,Salaried,2240,Yes,Rents,8,10,10,2,5,DEDUCTIBLE,IN-NETWORK,COST IN $,1600,0,600,200,1600,1,5,low,high,RISK,2
0,0,0,0,Hourly,2384,No,Rents,1,7,6,2,5,DEDUCTIBLE,IN-NETWORK,COST IN $,600,0,1600,200,1600,1,5,low,high,RISK,2
0,0,0,0,Bonus,2363,Yes,Rents,6,5,5,2,5,DEDUCTIBLE,IN-NETWORK,COST IN $,1600,600,200,0,1600,1,5,low,high,RISK,2
0,0,1,0,Salaried,4539,No,Owns,3,10,8,2,5,DEDUCTIBLE,IN-NETWORK,COST IN $,600,200,1600,0,1600,1,5,low,high,RISK,2
0,0,0,0,Bonus,489,No,Rents,3,0,4,2,5,DEDUCTIBLE,IN-NETWORK,COST IN $,600,1600,0,200,1600,1,5,low,high,RISK,2
0,1,0,1,Bonus,4623,Yes,Owns,2,9,1,2,5,DEDUCTIBLE,IN-NETWORK,COST IN $,200,0,1600,600,1600,1,5,low,high,RISK,2
0,0,0,0,Salaried,153,Yes,Owns,0,4,5,2,5,DEDUCTIBLE,IN-NETWORK,COST IN $,200,600,0,1600,1600,1,5,low,high,RISK,2
0,1,1,0,Salaried,3954,No,Owns,1,1,2,2,5,DEDUCTIBLE,IN-NETWORK,COST IN $,1600,0,200,600,1600,1,5,low,high,RISK,2
0,0,0,0,Salaried,4742,No,Rents,0,6,5,2,5,DEDUCTIBLE,IN-NETWORK,COST IN $,1600,0,200,600,1600,1,5,low,high,RISK,2
0,0,0,0,Hourly,3289,No,Rents,8,1,13,2,5,DEDUCTIBLE,IN-NETWORK,COST IN $,200,600,0,1600,1600,1,5,low,high,RISK,2
0,0,0,0,Bonus,3409,Yes,Rents,6,3,4,2,5,DEDUCTIBLE,IN-NETWORK,COST IN $,600,0,200,1600,1600,1,5,low,high,RISK,2
0,0,1,0,Bonus,3179,No,Rents,2,2,0,2,5,DEDUCTIBLE,IN-NETWORK,COST IN $,1600,0,200,600,1600,1,5,low,high,RISK,2
0,0,0,0,Bonus,4271,No,Rents,3,5,12,2,5,DEDUCTIBLE,IN-NETWORK,COST IN $,0,600,200,1600,1600,1,5,low,high,RISK,2
0,0,0,0,Hourly,4605,Yes,Rents,4,6,13,2,5,DEDUCTIBLE,IN-NETWORK,COST IN $,200,1600,0,600,1600,1,5,low,high,RISK,2
0,1,1,1,Salaried,3042,Yes,Rents,1,4,5,2,5,DEDUCTIBLE,IN-NETWORK,COST IN $,600,1600,200,0,1600,1,5,low,high,RISK,2
0,1,1,0,Hourly,170,No,Rents,9,4,8,2,5,DEDUCTIBLE,IN-NETWORK,COST IN $,1600,600,0,200,1600,1,5,low,high,RISK,2
0,0,0,1,Salaried,2062,No,Rents,2,9,4,2,5,DEDUCTIBLE,IN-NETWORK,COST IN $,0,200,1600,600,1600,1,5,low,high,RISK,2
1,0,1,1,Bonus,1962,No,Rents,0,7,9,2,5,DEDUCTIBLE,IN-NETWORK,COST IN $,0,200,1600,600,1600,1,5,low,high,RISK,2
0,0,0,0,Bonus,1006,No,Owns,5,5,23,2,5,DEDUCTIBLE,IN-NETWORK,COST IN $,200,0,1600,600,1600,1,5,low,high,RISK,2
0,1,0,1,Salaried,4555,No,Rents,2,1,9,2,5,DEDUCTIBLE,IN-NETWORK,COST IN $,600,0,1600,200,1600,1,5,low,high,RISK,2
1,0,1,0,Bonus,458,No,Rents,4,8,6,2,5,DEDUCTIBLE,IN-NETWORK,COST IN $,600,1600,0,200,1600,1,5,low,high,RISK,2
1,0,1,0,Hourly,1593,No,Owns,0,2,1,2,5,DEDUCTIBLE,IN-NETWORK,COST IN $,200,0,1600,600,1600,1,5,low,high,RISK,2
0,1,0,0,Hourly,4519,Yes,Owns,4,10,2,2,5,DEDUCTIBLE,IN-NETWORK,COST IN $,600,1600,0,200,1600,1,5,low,high,RISK,2
0,1,0,0,Bonus,2639,No,Rents,0,4,3,2,5,DEDUCTIBLE,IN-NETWORK,COST IN $,200,0,1600,600,1600,1,5,low,high,RISK,2
0,0,1,0,Hourly,2563,Yes,Rents,8,2,25,2,5,DEDUCTIBLE,IN-NETWORK,COST IN $,200,1600,0,600,1600,1,5,low,high,RISK,2
0,0,1,1,Bonus,2810,Yes,Owns,8,10,10,2,5,DEDUCTIBLE,IN-NETWORK,COST IN $,200,1600,0,600,1600,1,5,low,high,RISK,2
0,0,0,1,Hourly,2954,Yes,Owns,10,7,6,2,5,DEDUCTIBLE,IN-NETWORK,COST IN $,1600,200,600,0,1600,1,5,low,high,RISK,2
0,0,1,0,Hourly,2299,Yes,Owns,6,5,5,2,5,DEDUCTIBLE,IN-NETWORK,COST IN $,1600,0,600,200,1600,1,5,low,high,RISK,2
0,0,1,1,Hourly,1155,No,Rents,1,10,8,2,5,DEDUCTIBLE,IN-NETWORK,COST IN $,1600,600,0,200,1600,1,5,low,high,RISK,2
1,0,1,0,Bonus,1856,Yes,Rents,7,0,4,2,5,DEDUCTIBLE,IN-NETWORK,COST IN $,0,1600,200,600,1600,1,5,low,high,RISK,2
1,1,0,0,Salaried,3352,Yes,Rents,1,9,1,2,5,DEDUCTIBLE,IN-NETWORK,COST IN $,0,1600,600,200,1600,1,5,low,high,RISK,2
1,0,0,0,Hourly,3735,Yes,Owns,8,4,5,2,5,DEDUCTIBLE,IN-NETWORK,COST IN $,200,600,0,1600,1600,1,5,low,high,RISK,2
1,0,0,1,Salaried,1125,Yes,Rents,1,1,2,2,5,DEDUCTIBLE,IN-NETWORK,COST IN $,1600,200,600,0,1600,1,5,low,high,RISK,2
1,0,1,0,Bonus,4695,No,Owns,0,6,5,2,5,DEDUCTIBLE,IN-NETWORK,COST IN $,0,600,200,1600,1600,1,5,low,high,RISK,2
0,0,0,1,Salaried,1210,No,Rents,9,1,13,2,5,DEDUCTIBLE,IN-NETWORK,COST IN $,1600,600,0,200,1600,1,5,low,high,RISK,2
1,1,1,0,Bonus,3149,No,Owns,1,3,4,2,5,DEDUCTIBLE,IN-NETWORK,COST IN $,200,1600,600,0,1600,1,5,low,high,RISK,2
1,0,0,0,Bonus,3757,No,Rents,1,2,0,2,5,DEDUCTIBLE,IN-NETWORK,COST IN $,600,0,1600,200,1600,1,5,low,high,RISK,2
1,0,1,1,Salaried,4038,Yes,Rents,5,5,12,2,5,DEDUCTIBLE,IN-NETWORK,COST IN $,0,200,600,1600,1600,1,5,low,high,RISK,2
0,0,0,1,Bonus,381,No,Owns,2,6,13,2,5,DEDUCTIBLE,IN-NETWORK,COST IN $,1600,0,200,600,1600,1,5,low,high,RISK,2
0,0,0,0,Hourly,2879,Yes,Rents,9,4,5,2,5,DEDUCTIBLE,IN-NETWORK,COST IN $,0,1600,600,200,1600,1,5,low,high,RISK,2
0,1,0,0,Hourly,2246,No,Owns,9,4,8,2,5,DEDUCTIBLE,IN-NETWORK,COST IN $,0,1600,200,600,1600,1,5,low,high,RISK,2
0,1,0,0,Hourly,3337,No,Rents,1,9,4,2,5,DEDUCTIBLE,IN-NETWORK,COST IN $,0,1600,600,200,1600,1,5,low,high,RISK,2
1,0,0,0,Hourly,874,No,Owns,9,7,9,2,5,DEDUCTIBLE,IN-NETWORK,COST IN $,200,1600,0,600,1600,1,5,low,high,RISK,2
0,1,0,0,Hourly,4470,Yes,Owns,0,5,23,2,5,DEDUCTIBLE,IN-NETWORK,COST IN $,200,1600,600,0,1600,1,5,low,high,RISK,2
1,0,1,0,Hourly,3252,Yes,Owns,4,1,9,2,5,DEDUCTIBLE,IN-NETWORK,COST IN $,1600,0,200,600,1600,1,5,low,high,RISK,2
0,1,0,0,Hourly,176,Yes,Rents,3,8,6,2,5,DEDUCTIBLE,IN-NETWORK,COST IN $,600,200,1600,0,1600,1,5,low,high,RISK,2
0,0,1,0,Hourly,3681,Yes,Owns,1,2,1,2,5,DEDUCTIBLE,IN-NETWORK,COST IN $,200,600,0,1600,1600,1,5,low,high,RISK,2
0,1,1,1,Hourly,1019,Yes,Owns,8,10,2,2,5,DEDUCTIBLE,IN-NETWORK,COST IN $,600,1600,200,0,1600,1,5,low,high,RISK,2
0,1,1,0,Bonus,4493,Yes,Owns,10,4,3,2,5,DEDUCTIBLE,IN-NETWORK,COST IN $,200,1600,600,0,1600,1,5,low,high,RISK,2
0,1,1,0,Salaried,1012,Yes,Owns,8,2,25,2,5,DEDUCTIBLE,IN-NETWORK,COST IN $,0,600,200,1600,1600,1,5,low,high,RISK,2
0,0,0,0,Bonus,1248,Yes,Rents,1,10,10,2,5,DEDUCTIBLE,IN-NETWORK,COST IN $,0,600,1600,200,1600,1,5,low,high,RISK,2
0,0,0,0,Salaried,1214,No,Owns,1,7,6,2,5,DEDUCTIBLE,IN-NETWORK,COST IN $,0,1600,600,200,1600,1,5,low,high,RISK,2
1,0,0,0,Salaried,2852,Yes,Rents,1,5,5,2,5,DEDUCTIBLE,IN-NETWORK,COST IN $,0,200,600,1600,1600,1,5,low,high,RISK,2
0,0,0,0,Bonus,1440,Yes,Owns,4,10,8,2,5,DEDUCTIBLE,IN-NETWORK,COST IN $,0,600,1600,200,1600,1,5,low,high,RISK,2
1,0,1,0,Bonus,2951,No,Owns,4,0,4,2,5,DEDUCTIBLE,IN-NETWORK,COST IN $,0,600,200,1600,1600,1,5,low,high,RISK,2
2,1,0,2,Salaried,4377,No,Rents,10,19,27,2,6,DEDUCTIBLE,IN-NETWORK,COST IN $,600,1600,200,0,600,2,10,low,high,RISK,2
0,1,1,0,Salaried,1919,No,Owns,10,15,31,2,6,DEDUCTIBLE,IN-NETWORK,COST IN $,1600,600,0,200,600,2,10,low,high,RISK,2
1,1,0,0,Salaried,4671,Yes,Rents,15,12,28,2,6,DEDUCTIBLE,IN-NETWORK,COST IN $,0,200,600,1600,600,2,10,low,high,RISK,2
2,1,0,0,Bonus,1139,No,Owns,13,16,31,2,6,DEDUCTIBLE,IN-NETWORK,COST IN $,200,0,1600,600,600,2,10,low,high,RISK,2
1,1,2,1,Bonus,3085,No,Rents,9,12,39,2,6,DEDUCTIBLE,IN-NETWORK,COST IN $,200,1600,600,0,600,2,10,low,high,RISK,2
0,1,2,0,Salaried,912,Yes,Rents,16,14,30,2,6,DEDUCTIBLE,IN-NETWORK,COST IN $,600,200,1600,0,600,2,10,low,high,RISK,2
1,0,2,1,Hourly,3561,Yes,Owns,12,13,26,2,6,DEDUCTIBLE,IN-NETWORK,COST IN $,1600,200,600,0,600,2,10,low,high,RISK,2
1,2,0,0,Hourly,4350,No,Rents,7,16,37,2,6,DEDUCTIBLE,IN-NETWORK,COST IN $,0,1600,600,200,600,2,10,low,high,RISK,2
2,2,1,2,Salaried,3664,No,Owns,7,16,39,2,6,DEDUCTIBLE,IN-NETWORK,COST IN $,200,0,1600,600,600,2,10,low,high,RISK,2
0,0,0,1,Bonus,1972,Yes,Owns,17,14,30,2,6,DEDUCTIBLE,IN-NETWORK,COST IN $,1600,0,600,200,600,2,10,low,high,RISK,2
1,0,2,2,Salaried,1235,Yes,Rents,14,14,34,2,6,DEDUCTIBLE,IN-NETWORK,COST IN $,600,1600,200,0,600,2,10,low,high,RISK,2
0,2,0,1,Bonus,2294,Yes,Owns,10,19,30,2,6,DEDUCTIBLE,IN-NETWORK,COST IN $,200,1600,0,600,600,2,10,low,high,RISK,2
0,1,2,0,Salaried,4592,Yes,Rents,16,17,35,2,6,DEDUCTIBLE,IN-NETWORK,COST IN $,200,600,0,1600,600,2,10,low,high,RISK,2
0,0,1,1,Hourly,2183,Yes,Owns,6,15,48,2,6,DEDUCTIBLE,IN-NETWORK,COST IN $,0,1600,200,600,600,2,10,low,high,RISK,2
1,1,2,1,Salaried,1622,Yes,Rents,8,12,35,2,6,DEDUCTIBLE,IN-NETWORK,COST IN $,1600,600,0,200,600,2,10,low,high,RISK,2
1,2,1,2,Salaried,4259,Yes,Rents,6,18,32,2,6,DEDUCTIBLE,IN-NETWORK,COST IN $,200,600,1600,0,600,2,10,low,high,RISK,2
2,1,1,2,Salaried,4138,No,Owns,17,13,27,2,6,DEDUCTIBLE,IN-NETWORK,COST IN $,1600,200,0,600,600,2,10,low,high,RISK,2
2,0,1,2,Bonus,2742,No,Owns,17,20,28,2,6,DEDUCTIBLE,IN-NETWORK,COST IN $,600,1600,200,0,600,2,10,low,high,RISK,2
1,1,0,2,Bonus,4027,Yes,Rents,8,14,29,2,6,DEDUCTIBLE,IN-NETWORK,COST IN $,0,200,600,1600,600,2,10,low,high,RISK,2
1,1,0,0,Bonus,3643,No,Rents,16,13,50,2,6,DEDUCTIBLE,IN-NETWORK,COST IN $,600,0,200,1600,600,2,10,low,high,RISK,2
1,0,2,0,Salaried,1855,No,Rents,17,20,35,2,6,DEDUCTIBLE,IN-NETWORK,COST IN $,200,1600,600,0,600,2,10,low,high,RISK,2
1,2,0,1,Bonus,4199,No,Owns,14,17,32,2,6,DEDUCTIBLE,IN-NETWORK,COST IN $,1600,600,0,200,600,2,10,low,high,RISK,2
0,2,1,0,Salaried,358,No,Rents,12,16,31,2,6,DEDUCTIBLE,IN-NETWORK,COST IN $,200,600,0,1600,600,2,10,low,high,RISK,2
1,1,1,1,Salaried,2175,No,Owns,16,20,34,2,6,DEDUCTIBLE,IN-NETWORK,COST IN $,0,600,1600,200,600,2,10,low,high,RISK,2
1,1,0,0,Bonus,2804,No,Owns,11,11,30,2,6,DEDUCTIBLE,IN-NETWORK,COST IN $,0,600,1600,200,600,2,10,low,high,RISK,2
2,1,2,1,Bonus,2793,Yes,Owns,17,19,27,2,6,DEDUCTIBLE,IN-NETWORK,COST IN $,1600,200,600,0,600,2,10,low,high,RISK,2
2,0,2,0,Salaried,1366,No,Owns,14,15,31,2,6,DEDUCTIBLE,IN-NETWORK,COST IN $,200,1600,0,600,600,2,10,low,high,RISK,2
0,1,1,2,Salaried,3990,No,Rents,13,12,28,2,6,DEDUCTIBLE,IN-NETWORK,COST IN $,200,0,1600,600,600,2,10,low,high,RISK,2
0,1,1,0,Salaried,1625,No,Owns,16,16,31,2,6,DEDUCTIBLE,IN-NETWORK,COST IN $,600,200,0,1600,600,2,10,low,high,RISK,2
1,2,0,0,Hourly,1178,No,Owns,5,12,39,2,6,DEDUCTIBLE,IN-NETWORK,COST IN $,200,1600,600,0,600,2,10,low,high,RISK,2
1,1,0,0,Hourly,2665,No,Rents,8,14,30,2,6,DEDUCTIBLE,IN-NETWORK,COST IN $,0,600,200,1600,600,2,10,low,high,RISK,2
1,1,2,0,Hourly,4144,No,Owns,9,13,26,2,6,DEDUCTIBLE,IN-NETWORK,COST IN $,1600,200,0,600,600,2,10,low,high,RISK,2
1,1,1,0,Hourly,152,Yes,Owns,15,16,39,2,6,DEDUCTIBLE,IN-NETWORK,COST IN $,200,1600,0,600,600,2,10,low,high,RISK,2
0,0,0,0,Bonus,2909,Yes,Rents,9,14,30,2,6,DEDUCTIBLE,IN-NETWORK,COST IN $,200,600,0,1600,600,2,10,low,high,RISK,2
2,2,1,1,Bonus,2404,Yes,Owns,11,14,34,2,6,DEDUCTIBLE,IN-NETWORK,COST IN $,200,0,600,1600,600,2,10,low,high,RISK,2
2,0,1,2,Bonus,144,Yes,Owns,10,19,30,2,6,DEDUCTIBLE,IN-NETWORK,COST IN $,600,1600,0,200,600,2,10,low,high,RISK,2
2,0,1,0,Hourly,2250,No,Owns,11,17,35,2,6,DEDUCTIBLE,IN-NETWORK,COST IN $,600,200,0,1600,600,2,10,low,high,RISK,2
2,0,0,0,Hourly,4826,No,Owns,10,15,48,2,6,DEDUCTIBLE,IN-NETWORK,COST IN $,0,200,1600,600,600,2,10,low,high,RISK,2
1,1,0,0,Salaried,792,No,Owns,12,12,35,2,6,DEDUCTIBLE,IN-NETWORK,COST IN $,200,1600,600,0,600,2,10,low,high,RISK,2
0,2,0,1,Hourly,3429,No,Rents,15,18,32,2,6,DEDUCTIBLE,IN-NETWORK,COST IN $,600,0,1600,200,600,2,10,low,high,RISK,2
0,2,0,1,Hourly,1596,Yes,Owns,11,13,27,2,6,DEDUCTIBLE,IN-NETWORK,COST IN $,200,600,0,1600,600,2,10,low,high,RISK,2
1,1,2,0,Salaried,83,Yes,Owns,7,20,28,2,6,DEDUCTIBLE,IN-NETWORK,COST IN $,200,1600,0,600,600,2,10,low,high,RISK,2
1,2,0,2,Salaried,3601,No,Owns,6,14,29,2,6,DEDUCTIBLE,IN-NETWORK,COST IN $,0,600,1600,200,600,2,10,low,high,RISK,2
1,1,0,1,Bonus,861,No,Owns,15,13,50,2,6,DEDUCTIBLE,IN-NETWORK,COST IN $,600,0,1600,200,600,2,10,low,high,RISK,2
0,2,2,2,Salaried,2240,Yes,Rents,15,20,35,2,6,DEDUCTIBLE,IN-NETWORK,COST IN $,1600,600,0,200,600,2,10,low,high,RISK,2
1,0,0,0,Hourly,2384,No,Rents,6,17,32,2,6,DEDUCTIBLE,IN-NETWORK,COST IN $,600,0,200,1600,600,2,10,low,high,RISK,2
0,0,0,0,Bonus,2363,Yes,Rents,12,16,31,2,6,DEDUCTIBLE,IN-NETWORK,COST IN $,1600,600,0,200,600,2,10,low,high,RISK,2
1,1,2,0,Salaried,4539,No,Owns,10,20,34,2,6,DEDUCTIBLE,IN-NETWORK,COST IN $,0,200,1600,600,600,2,10,low,high,RISK,2
1,1,0,0,Bonus,489,No,Rents,9,11,30,2,6,DEDUCTIBLE,IN-NETWORK,COST IN $,0,200,1600,600,600,2,10,low,high,RISK,2
1,2,0,2,Bonus,4623,Yes,Owns,7,19,27,2,6,DEDUCTIBLE,IN-NETWORK,COST IN $,200,0,600,1600,600,2,10,low,high,RISK,2
1,0,0,0,Salaried,153,Yes,Owns,5,15,31,2,6,DEDUCTIBLE,IN-NETWORK,COST IN $,0,600,1600,200,600,2,10,low,high,RISK,2
0,2,2,1,Salaried,3954,No,Owns,6,12,28,2,6,DEDUCTIBLE,IN-NETWORK,COST IN $,600,1600,200,0,600,2,10,low,high,RISK,2
0,1,0,0,Salaried,4742,No,Rents,5,16,31,2,6,DEDUCTIBLE,IN-NETWORK,COST IN $,200,600,1600,0,600,2,10,low,high,RISK,2
0,0,0,1,Hourly,3289,No,Rents,15,12,39,2,6,DEDUCTIBLE,IN-NETWORK,COST IN $,0,600,1600,200,600,2,10,low,high,RISK,2
0,0,1,1,Bonus,3409,Yes,Rents,13,14,30,2,6,DEDUCTIBLE,IN-NETWORK,COST IN $,1600,200,600,0,600,2,10,low,high,RISK,2
0,0,2,1,Bonus,3179,No,Rents,8,13,26,2,6,DEDUCTIBLE,IN-NETWORK,COST IN $,0,1600,200,600,600,2,10,low,high,RISK,2
0,0,0,0,Hourly,4605,Yes,Rents,10,16,39,2,6,DEDUCTIBLE,IN-NETWORK,COST IN $,200,0,1600,600,600,2,10,low,high,RISK,2
0,2,2,2,Salaried,3042,Yes,Rents,6,14,30,2,6,DEDUCTIBLE,IN-NETWORK,COST IN $,0,200,600,1600,600,2,10,low,high,RISK,2
0,2,2,0,Hourly,170,No,Rents,16,14,34,2,6,DEDUCTIBLE,IN-NETWORK,COST IN $,0,1600,200,600,600,2,10,low,high,RISK,2
0,1,0,2,Salaried,2062,No,Rents,7,19,30,2,6,DEDUCTIBLE,IN-NETWORK,COST IN $,0,1600,200,600,600,2,10,low,high,RISK,2
1,1,2,2,Bonus,1962,No,Rents,5,17,35,2,6,DEDUCTIBLE,IN-NETWORK,COST IN $,600,0,1600,200,600,2,10,low,high,RISK,2
0,0,0,0,Bonus,1006,No,Owns,11,15,48,2,6,DEDUCTIBLE,IN-NETWORK,COST IN $,0,1600,200,600,600,2,10,low,high,RISK,2
0,2,1,2,Salaried,4555,No,Rents,8,12,35,2,6,DEDUCTIBLE,IN-NETWORK,COST IN $,600,200,1600,0,600,2,10,low,high,RISK,2
2,1,1,0,Bonus,458,No,Rents,10,18,32,2,6,DEDUCTIBLE,IN-NETWORK,COST IN $,200,0,1600,600,600,2,10,low,high,RISK,2
2,0,2,1,Hourly,1593,No,Owns,5,13,27,2,6,DEDUCTIBLE,IN-NETWORK,COST IN $,1600,0,600,200,600,2,10,low,high,RISK,2
0,2,0,1,Hourly,4519,Yes,Owns,11,20,28,2,6,DEDUCTIBLE,IN-NETWORK,COST IN $,600,200,1600,0,600,2,10,low,high,RISK,2
0,1,0,0,Bonus,2639,No,Rents,5,14,29,2,6,DEDUCTIBLE,IN-NETWORK,COST IN $,1600,0,600,200,600,2,10,low,high,RISK,2
0,0,2,1,Hourly,2563,Yes,Rents,15,13,50,2,6,DEDUCTIBLE,IN-NETWORK,COST IN $,600,200,1600,0,600,2,10,low,high,RISK,2
0,1,2,1,Bonus,2810,Yes,Owns,15,20,35,2,6,DEDUCTIBLE,IN-NETWORK,COST IN $,200,1600,600,0,600,2,10,low,high,RISK,2
1,1,0,1,Hourly,2954,Yes,Owns,18,17,32,2,6,DEDUCTIBLE,IN-NETWORK,COST IN $,200,1600,600,0,600,2,10,low,high,RISK,2
1,0,2,0,Hourly,2299,Yes,Owns,13,16,31,2,6,DEDUCTIBLE,IN-NETWORK,COST IN $,200,600,1600,0,600,2,10,low,high,RISK,2
0,0,1,2,Hourly,1155,No,Rents,6,20,34,2,6,DEDUCTIBLE,IN-NETWORK,COST IN $,0,600,200,1600,600,2,10,low,high,RISK,2
1,0,2,0,Bonus,1856,Yes,Rents,14,11,30,2,6,DEDUCTIBLE,IN-NETWORK,COST IN $,1600,0,600,200,600,2,10,low,high,RISK,2
2,1,1,0,Salaried,3352,Yes,Rents,6,19,27,2,6,DEDUCTIBLE,IN-NETWORK,COST IN $,0,600,200,1600,600,2,10,low,high,RISK,2
2,0,0,1,Hourly,3735,Yes,Owns,15,15,31,2,6,DEDUCTIBLE,IN-NETWORK,COST IN $,200,1600,0,600,600,2,10,low,high,RISK,2
2,1,0,2,Salaried,1125,Yes,Rents,6,12,28,2,6,DEDUCTIBLE,IN-NETWORK,COST IN $,0,1600,600,200,600,2,10,low,high,RISK,2
2,0,1,0,Bonus,4695,No,Owns,5,16,31,2,6,DEDUCTIBLE,IN-NETWORK,COST IN $,200,1600,600,0,600,2,10,low,high,RISK,2
1,1,1,1,Salaried,1210,No,Rents,17,12,39,2,6,DEDUCTIBLE,IN-NETWORK,COST IN $,1600,0,200,600,600,2,10,low,high,RISK,2
1,2,1,0,Bonus,3149,No,Owns,6,14,30,2,6,DEDUCTIBLE,IN-NETWORK,COST IN $,200,0,600,1600,600,2,10,low,high,RISK,2
1,1,1,1,Bonus,3757,No,Rents,6,13,26,2,6,DEDUCTIBLE,IN-NETWORK,COST IN $,0,200,600,1600,600,2,10,low,high,RISK,2
1,0,2,1,Salaried,4038,Yes,Rents,12,16,37,2,6,DEDUCTIBLE,IN-NETWORK,COST IN $,0,600,200,1600,600,2,10,low,high,RISK,2
0,0,0,2,Bonus,381,No,Owns,8,16,39,2,6,DEDUCTIBLE,IN-NETWORK,COST IN $,0,600,1600,200,600,2,10,low,high,RISK,2
0,0,1,1,Hourly,2879,Yes,Rents,16,14,30,2,6,DEDUCTIBLE,IN-NETWORK,COST IN $,0,600,1600,200,600,2,10,low,high,RISK,2
1,2,0,0,Hourly,2246,No,Owns,17,14,34,2,6,DEDUCTIBLE,IN-NETWORK,COST IN $,600,0,1600,200,600,2,10,low,high,RISK,2
0,2,1,0,Hourly,3337,No,Rents,7,19,30,2,6,DEDUCTIBLE,IN-NETWORK,COST IN $,200,600,0,1600,600,2,10,low,high,RISK,2
1,1,1,1,Hourly,874,No,Owns,17,17,35,2,6,DEDUCTIBLE,IN-NETWORK,COST IN $,600,0,1600,200,600,2,10,low,high,RISK,2
0,1,0,0,Hourly,4470,Yes,Owns,6,15,48,2,6,DEDUCTIBLE,IN-NETWORK,COST IN $,0,1600,600,200,600,2,10,low,high,RISK,2
2,0,1,1,Hourly,3252,Yes,Owns,10,12,35,2,6,DEDUCTIBLE,IN-NETWORK,COST IN $,600,0,200,1600,600,2,10,low,high,RISK,2
0,2,0,1,Hourly,176,Yes,Rents,9,18,32,2,6,DEDUCTIBLE,IN-NETWORK,COST IN $,600,0,1600,200,600,2,10,low,high,RISK,2
1,0,2,0,Hourly,3681,Yes,Owns,6,13,27,2,6,DEDUCTIBLE,IN-NETWORK,COST IN $,600,1600,200,0,600,2,10,low,high,RISK,2
1,2,1,2,Hourly,1019,Yes,Owns,15,20,28,2,6,DEDUCTIBLE,IN-NETWORK,COST IN $,200,600,0,1600,600,2,10,low,high,RISK,2
1,2,1,1,Bonus,4493,Yes,Owns,18,14,29,2,6,DEDUCTIBLE,IN-NETWORK,COST IN $,600,1600,200,0,600,2,10,low,high,RISK,2
1,2,2,0,Salaried,1012,Yes,Owns,15,13,50,2,6,DEDUCTIBLE,IN-NETWORK,COST IN $,1600,0,200,600,600,2,10,low,high,RISK,2
0,0,1,1,Bonus,1248,Yes,Rents,7,20,35,2,6,DEDUCTIBLE,IN-NETWORK,COST IN $,200,0,1600,600,600,2,10,low,high,RISK,2
0,0,1,0,Salaried,1214,No,Owns,6,17,32,2,6,DEDUCTIBLE,IN-NETWORK,COST IN $,0,1600,600,200,600,2,10,low,high,RISK,2
1,0,1,0,Salaried,2852,Yes,Rents,6,16,31,2,6,DEDUCTIBLE,IN-NETWORK,COST IN $,200,0,600,1600,600,2,10,low,high,RISK,2
1,0,0,0,Bonus,1440,Yes,Owns,10,20,34,2,6,DEDUCTIBLE,IN-NETWORK,COST IN $,1600,200,0,600,600,2,10,low,high,RISK,2
1,0,1,0,Bonus,2951,No,Owns,11,11,30,2,6,DEDUCTIBLE,IN-NETWORK,COST IN $,200,1600,0,600,600,2,10,low,high,RISK,2
3,2,1,3,Salaried,4377,No,Rents,24,48,52,2,7,DEDUCTIBLE,IN-NETWORK,COST IN $,600,200,0,1600,600,2,20,low,high,RISK,2
1,1,2,1,Salaried,1919,No,Owns,25,33,56,2,7,DEDUCTIBLE,IN-NETWORK,COST IN $,0,200,1600,600,600,2,20,low,high,RISK,2
2,2,1,1,Salaried,4671,Yes,Rents,33,23,53,2,7,DEDUCTIBLE,IN-NETWORK,COST IN $,200,0,1600,600,600,2,20,low,high,RISK,2
3,2,1,1,Bonus,1139,No,Owns,29,38,56,2,7,DEDUCTIBLE,IN-NETWORK,COST IN $,0,200,1600,600,600,2,20,low,high,RISK,2
1,2,3,2,Bonus,3085,No,Rents,23,24,64,2,7,DEDUCTIBLE,IN-NETWORK,COST IN $,0,200,600,1600,600,2,20,low,high,RISK,2
1,2,3,1,Salaried,912,Yes,Rents,37,29,55,2,7,DEDUCTIBLE,IN-NETWORK,COST IN $,200,1600,0,600,600,2,20,low,high,RISK,2
2,1,3,2,Hourly,3561,Yes,Owns,28,26,51,2,7,DEDUCTIBLE,IN-NETWORK,COST IN $,1600,600,200,0,600,2,20,low,high,RISK,2
2,3,1,1,Hourly,4350,No,Rents,19,36,62,2,7,DEDUCTIBLE,IN-NETWORK,COST IN $,1600,600,200,0,600,2,20,low,high,RISK,2
3,3,2,3,Salaried,3664,No,Owns,18,38,64,2,7,DEDUCTIBLE,IN-NETWORK,COST IN $,0,200,600,1600,600,2,20,low,high,RISK,2
1,1,1,1,Bonus,1972,Yes,Owns,38,31,55,2,7,DEDUCTIBLE,IN-NETWORK,COST IN $,200,1600,0,600,600,2,20,low,high,RISK,2
1,1,3,3,Salaried,1235,Yes,Rents,32,31,59,2,7,DEDUCTIBLE,IN-NETWORK,COST IN $,200,600,1600,0,600,2,20,low,high,RISK,2
1,3,1,2,Bonus,2294,Yes,Owns,25,47,55,2,7,DEDUCTIBLE,IN-NETWORK,COST IN $,1600,0,200,600,600,2,20,low,high,RISK,2
1,2,3,1,Salaried,4592,Yes,Rents,37,41,60,2,7,DEDUCTIBLE,IN-NETWORK,COST IN $,600,200,1600,0,600,2,20,low,high,RISK,2
1,1,1,2,Hourly,2183,Yes,Owns,16,35,73,2,7,DEDUCTIBLE,IN-NETWORK,COST IN $,200,0,600,1600,600,2,20,low,high,RISK,2
2,2,3,2,Salaried,1622,Yes,Rents,21,24,60,2,7,DEDUCTIBLE,IN-NETWORK,COST IN $,200,1600,0,600,600,2,20,low,high,RISK,2
2,3,1,3,Salaried,4259,Yes,Rents,17,43,57,2,7,DEDUCTIBLE,IN-NETWORK,COST IN $,1600,600,0,200,600,2,20,low,high,RISK,2
3,2,2,3,Salaried,4138,No,Owns,37,25,52,2,7,DEDUCTIBLE,IN-NETWORK,COST IN $,1600,200,600,0,600,2,20,low,high,RISK,2
3,1,2,3,Bonus,2742,No,Owns,39,50,53,2,7,DEDUCTIBLE,IN-NETWORK,COST IN $,200,600,0,1600,600,2,20,low,high,RISK,2
1,1,1,3,Bonus,4027,Yes,Rents,21,31,54,2,7,DEDUCTIBLE,IN-NETWORK,COST IN $,200,0,1600,600,600,2,20,low,high,RISK,2
2,2,1,1,Bonus,3643,No,Rents,35,26,75,2,7,DEDUCTIBLE,IN-NETWORK,COST IN $,0,600,1600,200,600,2,20,low,high,RISK,2
2,1,3,1,Salaried,1855,No,Rents,39,49,60,2,7,DEDUCTIBLE,IN-NETWORK,COST IN $,0,600,1600,200,600,2,20,low,high,RISK,2
1,3,1,1,Bonus,4199,No,Owns,33,40,57,2,7,DEDUCTIBLE,IN-NETWORK,COST IN $,200,1600,600,0,600,2,20,low,high,RISK,2
1,3,2,1,Salaried,358,No,Rents,28,36,56,2,7,DEDUCTIBLE,IN-NETWORK,COST IN $,0,1600,200,600,600,2,20,low,high,RISK,2
2,2,2,1,Salaried,2175,No,Owns,35,49,59,2,7,DEDUCTIBLE,IN-NETWORK,COST IN $,200,1600,0,600,600,2,20,low,high,RISK,2
2,2,1,1,Bonus,2804,No,Owns,26,20,55,2,7,DEDUCTIBLE,IN-NETWORK,COST IN $,200,0,600,1600,600,2,20,low,high,RISK,2
3,3,3,2,Bonus,2793,Yes,Owns,39,48,52,2,7,DEDUCTIBLE,IN-NETWORK,COST IN $,1600,200,600,0,600,2,20,low,high,RISK,2
3,1,3,1,Salaried,1366,No,Owns,32,33,56,2,7,DEDUCTIBLE,IN-NETWORK,COST IN $,1600,0,200,600,600,2,20,low,high,RISK,2
1,2,2,3,Salaried,3990,No,Rents,30,23,53,2,7,DEDUCTIBLE,IN-NETWORK,COST IN $,600,200,0,1600,600,2,20,low,high,RISK,2
1,2,2,1,Salaried,1625,No,Owns,36,38,56,2,7,DEDUCTIBLE,IN-NETWORK,COST IN $,0,200,600,1600,600,2,20,low,high,RISK,2
2,3,1,1,Hourly,1178,No,Owns,15,24,64,2,7,DEDUCTIBLE,IN-NETWORK,COST IN $,1600,200,600,0,600,2,20,low,high,RISK,2
2,1,1,1,Hourly,2665,No,Rents,20,29,55,2,7,DEDUCTIBLE,IN-NETWORK,COST IN $,600,200,1600,0,600,2,20,low,high,RISK,2
2,3,3,1,Hourly,4144,No,Owns,23,26,51,2,7,DEDUCTIBLE,IN-NETWORK,COST IN $,600,1600,200,0,600,2,20,low,high,RISK,2
2,2,3,1,Hourly,2547,Yes,Owns,32,36,62,2,7,DEDUCTIBLE,IN-NETWORK,COST IN $,1600,600,200,0,600,2,20,low,high,RISK,2
2,1,2,1,Hourly,152,Yes,Owns,34,38,64,2,7,DEDUCTIBLE,IN-NETWORK,COST IN $,1600,0,600,200,600,2,20,low,high,RISK,2
1,1,1,1,Bonus,2909,Yes,Rents,23,31,55,2,7,DEDUCTIBLE,IN-NETWORK,COST IN $,0,600,1600,200,600,2,20,low,high,RISK,2
3,3,2,2,Bonus,2404,Yes,Owns,27,31,59,2,7,DEDUCTIBLE,IN-NETWORK,COST IN $,600,0,200,1600,600,2,20,low,high,RISK,2
3,1,2,3,Bonus,144,Yes,Owns,24,47,55,2,7,DEDUCTIBLE,IN-NETWORK,COST IN $,200,1600,0,600,600,2,20,low,high,RISK,2
3,1,2,1,Hourly,2250,No,Owns,26,41,60,2,7,DEDUCTIBLE,IN-NETWORK,COST IN $,0,1600,600,200,600,2,20,low,high,RISK,2
3,1,1,1,Hourly,4826,No,Owns,25,35,73,2,7,DEDUCTIBLE,IN-NETWORK,COST IN $,200,1600,600,0,600,2,20,low,high,RISK,2
2,2,1,1,Salaried,792,No,Owns,28,24,60,2,7,DEDUCTIBLE,IN-NETWORK,COST IN $,600,1600,0,200,600,2,20,low,high,RISK,2
1,3,1,2,Hourly,3429,No,Rents,34,43,57,2,7,DEDUCTIBLE,IN-NETWORK,COST IN $,0,600,1600,200,600,2,20,low,high,RISK,2
1,3,1,2,Hourly,1596,Yes,Owns,27,25,52,2,7,DEDUCTIBLE,IN-NETWORK,COST IN $,0,600,1600,200,600,2,20,low,high,RISK,2
2,3,3,1,Salaried,83,Yes,Owns,19,50,53,2,7,DEDUCTIBLE,IN-NETWORK,COST IN $,600,1600,200,0,600,2,20,low,high,RISK,2
2,3,1,3,Salaried,3601,No,Owns,17,31,54,2,7,DEDUCTIBLE,IN-NETWORK,COST IN $,0,1600,200,600,600,2,20,low,high,RISK,2
1,3,3,3,Salaried,2240,Yes,Rents,35,49,60,2,7,DEDUCTIBLE,IN-NETWORK,COST IN $,200,600,1600,0,600,2,20,low,high,RISK,2
1,1,1,1,Bonus,2363,Yes,Rents,29,36,56,2,7,DEDUCTIBLE,IN-NETWORK,COST IN $,0,600,1600,200,600,2,20,low,high,RISK,2
2,1,3,1,Salaried,4539,No,Owns,24,49,59,2,7,DEDUCTIBLE,IN-NETWORK,COST IN $,1600,600,200,0,600,2,20,low,high,RISK,2
2,1,1,1,Bonus,489,No,Rents,23,20,55,2,7,DEDUCTIBLE,IN-NETWORK,COST IN $,600,0,1600,200,600,2,20,low,high,RISK,2
2,3,1,3,Bonus,4623,Yes,Owns,19,48,52,2,7,DEDUCTIBLE,IN-NETWORK,COST IN $,600,0,200,1600,600,2,20,low,high,RISK,2
2,1,1,1,Salaried,153,Yes,Owns,15,33,56,2,7,DEDUCTIBLE,IN-NETWORK,COST IN $,1600,0,200,600,600,2,20,low,high,RISK,2
1,3,3,2,Salaried,3954,No,Owns,17,23,53,2,7,DEDUCTIBLE,IN-NETWORK,COST IN $,0,1600,200,600,600,2,20,low,high,RISK,2
1,2,1,1,Salaried,4742,No,Rents,15,38,56,2,7,DEDUCTIBLE,IN-NETWORK,COST IN $,600,0,200,1600,600,2,20,low,high,RISK,2
1,1,1,2,Hourly,3289,No,Rents,35,24,64,2,7,DEDUCTIBLE,IN-NETWORK,COST IN $,200,1600,600,0,600,2,20,low,high,RISK,2
1,1,2,2,Bonus,3409,Yes,Rents,30,29,55,2,7,DEDUCTIBLE,IN-NETWORK,COST IN $,200,0,600,1600,600,2,20,low,high,RISK,2
1,1,3,2,Bonus,3179,No,Rents,21,26,51,2,7,DEDUCTIBLE,IN-NETWORK,COST IN $,200,600,0,1600,600,2,20,low,high,RISK,2
1,1,1,2,Bonus,4271,No,Rents,22,36,62,2,7,DEDUCTIBLE,IN-NETWORK,COST IN $,0,600,200,1600,600,2,20,low,high,RISK,2
1,1,1,1,Hourly,4605,Yes,Rents,24,38,64,2,7,DEDUCTIBLE,IN-NETWORK,COST IN $,0,1600,200,600,600,2,20,low,high,RISK,2
1,3,3,3,Salaried,3042,Yes,Rents,16,31,55,2,7,DEDUCTIBLE,IN-NETWORK,COST IN $,0,200,600,1600,600,2,20,low,high,RISK,2
1,3,3,1,Hourly,170,No,Rents,37,31,59,2,7,DEDUCTIBLE,IN-NETWORK,COST IN $,1600,200,600,0,600,2,20,low,high,RISK,2
1,1,1,3,Salaried,2062,No,Rents,20,47,55,2,7,DEDUCTIBLE,IN-NETWORK,COST IN $,1600,200,0,600,600,2,20,low,high,RISK,2
2,2,3,3,Bonus,1962,No,Rents,15,41,60,2,7,DEDUCTIBLE,IN-NETWORK,COST IN $,200,1600,0,600,600,2,20,low,high,RISK,2
1,1,1,1,Bonus,1006,No,Owns,27,35,73,2,7,DEDUCTIBLE,IN-NETWORK,COST IN $,0,200,1600,600,600,2,20,low,high,RISK,2
1,3,2,3,Salaried,4555,No,Rents,20,24,60,2,7,DEDUCTIBLE,IN-NETWORK,COST IN $,600,200,0,1600,600,2,20,low,high,RISK,2
3,1,2,1,Bonus,458,No,Rents,25,43,57,2,7,DEDUCTIBLE,IN-NETWORK,COST IN $,600,0,1600,200,600,2,20,low,high,RISK,2
3,1,3,1,Hourly,1593,No,Owns,16,25,52,2,7,DEDUCTIBLE,IN-NETWORK,COST IN $,600,0,1600,200,600,2,20,low,high,RISK,2
1,3,1,2,Hourly,4519,Yes,Owns,26,50,53,2,7,DEDUCTIBLE,IN-NETWORK,COST IN $,600,1600,200,0,600,2,20,low,high,RISK,2
1,2,1,1,Bonus,2639,No,Rents,16,31,54,2,7,DEDUCTIBLE,IN-NETWORK,COST IN $,1600,200,0,600,600,2,20,low,high,RISK,2
1,2,3,2,Bonus,2810,Yes,Owns,35,49,60,2,7,DEDUCTIBLE,IN-NETWORK,COST IN $,200,600,1600,0,600,2,20,low,high,RISK,2
2,2,1,2,Hourly,2954,Yes,Owns,39,40,57,2,7,DEDUCTIBLE,IN-NETWORK,COST IN $,1600,0,600,200,600,2,20,low,high,RISK,2
2,1,3,1,Hourly,2299,Yes,Owns,31,36,56,2,7,DEDUCTIBLE,IN-NETWORK,COST IN $,1600,0,600,200,600,2,20,low,high,RISK,2
1,1,2,3,Hourly,1155,No,Rents,16,49,59,2,7,DEDUCTIBLE,IN-NETWORK,COST IN $,1600,0,600,200,600,2,20,low,high,RISK,2
2,1,3,1,Bonus,1856,Yes,Rents,31,20,55,2,7,DEDUCTIBLE,IN-NETWORK,COST IN $,200,0,600,1600,600,2,20,low,high,RISK,2
3,2,2,1,Salaried,3352,Yes,Rents,18,48,52,2,7,DEDUCTIBLE,IN-NETWORK,COST IN $,1600,600,0,200,600,2,20,low,high,RISK,2
3,1,1,2,Hourly,3735,Yes,Owns,34,33,56,2,7,DEDUCTIBLE,IN-NETWORK,COST IN $,200,600,0,1600,600,2,20,low,high,RISK,2
3,2,1,3,Salaried,1125,Yes,Rents,18,23,53,2,7,DEDUCTIBLE,IN-NETWORK,COST IN $,1600,0,600,200,600,2,20,low,high,RISK,2
3,1,2,1,Bonus,4695,No,Owns,15,38,56,2,7,DEDUCTIBLE,IN-NETWORK,COST IN $,200,1600,600,0,600,2,20,low,high,RISK,2
2,2,2,2,Salaried,1210,No,Rents,38,24,64,2,7,DEDUCTIBLE,IN-NETWORK,COST IN $,200,1600,0,600,600,2,20,low,high,RISK,2
2,3,2,1,Bonus,3149,No,Owns,17,29,55,2,7,DEDUCTIBLE,IN-NETWORK,COST IN $,200,600,0,1600,600,2,20,low,high,RISK,2
2,2,2,2,Bonus,3757,No,Rents,18,26,51,2,7,DEDUCTIBLE,IN-NETWORK,COST IN $,600,1600,200,0,600,2,20,low,high,RISK,2
3,1,3,2,Salaried,4038,Yes,Rents,28,36,62,2,7,DEDUCTIBLE,IN-NETWORK,COST IN $,200,600,0,1600,600,2,20,low,high,RISK,2
1,1,1,3,Bonus,381,No,Owns,20,38,64,2,7,DEDUCTIBLE,IN-NETWORK,COST IN $,200,600,0,1600,600,2,20,low,high,RISK,2
2,3,1,1,Hourly,2246,No,Owns,38,31,59,2,7,DEDUCTIBLE,IN-NETWORK,COST IN $,0,200,600,1600,600,2,20,low,high,RISK,2
1,3,2,1,Hourly,3337,No,Rents,18,47,55,2,7,DEDUCTIBLE,IN-NETWORK,COST IN $,200,600,1600,0,600,2,20,low,high,RISK,2
2,2,1,2,Hourly,874,No,Owns,38,41,60,2,7,DEDUCTIBLE,IN-NETWORK,COST IN $,0,1600,600,200,600,2,20,low,high,RISK,2
1,2,1,1,Hourly,4470,Yes,Owns,16,35,73,2,7,DEDUCTIBLE,IN-NETWORK,COST IN $,200,1600,600,0,600,2,20,low,high,RISK,2
3,1,3,1,Hourly,3252,Yes,Owns,24,24,60,2,7,DEDUCTIBLE,IN-NETWORK,COST IN $,600,1600,200,0,600,2,20,low,high,RISK,2
1,3,1,2,Hourly,176,Yes,Rents,23,43,57,2,7,DEDUCTIBLE,IN-NETWORK,COST IN $,0,200,1600,600,600,2,20,low,high,RISK,2
2,1,3,1,Hourly,3681,Yes,Owns,17,25,52,2,7,DEDUCTIBLE,IN-NETWORK,COST IN $,1600,200,0,600,600,2,20,low,high,RISK,2
1,3,2,3,Hourly,1019,Yes,Owns,35,50,53,2,7,DEDUCTIBLE,IN-NETWORK,COST IN $,0,600,200,1600,600,2,20,low,high,RISK,2
1,3,2,1,Bonus,4493,Yes,Owns,39,31,54,2,7,DEDUCTIBLE,IN-NETWORK,COST IN $,600,1600,0,200,600,2,20,low,high,RISK,2
1,1,2,1,Bonus,1248,Yes,Rents,18,49,60,2,7,DEDUCTIBLE,IN-NETWORK,COST IN $,200,600,1600,0,600,2,20,low,high,RISK,2
1,1,2,1,Salaried,1214,No,Owns,17,40,57,2,7,DEDUCTIBLE,IN-NETWORK,COST IN $,1600,200,600,0,600,2,20,low,high,RISK,2
2,1,1,1,Salaried,2852,Yes,Rents,18,36,56,2,7,DEDUCTIBLE,IN-NETWORK,COST IN $,600,0,1600,200,600,2,20,low,high,RISK,2
2,1,1,1,Bonus,1440,Yes,Owns,24,49,59,2,7,DEDUCTIBLE,IN-NETWORK,COST IN $,200,1600,0,600,600,2,20,low,high,RISK,2
3,1,3,1,Bonus,2951,No,Owns,26,20,55,2,7,DEDUCTIBLE,IN-NETWORK,COST IN $,600,0,200,1600,600,2,20,low,high,RISK,2
4,3,2,4,Salaried,4377,No,Rents,46,73,76,2,8,DEDUCTIBLE,IN-NETWORK,COST IN $,200,1600,600,0,200,3,50,low,high,RISK,2
2,3,4,2,Salaried,1919,No,Owns,48,61,80,2,8,DEDUCTIBLE,IN-NETWORK,COST IN $,600,0,1600,200,200,3,50,low,high,RISK,2
4,4,3,2,Salaried,4671,Yes,Rents,57,53,77,2,8,DEDUCTIBLE,IN-NETWORK,COST IN $,1600,200,0,600,200,3,50,low,high,RISK,2
4,4,2,2,Bonus,1139,No,Owns,52,65,80,2,8,DEDUCTIBLE,IN-NETWORK,COST IN $,0,600,200,1600,200,3,50,low,high,RISK,2
3,4,4,3,Bonus,3085,No,Rents,45,54,88,2,8,DEDUCTIBLE,IN-NETWORK,COST IN $,200,1600,0,600,200,3,50,low,high,RISK,2
3,4,4,3,Salaried,912,Yes,Rents,61,58,79,2,8,DEDUCTIBLE,IN-NETWORK,COST IN $,600,200,1600,0,200,3,50,low,high,RISK,2
4,3,4,3,Hourly,3561,Yes,Owns,51,56,75,2,8,DEDUCTIBLE,IN-NETWORK,COST IN $,600,0,1600,200,200,3,50,low,high,RISK,2
4,4,2,2,Hourly,4350,No,Rents,40,64,87,2,8,DEDUCTIBLE,IN-NETWORK,COST IN $,600,0,1600,200,200,3,50,low,high,RISK,2
4,4,4,4,Salaried,3664,No,Owns,39,65,88,2,8,DEDUCTIBLE,IN-NETWORK,COST IN $,1600,200,600,0,200,3,50,low,high,RISK,2
2,3,3,3,Bonus,1972,Yes,Owns,62,60,80,2,8,DEDUCTIBLE,IN-NETWORK,COST IN $,200,600,1600,0,200,3,50,low,high,RISK,2
3,2,4,4,Salaried,1235,Yes,Rents,55,60,83,2,8,DEDUCTIBLE,IN-NETWORK,COST IN $,1600,600,200,0,200,3,50,low,high,RISK,2
2,4,3,3,Bonus,2294,Yes,Owns,47,72,79,2,8,DEDUCTIBLE,IN-NETWORK,COST IN $,1600,600,0,200,200,3,50,low,high,RISK,2
2,3,4,3,Salaried,4592,Yes,Rents,62,68,84,2,8,DEDUCTIBLE,IN-NETWORK,COST IN $,600,200,0,1600,200,3,50,low,high,RISK,2
3,3,3,4,Hourly,2183,Yes,Owns,37,63,98,2,8,DEDUCTIBLE,IN-NETWORK,COST IN $,200,0,1600,600,200,3,50,low,high,RISK,2
3,3,4,3,Salaried,1622,Yes,Rents,42,55,84,2,8,DEDUCTIBLE,IN-NETWORK,COST IN $,200,1600,600,0,200,3,50,low,high,RISK,2
3,4,3,4,Salaried,4259,Yes,Rents,37,70,81,2,8,DEDUCTIBLE,IN-NETWORK,COST IN $,200,0,1600,600,200,3,50,low,high,RISK,2
4,3,3,4,Salaried,4138,No,Owns,62,55,76,2,8,DEDUCTIBLE,IN-NETWORK,COST IN $,200,1600,600,0,200,3,50,low,high,RISK,2
4,3,4,4,Bonus,2742,No,Owns,64,75,77,2,8,DEDUCTIBLE,IN-NETWORK,COST IN $,200,1600,0,600,200,3,50,low,high,RISK,2
3,3,3,4,Bonus,4027,Yes,Rents,43,60,78,2,8,DEDUCTIBLE,IN-NETWORK,COST IN $,600,1600,200,0,200,3,50,low,high,RISK,2
4,4,2,2,Bonus,3643,No,Rents,59,56,100,2,8,DEDUCTIBLE,IN-NETWORK,COST IN $,600,1600,0,200,200,3,50,low,high,RISK,2
4,2,4,2,Salaried,1855,No,Rents,63,74,85,2,8,DEDUCTIBLE,IN-NETWORK,COST IN $,200,600,0,1600,200,3,50,low,high,RISK,2
3,4,2,3,Bonus,4199,No,Owns,57,67,81,2,8,DEDUCTIBLE,IN-NETWORK,COST IN $,600,0,200,1600,200,3,50,low,high,RISK,2
3,4,3,2,Salaried,358,No,Rents,50,64,80,2,8,DEDUCTIBLE,IN-NETWORK,COST IN $,600,0,1600,200,200,3,50,low,high,RISK,2
4,3,4,3,Salaried,2175,No,Owns,59,75,83,2,8,DEDUCTIBLE,IN-NETWORK,COST IN $,0,1600,600,200,200,3,50,low,high,RISK,2
4,4,2,2,Bonus,2804,No,Owns,48,51,79,2,8,DEDUCTIBLE,IN-NETWORK,COST IN $,600,200,0,1600,200,3,50,low,high,RISK,2
4,4,4,4,Bonus,2793,Yes,Owns,63,73,76,2,8,DEDUCTIBLE,IN-NETWORK,COST IN $,200,600,1600,0,200,3,50,low,high,RISK,2
4,3,4,2,Salaried,1366,No,Owns,56,61,80,2,8,DEDUCTIBLE,IN-NETWORK,COST IN $,0,1600,600,200,200,3,50,low,high,RISK,2
2,4,4,4,Salaried,3990,No,Rents,53,53,77,2,8,DEDUCTIBLE,IN-NETWORK,COST IN $,0,1600,600,200,200,3,50,low,high,RISK,2
2,4,3,3,Salaried,1625,No,Owns,60,65,80,2,8,DEDUCTIBLE,IN-NETWORK,COST IN $,0,600,1600,200,200,3,50,low,high,RISK,2
4,4,3,3,Hourly,1178,No,Owns,35,54,88,2,8,DEDUCTIBLE,IN-NETWORK,COST IN $,0,1600,600,200,200,3,50,low,high,RISK,2
3,3,2,2,Hourly,2665,No,Rents,41,58,79,2,8,DEDUCTIBLE,IN-NETWORK,COST IN $,600,0,1600,200,200,3,50,low,high,RISK,2
4,4,4,2,Hourly,4144,No,Owns,44,56,75,2,8,DEDUCTIBLE,IN-NETWORK,COST IN $,0,1600,200,600,200,3,50,low,high,RISK,2
3,3,4,3,Hourly,2547,Yes,Owns,55,64,87,2,8,DEDUCTIBLE,IN-NETWORK,COST IN $,1600,0,200,600,200,3,50,low,high,RISK,2
4,3,4,2,Hourly,152,Yes,Owns,58,65,88,2,8,DEDUCTIBLE,IN-NETWORK,COST IN $,0,200,600,1600,200,3,50,low,high,RISK,2
3,2,2,3,Bonus,2909,Yes,Rents,45,60,80,2,8,DEDUCTIBLE,IN-NETWORK,COST IN $,1600,200,600,0,200,3,50,low,high,RISK,2
4,4,3,3,Bonus,2404,Yes,Owns,49,60,83,2,8,DEDUCTIBLE,IN-NETWORK,COST IN $,0,1600,200,600,200,3,50,low,high,RISK,2
4,2,4,4,Bonus,144,Yes,Owns,46,72,79,2,8,DEDUCTIBLE,IN-NETWORK,COST IN $,1600,200,0,600,200,3,50,low,high,RISK,2
4,2,4,2,Hourly,2250,No,Owns,48,68,84,2,8,DEDUCTIBLE,IN-NETWORK,COST IN $,200,600,0,1600,200,3,50,low,high,RISK,2
4,3,3,3,Hourly,4826,No,Owns,47,63,98,2,8,DEDUCTIBLE,IN-NETWORK,COST IN $,0,600,1600,200,200,3,50,low,high,RISK,2
4,4,2,3,Salaried,792,No,Owns,50,55,84,2,8,DEDUCTIBLE,IN-NETWORK,COST IN $,200,1600,600,0,200,3,50,low,high,RISK,2
2,4,2,3,Hourly,3429,No,Rents,58,70,81,2,8,DEDUCTIBLE,IN-NETWORK,COST IN $,0,1600,600,200,200,3,50,low,high,RISK,2
3,4,3,4,Hourly,1596,Yes,Owns,50,55,76,2,8,DEDUCTIBLE,IN-NETWORK,COST IN $,600,1600,200,0,200,3,50,low,high,RISK,2
4,4,4,3,Salaried,83,Yes,Owns,40,75,77,2,8,DEDUCTIBLE,IN-NETWORK,COST IN $,600,0,200,1600,200,3,50,low,high,RISK,2
4,4,3,4,Salaried,3601,No,Owns,38,60,78,2,8,DEDUCTIBLE,IN-NETWORK,COST IN $,0,200,600,1600,200,3,50,low,high,RISK,2
3,4,2,4,Bonus,861,No,Owns,58,56,100,2,8,DEDUCTIBLE,IN-NETWORK,COST IN $,200,0,1600,600,200,3,50,low,high,RISK,2
2,4,4,4,Salaried,2240,Yes,Rents,59,74,85,2,8,DEDUCTIBLE,IN-NETWORK,COST IN $,0,200,600,1600,200,3,50,low,high,RISK,2
3,3,2,2,Hourly,2384,No,Rents,37,67,81,2,8,DEDUCTIBLE,IN-NETWORK,COST IN $,1600,0,200,600,200,3,50,low,high,RISK,2
2,2,3,3,Bonus,2363,Yes,Rents,52,64,80,2,8,DEDUCTIBLE,IN-NETWORK,COST IN $,200,600,0,1600,200,3,50,low,high,RISK,2
3,3,4,2,Salaried,4539,No,Owns,45,75,83,2,8,DEDUCTIBLE,IN-NETWORK,COST IN $,0,200,600,1600,200,3,50,low,high,RISK,2
3,3,2,2,Bonus,489,No,Rents,45,51,79,2,8,DEDUCTIBLE,IN-NETWORK,COST IN $,0,200,600,1600,200,3,50,low,high,RISK,2
4,4,2,4,Bonus,4623,Yes,Owns,40,73,76,2,8,DEDUCTIBLE,IN-NETWORK,COST IN $,0,600,200,1600,200,3,50,low,high,RISK,2
3,3,3,2,Salaried,153,Yes,Owns,36,61,80,2,8,DEDUCTIBLE,IN-NETWORK,COST IN $,600,1600,200,0,200,3,50,low,high,RISK,2
3,4,4,4,Salaried,3954,No,Owns,38,53,77,2,8,DEDUCTIBLE,IN-NETWORK,COST IN $,600,200,0,1600,200,3,50,low,high,RISK,2
3,3,2,3,Salaried,4742,No,Rents,35,65,80,2,8,DEDUCTIBLE,IN-NETWORK,COST IN $,1600,0,200,600,200,3,50,low,high,RISK,2
2,2,2,3,Hourly,3289,No,Rents,59,54,88,2,8,DEDUCTIBLE,IN-NETWORK,COST IN $,0,1600,200,600,200,3,50,low,high,RISK,2
2,2,3,3,Bonus,3409,Yes,Rents,54,58,79,2,8,DEDUCTIBLE,IN-NETWORK,COST IN $,1600,200,0,600,200,3,50,low,high,RISK,2
3,3,4,3,Bonus,3179,No,Rents,42,56,75,2,8,DEDUCTIBLE,IN-NETWORK,COST IN $,1600,0,200,600,200,3,50,low,high,RISK,2
3,3,2,4,Bonus,4271,No,Rents,43,64,87,2,8,DEDUCTIBLE,IN-NETWORK,COST IN $,200,1600,600,0,200,3,50,low,high,RISK,2
3,3,3,2,Hourly,4605,Yes,Rents,46,65,88,2,8,DEDUCTIBLE,IN-NETWORK,COST IN $,200,0,600,1600,200,3,50,low,high,RISK,2
2,4,4,4,Salaried,3042,Yes,Rents,37,60,80,2,8,DEDUCTIBLE,IN-NETWORK,COST IN $,200,0,1600,600,200,3,50,low,high,RISK,2
2,4,4,3,Hourly,170,No,Rents,61,60,83,2,8,DEDUCTIBLE,IN-NETWORK,COST IN $,200,600,1600,0,200,3,50,low,high,RISK,2
2,3,3,4,Salaried,2062,No,Rents,40,72,79,2,8,DEDUCTIBLE,IN-NETWORK,COST IN $,200,0,1600,600,200,3,50,low,high,RISK,2
4,4,4,4,Bonus,1962,No,Rents,35,68,84,2,8,DEDUCTIBLE,IN-NETWORK,COST IN $,600,200,1600,0,200,3,50,low,high,RISK,2
2,2,3,2,Bonus,1006,No,Owns,50,63,98,2,8,DEDUCTIBLE,IN-NETWORK,COST IN $,600,0,1600,200,200,3,50,low,high,RISK,2
2,4,3,4,Salaried,4555,No,Rents,42,55,84,2,8,DEDUCTIBLE,IN-NETWORK,COST IN $,600,0,200,1600,200,3,50,low,high,RISK,2
4,3,4,3,Bonus,458,No,Rents,46,70,81,2,8,DEDUCTIBLE,IN-NETWORK,COST IN $,200,0,1600,600,200,3,50,low,high,RISK,2
4,3,4,3,Hourly,1593,No,Owns,36,55,76,2,8,DEDUCTIBLE,IN-NETWORK,COST IN $,1600,600,0,200,200,3,50,low,high,RISK,2
3,4,2,3,Hourly,4519,Yes,Owns,48,75,77,2,8,DEDUCTIBLE,IN-NETWORK,COST IN $,200,600,1600,0,200,3,50,low,high,RISK,2
2,4,3,3,Bonus,2639,No,Rents,36,60,78,2,8,DEDUCTIBLE,IN-NETWORK,COST IN $,1600,200,600,0,200,3,50,low,high,RISK,2
2,3,4,3,Hourly,2563,Yes,Rents,59,56,100,2,8,DEDUCTIBLE,IN-NETWORK,COST IN $,1600,600,0,200,200,3,50,low,high,RISK,2
3,4,4,4,Bonus,2810,Yes,Owns,58,74,85,2,8,DEDUCTIBLE,IN-NETWORK,COST IN $,600,200,0,1600,200,3,50,low,high,RISK,2
3,4,3,4,Hourly,2954,Yes,Owns,64,67,81,2,8,DEDUCTIBLE,IN-NETWORK,COST IN $,600,1600,0,200,200,3,50,low,high,RISK,2
3,2,4,3,Hourly,2299,Yes,Owns,54,64,80,2,8,DEDUCTIBLE,IN-NETWORK,COST IN $,600,200,0,1600,200,3,50,low,high,RISK,2
2,3,4,4,Hourly,1155,No,Rents,37,75,83,2,8,DEDUCTIBLE,IN-NETWORK,COST IN $,200,0,600,1600,200,3,50,low,high,RISK,2
4,2,4,3,Bonus,1856,Yes,Rents,55,51,79,2,8,DEDUCTIBLE,IN-NETWORK,COST IN $,1600,200,0,600,200,3,50,low,high,RISK,2
4,4,3,3,Salaried,3352,Yes,Rents,38,73,76,2,8,DEDUCTIBLE,IN-NETWORK,COST IN $,0,600,1600,200,200,3,50,low,high,RISK,2
4,3,2,3,Hourly,3735,Yes,Owns,58,61,80,2,8,DEDUCTIBLE,IN-NETWORK,COST IN $,1600,600,200,0,200,3,50,low,high,RISK,2
4,3,3,4,Salaried,1125,Yes,Rents,38,53,77,2,8,DEDUCTIBLE,IN-NETWORK,COST IN $,600,200,1600,0,200,3,50,low,high,RISK,2
4,2,4,2,Bonus,4695,No,Owns,35,65,80,2,8,DEDUCTIBLE,IN-NETWORK,COST IN $,1600,600,200,0,200,3,50,low,high,RISK,2
3,3,3,4,Salaried,1210,No,Rents,62,54,88,2,8,DEDUCTIBLE,IN-NETWORK,COST IN $,0,1600,200,600,200,3,50,low,high,RISK,2
4,4,4,2,Bonus,3149,No,Owns,37,58,79,2,8,DEDUCTIBLE,IN-NETWORK,COST IN $,200,1600,600,0,200,3,50,low,high,RISK,2
4,3,4,4,Bonus,3757,No,Rents,38,56,75,2,8,DEDUCTIBLE,IN-NETWORK,COST IN $,200,600,0,1600,200,3,50,low,high,RISK,2
4,3,4,4,Salaried,4038,Yes,Rents,51,64,87,2,8,DEDUCTIBLE,IN-NETWORK,COST IN $,600,1600,0,200,200,3,50,low,high,RISK,2
2,3,3,4,Bonus,381,No,Owns,41,65,88,2,8,DEDUCTIBLE,IN-NETWORK,COST IN $,600,0,1600,200,200,3,50,low,high,RISK,2
3,3,3,3,Hourly,2879,Yes,Rents,61,60,80,2,8,DEDUCTIBLE,IN-NETWORK,COST IN $,200,0,600,1600,200,3,50,low,high,RISK,2
4,4,3,2,Hourly,2246,No,Owns,62,60,83,2,8,DEDUCTIBLE,IN-NETWORK,COST IN $,200,600,1600,0,200,3,50,low,high,RISK,2
2,4,3,2,Hourly,3337,No,Rents,39,72,79,2,8,DEDUCTIBLE,IN-NETWORK,COST IN $,0,1600,600,200,200,3,50,low,high,RISK,2
4,3,3,4,Hourly,874,No,Owns,63,68,84,2,8,DEDUCTIBLE,IN-NETWORK,COST IN $,600,1600,200,0,200,3,50,low,high,RISK,2
3,4,2,3,Hourly,4470,Yes,Owns,36,63,98,2,8,DEDUCTIBLE,IN-NETWORK,COST IN $,200,1600,0,600,200,3,50,low,high,RISK,2
4,3,4,3,Hourly,3252,Yes,Owns,46,55,84,2,8,DEDUCTIBLE,IN-NETWORK,COST IN $,600,0,1600,200,200,3,50,low,high,RISK,2
3,4,2,3,Hourly,176,Yes,Rents,45,70,81,2,8,DEDUCTIBLE,IN-NETWORK,COST IN $,200,0,1600,600,200,3,50,low,high,RISK,2
4,3,4,2,Hourly,3681,Yes,Owns,38,55,76,2,8,DEDUCTIBLE,IN-NETWORK,COST IN $,600,0,200,1600,200,3,50,low,high,RISK,2
3,4,4,4,Hourly,1019,Yes,Owns,59,75,77,2,8,DEDUCTIBLE,IN-NETWORK,COST IN $,600,200,1600,0,200,3,50,low,high,RISK,2
3,4,4,3,Bonus,4493,Yes,Owns,64,60,78,2,8,DEDUCTIBLE,IN-NETWORK,COST IN $,0,1600,200,600,200,3,50,low,high,RISK,2
3,4,4,2,Salaried,1012,Yes,Owns,58,56,100,2,8,DEDUCTIBLE,IN-NETWORK,COST IN $,0,1600,600,200,200,3,50,low,high,RISK,2
2,2,4,3,Bonus,1248,Yes,Rents,39,74,85,2,8,DEDUCTIBLE,IN-NETWORK,COST IN $,600,1600,0,200,200,3,50,low,high,RISK,2
2,3,3,3,Salaried,1214,No,Owns,37,67,81,2,8,DEDUCTIBLE,IN-NETWORK,COST IN $,1600,200,0,600,200,3,50,low,high,RISK,2
4,3,3,2,Salaried,2852,Yes,Rents,38,64,80,2,8,DEDUCTIBLE,IN-NETWORK,COST IN $,600,200,0,1600,200,3,50,low,high,RISK,2
3,3,2,2,Bonus,1440,Yes,Owns,46,75,83,2,8,DEDUCTIBLE,IN-NETWORK,COST IN $,200,0,1600,600,200,3,50,low,high,RISK,2
4,2,4,3,Bonus,2951,No,Owns,48,51,79,2,8,DEDUCTIBLE,IN-NETWORK,COST IN $,600,1600,0,200,200,3,50,low,high,RISK,2
1,0,0,1,Salaried,4377,No,Rents,4,9,1,2,9,DEDUCTIBLE,IN-NETWORK,COST IN $,0,200,1600,600,600,2,5,high,low,RISK,3
0,0,1,0,Salaried,1919,No,Owns,4,4,5,2,9,DEDUCTIBLE,IN-NETWORK,COST IN $,1600,600,200,0,600,2,5,high,low,RISK,3
0,0,0,0,Salaried,4671,Yes,Rents,7,1,2,2,9,DEDUCTIBLE,IN-NETWORK,COST IN $,1600,0,200,600,600,2,5,high,low,RISK,3
1,1,0,0,Bonus,1139,No,Owns,6,6,5,2,9,DEDUCTIBLE,IN-NETWORK,COST IN $,1600,200,0,600,600,2,5,high,low,RISK,3
0,1,1,0,Bonus,3085,No,Rents,3,1,13,2,9,DEDUCTIBLE,IN-NETWORK,COST IN $,0,1600,600,200,600,2,5,high,low,RISK,3
0,1,1,0,Salaried,912,Yes,Rents,9,3,4,2,9,DEDUCTIBLE,IN-NETWORK,COST IN $,600,0,1600,200,600,2,5,high,low,RISK,3
1,0,1,0,Hourly,3561,Yes,Owns,5,2,0,2,9,DEDUCTIBLE,IN-NETWORK,COST IN $,600,1600,200,0,600,2,5,high,low,RISK,3
1,1,0,0,Hourly,4350,No,Rents,2,5,12,2,9,DEDUCTIBLE,IN-NETWORK,COST IN $,1600,600,0,200,600,2,5,high,low,RISK,3
1,1,0,1,Salaried,3664,No,Owns,1,6,13,2,9,DEDUCTIBLE,IN-NETWORK,COST IN $,200,600,1600,0,600,2,5,high,low,RISK,3
0,0,0,0,Bonus,1972,Yes,Owns,9,4,5,2,9,DEDUCTIBLE,IN-NETWORK,COST IN $,0,200,600,1600,600,2,5,high,low,RISK,3
0,0,1,1,Salaried,1235,Yes,Rents,7,4,8,2,9,DEDUCTIBLE,IN-NETWORK,COST IN $,200,0,600,1600,600,2,5,high,low,RISK,3
0,1,0,0,Bonus,2294,Yes,Owns,4,9,4,2,9,DEDUCTIBLE,IN-NETWORK,COST IN $,200,600,1600,0,600,2,5,high,low,RISK,3
0,0,1,0,Salaried,4592,Yes,Rents,9,7,9,2,9,DEDUCTIBLE,IN-NETWORK,COST IN $,1600,200,600,0,600,2,5,high,low,RISK,3
0,0,0,1,Hourly,2183,Yes,Owns,1,5,23,2,9,DEDUCTIBLE,IN-NETWORK,COST IN $,200,600,1600,0,600,2,5,high,low,RISK,3
0,0,1,0,Salaried,1622,Yes,Rents,2,1,9,2,9,DEDUCTIBLE,IN-NETWORK,COST IN $,200,600,0,1600,600,2,5,high,low,RISK,3
0,1,0,1,Salaried,4259,Yes,Rents,1,8,6,2,9,DEDUCTIBLE,IN-NETWORK,COST IN $,0,200,600,1600,600,2,5,high,low,RISK,3
1,0,0,1,Salaried,4138,No,Owns,9,2,1,2,9,DEDUCTIBLE,IN-NETWORK,COST IN $,600,1600,200,0,600,2,5,high,low,RISK,3
1,0,0,1,Bonus,2742,No,Owns,10,10,2,2,9,DEDUCTIBLE,IN-NETWORK,COST IN $,600,200,1600,0,600,2,5,high,low,RISK,3
0,0,0,1,Bonus,4027,Yes,Rents,3,4,3,2,9,DEDUCTIBLE,IN-NETWORK,COST IN $,600,0,200,1600,600,2,5,high,low,RISK,3
1,0,0,0,Bonus,3643,No,Rents,8,2,25,2,9,DEDUCTIBLE,IN-NETWORK,COST IN $,600,200,0,1600,600,2,5,high,low,RISK,3
1,0,1,0,Salaried,1855,No,Rents,9,10,10,2,9,DEDUCTIBLE,IN-NETWORK,COST IN $,1600,0,600,200,600,2,5,high,low,RISK,3
0,1,0,0,Bonus,4199,No,Owns,7,7,6,2,9,DEDUCTIBLE,IN-NETWORK,COST IN $,600,200,1600,0,600,2,5,high,low,RISK,3
0,1,0,0,Salaried,358,No,Rents,5,5,5,2,9,DEDUCTIBLE,IN-NETWORK,COST IN $,1600,600,0,200,600,2,5,high,low,RISK,3
0,0,1,0,Salaried,2175,No,Owns,8,10,8,2,9,DEDUCTIBLE,IN-NETWORK,COST IN $,200,1600,600,0,600,2,5,high,low,RISK,3
0,1,0,0,Bonus,2804,No,Owns,4,0,4,2,9,DEDUCTIBLE,IN-NETWORK,COST IN $,200,0,1600,600,600,2,5,high,low,RISK,3
1,1,1,0,Bonus,2793,Yes,Owns,9,9,1,2,9,DEDUCTIBLE,IN-NETWORK,COST IN $,200,600,0,1600,600,2,5,high,low,RISK,3
1,0,1,0,Salaried,1366,No,Owns,7,4,5,2,9,DEDUCTIBLE,IN-NETWORK,COST IN $,600,0,1600,200,600,2,5,high,low,RISK,3
0,1,1,1,Salaried,3990,No,Rents,6,1,2,2,9,DEDUCTIBLE,IN-NETWORK,COST IN $,200,600,1600,0,600,2,5,high,low,RISK,3
0,0,0,0,Salaried,1625,No,Owns,8,6,5,2,9,DEDUCTIBLE,IN-NETWORK,COST IN $,600,200,0,1600,600,2,5,high,low,RISK,3
1,1,0,0,Hourly,1178,No,Owns,0,1,13,2,9,DEDUCTIBLE,IN-NETWORK,COST IN $,1600,600,0,200,600,2,5,high,low,RISK,3
0,0,0,0,Hourly,2665,No,Rents,2,3,4,2,9,DEDUCTIBLE,IN-NETWORK,COST IN $,0,200,600,1600,600,2,5,high,low,RISK,3
1,1,1,0,Hourly,4144,No,Owns,3,2,0,2,9,DEDUCTIBLE,IN-NETWORK,COST IN $,0,200,600,1600,600,2,5,high,low,RISK,3
0,0,1,0,Hourly,2547,Yes,Owns,7,5,12,2,9,DEDUCTIBLE,IN-NETWORK,COST IN $,0,1600,600,200,600,2,5,high,low,RISK,3
1,0,1,0,Hourly,152,Yes,Owns,8,6,13,2,9,DEDUCTIBLE,IN-NETWORK,COST IN $,600,0,1600,200,600,2,5,high,low,RISK,3
0,0,0,0,Bonus,2909,Yes,Rents,3,4,5,2,9,DEDUCTIBLE,IN-NETWORK,COST IN $,0,1600,200,600,600,2,5,high,low,RISK,3
1,1,0,0,Bonus,2404,Yes,Owns,5,4,8,2,9,DEDUCTIBLE,IN-NETWORK,COST IN $,600,1600,0,200,600,2,5,high,low,RISK,3
1,0,1,1,Bonus,144,Yes,Owns,4,9,4,2,9,DEDUCTIBLE,IN-NETWORK,COST IN $,1600,200,600,0,600,2,5,high,low,RISK,3
1,0,1,0,Hourly,2250,No,Owns,4,7,9,2,9,DEDUCTIBLE,IN-NETWORK,COST IN $,1600,200,600,0,600,2,5,high,low,RISK,3
1,0,0,0,Hourly,4826,No,Owns,4,5,23,2,9,DEDUCTIBLE,IN-NETWORK,COST IN $,0,1600,200,600,600,2,5,high,low,RISK,3
1,1,0,0,Salaried,792,No,Owns,5,1,9,2,9,DEDUCTIBLE,IN-NETWORK,COST IN $,0,600,200,1600,600,2,5,high,low,RISK,3
0,1,0,0,Hourly,3429,No,Rents,8,8,6,2,9,DEDUCTIBLE,IN-NETWORK,COST IN $,0,600,200,1600,600,2,5,high,low,RISK,3
0,1,0,0,Hourly,1596,Yes,Owns,5,2,1,2,9,DEDUCTIBLE,IN-NETWORK,COST IN $,1600,600,0,200,600,2,5,high,low,RISK,3
1,1,1,0,Salaried,83,Yes,Owns,2,10,2,2,9,DEDUCTIBLE,IN-NETWORK,COST IN $,0,600,1600,200,600,2,5,high,low,RISK,3
1,1,0,1,Salaried,3601,No,Owns,1,4,3,2,9,DEDUCTIBLE,IN-NETWORK,COST IN $,600,200,1600,0,600,2,5,high,low,RISK,3
0,0,0,1,Bonus,861,No,Owns,8,2,25,2,9,DEDUCTIBLE,IN-NETWORK,COST IN $,600,0,200,1600,600,2,5,high,low,RISK,3
0,1,1,1,Salaried,2240,Yes,Rents,8,10,10,2,9,DEDUCTIBLE,IN-NETWORK,COST IN $,1600,200,600,0,600,2,5,high,low,RISK,3
0,0,0,0,Hourly,2384,No,Rents,1,7,6,2,9,DEDUCTIBLE,IN-NETWORK,COST IN $,1600,200,600,0,600,2,5,high,low,RISK,3
0,0,0,0,Bonus,2363,Yes,Rents,6,5,5,2,9,DEDUCTIBLE,IN-NETWORK,COST IN $,600,0,200,1600,600,2,5,high,low,RISK,3
0,0,1,0,Salaried,4539,No,Owns,3,10,8,2,9,DEDUCTIBLE,IN-NETWORK,COST IN $,0,200,600,1600,600,2,5,high,low,RISK,3
0,0,0,0,Bonus,489,No,Rents,3,0,4,2,9,DEDUCTIBLE,IN-NETWORK,COST IN $,0,200,600,1600,600,2,5,high,low,RISK,3
0,1,0,1,Bonus,4623,Yes,Owns,2,9,1,2,9,DEDUCTIBLE,IN-NETWORK,COST IN $,200,0,600,1600,600,2,5,high,low,RISK,3
0,0,0,0,Salaried,153,Yes,Owns,0,4,5,2,9,DEDUCTIBLE,IN-NETWORK,COST IN $,200,600,1600,0,600,2,5,high,low,RISK,3
0,1,1,0,Salaried,3954,No,Owns,1,1,2,2,9,DEDUCTIBLE,IN-NETWORK,COST IN $,0,200,1600,600,600,2,5,high,low,RISK,3
0,0,0,0,Salaried,4742,No,Rents,0,6,5,2,9,DEDUCTIBLE,IN-NETWORK,COST IN $,1600,0,600,200,600,2,5,high,low,RISK,3
0,0,0,0,Hourly,3289,No,Rents,8,1,13,2,9,DEDUCTIBLE,IN-NETWORK,COST IN $,0,200,1600,600,600,2,5,high,low,RISK,3
0,0,0,0,Bonus,3409,Yes,Rents,6,3,4,2,9,DEDUCTIBLE,IN-NETWORK,COST IN $,1600,600,0,200,600,2,5,high,low,RISK,3
0,0,1,0,Bonus,3179,No,Rents,2,2,0,2,9,DEDUCTIBLE,IN-NETWORK,COST IN $,600,0,1600,200,600,2,5,high,low,RISK,3
0,0,0,0,Bonus,4271,No,Rents,3,5,12,2,9,DEDUCTIBLE,IN-NETWORK,COST IN $,600,1600,0,200,600,2,5,high,low,RISK,3
0,0,0,0,Hourly,4605,Yes,Rents,4,6,13,2,9,DEDUCTIBLE,IN-NETWORK,COST IN $,200,600,0,1600,600,2,5,high,low,RISK,3
0,1,1,1,Salaried,3042,Yes,Rents,1,4,5,2,9,DEDUCTIBLE,IN-NETWORK,COST IN $,600,200,1600,0,600,2,5,high,low,RISK,3
0,1,1,0,Hourly,170,No,Rents,9,4,8,2,9,DEDUCTIBLE,IN-NETWORK,COST IN $,0,200,600,1600,600,2,5,high,low,RISK,3
0,0,0,1,Salaried,2062,No,Rents,2,9,4,2,9,DEDUCTIBLE,IN-NETWORK,COST IN $,0,200,600,1600,600,2,5,high,low,RISK,3
1,0,1,1,Bonus,1962,No,Rents,0,7,9,2,9,DEDUCTIBLE,IN-NETWORK,COST IN $,0,200,1600,600,600,2,5,high,low,RISK,3
0,0,0,0,Bonus,1006,No,Owns,5,5,23,2,9,DEDUCTIBLE,IN-NETWORK,COST IN $,1600,200,600,0,600,2,5,high,low,RISK,3
0,1,0,1,Salaried,4555,No,Rents,2,1,9,2,9,DEDUCTIBLE,IN-NETWORK,COST IN $,200,600,1600,0,600,2,5,high,low,RISK,3
1,0,1,0,Bonus,458,No,Rents,4,8,6,2,9,DEDUCTIBLE,IN-NETWORK,COST IN $,0,600,200,1600,600,2,5,high,low,RISK,3
1,0,1,0,Hourly,1593,No,Owns,0,2,1,2,9,DEDUCTIBLE,IN-NETWORK,COST IN $,0,600,200,1600,600,2,5,high,low,RISK,3
0,1,0,0,Hourly,4519,Yes,Owns,4,10,2,2,9,DEDUCTIBLE,IN-NETWORK,COST IN $,200,1600,600,0,600,2,5,high,low,RISK,3
0,1,0,0,Bonus,2639,No,Rents,0,4,3,2,9,DEDUCTIBLE,IN-NETWORK,COST IN $,600,1600,0,200,600,2,5,high,low,RISK,3
0,0,1,0,Hourly,2563,Yes,Rents,8,2,25,2,9,DEDUCTIBLE,IN-NETWORK,COST IN $,200,0,600,1600,600,2,5,high,low,RISK,3
0,0,1,1,Bonus,2810,Yes,Owns,8,10,10,2,9,DEDUCTIBLE,IN-NETWORK,COST IN $,1600,600,0,200,600,2,5,high,low,RISK,3
0,0,0,1,Hourly,2954,Yes,Owns,10,7,6,2,9,DEDUCTIBLE,IN-NETWORK,COST IN $,1600,600,200,0,600,2,5,high,low,RISK,3
0,0,1,0,Hourly,2299,Yes,Owns,6,5,5,2,9,DEDUCTIBLE,IN-NETWORK,COST IN $,1600,600,0,200,600,2,5,high,low,RISK,3
0,0,1,1,Hourly,1155,No,Rents,1,10,8,2,9,DEDUCTIBLE,IN-NETWORK,COST IN $,0,1600,200,600,600,2,5,high,low,RISK,3
1,0,1,0,Bonus,1856,Yes,Rents,7,0,4,2,9,DEDUCTIBLE,IN-NETWORK,COST IN $,0,600,200,1600,600,2,5,high,low,RISK,3
1,1,0,0,Salaried,3352,Yes,Rents,1,9,1,2,9,DEDUCTIBLE,IN-NETWORK,COST IN $,600,1600,0,200,600,2,5,high,low,RISK,3
1,0,0,0,Hourly,3735,Yes,Owns,8,4,5,2,9,DEDUCTIBLE,IN-NETWORK,COST IN $,600,0,1600,200,600,2,5,high,low,RISK,3
1,0,0,1,Salaried,1125,Yes,Rents,1,1,2,2,9,DEDUCTIBLE,IN-NETWORK,COST IN $,0,600,1600,200,600,2,5,high,low,RISK,3
1,0,1,0,Bonus,4695,No,Owns,0,6,5,2,9,DEDUCTIBLE,IN-NETWORK,COST IN $,1600,600,200,0,600,2,5,high,low,RISK,3
0,0,0,1,Salaried,1210,No,Rents,9,1,13,2,9,DEDUCTIBLE,IN-NETWORK,COST IN $,600,0,200,1600,600,2,5,high,low,RISK,3
1,1,1,0,Bonus,3149,No,Owns,1,3,4,2,9,DEDUCTIBLE,IN-NETWORK,COST IN $,0,1600,600,200,600,2,5,high,low,RISK,3
1,0,0,0,Bonus,3757,No,Rents,1,2,0,2,9,DEDUCTIBLE,IN-NETWORK,COST IN $,600,0,200,1600,600,2,5,high,low,RISK,3
1,0,1,1,Salaried,4038,Yes,Rents,5,5,12,2,9,DEDUCTIBLE,IN-NETWORK,COST IN $,600,1600,200,0,600,2,5,high,low,RISK,3
0,0,0,1,Bonus,381,No,Owns,2,6,13,2,9,DEDUCTIBLE,IN-NETWORK,COST IN $,200,0,600,1600,600,2,5,high,low,RISK,3
0,0,0,0,Hourly,2879,Yes,Rents,9,4,5,2,9,DEDUCTIBLE,IN-NETWORK,COST IN $,600,1600,200,0,600,2,5,high,low,RISK,3
0,1,0,0,Hourly,2246,No,Owns,9,4,8,2,9,DEDUCTIBLE,IN-NETWORK,COST IN $,600,200,1600,0,600,2,5,high,low,RISK,3
0,1,0,0,Hourly,3337,No,Rents,1,9,4,2,9,DEDUCTIBLE,IN-NETWORK,COST IN $,0,600,1600,200,600,2,5,high,low,RISK,3
1,0,0,0,Hourly,874,No,Owns,9,7,9,2,9,DEDUCTIBLE,IN-NETWORK,COST IN $,0,200,1600,600,600,2,5,high,low,RISK,3
0,1,0,0,Hourly,4470,Yes,Owns,0,5,23,2,9,DEDUCTIBLE,IN-NETWORK,COST IN $,200,0,1600,600,600,2,5,high,low,RISK,3
1,0,1,0,Hourly,3252,Yes,Owns,4,1,9,2,9,DEDUCTIBLE,IN-NETWORK,COST IN $,1600,0,600,200,600,2,5,high,low,RISK,3
0,1,0,0,Hourly,176,Yes,Rents,3,8,6,2,9,DEDUCTIBLE,IN-NETWORK,COST IN $,200,600,1600,0,600,2,5,high,low,RISK,3
0,0,1,0,Hourly,3681,Yes,Owns,1,2,1,2,9,DEDUCTIBLE,IN-NETWORK,COST IN $,1600,600,200,0,600,2,5,high,low,RISK,3
0,1,1,1,Hourly,1019,Yes,Owns,8,10,2,2,9,DEDUCTIBLE,IN-NETWORK,COST IN $,200,600,1600,0,600,2,5,high,low,RISK,3
0,1,1,0,Bonus,4493,Yes,Owns,10,4,3,2,9,DEDUCTIBLE,IN-NETWORK,COST IN $,0,1600,200,600,600,2,5,high,low,RISK,3
0,1,1,0,Salaried,1012,Yes,Owns,8,2,25,2,9,DEDUCTIBLE,IN-NETWORK,COST IN $,600,0,1600,200,600,2,5,high,low,RISK,3
0,0,0,0,Bonus,1248,Yes,Rents,1,10,10,2,9,DEDUCTIBLE,IN-NETWORK,COST IN $,0,600,1600,200,600,2,5,high,low,RISK,3
0,0,0,0,Salaried,1214,No,Owns,1,7,6,2,9,DEDUCTIBLE,IN-NETWORK,COST IN $,0,1600,200,600,600,2,5,high,low,RISK,3
1,0,0,0,Salaried,2852,Yes,Rents,1,5,5,2,9,DEDUCTIBLE,IN-NETWORK,COST IN $,0,600,1600,200,600,2,5,high,low,RISK,3
0,0,0,0,Bonus,1440,Yes,Owns,4,10,8,2,9,DEDUCTIBLE,IN-NETWORK,COST IN $,200,1600,600,0,600,2,5,high,low,RISK,3
1,0,1,0,Bonus,2951,No,Owns,4,0,4,2,9,DEDUCTIBLE,IN-NETWORK,COST IN $,200,1600,0,600,600,2,5,high,low,RISK,3
2,1,0,2,Salaried,4377,No,Rents,10,19,27,2,10,DEDUCTIBLE,IN-NETWORK,COST IN $,200,1600,0,600,600,2,10,high,low,RISK,3
0,1,1,0,Salaried,1919,No,Owns,10,15,31,2,10,DEDUCTIBLE,IN-NETWORK,COST IN $,1600,0,200,600,600,2,10,high,low,RISK,3
1,1,0,0,Salaried,4671,Yes,Rents,15,12,28,2,10,DEDUCTIBLE,IN-NETWORK,COST IN $,0,600,200,1600,600,2,10,high,low,RISK,3
2,1,0,0,Bonus,1139,No,Owns,13,16,31,2,10,DEDUCTIBLE,IN-NETWORK,COST IN $,1600,600,0,200,600,2,10,high,low,RISK,3
1,1,2,1,Bonus,3085,No,Rents,9,12,39,2,10,DEDUCTIBLE,IN-NETWORK,COST IN $,600,200,0,1600,600,2,10,high,low,RISK,3
0,1,2,0,Salaried,912,Yes,Rents,16,14,30,2,10,DEDUCTIBLE,IN-NETWORK,COST IN $,1600,200,0,600,600,2,10,high,low,RISK,3
1,0,2,1,Hourly,3561,Yes,Owns,12,13,26,2,10,DEDUCTIBLE,IN-NETWORK,COST IN $,200,600,0,1600,600,2,10,high,low,RISK,3
1,2,0,0,Hourly,4350,No,Rents,7,16,37,2,10,DEDUCTIBLE,IN-NETWORK,COST IN $,0,200,600,1600,600,2,10,high,low,RISK,3
2,2,1,2,Salaried,3664,No,Owns,7,16,39,2,10,DEDUCTIBLE,IN-NETWORK,COST IN $,0,600,200,1600,600,2,10,high,low,RISK,3
0,0,0,1,Bonus,1972,Yes,Owns,17,14,30,2,10,DEDUCTIBLE,IN-NETWORK,COST IN $,600,0,1600,200,600,2,10,high,low,RISK,3
1,0,2,2,Salaried,1235,Yes,Rents,14,14,34,2,10,DEDUCTIBLE,IN-NETWORK,COST IN $,600,1600,0,200,600,2,10,high,low,RISK,3
0,2,0,1,Bonus,2294,Yes,Owns,10,19,30,2,10,DEDUCTIBLE,IN-NETWORK,COST IN $,600,200,0,1600,600,2,10,high,low,RISK,3
0,1,2,0,Salaried,4592,Yes,Rents,16,17,35,2,10,DEDUCTIBLE,IN-NETWORK,COST IN $,1600,600,200,0,600,2,10,high,low,RISK,3
0,0,1,1,Hourly,2183,Yes,Owns,6,15,48,2,10,DEDUCTIBLE,IN-NETWORK,COST IN $,200,0,1600,600,600,2,10,high,low,RISK,3
1,1,2,1,Salaried,1622,Yes,Rents,8,12,35,2,10,DEDUCTIBLE,IN-NETWORK,COST IN $,0,200,600,1600,600,2,10,high,low,RISK,3
1,2,1,2,Salaried,4259,Yes,Rents,6,18,32,2,10,DEDUCTIBLE,IN-NETWORK,COST IN $,0,600,1600,200,600,2,10,high,low,RISK,3
2,1,1,2,Salaried,4138,No,Owns,17,13,27,2,10,DEDUCTIBLE,IN-NETWORK,COST IN $,1600,0,200,600,600,2,10,high,low,RISK,3
2,0,1,2,Bonus,2742,No,Owns,17,20,28,2,10,DEDUCTIBLE,IN-NETWORK,COST IN $,600,1600,200,0,600,2,10,high,low,RISK,3
1,1,0,2,Bonus,4027,Yes,Rents,8,14,29,2,10,DEDUCTIBLE,IN-NETWORK,COST IN $,0,600,200,1600,600,2,10,high,low,RISK,3
1,1,0,0,Bonus,3643,No,Rents,16,13,50,2,10,DEDUCTIBLE,IN-NETWORK,COST IN $,1600,0,200,600,600,2,10,high,low,RISK,3
1,0,2,0,Salaried,1855,No,Rents,17,20,35,2,10,DEDUCTIBLE,IN-NETWORK,COST IN $,0,600,1600,200,600,2,10,high,low,RISK,3
1,2,0,1,Bonus,4199,No,Owns,14,17,32,2,10,DEDUCTIBLE,IN-NETWORK,COST IN $,1600,0,600,200,600,2,10,high,low,RISK,3
0,2,1,0,Salaried,358,No,Rents,12,16,31,2,10,DEDUCTIBLE,IN-NETWORK,COST IN $,0,1600,200,600,600,2,10,high,low,RISK,3
1,1,1,1,Salaried,2175,No,Owns,16,20,34,2,10,DEDUCTIBLE,IN-NETWORK,COST IN $,0,600,200,1600,600,2,10,high,low,RISK,3
1,1,0,0,Bonus,2804,No,Owns,11,11,30,2,10,DEDUCTIBLE,IN-NETWORK,COST IN $,1600,200,600,0,600,2,10,high,low,RISK,3
2,1,2,1,Bonus,2793,Yes,Owns,17,19,27,2,10,DEDUCTIBLE,IN-NETWORK,COST IN $,600,0,1600,200,600,2,10,high,low,RISK,3
2,0,2,0,Salaried,1366,No,Owns,14,15,31,2,10,DEDUCTIBLE,IN-NETWORK,COST IN $,200,0,1600,600,600,2,10,high,low,RISK,3
0,1,1,2,Salaried,3990,No,Rents,13,12,28,2,10,DEDUCTIBLE,IN-NETWORK,COST IN $,1600,200,600,0,600,2,10,high,low,RISK,3
0,1,1,0,Salaried,1625,No,Owns,16,16,31,2,10,DEDUCTIBLE,IN-NETWORK,COST IN $,0,600,200,1600,600,2,10,high,low,RISK,3
1,2,0,0,Hourly,1178,No,Owns,5,12,39,2,10,DEDUCTIBLE,IN-NETWORK,COST IN $,600,1600,200,0,600,2,10,high,low,RISK,3
1,1,0,0,Hourly,2665,No,Rents,8,14,30,2,10,DEDUCTIBLE,IN-NETWORK,COST IN $,0,200,600,1600,600,2,10,high,low,RISK,3
1,1,2,0,Hourly,4144,No,Owns,9,13,26,2,10,DEDUCTIBLE,IN-NETWORK,COST IN $,1600,0,200,600,600,2,10,high,low,RISK,3
1,1,2,0,Hourly,2547,Yes,Owns,14,16,37,2,10,DEDUCTIBLE,IN-NETWORK,COST IN $,200,1600,600,0,600,2,10,high,low,RISK,3
1,1,1,0,Hourly,152,Yes,Owns,15,16,39,2,10,DEDUCTIBLE,IN-NETWORK,COST IN $,200,1600,0,600,600,2,10,high,low,RISK,3
0,0,0,0,Bonus,2909,Yes,Rents,9,14,30,2,10,DEDUCTIBLE,IN-NETWORK,COST IN $,0,200,1600,600,600,2,10,high,low,RISK,3
2,2,1,1,Bonus,2404,Yes,Owns,11,14,34,2,10,DEDUCTIBLE,IN-NETWORK,COST IN $,0,600,200,1600,600,2,10,high,low,RISK,3
2,0,1,2,Bonus,144,Yes,Owns,10,19,30,2,10,DEDUCTIBLE,IN-NETWORK,COST IN $,0,200,1600,600,600,2,10,high,low,RISK,3
2,0,1,0,Hourly,2250,No,Owns,11,17,35,2,10,DEDUCTIBLE,IN-NETWORK,COST IN $,200,600,0,1600,600,2,10,high,low,RISK,3
2,0,0,0,Hourly,4826,No,Owns,10,15,48,2,10,DEDUCTIBLE,IN-NETWORK,COST IN $,1600,0,600,200,600,2,10,high,low,RISK,3
1,1,0,0,Salaried,792,No,Owns,12,12,35,2,10,DEDUCTIBLE,IN-NETWORK,COST IN $,600,0,200,1600,600,2,10,high,low,RISK,3
0,2,0,1,Hourly,3429,No,Rents,15,18,32,2,10,DEDUCTIBLE,IN-NETWORK,COST IN $,0,600,200,1600,600,2,10,high,low,RISK,3
0,2,0,1,Hourly,1596,Yes,Owns,11,13,27,2,10,DEDUCTIBLE,IN-NETWORK,COST IN $,600,1600,200,0,600,2,10,high,low,RISK,3
1,1,2,0,Salaried,83,Yes,Owns,7,20,28,2,10,DEDUCTIBLE,IN-NETWORK,COST IN $,200,1600,600,0,600,2,10,high,low,RISK,3
1,2,0,2,Salaried,3601,No,Owns,6,14,29,2,10,DEDUCTIBLE,IN-NETWORK,COST IN $,600,0,1600,200,600,2,10,high,low,RISK,3
1,1,0,1,Bonus,861,No,Owns,15,13,50,2,10,DEDUCTIBLE,IN-NETWORK,COST IN $,1600,200,600,0,600,2,10,high,low,RISK,3
0,2,2,2,Salaried,2240,Yes,Rents,15,20,35,2,10,DEDUCTIBLE,IN-NETWORK,COST IN $,0,1600,600,200,600,2,10,high,low,RISK,3
1,0,0,0,Hourly,2384,No,Rents,6,17,32,2,10,DEDUCTIBLE,IN-NETWORK,COST IN $,600,0,1600,200,600,2,10,high,low,RISK,3
0,0,0,0,Bonus,2363,Yes,Rents,12,16,31,2,10,DEDUCTIBLE,IN-NETWORK,COST IN $,0,200,1600,600,600,2,10,high,low,RISK,3
1,1,2,0,Salaried,4539,No,Owns,10,20,34,2,10,DEDUCTIBLE,IN-NETWORK,COST IN $,1600,200,0,600,600,2,10,high,low,RISK,3
1,1,0,0,Bonus,489,No,Rents,9,11,30,2,10,DEDUCTIBLE,IN-NETWORK,COST IN $,600,1600,200,0,600,2,10,high,low,RISK,3
1,2,0,2,Bonus,4623,Yes,Owns,7,19,27,2,10,DEDUCTIBLE,IN-NETWORK,COST IN $,1600,200,0,600,600,2,10,high,low,RISK,3
1,0,0,0,Salaried,153,Yes,Owns,5,15,31,2,10,DEDUCTIBLE,IN-NETWORK,COST IN $,1600,200,600,0,600,2,10,high,low,RISK,3
0,2,2,1,Salaried,3954,No,Owns,6,12,28,2,10,DEDUCTIBLE,IN-NETWORK,COST IN $,200,600,0,1600,600,2,10,high,low,RISK,3
0,1,0,0,Salaried,4742,No,Rents,5,16,31,2,10,DEDUCTIBLE,IN-NETWORK,COST IN $,600,200,0,1600,600,2,10,high,low,RISK,3
0,0,0,1,Hourly,3289,No,Rents,15,12,39,2,10,DEDUCTIBLE,IN-NETWORK,COST IN $,0,200,600,1600,600,2,10,high,low,RISK,3
0,0,1,1,Bonus,3409,Yes,Rents,13,14,30,2,10,DEDUCTIBLE,IN-NETWORK,COST IN $,200,600,0,1600,600,2,10,high,low,RISK,3
0,0,2,1,Bonus,3179,No,Rents,8,13,26,2,10,DEDUCTIBLE,IN-NETWORK,COST IN $,1600,200,600,0,600,2,10,high,low,RISK,3
0,0,0,1,Bonus,4271,No,Rents,9,16,37,2,10,DEDUCTIBLE,IN-NETWORK,COST IN $,200,0,1600,600,600,2,10,high,low,RISK,3
0,0,0,0,Hourly,4605,Yes,Rents,10,16,39,2,10,DEDUCTIBLE,IN-NETWORK,COST IN $,1600,0,600,200,600,2,10,high,low,RISK,3
0,2,2,2,Salaried,3042,Yes,Rents,6,14,30,2,10,DEDUCTIBLE,IN-NETWORK,COST IN $,0,200,600,1600,600,2,10,high,low,RISK,3
0,2,2,0,Hourly,170,No,Rents,16,14,34,2,10,DEDUCTIBLE,IN-NETWORK,COST IN $,600,0,1600,200,600,2,10,high,low,RISK,3
0,1,0,2,Salaried,2062,No,Rents,7,19,30,2,10,DEDUCTIBLE,IN-NETWORK,COST IN $,600,200,1600,0,600,2,10,high,low,RISK,3
1,1,2,2,Bonus,1962,No,Rents,5,17,35,2,10,DEDUCTIBLE,IN-NETWORK,COST IN $,0,1600,600,200,600,2,10,high,low,RISK,3
0,0,0,0,Bonus,1006,No,Owns,11,15,48,2,10,DEDUCTIBLE,IN-NETWORK,COST IN $,600,200,1600,0,600,2,10,high,low,RISK,3
0,2,1,2,Salaried,4555,No,Rents,8,12,35,2,10,DEDUCTIBLE,IN-NETWORK,COST IN $,1600,200,0,600,600,2,10,high,low,RISK,3
2,1,1,0,Bonus,458,No,Rents,10,18,32,2,10,DEDUCTIBLE,IN-NETWORK,COST IN $,200,1600,0,600,600,2,10,high,low,RISK,3
2,0,2,1,Hourly,1593,No,Owns,5,13,27,2,10,DEDUCTIBLE,IN-NETWORK,COST IN $,600,200,0,1600,600,2,10,high,low,RISK,3
0,2,0,1,Hourly,4519,Yes,Owns,11,20,28,2,10,DEDUCTIBLE,IN-NETWORK,COST IN $,200,1600,0,600,600,2,10,high,low,RISK,3
0,1,0,0,Bonus,2639,No,Rents,5,14,29,2,10,DEDUCTIBLE,IN-NETWORK,COST IN $,200,600,1600,0,600,2,10,high,low,RISK,3
0,0,2,1,Hourly,2563,Yes,Rents,15,13,50,2,10,DEDUCTIBLE,IN-NETWORK,COST IN $,200,600,1600,0,600,2,10,high,low,RISK,3
0,1,2,1,Bonus,2810,Yes,Owns,15,20,35,2,10,DEDUCTIBLE,IN-NETWORK,COST IN $,200,1600,600,0,600,2,10,high,low,RISK,3
1,1,0,1,Hourly,2954,Yes,Owns,18,17,32,2,10,DEDUCTIBLE,IN-NETWORK,COST IN $,200,1600,600,0,600,2,10,high,low,RISK,3
1,0,2,0,Hourly,2299,Yes,Owns,13,16,31,2,10,DEDUCTIBLE,IN-NETWORK,COST IN $,1600,200,0,600,600,2,10,high,low,RISK,3
0,0,1,2,Hourly,1155,No,Rents,6,20,34,2,10,DEDUCTIBLE,IN-NETWORK,COST IN $,200,1600,600,0,600,2,10,high,low,RISK,3
1,0,2,0,Bonus,1856,Yes,Rents,14,11,30,2,10,DEDUCTIBLE,IN-NETWORK,COST IN $,0,1600,600,200,600,2,10,high,low,RISK,3
2,1,1,0,Salaried,3352,Yes,Rents,6,19,27,2,10,DEDUCTIBLE,IN-NETWORK,COST IN $,1600,0,200,600,600,2,10,high,low,RISK,3
2,0,0,1,Hourly,3735,Yes,Owns,15,15,31,2,10,DEDUCTIBLE,IN-NETWORK,COST IN $,200,1600,600,0,600,2,10,high,low,RISK,3
2,1,0,2,Salaried,1125,Yes,Rents,6,12,28,2,10,DEDUCTIBLE,IN-NETWORK,COST IN $,0,600,200,1600,600,2,10,high,low,RISK,3
2,0,1,0,Bonus,4695,No,Owns,5,16,31,2,10,DEDUCTIBLE,IN-NETWORK,COST IN $,1600,600,200,0,600,2,10,high,low,RISK,3
1,1,1,1,Salaried,1210,No,Rents,17,12,39,2,10,DEDUCTIBLE,IN-NETWORK,COST IN $,0,600,200,1600,600,2,10,high,low,RISK,3
1,2,1,0,Bonus,3149,No,Owns,6,14,30,2,10,DEDUCTIBLE,IN-NETWORK,COST IN $,600,200,0,1600,600,2,10,high,low,RISK,3
1,1,1,1,Bonus,3757,No,Rents,6,13,26,2,10,DEDUCTIBLE,IN-NETWORK,COST IN $,200,600,1600,0,600,2,10,high,low,RISK,3
1,0,2,1,Salaried,4038,Yes,Rents,12,16,37,2,10,DEDUCTIBLE,IN-NETWORK,COST IN $,200,600,0,1600,600,2,10,high,low,RISK,3
0,0,0,2,Bonus,381,No,Owns,8,16,39,2,10,DEDUCTIBLE,IN-NETWORK,COST IN $,0,1600,600,200,600,2,10,high,low,RISK,3
0,0,1,1,Hourly,2879,Yes,Rents,16,14,30,2,10,DEDUCTIBLE,IN-NETWORK,COST IN $,200,1600,0,600,600,2,10,high,low,RISK,3
1,2,0,0,Hourly,2246,No,Owns,17,14,34,2,10,DEDUCTIBLE,IN-NETWORK,COST IN $,1600,200,600,0,600,2,10,high,low,RISK,3
0,2,1,0,Hourly,3337,No,Rents,7,19,30,2,10,DEDUCTIBLE,IN-NETWORK,COST IN $,0,600,1600,200,600,2,10,high,low,RISK,3
1,1,1,1,Hourly,874,No,Owns,17,17,35,2,10,DEDUCTIBLE,IN-NETWORK,COST IN $,600,0,1600,200,600,2,10,high,low,RISK,3
0,1,0,0,Hourly,4470,Yes,Owns,6,15,48,2,10,DEDUCTIBLE,IN-NETWORK,COST IN $,200,600,0,1600,600,2,10,high,low,RISK,3
2,0,1,1,Hourly,3252,Yes,Owns,10,12,35,2,10,DEDUCTIBLE,IN-NETWORK,COST IN $,1600,0,600,200,600,2,10,high,low,RISK,3
0,2,0,1,Hourly,176,Yes,Rents,9,18,32,2,10,DEDUCTIBLE,IN-NETWORK,COST IN $,600,0,1600,200,600,2,10,high,low,RISK,3
1,0,2,0,Hourly,3681,Yes,Owns,6,13,27,2,10,DEDUCTIBLE,IN-NETWORK,COST IN $,200,0,1600,600,600,2,10,high,low,RISK,3
1,2,1,2,Hourly,1019,Yes,Owns,15,20,28,2,10,DEDUCTIBLE,IN-NETWORK,COST IN $,600,1600,0,200,600,2,10,high,low,RISK,3
1,2,1,1,Bonus,4493,Yes,Owns,18,14,29,2,10,DEDUCTIBLE,IN-NETWORK,COST IN $,0,600,200,1600,600,2,10,high,low,RISK,3
1,2,2,0,Salaried,1012,Yes,Owns,15,13,50,2,10,DEDUCTIBLE,IN-NETWORK,COST IN $,0,1600,600,200,600,2,10,high,low,RISK,3
0,0,1,1,Bonus,1248,Yes,Rents,7,20,35,2,10,DEDUCTIBLE,IN-NETWORK,COST IN $,1600,0,600,200,600,2,10,high,low,RISK,3
0,0,1,0,Salaried,1214,No,Owns,6,17,32,2,10,DEDUCTIBLE,IN-NETWORK,COST IN $,200,0,1600,600,600,2,10,high,low,RISK,3
1,0,1,0,Salaried,2852,Yes,Rents,6,16,31,2,10,DEDUCTIBLE,IN-NETWORK,COST IN $,600,200,0,1600,600,2,10,high,low,RISK,3
1,0,0,0,Bonus,1440,Yes,Owns,10,20,34,2,10,DEDUCTIBLE,IN-NETWORK,COST IN $,1600,0,200,600,600,2,10,high,low,RISK,3
1,0,1,0,Bonus,2951,No,Owns,11,11,30,2,10,DEDUCTIBLE,IN-NETWORK,COST IN $,200,0,1600,600,600,2,10,high,low,RISK,3
3,2,1,3,Salaried,4377,No,Rents,24,48,52,2,11,DEDUCTIBLE,IN-NETWORK,COST IN $,0,600,200,1600,200,3,20,high,low,RISK,3
1,1,2,1,Salaried,1919,No,Owns,25,33,56,2,11,DEDUCTIBLE,IN-NETWORK,COST IN $,200,600,0,1600,200,3,20,high,low,RISK,3
2,2,1,1,Salaried,4671,Yes,Rents,33,23,53,2,11,DEDUCTIBLE,IN-NETWORK,COST IN $,200,0,600,1600,200,3,20,high,low,RISK,3
3,2,1,1,Bonus,1139,No,Owns,29,38,56,2,11,DEDUCTIBLE,IN-NETWORK,COST IN $,0,1600,600,200,200,3,20,high,low,RISK,3
1,2,3,2,Bonus,3085,No,Rents,23,24,64,2,11,DEDUCTIBLE,IN-NETWORK,COST IN $,600,0,1600,200,200,3,20,high,low,RISK,3
1,2,3,1,Salaried,912,Yes,Rents,37,29,55,2,11,DEDUCTIBLE,IN-NETWORK,COST IN $,600,0,1600,200,200,3,20,high,low,RISK,3
2,1,3,2,Hourly,3561,Yes,Owns,28,26,51,2,11,DEDUCTIBLE,IN-NETWORK,COST IN $,0,600,200,1600,200,3,20,high,low,RISK,3
2,3,1,1,Hourly,4350,No,Rents,19,36,62,2,11,DEDUCTIBLE,IN-NETWORK,COST IN $,1600,0,200,600,200,3,20,high,low,RISK,3
3,3,2,3,Salaried,3664,No,Owns,18,38,64,2,11,DEDUCTIBLE,IN-NETWORK,COST IN $,0,600,200,1600,200,3,20,high,low,RISK,3
1,1,1,1,Bonus,1972,Yes,Owns,38,31,55,2,11,DEDUCTIBLE,IN-NETWORK,COST IN $,1600,200,600,0,200,3,20,high,low,RISK,3
1,1,3,3,Salaried,1235,Yes,Rents,32,31,59,2,11,DEDUCTIBLE,IN-NETWORK,COST IN $,200,0,600,1600,200,3,20,high,low,RISK,3
1,3,1,2,Bonus,2294,Yes,Owns,25,47,55,2,11,DEDUCTIBLE,IN-NETWORK,COST IN $,600,1600,0,200,200,3,20,high,low,RISK,3
1,2,3,1,Salaried,4592,Yes,Rents,37,41,60,2,11,DEDUCTIBLE,IN-NETWORK,COST IN $,0,600,200,1600,200,3,20,high,low,RISK,3
1,1,1,2,Hourly,2183,Yes,Owns,16,35,73,2,11,DEDUCTIBLE,IN-NETWORK,COST IN $,200,600,0,1600,200,3,20,high,low,RISK,3
2,2,3,2,Salaried,1622,Yes,Rents,21,24,60,2,11,DEDUCTIBLE,IN-NETWORK,COST IN $,1600,0,600,200,200,3,20,high,low,RISK,3
2,3,1,3,Salaried,4259,Yes,Rents,17,43,57,2,11,DEDUCTIBLE,IN-NETWORK,COST IN $,600,1600,0,200,200,3,20,high,low,RISK,3
3,2,2,3,Salaried,4138,No,Owns,37,25,52,2,11,DEDUCTIBLE,IN-NETWORK,COST IN $,600,1600,200,0,200,3,20,high,low,RISK,3
3,1,2,3,Bonus,2742,No,Owns,39,50,53,2,11,DEDUCTIBLE,IN-NETWORK,COST IN $,600,0,200,1600,200,3,20,high,low,RISK,3
1,1,1,3,Bonus,4027,Yes,Rents,21,31,54,2,11,DEDUCTIBLE,IN-NETWORK,COST IN $,200,0,600,1600,200,3,20,high,low,RISK,3
2,2,1,1,Bonus,3643,No,Rents,35,26,75,2,11,DEDUCTIBLE,IN-NETWORK,COST IN $,600,1600,0,200,200,3,20,high,low,RISK,3
2,1,3,1,Salaried,1855,No,Rents,39,49,60,2,11,DEDUCTIBLE,IN-NETWORK,COST IN $,1600,600,0,200,200,3,20,high,low,RISK,3
1,3,1,1,Bonus,4199,No,Owns,33,40,57,2,11,DEDUCTIBLE,IN-NETWORK,COST IN $,200,600,0,1600,200,3,20,high,low,RISK,3
1,3,2,1,Salaried,358,No,Rents,28,36,56,2,11,DEDUCTIBLE,IN-NETWORK,COST IN $,600,200,1600,0,200,3,20,high,low,RISK,3
2,2,2,1,Salaried,2175,No,Owns,35,49,59,2,11,DEDUCTIBLE,IN-NETWORK,COST IN $,0,600,200,1600,200,3,20,high,low,RISK,3
2,2,1,1,Bonus,2804,No,Owns,26,20,55,2,11,DEDUCTIBLE,IN-NETWORK,COST IN $,200,600,1600,0,200,3,20,high,low,RISK,3
3,3,3,2,Bonus,2793,Yes,Owns,39,48,52,2,11,DEDUCTIBLE,IN-NETWORK,COST IN $,0,200,600,1600,200,3,20,high,low,RISK,3
3,1,3,1,Salaried,1366,No,Owns,32,33,56,2,11,DEDUCTIBLE,IN-NETWORK,COST IN $,200,1600,0,600,200,3,20,high,low,RISK,3
1,2,2,3,Salaried,3990,No,Rents,30,23,53,2,11,DEDUCTIBLE,IN-NETWORK,COST IN $,600,0,200,1600,200,3,20,high,low,RISK,3
1,2,2,1,Salaried,1625,No,Owns,36,38,56,2,11,DEDUCTIBLE,IN-NETWORK,COST IN $,600,1600,0,200,200,3,20,high,low,RISK,3
2,3,1,1,Hourly,1178,No,Owns,15,24,64,2,11,DEDUCTIBLE,IN-NETWORK,COST IN $,200,600,0,1600,200,3,20,high,low,RISK,3
2,1,1,1,Hourly,2665,No,Rents,20,29,55,2,11,DEDUCTIBLE,IN-NETWORK,COST IN $,600,1600,0,200,200,3,20,high,low,RISK,3
2,3,3,1,Hourly,4144,No,Owns,23,26,51,2,11,DEDUCTIBLE,IN-NETWORK,COST IN $,0,200,1600,600,200,3,20,high,low,RISK,3
2,2,3,1,Hourly,2547,Yes,Owns,32,36,62,2,11,DEDUCTIBLE,IN-NETWORK,COST IN $,1600,600,200,0,200,3,20,high,low,RISK,3
2,1,2,1,Hourly,152,Yes,Owns,34,38,64,2,11,DEDUCTIBLE,IN-NETWORK,COST IN $,1600,200,0,600,200,3,20,high,low,RISK,3
1,1,1,1,Bonus,2909,Yes,Rents,23,31,55,2,11,DEDUCTIBLE,IN-NETWORK,COST IN $,200,1600,0,600,200,3,20,high,low,RISK,3
3,3,2,2,Bonus,2404,Yes,Owns,27,31,59,2,11,DEDUCTIBLE,IN-NETWORK,COST IN $,600,200,0,1600,200,3,20,high,low,RISK,3
3,1,2,3,Bonus,144,Yes,Owns,24,47,55,2,11,DEDUCTIBLE,IN-NETWORK,COST IN $,0,600,1600,200,200,3,20,high,low,RISK,3
3,1,2,1,Hourly,2250,No,Owns,26,41,60,2,11,DEDUCTIBLE,IN-NETWORK,COST IN $,0,200,600,1600,200,3,20,high,low,RISK,3
3,1,1,1,Hourly,4826,No,Owns,25,35,73,2,11,DEDUCTIBLE,IN-NETWORK,COST IN $,600,200,1600,0,200,3,20,high,low,RISK,3
2,2,1,1,Salaried,792,No,Owns,28,24,60,2,11,DEDUCTIBLE,IN-NETWORK,COST IN $,1600,600,0,200,200,3,20,high,low,RISK,3
1,3,1,2,Hourly,3429,No,Rents,34,43,57,2,11,DEDUCTIBLE,IN-NETWORK,COST IN $,200,1600,0,600,200,3,20,high,low,RISK,3
1,3,1,2,Hourly,1596,Yes,Owns,27,25,52,2,11,DEDUCTIBLE,IN-NETWORK,COST IN $,200,0,1600,600,200,3,20,high,low,RISK,3
2,3,3,1,Salaried,83,Yes,Owns,19,50,53,2,11,DEDUCTIBLE,IN-NETWORK,COST IN $,600,1600,200,0,200,3,20,high,low,RISK,3
2,3,1,3,Salaried,3601,No,Owns,17,31,54,2,11,DEDUCTIBLE,IN-NETWORK,COST IN $,200,0,600,1600,200,3,20,high,low,RISK,3
2,2,1,2,Bonus,861,No,Owns,34,26,75,2,11,DEDUCTIBLE,IN-NETWORK,COST IN $,200,0,1600,600,200,3,20,high,low,RISK,3
1,3,3,3,Salaried,2240,Yes,Rents,35,49,60,2,11,DEDUCTIBLE,IN-NETWORK,COST IN $,200,600,1600,0,200,3,20,high,low,RISK,3
1,1,1,1,Hourly,2384,No,Rents,17,40,57,2,11,DEDUCTIBLE,IN-NETWORK,COST IN $,600,1600,0,200,200,3,20,high,low,RISK,3
1,1,1,1,Bonus,2363,Yes,Rents,29,36,56,2,11,DEDUCTIBLE,IN-NETWORK,COST IN $,600,0,200,1600,200,3,20,high,low,RISK,3
2,1,3,1,Salaried,4539,No,Owns,24,49,59,2,11,DEDUCTIBLE,IN-NETWORK,COST IN $,1600,0,600,200,200,3,20,high,low,RISK,3
2,1,1,1,Bonus,489,No,Rents,23,20,55,2,11,DEDUCTIBLE,IN-NETWORK,COST IN $,1600,200,600,0,200,3,20,high,low,RISK,3
2,3,1,3,Bonus,4623,Yes,Owns,19,48,52,2,11,DEDUCTIBLE,IN-NETWORK,COST IN $,0,600,200,1600,200,3,20,high,low,RISK,3
2,1,1,1,Salaried,153,Yes,Owns,15,33,56,2,11,DEDUCTIBLE,IN-NETWORK,COST IN $,0,600,200,1600,200,3,20,high,low,RISK,3
1,3,3,2,Salaried,3954,No,Owns,17,23,53,2,11,DEDUCTIBLE,IN-NETWORK,COST IN $,600,1600,0,200,200,3,20,high,low,RISK,3
1,2,1,1,Salaried,4742,No,Rents,15,38,56,2,11,DEDUCTIBLE,IN-NETWORK,COST IN $,600,0,200,1600,200,3,20,high,low,RISK,3
1,1,1,2,Hourly,3289,No,Rents,35,24,64,2,11,DEDUCTIBLE,IN-NETWORK,COST IN $,600,0,1600,200,200,3,20,high,low,RISK,3
1,1,2,2,Bonus,3409,Yes,Rents,30,29,55,2,11,DEDUCTIBLE,IN-NETWORK,COST IN $,0,200,600,1600,200,3,20,high,low,RISK,3
1,1,3,2,Bonus,3179,No,Rents,21,26,51,2,11,DEDUCTIBLE,IN-NETWORK,COST IN $,0,600,1600,200,200,3,20,high,low,RISK,3
1,1,1,2,Bonus,4271,No,Rents,22,36,62,2,11,DEDUCTIBLE,IN-NETWORK,COST IN $,600,200,0,1600,200,3,20,high,low,RISK,3
1,1,1,1,Hourly,4605,Yes,Rents,24,38,64,2,11,DEDUCTIBLE,IN-NETWORK,COST IN $,200,0,600,1600,200,3,20,high,low,RISK,3
1,3,3,3,Salaried,3042,Yes,Rents,16,31,55,2,11,DEDUCTIBLE,IN-NETWORK,COST IN $,0,600,200,1600,200,3,20,high,low,RISK,3
1,3,3,1,Hourly,170,No,Rents,37,31,59,2,11,DEDUCTIBLE,IN-NETWORK,COST IN $,600,200,0,1600,200,3,20,high,low,RISK,3
1,1,1,3,Salaried,2062,No,Rents,20,47,55,2,11,DEDUCTIBLE,IN-NETWORK,COST IN $,600,1600,0,200,200,3,20,high,low,RISK,3
2,2,3,3,Bonus,1962,No,Rents,15,41,60,2,11,DEDUCTIBLE,IN-NETWORK,COST IN $,0,1600,600,200,200,3,20,high,low,RISK,3
1,1,1,1,Bonus,1006,No,Owns,27,35,73,2,11,DEDUCTIBLE,IN-NETWORK,COST IN $,1600,0,600,200,200,3,20,high,low,RISK,3
1,3,2,3,Salaried,4555,No,Rents,20,24,60,2,11,DEDUCTIBLE,IN-NETWORK,COST IN $,200,600,1600,0,200,3,20,high,low,RISK,3
3,1,2,1,Bonus,458,No,Rents,25,43,57,2,11,DEDUCTIBLE,IN-NETWORK,COST IN $,1600,200,600,0,200,3,20,high,low,RISK,3
3,1,3,1,Hourly,1593,No,Owns,16,25,52,2,11,DEDUCTIBLE,IN-NETWORK,COST IN $,200,600,0,1600,200,3,20,high,low,RISK,3
1,3,1,2,Hourly,4519,Yes,Owns,26,50,53,2,11,DEDUCTIBLE,IN-NETWORK,COST IN $,200,600,1600,0,200,3,20,high,low,RISK,3
1,2,1,1,Bonus,2639,No,Rents,16,31,54,2,11,DEDUCTIBLE,IN-NETWORK,COST IN $,600,200,0,1600,200,3,20,high,low,RISK,3
1,1,3,1,Hourly,2563,Yes,Rents,35,26,75,2,11,DEDUCTIBLE,IN-NETWORK,COST IN $,600,0,200,1600,200,3,20,high,low,RISK,3
1,2,3,2,Bonus,2810,Yes,Owns,35,49,60,2,11,DEDUCTIBLE,IN-NETWORK,COST IN $,600,0,200,1600,200,3,20,high,low,RISK,3
2,2,1,2,Hourly,2954,Yes,Owns,39,40,57,2,11,DEDUCTIBLE,IN-NETWORK,COST IN $,200,1600,0,600,200,3,20,high,low,RISK,3
2,1,3,1,Hourly,2299,Yes,Owns,31,36,56,2,11,DEDUCTIBLE,IN-NETWORK,COST IN $,200,600,1600,0,200,3,20,high,low,RISK,3
1,1,2,3,Hourly,1155,No,Rents,16,49,59,2,11,DEDUCTIBLE,IN-NETWORK,COST IN $,600,0,1600,200,200,3,20,high,low,RISK,3
2,1,3,1,Bonus,1856,Yes,Rents,31,20,55,2,11,DEDUCTIBLE,IN-NETWORK,COST IN $,1600,600,200,0,200,3,20,high,low,RISK,3
3,2,2,1,Salaried,3352,Yes,Rents,18,48,52,2,11,DEDUCTIBLE,IN-NETWORK,COST IN $,0,1600,600,200,200,3,20,high,low,RISK,3
3,1,1,2,Hourly,3735,Yes,Owns,34,33,56,2,11,DEDUCTIBLE,IN-NETWORK,COST IN $,600,200,1600,0,200,3,20,high,low,RISK,3
3,2,1,3,Salaried,1125,Yes,Rents,18,23,53,2,11,DEDUCTIBLE,IN-NETWORK,COST IN $,0,600,200,1600,200,3,20,high,low,RISK,3
3,1,2,1,Bonus,4695,No,Owns,15,38,56,2,11,DEDUCTIBLE,IN-NETWORK,COST IN $,1600,600,200,0,200,3,20,high,low,RISK,3
2,2,2,2,Salaried,1210,No,Rents,38,24,64,2,11,DEDUCTIBLE,IN-NETWORK,COST IN $,200,600,0,1600,200,3,20,high,low,RISK,3
2,3,2,1,Bonus,3149,No,Owns,17,29,55,2,11,DEDUCTIBLE,IN-NETWORK,COST IN $,1600,200,600,0,200,3,20,high,low,RISK,3
3,1,3,2,Salaried,4038,Yes,Rents,28,36,62,2,11,DEDUCTIBLE,IN-NETWORK,COST IN $,0,200,600,1600,200,3,20,high,low,RISK,3
1,1,1,3,Bonus,381,No,Owns,20,38,64,2,11,DEDUCTIBLE,IN-NETWORK,COST IN $,0,200,1600,600,200,3,20,high,low,RISK,3
1,1,1,2,Hourly,2879,Yes,Rents,37,31,55,2,11,DEDUCTIBLE,IN-NETWORK,COST IN $,0,600,1600,200,200,3,20,high,low,RISK,3
2,3,1,1,Hourly,2246,No,Owns,38,31,59,2,11,DEDUCTIBLE,IN-NETWORK,COST IN $,0,600,200,1600,200,3,20,high,low,RISK,3
1,3,2,1,Hourly,3337,No,Rents,18,47,55,2,11,DEDUCTIBLE,IN-NETWORK,COST IN $,1600,600,200,0,200,3,20,high,low,RISK,3
2,2,1,2,Hourly,874,No,Owns,38,41,60,2,11,DEDUCTIBLE,IN-NETWORK,COST IN $,600,1600,200,0,200,3,20,high,low,RISK,3
1,2,1,1,Hourly,4470,Yes,Owns,16,35,73,2,11,DEDUCTIBLE,IN-NETWORK,COST IN $,600,200,1600,0,200,3,20,high,low,RISK,3
3,1,3,1,Hourly,3252,Yes,Owns,24,24,60,2,11,DEDUCTIBLE,IN-NETWORK,COST IN $,200,600,0,1600,200,3,20,high,low,RISK,3
1,3,1,2,Hourly,176,Yes,Rents,23,43,57,2,11,DEDUCTIBLE,IN-NETWORK,COST IN $,600,0,1600,200,200,3,20,high,low,RISK,3
2,1,3,1,Hourly,3681,Yes,Owns,17,25,52,2,11,DEDUCTIBLE,IN-NETWORK,COST IN $,0,600,200,1600,200,3,20,high,low,RISK,3
1,3,2,1,Bonus,4493,Yes,Owns,39,31,54,2,11,DEDUCTIBLE,IN-NETWORK,COST IN $,200,600,1600,0,200,3,20,high,low,RISK,3
1,3,3,1,Salaried,1012,Yes,Owns,34,26,75,2,11,DEDUCTIBLE,IN-NETWORK,COST IN $,1600,600,200,0,200,3,20,high,low,RISK,3
1,1,2,1,Bonus,1248,Yes,Rents,18,49,60,2,11,DEDUCTIBLE,IN-NETWORK,COST IN $,200,1600,600,0,200,3,20,high,low,RISK,3
1,1,2,1,Salaried,1214,No,Owns,17,40,57,2,11,DEDUCTIBLE,IN-NETWORK,COST IN $,600,0,1600,200,200,3,20,high,low,RISK,3
2,1,1,1,Salaried,2852,Yes,Rents,18,36,56,2,11,DEDUCTIBLE,IN-NETWORK,COST IN $,200,1600,0,600,200,3,20,high,low,RISK,3
2,1,1,1,Bonus,1440,Yes,Owns,24,49,59,2,11,DEDUCTIBLE,IN-NETWORK,COST IN $,200,600,0,1600,200,3,20,high,low,RISK,3
3,1,3,1,Bonus,2951,No,Owns,26,20,55,2,11,DEDUCTIBLE,IN-NETWORK,COST IN $,0,200,1600,600,200,3,20,high,low,RISK,3
4,3,2,4,Salaried,4377,No,Rents,46,73,76,2,12,DEDUCTIBLE,IN-NETWORK,COST IN $,0,1600,600,200,200,3,50,high,low,RISK,3
2,3,4,2,Salaried,1919,No,Owns,48,61,80,2,12,DEDUCTIBLE,IN-NETWORK,COST IN $,200,1600,600,0,200,3,50,high,low,RISK,3
4,4,3,2,Salaried,4671,Yes,Rents,57,53,77,2,12,DEDUCTIBLE,IN-NETWORK,COST IN $,0,600,200,1600,200,3,50,high,low,RISK,3
4,4,2,2,Bonus,1139,No,Owns,52,65,80,2,12,DEDUCTIBLE,IN-NETWORK,COST IN $,0,200,1600,600,200,3,50,high,low,RISK,3
3,4,4,3,Bonus,3085,No,Rents,45,54,88,2,12,DEDUCTIBLE,IN-NETWORK,COST IN $,600,200,0,1600,200,3,50,high,low,RISK,3
3,4,4,3,Salaried,912,Yes,Rents,61,58,79,2,12,DEDUCTIBLE,IN-NETWORK,COST IN $,600,1600,0,200,200,3,50,high,low,RISK,3
4,3,4,3,Hourly,3561,Yes,Owns,51,56,75,2,12,DEDUCTIBLE,IN-NETWORK,COST IN $,0,1600,200,600,200,3,50,high,low,RISK,3
4,4,2,2,Hourly,4350,No,Rents,40,64,87,2,12,DEDUCTIBLE,IN-NETWORK,COST IN $,200,0,600,1600,200,3,50,high,low,RISK,3
4,4,4,4,Salaried,3664,No,Owns,39,65,88,2,12,DEDUCTIBLE,IN-NETWORK,COST IN $,1600,600,200,0,200,3,50,high,low,RISK,3
2,3,3,3,Bonus,1972,Yes,Owns,62,60,80,2,12,DEDUCTIBLE,IN-NETWORK,COST IN $,1600,600,200,0,200,3,50,high,low,RISK,3
3,2,4,4,Salaried,1235,Yes,Rents,55,60,83,2,12,DEDUCTIBLE,IN-NETWORK,COST IN $,200,600,1600,0,200,3,50,high,low,RISK,3
2,4,3,3,Bonus,2294,Yes,Owns,47,72,79,2,12,DEDUCTIBLE,IN-NETWORK,COST IN $,200,1600,0,600,200,3,50,high,low,RISK,3
2,3,4,3,Salaried,4592,Yes,Rents,62,68,84,2,12,DEDUCTIBLE,IN-NETWORK,COST IN $,0,200,1600,600,200,3,50,high,low,RISK,3
3,3,3,4,Hourly,2183,Yes,Owns,37,63,98,2,12,DEDUCTIBLE,IN-NETWORK,COST IN $,200,1600,0,600,200,3,50,high,low,RISK,3
3,3,4,3,Salaried,1622,Yes,Rents,42,55,84,2,12,DEDUCTIBLE,IN-NETWORK,COST IN $,200,0,600,1600,200,3,50,high,low,RISK,3
3,4,3,4,Salaried,4259,Yes,Rents,37,70,81,2,12,DEDUCTIBLE,IN-NETWORK,COST IN $,1600,600,200,0,200,3,50,high,low,RISK,3
4,3,3,4,Salaried,4138,No,Owns,62,55,76,2,12,DEDUCTIBLE,IN-NETWORK,COST IN $,200,0,1600,600,200,3,50,high,low,RISK,3
4,3,4,4,Bonus,2742,No,Owns,64,75,77,2,12,DEDUCTIBLE,IN-NETWORK,COST IN $,0,1600,200,600,200,3,50,high,low,RISK,3
3,3,3,4,Bonus,4027,Yes,Rents,43,60,78,2,12,DEDUCTIBLE,IN-NETWORK,COST IN $,200,600,1600,0,200,3,50,high,low,RISK,3
4,4,2,2,Bonus,3643,No,Rents,59,56,100,2,12,DEDUCTIBLE,IN-NETWORK,COST IN $,200,1600,600,0,200,3,50,high,low,RISK,3
4,2,4,2,Salaried,1855,No,Rents,63,74,85,2,12,DEDUCTIBLE,IN-NETWORK,COST IN $,0,200,600,1600,200,3,50,high,low,RISK,3
3,4,2,3,Bonus,4199,No,Owns,57,67,81,2,12,DEDUCTIBLE,IN-NETWORK,COST IN $,600,200,1600,0,200,3,50,high,low,RISK,3
3,4,3,2,Salaried,358,No,Rents,50,64,80,2,12,DEDUCTIBLE,IN-NETWORK,COST IN $,0,200,600,1600,200,3,50,high,low,RISK,3
4,3,4,3,Salaried,2175,No,Owns,59,75,83,2,12,DEDUCTIBLE,IN-NETWORK,COST IN $,600,1600,0,200,200,3,50,high,low,RISK,3
4,4,2,2,Bonus,2804,No,Owns,48,51,79,2,12,DEDUCTIBLE,IN-NETWORK,COST IN $,600,1600,200,0,200,3,50,high,low,RISK,3
4,4,4,4,Bonus,2793,Yes,Owns,63,73,76,2,12,DEDUCTIBLE,IN-NETWORK,COST IN $,600,200,0,1600,200,3,50,high,low,RISK,3
4,3,4,2,Salaried,1366,No,Owns,56,61,80,2,12,DEDUCTIBLE,IN-NETWORK,COST IN $,0,600,200,1600,200,3,50,high,low,RISK,3
2,4,4,4,Salaried,3990,No,Rents,53,53,77,2,12,DEDUCTIBLE,IN-NETWORK,COST IN $,200,0,600,1600,200,3,50,high,low,RISK,3
2,4,3,3,Salaried,1625,No,Owns,60,65,80,2,12,DEDUCTIBLE,IN-NETWORK,COST IN $,200,1600,600,0,200,3,50,high,low,RISK,3
4,4,3,3,Hourly,1178,No,Owns,35,54,88,2,12,DEDUCTIBLE,IN-NETWORK,COST IN $,600,0,1600,200,200,3,50,high,low,RISK,3
3,3,2,2,Hourly,2665,No,Rents,41,58,79,2,12,DEDUCTIBLE,IN-NETWORK,COST IN $,200,1600,0,600,200,3,50,high,low,RISK,3
4,4,4,2,Hourly,4144,No,Owns,44,56,75,2,12,DEDUCTIBLE,IN-NETWORK,COST IN $,600,0,1600,200,200,3,50,high,low,RISK,3
3,3,4,3,Hourly,2547,Yes,Owns,55,64,87,2,12,DEDUCTIBLE,IN-NETWORK,COST IN $,0,1600,200,600,200,3,50,high,low,RISK,3
4,3,4,2,Hourly,152,Yes,Owns,58,65,88,2,12,DEDUCTIBLE,IN-NETWORK,COST IN $,600,200,1600,0,200,3,50,high,low,RISK,3
3,2,2,3,Bonus,2909,Yes,Rents,45,60,80,2,12,DEDUCTIBLE,IN-NETWORK,COST IN $,0,1600,600,200,200,3,50,high,low,RISK,3
4,4,3,3,Bonus,2404,Yes,Owns,49,60,83,2,12,DEDUCTIBLE,IN-NETWORK,COST IN $,1600,600,0,200,200,3,50,high,low,RISK,3
4,2,4,4,Bonus,144,Yes,Owns,46,72,79,2,12,DEDUCTIBLE,IN-NETWORK,COST IN $,600,200,1600,0,200,3,50,high,low,RISK,3
4,2,4,2,Hourly,2250,No,Owns,48,68,84,2,12,DEDUCTIBLE,IN-NETWORK,COST IN $,200,0,600,1600,200,3,50,high,low,RISK,3
4,3,3,3,Hourly,4826,No,Owns,47,63,98,2,12,DEDUCTIBLE,IN-NETWORK,COST IN $,1600,0,200,600,200,3,50,high,low,RISK,3
4,4,2,3,Salaried,792,No,Owns,50,55,84,2,12,DEDUCTIBLE,IN-NETWORK,COST IN $,1600,600,200,0,200,3,50,high,low,RISK,3
2,4,2,3,Hourly,3429,No,Rents,58,70,81,2,12,DEDUCTIBLE,IN-NETWORK,COST IN $,600,200,1600,0,200,3,50,high,low,RISK,3
3,4,3,4,Hourly,1596,Yes,Owns,50,55,76,2,12,DEDUCTIBLE,IN-NETWORK,COST IN $,600,1600,0,200,200,3,50,high,low,RISK,3
4,4,4,3,Salaried,83,Yes,Owns,40,75,77,2,12,DEDUCTIBLE,IN-NETWORK,COST IN $,600,0,200,1600,200,3,50,high,low,RISK,3
4,4,3,4,Salaried,3601,No,Owns,38,60,78,2,12,DEDUCTIBLE,IN-NETWORK,COST IN $,600,0,1600,200,200,3,50,high,low,RISK,3
3,4,2,4,Bonus,861,No,Owns,58,56,100,2,12,DEDUCTIBLE,IN-NETWORK,COST IN $,200,0,1600,600,200,3,50,high,low,RISK,3
2,4,4,4,Salaried,2240,Yes,Rents,59,74,85,2,12,DEDUCTIBLE,IN-NETWORK,COST IN $,200,1600,0,600,200,3,50,high,low,RISK,3
3,3,2,2,Hourly,2384,No,Rents,37,67,81,2,12,DEDUCTIBLE,IN-NETWORK,COST IN $,0,600,200,1600,200,3,50,high,low,RISK,3
2,2,3,3,Bonus,2363,Yes,Rents,52,64,80,2,12,DEDUCTIBLE,IN-NETWORK,COST IN $,1600,0,600,200,200,3,50,high,low,RISK,3
3,3,4,2,Salaried,4539,No,Owns,45,75,83,2,12,DEDUCTIBLE,IN-NETWORK,COST IN $,1600,200,0,600,200,3,50,high,low,RISK,3
3,3,2,2,Bonus,489,No,Rents,45,51,79,2,12,DEDUCTIBLE,IN-NETWORK,COST IN $,200,600,1600,0,200,3,50,high,low,RISK,3
4,4,2,4,Bonus,4623,Yes,Owns,40,73,76,2,12,DEDUCTIBLE,IN-NETWORK,COST IN $,1600,0,600,200,200,3,50,high,low,RISK,3
3,3,3,2,Salaried,153,Yes,Owns,36,61,80,2,12,DEDUCTIBLE,IN-NETWORK,COST IN $,1600,0,600,200,200,3,50,high,low,RISK,3
3,4,4,4,Salaried,3954,No,Owns,38,53,77,2,12,DEDUCTIBLE,IN-NETWORK,COST IN $,0,1600,200,600,200,3,50,high,low,RISK,3
3,3,2,3,Salaried,4742,No,Rents,35,65,80,2,12,DEDUCTIBLE,IN-NETWORK,COST IN $,600,200,1600,0,200,3,50,high,low,RISK,3
2,2,2,3,Hourly,3289,No,Rents,59,54,88,2,12,DEDUCTIBLE,IN-NETWORK,COST IN $,0,600,1600,200,200,3,50,high,low,RISK,3
2,2,3,3,Bonus,3409,Yes,Rents,54,58,79,2,12,DEDUCTIBLE,IN-NETWORK,COST IN $,1600,600,200,0,200,3,50,high,low,RISK,3
3,3,4,3,Bonus,3179,No,Rents,42,56,75,2,12,DEDUCTIBLE,IN-NETWORK,COST IN $,1600,600,200,0,200,3,50,high,low,RISK,3
3,3,2,4,Bonus,4271,No,Rents,43,64,87,2,12,DEDUCTIBLE,IN-NETWORK,COST IN $,1600,200,600,0,200,3,50,high,low,RISK,3
3,3,3,2,Hourly,4605,Yes,Rents,46,65,88,2,12,DEDUCTIBLE,IN-NETWORK,COST IN $,600,1600,0,200,200,3,50,high,low,RISK,3
2,4,4,4,Salaried,3042,Yes,Rents,37,60,80,2,12,DEDUCTIBLE,IN-NETWORK,COST IN $,1600,0,600,200,200,3,50,high,low,RISK,3
2,4,4,3,Hourly,170,No,Rents,61,60,83,2,12,DEDUCTIBLE,IN-NETWORK,COST IN $,600,1600,200,0,200,3,50,high,low,RISK,3
2,3,3,4,Salaried,2062,No,Rents,40,72,79,2,12,DEDUCTIBLE,IN-NETWORK,COST IN $,200,600,0,1600,200,3,50,high,low,RISK,3
4,4,4,4,Bonus,1962,No,Rents,35,68,84,2,12,DEDUCTIBLE,IN-NETWORK,COST IN $,0,600,1600,200,200,3,50,high,low,RISK,3
2,2,3,2,Bonus,1006,No,Owns,50,63,98,2,12,DEDUCTIBLE,IN-NETWORK,COST IN $,1600,0,200,600,200,3,50,high,low,RISK,3
2,4,3,4,Salaried,4555,No,Rents,42,55,84,2,12,DEDUCTIBLE,IN-NETWORK,COST IN $,600,200,1600,0,200,3,50,high,low,RISK,3
4,3,4,3,Bonus,458,No,Rents,46,70,81,2,12,DEDUCTIBLE,IN-NETWORK,COST IN $,200,0,600,1600,200,3,50,high,low,RISK,3
4,3,4,3,Hourly,1593,No,Owns,36,55,76,2,12,DEDUCTIBLE,IN-NETWORK,COST IN $,0,1600,600,200,200,3,50,high,low,RISK,3
3,4,2,3,Hourly,4519,Yes,Owns,48,75,77,2,12,DEDUCTIBLE,IN-NETWORK,COST IN $,1600,600,0,200,200,3,50,high,low,RISK,3
2,4,3,3,Bonus,2639,No,Rents,36,60,78,2,12,DEDUCTIBLE,IN-NETWORK,COST IN $,600,0,1600,200,200,3,50,high,low,RISK,3
2,3,4,3,Hourly,2563,Yes,Rents,59,56,100,2,12,DEDUCTIBLE,IN-NETWORK,COST IN $,1600,200,600,0,200,3,50,high,low,RISK,3
3,4,4,4,Bonus,2810,Yes,Owns,58,74,85,2,12,DEDUCTIBLE,IN-NETWORK,COST IN $,0,1600,600,200,200,3,50,high,low,RISK,3
3,4,3,4,Hourly,2954,Yes,Owns,64,67,81,2,12,DEDUCTIBLE,IN-NETWORK,COST IN $,200,600,0,1600,200,3,50,high,low,RISK,3
3,2,4,3,Hourly,2299,Yes,Owns,54,64,80,2,12,DEDUCTIBLE,IN-NETWORK,COST IN $,0,200,1600,600,200,3,50,high,low,RISK,3
2,3,4,4,Hourly,1155,No,Rents,37,75,83,2,12,DEDUCTIBLE,IN-NETWORK,COST IN $,0,200,1600,600,200,3,50,high,low,RISK,3
4,2,4,3,Bonus,1856,Yes,Rents,55,51,79,2,12,DEDUCTIBLE,IN-NETWORK,COST IN $,600,1600,200,0,200,3,50,high,low,RISK,3
4,4,3,3,Salaried,3352,Yes,Rents,38,73,76,2,12,DEDUCTIBLE,IN-NETWORK,COST IN $,600,200,1600,0,200,3,50,high,low,RISK,3
4,3,2,3,Hourly,3735,Yes,Owns,58,61,80,2,12,DEDUCTIBLE,IN-NETWORK,COST IN $,0,200,1600,600,200,3,50,high,low,RISK,3
4,3,3,4,Salaried,1125,Yes,Rents,38,53,77,2,12,DEDUCTIBLE,IN-NETWORK,COST IN $,0,1600,200,600,200,3,50,high,low,RISK,3
4,2,4,2,Bonus,4695,No,Owns,35,65,80,2,12,DEDUCTIBLE,IN-NETWORK,COST IN $,200,600,1600,0,200,3,50,high,low,RISK,3
3,3,3,4,Salaried,1210,No,Rents,62,54,88,2,12,DEDUCTIBLE,IN-NETWORK,COST IN $,600,200,1600,0,200,3,50,high,low,RISK,3
4,4,4,2,Bonus,3149,No,Owns,37,58,79,2,12,DEDUCTIBLE,IN-NETWORK,COST IN $,600,1600,0,200,200,3,50,high,low,RISK,3
4,3,4,4,Bonus,3757,No,Rents,38,56,75,2,12,DEDUCTIBLE,IN-NETWORK,COST IN $,0,200,600,1600,200,3,50,high,low,RISK,3
4,3,4,4,Salaried,4038,Yes,Rents,51,64,87,2,12,DEDUCTIBLE,IN-NETWORK,COST IN $,0,600,1600,200,200,3,50,high,low,RISK,3
2,3,3,4,Bonus,381,No,Owns,41,65,88,2,12,DEDUCTIBLE,IN-NETWORK,COST IN $,1600,200,0,600,200,3,50,high,low,RISK,3
3,3,3,3,Hourly,2879,Yes,Rents,61,60,80,2,12,DEDUCTIBLE,IN-NETWORK,COST IN $,1600,200,0,600,200,3,50,high,low,RISK,3
4,4,3,2,Hourly,2246,No,Owns,62,60,83,2,12,DEDUCTIBLE,IN-NETWORK,COST IN $,1600,600,200,0,200,3,50,high,low,RISK,3
2,4,3,2,Hourly,3337,No,Rents,39,72,79,2,12,DEDUCTIBLE,IN-NETWORK,COST IN $,600,1600,200,0,200,3,50,high,low,RISK,3
4,3,3,4,Hourly,874,No,Owns,63,68,84,2,12,DEDUCTIBLE,IN-NETWORK,COST IN $,0,600,1600,200,200,3,50,high,low,RISK,3
3,4,2,3,Hourly,4470,Yes,Owns,36,63,98,2,12,DEDUCTIBLE,IN-NETWORK,COST IN $,600,1600,200,0,200,3,50,high,low,RISK,3
4,3,4,3,Hourly,3252,Yes,Owns,46,55,84,2,12,DEDUCTIBLE,IN-NETWORK,COST IN $,0,1600,600,200,200,3,50,high,low,RISK,3
3,4,2,3,Hourly,176,Yes,Rents,45,70,81,2,12,DEDUCTIBLE,IN-NETWORK,COST IN $,200,600,1600,0,200,3,50,high,low,RISK,3
4,3,4,2,Hourly,3681,Yes,Owns,38,55,76,2,12,DEDUCTIBLE,IN-NETWORK,COST IN $,200,0,1600,600,200,3,50,high,low,RISK,3
3,4,4,4,Hourly,1019,Yes,Owns,59,75,77,2,12,DEDUCTIBLE,IN-NETWORK,COST IN $,1600,0,600,200,200,3,50,high,low,RISK,3
3,4,4,3,Bonus,4493,Yes,Owns,64,60,78,2,12,DEDUCTIBLE,IN-NETWORK,COST IN $,200,600,1600,0,200,3,50,high,low,RISK,3
3,4,4,2,Salaried,1012,Yes,Owns,58,56,100,2,12,DEDUCTIBLE,IN-NETWORK,COST IN $,600,0,200,1600,200,3,50,high,low,RISK,3
2,2,4,3,Bonus,1248,Yes,Rents,39,74,85,2,12,DEDUCTIBLE,IN-NETWORK,COST IN $,600,1600,0,200,200,3,50,high,low,RISK,3
2,3,3,3,Salaried,1214,No,Owns,37,67,81,2,12,DEDUCTIBLE,IN-NETWORK,COST IN $,0,600,200,1600,200,3,50,high,low,RISK,3
4,3,3,2,Salaried,2852,Yes,Rents,38,64,80,2,12,DEDUCTIBLE,IN-NETWORK,COST IN $,600,200,1600,0,200,3,50,high,low,RISK,3
4,2,4,3,Bonus,2951,No,Owns,48,51,79,2,12,DEDUCTIBLE,IN-NETWORK,COST IN $,0,1600,600,200,200,3,50,high,low,RISK,3
1,0,0,1,Salaried,4377,No,Rents,4,9,1,2,13,DEDUCTIBLE,IN-NETWORK,COST IN $,1600,600,200,0,200,3,5,high,high,RISK,4
0,0,1,0,Salaried,1919,No,Owns,4,4,5,2,13,DEDUCTIBLE,IN-NETWORK,COST IN $,200,600,1600,0,200,3,5,high,high,RISK,4
0,0,0,0,Salaried,4671,Yes,Rents,7,1,2,2,13,DEDUCTIBLE,IN-NETWORK,COST IN $,200,600,0,1600,200,3,5,high,high,RISK,4
1,1,0,0,Bonus,1139,No,Owns,6,6,5,2,13,DEDUCTIBLE,IN-NETWORK,COST IN $,0,1600,200,600,200,3,5,high,high,RISK,4
0,1,1,0,Bonus,3085,No,Rents,3,1,13,2,13,DEDUCTIBLE,IN-NETWORK,COST IN $,200,600,1600,0,200,3,5,high,high,RISK,4
0,1,1,0,Salaried,912,Yes,Rents,9,3,4,2,13,DEDUCTIBLE,IN-NETWORK,COST IN $,600,0,200,1600,200,3,5,high,high,RISK,4
1,0,1,0,Hourly,3561,Yes,Owns,5,2,0,2,13,DEDUCTIBLE,IN-NETWORK,COST IN $,0,1600,200,600,200,3,5,high,high,RISK,4
1,1,0,0,Hourly,4350,No,Rents,2,5,12,2,13,DEDUCTIBLE,IN-NETWORK,COST IN $,200,1600,600,0,200,3,5,high,high,RISK,4
1,1,0,1,Salaried,3664,No,Owns,1,6,13,2,13,DEDUCTIBLE,IN-NETWORK,COST IN $,1600,200,600,0,200,3,5,high,high,RISK,4
0,0,0,0,Bonus,1972,Yes,Owns,9,4,5,2,13,DEDUCTIBLE,IN-NETWORK,COST IN $,0,600,1600,200,200,3,5,high,high,RISK,4
0,0,1,1,Salaried,1235,Yes,Rents,7,4,8,2,13,DEDUCTIBLE,IN-NETWORK,COST IN $,200,0,1600,600,200,3,5,high,high,RISK,4
0,1,0,0,Bonus,2294,Yes,Owns,4,9,4,2,13,DEDUCTIBLE,IN-NETWORK,COST IN $,1600,200,600,0,200,3,5,high,high,RISK,4
0,0,1,0,Salaried,4592,Yes,Rents,9,7,9,2,13,DEDUCTIBLE,IN-NETWORK,COST IN $,600,200,0,1600,200,3,5,high,high,RISK,4
0,0,0,1,Hourly,2183,Yes,Owns,1,5,23,2,13,DEDUCTIBLE,IN-NETWORK,COST IN $,200,0,600,1600,200,3,5,high,high,RISK,4
0,0,1,0,Salaried,1622,Yes,Rents,2,1,9,2,13,DEDUCTIBLE,IN-NETWORK,COST IN $,0,600,200,1600,200,3,5,high,high,RISK,4
0,1,0,1,Salaried,4259,Yes,Rents,1,8,6,2,13,DEDUCTIBLE,IN-NETWORK,COST IN $,1600,200,0,600,200,3,5,high,high,RISK,4
1,0,0,1,Salaried,4138,No,Owns,9,2,1,2,13,DEDUCTIBLE,IN-NETWORK,COST IN $,0,600,1600,200,200,3,5,high,high,RISK,4
1,0,0,1,Bonus,2742,No,Owns,10,10,2,2,13,DEDUCTIBLE,IN-NETWORK,COST IN $,1600,600,200,0,200,3,5,high,high,RISK,4
0,0,0,1,Bonus,4027,Yes,Rents,3,4,3,2,13,DEDUCTIBLE,IN-NETWORK,COST IN $,600,0,1600,200,200,3,5,high,high,RISK,4
1,0,0,0,Bonus,3643,No,Rents,8,2,25,2,13,DEDUCTIBLE,IN-NETWORK,COST IN $,0,600,1600,200,200,3,5,high,high,RISK,4
1,0,1,0,Salaried,1855,No,Rents,9,10,10,2,13,DEDUCTIBLE,IN-NETWORK,COST IN $,200,1600,600,0,200,3,5,high,high,RISK,4
0,1,0,0,Bonus,4199,No,Owns,7,7,6,2,13,DEDUCTIBLE,IN-NETWORK,COST IN $,1600,0,200,600,200,3,5,high,high,RISK,4
0,1,0,0,Salaried,358,No,Rents,5,5,5,2,13,DEDUCTIBLE,IN-NETWORK,COST IN $,600,1600,0,200,200,3,5,high,high,RISK,4
0,0,1,0,Salaried,2175,No,Owns,8,10,8,2,13,DEDUCTIBLE,IN-NETWORK,COST IN $,200,600,0,1600,200,3,5,high,high,RISK,4
0,1,0,0,Bonus,2804,No,Owns,4,0,4,2,13,DEDUCTIBLE,IN-NETWORK,COST IN $,600,200,1600,0,200,3,5,high,high,RISK,4
1,1,1,0,Bonus,2793,Yes,Owns,9,9,1,2,13,DEDUCTIBLE,IN-NETWORK,COST IN $,0,200,600,1600,200,3,5,high,high,RISK,4
1,0,1,0,Salaried,1366,No,Owns,7,4,5,2,13,DEDUCTIBLE,IN-NETWORK,COST IN $,600,1600,0,200,200,3,5,high,high,RISK,4
0,1,1,1,Salaried,3990,No,Rents,6,1,2,2,13,DEDUCTIBLE,IN-NETWORK,COST IN $,200,600,0,1600,200,3,5,high,high,RISK,4
0,0,0,0,Salaried,1625,No,Owns,8,6,5,2,13,DEDUCTIBLE,IN-NETWORK,COST IN $,1600,0,600,200,200,3,5,high,high,RISK,4
1,1,0,0,Hourly,1178,No,Owns,0,1,13,2,13,DEDUCTIBLE,IN-NETWORK,COST IN $,600,200,0,1600,200,3,5,high,high,RISK,4
0,0,0,0,Hourly,2665,No,Rents,2,3,4,2,13,DEDUCTIBLE,IN-NETWORK,COST IN $,0,600,200,1600,200,3,5,high,high,RISK,4
1,1,1,0,Hourly,4144,No,Owns,3,2,0,2,13,DEDUCTIBLE,IN-NETWORK,COST IN $,600,200,0,1600,200,3,5,high,high,RISK,4
0,0,1,0,Hourly,2547,Yes,Owns,7,5,12,2,13,DEDUCTIBLE,IN-NETWORK,COST IN $,200,0,600,1600,200,3,5,high,high,RISK,4
1,0,1,0,Hourly,152,Yes,Owns,8,6,13,2,13,DEDUCTIBLE,IN-NETWORK,COST IN $,1600,200,600,0,200,3,5,high,high,RISK,4
0,0,0,0,Bonus,2909,Yes,Rents,3,4,5,2,13,DEDUCTIBLE,IN-NETWORK,COST IN $,0,1600,200,600,200,3,5,high,high,RISK,4
1,1,0,0,Bonus,2404,Yes,Owns,5,4,8,2,13,DEDUCTIBLE,IN-NETWORK,COST IN $,1600,600,200,0,200,3,5,high,high,RISK,4
1,0,1,1,Bonus,144,Yes,Owns,4,9,4,2,13,DEDUCTIBLE,IN-NETWORK,COST IN $,1600,200,0,600,200,3,5,high,high,RISK,4
1,0,1,0,Hourly,2250,No,Owns,4,7,9,2,13,DEDUCTIBLE,IN-NETWORK,COST IN $,200,600,0,1600,200,3,5,high,high,RISK,4
1,0,0,0,Hourly,4826,No,Owns,4,5,23,2,13,DEDUCTIBLE,IN-NETWORK,COST IN $,600,0,1600,200,200,3,5,high,high,RISK,4
1,1,0,0,Salaried,792,No,Owns,5,1,9,2,13,DEDUCTIBLE,IN-NETWORK,COST IN $,600,200,0,1600,200,3,5,high,high,RISK,4
0,1,0,0,Hourly,3429,No,Rents,8,8,6,2,13,DEDUCTIBLE,IN-NETWORK,COST IN $,200,1600,0,600,200,3,5,high,high,RISK,4
0,1,0,0,Hourly,1596,Yes,Owns,5,2,1,2,13,DEDUCTIBLE,IN-NETWORK,COST IN $,1600,0,200,600,200,3,5,high,high,RISK,4
1,1,1,0,Salaried,83,Yes,Owns,2,10,2,2,13,DEDUCTIBLE,IN-NETWORK,COST IN $,200,0,600,1600,200,3,5,high,high,RISK,4
1,1,0,1,Salaried,3601,No,Owns,1,4,3,2,13,DEDUCTIBLE,IN-NETWORK,COST IN $,0,600,200,1600,200,3,5,high,high,RISK,4
0,0,0,1,Bonus,861,No,Owns,8,2,25,2,13,DEDUCTIBLE,IN-NETWORK,COST IN $,1600,600,0,200,200,3,5,high,high,RISK,4
0,1,1,1,Salaried,2240,Yes,Rents,8,10,10,2,13,DEDUCTIBLE,IN-NETWORK,COST IN $,200,0,600,1600,200,3,5,high,high,RISK,4
0,0,0,0,Hourly,2384,No,Rents,1,7,6,2,13,DEDUCTIBLE,IN-NETWORK,COST IN $,600,200,0,1600,200,3,5,high,high,RISK,4
0,0,0,0,Bonus,2363,Yes,Rents,6,5,5,2,13,DEDUCTIBLE,IN-NETWORK,COST IN $,1600,0,200,600,200,3,5,high,high,RISK,4
0,0,1,0,Salaried,4539,No,Owns,3,10,8,2,13,DEDUCTIBLE,IN-NETWORK,COST IN $,1600,600,0,200,200,3,5,high,high,RISK,4
0,0,0,0,Bonus,489,No,Rents,3,0,4,2,13,DEDUCTIBLE,IN-NETWORK,COST IN $,1600,200,0,600,200,3,5,high,high,RISK,4
0,1,0,1,Bonus,4623,Yes,Owns,2,9,1,2,13,DEDUCTIBLE,IN-NETWORK,COST IN $,0,1600,600,200,200,3,5,high,high,RISK,4
0,0,0,0,Salaried,153,Yes,Owns,0,4,5,2,13,DEDUCTIBLE,IN-NETWORK,COST IN $,200,600,1600,0,200,3,5,high,high,RISK,4
0,1,1,0,Salaried,3954,No,Owns,1,1,2,2,13,DEDUCTIBLE,IN-NETWORK,COST IN $,1600,200,600,0,200,3,5,high,high,RISK,4
0,0,0,0,Salaried,4742,No,Rents,0,6,5,2,13,DEDUCTIBLE,IN-NETWORK,COST IN $,0,200,1600,600,200,3,5,high,high,RISK,4
0,0,0,0,Hourly,3289,No,Rents,8,1,13,2,13,DEDUCTIBLE,IN-NETWORK,COST IN $,200,600,0,1600,200,3,5,high,high,RISK,4
0,0,0,0,Bonus,3409,Yes,Rents,6,3,4,2,13,DEDUCTIBLE,IN-NETWORK,COST IN $,600,1600,200,0,200,3,5,high,high,RISK,4
0,0,1,0,Bonus,3179,No,Rents,2,2,0,2,13,DEDUCTIBLE,IN-NETWORK,COST IN $,1600,0,200,600,200,3,5,high,high,RISK,4
0,0,0,0,Bonus,4271,No,Rents,3,5,12,2,13,DEDUCTIBLE,IN-NETWORK,COST IN $,0,600,1600,200,200,3,5,high,high,RISK,4
0,0,0,0,Hourly,4605,Yes,Rents,4,6,13,2,13,DEDUCTIBLE,IN-NETWORK,COST IN $,600,0,1600,200,200,3,5,high,high,RISK,4
0,1,1,1,Salaried,3042,Yes,Rents,1,4,5,2,13,DEDUCTIBLE,IN-NETWORK,COST IN $,1600,0,200,600,200,3,5,high,high,RISK,4
0,1,1,0,Hourly,170,No,Rents,9,4,8,2,13,DEDUCTIBLE,IN-NETWORK,COST IN $,600,1600,0,200,200,3,5,high,high,RISK,4
0,0,0,1,Salaried,2062,No,Rents,2,9,4,2,13,DEDUCTIBLE,IN-NETWORK,COST IN $,200,0,600,1600,200,3,5,high,high,RISK,4
1,0,1,1,Bonus,1962,No,Rents,0,7,9,2,13,DEDUCTIBLE,IN-NETWORK,COST IN $,600,0,1600,200,200,3,5,high,high,RISK,4
0,0,0,0,Bonus,1006,No,Owns,5,5,23,2,13,DEDUCTIBLE,IN-NETWORK,COST IN $,200,1600,600,0,200,3,5,high,high,RISK,4
0,1,0,1,Salaried,4555,No,Rents,2,1,9,2,13,DEDUCTIBLE,IN-NETWORK,COST IN $,1600,600,0,200,200,3,5,high,high,RISK,4
1,0,1,0,Bonus,458,No,Rents,4,8,6,2,13,DEDUCTIBLE,IN-NETWORK,COST IN $,0,1600,200,600,200,3,5,high,high,RISK,4
1,0,1,0,Hourly,1593,No,Owns,0,2,1,2,13,DEDUCTIBLE,IN-NETWORK,COST IN $,1600,200,600,0,200,3,5,high,high,RISK,4
0,1,0,0,Hourly,4519,Yes,Owns,4,10,2,2,13,DEDUCTIBLE,IN-NETWORK,COST IN $,600,0,200,1600,200,3,5,high,high,RISK,4
0,1,0,0,Bonus,2639,No,Rents,0,4,3,2,13,DEDUCTIBLE,IN-NETWORK,COST IN $,600,1600,200,0,200,3,5,high,high,RISK,4
0,0,1,0,Hourly,2563,Yes,Rents,8,2,25,2,13,DEDUCTIBLE,IN-NETWORK,COST IN $,600,0,200,1600,200,3,5,high,high,RISK,4
0,0,0,1,Hourly,2954,Yes,Owns,10,7,6,2,13,DEDUCTIBLE,IN-NETWORK,COST IN $,0,600,200,1600,200,3,5,high,high,RISK,4
0,0,1,0,Hourly,2299,Yes,Owns,6,5,5,2,13,DEDUCTIBLE,IN-NETWORK,COST IN $,1600,600,0,200,200,3,5,high,high,RISK,4
0,0,1,1,Hourly,1155,No,Rents,1,10,8,2,13,DEDUCTIBLE,IN-NETWORK,COST IN $,0,1600,200,600,200,3,5,high,high,RISK,4
1,0,1,0,Bonus,1856,Yes,Rents,7,0,4,2,13,DEDUCTIBLE,IN-NETWORK,COST IN $,1600,0,200,600,200,3,5,high,high,RISK,4
1,1,0,0,Salaried,3352,Yes,Rents,1,9,1,2,13,DEDUCTIBLE,IN-NETWORK,COST IN $,1600,200,600,0,200,3,5,high,high,RISK,4
1,0,0,0,Hourly,3735,Yes,Owns,8,4,5,2,13,DEDUCTIBLE,IN-NETWORK,COST IN $,200,1600,600,0,200,3,5,high,high,RISK,4
1,0,0,1,Salaried,1125,Yes,Rents,1,1,2,2,13,DEDUCTIBLE,IN-NETWORK,COST IN $,1600,200,0,600,200,3,5,high,high,RISK,4
1,0,1,0,Bonus,4695,No,Owns,0,6,5,2,13,DEDUCTIBLE,IN-NETWORK,COST IN $,200,0,600,1600,200,3,5,high,high,RISK,4
0,0,0,1,Salaried,1210,No,Rents,9,1,13,2,13,DEDUCTIBLE,IN-NETWORK,COST IN $,200,0,600,1600,200,3,5,high,high,RISK,4
1,1,1,0,Bonus,3149,No,Owns,1,3,4,2,13,DEDUCTIBLE,IN-NETWORK,COST IN $,0,600,200,1600,200,3,5,high,high,RISK,4
1,0,0,0,Bonus,3757,No,Rents,1,2,0,2,13,DEDUCTIBLE,IN-NETWORK,COST IN $,1600,600,200,0,200,3,5,high,high,RISK,4
1,0,1,1,Salaried,4038,Yes,Rents,5,5,12,2,13,DEDUCTIBLE,IN-NETWORK,COST IN $,600,1600,0,200,200,3,5,high,high,RISK,4
0,0,0,1,Bonus,381,No,Owns,2,6,13,2,13,DEDUCTIBLE,IN-NETWORK,COST IN $,1600,200,0,600,200,3,5,high,high,RISK,4
0,0,0,0,Hourly,2879,Yes,Rents,9,4,5,2,13,DEDUCTIBLE,IN-NETWORK,COST IN $,0,600,1600,200,200,3,5,high,high,RISK,4
0,1,0,0,Hourly,2246,No,Owns,9,4,8,2,13,DEDUCTIBLE,IN-NETWORK,COST IN $,200,600,1600,0,200,3,5,high,high,RISK,4
0,1,0,0,Hourly,3337,No,Rents,1,9,4,2,13,DEDUCTIBLE,IN-NETWORK,COST IN $,1600,600,200,0,200,3,5,high,high,RISK,4
1,0,0,0,Hourly,874,No,Owns,9,7,9,2,13,DEDUCTIBLE,IN-NETWORK,COST IN $,0,200,1600,600,200,3,5,high,high,RISK,4
0,1,0,0,Hourly,4470,Yes,Owns,0,5,23,2,13,DEDUCTIBLE,IN-NETWORK,COST IN $,200,600,0,1600,200,3,5,high,high,RISK,4
1,0,1,0,Hourly,3252,Yes,Owns,4,1,9,2,13,DEDUCTIBLE,IN-NETWORK,COST IN $,1600,600,200,0,200,3,5,high,high,RISK,4
0,1,0,0,Hourly,176,Yes,Rents,3,8,6,2,13,DEDUCTIBLE,IN-NETWORK,COST IN $,0,1600,200,600,200,3,5,high,high,RISK,4
0,0,1,0,Hourly,3681,Yes,Owns,1,2,1,2,13,DEDUCTIBLE,IN-NETWORK,COST IN $,1600,0,600,200,200,3,5,high,high,RISK,4
0,1,1,1,Hourly,1019,Yes,Owns,8,10,2,2,13,DEDUCTIBLE,IN-NETWORK,COST IN $,0,200,1600,600,200,3,5,high,high,RISK,4
0,1,1,0,Bonus,4493,Yes,Owns,10,4,3,2,13,DEDUCTIBLE,IN-NETWORK,COST IN $,1600,0,200,600,200,3,5,high,high,RISK,4
0,1,1,0,Salaried,1012,Yes,Owns,8,2,25,2,13,DEDUCTIBLE,IN-NETWORK,COST IN $,200,1600,0,600,200,3,5,high,high,RISK,4
0,0,0,0,Bonus,1248,Yes,Rents,1,10,10,2,13,DEDUCTIBLE,IN-NETWORK,COST IN $,200,600,1600,0,200,3,5,high,high,RISK,4
0,0,0,0,Salaried,1214,No,Owns,1,7,6,2,13,DEDUCTIBLE,IN-NETWORK,COST IN $,600,1600,0,200,200,3,5,high,high,RISK,4
1,0,0,0,Salaried,2852,Yes,Rents,1,5,5,2,13,DEDUCTIBLE,IN-NETWORK,COST IN $,1600,200,0,600,200,3,5,high,high,RISK,4
0,0,0,0,Bonus,1440,Yes,Owns,4,10,8,2,13,DEDUCTIBLE,IN-NETWORK,COST IN $,1600,0,200,600,200,3,5,high,high,RISK,4
1,0,1,0,Bonus,2951,No,Owns,4,0,4,2,13,DEDUCTIBLE,IN-NETWORK,COST IN $,0,600,200,1600,200,3,5,high,high,RISK,4
2,1,0,2,Salaried,4377,No,Rents,10,19,27,2,14,DEDUCTIBLE,IN-NETWORK,COST IN $,600,0,1600,200,200,3,10,high,high,RISK,4
0,1,1,0,Salaried,1919,No,Owns,10,15,31,2,14,DEDUCTIBLE,IN-NETWORK,COST IN $,200,0,600,1600,200,3,10,high,high,RISK,4
1,1,0,0,Salaried,4671,Yes,Rents,15,12,28,2,14,DEDUCTIBLE,IN-NETWORK,COST IN $,1600,600,0,200,200,3,10,high,high,RISK,4
2,1,0,0,Bonus,1139,No,Owns,13,16,31,2,14,DEDUCTIBLE,IN-NETWORK,COST IN $,0,1600,200,600,200,3,10,high,high,RISK,4
1,1,2,1,Bonus,3085,No,Rents,9,12,39,2,14,DEDUCTIBLE,IN-NETWORK,COST IN $,600,200,1600,0,200,3,10,high,high,RISK,4
0,1,2,0,Salaried,912,Yes,Rents,16,14,30,2,14,DEDUCTIBLE,IN-NETWORK,COST IN $,600,0,200,1600,200,3,10,high,high,RISK,4
1,0,2,1,Hourly,3561,Yes,Owns,12,13,26,2,14,DEDUCTIBLE,IN-NETWORK,COST IN $,600,1600,200,0,200,3,10,high,high,RISK,4
1,2,0,0,Hourly,4350,No,Rents,7,16,37,2,14,DEDUCTIBLE,IN-NETWORK,COST IN $,200,0,600,1600,200,3,10,high,high,RISK,4
2,2,1,2,Salaried,3664,No,Owns,7,16,39,2,14,DEDUCTIBLE,IN-NETWORK,COST IN $,0,600,200,1600,200,3,10,high,high,RISK,4
0,0,0,1,Bonus,1972,Yes,Owns,17,14,30,2,14,DEDUCTIBLE,IN-NETWORK,COST IN $,600,0,200,1600,200,3,10,high,high,RISK,4
1,0,2,2,Salaried,1235,Yes,Rents,14,14,34,2,14,DEDUCTIBLE,IN-NETWORK,COST IN $,0,200,1600,600,200,3,10,high,high,RISK,4
0,2,0,1,Bonus,2294,Yes,Owns,10,19,30,2,14,DEDUCTIBLE,IN-NETWORK,COST IN $,0,600,200,1600,200,3,10,high,high,RISK,4
0,1,2,0,Salaried,4592,Yes,Rents,16,17,35,2,14,DEDUCTIBLE,IN-NETWORK,COST IN $,600,200,0,1600,200,3,10,high,high,RISK,4
0,0,1,1,Hourly,2183,Yes,Owns,6,15,48,2,14,DEDUCTIBLE,IN-NETWORK,COST IN $,0,200,600,1600,200,3,10,high,high,RISK,4
1,1,2,1,Salaried,1622,Yes,Rents,8,12,35,2,14,DEDUCTIBLE,IN-NETWORK,COST IN $,1600,0,200,600,200,3,10,high,high,RISK,4
1,2,1,2,Salaried,4259,Yes,Rents,6,18,32,2,14,DEDUCTIBLE,IN-NETWORK,COST IN $,600,0,200,1600,200,3,10,high,high,RISK,4
2,1,1,2,Salaried,4138,No,Owns,17,13,27,2,14,DEDUCTIBLE,IN-NETWORK,COST IN $,200,600,0,1600,200,3,10,high,high,RISK,4
2,0,1,2,Bonus,2742,No,Owns,17,20,28,2,14,DEDUCTIBLE,IN-NETWORK,COST IN $,600,200,1600,0,200,3,10,high,high,RISK,4
1,1,0,2,Bonus,4027,Yes,Rents,8,14,29,2,14,DEDUCTIBLE,IN-NETWORK,COST IN $,600,0,200,1600,200,3,10,high,high,RISK,4
1,1,0,0,Bonus,3643,No,Rents,16,13,50,2,14,DEDUCTIBLE,IN-NETWORK,COST IN $,0,600,200,1600,200,3,10,high,high,RISK,4
1,0,2,0,Salaried,1855,No,Rents,17,20,35,2,14,DEDUCTIBLE,IN-NETWORK,COST IN $,200,1600,600,0,200,3,10,high,high,RISK,4
1,2,0,1,Bonus,4199,No,Owns,14,17,32,2,14,DEDUCTIBLE,IN-NETWORK,COST IN $,1600,200,0,600,200,3,10,high,high,RISK,4
0,2,1,0,Salaried,358,No,Rents,12,16,31,2,14,DEDUCTIBLE,IN-NETWORK,COST IN $,600,1600,200,0,200,3,10,high,high,RISK,4
1,1,1,1,Salaried,2175,No,Owns,16,20,34,2,14,DEDUCTIBLE,IN-NETWORK,COST IN $,1600,600,0,200,200,3,10,high,high,RISK,4
1,1,0,0,Bonus,2804,No,Owns,11,11,30,2,14,DEDUCTIBLE,IN-NETWORK,COST IN $,200,600,0,1600,200,3,10,high,high,RISK,4
2,1,2,1,Bonus,2793,Yes,Owns,17,19,27,2,14,DEDUCTIBLE,IN-NETWORK,COST IN $,200,1600,600,0,200,3,10,high,high,RISK,4
2,0,2,0,Salaried,1366,No,Owns,14,15,31,2,14,DEDUCTIBLE,IN-NETWORK,COST IN $,600,0,1600,200,200,3,10,high,high,RISK,4
0,1,1,2,Salaried,3990,No,Rents,13,12,28,2,14,DEDUCTIBLE,IN-NETWORK,COST IN $,200,600,0,1600,200,3,10,high,high,RISK,4
0,1,1,0,Salaried,1625,No,Owns,16,16,31,2,14,DEDUCTIBLE,IN-NETWORK,COST IN $,200,600,1600,0,200,3,10,high,high,RISK,4
1,2,0,0,Hourly,1178,No,Owns,5,12,39,2,14,DEDUCTIBLE,IN-NETWORK,COST IN $,0,1600,600,200,200,3,10,high,high,RISK,4
1,1,0,0,Hourly,2665,No,Rents,8,14,30,2,14,DEDUCTIBLE,IN-NETWORK,COST IN $,200,1600,600,0,200,3,10,high,high,RISK,4
1,1,2,0,Hourly,4144,No,Owns,9,13,26,2,14,DEDUCTIBLE,IN-NETWORK,COST IN $,1600,600,0,200,200,3,10,high,high,RISK,4
1,1,2,0,Hourly,2547,Yes,Owns,14,16,37,2,14,DEDUCTIBLE,IN-NETWORK,COST IN $,200,600,1600,0,200,3,10,high,high,RISK,4
1,1,1,0,Hourly,152,Yes,Owns,15,16,39,2,14,DEDUCTIBLE,IN-NETWORK,COST IN $,1600,0,200,600,200,3,10,high,high,RISK,4
0,0,0,0,Bonus,2909,Yes,Rents,9,14,30,2,14,DEDUCTIBLE,IN-NETWORK,COST IN $,600,200,0,1600,200,3,10,high,high,RISK,4
2,2,1,1,Bonus,2404,Yes,Owns,11,14,34,2,14,DEDUCTIBLE,IN-NETWORK,COST IN $,200,600,0,1600,200,3,10,high,high,RISK,4
2,0,1,2,Bonus,144,Yes,Owns,10,19,30,2,14,DEDUCTIBLE,IN-NETWORK,COST IN $,0,600,200,1600,200,3,10,high,high,RISK,4
2,0,1,0,Hourly,2250,No,Owns,11,17,35,2,14,DEDUCTIBLE,IN-NETWORK,COST IN $,200,0,1600,600,200,3,10,high,high,RISK,4
2,0,0,0,Hourly,4826,No,Owns,10,15,48,2,14,DEDUCTIBLE,IN-NETWORK,COST IN $,600,1600,0,200,200,3,10,high,high,RISK,4
1,1,0,0,Salaried,792,No,Owns,12,12,35,2,14,DEDUCTIBLE,IN-NETWORK,COST IN $,600,200,0,1600,200,3,10,high,high,RISK,4
0,2,0,1,Hourly,3429,No,Rents,15,18,32,2,14,DEDUCTIBLE,IN-NETWORK,COST IN $,200,600,1600,0,200,3,10,high,high,RISK,4
0,2,0,1,Hourly,1596,Yes,Owns,11,13,27,2,14,DEDUCTIBLE,IN-NETWORK,COST IN $,200,0,600,1600,200,3,10,high,high,RISK,4
1,1,2,0,Salaried,83,Yes,Owns,7,20,28,2,14,DEDUCTIBLE,IN-NETWORK,COST IN $,600,0,1600,200,200,3,10,high,high,RISK,4
1,2,0,2,Salaried,3601,No,Owns,6,14,29,2,14,DEDUCTIBLE,IN-NETWORK,COST IN $,600,1600,200,0,200,3,10,high,high,RISK,4
1,1,0,1,Bonus,861,No,Owns,15,13,50,2,14,DEDUCTIBLE,IN-NETWORK,COST IN $,0,200,1600,600,200,3,10,high,high,RISK,4
0,2,2,2,Salaried,2240,Yes,Rents,15,20,35,2,14,DEDUCTIBLE,IN-NETWORK,COST IN $,200,600,0,1600,200,3,10,high,high,RISK,4
1,0,0,0,Hourly,2384,No,Rents,6,17,32,2,14,DEDUCTIBLE,IN-NETWORK,COST IN $,0,1600,600,200,200,3,10,high,high,RISK,4
0,0,0,0,Bonus,2363,Yes,Rents,12,16,31,2,14,DEDUCTIBLE,IN-NETWORK,COST IN $,1600,200,600,0,200,3,10,high,high,RISK,4
1,1,2,0,Salaried,4539,No,Owns,10,20,34,2,14,DEDUCTIBLE,IN-NETWORK,COST IN $,200,1600,0,600,200,3,10,high,high,RISK,4
1,1,0,0,Bonus,489,No,Rents,9,11,30,2,14,DEDUCTIBLE,IN-NETWORK,COST IN $,1600,0,200,600,200,3,10,high,high,RISK,4
1,2,0,2,Bonus,4623,Yes,Owns,7,19,27,2,14,DEDUCTIBLE,IN-NETWORK,COST IN $,0,200,600,1600,200,3,10,high,high,RISK,4
1,0,0,0,Salaried,153,Yes,Owns,5,15,31,2,14,DEDUCTIBLE,IN-NETWORK,COST IN $,600,200,0,1600,200,3,10,high,high,RISK,4
0,2,2,1,Salaried,3954,No,Owns,6,12,28,2,14,DEDUCTIBLE,IN-NETWORK,COST IN $,200,600,0,1600,200,3,10,high,high,RISK,4
0,1,0,0,Salaried,4742,No,Rents,5,16,31,2,14,DEDUCTIBLE,IN-NETWORK,COST IN $,200,1600,0,600,200,3,10,high,high,RISK,4
0,0,0,1,Hourly,3289,No,Rents,15,12,39,2,14,DEDUCTIBLE,IN-NETWORK,COST IN $,600,1600,0,200,200,3,10,high,high,RISK,4
0,0,1,1,Bonus,3409,Yes,Rents,13,14,30,2,14,DEDUCTIBLE,IN-NETWORK,COST IN $,200,1600,0,600,200,3,10,high,high,RISK,4
0,0,2,1,Bonus,3179,No,Rents,8,13,26,2,14,DEDUCTIBLE,IN-NETWORK,COST IN $,600,200,1600,0,200,3,10,high,high,RISK,4
0,0,0,1,Bonus,4271,No,Rents,9,16,37,2,14,DEDUCTIBLE,IN-NETWORK,COST IN $,0,200,600,1600,200,3,10,high,high,RISK,4
0,0,0,0,Hourly,4605,Yes,Rents,10,16,39,2,14,DEDUCTIBLE,IN-NETWORK,COST IN $,0,200,1600,600,200,3,10,high,high,RISK,4
0,2,2,2,Salaried,3042,Yes,Rents,6,14,30,2,14,DEDUCTIBLE,IN-NETWORK,COST IN $,0,600,200,1600,200,3,10,high,high,RISK,4
0,2,2,0,Hourly,170,No,Rents,16,14,34,2,14,DEDUCTIBLE,IN-NETWORK,COST IN $,0,1600,600,200,200,3,10,high,high,RISK,4
0,1,0,2,Salaried,2062,No,Rents,7,19,30,2,14,DEDUCTIBLE,IN-NETWORK,COST IN $,1600,0,200,600,200,3,10,high,high,RISK,4
1,1,2,2,Bonus,1962,No,Rents,5,17,35,2,14,DEDUCTIBLE,IN-NETWORK,COST IN $,0,200,1600,600,200,3,10,high,high,RISK,4
0,0,0,0,Bonus,1006,No,Owns,11,15,48,2,14,DEDUCTIBLE,IN-NETWORK,COST IN $,0,1600,600,200,200,3,10,high,high,RISK,4
0,2,1,2,Salaried,4555,No,Rents,8,12,35,2,14,DEDUCTIBLE,IN-NETWORK,COST IN $,0,600,200,1600,200,3,10,high,high,RISK,4
2,1,1,0,Bonus,458,No,Rents,10,18,32,2,14,DEDUCTIBLE,IN-NETWORK,COST IN $,0,200,600,1600,200,3,10,high,high,RISK,4
2,0,2,1,Hourly,1593,No,Owns,5,13,27,2,14,DEDUCTIBLE,IN-NETWORK,COST IN $,600,1600,200,0,200,3,10,high,high,RISK,4
0,2,0,1,Hourly,4519,Yes,Owns,11,20,28,2,14,DEDUCTIBLE,IN-NETWORK,COST IN $,600,200,1600,0,200,3,10,high,high,RISK,4
0,1,0,0,Bonus,2639,No,Rents,5,14,29,2,14,DEDUCTIBLE,IN-NETWORK,COST IN $,1600,600,0,200,200,3,10,high,high,RISK,4
0,0,2,1,Hourly,2563,Yes,Rents,15,13,50,2,14,DEDUCTIBLE,IN-NETWORK,COST IN $,600,0,200,1600,200,3,10,high,high,RISK,4
0,1,2,1,Bonus,2810,Yes,Owns,15,20,35,2,14,DEDUCTIBLE,IN-NETWORK,COST IN $,0,600,1600,200,200,3,10,high,high,RISK,4
1,1,0,1,Hourly,2954,Yes,Owns,18,17,32,2,14,DEDUCTIBLE,IN-NETWORK,COST IN $,0,1600,600,200,200,3,10,high,high,RISK,4
1,0,2,0,Hourly,2299,Yes,Owns,13,16,31,2,14,DEDUCTIBLE,IN-NETWORK,COST IN $,600,1600,200,0,200,3,10,high,high,RISK,4
0,0,1,2,Hourly,1155,No,Rents,6,20,34,2,14,DEDUCTIBLE,IN-NETWORK,COST IN $,200,1600,0,600,200,3,10,high,high,RISK,4
1,0,2,0,Bonus,1856,Yes,Rents,14,11,30,2,14,DEDUCTIBLE,IN-NETWORK,COST IN $,600,0,1600,200,200,3,10,high,high,RISK,4
2,1,1,0,Salaried,3352,Yes,Rents,6,19,27,2,14,DEDUCTIBLE,IN-NETWORK,COST IN $,1600,600,0,200,200,3,10,high,high,RISK,4
2,0,0,1,Hourly,3735,Yes,Owns,15,15,31,2,14,DEDUCTIBLE,IN-NETWORK,COST IN $,1600,600,0,200,200,3,10,high,high,RISK,4
2,1,0,2,Salaried,1125,Yes,Rents,6,12,28,2,14,DEDUCTIBLE,IN-NETWORK,COST IN $,0,1600,200,600,200,3,10,high,high,RISK,4
2,0,1,0,Bonus,4695,No,Owns,5,16,31,2,14,DEDUCTIBLE,IN-NETWORK,COST IN $,1600,0,200,600,200,3,10,high,high,RISK,4
1,1,1,1,Salaried,1210,No,Rents,17,12,39,2,14,DEDUCTIBLE,IN-NETWORK,COST IN $,1600,600,200,0,200,3,10,high,high,RISK,4
1,2,1,0,Bonus,3149,No,Owns,6,14,30,2,14,DEDUCTIBLE,IN-NETWORK,COST IN $,1600,200,0,600,200,3,10,high,high,RISK,4
1,1,1,1,Bonus,3757,No,Rents,6,13,26,2,14,DEDUCTIBLE,IN-NETWORK,COST IN $,200,0,1600,600,200,3,10,high,high,RISK,4
1,0,2,1,Salaried,4038,Yes,Rents,12,16,37,2,14,DEDUCTIBLE,IN-NETWORK,COST IN $,600,0,200,1600,200,3,10,high,high,RISK,4
0,0,0,2,Bonus,381,No,Owns,8,16,39,2,14,DEDUCTIBLE,IN-NETWORK,COST IN $,600,0,200,1600,200,3,10,high,high,RISK,4
0,0,1,1,Hourly,2879,Yes,Rents,16,14,30,2,14,DEDUCTIBLE,IN-NETWORK,COST IN $,1600,0,200,600,200,3,10,high,high,RISK,4
1,2,0,0,Hourly,2246,No,Owns,17,14,34,2,14,DEDUCTIBLE,IN-NETWORK,COST IN $,1600,600,0,200,200,3,10,high,high,RISK,4
0,2,1,0,Hourly,3337,No,Rents,7,19,30,2,14,DEDUCTIBLE,IN-NETWORK,COST IN $,0,600,1600,200,200,3,10,high,high,RISK,4
1,1,1,1,Hourly,874,No,Owns,17,17,35,2,14,DEDUCTIBLE,IN-NETWORK,COST IN $,0,200,1600,600,200,3,10,high,high,RISK,4
0,1,0,0,Hourly,4470,Yes,Owns,6,15,48,2,14,DEDUCTIBLE,IN-NETWORK,COST IN $,1600,600,0,200,200,3,10,high,high,RISK,4
2,0,1,1,Hourly,3252,Yes,Owns,10,12,35,2,14,DEDUCTIBLE,IN-NETWORK,COST IN $,600,200,0,1600,200,3,10,high,high,RISK,4
0,2,0,1,Hourly,176,Yes,Rents,9,18,32,2,14,DEDUCTIBLE,IN-NETWORK,COST IN $,600,200,1600,0,200,3,10,high,high,RISK,4
1,0,2,0,Hourly,3681,Yes,Owns,6,13,27,2,14,DEDUCTIBLE,IN-NETWORK,COST IN $,1600,200,600,0,200,3,10,high,high,RISK,4
1,2,1,2,Hourly,1019,Yes,Owns,15,20,28,2,14,DEDUCTIBLE,IN-NETWORK,COST IN $,1600,200,600,0,200,3,10,high,high,RISK,4
1,2,1,1,Bonus,4493,Yes,Owns,18,14,29,2,14,DEDUCTIBLE,IN-NETWORK,COST IN $,0,1600,600,200,200,3,10,high,high,RISK,4
1,2,2,0,Salaried,1012,Yes,Owns,15,13,50,2,14,DEDUCTIBLE,IN-NETWORK,COST IN $,1600,600,0,200,200,3,10,high,high,RISK,4
0,0,1,1,Bonus,1248,Yes,Rents,7,20,35,2,14,DEDUCTIBLE,IN-NETWORK,COST IN $,200,0,600,1600,200,3,10,high,high,RISK,4
0,0,1,0,Salaried,1214,No,Owns,6,17,32,2,14,DEDUCTIBLE,IN-NETWORK,COST IN $,600,0,1600,200,200,3,10,high,high,RISK,4
1,0,1,0,Salaried,2852,Yes,Rents,6,16,31,2,14,DEDUCTIBLE,IN-NETWORK,COST IN $,0,1600,600,200,200,3,10,high,high,RISK,4
1,0,0,0,Bonus,1440,Yes,Owns,10,20,34,2,14,DEDUCTIBLE,IN-NETWORK,COST IN $,200,0,600,1600,200,3,10,high,high,RISK,4
1,0,1,0,Bonus,2951,No,Owns,11,11,30,2,14,DEDUCTIBLE,IN-NETWORK,COST IN $,1600,600,0,200,200,3,10,high,high,RISK,4
3,2,1,3,Salaried,4377,No,Rents,24,48,52,2,15,DEDUCTIBLE,IN-NETWORK,COST IN $,600,1600,200,0,0,4,20,high,high,RISK,4
1,1,2,1,Salaried,1919,No,Owns,25,33,56,2,15,DEDUCTIBLE,IN-NETWORK,COST IN $,1600,200,600,0,0,4,20,high,high,RISK,4
2,2,1,1,Salaried,4671,Yes,Rents,33,23,53,2,15,DEDUCTIBLE,IN-NETWORK,COST IN $,0,600,200,1600,0,4,20,high,high,RISK,4
3,2,1,1,Bonus,1139,No,Owns,29,38,56,2,15,DEDUCTIBLE,IN-NETWORK,COST IN $,0,200,1600,600,0,4,20,high,high,RISK,4
1,2,3,2,Bonus,3085,No,Rents,23,24,64,2,15,DEDUCTIBLE,IN-NETWORK,COST IN $,0,600,1600,200,0,4,20,high,high,RISK,4
1,2,3,1,Salaried,912,Yes,Rents,37,29,55,2,15,DEDUCTIBLE,IN-NETWORK,COST IN $,1600,600,0,200,0,4,20,high,high,RISK,4
2,1,3,2,Hourly,3561,Yes,Owns,28,26,51,2,15,DEDUCTIBLE,IN-NETWORK,COST IN $,0,1600,200,600,0,4,20,high,high,RISK,4
2,3,1,1,Hourly,4350,No,Rents,19,36,62,2,15,DEDUCTIBLE,IN-NETWORK,COST IN $,1600,600,200,0,0,4,20,high,high,RISK,4
3,3,2,3,Salaried,3664,No,Owns,18,38,64,2,15,DEDUCTIBLE,IN-NETWORK,COST IN $,600,0,200,1600,0,4,20,high,high,RISK,4
1,1,1,1,Bonus,1972,Yes,Owns,38,31,55,2,15,DEDUCTIBLE,IN-NETWORK,COST IN $,200,1600,0,600,0,4,20,high,high,RISK,4
1,1,3,3,Salaried,1235,Yes,Rents,32,31,59,2,15,DEDUCTIBLE,IN-NETWORK,COST IN $,600,200,0,1600,0,4,20,high,high,RISK,4
1,3,1,2,Bonus,2294,Yes,Owns,25,47,55,2,15,DEDUCTIBLE,IN-NETWORK,COST IN $,1600,200,600,0,0,4,20,high,high,RISK,4
1,2,3,1,Salaried,4592,Yes,Rents,37,41,60,2,15,DEDUCTIBLE,IN-NETWORK,COST IN $,0,600,200,1600,0,4,20,high,high,RISK,4
1,1,1,2,Hourly,2183,Yes,Owns,16,35,73,2,15,DEDUCTIBLE,IN-NETWORK,COST IN $,200,600,1600,0,0,4,20,high,high,RISK,4
2,2,3,2,Salaried,1622,Yes,Rents,21,24,60,2,15,DEDUCTIBLE,IN-NETWORK,COST IN $,200,600,1600,0,0,4,20,high,high,RISK,4
2,3,1,3,Salaried,4259,Yes,Rents,17,43,57,2,15,DEDUCTIBLE,IN-NETWORK,COST IN $,1600,600,200,0,0,4,20,high,high,RISK,4
3,2,2,3,Salaried,4138,No,Owns,37,25,52,2,15,DEDUCTIBLE,IN-NETWORK,COST IN $,1600,600,0,200,0,4,20,high,high,RISK,4
3,1,2,3,Bonus,2742,No,Owns,39,50,53,2,15,DEDUCTIBLE,IN-NETWORK,COST IN $,600,0,1600,200,0,4,20,high,high,RISK,4
1,1,1,3,Bonus,4027,Yes,Rents,21,31,54,2,15,DEDUCTIBLE,IN-NETWORK,COST IN $,200,1600,0,600,0,4,20,high,high,RISK,4
2,2,1,1,Bonus,3643,No,Rents,35,26,75,2,15,DEDUCTIBLE,IN-NETWORK,COST IN $,200,1600,600,0,0,4,20,high,high,RISK,4
2,1,3,1,Salaried,1855,No,Rents,39,49,60,2,15,DEDUCTIBLE,IN-NETWORK,COST IN $,0,200,600,1600,0,4,20,high,high,RISK,4
1,3,1,1,Bonus,4199,No,Owns,33,40,57,2,15,DEDUCTIBLE,IN-NETWORK,COST IN $,200,0,1600,600,0,4,20,high,high,RISK,4
1,3,2,1,Salaried,358,No,Rents,28,36,56,2,15,DEDUCTIBLE,IN-NETWORK,COST IN $,0,200,1600,600,0,4,20,high,high,RISK,4
2,2,2,1,Salaried,2175,No,Owns,35,49,59,2,15,DEDUCTIBLE,IN-NETWORK,COST IN $,200,1600,0,600,0,4,20,high,high,RISK,4
2,2,1,1,Bonus,2804,No,Owns,26,20,55,2,15,DEDUCTIBLE,IN-NETWORK,COST IN $,0,1600,200,600,0,4,20,high,high,RISK,4
3,3,3,2,Bonus,2793,Yes,Owns,39,48,52,2,15,DEDUCTIBLE,IN-NETWORK,COST IN $,200,0,600,1600,0,4,20,high,high,RISK,4
3,1,3,1,Salaried,1366,No,Owns,32,33,56,2,15,DEDUCTIBLE,IN-NETWORK,COST IN $,600,200,1600,0,0,4,20,high,high,RISK,4
1,2,2,3,Salaried,3990,No,Rents,30,23,53,2,15,DEDUCTIBLE,IN-NETWORK,COST IN $,1600,600,0,200,0,4,20,high,high,RISK,4
1,2,2,1,Salaried,1625,No,Owns,36,38,56,2,15,DEDUCTIBLE,IN-NETWORK,COST IN $,1600,200,600,0,0,4,20,high,high,RISK,4
2,3,1,1,Hourly,1178,No,Owns,15,24,64,2,15,DEDUCTIBLE,IN-NETWORK,COST IN $,200,0,1600,600,0,4,20,high,high,RISK,4
2,1,1,1,Hourly,2665,No,Rents,20,29,55,2,15,DEDUCTIBLE,IN-NETWORK,COST IN $,0,600,200,1600,0,4,20,high,high,RISK,4
2,3,3,1,Hourly,4144,No,Owns,23,26,51,2,15,DEDUCTIBLE,IN-NETWORK,COST IN $,1600,200,600,0,0,4,20,high,high,RISK,4
2,2,3,1,Hourly,2547,Yes,Owns,32,36,62,2,15,DEDUCTIBLE,IN-NETWORK,COST IN $,600,1600,200,0,0,4,20,high,high,RISK,4
2,1,2,1,Hourly,152,Yes,Owns,34,38,64,2,15,DEDUCTIBLE,IN-NETWORK,COST IN $,1600,0,200,600,0,4,20,high,high,RISK,4
1,1,1,1,Bonus,2909,Yes,Rents,23,31,55,2,15,DEDUCTIBLE,IN-NETWORK,COST IN $,0,1600,200,600,0,4,20,high,high,RISK,4
3,3,2,2,Bonus,2404,Yes,Owns,27,31,59,2,15,DEDUCTIBLE,IN-NETWORK,COST IN $,0,1600,600,200,0,4,20,high,high,RISK,4
3,1,2,3,Bonus,144,Yes,Owns,24,47,55,2,15,DEDUCTIBLE,IN-NETWORK,COST IN $,200,1600,600,0,0,4,20,high,high,RISK,4
3,1,2,1,Hourly,2250,No,Owns,26,41,60,2,15,DEDUCTIBLE,IN-NETWORK,COST IN $,600,0,200,1600,0,4,20,high,high,RISK,4
3,1,1,1,Hourly,4826,No,Owns,25,35,73,2,15,DEDUCTIBLE,IN-NETWORK,COST IN $,1600,0,600,200,0,4,20,high,high,RISK,4
2,2,1,1,Salaried,792,No,Owns,28,24,60,2,15,DEDUCTIBLE,IN-NETWORK,COST IN $,0,1600,200,600,0,4,20,high,high,RISK,4
1,3,1,2,Hourly,3429,No,Rents,34,43,57,2,15,DEDUCTIBLE,IN-NETWORK,COST IN $,600,200,1600,0,0,4,20,high,high,RISK,4
1,3,1,2,Hourly,1596,Yes,Owns,27,25,52,2,15,DEDUCTIBLE,IN-NETWORK,COST IN $,200,600,0,1600,0,4,20,high,high,RISK,4
2,3,3,1,Salaried,83,Yes,Owns,19,50,53,2,15,DEDUCTIBLE,IN-NETWORK,COST IN $,1600,600,0,200,0,4,20,high,high,RISK,4
2,3,1,3,Salaried,3601,No,Owns,17,31,54,2,15,DEDUCTIBLE,IN-NETWORK,COST IN $,1600,600,0,200,0,4,20,high,high,RISK,4
2,2,1,2,Bonus,861,No,Owns,34,26,75,2,15,DEDUCTIBLE,IN-NETWORK,COST IN $,0,1600,600,200,0,4,20,high,high,RISK,4
1,3,3,3,Salaried,2240,Yes,Rents,35,49,60,2,15,DEDUCTIBLE,IN-NETWORK,COST IN $,200,0,1600,600,0,4,20,high,high,RISK,4
1,1,1,1,Hourly,2384,No,Rents,17,40,57,2,15,DEDUCTIBLE,IN-NETWORK,COST IN $,200,0,1600,600,0,4,20,high,high,RISK,4
1,1,1,1,Bonus,2363,Yes,Rents,29,36,56,2,15,DEDUCTIBLE,IN-NETWORK,COST IN $,1600,200,600,0,0,4,20,high,high,RISK,4
2,1,3,1,Salaried,4539,No,Owns,24,49,59,2,15,DEDUCTIBLE,IN-NETWORK,COST IN $,600,1600,0,200,0,4,20,high,high,RISK,4
2,1,1,1,Bonus,489,No,Rents,23,20,55,2,15,DEDUCTIBLE,IN-NETWORK,COST IN $,600,200,1600,0,0,4,20,high,high,RISK,4
2,3,1,3,Bonus,4623,Yes,Owns,19,48,52,2,15,DEDUCTIBLE,IN-NETWORK,COST IN $,200,1600,600,0,0,4,20,high,high,RISK,4
2,1,1,1,Salaried,153,Yes,Owns,15,33,56,2,15,DEDUCTIBLE,IN-NETWORK,COST IN $,0,600,200,1600,0,4,20,high,high,RISK,4
1,3,3,2,Salaried,3954,No,Owns,17,23,53,2,15,DEDUCTIBLE,IN-NETWORK,COST IN $,0,1600,600,200,0,4,20,high,high,RISK,4
1,2,1,1,Salaried,4742,No,Rents,15,38,56,2,15,DEDUCTIBLE,IN-NETWORK,COST IN $,600,200,0,1600,0,4,20,high,high,RISK,4
1,1,1,2,Hourly,3289,No,Rents,35,24,64,2,15,DEDUCTIBLE,IN-NETWORK,COST IN $,0,1600,200,600,0,4,20,high,high,RISK,4
1,1,2,2,Bonus,3409,Yes,Rents,30,29,55,2,15,DEDUCTIBLE,IN-NETWORK,COST IN $,0,200,1600,600,0,4,20,high,high,RISK,4
1,1,3,2,Bonus,3179,No,Rents,21,26,51,2,15,DEDUCTIBLE,IN-NETWORK,COST IN $,200,0,1600,600,0,4,20,high,high,RISK,4
1,1,1,2,Bonus,4271,No,Rents,22,36,62,2,15,DEDUCTIBLE,IN-NETWORK,COST IN $,600,1600,200,0,0,4,20,high,high,RISK,4
1,1,1,1,Hourly,4605,Yes,Rents,24,38,64,2,15,DEDUCTIBLE,IN-NETWORK,COST IN $,600,200,0,1600,0,4,20,high,high,RISK,4
1,3,3,3,Salaried,3042,Yes,Rents,16,31,55,2,15,DEDUCTIBLE,IN-NETWORK,COST IN $,1600,600,200,0,0,4,20,high,high,RISK,4
1,3,3,1,Hourly,170,No,Rents,37,31,59,2,15,DEDUCTIBLE,IN-NETWORK,COST IN $,1600,0,600,200,0,4,20,high,high,RISK,4
1,1,1,3,Salaried,2062,No,Rents,20,47,55,2,15,DEDUCTIBLE,IN-NETWORK,COST IN $,200,1600,0,600,0,4,20,high,high,RISK,4
2,2,3,3,Bonus,1962,No,Rents,15,41,60,2,15,DEDUCTIBLE,IN-NETWORK,COST IN $,200,600,0,1600,0,4,20,high,high,RISK,4
1,1,1,1,Bonus,1006,No,Owns,27,35,73,2,15,DEDUCTIBLE,IN-NETWORK,COST IN $,200,1600,600,0,0,4,20,high,high,RISK,4
1,3,2,3,Salaried,4555,No,Rents,20,24,60,2,15,DEDUCTIBLE,IN-NETWORK,COST IN $,0,600,1600,200,0,4,20,high,high,RISK,4
3,1,2,1,Bonus,458,No,Rents,25,43,57,2,15,DEDUCTIBLE,IN-NETWORK,COST IN $,200,600,0,1600,0,4,20,high,high,RISK,4
3,1,3,1,Hourly,1593,No,Owns,16,25,52,2,15,DEDUCTIBLE,IN-NETWORK,COST IN $,200,0,600,1600,0,4,20,high,high,RISK,4
1,3,1,2,Hourly,4519,Yes,Owns,26,50,53,2,15,DEDUCTIBLE,IN-NETWORK,COST IN $,200,0,600,1600,0,4,20,high,high,RISK,4
1,2,1,1,Bonus,2639,No,Rents,16,31,54,2,15,DEDUCTIBLE,IN-NETWORK,COST IN $,200,600,0,1600,0,4,20,high,high,RISK,4
1,1,3,1,Hourly,2563,Yes,Rents,35,26,75,2,15,DEDUCTIBLE,IN-NETWORK,COST IN $,200,0,1600,600,0,4,20,high,high,RISK,4
1,2,3,2,Bonus,2810,Yes,Owns,35,49,60,2,15,DEDUCTIBLE,IN-NETWORK,COST IN $,1600,0,600,200,0,4,20,high,high,RISK,4
2,2,1,2,Hourly,2954,Yes,Owns,39,40,57,2,15,DEDUCTIBLE,IN-NETWORK,COST IN $,1600,600,0,200,0,4,20,high,high,RISK,4
2,1,3,1,Hourly,2299,Yes,Owns,31,36,56,2,15,DEDUCTIBLE,IN-NETWORK,COST IN $,200,0,600,1600,0,4,20,high,high,RISK,4
1,1,2,3,Hourly,1155,No,Rents,16,49,59,2,15,DEDUCTIBLE,IN-NETWORK,COST IN $,200,0,600,1600,0,4,20,high,high,RISK,4
2,1,3,1,Bonus,1856,Yes,Rents,31,20,55,2,15,DEDUCTIBLE,IN-NETWORK,COST IN $,0,600,1600,200,0,4,20,high,high,RISK,4
3,2,2,1,Salaried,3352,Yes,Rents,18,48,52,2,15,DEDUCTIBLE,IN-NETWORK,COST IN $,0,200,1600,600,0,4,20,high,high,RISK,4
3,1,1,2,Hourly,3735,Yes,Owns,34,33,56,2,15,DEDUCTIBLE,IN-NETWORK,COST IN $,0,600,200,1600,0,4,20,high,high,RISK,4
3,2,1,3,Salaried,1125,Yes,Rents,18,23,53,2,15,DEDUCTIBLE,IN-NETWORK,COST IN $,0,600,1600,200,0,4,20,high,high,RISK,4
3,1,2,1,Bonus,4695,No,Owns,15,38,56,2,15,DEDUCTIBLE,IN-NETWORK,COST IN $,600,200,1600,0,0,4,20,high,high,RISK,4
2,2,2,2,Salaried,1210,No,Rents,38,24,64,2,15,DEDUCTIBLE,IN-NETWORK,COST IN $,0,200,1600,600,0,4,20,high,high,RISK,4
2,3,2,1,Bonus,3149,No,Owns,17,29,55,2,15,DEDUCTIBLE,IN-NETWORK,COST IN $,200,1600,0,600,0,4,20,high,high,RISK,4
2,2,2,2,Bonus,3757,No,Rents,18,26,51,2,15,DEDUCTIBLE,IN-NETWORK,COST IN $,0,1600,600,200,0,4,20,high,high,RISK,4
3,1,3,2,Salaried,4038,Yes,Rents,28,36,62,2,15,DEDUCTIBLE,IN-NETWORK,COST IN $,1600,0,200,600,0,4,20,high,high,RISK,4
1,1,1,3,Bonus,381,No,Owns,20,38,64,2,15,DEDUCTIBLE,IN-NETWORK,COST IN $,200,1600,600,0,0,4,20,high,high,RISK,4
1,1,1,2,Hourly,2879,Yes,Rents,37,31,55,2,15,DEDUCTIBLE,IN-NETWORK,COST IN $,200,1600,0,600,0,4,20,high,high,RISK,4
2,3,1,1,Hourly,2246,No,Owns,38,31,59,2,15,DEDUCTIBLE,IN-NETWORK,COST IN $,200,0,600,1600,0,4,20,high,high,RISK,4
1,3,2,1,Hourly,3337,No,Rents,18,47,55,2,15,DEDUCTIBLE,IN-NETWORK,COST IN $,600,200,1600,0,0,4,20,high,high,RISK,4
2,2,1,2,Hourly,874,No,Owns,38,41,60,2,15,DEDUCTIBLE,IN-NETWORK,COST IN $,200,0,600,1600,0,4,20,high,high,RISK,4
1,2,1,1,Hourly,4470,Yes,Owns,16,35,73,2,15,DEDUCTIBLE,IN-NETWORK,COST IN $,0,200,1600,600,0,4,20,high,high,RISK,4
3,1,3,1,Hourly,3252,Yes,Owns,24,24,60,2,15,DEDUCTIBLE,IN-NETWORK,COST IN $,0,200,1600,600,0,4,20,high,high,RISK,4
1,3,1,2,Hourly,176,Yes,Rents,23,43,57,2,15,DEDUCTIBLE,IN-NETWORK,COST IN $,600,1600,0,200,0,4,20,high,high,RISK,4
2,1,3,1,Hourly,3681,Yes,Owns,17,25,52,2,15,DEDUCTIBLE,IN-NETWORK,COST IN $,600,0,1600,200,0,4,20,high,high,RISK,4
1,3,2,3,Hourly,1019,Yes,Owns,35,50,53,2,15,DEDUCTIBLE,IN-NETWORK,COST IN $,200,600,1600,0,0,4,20,high,high,RISK,4
1,3,2,1,Bonus,4493,Yes,Owns,39,31,54,2,15,DEDUCTIBLE,IN-NETWORK,COST IN $,1600,600,0,200,0,4,20,high,high,RISK,4
1,3,3,1,Salaried,1012,Yes,Owns,34,26,75,2,15,DEDUCTIBLE,IN-NETWORK,COST IN $,0,1600,200,600,0,4,20,high,high,RISK,4
1,1,2,1,Bonus,1248,Yes,Rents,18,49,60,2,15,DEDUCTIBLE,IN-NETWORK,COST IN $,600,1600,200,0,0,4,20,high,high,RISK,4
1,1,2,1,Salaried,1214,No,Owns,17,40,57,2,15,DEDUCTIBLE,IN-NETWORK,COST IN $,0,600,200,1600,0,4,20,high,high,RISK,4
2,1,1,1,Salaried,2852,Yes,Rents,18,36,56,2,15,DEDUCTIBLE,IN-NETWORK,COST IN $,1600,200,600,0,0,4,20,high,high,RISK,4
2,1,1,1,Bonus,1440,Yes,Owns,24,49,59,2,15,DEDUCTIBLE,IN-NETWORK,COST IN $,0,1600,600,200,0,4,20,high,high,RISK,4
3,1,3,1,Bonus,2951,No,Owns,26,20,55,2,15,DEDUCTIBLE,IN-NETWORK,COST IN $,1600,0,200,600,0,4,20,high,high,RISK,4
4,3,2,4,Salaried,4377,No,Rents,46,73,76,2,16,DEDUCTIBLE,IN-NETWORK,COST IN $,600,0,200,1600,0,4,50,high,high,RISK,4
2,3,4,2,Salaried,1919,No,Owns,48,61,80,2,16,DEDUCTIBLE,IN-NETWORK,COST IN $,1600,600,200,0,0,4,50,high,high,RISK,4
4,4,3,2,Salaried,4671,Yes,Rents,57,53,77,2,16,DEDUCTIBLE,IN-NETWORK,COST IN $,200,600,1600,0,0,4,50,high,high,RISK,4
4,4,2,2,Bonus,1139,No,Owns,52,65,80,2,16,DEDUCTIBLE,IN-NETWORK,COST IN $,0,1600,200,600,0,4,50,high,high,RISK,4
3,4,4,3,Bonus,3085,No,Rents,45,54,88,2,16,DEDUCTIBLE,IN-NETWORK,COST IN $,1600,200,0,600,0,4,50,high,high,RISK,4
3,4,4,3,Salaried,912,Yes,Rents,61,58,79,2,16,DEDUCTIBLE,IN-NETWORK,COST IN $,600,1600,200,0,0,4,50,high,high,RISK,4
4,3,4,3,Hourly,3561,Yes,Owns,51,56,75,2,16,DEDUCTIBLE,IN-NETWORK,COST IN $,0,600,200,1600,0,4,50,high,high,RISK,4
4,4,2,2,Hourly,4350,No,Rents,40,64,87,2,16,DEDUCTIBLE,IN-NETWORK,COST IN $,1600,0,200,600,0,4,50,high,high,RISK,4
4,4,4,4,Salaried,3664,No,Owns,39,65,88,2,16,DEDUCTIBLE,IN-NETWORK,COST IN $,600,1600,200,0,0,4,50,high,high,RISK,4
2,3,3,3,Bonus,1972,Yes,Owns,62,60,80,2,16,DEDUCTIBLE,IN-NETWORK,COST IN $,600,200,0,1600,0,4,50,high,high,RISK,4
3,2,4,4,Salaried,1235,Yes,Rents,55,60,83,2,16,DEDUCTIBLE,IN-NETWORK,COST IN $,1600,0,200,600,0,4,50,high,high,RISK,4
2,4,3,3,Bonus,2294,Yes,Owns,47,72,79,2,16,DEDUCTIBLE,IN-NETWORK,COST IN $,1600,200,0,600,0,4,50,high,high,RISK,4
2,3,4,3,Salaried,4592,Yes,Rents,62,68,84,2,16,DEDUCTIBLE,IN-NETWORK,COST IN $,600,1600,200,0,0,4,50,high,high,RISK,4
3,3,3,4,Hourly,2183,Yes,Owns,37,63,98,2,16,DEDUCTIBLE,IN-NETWORK,COST IN $,0,200,600,1600,0,4,50,high,high,RISK,4
3,3,4,3,Salaried,1622,Yes,Rents,42,55,84,2,16,DEDUCTIBLE,IN-NETWORK,COST IN $,200,1600,600,0,0,4,50,high,high,RISK,4
3,4,3,4,Salaried,4259,Yes,Rents,37,70,81,2,16,DEDUCTIBLE,IN-NETWORK,COST IN $,0,1600,600,200,0,4,50,high,high,RISK,4
4,3,3,4,Salaried,4138,No,Owns,62,55,76,2,16,DEDUCTIBLE,IN-NETWORK,COST IN $,0,200,600,1600,0,4,50,high,high,RISK,4
4,3,4,4,Bonus,2742,No,Owns,64,75,77,2,16,DEDUCTIBLE,IN-NETWORK,COST IN $,200,600,1600,0,0,4,50,high,high,RISK,4
3,3,3,4,Bonus,4027,Yes,Rents,43,60,78,2,16,DEDUCTIBLE,IN-NETWORK,COST IN $,1600,200,0,600,0,4,50,high,high,RISK,4
4,4,2,2,Bonus,3643,No,Rents,59,56,100,2,16,DEDUCTIBLE,IN-NETWORK,COST IN $,0,1600,200,600,0,4,50,high,high,RISK,4
4,2,4,2,Salaried,1855,No,Rents,63,74,85,2,16,DEDUCTIBLE,IN-NETWORK,COST IN $,600,200,0,1600,0,4,50,high,high,RISK,4
3,4,2,3,Bonus,4199,No,Owns,57,67,81,2,16,DEDUCTIBLE,IN-NETWORK,COST IN $,200,600,1600,0,0,4,50,high,high,RISK,4
3,4,3,2,Salaried,358,No,Rents,50,64,80,2,16,DEDUCTIBLE,IN-NETWORK,COST IN $,600,1600,200,0,0,4,50,high,high,RISK,4
4,3,4,3,Salaried,2175,No,Owns,59,75,83,2,16,DEDUCTIBLE,IN-NETWORK,COST IN $,200,0,600,1600,0,4,50,high,high,RISK,4
4,4,2,2,Bonus,2804,No,Owns,48,51,79,2,16,DEDUCTIBLE,IN-NETWORK,COST IN $,600,1600,0,200,0,4,50,high,high,RISK,4
4,4,4,4,Bonus,2793,Yes,Owns,63,73,76,2,16,DEDUCTIBLE,IN-NETWORK,COST IN $,0,600,1600,200,0,4,50,high,high,RISK,4
4,3,4,2,Salaried,1366,No,Owns,56,61,80,2,16,DEDUCTIBLE,IN-NETWORK,COST IN $,1600,200,600,0,0,4,50,high,high,RISK,4
2,4,4,4,Salaried,3990,No,Rents,53,53,77,2,16,DEDUCTIBLE,IN-NETWORK,COST IN $,600,1600,200,0,0,4,50,high,high,RISK,4
2,4,3,3,Salaried,1625,No,Owns,60,65,80,2,16,DEDUCTIBLE,IN-NETWORK,COST IN $,600,1600,0,200,0,4,50,high,high,RISK,4
4,4,3,3,Hourly,1178,No,Owns,35,54,88,2,16,DEDUCTIBLE,IN-NETWORK,COST IN $,1600,600,0,200,0,4,50,high,high,RISK,4
3,3,2,2,Hourly,2665,No,Rents,41,58,79,2,16,DEDUCTIBLE,IN-NETWORK,COST IN $,1600,0,600,200,0,4,50,high,high,RISK,4
4,4,4,2,Hourly,4144,No,Owns,44,56,75,2,16,DEDUCTIBLE,IN-NETWORK,COST IN $,1600,600,200,0,0,4,50,high,high,RISK,4
3,3,4,3,Hourly,2547,Yes,Owns,55,64,87,2,16,DEDUCTIBLE,IN-NETWORK,COST IN $,600,0,200,1600,0,4,50,high,high,RISK,4
4,3,4,2,Hourly,152,Yes,Owns,58,65,88,2,16,DEDUCTIBLE,IN-NETWORK,COST IN $,0,600,200,1600,0,4,50,high,high,RISK,4
3,2,2,3,Bonus,2909,Yes,Rents,45,60,80,2,16,DEDUCTIBLE,IN-NETWORK,COST IN $,600,1600,0,200,0,4,50,high,high,RISK,4
4,4,3,3,Bonus,2404,Yes,Owns,49,60,83,2,16,DEDUCTIBLE,IN-NETWORK,COST IN $,600,0,200,1600,0,4,50,high,high,RISK,4
4,2,4,4,Bonus,144,Yes,Owns,46,72,79,2,16,DEDUCTIBLE,IN-NETWORK,COST IN $,200,600,0,1600,0,4,50,high,high,RISK,4
4,2,4,2,Hourly,2250,No,Owns,48,68,84,2,16,DEDUCTIBLE,IN-NETWORK,COST IN $,1600,0,600,200,0,4,50,high,high,RISK,4
4,3,3,3,Hourly,4826,No,Owns,47,63,98,2,16,DEDUCTIBLE,IN-NETWORK,COST IN $,0,200,600,1600,0,4,50,high,high,RISK,4
4,4,2,3,Salaried,792,No,Owns,50,55,84,2,16,DEDUCTIBLE,IN-NETWORK,COST IN $,1600,0,600,200,0,4,50,high,high,RISK,4
2,4,2,3,Hourly,3429,No,Rents,58,70,81,2,16,DEDUCTIBLE,IN-NETWORK,COST IN $,1600,600,0,200,0,4,50,high,high,RISK,4
3,4,3,4,Hourly,1596,Yes,Owns,50,55,76,2,16,DEDUCTIBLE,IN-NETWORK,COST IN $,1600,200,600,0,0,4,50,high,high,RISK,4
4,4,4,3,Salaried,83,Yes,Owns,40,75,77,2,16,DEDUCTIBLE,IN-NETWORK,COST IN $,200,1600,600,0,0,4,50,high,high,RISK,4
4,4,3,4,Salaried,3601,No,Owns,38,60,78,2,16,DEDUCTIBLE,IN-NETWORK,COST IN $,1600,0,200,600,0,4,50,high,high,RISK,4
3,4,2,4,Bonus,861,No,Owns,58,56,100,2,16,DEDUCTIBLE,IN-NETWORK,COST IN $,0,600,200,1600,0,4,50,high,high,RISK,4
2,4,4,4,Salaried,2240,Yes,Rents,59,74,85,2,16,DEDUCTIBLE,IN-NETWORK,COST IN $,1600,600,0,200,0,4,50,high,high,RISK,4
3,3,2,2,Hourly,2384,No,Rents,37,67,81,2,16,DEDUCTIBLE,IN-NETWORK,COST IN $,0,200,1600,600,0,4,50,high,high,RISK,4
2,2,3,3,Bonus,2363,Yes,Rents,52,64,80,2,16,DEDUCTIBLE,IN-NETWORK,COST IN $,1600,200,600,0,0,4,50,high,high,RISK,4
3,3,4,2,Salaried,4539,No,Owns,45,75,83,2,16,DEDUCTIBLE,IN-NETWORK,COST IN $,200,600,0,1600,0,4,50,high,high,RISK,4
3,3,2,2,Bonus,489,No,Rents,45,51,79,2,16,DEDUCTIBLE,IN-NETWORK,COST IN $,200,1600,0,600,0,4,50,high,high,RISK,4
4,4,2,4,Bonus,4623,Yes,Owns,40,73,76,2,16,DEDUCTIBLE,IN-NETWORK,COST IN $,600,200,0,1600,0,4,50,high,high,RISK,4
3,3,3,2,Salaried,153,Yes,Owns,36,61,80,2,16,DEDUCTIBLE,IN-NETWORK,COST IN $,0,600,1600,200,0,4,50,high,high,RISK,4
3,4,4,4,Salaried,3954,No,Owns,38,53,77,2,16,DEDUCTIBLE,IN-NETWORK,COST IN $,200,1600,600,0,0,4,50,high,high,RISK,4
3,3,2,3,Salaried,4742,No,Rents,35,65,80,2,16,DEDUCTIBLE,IN-NETWORK,COST IN $,0,200,600,1600,0,4,50,high,high,RISK,4
2,2,2,3,Hourly,3289,No,Rents,59,54,88,2,16,DEDUCTIBLE,IN-NETWORK,COST IN $,200,1600,600,0,0,4,50,high,high,RISK,4
2,2,3,3,Bonus,3409,Yes,Rents,54,58,79,2,16,DEDUCTIBLE,IN-NETWORK,COST IN $,0,600,200,1600,0,4,50,high,high,RISK,4
3,3,4,3,Bonus,3179,No,Rents,42,56,75,2,16,DEDUCTIBLE,IN-NETWORK,COST IN $,1600,600,0,200,0,4,50,high,high,RISK,4
3,3,2,4,Bonus,4271,No,Rents,43,64,87,2,16,DEDUCTIBLE,IN-NETWORK,COST IN $,600,200,0,1600,0,4,50,high,high,RISK,4
3,3,3,2,Hourly,4605,Yes,Rents,46,65,88,2,16,DEDUCTIBLE,IN-NETWORK,COST IN $,0,1600,200,600,0,4,50,high,high,RISK,4
2,4,4,4,Salaried,3042,Yes,Rents,37,60,80,2,16,DEDUCTIBLE,IN-NETWORK,COST IN $,600,200,0,1600,0,4,50,high,high,RISK,4
2,4,4,3,Hourly,170,No,Rents,61,60,83,2,16,DEDUCTIBLE,IN-NETWORK,COST IN $,600,200,1600,0,0,4,50,high,high,RISK,4
2,3,3,4,Salaried,2062,No,Rents,40,72,79,2,16,DEDUCTIBLE,IN-NETWORK,COST IN $,0,200,600,1600,0,4,50,high,high,RISK,4
4,4,4,4,Bonus,1962,No,Rents,35,68,84,2,16,DEDUCTIBLE,IN-NETWORK,COST IN $,1600,0,600,200,0,4,50,high,high,RISK,4
2,2,3,2,Bonus,1006,No,Owns,50,63,98,2,16,DEDUCTIBLE,IN-NETWORK,COST IN $,200,1600,0,600,0,4,50,high,high,RISK,4
2,4,3,4,Salaried,4555,No,Rents,42,55,84,2,16,DEDUCTIBLE,IN-NETWORK,COST IN $,200,1600,0,600,0,4,50,high,high,RISK,4
4,3,4,3,Bonus,458,No,Rents,46,70,81,2,16,DEDUCTIBLE,IN-NETWORK,COST IN $,1600,200,600,0,0,4,50,high,high,RISK,4
4,3,4,3,Hourly,1593,No,Owns,36,55,76,2,16,DEDUCTIBLE,IN-NETWORK,COST IN $,1600,0,200,600,0,4,50,high,high,RISK,4
3,4,2,3,Hourly,4519,Yes,Owns,48,75,77,2,16,DEDUCTIBLE,IN-NETWORK,COST IN $,1600,600,200,0,0,4,50,high,high,RISK,4
2,4,3,3,Bonus,2639,No,Rents,36,60,78,2,16,DEDUCTIBLE,IN-NETWORK,COST IN $,1600,0,200,600,0,4,50,high,high,RISK,4
2,3,4,3,Hourly,2563,Yes,Rents,59,56,100,2,16,DEDUCTIBLE,IN-NETWORK,COST IN $,1600,600,200,0,0,4,50,high,high,RISK,4
3,4,4,4,Bonus,2810,Yes,Owns,58,74,85,2,16,DEDUCTIBLE,IN-NETWORK,COST IN $,200,600,0,1600,0,4,50,high,high,RISK,4
3,4,3,4,Hourly,2954,Yes,Owns,64,67,81,2,16,DEDUCTIBLE,IN-NETWORK,COST IN $,600,1600,200,0,0,4,50,high,high,RISK,4
3,2,4,3,Hourly,2299,Yes,Owns,54,64,80,2,16,DEDUCTIBLE,IN-NETWORK,COST IN $,600,0,1600,200,0,4,50,high,high,RISK,4
2,3,4,4,Hourly,1155,No,Rents,37,75,83,2,16,DEDUCTIBLE,IN-NETWORK,COST IN $,600,1600,0,200,0,4,50,high,high,RISK,4
4,2,4,3,Bonus,1856,Yes,Rents,55,51,79,2,16,DEDUCTIBLE,IN-NETWORK,COST IN $,200,0,600,1600,0,4,50,high,high,RISK,4
4,4,3,3,Salaried,3352,Yes,Rents,38,73,76,2,16,DEDUCTIBLE,IN-NETWORK,COST IN $,1600,600,200,0,0,4,50,high,high,RISK,4
4,3,2,3,Hourly,3735,Yes,Owns,58,61,80,2,16,DEDUCTIBLE,IN-NETWORK,COST IN $,200,600,1600,0,0,4,50,high,high,RISK,4
4,3,3,4,Salaried,1125,Yes,Rents,38,53,77,2,16,DEDUCTIBLE,IN-NETWORK,COST IN $,1600,200,0,600,0,4,50,high,high,RISK,4
4,2,4,2,Bonus,4695,No,Owns,35,65,80,2,16,DEDUCTIBLE,IN-NETWORK,COST IN $,1600,0,600,200,0,4,50,high,high,RISK,4
3,3,3,4,Salaried,1210,No,Rents,62,54,88,2,16,DEDUCTIBLE,IN-NETWORK,COST IN $,600,200,1600,0,0,4,50,high,high,RISK,4
4,4,4,2,Bonus,3149,No,Owns,37,58,79,2,16,DEDUCTIBLE,IN-NETWORK,COST IN $,1600,200,600,0,0,4,50,high,high,RISK,4
4,3,4,4,Bonus,3757,No,Rents,38,56,75,2,16,DEDUCTIBLE,IN-NETWORK,COST IN $,600,0,1600,200,0,4,50,high,high,RISK,4
4,3,4,4,Salaried,4038,Yes,Rents,51,64,87,2,16,DEDUCTIBLE,IN-NETWORK,COST IN $,600,0,200,1600,0,4,50,high,high,RISK,4
2,3,3,4,Bonus,381,No,Owns,41,65,88,2,16,DEDUCTIBLE,IN-NETWORK,COST IN $,600,200,1600,0,0,4,50,high,high,RISK,4
3,3,3,3,Hourly,2879,Yes,Rents,61,60,80,2,16,DEDUCTIBLE,IN-NETWORK,COST IN $,1600,600,200,0,0,4,50,high,high,RISK,4
4,4,3,2,Hourly,2246,No,Owns,62,60,83,2,16,DEDUCTIBLE,IN-NETWORK,COST IN $,600,200,0,1600,0,4,50,high,high,RISK,4
2,4,3,2,Hourly,3337,No,Rents,39,72,79,2,16,DEDUCTIBLE,IN-NETWORK,COST IN $,0,600,200,1600,0,4,50,high,high,RISK,4
4,3,3,4,Hourly,874,No,Owns,63,68,84,2,16,DEDUCTIBLE,IN-NETWORK,COST IN $,200,600,1600,0,0,4,50,high,high,RISK,4
3,4,2,3,Hourly,4470,Yes,Owns,36,63,98,2,16,DEDUCTIBLE,IN-NETWORK,COST IN $,1600,0,200,600,0,4,50,high,high,RISK,4
4,3,4,3,Hourly,3252,Yes,Owns,46,55,84,2,16,DEDUCTIBLE,IN-NETWORK,COST IN $,1600,0,600,200,0,4,50,high,high,RISK,4
3,4,2,3,Hourly,176,Yes,Rents,45,70,81,2,16,DEDUCTIBLE,IN-NETWORK,COST IN $,600,200,0,1600,0,4,50,high,high,RISK,4
4,3,4,2,Hourly,3681,Yes,Owns,38,55,76,2,16,DEDUCTIBLE,IN-NETWORK,COST IN $,600,200,0,1600,0,4,50,high,high,RISK,4
3,4,4,4,Hourly,1019,Yes,Owns,59,75,77,2,16,DEDUCTIBLE,IN-NETWORK,COST IN $,1600,600,200,0,0,4,50,high,high,RISK,4
3,4,4,3,Bonus,4493,Yes,Owns,64,60,78,2,16,DEDUCTIBLE,IN-NETWORK,COST IN $,0,1600,600,200,0,4,50,high,high,RISK,4
2,2,4,3,Bonus,1248,Yes,Rents,39,74,85,2,16,DEDUCTIBLE,IN-NETWORK,COST IN $,200,600,0,1600,0,4,50,high,high,RISK,4
2,3,3,3,Salaried,1214,No,Owns,37,67,81,2,16,DEDUCTIBLE,IN-NETWORK,COST IN $,200,0,600,1600,0,4,50,high,high,RISK,4
4,3,3,2,Salaried,2852,Yes,Rents,38,64,80,2,16,DEDUCTIBLE,IN-NETWORK,COST IN $,1600,200,0,600,0,4,50,high,high,RISK,4
3,3,2,2,Bonus,1440,Yes,Owns,46,75,83,2,16,DEDUCTIBLE,IN-NETWORK,COST IN $,1600,600,200,0,0,4,50,high,high,RISK,4
4,2,4,3,Bonus,2951,No,Owns,48,51,79,2,16,DEDUCTIBLE,IN-NETWORK,COST IN $,200,0,600,1600,0,4,50,high,high,RISK,4
1,0,0,1,Salaried,4377,No,Rents,4,9,1,4,1,OUT-OF-POCKET MAXIMUM,TIER 1 NETWORK,MAXIMUM COST,4000,1500,6450,1000,6450,1,5,low,low,RISK,1
0,0,1,0,Salaried,1919,No,Owns,4,4,5,4,1,OUT-OF-POCKET MAXIMUM,TIER 1 NETWORK,MAXIMUM COST,1500,6450,4000,1000,6450,1,5,low,low,RISK,1
0,0,0,0,Salaried,4671,Yes,Rents,7,1,2,4,1,OUT-OF-POCKET MAXIMUM,TIER 1 NETWORK,MAXIMUM COST,1500,6450,1000,4000,6450,1,5,low,low,RISK,1
1,1,0,0,Bonus,1139,No,Owns,6,6,5,4,1,OUT-OF-POCKET MAXIMUM,TIER 1 NETWORK,MAXIMUM COST,6450,4000,1500,1000,6450,1,5,low,low,RISK,1
0,1,1,0,Bonus,3085,No,Rents,3,1,13,4,1,OUT-OF-POCKET MAXIMUM,TIER 1 NETWORK,MAXIMUM COST,4000,6450,1500,1000,6450,1,5,low,low,RISK,1
0,1,1,0,Salaried,912,Yes,Rents,9,3,4,4,1,OUT-OF-POCKET MAXIMUM,TIER 1 NETWORK,MAXIMUM COST,6450,4000,1500,1000,6450,1,5,low,low,RISK,1
1,0,1,0,Hourly,3561,Yes,Owns,5,2,0,4,1,OUT-OF-POCKET MAXIMUM,TIER 1 NETWORK,MAXIMUM COST,1500,1000,4000,6450,6450,1,5,low,low,RISK,1
1,1,0,0,Hourly,4350,No,Rents,2,5,12,4,1,OUT-OF-POCKET MAXIMUM,TIER 1 NETWORK,MAXIMUM COST,6450,4000,1000,1500,6450,1,5,low,low,RISK,1
1,1,0,1,Salaried,3664,No,Owns,1,6,13,4,1,OUT-OF-POCKET MAXIMUM,TIER 1 NETWORK,MAXIMUM COST,1000,4000,1500,6450,6450,1,5,low,low,RISK,1
0,0,0,0,Bonus,1972,Yes,Owns,9,4,5,4,1,OUT-OF-POCKET MAXIMUM,TIER 1 NETWORK,MAXIMUM COST,1500,1000,4000,6450,6450,1,5,low,low,RISK,1
0,0,1,1,Salaried,1235,Yes,Rents,7,4,8,4,1,OUT-OF-POCKET MAXIMUM,TIER 1 NETWORK,MAXIMUM COST,1000,4000,1500,6450,6450,1,5,low,low,RISK,1
0,1,0,0,Bonus,2294,Yes,Owns,4,9,4,4,1,OUT-OF-POCKET MAXIMUM,TIER 1 NETWORK,MAXIMUM COST,1000,4000,1500,6450,6450,1,5,low,low,RISK,1
0,0,1,0,Salaried,4592,Yes,Rents,9,7,9,4,1,OUT-OF-POCKET MAXIMUM,TIER 1 NETWORK,MAXIMUM COST,1500,4000,6450,1000,6450,1,5,low,low,RISK,1
0,0,0,1,Hourly,2183,Yes,Owns,1,5,23,4,1,OUT-OF-POCKET MAXIMUM,TIER 1 NETWORK,MAXIMUM COST,1000,1500,4000,6450,6450,1,5,low,low,RISK,1
0,0,1,0,Salaried,1622,Yes,Rents,2,1,9,4,1,OUT-OF-POCKET MAXIMUM,TIER 1 NETWORK,MAXIMUM COST,1000,1500,4000,6450,6450,1,5,low,low,RISK,1
1,0,0,1,Salaried,4138,No,Owns,9,2,1,4,1,OUT-OF-POCKET MAXIMUM,TIER 1 NETWORK,MAXIMUM COST,1000,4000,6450,1500,6450,1,5,low,low,RISK,1
1,0,0,1,Bonus,2742,No,Owns,10,10,2,4,1,OUT-OF-POCKET MAXIMUM,TIER 1 NETWORK,MAXIMUM COST,6450,4000,1500,1000,6450,1,5,low,low,RISK,1
0,0,0,1,Bonus,4027,Yes,Rents,3,4,3,4,1,OUT-OF-POCKET MAXIMUM,TIER 1 NETWORK,MAXIMUM COST,4000,6450,1000,1500,6450,1,5,low,low,RISK,1
1,0,0,0,Bonus,3643,No,Rents,8,2,25,4,1,OUT-OF-POCKET MAXIMUM,TIER 1 NETWORK,MAXIMUM COST,1000,1500,4000,6450,6450,1,5,low,low,RISK,1
1,0,1,0,Salaried,1855,No,Rents,9,10,10,4,1,OUT-OF-POCKET MAXIMUM,TIER 1 NETWORK,MAXIMUM COST,1000,6450,4000,1500,6450,1,5,low,low,RISK,1
0,1,0,0,Bonus,4199,No,Owns,7,7,6,4,1,OUT-OF-POCKET MAXIMUM,TIER 1 NETWORK,MAXIMUM COST,4000,1500,1000,6450,6450,1,5,low,low,RISK,1
0,1,0,0,Salaried,358,No,Rents,5,5,5,4,1,OUT-OF-POCKET MAXIMUM,TIER 1 NETWORK,MAXIMUM COST,6450,4000,1000,1500,6450,1,5,low,low,RISK,1
0,0,1,0,Salaried,2175,No,Owns,8,10,8,4,1,OUT-OF-POCKET MAXIMUM,TIER 1 NETWORK,MAXIMUM COST,1500,6450,4000,1000,6450,1,5,low,low,RISK,1
0,1,0,0,Bonus,2804,No,Owns,4,0,4,4,1,OUT-OF-POCKET MAXIMUM,TIER 1 NETWORK,MAXIMUM COST,1000,4000,6450,1500,6450,1,5,low,low,RISK,1
1,1,1,0,Bonus,2793,Yes,Owns,9,9,1,4,1,OUT-OF-POCKET MAXIMUM,TIER 1 NETWORK,MAXIMUM COST,1500,6450,4000,1000,6450,1,5,low,low,RISK,1
1,0,1,0,Salaried,1366,No,Owns,7,4,5,4,1,OUT-OF-POCKET MAXIMUM,TIER 1 NETWORK,MAXIMUM COST,6450,4000,1500,1000,6450,1,5,low,low,RISK,1
0,1,1,1,Salaried,3990,No,Rents,6,1,2,4,1,OUT-OF-POCKET MAXIMUM,TIER 1 NETWORK,MAXIMUM COST,6450,4000,1000,1500,6450,1,5,low,low,RISK,1
0,0,0,0,Salaried,1625,No,Owns,8,6,5,4,1,OUT-OF-POCKET MAXIMUM,TIER 1 NETWORK,MAXIMUM COST,1000,6450,4000,1500,6450,1,5,low,low,RISK,1
1,1,0,0,Hourly,1178,No,Owns,0,1,13,4,1,OUT-OF-POCKET MAXIMUM,TIER 1 NETWORK,MAXIMUM COST,1000,6450,1500,4000,6450,1,5,low,low,RISK,1
0,0,0,0,Hourly,2665,No,Rents,2,3,4,4,1,OUT-OF-POCKET MAXIMUM,TIER 1 NETWORK,MAXIMUM COST,4000,1000,6450,1500,6450,1,5,low,low,RISK,1
1,1,1,0,Hourly,4144,No,Owns,3,2,0,4,1,OUT-OF-POCKET MAXIMUM,TIER 1 NETWORK,MAXIMUM COST,4000,1000,6450,1500,6450,1,5,low,low,RISK,1
0,0,1,0,Hourly,2547,Yes,Owns,7,5,12,4,1,OUT-OF-POCKET MAXIMUM,TIER 1 NETWORK,MAXIMUM COST,1500,1000,4000,6450,6450,1,5,low,low,RISK,1
1,0,1,0,Hourly,152,Yes,Owns,8,6,13,4,1,OUT-OF-POCKET MAXIMUM,TIER 1 NETWORK,MAXIMUM COST,1500,6450,4000,1000,6450,1,5,low,low,RISK,1
0,0,0,0,Bonus,2909,Yes,Rents,3,4,5,4,1,OUT-OF-POCKET MAXIMUM,TIER 1 NETWORK,MAXIMUM COST,1500,1000,4000,6450,6450,1,5,low,low,RISK,1
1,1,0,0,Bonus,2404,Yes,Owns,5,4,8,4,1,OUT-OF-POCKET MAXIMUM,TIER 1 NETWORK,MAXIMUM COST,1500,4000,1000,6450,6450,1,5,low,low,RISK,1
1,0,1,1,Bonus,144,Yes,Owns,4,9,4,4,1,OUT-OF-POCKET MAXIMUM,TIER 1 NETWORK,MAXIMUM COST,1000,1500,6450,4000,6450,1,5,low,low,RISK,1
1,0,1,0,Hourly,2250,No,Owns,4,7,9,4,1,OUT-OF-POCKET MAXIMUM,TIER 1 NETWORK,MAXIMUM COST,1500,1000,6450,4000,6450,1,5,low,low,RISK,1
1,0,0,0,Hourly,4826,No,Owns,4,5,23,4,1,OUT-OF-POCKET MAXIMUM,TIER 1 NETWORK,MAXIMUM COST,4000,1500,1000,6450,6450,1,5,low,low,RISK,1
1,1,0,0,Salaried,792,No,Owns,5,1,9,4,1,OUT-OF-POCKET MAXIMUM,TIER 1 NETWORK,MAXIMUM COST,1000,6450,1500,4000,6450,1,5,low,low,RISK,1
0,1,0,0,Hourly,3429,No,Rents,8,8,6,4,1,OUT-OF-POCKET MAXIMUM,TIER 1 NETWORK,MAXIMUM COST,1500,6450,1000,4000,6450,1,5,low,low,RISK,1
0,1,0,0,Hourly,1596,Yes,Owns,5,2,1,4,1,OUT-OF-POCKET MAXIMUM,TIER 1 NETWORK,MAXIMUM COST,4000,1000,1500,6450,6450,1,5,low,low,RISK,1
1,1,1,0,Salaried,83,Yes,Owns,2,10,2,4,1,OUT-OF-POCKET MAXIMUM,TIER 1 NETWORK,MAXIMUM COST,6450,1000,4000,1500,6450,1,5,low,low,RISK,1
1,1,0,1,Salaried,3601,No,Owns,1,4,3,4,1,OUT-OF-POCKET MAXIMUM,TIER 1 NETWORK,MAXIMUM COST,6450,4000,1000,1500,6450,1,5,low,low,RISK,1
0,0,0,1,Bonus,861,No,Owns,8,2,25,4,1,OUT-OF-POCKET MAXIMUM,TIER 1 NETWORK,MAXIMUM COST,4000,1000,1500,6450,6450,1,5,low,low,RISK,1
0,1,1,1,Salaried,2240,Yes,Rents,8,10,10,4,1,OUT-OF-POCKET MAXIMUM,TIER 1 NETWORK,MAXIMUM COST,4000,6450,1500,1000,6450,1,5,low,low,RISK,1
0,0,0,0,Hourly,2384,No,Rents,1,7,6,4,1,OUT-OF-POCKET MAXIMUM,TIER 1 NETWORK,MAXIMUM COST,4000,1000,1500,6450,6450,1,5,low,low,RISK,1
0,0,0,0,Bonus,2363,Yes,Rents,6,5,5,4,1,OUT-OF-POCKET MAXIMUM,TIER 1 NETWORK,MAXIMUM COST,1000,1500,6450,4000,6450,1,5,low,low,RISK,1
0,0,1,0,Salaried,4539,No,Owns,3,10,8,4,1,OUT-OF-POCKET MAXIMUM,TIER 1 NETWORK,MAXIMUM COST,6450,1000,4000,1500,6450,1,5,low,low,RISK,1
0,0,0,0,Bonus,489,No,Rents,3,0,4,4,1,OUT-OF-POCKET MAXIMUM,TIER 1 NETWORK,MAXIMUM COST,1000,1500,6450,4000,6450,1,5,low,low,RISK,1
0,1,0,1,Bonus,4623,Yes,Owns,2,9,1,4,1,OUT-OF-POCKET MAXIMUM,TIER 1 NETWORK,MAXIMUM COST,1500,1000,6450,4000,6450,1,5,low,low,RISK,1
0,0,0,0,Salaried,153,Yes,Owns,0,4,5,4,1,OUT-OF-POCKET MAXIMUM,TIER 1 NETWORK,MAXIMUM COST,6450,1000,1500,4000,6450,1,5,low,low,RISK,1
0,1,1,0,Salaried,3954,No,Owns,1,1,2,4,1,OUT-OF-POCKET MAXIMUM,TIER 1 NETWORK,MAXIMUM COST,1000,1500,6450,4000,6450,1,5,low,low,RISK,1
0,0,0,0,Salaried,4742,No,Rents,0,6,5,4,1,OUT-OF-POCKET MAXIMUM,TIER 1 NETWORK,MAXIMUM COST,1000,6450,1500,4000,6450,1,5,low,low,RISK,1
0,0,0,0,Hourly,3289,No,Rents,8,1,13,4,1,OUT-OF-POCKET MAXIMUM,TIER 1 NETWORK,MAXIMUM COST,6450,1500,1000,4000,6450,1,5,low,low,RISK,1
0,0,0,0,Bonus,3409,Yes,Rents,6,3,4,4,1,OUT-OF-POCKET MAXIMUM,TIER 1 NETWORK,MAXIMUM COST,6450,1500,4000,1000,6450,1,5,low,low,RISK,1
0,0,1,0,Bonus,3179,No,Rents,2,2,0,4,1,OUT-OF-POCKET MAXIMUM,TIER 1 NETWORK,MAXIMUM COST,1000,1500,4000,6450,6450,1,5,low,low,RISK,1
0,0,0,0,Bonus,4271,No,Rents,3,5,12,4,1,OUT-OF-POCKET MAXIMUM,TIER 1 NETWORK,MAXIMUM COST,4000,1000,6450,1500,6450,1,5,low,low,RISK,1
0,0,0,0,Hourly,4605,Yes,Rents,4,6,13,4,1,OUT-OF-POCKET MAXIMUM,TIER 1 NETWORK,MAXIMUM COST,1000,1500,4000,6450,6450,1,5,low,low,RISK,1
0,1,1,1,Salaried,3042,Yes,Rents,1,4,5,4,1,OUT-OF-POCKET MAXIMUM,TIER 1 NETWORK,MAXIMUM COST,1500,6450,4000,1000,6450,1,5,low,low,RISK,1
0,1,1,0,Hourly,170,No,Rents,9,4,8,4,1,OUT-OF-POCKET MAXIMUM,TIER 1 NETWORK,MAXIMUM COST,6450,4000,1000,1500,6450,1,5,low,low,RISK,1
0,0,0,1,Salaried,2062,No,Rents,2,9,4,4,1,OUT-OF-POCKET MAXIMUM,TIER 1 NETWORK,MAXIMUM COST,4000,1500,1000,6450,6450,1,5,low,low,RISK,1
1,0,1,1,Bonus,1962,No,Rents,0,7,9,4,1,OUT-OF-POCKET MAXIMUM,TIER 1 NETWORK,MAXIMUM COST,1500,4000,1000,6450,6450,1,5,low,low,RISK,1
0,0,0,0,Bonus,1006,No,Owns,5,5,23,4,1,OUT-OF-POCKET MAXIMUM,TIER 1 NETWORK,MAXIMUM COST,6450,1500,1000,4000,6450,1,5,low,low,RISK,1
0,1,0,1,Salaried,4555,No,Rents,2,1,9,4,1,OUT-OF-POCKET MAXIMUM,TIER 1 NETWORK,MAXIMUM COST,4000,6450,1500,1000,6450,1,5,low,low,RISK,1
1,0,1,0,Bonus,458,No,Rents,4,8,6,4,1,OUT-OF-POCKET MAXIMUM,TIER 1 NETWORK,MAXIMUM COST,6450,1500,1000,4000,6450,1,5,low,low,RISK,1
1,0,1,0,Hourly,1593,No,Owns,0,2,1,4,1,OUT-OF-POCKET MAXIMUM,TIER 1 NETWORK,MAXIMUM COST,1500,4000,1000,6450,6450,1,5,low,low,RISK,1
0,1,0,0,Hourly,4519,Yes,Owns,4,10,2,4,1,OUT-OF-POCKET MAXIMUM,TIER 1 NETWORK,MAXIMUM COST,1000,6450,4000,1500,6450,1,5,low,low,RISK,1
0,1,0,0,Bonus,2639,No,Rents,0,4,3,4,1,OUT-OF-POCKET MAXIMUM,TIER 1 NETWORK,MAXIMUM COST,6450,4000,1500,1000,6450,1,5,low,low,RISK,1
0,0,1,0,Hourly,2563,Yes,Rents,8,2,25,4,1,OUT-OF-POCKET MAXIMUM,TIER 1 NETWORK,MAXIMUM COST,6450,1500,1000,4000,6450,1,5,low,low,RISK,1
0,0,1,1,Bonus,2810,Yes,Owns,8,10,10,4,1,OUT-OF-POCKET MAXIMUM,TIER 1 NETWORK,MAXIMUM COST,6450,1000,4000,1500,6450,1,5,low,low,RISK,1
0,0,0,1,Hourly,2954,Yes,Owns,10,7,6,4,1,OUT-OF-POCKET MAXIMUM,TIER 1 NETWORK,MAXIMUM COST,6450,4000,1000,1500,6450,1,5,low,low,RISK,1
0,0,1,0,Hourly,2299,Yes,Owns,6,5,5,4,1,OUT-OF-POCKET MAXIMUM,TIER 1 NETWORK,MAXIMUM COST,6450,1500,4000,1000,6450,1,5,low,low,RISK,1
0,0,1,1,Hourly,1155,No,Rents,1,10,8,4,1,OUT-OF-POCKET MAXIMUM,TIER 1 NETWORK,MAXIMUM COST,1500,1000,4000,6450,6450,1,5,low,low,RISK,1
1,0,1,0,Bonus,1856,Yes,Rents,7,0,4,4,1,OUT-OF-POCKET MAXIMUM,TIER 1 NETWORK,MAXIMUM COST,1500,6450,4000,1000,6450,1,5,low,low,RISK,1
1,1,0,0,Salaried,3352,Yes,Rents,1,9,1,4,1,OUT-OF-POCKET MAXIMUM,TIER 1 NETWORK,MAXIMUM COST,4000,1500,1000,6450,6450,1,5,low,low,RISK,1
1,0,0,0,Hourly,3735,Yes,Owns,8,4,5,4,1,OUT-OF-POCKET MAXIMUM,TIER 1 NETWORK,MAXIMUM COST,4000,6450,1000,1500,6450,1,5,low,low,RISK,1
1,0,0,1,Salaried,1125,Yes,Rents,1,1,2,4,1,OUT-OF-POCKET MAXIMUM,TIER 1 NETWORK,MAXIMUM COST,4000,1500,6450,1000,6450,1,5,low,low,RISK,1
1,0,1,0,Bonus,4695,No,Owns,0,6,5,4,1,OUT-OF-POCKET MAXIMUM,TIER 1 NETWORK,MAXIMUM COST,4000,1500,1000,6450,6450,1,5,low,low,RISK,1
0,0,0,1,Salaried,1210,No,Rents,9,1,13,4,1,OUT-OF-POCKET MAXIMUM,TIER 1 NETWORK,MAXIMUM COST,1000,1500,4000,6450,6450,1,5,low,low,RISK,1
1,1,1,0,Bonus,3149,No,Owns,1,3,4,4,1,OUT-OF-POCKET MAXIMUM,TIER 1 NETWORK,MAXIMUM COST,1000,1500,4000,6450,6450,1,5,low,low,RISK,1
1,0,0,0,Bonus,3757,No,Rents,1,2,0,4,1,OUT-OF-POCKET MAXIMUM,TIER 1 NETWORK,MAXIMUM COST,6450,1500,4000,1000,6450,1,5,low,low,RISK,1
1,0,1,1,Salaried,4038,Yes,Rents,5,5,12,4,1,OUT-OF-POCKET MAXIMUM,TIER 1 NETWORK,MAXIMUM COST,4000,1000,1500,6450,6450,1,5,low,low,RISK,1
0,0,0,1,Bonus,381,No,Owns,2,6,13,4,1,OUT-OF-POCKET MAXIMUM,TIER 1 NETWORK,MAXIMUM COST,1000,6450,4000,1500,6450,1,5,low,low,RISK,1
0,0,0,0,Hourly,2879,Yes,Rents,9,4,5,4,1,OUT-OF-POCKET MAXIMUM,TIER 1 NETWORK,MAXIMUM COST,1500,1000,4000,6450,6450,1,5,low,low,RISK,1
0,1,0,0,Hourly,2246,No,Owns,9,4,8,4,1,OUT-OF-POCKET MAXIMUM,TIER 1 NETWORK,MAXIMUM COST,1000,4000,6450,1500,6450,1,5,low,low,RISK,1
0,1,0,0,Hourly,3337,No,Rents,1,9,4,4,1,OUT-OF-POCKET MAXIMUM,TIER 1 NETWORK,MAXIMUM COST,1000,6450,4000,1500,6450,1,5,low,low,RISK,1
1,0,0,0,Hourly,874,No,Owns,9,7,9,4,1,OUT-OF-POCKET MAXIMUM,TIER 1 NETWORK,MAXIMUM COST,1500,6450,1000,4000,6450,1,5,low,low,RISK,1
0,1,0,0,Hourly,4470,Yes,Owns,0,5,23,4,1,OUT-OF-POCKET MAXIMUM,TIER 1 NETWORK,MAXIMUM COST,1500,1000,4000,6450,6450,1,5,low,low,RISK,1
1,0,1,0,Hourly,3252,Yes,Owns,4,1,9,4,1,OUT-OF-POCKET MAXIMUM,TIER 1 NETWORK,MAXIMUM COST,6450,1500,1000,4000,6450,1,5,low,low,RISK,1
0,1,0,0,Hourly,176,Yes,Rents,3,8,6,4,1,OUT-OF-POCKET MAXIMUM,TIER 1 NETWORK,MAXIMUM COST,4000,1500,1000,6450,6450,1,5,low,low,RISK,1
0,0,1,0,Hourly,3681,Yes,Owns,1,2,1,4,1,OUT-OF-POCKET MAXIMUM,TIER 1 NETWORK,MAXIMUM COST,1500,6450,1000,4000,6450,1,5,low,low,RISK,1
0,1,1,1,Hourly,1019,Yes,Owns,8,10,2,4,1,OUT-OF-POCKET MAXIMUM,TIER 1 NETWORK,MAXIMUM COST,1000,6450,1500,4000,6450,1,5,low,low,RISK,1
0,1,1,0,Bonus,4493,Yes,Owns,10,4,3,4,1,OUT-OF-POCKET MAXIMUM,TIER 1 NETWORK,MAXIMUM COST,4000,6450,1500,1000,6450,1,5,low,low,RISK,1
0,1,1,0,Salaried,1012,Yes,Owns,8,2,25,4,1,OUT-OF-POCKET MAXIMUM,TIER 1 NETWORK,MAXIMUM COST,6450,1000,1500,4000,6450,1,5,low,low,RISK,1
0,0,0,0,Bonus,1248,Yes,Rents,1,10,10,4,1,OUT-OF-POCKET MAXIMUM,TIER 1 NETWORK,MAXIMUM COST,4000,1500,1000,6450,6450,1,5,low,low,RISK,1
0,0,0,0,Salaried,1214,No,Owns,1,7,6,4,1,OUT-OF-POCKET MAXIMUM,TIER 1 NETWORK,MAXIMUM COST,1500,4000,1000,6450,6450,1,5,low,low,RISK,1
1,0,0,0,Salaried,2852,Yes,Rents,1,5,5,4,1,OUT-OF-POCKET MAXIMUM,TIER 1 NETWORK,MAXIMUM COST,1000,6450,1500,4000,6450,1,5,low,low,RISK,1
0,0,0,0,Bonus,1440,Yes,Owns,4,10,8,4,1,OUT-OF-POCKET MAXIMUM,TIER 1 NETWORK,MAXIMUM COST,1500,4000,1000,6450,6450,1,5,low,low,RISK,1
1,0,1,0,Bonus,2951,No,Owns,4,0,4,4,1,OUT-OF-POCKET MAXIMUM,TIER 1 NETWORK,MAXIMUM COST,1500,6450,4000,1000,6450,1,5,low,low,RISK,1
2,1,0,2,Salaried,4377,No,Rents,10,19,27,4,2,OUT-OF-POCKET MAXIMUM,TIER 1 NETWORK,MAXIMUM COST,1000,1500,4000,6450,6450,1,10,low,low,RISK,1
0,1,1,0,Salaried,1919,No,Owns,10,15,31,4,2,OUT-OF-POCKET MAXIMUM,TIER 1 NETWORK,MAXIMUM COST,1500,1000,4000,6450,6450,1,10,low,low,RISK,1
1,1,0,0,Salaried,4671,Yes,Rents,15,12,28,4,2,OUT-OF-POCKET MAXIMUM,TIER 1 NETWORK,MAXIMUM COST,1500,1000,6450,4000,6450,1,10,low,low,RISK,1
2,1,0,0,Bonus,1139,No,Owns,13,16,31,4,2,OUT-OF-POCKET MAXIMUM,TIER 1 NETWORK,MAXIMUM COST,1000,4000,6450,1500,6450,1,10,low,low,RISK,1
1,1,2,1,Bonus,3085,No,Rents,9,12,39,4,2,OUT-OF-POCKET MAXIMUM,TIER 1 NETWORK,MAXIMUM COST,4000,1000,1500,6450,6450,1,10,low,low,RISK,1
0,1,2,0,Salaried,912,Yes,Rents,16,14,30,4,2,OUT-OF-POCKET MAXIMUM,TIER 1 NETWORK,MAXIMUM COST,6450,1000,1500,4000,6450,1,10,low,low,RISK,1
1,0,2,1,Hourly,3561,Yes,Owns,12,13,26,4,2,OUT-OF-POCKET MAXIMUM,TIER 1 NETWORK,MAXIMUM COST,1500,4000,1000,6450,6450,1,10,low,low,RISK,1
1,2,0,0,Hourly,4350,No,Rents,7,16,37,4,2,OUT-OF-POCKET MAXIMUM,TIER 1 NETWORK,MAXIMUM COST,6450,1500,4000,1000,6450,1,10,low,low,RISK,1
2,2,1,2,Salaried,3664,No,Owns,7,16,39,4,2,OUT-OF-POCKET MAXIMUM,TIER 1 NETWORK,MAXIMUM COST,4000,6450,1000,1500,6450,1,10,low,low,RISK,1
0,0,0,1,Bonus,1972,Yes,Owns,17,14,30,4,2,OUT-OF-POCKET MAXIMUM,TIER 1 NETWORK,MAXIMUM COST,4000,1000,6450,1500,6450,1,10,low,low,RISK,1
1,0,2,2,Salaried,1235,Yes,Rents,14,14,34,4,2,OUT-OF-POCKET MAXIMUM,TIER 1 NETWORK,MAXIMUM COST,6450,4000,1500,1000,6450,1,10,low,low,RISK,1
0,2,0,1,Bonus,2294,Yes,Owns,10,19,30,4,2,OUT-OF-POCKET MAXIMUM,TIER 1 NETWORK,MAXIMUM COST,6450,1500,1000,4000,6450,1,10,low,low,RISK,1
0,1,2,0,Salaried,4592,Yes,Rents,16,17,35,4,2,OUT-OF-POCKET MAXIMUM,TIER 1 NETWORK,MAXIMUM COST,6450,1500,4000,1000,6450,1,10,low,low,RISK,1
0,0,1,1,Hourly,2183,Yes,Owns,6,15,48,4,2,OUT-OF-POCKET MAXIMUM,TIER 1 NETWORK,MAXIMUM COST,6450,1500,1000,4000,6450,1,10,low,low,RISK,1
1,1,2,1,Salaried,1622,Yes,Rents,8,12,35,4,2,OUT-OF-POCKET MAXIMUM,TIER 1 NETWORK,MAXIMUM COST,6450,1000,1500,4000,6450,1,10,low,low,RISK,1
1,2,1,2,Salaried,4259,Yes,Rents,6,18,32,4,2,OUT-OF-POCKET MAXIMUM,TIER 1 NETWORK,MAXIMUM COST,6450,4000,1500,1000,6450,1,10,low,low,RISK,1
2,1,1,2,Salaried,4138,No,Owns,17,13,27,4,2,OUT-OF-POCKET MAXIMUM,TIER 1 NETWORK,MAXIMUM COST,4000,6450,1000,1500,6450,1,10,low,low,RISK,1
2,0,1,2,Bonus,2742,No,Owns,17,20,28,4,2,OUT-OF-POCKET MAXIMUM,TIER 1 NETWORK,MAXIMUM COST,4000,6450,1000,1500,6450,1,10,low,low,RISK,1
1,1,0,2,Bonus,4027,Yes,Rents,8,14,29,4,2,OUT-OF-POCKET MAXIMUM,TIER 1 NETWORK,MAXIMUM COST,1000,1500,4000,6450,6450,1,10,low,low,RISK,1
1,1,0,0,Bonus,3643,No,Rents,16,13,50,4,2,OUT-OF-POCKET MAXIMUM,TIER 1 NETWORK,MAXIMUM COST,1500,6450,4000,1000,6450,1,10,low,low,RISK,1
1,0,2,0,Salaried,1855,No,Rents,17,20,35,4,2,OUT-OF-POCKET MAXIMUM,TIER 1 NETWORK,MAXIMUM COST,4000,1000,6450,1500,6450,1,10,low,low,RISK,1
1,2,0,1,Bonus,4199,No,Owns,14,17,32,4,2,OUT-OF-POCKET MAXIMUM,TIER 1 NETWORK,MAXIMUM COST,4000,6450,1000,1500,6450,1,10,low,low,RISK,1
0,2,1,0,Salaried,358,No,Rents,12,16,31,4,2,OUT-OF-POCKET MAXIMUM,TIER 1 NETWORK,MAXIMUM COST,1500,6450,1000,4000,6450,1,10,low,low,RISK,1
1,1,1,1,Salaried,2175,No,Owns,16,20,34,4,2,OUT-OF-POCKET MAXIMUM,TIER 1 NETWORK,MAXIMUM COST,1500,1000,6450,4000,6450,1,10,low,low,RISK,1
1,1,0,0,Bonus,2804,No,Owns,11,11,30,4,2,OUT-OF-POCKET MAXIMUM,TIER 1 NETWORK,MAXIMUM COST,1000,4000,1500,6450,6450,1,10,low,low,RISK,1
2,1,2,1,Bonus,2793,Yes,Owns,17,19,27,4,2,OUT-OF-POCKET MAXIMUM,TIER 1 NETWORK,MAXIMUM COST,6450,1500,1000,4000,6450,1,10,low,low,RISK,1
2,0,2,0,Salaried,1366,No,Owns,14,15,31,4,2,OUT-OF-POCKET MAXIMUM,TIER 1 NETWORK,MAXIMUM COST,1000,6450,4000,1500,6450,1,10,low,low,RISK,1
0,1,1,2,Salaried,3990,No,Rents,13,12,28,4,2,OUT-OF-POCKET MAXIMUM,TIER 1 NETWORK,MAXIMUM COST,6450,4000,1500,1000,6450,1,10,low,low,RISK,1
0,1,1,0,Salaried,1625,No,Owns,16,16,31,4,2,OUT-OF-POCKET MAXIMUM,TIER 1 NETWORK,MAXIMUM COST,1000,1500,4000,6450,6450,1,10,low,low,RISK,1
1,2,0,0,Hourly,1178,No,Owns,5,12,39,4,2,OUT-OF-POCKET MAXIMUM,TIER 1 NETWORK,MAXIMUM COST,4000,6450,1000,1500,6450,1,10,low,low,RISK,1
1,1,0,0,Hourly,2665,No,Rents,8,14,30,4,2,OUT-OF-POCKET MAXIMUM,TIER 1 NETWORK,MAXIMUM COST,4000,6450,1500,1000,6450,1,10,low,low,RISK,1
1,1,2,0,Hourly,4144,No,Owns,9,13,26,4,2,OUT-OF-POCKET MAXIMUM,TIER 1 NETWORK,MAXIMUM COST,1000,4000,6450,1500,6450,1,10,low,low,RISK,1
1,1,2,0,Hourly,2547,Yes,Owns,14,16,37,4,2,OUT-OF-POCKET MAXIMUM,TIER 1 NETWORK,MAXIMUM COST,4000,6450,1000,1500,6450,1,10,low,low,RISK,1
1,1,1,0,Hourly,152,Yes,Owns,15,16,39,4,2,OUT-OF-POCKET MAXIMUM,TIER 1 NETWORK,MAXIMUM COST,4000,6450,1000,1500,6450,1,10,low,low,RISK,1
0,0,0,0,Bonus,2909,Yes,Rents,9,14,30,4,2,OUT-OF-POCKET MAXIMUM,TIER 1 NETWORK,MAXIMUM COST,1500,4000,6450,1000,6450,1,10,low,low,RISK,1
2,2,1,1,Bonus,2404,Yes,Owns,11,14,34,4,2,OUT-OF-POCKET MAXIMUM,TIER 1 NETWORK,MAXIMUM COST,4000,6450,1500,1000,6450,1,10,low,low,RISK,1
2,0,1,2,Bonus,144,Yes,Owns,10,19,30,4,2,OUT-OF-POCKET MAXIMUM,TIER 1 NETWORK,MAXIMUM COST,4000,1500,6450,1000,6450,1,10,low,low,RISK,1
2,0,1,0,Hourly,2250,No,Owns,11,17,35,4,2,OUT-OF-POCKET MAXIMUM,TIER 1 NETWORK,MAXIMUM COST,1500,1000,4000,6450,6450,1,10,low,low,RISK,1
2,0,0,0,Hourly,4826,No,Owns,10,15,48,4,2,OUT-OF-POCKET MAXIMUM,TIER 1 NETWORK,MAXIMUM COST,6450,1000,1500,4000,6450,1,10,low,low,RISK,1
1,1,0,0,Salaried,792,No,Owns,12,12,35,4,2,OUT-OF-POCKET MAXIMUM,TIER 1 NETWORK,MAXIMUM COST,1500,6450,4000,1000,6450,1,10,low,low,RISK,1
0,2,0,1,Hourly,3429,No,Rents,15,18,32,4,2,OUT-OF-POCKET MAXIMUM,TIER 1 NETWORK,MAXIMUM COST,1000,6450,4000,1500,6450,1,10,low,low,RISK,1
1,1,2,0,Salaried,83,Yes,Owns,7,20,28,4,2,OUT-OF-POCKET MAXIMUM,TIER 1 NETWORK,MAXIMUM COST,1500,6450,4000,1000,6450,1,10,low,low,RISK,1
1,2,0,2,Salaried,3601,No,Owns,6,14,29,4,2,OUT-OF-POCKET MAXIMUM,TIER 1 NETWORK,MAXIMUM COST,1500,1000,4000,6450,6450,1,10,low,low,RISK,1
1,1,0,1,Bonus,861,No,Owns,15,13,50,4,2,OUT-OF-POCKET MAXIMUM,TIER 1 NETWORK,MAXIMUM COST,4000,6450,1500,1000,6450,1,10,low,low,RISK,1
0,2,2,2,Salaried,2240,Yes,Rents,15,20,35,4,2,OUT-OF-POCKET MAXIMUM,TIER 1 NETWORK,MAXIMUM COST,4000,1000,1500,6450,6450,1,10,low,low,RISK,1
1,0,0,0,Hourly,2384,No,Rents,6,17,32,4,2,OUT-OF-POCKET MAXIMUM,TIER 1 NETWORK,MAXIMUM COST,6450,1500,1000,4000,6450,1,10,low,low,RISK,1
1,1,2,0,Salaried,4539,No,Owns,10,20,34,4,2,OUT-OF-POCKET MAXIMUM,TIER 1 NETWORK,MAXIMUM COST,1500,4000,6450,1000,6450,1,10,low,low,RISK,1
1,1,0,0,Bonus,489,No,Rents,9,11,30,4,2,OUT-OF-POCKET MAXIMUM,TIER 1 NETWORK,MAXIMUM COST,1000,1500,6450,4000,6450,1,10,low,low,RISK,1
1,2,0,2,Bonus,4623,Yes,Owns,7,19,27,4,2,OUT-OF-POCKET MAXIMUM,TIER 1 NETWORK,MAXIMUM COST,4000,1000,6450,1500,6450,1,10,low,low,RISK,1
1,0,0,0,Salaried,153,Yes,Owns,5,15,31,4,2,OUT-OF-POCKET MAXIMUM,TIER 1 NETWORK,MAXIMUM COST,6450,1500,4000,1000,6450,1,10,low,low,RISK,1
0,2,2,1,Salaried,3954,No,Owns,6,12,28,4,2,OUT-OF-POCKET MAXIMUM,TIER 1 NETWORK,MAXIMUM COST,1500,6450,4000,1000,6450,1,10,low,low,RISK,1
0,1,0,0,Salaried,4742,No,Rents,5,16,31,4,2,OUT-OF-POCKET MAXIMUM,TIER 1 NETWORK,MAXIMUM COST,1500,6450,4000,1000,6450,1,10,low,low,RISK,1
0,0,0,1,Hourly,3289,No,Rents,15,12,39,4,2,OUT-OF-POCKET MAXIMUM,TIER 1 NETWORK,MAXIMUM COST,4000,6450,1000,1500,6450,1,10,low,low,RISK,1
0,0,1,1,Bonus,3409,Yes,Rents,13,14,30,4,2,OUT-OF-POCKET MAXIMUM,TIER 1 NETWORK,MAXIMUM COST,1500,1000,6450,4000,6450,1,10,low,low,RISK,1
0,0,2,1,Bonus,3179,No,Rents,8,13,26,4,2,OUT-OF-POCKET MAXIMUM,TIER 1 NETWORK,MAXIMUM COST,4000,1500,6450,1000,6450,1,10,low,low,RISK,1
0,0,0,1,Bonus,4271,No,Rents,9,16,37,4,2,OUT-OF-POCKET MAXIMUM,TIER 1 NETWORK,MAXIMUM COST,6450,1000,4000,1500,6450,1,10,low,low,RISK,1
0,0,0,0,Hourly,4605,Yes,Rents,10,16,39,4,2,OUT-OF-POCKET MAXIMUM,TIER 1 NETWORK,MAXIMUM COST,1000,6450,1500,4000,6450,1,10,low,low,RISK,1
0,2,2,2,Salaried,3042,Yes,Rents,6,14,30,4,2,OUT-OF-POCKET MAXIMUM,TIER 1 NETWORK,MAXIMUM COST,1000,1500,6450,4000,6450,1,10,low,low,RISK,1
0,2,2,0,Hourly,170,No,Rents,16,14,34,4,2,OUT-OF-POCKET MAXIMUM,TIER 1 NETWORK,MAXIMUM COST,6450,4000,1000,1500,6450,1,10,low,low,RISK,1
0,1,0,2,Salaried,2062,No,Rents,7,19,30,4,2,OUT-OF-POCKET MAXIMUM,TIER 1 NETWORK,MAXIMUM COST,1500,6450,1000,4000,6450,1,10,low,low,RISK,1
1,1,2,2,Bonus,1962,No,Rents,5,17,35,4,2,OUT-OF-POCKET MAXIMUM,TIER 1 NETWORK,MAXIMUM COST,4000,6450,1500,1000,6450,1,10,low,low,RISK,1
0,0,0,0,Bonus,1006,No,Owns,11,15,48,4,2,OUT-OF-POCKET MAXIMUM,TIER 1 NETWORK,MAXIMUM COST,6450,1500,4000,1000,6450,1,10,low,low,RISK,1
0,2,1,2,Salaried,4555,No,Rents,8,12,35,4,2,OUT-OF-POCKET MAXIMUM,TIER 1 NETWORK,MAXIMUM COST,1500,6450,4000,1000,6450,1,10,low,low,RISK,1
2,1,1,0,Bonus,458,No,Rents,10,18,32,4,2,OUT-OF-POCKET MAXIMUM,TIER 1 NETWORK,MAXIMUM COST,4000,6450,1500,1000,6450,1,10,low,low,RISK,1
2,0,2,1,Hourly,1593,No,Owns,5,13,27,4,2,OUT-OF-POCKET MAXIMUM,TIER 1 NETWORK,MAXIMUM COST,4000,1500,6450,1000,6450,1,10,low,low,RISK,1
0,2,0,1,Hourly,4519,Yes,Owns,11,20,28,4,2,OUT-OF-POCKET MAXIMUM,TIER 1 NETWORK,MAXIMUM COST,6450,4000,1500,1000,6450,1,10,low,low,RISK,1
0,1,0,0,Bonus,2639,No,Rents,5,14,29,4,2,OUT-OF-POCKET MAXIMUM,TIER 1 NETWORK,MAXIMUM COST,1000,4000,6450,1500,6450,1,10,low,low,RISK,1
0,0,2,1,Hourly,2563,Yes,Rents,15,13,50,4,2,OUT-OF-POCKET MAXIMUM,TIER 1 NETWORK,MAXIMUM COST,1500,1000,4000,6450,6450,1,10,low,low,RISK,1
0,1,2,1,Bonus,2810,Yes,Owns,15,20,35,4,2,OUT-OF-POCKET MAXIMUM,TIER 1 NETWORK,MAXIMUM COST,1500,1000,6450,4000,6450,1,10,low,low,RISK,1
1,1,0,1,Hourly,2954,Yes,Owns,18,17,32,4,2,OUT-OF-POCKET MAXIMUM,TIER 1 NETWORK,MAXIMUM COST,4000,1500,6450,1000,6450,1,10,low,low,RISK,1
1,0,2,0,Hourly,2299,Yes,Owns,13,16,31,4,2,OUT-OF-POCKET MAXIMUM,TIER 1 NETWORK,MAXIMUM COST,1000,4000,1500,6450,6450,1,10,low,low,RISK,1
0,0,1,2,Hourly,1155,No,Rents,6,20,34,4,2,OUT-OF-POCKET MAXIMUM,TIER 1 NETWORK,MAXIMUM COST,6450,4000,1000,1500,6450,1,10,low,low,RISK,1
1,0,2,0,Bonus,1856,Yes,Rents,14,11,30,4,2,OUT-OF-POCKET MAXIMUM,TIER 1 NETWORK,MAXIMUM COST,1000,4000,6450,1500,6450,1,10,low,low,RISK,1
2,1,1,0,Salaried,3352,Yes,Rents,6,19,27,4,2,OUT-OF-POCKET MAXIMUM,TIER 1 NETWORK,MAXIMUM COST,1000,1500,4000,6450,6450,1,10,low,low,RISK,1
2,0,0,1,Hourly,3735,Yes,Owns,15,15,31,4,2,OUT-OF-POCKET MAXIMUM,TIER 1 NETWORK,MAXIMUM COST,4000,1000,1500,6450,6450,1,10,low,low,RISK,1
2,1,0,2,Salaried,1125,Yes,Rents,6,12,28,4,2,OUT-OF-POCKET MAXIMUM,TIER 1 NETWORK,MAXIMUM COST,1000,1500,6450,4000,6450,1,10,low,low,RISK,1
2,0,1,0,Bonus,4695,No,Owns,5,16,31,4,2,OUT-OF-POCKET MAXIMUM,TIER 1 NETWORK,MAXIMUM COST,4000,6450,1000,1500,6450,1,10,low,low,RISK,1
1,1,1,1,Salaried,1210,No,Rents,17,12,39,4,2,OUT-OF-POCKET MAXIMUM,TIER 1 NETWORK,MAXIMUM COST,1000,6450,1500,4000,6450,1,10,low,low,RISK,1
1,2,1,0,Bonus,3149,No,Owns,6,14,30,4,2,OUT-OF-POCKET MAXIMUM,TIER 1 NETWORK,MAXIMUM COST,6450,4000,1500,1000,6450,1,10,low,low,RISK,1
1,1,1,1,Bonus,3757,No,Rents,6,13,26,4,2,OUT-OF-POCKET MAXIMUM,TIER 1 NETWORK,MAXIMUM COST,6450,1500,1000,4000,6450,1,10,low,low,RISK,1
1,0,2,1,Salaried,4038,Yes,Rents,12,16,37,4,2,OUT-OF-POCKET MAXIMUM,TIER 1 NETWORK,MAXIMUM COST,1000,1500,4000,6450,6450,1,10,low,low,RISK,1
0,0,0,2,Bonus,381,No,Owns,8,16,39,4,2,OUT-OF-POCKET MAXIMUM,TIER 1 NETWORK,MAXIMUM COST,6450,4000,1000,1500,6450,1,10,low,low,RISK,1
0,0,1,1,Hourly,2879,Yes,Rents,16,14,30,4,2,OUT-OF-POCKET MAXIMUM,TIER 1 NETWORK,MAXIMUM COST,6450,1500,4000,1000,6450,1,10,low,low,RISK,1
1,2,0,0,Hourly,2246,No,Owns,17,14,34,4,2,OUT-OF-POCKET MAXIMUM,TIER 1 NETWORK,MAXIMUM COST,1000,4000,6450,1500,6450,1,10,low,low,RISK,1
0,2,1,0,Hourly,3337,No,Rents,7,19,30,4,2,OUT-OF-POCKET MAXIMUM,TIER 1 NETWORK,MAXIMUM COST,4000,6450,1500,1000,6450,1,10,low,low,RISK,1
1,1,1,1,Hourly,874,No,Owns,17,17,35,4,2,OUT-OF-POCKET MAXIMUM,TIER 1 NETWORK,MAXIMUM COST,1000,6450,1500,4000,6450,1,10,low,low,RISK,1
0,1,0,0,Hourly,4470,Yes,Owns,6,15,48,4,2,OUT-OF-POCKET MAXIMUM,TIER 1 NETWORK,MAXIMUM COST,1500,4000,1000,6450,6450,1,10,low,low,RISK,1
2,0,1,1,Hourly,3252,Yes,Owns,10,12,35,4,2,OUT-OF-POCKET MAXIMUM,TIER 1 NETWORK,MAXIMUM COST,4000,6450,1000,1500,6450,1,10,low,low,RISK,1
0,2,0,1,Hourly,176,Yes,Rents,9,18,32,4,2,OUT-OF-POCKET MAXIMUM,TIER 1 NETWORK,MAXIMUM COST,6450,1000,4000,1500,6450,1,10,low,low,RISK,1
1,0,2,0,Hourly,3681,Yes,Owns,6,13,27,4,2,OUT-OF-POCKET MAXIMUM,TIER 1 NETWORK,MAXIMUM COST,4000,1500,1000,6450,6450,1,10,low,low,RISK,1
1,2,1,2,Hourly,1019,Yes,Owns,15,20,28,4,2,OUT-OF-POCKET MAXIMUM,TIER 1 NETWORK,MAXIMUM COST,1500,1000,6450,4000,6450,1,10,low,low,RISK,1
1,2,1,1,Bonus,4493,Yes,Owns,18,14,29,4,2,OUT-OF-POCKET MAXIMUM,TIER 1 NETWORK,MAXIMUM COST,1500,1000,6450,4000,6450,1,10,low,low,RISK,1
1,2,2,0,Salaried,1012,Yes,Owns,15,13,50,4,2,OUT-OF-POCKET MAXIMUM,TIER 1 NETWORK,MAXIMUM COST,1500,1000,4000,6450,6450,1,10,low,low,RISK,1
0,0,1,1,Bonus,1248,Yes,Rents,7,20,35,4,2,OUT-OF-POCKET MAXIMUM,TIER 1 NETWORK,MAXIMUM COST,4000,6450,1000,1500,6450,1,10,low,low,RISK,1
0,0,1,0,Salaried,1214,No,Owns,6,17,32,4,2,OUT-OF-POCKET MAXIMUM,TIER 1 NETWORK,MAXIMUM COST,1500,6450,1000,4000,6450,1,10,low,low,RISK,1
1,0,1,0,Salaried,2852,Yes,Rents,6,16,31,4,2,OUT-OF-POCKET MAXIMUM,TIER 1 NETWORK,MAXIMUM COST,6450,4000,1000,1500,6450,1,10,low,low,RISK,1
1,0,0,0,Bonus,1440,Yes,Owns,10,20,34,4,2,OUT-OF-POCKET MAXIMUM,TIER 1 NETWORK,MAXIMUM COST,4000,6450,1500,1000,6450,1,10,low,low,RISK,1
1,0,1,0,Bonus,2951,No,Owns,11,11,30,4,2,OUT-OF-POCKET MAXIMUM,TIER 1 NETWORK,MAXIMUM COST,4000,6450,1000,1500,6450,1,10,low,low,RISK,1
3,2,1,3,Salaried,4377,No,Rents,24,48,52,4,3,OUT-OF-POCKET MAXIMUM,TIER 1 NETWORK,MAXIMUM COST,1500,1000,4000,6450,4000,2,20,low,low,RISK,1
1,1,2,1,Salaried,1919,No,Owns,25,33,56,4,3,OUT-OF-POCKET MAXIMUM,TIER 1 NETWORK,MAXIMUM COST,6450,1000,1500,4000,4000,2,20,low,low,RISK,1
2,2,1,1,Salaried,4671,Yes,Rents,33,23,53,4,3,OUT-OF-POCKET MAXIMUM,TIER 1 NETWORK,MAXIMUM COST,1500,6450,4000,1000,4000,2,20,low,low,RISK,1
3,2,1,1,Bonus,1139,No,Owns,29,38,56,4,3,OUT-OF-POCKET MAXIMUM,TIER 1 NETWORK,MAXIMUM COST,4000,1000,1500,6450,4000,2,20,low,low,RISK,1
1,2,3,2,Bonus,3085,No,Rents,23,24,64,4,3,OUT-OF-POCKET MAXIMUM,TIER 1 NETWORK,MAXIMUM COST,4000,6450,1500,1000,4000,2,20,low,low,RISK,1
1,2,3,1,Salaried,912,Yes,Rents,37,29,55,4,3,OUT-OF-POCKET MAXIMUM,TIER 1 NETWORK,MAXIMUM COST,1000,1500,4000,6450,4000,2,20,low,low,RISK,1
2,1,3,2,Hourly,3561,Yes,Owns,28,26,51,4,3,OUT-OF-POCKET MAXIMUM,TIER 1 NETWORK,MAXIMUM COST,6450,1000,1500,4000,4000,2,20,low,low,RISK,1
2,3,1,1,Hourly,4350,No,Rents,19,36,62,4,3,OUT-OF-POCKET MAXIMUM,TIER 1 NETWORK,MAXIMUM COST,1000,6450,1500,4000,4000,2,20,low,low,RISK,1
3,3,2,3,Salaried,3664,No,Owns,18,38,64,4,3,OUT-OF-POCKET MAXIMUM,TIER 1 NETWORK,MAXIMUM COST,4000,6450,1000,1500,4000,2,20,low,low,RISK,1
1,1,1,1,Bonus,1972,Yes,Owns,38,31,55,4,3,OUT-OF-POCKET MAXIMUM,TIER 1 NETWORK,MAXIMUM COST,6450,4000,1000,1500,4000,2,20,low,low,RISK,1
1,1,3,3,Salaried,1235,Yes,Rents,32,31,59,4,3,OUT-OF-POCKET MAXIMUM,TIER 1 NETWORK,MAXIMUM COST,6450,1000,1500,4000,4000,2,20,low,low,RISK,1
1,3,1,2,Bonus,2294,Yes,Owns,25,47,55,4,3,OUT-OF-POCKET MAXIMUM,TIER 1 NETWORK,MAXIMUM COST,6450,4000,1500,1000,4000,2,20,low,low,RISK,1
1,2,3,1,Salaried,4592,Yes,Rents,37,41,60,4,3,OUT-OF-POCKET MAXIMUM,TIER 1 NETWORK,MAXIMUM COST,4000,1000,1500,6450,4000,2,20,low,low,RISK,1
1,1,1,2,Hourly,2183,Yes,Owns,16,35,73,4,3,OUT-OF-POCKET MAXIMUM,TIER 1 NETWORK,MAXIMUM COST,1000,6450,4000,1500,4000,2,20,low,low,RISK,1
2,2,3,2,Salaried,1622,Yes,Rents,21,24,60,4,3,OUT-OF-POCKET MAXIMUM,TIER 1 NETWORK,MAXIMUM COST,1500,1000,4000,6450,4000,2,20,low,low,RISK,1
2,3,1,3,Salaried,4259,Yes,Rents,17,43,57,4,3,OUT-OF-POCKET MAXIMUM,TIER 1 NETWORK,MAXIMUM COST,6450,4000,1500,1000,4000,2,20,low,low,RISK,1
3,2,2,3,Salaried,4138,No,Owns,37,25,52,4,3,OUT-OF-POCKET MAXIMUM,TIER 1 NETWORK,MAXIMUM COST,4000,6450,1000,1500,4000,2,20,low,low,RISK,1
3,1,2,3,Bonus,2742,No,Owns,39,50,53,4,3,OUT-OF-POCKET MAXIMUM,TIER 1 NETWORK,MAXIMUM COST,6450,1000,4000,1500,4000,2,20,low,low,RISK,1
1,1,1,3,Bonus,4027,Yes,Rents,21,31,54,4,3,OUT-OF-POCKET MAXIMUM,TIER 1 NETWORK,MAXIMUM COST,4000,6450,1000,1500,4000,2,20,low,low,RISK,1
2,2,1,1,Bonus,3643,No,Rents,35,26,75,4,3,OUT-OF-POCKET MAXIMUM,TIER 1 NETWORK,MAXIMUM COST,6450,4000,1500,1000,4000,2,20,low,low,RISK,1
2,1,3,1,Salaried,1855,No,Rents,39,49,60,4,3,OUT-OF-POCKET MAXIMUM,TIER 1 NETWORK,MAXIMUM COST,1500,4000,6450,1000,4000,2,20,low,low,RISK,1
1,3,1,1,Bonus,4199,No,Owns,33,40,57,4,3,OUT-OF-POCKET MAXIMUM,TIER 1 NETWORK,MAXIMUM COST,1500,4000,6450,1000,4000,2,20,low,low,RISK,1
1,3,2,1,Salaried,358,No,Rents,28,36,56,4,3,OUT-OF-POCKET MAXIMUM,TIER 1 NETWORK,MAXIMUM COST,6450,4000,1500,1000,4000,2,20,low,low,RISK,1
2,2,2,1,Salaried,2175,No,Owns,35,49,59,4,3,OUT-OF-POCKET MAXIMUM,TIER 1 NETWORK,MAXIMUM COST,4000,6450,1000,1500,4000,2,20,low,low,RISK,1
2,2,1,1,Bonus,2804,No,Owns,26,20,55,4,3,OUT-OF-POCKET MAXIMUM,TIER 1 NETWORK,MAXIMUM COST,6450,1500,1000,4000,4000,2,20,low,low,RISK,1
3,3,3,2,Bonus,2793,Yes,Owns,39,48,52,4,3,OUT-OF-POCKET MAXIMUM,TIER 1 NETWORK,MAXIMUM COST,4000,1500,1000,6450,4000,2,20,low,low,RISK,1
3,1,3,1,Salaried,1366,No,Owns,32,33,56,4,3,OUT-OF-POCKET MAXIMUM,TIER 1 NETWORK,MAXIMUM COST,4000,6450,1500,1000,4000,2,20,low,low,RISK,1
1,2,2,3,Salaried,3990,No,Rents,30,23,53,4,3,OUT-OF-POCKET MAXIMUM,TIER 1 NETWORK,MAXIMUM COST,1500,4000,1000,6450,4000,2,20,low,low,RISK,1
1,2,2,1,Salaried,1625,No,Owns,36,38,56,4,3,OUT-OF-POCKET MAXIMUM,TIER 1 NETWORK,MAXIMUM COST,1000,4000,6450,1500,4000,2,20,low,low,RISK,1
2,3,1,1,Hourly,1178,No,Owns,15,24,64,4,3,OUT-OF-POCKET MAXIMUM,TIER 1 NETWORK,MAXIMUM COST,6450,4000,1500,1000,4000,2,20,low,low,RISK,1
2,1,1,1,Hourly,2665,No,Rents,20,29,55,4,3,OUT-OF-POCKET MAXIMUM,TIER 1 NETWORK,MAXIMUM COST,1000,1500,6450,4000,4000,2,20,low,low,RISK,1
2,3,3,1,Hourly,4144,No,Owns,23,26,51,4,3,OUT-OF-POCKET MAXIMUM,TIER 1 NETWORK,MAXIMUM COST,1500,6450,1000,4000,4000,2,20,low,low,RISK,1
2,2,3,1,Hourly,2547,Yes,Owns,32,36,62,4,3,OUT-OF-POCKET MAXIMUM,TIER 1 NETWORK,MAXIMUM COST,1500,6450,4000,1000,4000,2,20,low,low,RISK,1
2,1,2,1,Hourly,152,Yes,Owns,34,38,64,4,3,OUT-OF-POCKET MAXIMUM,TIER 1 NETWORK,MAXIMUM COST,6450,4000,1500,1000,4000,2,20,low,low,RISK,1
1,1,1,1,Bonus,2909,Yes,Rents,23,31,55,4,3,OUT-OF-POCKET MAXIMUM,TIER 1 NETWORK,MAXIMUM COST,1000,4000,1500,6450,4000,2,20,low,low,RISK,1
3,3,2,2,Bonus,2404,Yes,Owns,27,31,59,4,3,OUT-OF-POCKET MAXIMUM,TIER 1 NETWORK,MAXIMUM COST,1000,4000,1500,6450,4000,2,20,low,low,RISK,1
3,1,2,3,Bonus,144,Yes,Owns,24,47,55,4,3,OUT-OF-POCKET MAXIMUM,TIER 1 NETWORK,MAXIMUM COST,1500,4000,6450,1000,4000,2,20,low,low,RISK,1
3,1,2,1,Hourly,2250,No,Owns,26,41,60,4,3,OUT-OF-POCKET MAXIMUM,TIER 1 NETWORK,MAXIMUM COST,1500,6450,1000,4000,4000,2,20,low,low,RISK,1
3,1,1,1,Hourly,4826,No,Owns,25,35,73,4,3,OUT-OF-POCKET MAXIMUM,TIER 1 NETWORK,MAXIMUM COST,1500,1000,4000,6450,4000,2,20,low,low,RISK,1
2,2,1,1,Salaried,792,No,Owns,28,24,60,4,3,OUT-OF-POCKET MAXIMUM,TIER 1 NETWORK,MAXIMUM COST,6450,4000,1500,1000,4000,2,20,low,low,RISK,1
1,3,1,2,Hourly,3429,No,Rents,34,43,57,4,3,OUT-OF-POCKET MAXIMUM,TIER 1 NETWORK,MAXIMUM COST,1000,6450,1500,4000,4000,2,20,low,low,RISK,1
1,3,1,2,Hourly,1596,Yes,Owns,27,25,52,4,3,OUT-OF-POCKET MAXIMUM,TIER 1 NETWORK,MAXIMUM COST,4000,1500,1000,6450,4000,2,20,low,low,RISK,1
2,3,3,1,Salaried,83,Yes,Owns,19,50,53,4,3,OUT-OF-POCKET MAXIMUM,TIER 1 NETWORK,MAXIMUM COST,1000,4000,1500,6450,4000,2,20,low,low,RISK,1
2,3,1,3,Salaried,3601,No,Owns,17,31,54,4,3,OUT-OF-POCKET MAXIMUM,TIER 1 NETWORK,MAXIMUM COST,4000,1000,1500,6450,4000,2,20,low,low,RISK,1
2,2,1,2,Bonus,861,No,Owns,34,26,75,4,3,OUT-OF-POCKET MAXIMUM,TIER 1 NETWORK,MAXIMUM COST,1000,6450,1500,4000,4000,2,20,low,low,RISK,1
1,3,3,3,Salaried,2240,Yes,Rents,35,49,60,4,3,OUT-OF-POCKET MAXIMUM,TIER 1 NETWORK,MAXIMUM COST,4000,6450,1000,1500,4000,2,20,low,low,RISK,1
1,1,1,1,Hourly,2384,No,Rents,17,40,57,4,3,OUT-OF-POCKET MAXIMUM,TIER 1 NETWORK,MAXIMUM COST,1000,4000,1500,6450,4000,2,20,low,low,RISK,1
1,1,1,1,Bonus,2363,Yes,Rents,29,36,56,4,3,OUT-OF-POCKET MAXIMUM,TIER 1 NETWORK,MAXIMUM COST,1000,4000,1500,6450,4000,2,20,low,low,RISK,1
2,1,3,1,Salaried,4539,No,Owns,24,49,59,4,3,OUT-OF-POCKET MAXIMUM,TIER 1 NETWORK,MAXIMUM COST,1500,6450,1000,4000,4000,2,20,low,low,RISK,1
2,1,1,1,Bonus,489,No,Rents,23,20,55,4,3,OUT-OF-POCKET MAXIMUM,TIER 1 NETWORK,MAXIMUM COST,1000,1500,4000,6450,4000,2,20,low,low,RISK,1
2,3,1,3,Bonus,4623,Yes,Owns,19,48,52,4,3,OUT-OF-POCKET MAXIMUM,TIER 1 NETWORK,MAXIMUM COST,6450,4000,1000,1500,4000,2,20,low,low,RISK,1
2,1,1,1,Salaried,153,Yes,Owns,15,33,56,4,3,OUT-OF-POCKET MAXIMUM,TIER 1 NETWORK,MAXIMUM COST,4000,6450,1000,1500,4000,2,20,low,low,RISK,1
1,3,3,2,Salaried,3954,No,Owns,17,23,53,4,3,OUT-OF-POCKET MAXIMUM,TIER 1 NETWORK,MAXIMUM COST,1000,4000,1500,6450,4000,2,20,low,low,RISK,1
1,2,1,1,Salaried,4742,No,Rents,15,38,56,4,3,OUT-OF-POCKET MAXIMUM,TIER 1 NETWORK,MAXIMUM COST,4000,1500,6450,1000,4000,2,20,low,low,RISK,1
1,1,1,2,Hourly,3289,No,Rents,35,24,64,4,3,OUT-OF-POCKET MAXIMUM,TIER 1 NETWORK,MAXIMUM COST,1500,4000,1000,6450,4000,2,20,low,low,RISK,1
1,1,2,2,Bonus,3409,Yes,Rents,30,29,55,4,3,OUT-OF-POCKET MAXIMUM,TIER 1 NETWORK,MAXIMUM COST,6450,4000,1000,1500,4000,2,20,low,low,RISK,1
1,1,3,2,Bonus,3179,No,Rents,21,26,51,4,3,OUT-OF-POCKET MAXIMUM,TIER 1 NETWORK,MAXIMUM COST,4000,6450,1500,1000,4000,2,20,low,low,RISK,1
1,1,1,2,Bonus,4271,No,Rents,22,36,62,4,3,OUT-OF-POCKET MAXIMUM,TIER 1 NETWORK,MAXIMUM COST,1500,1000,6450,4000,4000,2,20,low,low,RISK,1
1,1,1,1,Hourly,4605,Yes,Rents,24,38,64,4,3,OUT-OF-POCKET MAXIMUM,TIER 1 NETWORK,MAXIMUM COST,6450,4000,1500,1000,4000,2,20,low,low,RISK,1
1,3,3,3,Salaried,3042,Yes,Rents,16,31,55,4,3,OUT-OF-POCKET MAXIMUM,TIER 1 NETWORK,MAXIMUM COST,6450,4000,1500,1000,4000,2,20,low,low,RISK,1
1,3,3,1,Hourly,170,No,Rents,37,31,59,4,3,OUT-OF-POCKET MAXIMUM,TIER 1 NETWORK,MAXIMUM COST,4000,1500,6450,1000,4000,2,20,low,low,RISK,1
1,1,1,3,Salaried,2062,No,Rents,20,47,55,4,3,OUT-OF-POCKET MAXIMUM,TIER 1 NETWORK,MAXIMUM COST,1000,1500,4000,6450,4000,2,20,low,low,RISK,1
2,2,3,3,Bonus,1962,No,Rents,15,41,60,4,3,OUT-OF-POCKET MAXIMUM,TIER 1 NETWORK,MAXIMUM COST,4000,1500,1000,6450,4000,2,20,low,low,RISK,1
1,1,1,1,Bonus,1006,No,Owns,27,35,73,4,3,OUT-OF-POCKET MAXIMUM,TIER 1 NETWORK,MAXIMUM COST,6450,1000,4000,1500,4000,2,20,low,low,RISK,1
1,3,2,3,Salaried,4555,No,Rents,20,24,60,4,3,OUT-OF-POCKET MAXIMUM,TIER 1 NETWORK,MAXIMUM COST,4000,1500,6450,1000,4000,2,20,low,low,RISK,1
3,1,2,1,Bonus,458,No,Rents,25,43,57,4,3,OUT-OF-POCKET MAXIMUM,TIER 1 NETWORK,MAXIMUM COST,6450,1000,4000,1500,4000,2,20,low,low,RISK,1
3,1,3,1,Hourly,1593,No,Owns,16,25,52,4,3,OUT-OF-POCKET MAXIMUM,TIER 1 NETWORK,MAXIMUM COST,4000,1500,6450,1000,4000,2,20,low,low,RISK,1
1,3,1,2,Hourly,4519,Yes,Owns,26,50,53,4,3,OUT-OF-POCKET MAXIMUM,TIER 1 NETWORK,MAXIMUM COST,6450,4000,1000,1500,4000,2,20,low,low,RISK,1
1,2,1,1,Bonus,2639,No,Rents,16,31,54,4,3,OUT-OF-POCKET MAXIMUM,TIER 1 NETWORK,MAXIMUM COST,6450,4000,1000,1500,4000,2,20,low,low,RISK,1
1,1,3,1,Hourly,2563,Yes,Rents,35,26,75,4,3,OUT-OF-POCKET MAXIMUM,TIER 1 NETWORK,MAXIMUM COST,6450,1500,1000,4000,4000,2,20,low,low,RISK,1
1,2,3,2,Bonus,2810,Yes,Owns,35,49,60,4,3,OUT-OF-POCKET MAXIMUM,TIER 1 NETWORK,MAXIMUM COST,1000,4000,6450,1500,4000,2,20,low,low,RISK,1
2,2,1,2,Hourly,2954,Yes,Owns,39,40,57,4,3,OUT-OF-POCKET MAXIMUM,TIER 1 NETWORK,MAXIMUM COST,4000,1500,1000,6450,4000,2,20,low,low,RISK,1
2,1,3,1,Hourly,2299,Yes,Owns,31,36,56,4,3,OUT-OF-POCKET MAXIMUM,TIER 1 NETWORK,MAXIMUM COST,6450,1500,4000,1000,4000,2,20,low,low,RISK,1
1,1,2,3,Hourly,1155,No,Rents,16,49,59,4,3,OUT-OF-POCKET MAXIMUM,TIER 1 NETWORK,MAXIMUM COST,1500,6450,1000,4000,4000,2,20,low,low,RISK,1
2,1,3,1,Bonus,1856,Yes,Rents,31,20,55,4,3,OUT-OF-POCKET MAXIMUM,TIER 1 NETWORK,MAXIMUM COST,1500,4000,6450,1000,4000,2,20,low,low,RISK,1
3,2,2,1,Salaried,3352,Yes,Rents,18,48,52,4,3,OUT-OF-POCKET MAXIMUM,TIER 1 NETWORK,MAXIMUM COST,1000,4000,6450,1500,4000,2,20,low,low,RISK,1
3,1,1,2,Hourly,3735,Yes,Owns,34,33,56,4,3,OUT-OF-POCKET MAXIMUM,TIER 1 NETWORK,MAXIMUM COST,6450,4000,1000,1500,4000,2,20,low,low,RISK,1
3,2,1,3,Salaried,1125,Yes,Rents,18,23,53,4,3,OUT-OF-POCKET MAXIMUM,TIER 1 NETWORK,MAXIMUM COST,1000,6450,4000,1500,4000,2,20,low,low,RISK,1
3,1,2,1,Bonus,4695,No,Owns,15,38,56,4,3,OUT-OF-POCKET MAXIMUM,TIER 1 NETWORK,MAXIMUM COST,4000,1000,1500,6450,4000,2,20,low,low,RISK,1
2,2,2,2,Salaried,1210,No,Rents,38,24,64,4,3,OUT-OF-POCKET MAXIMUM,TIER 1 NETWORK,MAXIMUM COST,1000,1500,6450,4000,4000,2,20,low,low,RISK,1
2,3,2,1,Bonus,3149,No,Owns,17,29,55,4,3,OUT-OF-POCKET MAXIMUM,TIER 1 NETWORK,MAXIMUM COST,6450,1500,1000,4000,4000,2,20,low,low,RISK,1
2,2,2,2,Bonus,3757,No,Rents,18,26,51,4,3,OUT-OF-POCKET MAXIMUM,TIER 1 NETWORK,MAXIMUM COST,1000,6450,1500,4000,4000,2,20,low,low,RISK,1
3,1,3,2,Salaried,4038,Yes,Rents,28,36,62,4,3,OUT-OF-POCKET MAXIMUM,TIER 1 NETWORK,MAXIMUM COST,6450,1000,1500,4000,4000,2,20,low,low,RISK,1
1,1,1,3,Bonus,381,No,Owns,20,38,64,4,3,OUT-OF-POCKET MAXIMUM,TIER 1 NETWORK,MAXIMUM COST,6450,4000,1500,1000,4000,2,20,low,low,RISK,1
1,1,1,2,Hourly,2879,Yes,Rents,37,31,55,4,3,OUT-OF-POCKET MAXIMUM,TIER 1 NETWORK,MAXIMUM COST,4000,6450,1000,1500,4000,2,20,low,low,RISK,1
2,3,1,1,Hourly,2246,No,Owns,38,31,59,4,3,OUT-OF-POCKET MAXIMUM,TIER 1 NETWORK,MAXIMUM COST,6450,4000,1500,1000,4000,2,20,low,low,RISK,1
1,3,2,1,Hourly,3337,No,Rents,18,47,55,4,3,OUT-OF-POCKET MAXIMUM,TIER 1 NETWORK,MAXIMUM COST,1000,6450,4000,1500,4000,2,20,low,low,RISK,1
2,2,1,2,Hourly,874,No,Owns,38,41,60,4,3,OUT-OF-POCKET MAXIMUM,TIER 1 NETWORK,MAXIMUM COST,1500,6450,4000,1000,4000,2,20,low,low,RISK,1
1,2,1,1,Hourly,4470,Yes,Owns,16,35,73,4,3,OUT-OF-POCKET MAXIMUM,TIER 1 NETWORK,MAXIMUM COST,6450,4000,1000,1500,4000,2,20,low,low,RISK,1
3,1,3,1,Hourly,3252,Yes,Owns,24,24,60,4,3,OUT-OF-POCKET MAXIMUM,TIER 1 NETWORK,MAXIMUM COST,1500,4000,6450,1000,4000,2,20,low,low,RISK,1
1,3,1,2,Hourly,176,Yes,Rents,23,43,57,4,3,OUT-OF-POCKET MAXIMUM,TIER 1 NETWORK,MAXIMUM COST,1500,4000,6450,1000,4000,2,20,low,low,RISK,1
2,1,3,1,Hourly,3681,Yes,Owns,17,25,52,4,3,OUT-OF-POCKET MAXIMUM,TIER 1 NETWORK,MAXIMUM COST,1000,6450,4000,1500,4000,2,20,low,low,RISK,1
1,3,2,3,Hourly,1019,Yes,Owns,35,50,53,4,3,OUT-OF-POCKET MAXIMUM,TIER 1 NETWORK,MAXIMUM COST,1000,4000,6450,1500,4000,2,20,low,low,RISK,1
1,3,2,1,Bonus,4493,Yes,Owns,39,31,54,4,3,OUT-OF-POCKET MAXIMUM,TIER 1 NETWORK,MAXIMUM COST,1000,1500,4000,6450,4000,2,20,low,low,RISK,1
1,3,3,1,Salaried,1012,Yes,Owns,34,26,75,4,3,OUT-OF-POCKET MAXIMUM,TIER 1 NETWORK,MAXIMUM COST,1500,1000,6450,4000,4000,2,20,low,low,RISK,1
1,1,2,1,Bonus,1248,Yes,Rents,18,49,60,4,3,OUT-OF-POCKET MAXIMUM,TIER 1 NETWORK,MAXIMUM COST,6450,4000,1500,1000,4000,2,20,low,low,RISK,1
1,1,2,1,Salaried,1214,No,Owns,17,40,57,4,3,OUT-OF-POCKET MAXIMUM,TIER 1 NETWORK,MAXIMUM COST,1500,1000,4000,6450,4000,2,20,low,low,RISK,1
2,1,1,1,Salaried,2852,Yes,Rents,18,36,56,4,3,OUT-OF-POCKET MAXIMUM,TIER 1 NETWORK,MAXIMUM COST,6450,1500,1000,4000,4000,2,20,low,low,RISK,1
2,1,1,1,Bonus,1440,Yes,Owns,24,49,59,4,3,OUT-OF-POCKET MAXIMUM,TIER 1 NETWORK,MAXIMUM COST,1000,1500,4000,6450,4000,2,20,low,low,RISK,1
3,1,3,1,Bonus,2951,No,Owns,26,20,55,4,3,OUT-OF-POCKET MAXIMUM,TIER 1 NETWORK,MAXIMUM COST,1500,6450,1000,4000,4000,2,20,low,low,RISK,1
4,3,2,4,Salaried,4377,No,Rents,46,73,76,4,4,OUT-OF-POCKET MAXIMUM,TIER 1 NETWORK,MAXIMUM COST,1000,4000,1500,6450,4000,2,50,low,low,RISK,1
2,3,4,2,Salaried,1919,No,Owns,48,61,80,4,4,OUT-OF-POCKET MAXIMUM,TIER 1 NETWORK,MAXIMUM COST,6450,1000,4000,1500,4000,2,50,low,low,RISK,1
4,4,3,2,Salaried,4671,Yes,Rents,57,53,77,4,4,OUT-OF-POCKET MAXIMUM,TIER 1 NETWORK,MAXIMUM COST,1000,6450,4000,1500,4000,2,50,low,low,RISK,1
4,4,2,2,Bonus,1139,No,Owns,52,65,80,4,4,OUT-OF-POCKET MAXIMUM,TIER 1 NETWORK,MAXIMUM COST,1500,1000,6450,4000,4000,2,50,low,low,RISK,1
3,4,4,3,Bonus,3085,No,Rents,45,54,88,4,4,OUT-OF-POCKET MAXIMUM,TIER 1 NETWORK,MAXIMUM COST,6450,4000,1000,1500,4000,2,50,low,low,RISK,1
3,4,4,3,Salaried,912,Yes,Rents,61,58,79,4,4,OUT-OF-POCKET MAXIMUM,TIER 1 NETWORK,MAXIMUM COST,6450,1500,1000,4000,4000,2,50,low,low,RISK,1
4,3,4,3,Hourly,3561,Yes,Owns,51,56,75,4,4,OUT-OF-POCKET MAXIMUM,TIER 1 NETWORK,MAXIMUM COST,1500,4000,6450,1000,4000,2,50,low,low,RISK,1
4,4,2,2,Hourly,4350,No,Rents,40,64,87,4,4,OUT-OF-POCKET MAXIMUM,TIER 1 NETWORK,MAXIMUM COST,4000,1000,1500,6450,4000,2,50,low,low,RISK,1
4,4,4,4,Salaried,3664,No,Owns,39,65,88,4,4,OUT-OF-POCKET MAXIMUM,TIER 1 NETWORK,MAXIMUM COST,4000,1500,6450,1000,4000,2,50,low,low,RISK,1
2,3,3,3,Bonus,1972,Yes,Owns,62,60,80,4,4,OUT-OF-POCKET MAXIMUM,TIER 1 NETWORK,MAXIMUM COST,4000,6450,1000,1500,4000,2,50,low,low,RISK,1
3,2,4,4,Salaried,1235,Yes,Rents,55,60,83,4,4,OUT-OF-POCKET MAXIMUM,TIER 1 NETWORK,MAXIMUM COST,1500,6450,4000,1000,4000,2,50,low,low,RISK,1
2,4,3,3,Bonus,2294,Yes,Owns,47,72,79,4,4,OUT-OF-POCKET MAXIMUM,TIER 1 NETWORK,MAXIMUM COST,1000,1500,4000,6450,4000,2,50,low,low,RISK,1
2,3,4,3,Salaried,4592,Yes,Rents,62,68,84,4,4,OUT-OF-POCKET MAXIMUM,TIER 1 NETWORK,MAXIMUM COST,1000,6450,1500,4000,4000,2,50,low,low,RISK,1
3,3,3,4,Hourly,2183,Yes,Owns,37,63,98,4,4,OUT-OF-POCKET MAXIMUM,TIER 1 NETWORK,MAXIMUM COST,1000,4000,1500,6450,4000,2,50,low,low,RISK,1
3,4,3,4,Salaried,4259,Yes,Rents,37,70,81,4,4,OUT-OF-POCKET MAXIMUM,TIER 1 NETWORK,MAXIMUM COST,1000,4000,1500,6450,4000,2,50,low,low,RISK,1
4,3,3,4,Salaried,4138,No,Owns,62,55,76,4,4,OUT-OF-POCKET MAXIMUM,TIER 1 NETWORK,MAXIMUM COST,1000,6450,1500,4000,4000,2,50,low,low,RISK,1
4,3,4,4,Bonus,2742,No,Owns,64,75,77,4,4,OUT-OF-POCKET MAXIMUM,TIER 1 NETWORK,MAXIMUM COST,1500,6450,1000,4000,4000,2,50,low,low,RISK,1
3,3,3,4,Bonus,4027,Yes,Rents,43,60,78,4,4,OUT-OF-POCKET MAXIMUM,TIER 1 NETWORK,MAXIMUM COST,6450,4000,1000,1500,4000,2,50,low,low,RISK,1
4,4,2,2,Bonus,3643,No,Rents,59,56,100,4,4,OUT-OF-POCKET MAXIMUM,TIER 1 NETWORK,MAXIMUM COST,6450,1000,4000,1500,4000,2,50,low,low,RISK,1
4,2,4,2,Salaried,1855,No,Rents,63,74,85,4,4,OUT-OF-POCKET MAXIMUM,TIER 1 NETWORK,MAXIMUM COST,1000,6450,1500,4000,4000,2,50,low,low,RISK,1
3,4,2,3,Bonus,4199,No,Owns,57,67,81,4,4,OUT-OF-POCKET MAXIMUM,TIER 1 NETWORK,MAXIMUM COST,4000,1000,6450,1500,4000,2,50,low,low,RISK,1
3,4,3,2,Salaried,358,No,Rents,50,64,80,4,4,OUT-OF-POCKET MAXIMUM,TIER 1 NETWORK,MAXIMUM COST,1000,1500,6450,4000,4000,2,50,low,low,RISK,1
4,3,4,3,Salaried,2175,No,Owns,59,75,83,4,4,OUT-OF-POCKET MAXIMUM,TIER 1 NETWORK,MAXIMUM COST,1000,4000,6450,1500,4000,2,50,low,low,RISK,1
4,4,2,2,Bonus,2804,No,Owns,48,51,79,4,4,OUT-OF-POCKET MAXIMUM,TIER 1 NETWORK,MAXIMUM COST,1500,4000,6450,1000,4000,2,50,low,low,RISK,1
4,4,4,4,Bonus,2793,Yes,Owns,63,73,76,4,4,OUT-OF-POCKET MAXIMUM,TIER 1 NETWORK,MAXIMUM COST,6450,1500,1000,4000,4000,2,50,low,low,RISK,1
4,3,4,2,Salaried,1366,No,Owns,56,61,80,4,4,OUT-OF-POCKET MAXIMUM,TIER 1 NETWORK,MAXIMUM COST,6450,1500,1000,4000,4000,2,50,low,low,RISK,1
2,4,4,4,Salaried,3990,No,Rents,53,53,77,4,4,OUT-OF-POCKET MAXIMUM,TIER 1 NETWORK,MAXIMUM COST,6450,1500,1000,4000,4000,2,50,low,low,RISK,1
2,4,3,3,Salaried,1625,No,Owns,60,65,80,4,4,OUT-OF-POCKET MAXIMUM,TIER 1 NETWORK,MAXIMUM COST,6450,4000,1000,1500,4000,2,50,low,low,RISK,1
4,4,3,3,Hourly,1178,No,Owns,35,54,88,4,4,OUT-OF-POCKET MAXIMUM,TIER 1 NETWORK,MAXIMUM COST,4000,1500,1000,6450,4000,2,50,low,low,RISK,1
3,3,2,2,Hourly,2665,No,Rents,41,58,79,4,4,OUT-OF-POCKET MAXIMUM,TIER 1 NETWORK,MAXIMUM COST,1000,1500,4000,6450,4000,2,50,low,low,RISK,1
4,4,4,2,Hourly,4144,No,Owns,44,56,75,4,4,OUT-OF-POCKET MAXIMUM,TIER 1 NETWORK,MAXIMUM COST,4000,1000,6450,1500,4000,2,50,low,low,RISK,1
3,3,4,3,Hourly,2547,Yes,Owns,55,64,87,4,4,OUT-OF-POCKET MAXIMUM,TIER 1 NETWORK,MAXIMUM COST,4000,1500,1000,6450,4000,2,50,low,low,RISK,1
4,3,4,2,Hourly,152,Yes,Owns,58,65,88,4,4,OUT-OF-POCKET MAXIMUM,TIER 1 NETWORK,MAXIMUM COST,1500,4000,6450,1000,4000,2,50,low,low,RISK,1
3,2,2,3,Bonus,2909,Yes,Rents,45,60,80,4,4,OUT-OF-POCKET MAXIMUM,TIER 1 NETWORK,MAXIMUM COST,6450,4000,1500,1000,4000,2,50,low,low,RISK,1
4,4,3,3,Bonus,2404,Yes,Owns,49,60,83,4,4,OUT-OF-POCKET MAXIMUM,TIER 1 NETWORK,MAXIMUM COST,6450,4000,1500,1000,4000,2,50,low,low,RISK,1
4,2,4,4,Bonus,144,Yes,Owns,46,72,79,4,4,OUT-OF-POCKET MAXIMUM,TIER 1 NETWORK,MAXIMUM COST,6450,1500,1000,4000,4000,2,50,low,low,RISK,1
4,2,4,2,Hourly,2250,No,Owns,48,68,84,4,4,OUT-OF-POCKET MAXIMUM,TIER 1 NETWORK,MAXIMUM COST,1000,1500,6450,4000,4000,2,50,low,low,RISK,1
4,3,3,3,Hourly,4826,No,Owns,47,63,98,4,4,OUT-OF-POCKET MAXIMUM,TIER 1 NETWORK,MAXIMUM COST,1500,6450,4000,1000,4000,2,50,low,low,RISK,1
4,4,2,3,Salaried,792,No,Owns,50,55,84,4,4,OUT-OF-POCKET MAXIMUM,TIER 1 NETWORK,MAXIMUM COST,1500,1000,6450,4000,4000,2,50,low,low,RISK,1
2,4,2,3,Hourly,3429,No,Rents,58,70,81,4,4,OUT-OF-POCKET MAXIMUM,TIER 1 NETWORK,MAXIMUM COST,4000,1000,1500,6450,4000,2,50,low,low,RISK,1
3,4,3,4,Hourly,1596,Yes,Owns,50,55,76,4,4,OUT-OF-POCKET MAXIMUM,TIER 1 NETWORK,MAXIMUM COST,1500,6450,4000,1000,4000,2,50,low,low,RISK,1
4,4,4,3,Salaried,83,Yes,Owns,40,75,77,4,4,OUT-OF-POCKET MAXIMUM,TIER 1 NETWORK,MAXIMUM COST,6450,1000,4000,1500,4000,2,50,low,low,RISK,1
4,4,3,4,Salaried,3601,No,Owns,38,60,78,4,4,OUT-OF-POCKET MAXIMUM,TIER 1 NETWORK,MAXIMUM COST,1500,6450,4000,1000,4000,2,50,low,low,RISK,1
3,4,2,4,Bonus,861,No,Owns,58,56,100,4,4,OUT-OF-POCKET MAXIMUM,TIER 1 NETWORK,MAXIMUM COST,1500,4000,1000,6450,4000,2,50,low,low,RISK,1
2,4,4,4,Salaried,2240,Yes,Rents,59,74,85,4,4,OUT-OF-POCKET MAXIMUM,TIER 1 NETWORK,MAXIMUM COST,4000,1000,1500,6450,4000,2,50,low,low,RISK,1
3,3,2,2,Hourly,2384,No,Rents,37,67,81,4,4,OUT-OF-POCKET MAXIMUM,TIER 1 NETWORK,MAXIMUM COST,1000,1500,6450,4000,4000,2,50,low,low,RISK,1
2,2,3,3,Bonus,2363,Yes,Rents,52,64,80,4,4,OUT-OF-POCKET MAXIMUM,TIER 1 NETWORK,MAXIMUM COST,4000,1500,6450,1000,4000,2,50,low,low,RISK,1
3,3,4,2,Salaried,4539,No,Owns,45,75,83,4,4,OUT-OF-POCKET MAXIMUM,TIER 1 NETWORK,MAXIMUM COST,1000,4000,6450,1500,4000,2,50,low,low,RISK,1
3,3,2,2,Bonus,489,No,Rents,45,51,79,4,4,OUT-OF-POCKET MAXIMUM,TIER 1 NETWORK,MAXIMUM COST,1000,1500,4000,6450,4000,2,50,low,low,RISK,1
4,4,2,4,Bonus,4623,Yes,Owns,40,73,76,4,4,OUT-OF-POCKET MAXIMUM,TIER 1 NETWORK,MAXIMUM COST,1000,1500,6450,4000,4000,2,50,low,low,RISK,1
3,3,3,2,Salaried,153,Yes,Owns,36,61,80,4,4,OUT-OF-POCKET MAXIMUM,TIER 1 NETWORK,MAXIMUM COST,1500,6450,4000,1000,4000,2,50,low,low,RISK,1
3,4,4,4,Salaried,3954,No,Owns,38,53,77,4,4,OUT-OF-POCKET MAXIMUM,TIER 1 NETWORK,MAXIMUM COST,1000,4000,1500,6450,4000,2,50,low,low,RISK,1
3,3,2,3,Salaried,4742,No,Rents,35,65,80,4,4,OUT-OF-POCKET MAXIMUM,TIER 1 NETWORK,MAXIMUM COST,4000,1500,1000,6450,4000,2,50,low,low,RISK,1
2,2,2,3,Hourly,3289,No,Rents,59,54,88,4,4,OUT-OF-POCKET MAXIMUM,TIER 1 NETWORK,MAXIMUM COST,1500,1000,6450,4000,4000,2,50,low,low,RISK,1
2,2,3,3,Bonus,3409,Yes,Rents,54,58,79,4,4,OUT-OF-POCKET MAXIMUM,TIER 1 NETWORK,MAXIMUM COST,1000,1500,4000,6450,4000,2,50,low,low,RISK,1
3,3,4,3,Bonus,3179,No,Rents,42,56,75,4,4,OUT-OF-POCKET MAXIMUM,TIER 1 NETWORK,MAXIMUM COST,4000,1500,6450,1000,4000,2,50,low,low,RISK,1
3,3,2,4,Bonus,4271,No,Rents,43,64,87,4,4,OUT-OF-POCKET MAXIMUM,TIER 1 NETWORK,MAXIMUM COST,1000,1500,6450,4000,4000,2,50,low,low,RISK,1
3,3,3,2,Hourly,4605,Yes,Rents,46,65,88,4,4,OUT-OF-POCKET MAXIMUM,TIER 1 NETWORK,MAXIMUM COST,1500,1000,6450,4000,4000,2,50,low,low,RISK,1
2,4,4,4,Salaried,3042,Yes,Rents,37,60,80,4,4,OUT-OF-POCKET MAXIMUM,TIER 1 NETWORK,MAXIMUM COST,1000,1500,6450,4000,4000,2,50,low,low,RISK,1
2,4,4,3,Hourly,170,No,Rents,61,60,83,4,4,OUT-OF-POCKET MAXIMUM,TIER 1 NETWORK,MAXIMUM COST,6450,4000,1000,1500,4000,2,50,low,low,RISK,1
2,3,3,4,Salaried,2062,No,Rents,40,72,79,4,4,OUT-OF-POCKET MAXIMUM,TIER 1 NETWORK,MAXIMUM COST,4000,1500,1000,6450,4000,2,50,low,low,RISK,1
4,4,4,4,Bonus,1962,No,Rents,35,68,84,4,4,OUT-OF-POCKET MAXIMUM,TIER 1 NETWORK,MAXIMUM COST,6450,1000,4000,1500,4000,2,50,low,low,RISK,1
2,2,3,2,Bonus,1006,No,Owns,50,63,98,4,4,OUT-OF-POCKET MAXIMUM,TIER 1 NETWORK,MAXIMUM COST,6450,1000,4000,1500,4000,2,50,low,low,RISK,1
2,4,3,4,Salaried,4555,No,Rents,42,55,84,4,4,OUT-OF-POCKET MAXIMUM,TIER 1 NETWORK,MAXIMUM COST,1500,1000,4000,6450,4000,2,50,low,low,RISK,1
4,3,4,3,Bonus,458,No,Rents,46,70,81,4,4,OUT-OF-POCKET MAXIMUM,TIER 1 NETWORK,MAXIMUM COST,6450,1000,1500,4000,4000,2,50,low,low,RISK,1
4,3,4,3,Hourly,1593,No,Owns,36,55,76,4,4,OUT-OF-POCKET MAXIMUM,TIER 1 NETWORK,MAXIMUM COST,6450,1500,1000,4000,4000,2,50,low,low,RISK,1
3,4,2,3,Hourly,4519,Yes,Owns,48,75,77,4,4,OUT-OF-POCKET MAXIMUM,TIER 1 NETWORK,MAXIMUM COST,1000,1500,4000,6450,4000,2,50,low,low,RISK,1
2,4,3,3,Bonus,2639,No,Rents,36,60,78,4,4,OUT-OF-POCKET MAXIMUM,TIER 1 NETWORK,MAXIMUM COST,4000,1500,1000,6450,4000,2,50,low,low,RISK,1
2,3,4,3,Hourly,2563,Yes,Rents,59,56,100,4,4,OUT-OF-POCKET MAXIMUM,TIER 1 NETWORK,MAXIMUM COST,4000,1500,6450,1000,4000,2,50,low,low,RISK,1
3,4,4,4,Bonus,2810,Yes,Owns,58,74,85,4,4,OUT-OF-POCKET MAXIMUM,TIER 1 NETWORK,MAXIMUM COST,6450,4000,1500,1000,4000,2,50,low,low,RISK,1
3,4,3,4,Hourly,2954,Yes,Owns,64,67,81,4,4,OUT-OF-POCKET MAXIMUM,TIER 1 NETWORK,MAXIMUM COST,4000,1500,1000,6450,4000,2,50,low,low,RISK,1
3,2,4,3,Hourly,2299,Yes,Owns,54,64,80,4,4,OUT-OF-POCKET MAXIMUM,TIER 1 NETWORK,MAXIMUM COST,6450,1000,4000,1500,4000,2,50,low,low,RISK,1
2,3,4,4,Hourly,1155,No,Rents,37,75,83,4,4,OUT-OF-POCKET MAXIMUM,TIER 1 NETWORK,MAXIMUM COST,1500,4000,6450,1000,4000,2,50,low,low,RISK,1
4,2,4,3,Bonus,1856,Yes,Rents,55,51,79,4,4,OUT-OF-POCKET MAXIMUM,TIER 1 NETWORK,MAXIMUM COST,6450,4000,1500,1000,4000,2,50,low,low,RISK,1
4,4,3,3,Salaried,3352,Yes,Rents,38,73,76,4,4,OUT-OF-POCKET MAXIMUM,TIER 1 NETWORK,MAXIMUM COST,1000,4000,6450,1500,4000,2,50,low,low,RISK,1
4,3,2,3,Hourly,3735,Yes,Owns,58,61,80,4,4,OUT-OF-POCKET MAXIMUM,TIER 1 NETWORK,MAXIMUM COST,1000,6450,1500,4000,4000,2,50,low,low,RISK,1
4,3,3,4,Salaried,1125,Yes,Rents,38,53,77,4,4,OUT-OF-POCKET MAXIMUM,TIER 1 NETWORK,MAXIMUM COST,1000,6450,4000,1500,4000,2,50,low,low,RISK,1
4,2,4,2,Bonus,4695,No,Owns,35,65,80,4,4,OUT-OF-POCKET MAXIMUM,TIER 1 NETWORK,MAXIMUM COST,1500,6450,4000,1000,4000,2,50,low,low,RISK,1
3,3,3,4,Salaried,1210,No,Rents,62,54,88,4,4,OUT-OF-POCKET MAXIMUM,TIER 1 NETWORK,MAXIMUM COST,6450,1500,4000,1000,4000,2,50,low,low,RISK,1
4,4,4,2,Bonus,3149,No,Owns,37,58,79,4,4,OUT-OF-POCKET MAXIMUM,TIER 1 NETWORK,MAXIMUM COST,6450,1000,1500,4000,4000,2,50,low,low,RISK,1
4,3,4,4,Bonus,3757,No,Rents,38,56,75,4,4,OUT-OF-POCKET MAXIMUM,TIER 1 NETWORK,MAXIMUM COST,6450,4000,1000,1500,4000,2,50,low,low,RISK,1
4,3,4,4,Salaried,4038,Yes,Rents,51,64,87,4,4,OUT-OF-POCKET MAXIMUM,TIER 1 NETWORK,MAXIMUM COST,1500,1000,6450,4000,4000,2,50,low,low,RISK,1
2,3,3,4,Bonus,381,No,Owns,41,65,88,4,4,OUT-OF-POCKET MAXIMUM,TIER 1 NETWORK,MAXIMUM COST,6450,1500,4000,1000,4000,2,50,low,low,RISK,1
3,3,3,3,Hourly,2879,Yes,Rents,61,60,80,4,4,OUT-OF-POCKET MAXIMUM,TIER 1 NETWORK,MAXIMUM COST,1500,6450,4000,1000,4000,2,50,low,low,RISK,1
4,4,3,2,Hourly,2246,No,Owns,62,60,83,4,4,OUT-OF-POCKET MAXIMUM,TIER 1 NETWORK,MAXIMUM COST,1500,6450,1000,4000,4000,2,50,low,low,RISK,1
2,4,3,2,Hourly,3337,No,Rents,39,72,79,4,4,OUT-OF-POCKET MAXIMUM,TIER 1 NETWORK,MAXIMUM COST,6450,4000,1500,1000,4000,2,50,low,low,RISK,1
4,3,3,4,Hourly,874,No,Owns,63,68,84,4,4,OUT-OF-POCKET MAXIMUM,TIER 1 NETWORK,MAXIMUM COST,1500,6450,4000,1000,4000,2,50,low,low,RISK,1
3,4,2,3,Hourly,4470,Yes,Owns,36,63,98,4,4,OUT-OF-POCKET MAXIMUM,TIER 1 NETWORK,MAXIMUM COST,4000,1500,1000,6450,4000,2,50,low,low,RISK,1
4,3,4,3,Hourly,3252,Yes,Owns,46,55,84,4,4,OUT-OF-POCKET MAXIMUM,TIER 1 NETWORK,MAXIMUM COST,1500,4000,6450,1000,4000,2,50,low,low,RISK,1
3,4,2,3,Hourly,176,Yes,Rents,45,70,81,4,4,OUT-OF-POCKET MAXIMUM,TIER 1 NETWORK,MAXIMUM COST,1500,1000,6450,4000,4000,2,50,low,low,RISK,1
4,3,4,2,Hourly,3681,Yes,Owns,38,55,76,4,4,OUT-OF-POCKET MAXIMUM,TIER 1 NETWORK,MAXIMUM COST,1500,6450,1000,4000,4000,2,50,low,low,RISK,1
3,4,4,4,Hourly,1019,Yes,Owns,59,75,77,4,4,OUT-OF-POCKET MAXIMUM,TIER 1 NETWORK,MAXIMUM COST,1000,4000,6450,1500,4000,2,50,low,low,RISK,1
3,4,4,3,Bonus,4493,Yes,Owns,64,60,78,4,4,OUT-OF-POCKET MAXIMUM,TIER 1 NETWORK,MAXIMUM COST,1500,1000,6450,4000,4000,2,50,low,low,RISK,1
3,4,4,2,Salaried,1012,Yes,Owns,58,56,100,4,4,OUT-OF-POCKET MAXIMUM,TIER 1 NETWORK,MAXIMUM COST,1000,4000,1500,6450,4000,2,50,low,low,RISK,1
2,2,4,3,Bonus,1248,Yes,Rents,39,74,85,4,4,OUT-OF-POCKET MAXIMUM,TIER 1 NETWORK,MAXIMUM COST,6450,1000,4000,1500,4000,2,50,low,low,RISK,1
2,3,3,3,Salaried,1214,No,Owns,37,67,81,4,4,OUT-OF-POCKET MAXIMUM,TIER 1 NETWORK,MAXIMUM COST,4000,1500,6450,1000,4000,2,50,low,low,RISK,1
4,3,3,2,Salaried,2852,Yes,Rents,38,64,80,4,4,OUT-OF-POCKET MAXIMUM,TIER 1 NETWORK,MAXIMUM COST,1500,4000,1000,6450,4000,2,50,low,low,RISK,1
3,3,2,2,Bonus,1440,Yes,Owns,46,75,83,4,4,OUT-OF-POCKET MAXIMUM,TIER 1 NETWORK,MAXIMUM COST,1000,6450,4000,1500,4000,2,50,low,low,RISK,1
4,2,4,3,Bonus,2951,No,Owns,48,51,79,4,4,OUT-OF-POCKET MAXIMUM,TIER 1 NETWORK,MAXIMUM COST,4000,6450,1500,1000,4000,2,50,low,low,RISK,1
1,0,0,1,Salaried,4377,No,Rents,4,9,1,4,5,OUT-OF-POCKET MAXIMUM,TIER 1 NETWORK,MAXIMUM COST,6450,1000,4000,1500,6450,1,5,low,high,RISK,2
0,0,1,0,Salaried,1919,No,Owns,4,4,5,4,5,OUT-OF-POCKET MAXIMUM,TIER 1 NETWORK,MAXIMUM COST,4000,1500,1000,6450,6450,1,5,low,high,RISK,2
0,0,0,0,Salaried,4671,Yes,Rents,7,1,2,4,5,OUT-OF-POCKET MAXIMUM,TIER 1 NETWORK,MAXIMUM COST,1500,1000,6450,4000,6450,1,5,low,high,RISK,2
1,1,0,0,Bonus,1139,No,Owns,6,6,5,4,5,OUT-OF-POCKET MAXIMUM,TIER 1 NETWORK,MAXIMUM COST,6450,1500,1000,4000,6450,1,5,low,high,RISK,2
0,1,1,0,Bonus,3085,No,Rents,3,1,13,4,5,OUT-OF-POCKET MAXIMUM,TIER 1 NETWORK,MAXIMUM COST,6450,4000,1500,1000,6450,1,5,low,high,RISK,2
0,1,1,0,Salaried,912,Yes,Rents,9,3,4,4,5,OUT-OF-POCKET MAXIMUM,TIER 1 NETWORK,MAXIMUM COST,1500,6450,4000,1000,6450,1,5,low,high,RISK,2
1,0,1,0,Hourly,3561,Yes,Owns,5,2,0,4,5,OUT-OF-POCKET MAXIMUM,TIER 1 NETWORK,MAXIMUM COST,1000,1500,6450,4000,6450,1,5,low,high,RISK,2
1,1,0,0,Hourly,4350,No,Rents,2,5,12,4,5,OUT-OF-POCKET MAXIMUM,TIER 1 NETWORK,MAXIMUM COST,6450,1000,4000,1500,6450,1,5,low,high,RISK,2
1,1,0,1,Salaried,3664,No,Owns,1,6,13,4,5,OUT-OF-POCKET MAXIMUM,TIER 1 NETWORK,MAXIMUM COST,6450,1000,4000,1500,6450,1,5,low,high,RISK,2
0,0,0,0,Bonus,1972,Yes,Owns,9,4,5,4,5,OUT-OF-POCKET MAXIMUM,TIER 1 NETWORK,MAXIMUM COST,1500,6450,4000,1000,6450,1,5,low,high,RISK,2
0,0,1,1,Salaried,1235,Yes,Rents,7,4,8,4,5,OUT-OF-POCKET MAXIMUM,TIER 1 NETWORK,MAXIMUM COST,1500,1000,6450,4000,6450,1,5,low,high,RISK,2
0,1,0,0,Bonus,2294,Yes,Owns,4,9,4,4,5,OUT-OF-POCKET MAXIMUM,TIER 1 NETWORK,MAXIMUM COST,6450,4000,1500,1000,6450,1,5,low,high,RISK,2
0,0,1,0,Salaried,4592,Yes,Rents,9,7,9,4,5,OUT-OF-POCKET MAXIMUM,TIER 1 NETWORK,MAXIMUM COST,1000,6450,1500,4000,6450,1,5,low,high,RISK,2
0,0,0,1,Hourly,2183,Yes,Owns,1,5,23,4,5,OUT-OF-POCKET MAXIMUM,TIER 1 NETWORK,MAXIMUM COST,6450,1500,4000,1000,6450,1,5,low,high,RISK,2
0,0,1,0,Salaried,1622,Yes,Rents,2,1,9,4,5,OUT-OF-POCKET MAXIMUM,TIER 1 NETWORK,MAXIMUM COST,6450,4000,1500,1000,6450,1,5,low,high,RISK,2
0,1,0,1,Salaried,4259,Yes,Rents,1,8,6,4,5,OUT-OF-POCKET MAXIMUM,TIER 1 NETWORK,MAXIMUM COST,1000,6450,1500,4000,6450,1,5,low,high,RISK,2
1,0,0,1,Salaried,4138,No,Owns,9,2,1,4,5,OUT-OF-POCKET MAXIMUM,TIER 1 NETWORK,MAXIMUM COST,6450,1000,4000,1500,6450,1,5,low,high,RISK,2
1,0,0,1,Bonus,2742,No,Owns,10,10,2,4,5,OUT-OF-POCKET MAXIMUM,TIER 1 NETWORK,MAXIMUM COST,4000,1500,1000,6450,6450,1,5,low,high,RISK,2
0,0,0,1,Bonus,4027,Yes,Rents,3,4,3,4,5,OUT-OF-POCKET MAXIMUM,TIER 1 NETWORK,MAXIMUM COST,1000,4000,6450,1500,6450,1,5,low,high,RISK,2
1,0,0,0,Bonus,3643,No,Rents,8,2,25,4,5,OUT-OF-POCKET MAXIMUM,TIER 1 NETWORK,MAXIMUM COST,1000,4000,6450,1500,6450,1,5,low,high,RISK,2
1,0,1,0,Salaried,1855,No,Rents,9,10,10,4,5,OUT-OF-POCKET MAXIMUM,TIER 1 NETWORK,MAXIMUM COST,1500,6450,1000,4000,6450,1,5,low,high,RISK,2
0,1,0,0,Bonus,4199,No,Owns,7,7,6,4,5,OUT-OF-POCKET MAXIMUM,TIER 1 NETWORK,MAXIMUM COST,4000,1500,6450,1000,6450,1,5,low,high,RISK,2
0,1,0,0,Salaried,358,No,Rents,5,5,5,4,5,OUT-OF-POCKET MAXIMUM,TIER 1 NETWORK,MAXIMUM COST,4000,1500,1000,6450,6450,1,5,low,high,RISK,2
0,0,1,0,Salaried,2175,No,Owns,8,10,8,4,5,OUT-OF-POCKET MAXIMUM,TIER 1 NETWORK,MAXIMUM COST,4000,6450,1500,1000,6450,1,5,low,high,RISK,2
0,1,0,0,Bonus,2804,No,Owns,4,0,4,4,5,OUT-OF-POCKET MAXIMUM,TIER 1 NETWORK,MAXIMUM COST,4000,1000,6450,1500,6450,1,5,low,high,RISK,2
1,1,1,0,Bonus,2793,Yes,Owns,9,9,1,4,5,OUT-OF-POCKET MAXIMUM,TIER 1 NETWORK,MAXIMUM COST,1500,6450,1000,4000,6450,1,5,low,high,RISK,2
1,0,1,0,Salaried,1366,No,Owns,7,4,5,4,5,OUT-OF-POCKET MAXIMUM,TIER 1 NETWORK,MAXIMUM COST,4000,1500,1000,6450,6450,1,5,low,high,RISK,2
0,1,1,1,Salaried,3990,No,Rents,6,1,2,4,5,OUT-OF-POCKET MAXIMUM,TIER 1 NETWORK,MAXIMUM COST,1500,1000,6450,4000,6450,1,5,low,high,RISK,2
0,0,0,0,Salaried,1625,No,Owns,8,6,5,4,5,OUT-OF-POCKET MAXIMUM,TIER 1 NETWORK,MAXIMUM COST,6450,4000,1500,1000,6450,1,5,low,high,RISK,2
1,1,0,0,Hourly,1178,No,Owns,0,1,13,4,5,OUT-OF-POCKET MAXIMUM,TIER 1 NETWORK,MAXIMUM COST,1000,6450,4000,1500,6450,1,5,low,high,RISK,2
0,0,0,0,Hourly,2665,No,Rents,2,3,4,4,5,OUT-OF-POCKET MAXIMUM,TIER 1 NETWORK,MAXIMUM COST,1000,6450,1500,4000,6450,1,5,low,high,RISK,2
1,1,1,0,Hourly,4144,No,Owns,3,2,0,4,5,OUT-OF-POCKET MAXIMUM,TIER 1 NETWORK,MAXIMUM COST,1000,6450,1500,4000,6450,1,5,low,high,RISK,2
1,0,1,0,Hourly,152,Yes,Owns,8,6,13,4,5,OUT-OF-POCKET MAXIMUM,TIER 1 NETWORK,MAXIMUM COST,4000,6450,1000,1500,6450,1,5,low,high,RISK,2
0,0,0,0,Bonus,2909,Yes,Rents,3,4,5,4,5,OUT-OF-POCKET MAXIMUM,TIER 1 NETWORK,MAXIMUM COST,1000,1500,4000,6450,6450,1,5,low,high,RISK,2
1,1,0,0,Bonus,2404,Yes,Owns,5,4,8,4,5,OUT-OF-POCKET MAXIMUM,TIER 1 NETWORK,MAXIMUM COST,1000,4000,1500,6450,6450,1,5,low,high,RISK,2
1,0,1,1,Bonus,144,Yes,Owns,4,9,4,4,5,OUT-OF-POCKET MAXIMUM,TIER 1 NETWORK,MAXIMUM COST,6450,1500,1000,4000,6450,1,5,low,high,RISK,2
1,0,1,0,Hourly,2250,No,Owns,4,7,9,4,5,OUT-OF-POCKET MAXIMUM,TIER 1 NETWORK,MAXIMUM COST,4000,1500,6450,1000,6450,1,5,low,high,RISK,2
1,0,0,0,Hourly,4826,No,Owns,4,5,23,4,5,OUT-OF-POCKET MAXIMUM,TIER 1 NETWORK,MAXIMUM COST,4000,1500,1000,6450,6450,1,5,low,high,RISK,2
1,1,0,0,Salaried,792,No,Owns,5,1,9,4,5,OUT-OF-POCKET MAXIMUM,TIER 1 NETWORK,MAXIMUM COST,1000,4000,6450,1500,6450,1,5,low,high,RISK,2
0,1,0,0,Hourly,3429,No,Rents,8,8,6,4,5,OUT-OF-POCKET MAXIMUM,TIER 1 NETWORK,MAXIMUM COST,4000,1500,1000,6450,6450,1,5,low,high,RISK,2
0,1,0,0,Hourly,1596,Yes,Owns,5,2,1,4,5,OUT-OF-POCKET MAXIMUM,TIER 1 NETWORK,MAXIMUM COST,1500,6450,1000,4000,6450,1,5,low,high,RISK,2
1,1,1,0,Salaried,83,Yes,Owns,2,10,2,4,5,OUT-OF-POCKET MAXIMUM,TIER 1 NETWORK,MAXIMUM COST,1000,1500,6450,4000,6450,1,5,low,high,RISK,2
1,1,0,1,Salaried,3601,No,Owns,1,4,3,4,5,OUT-OF-POCKET MAXIMUM,TIER 1 NETWORK,MAXIMUM COST,4000,1500,6450,1000,6450,1,5,low,high,RISK,2
0,0,0,1,Bonus,861,No,Owns,8,2,25,4,5,OUT-OF-POCKET MAXIMUM,TIER 1 NETWORK,MAXIMUM COST,6450,4000,1000,1500,6450,1,5,low,high,RISK,2
0,1,1,1,Salaried,2240,Yes,Rents,8,10,10,4,5,OUT-OF-POCKET MAXIMUM,TIER 1 NETWORK,MAXIMUM COST,6450,1000,4000,1500,6450,1,5,low,high,RISK,2
0,0,0,0,Hourly,2384,No,Rents,1,7,6,4,5,OUT-OF-POCKET MAXIMUM,TIER 1 NETWORK,MAXIMUM COST,6450,1000,1500,4000,6450,1,5,low,high,RISK,2
0,0,0,0,Bonus,2363,Yes,Rents,6,5,5,4,5,OUT-OF-POCKET MAXIMUM,TIER 1 NETWORK,MAXIMUM COST,1000,6450,1500,4000,6450,1,5,low,high,RISK,2
0,0,1,0,Salaried,4539,No,Owns,3,10,8,4,5,OUT-OF-POCKET MAXIMUM,TIER 1 NETWORK,MAXIMUM COST,6450,4000,1000,1500,6450,1,5,low,high,RISK,2
0,0,0,0,Bonus,489,No,Rents,3,0,4,4,5,OUT-OF-POCKET MAXIMUM,TIER 1 NETWORK,MAXIMUM COST,1000,1500,4000,6450,6450,1,5,low,high,RISK,2
0,1,0,1,Bonus,4623,Yes,Owns,2,9,1,4,5,OUT-OF-POCKET MAXIMUM,TIER 1 NETWORK,MAXIMUM COST,4000,1500,1000,6450,6450,1,5,low,high,RISK,2
0,0,0,0,Salaried,153,Yes,Owns,0,4,5,4,5,OUT-OF-POCKET MAXIMUM,TIER 1 NETWORK,MAXIMUM COST,6450,1500,4000,1000,6450,1,5,low,high,RISK,2
0,1,1,0,Salaried,3954,No,Owns,1,1,2,4,5,OUT-OF-POCKET MAXIMUM,TIER 1 NETWORK,MAXIMUM COST,1000,6450,1500,4000,6450,1,5,low,high,RISK,2
0,0,0,0,Salaried,4742,No,Rents,0,6,5,4,5,OUT-OF-POCKET MAXIMUM,TIER 1 NETWORK,MAXIMUM COST,1500,4000,6450,1000,6450,1,5,low,high,RISK,2
0,0,0,0,Hourly,3289,No,Rents,8,1,13,4,5,OUT-OF-POCKET MAXIMUM,TIER 1 NETWORK,MAXIMUM COST,4000,1500,6450,1000,6450,1,5,low,high,RISK,2
0,0,0,0,Bonus,3409,Yes,Rents,6,3,4,4,5,OUT-OF-POCKET MAXIMUM,TIER 1 NETWORK,MAXIMUM COST,1500,1000,6450,4000,6450,1,5,low,high,RISK,2
0,0,1,0,Bonus,3179,No,Rents,2,2,0,4,5,OUT-OF-POCKET MAXIMUM,TIER 1 NETWORK,MAXIMUM COST,6450,1000,1500,4000,6450,1,5,low,high,RISK,2
0,0,0,0,Bonus,4271,No,Rents,3,5,12,4,5,OUT-OF-POCKET MAXIMUM,TIER 1 NETWORK,MAXIMUM COST,4000,6450,1000,1500,6450,1,5,low,high,RISK,2
0,0,0,0,Hourly,4605,Yes,Rents,4,6,13,4,5,OUT-OF-POCKET MAXIMUM,TIER 1 NETWORK,MAXIMUM COST,4000,6450,1500,1000,6450,1,5,low,high,RISK,2
0,1,1,1,Salaried,3042,Yes,Rents,1,4,5,4,5,OUT-OF-POCKET MAXIMUM,TIER 1 NETWORK,MAXIMUM COST,1500,4000,1000,6450,6450,1,5,low,high,RISK,2
0,1,1,0,Hourly,170,No,Rents,9,4,8,4,5,OUT-OF-POCKET MAXIMUM,TIER 1 NETWORK,MAXIMUM COST,1000,4000,6450,1500,6450,1,5,low,high,RISK,2
0,0,0,1,Salaried,2062,No,Rents,2,9,4,4,5,OUT-OF-POCKET MAXIMUM,TIER 1 NETWORK,MAXIMUM COST,1500,4000,6450,1000,6450,1,5,low,high,RISK,2
1,0,1,1,Bonus,1962,No,Rents,0,7,9,4,5,OUT-OF-POCKET MAXIMUM,TIER 1 NETWORK,MAXIMUM COST,1000,4000,6450,1500,6450,1,5,low,high,RISK,2
0,0,0,0,Bonus,1006,No,Owns,5,5,23,4,5,OUT-OF-POCKET MAXIMUM,TIER 1 NETWORK,MAXIMUM COST,4000,6450,1500,1000,6450,1,5,low,high,RISK,2
0,1,0,1,Salaried,4555,No,Rents,2,1,9,4,5,OUT-OF-POCKET MAXIMUM,TIER 1 NETWORK,MAXIMUM COST,6450,1000,4000,1500,6450,1,5,low,high,RISK,2
1,0,1,0,Bonus,458,No,Rents,4,8,6,4,5,OUT-OF-POCKET MAXIMUM,TIER 1 NETWORK,MAXIMUM COST,1500,6450,1000,4000,6450,1,5,low,high,RISK,2
1,0,1,0,Hourly,1593,No,Owns,0,2,1,4,5,OUT-OF-POCKET MAXIMUM,TIER 1 NETWORK,MAXIMUM COST,1500,4000,6450,1000,6450,1,5,low,high,RISK,2
0,1,0,0,Hourly,4519,Yes,Owns,4,10,2,4,5,OUT-OF-POCKET MAXIMUM,TIER 1 NETWORK,MAXIMUM COST,6450,1500,1000,4000,6450,1,5,low,high,RISK,2
0,1,0,0,Bonus,2639,No,Rents,0,4,3,4,5,OUT-OF-POCKET MAXIMUM,TIER 1 NETWORK,MAXIMUM COST,4000,6450,1500,1000,6450,1,5,low,high,RISK,2
0,0,1,0,Hourly,2563,Yes,Rents,8,2,25,4,5,OUT-OF-POCKET MAXIMUM,TIER 1 NETWORK,MAXIMUM COST,1500,6450,1000,4000,6450,1,5,low,high,RISK,2
0,0,1,1,Bonus,2810,Yes,Owns,8,10,10,4,5,OUT-OF-POCKET MAXIMUM,TIER 1 NETWORK,MAXIMUM COST,1000,6450,4000,1500,6450,1,5,low,high,RISK,2
0,0,0,1,Hourly,2954,Yes,Owns,10,7,6,4,5,OUT-OF-POCKET MAXIMUM,TIER 1 NETWORK,MAXIMUM COST,4000,1000,6450,1500,6450,1,5,low,high,RISK,2
0,0,1,0,Hourly,2299,Yes,Owns,6,5,5,4,5,OUT-OF-POCKET MAXIMUM,TIER 1 NETWORK,MAXIMUM COST,6450,4000,1000,1500,6450,1,5,low,high,RISK,2
0,0,1,1,Hourly,1155,No,Rents,1,10,8,4,5,OUT-OF-POCKET MAXIMUM,TIER 1 NETWORK,MAXIMUM COST,4000,1000,6450,1500,6450,1,5,low,high,RISK,2
1,0,1,0,Bonus,1856,Yes,Rents,7,0,4,4,5,OUT-OF-POCKET MAXIMUM,TIER 1 NETWORK,MAXIMUM COST,4000,6450,1000,1500,6450,1,5,low,high,RISK,2
1,1,0,0,Salaried,3352,Yes,Rents,1,9,1,4,5,OUT-OF-POCKET MAXIMUM,TIER 1 NETWORK,MAXIMUM COST,1000,4000,6450,1500,6450,1,5,low,high,RISK,2
1,0,0,0,Hourly,3735,Yes,Owns,8,4,5,4,5,OUT-OF-POCKET MAXIMUM,TIER 1 NETWORK,MAXIMUM COST,4000,1000,6450,1500,6450,1,5,low,high,RISK,2
1,0,0,1,Salaried,1125,Yes,Rents,1,1,2,4,5,OUT-OF-POCKET MAXIMUM,TIER 1 NETWORK,MAXIMUM COST,6450,1000,1500,4000,6450,1,5,low,high,RISK,2
1,0,1,0,Bonus,4695,No,Owns,0,6,5,4,5,OUT-OF-POCKET MAXIMUM,TIER 1 NETWORK,MAXIMUM COST,1000,4000,1500,6450,6450,1,5,low,high,RISK,2
0,0,0,1,Salaried,1210,No,Rents,9,1,13,4,5,OUT-OF-POCKET MAXIMUM,TIER 1 NETWORK,MAXIMUM COST,6450,1500,1000,4000,6450,1,5,low,high,RISK,2
1,1,1,0,Bonus,3149,No,Owns,1,3,4,4,5,OUT-OF-POCKET MAXIMUM,TIER 1 NETWORK,MAXIMUM COST,4000,1500,1000,6450,6450,1,5,low,high,RISK,2
1,0,0,0,Bonus,3757,No,Rents,1,2,0,4,5,OUT-OF-POCKET MAXIMUM,TIER 1 NETWORK,MAXIMUM COST,1500,4000,1000,6450,6450,1,5,low,high,RISK,2
1,0,1,1,Salaried,4038,Yes,Rents,5,5,12,4,5,OUT-OF-POCKET MAXIMUM,TIER 1 NETWORK,MAXIMUM COST,1000,6450,4000,1500,6450,1,5,low,high,RISK,2
0,0,0,1,Bonus,381,No,Owns,2,6,13,4,5,OUT-OF-POCKET MAXIMUM,TIER 1 NETWORK,MAXIMUM COST,4000,1500,1000,6450,6450,1,5,low,high,RISK,2
0,0,0,0,Hourly,2879,Yes,Rents,9,4,5,4,5,OUT-OF-POCKET MAXIMUM,TIER 1 NETWORK,MAXIMUM COST,1000,6450,4000,1500,6450,1,5,low,high,RISK,2
0,1,0,0,Hourly,2246,No,Owns,9,4,8,4,5,OUT-OF-POCKET MAXIMUM,TIER 1 NETWORK,MAXIMUM COST,1500,4000,1000,6450,6450,1,5,low,high,RISK,2
0,1,0,0,Hourly,3337,No,Rents,1,9,4,4,5,OUT-OF-POCKET MAXIMUM,TIER 1 NETWORK,MAXIMUM COST,1500,4000,6450,1000,6450,1,5,low,high,RISK,2
1,0,0,0,Hourly,874,No,Owns,9,7,9,4,5,OUT-OF-POCKET MAXIMUM,TIER 1 NETWORK,MAXIMUM COST,4000,6450,1500,1000,6450,1,5,low,high,RISK,2
0,1,0,0,Hourly,4470,Yes,Owns,0,5,23,4,5,OUT-OF-POCKET MAXIMUM,TIER 1 NETWORK,MAXIMUM COST,4000,1500,1000,6450,6450,1,5,low,high,RISK,2
1,0,1,0,Hourly,3252,Yes,Owns,4,1,9,4,5,OUT-OF-POCKET MAXIMUM,TIER 1 NETWORK,MAXIMUM COST,4000,1500,6450,1000,6450,1,5,low,high,RISK,2
0,1,0,0,Hourly,176,Yes,Rents,3,8,6,4,5,OUT-OF-POCKET MAXIMUM,TIER 1 NETWORK,MAXIMUM COST,1000,6450,1500,4000,6450,1,5,low,high,RISK,2
0,0,1,0,Hourly,3681,Yes,Owns,1,2,1,4,5,OUT-OF-POCKET MAXIMUM,TIER 1 NETWORK,MAXIMUM COST,1000,6450,4000,1500,6450,1,5,low,high,RISK,2
0,1,1,1,Hourly,1019,Yes,Owns,8,10,2,4,5,OUT-OF-POCKET MAXIMUM,TIER 1 NETWORK,MAXIMUM COST,1500,6450,4000,1000,6450,1,5,low,high,RISK,2
0,1,1,0,Bonus,4493,Yes,Owns,10,4,3,4,5,OUT-OF-POCKET MAXIMUM,TIER 1 NETWORK,MAXIMUM COST,4000,6450,1500,1000,6450,1,5,low,high,RISK,2
0,1,1,0,Salaried,1012,Yes,Owns,8,2,25,4,5,OUT-OF-POCKET MAXIMUM,TIER 1 NETWORK,MAXIMUM COST,4000,6450,1500,1000,6450,1,5,low,high,RISK,2
0,0,0,0,Bonus,1248,Yes,Rents,1,10,10,4,5,OUT-OF-POCKET MAXIMUM,TIER 1 NETWORK,MAXIMUM COST,4000,6450,1000,1500,6450,1,5,low,high,RISK,2
0,0,0,0,Salaried,1214,No,Owns,1,7,6,4,5,OUT-OF-POCKET MAXIMUM,TIER 1 NETWORK,MAXIMUM COST,4000,6450,1500,1000,6450,1,5,low,high,RISK,2
1,0,0,0,Salaried,2852,Yes,Rents,1,5,5,4,5,OUT-OF-POCKET MAXIMUM,TIER 1 NETWORK,MAXIMUM COST,6450,1500,4000,1000,6450,1,5,low,high,RISK,2
0,0,0,0,Bonus,1440,Yes,Owns,4,10,8,4,5,OUT-OF-POCKET MAXIMUM,TIER 1 NETWORK,MAXIMUM COST,1500,1000,4000,6450,6450,1,5,low,high,RISK,2
1,0,1,0,Bonus,2951,No,Owns,4,0,4,4,5,OUT-OF-POCKET MAXIMUM,TIER 1 NETWORK,MAXIMUM COST,1500,1000,6450,4000,6450,1,5,low,high,RISK,2
2,1,0,2,Salaried,4377,No,Rents,10,19,27,4,6,OUT-OF-POCKET MAXIMUM,TIER 1 NETWORK,MAXIMUM COST,6450,4000,1500,1000,4000,2,10,low,high,RISK,2
0,1,1,0,Salaried,1919,No,Owns,10,15,31,4,6,OUT-OF-POCKET MAXIMUM,TIER 1 NETWORK,MAXIMUM COST,6450,4000,1000,1500,4000,2,10,low,high,RISK,2
1,1,0,0,Salaried,4671,Yes,Rents,15,12,28,4,6,OUT-OF-POCKET MAXIMUM,TIER 1 NETWORK,MAXIMUM COST,4000,1500,6450,1000,4000,2,10,low,high,RISK,2
2,1,0,0,Bonus,1139,No,Owns,13,16,31,4,6,OUT-OF-POCKET MAXIMUM,TIER 1 NETWORK,MAXIMUM COST,6450,1000,1500,4000,4000,2,10,low,high,RISK,2
1,1,2,1,Bonus,3085,No,Rents,9,12,39,4,6,OUT-OF-POCKET MAXIMUM,TIER 1 NETWORK,MAXIMUM COST,4000,1500,6450,1000,4000,2,10,low,high,RISK,2
0,1,2,0,Salaried,912,Yes,Rents,16,14,30,4,6,OUT-OF-POCKET MAXIMUM,TIER 1 NETWORK,MAXIMUM COST,4000,6450,1500,1000,4000,2,10,low,high,RISK,2
1,0,2,1,Hourly,3561,Yes,Owns,12,13,26,4,6,OUT-OF-POCKET MAXIMUM,TIER 1 NETWORK,MAXIMUM COST,1500,6450,4000,1000,4000,2,10,low,high,RISK,2
1,2,0,0,Hourly,4350,No,Rents,7,16,37,4,6,OUT-OF-POCKET MAXIMUM,TIER 1 NETWORK,MAXIMUM COST,1500,1000,6450,4000,4000,2,10,low,high,RISK,2
2,2,1,2,Salaried,3664,No,Owns,7,16,39,4,6,OUT-OF-POCKET MAXIMUM,TIER 1 NETWORK,MAXIMUM COST,6450,1000,1500,4000,4000,2,10,low,high,RISK,2
0,0,0,1,Bonus,1972,Yes,Owns,17,14,30,4,6,OUT-OF-POCKET MAXIMUM,TIER 1 NETWORK,MAXIMUM COST,6450,4000,1000,1500,4000,2,10,low,high,RISK,2
1,0,2,2,Salaried,1235,Yes,Rents,14,14,34,4,6,OUT-OF-POCKET MAXIMUM,TIER 1 NETWORK,MAXIMUM COST,1000,6450,4000,1500,4000,2,10,low,high,RISK,2
0,2,0,1,Bonus,2294,Yes,Owns,10,19,30,4,6,OUT-OF-POCKET MAXIMUM,TIER 1 NETWORK,MAXIMUM COST,1500,6450,1000,4000,4000,2,10,low,high,RISK,2
0,1,2,0,Salaried,4592,Yes,Rents,16,17,35,4,6,OUT-OF-POCKET MAXIMUM,TIER 1 NETWORK,MAXIMUM COST,1500,4000,1000,6450,4000,2,10,low,high,RISK,2
0,0,1,1,Hourly,2183,Yes,Owns,6,15,48,4,6,OUT-OF-POCKET MAXIMUM,TIER 1 NETWORK,MAXIMUM COST,1000,1500,6450,4000,4000,2,10,low,high,RISK,2
1,1,2,1,Salaried,1622,Yes,Rents,8,12,35,4,6,OUT-OF-POCKET MAXIMUM,TIER 1 NETWORK,MAXIMUM COST,6450,1500,1000,4000,4000,2,10,low,high,RISK,2
1,2,1,2,Salaried,4259,Yes,Rents,6,18,32,4,6,OUT-OF-POCKET MAXIMUM,TIER 1 NETWORK,MAXIMUM COST,1500,6450,4000,1000,4000,2,10,low,high,RISK,2
2,1,1,2,Salaried,4138,No,Owns,17,13,27,4,6,OUT-OF-POCKET MAXIMUM,TIER 1 NETWORK,MAXIMUM COST,4000,1000,6450,1500,4000,2,10,low,high,RISK,2
2,0,1,2,Bonus,2742,No,Owns,17,20,28,4,6,OUT-OF-POCKET MAXIMUM,TIER 1 NETWORK,MAXIMUM COST,1500,6450,4000,1000,4000,2,10,low,high,RISK,2
1,1,0,2,Bonus,4027,Yes,Rents,8,14,29,4,6,OUT-OF-POCKET MAXIMUM,TIER 1 NETWORK,MAXIMUM COST,4000,1500,1000,6450,4000,2,10,low,high,RISK,2
1,1,0,0,Bonus,3643,No,Rents,16,13,50,4,6,OUT-OF-POCKET MAXIMUM,TIER 1 NETWORK,MAXIMUM COST,1500,6450,4000,1000,4000,2,10,low,high,RISK,2
1,0,2,0,Salaried,1855,No,Rents,17,20,35,4,6,OUT-OF-POCKET MAXIMUM,TIER 1 NETWORK,MAXIMUM COST,4000,1000,1500,6450,4000,2,10,low,high,RISK,2
1,2,0,1,Bonus,4199,No,Owns,14,17,32,4,6,OUT-OF-POCKET MAXIMUM,TIER 1 NETWORK,MAXIMUM COST,4000,6450,1500,1000,4000,2,10,low,high,RISK,2
0,2,1,0,Salaried,358,No,Rents,12,16,31,4,6,OUT-OF-POCKET MAXIMUM,TIER 1 NETWORK,MAXIMUM COST,1000,1500,6450,4000,4000,2,10,low,high,RISK,2
1,1,1,1,Salaried,2175,No,Owns,16,20,34,4,6,OUT-OF-POCKET MAXIMUM,TIER 1 NETWORK,MAXIMUM COST,6450,4000,1000,1500,4000,2,10,low,high,RISK,2
1,1,0,0,Bonus,2804,No,Owns,11,11,30,4,6,OUT-OF-POCKET MAXIMUM,TIER 1 NETWORK,MAXIMUM COST,1000,1500,6450,4000,4000,2,10,low,high,RISK,2
2,1,2,1,Bonus,2793,Yes,Owns,17,19,27,4,6,OUT-OF-POCKET MAXIMUM,TIER 1 NETWORK,MAXIMUM COST,6450,1500,1000,4000,4000,2,10,low,high,RISK,2
2,0,2,0,Salaried,1366,No,Owns,14,15,31,4,6,OUT-OF-POCKET MAXIMUM,TIER 1 NETWORK,MAXIMUM COST,1000,4000,1500,6450,4000,2,10,low,high,RISK,2
0,1,1,2,Salaried,3990,No,Rents,13,12,28,4,6,OUT-OF-POCKET MAXIMUM,TIER 1 NETWORK,MAXIMUM COST,4000,6450,1500,1000,4000,2,10,low,high,RISK,2
0,1,1,0,Salaried,1625,No,Owns,16,16,31,4,6,OUT-OF-POCKET MAXIMUM,TIER 1 NETWORK,MAXIMUM COST,1500,4000,6450,1000,4000,2,10,low,high,RISK,2
1,2,0,0,Hourly,1178,No,Owns,5,12,39,4,6,OUT-OF-POCKET MAXIMUM,TIER 1 NETWORK,MAXIMUM COST,6450,4000,1500,1000,4000,2,10,low,high,RISK,2
1,1,0,0,Hourly,2665,No,Rents,8,14,30,4,6,OUT-OF-POCKET MAXIMUM,TIER 1 NETWORK,MAXIMUM COST,4000,1500,1000,6450,4000,2,10,low,high,RISK,2
1,1,2,0,Hourly,4144,No,Owns,9,13,26,4,6,OUT-OF-POCKET MAXIMUM,TIER 1 NETWORK,MAXIMUM COST,6450,1500,4000,1000,4000,2,10,low,high,RISK,2
1,1,2,0,Hourly,2547,Yes,Owns,14,16,37,4,6,OUT-OF-POCKET MAXIMUM,TIER 1 NETWORK,MAXIMUM COST,1000,1500,4000,6450,4000,2,10,low,high,RISK,2
1,1,1,0,Hourly,152,Yes,Owns,15,16,39,4,6,OUT-OF-POCKET MAXIMUM,TIER 1 NETWORK,MAXIMUM COST,1500,6450,1000,4000,4000,2,10,low,high,RISK,2
0,0,0,0,Bonus,2909,Yes,Rents,9,14,30,4,6,OUT-OF-POCKET MAXIMUM,TIER 1 NETWORK,MAXIMUM COST,4000,1500,6450,1000,4000,2,10,low,high,RISK,2
2,2,1,1,Bonus,2404,Yes,Owns,11,14,34,4,6,OUT-OF-POCKET MAXIMUM,TIER 1 NETWORK,MAXIMUM COST,6450,1000,4000,1500,4000,2,10,low,high,RISK,2
2,0,1,2,Bonus,144,Yes,Owns,10,19,30,4,6,OUT-OF-POCKET MAXIMUM,TIER 1 NETWORK,MAXIMUM COST,1000,4000,6450,1500,4000,2,10,low,high,RISK,2
2,0,1,0,Hourly,2250,No,Owns,11,17,35,4,6,OUT-OF-POCKET MAXIMUM,TIER 1 NETWORK,MAXIMUM COST,4000,6450,1000,1500,4000,2,10,low,high,RISK,2
2,0,0,0,Hourly,4826,No,Owns,10,15,48,4,6,OUT-OF-POCKET MAXIMUM,TIER 1 NETWORK,MAXIMUM COST,6450,1000,4000,1500,4000,2,10,low,high,RISK,2
1,1,0,0,Salaried,792,No,Owns,12,12,35,4,6,OUT-OF-POCKET MAXIMUM,TIER 1 NETWORK,MAXIMUM COST,1500,6450,4000,1000,4000,2,10,low,high,RISK,2
0,2,0,1,Hourly,3429,No,Rents,15,18,32,4,6,OUT-OF-POCKET MAXIMUM,TIER 1 NETWORK,MAXIMUM COST,1500,1000,6450,4000,4000,2,10,low,high,RISK,2
0,2,0,1,Hourly,1596,Yes,Owns,11,13,27,4,6,OUT-OF-POCKET MAXIMUM,TIER 1 NETWORK,MAXIMUM COST,4000,6450,1000,1500,4000,2,10,low,high,RISK,2
1,1,2,0,Salaried,83,Yes,Owns,7,20,28,4,6,OUT-OF-POCKET MAXIMUM,TIER 1 NETWORK,MAXIMUM COST,1000,6450,4000,1500,4000,2,10,low,high,RISK,2
1,2,0,2,Salaried,3601,No,Owns,6,14,29,4,6,OUT-OF-POCKET MAXIMUM,TIER 1 NETWORK,MAXIMUM COST,6450,4000,1500,1000,4000,2,10,low,high,RISK,2
1,1,0,1,Bonus,861,No,Owns,15,13,50,4,6,OUT-OF-POCKET MAXIMUM,TIER 1 NETWORK,MAXIMUM COST,6450,1000,4000,1500,4000,2,10,low,high,RISK,2
0,2,2,2,Salaried,2240,Yes,Rents,15,20,35,4,6,OUT-OF-POCKET MAXIMUM,TIER 1 NETWORK,MAXIMUM COST,1000,6450,1500,4000,4000,2,10,low,high,RISK,2
1,0,0,0,Hourly,2384,No,Rents,6,17,32,4,6,OUT-OF-POCKET MAXIMUM,TIER 1 NETWORK,MAXIMUM COST,4000,6450,1500,1000,4000,2,10,low,high,RISK,2
0,0,0,0,Bonus,2363,Yes,Rents,12,16,31,4,6,OUT-OF-POCKET MAXIMUM,TIER 1 NETWORK,MAXIMUM COST,1000,4000,1500,6450,4000,2,10,low,high,RISK,2
1,1,2,0,Salaried,4539,No,Owns,10,20,34,4,6,OUT-OF-POCKET MAXIMUM,TIER 1 NETWORK,MAXIMUM COST,1000,6450,1500,4000,4000,2,10,low,high,RISK,2
1,1,0,0,Bonus,489,No,Rents,9,11,30,4,6,OUT-OF-POCKET MAXIMUM,TIER 1 NETWORK,MAXIMUM COST,1500,4000,6450,1000,4000,2,10,low,high,RISK,2
1,2,0,2,Bonus,4623,Yes,Owns,7,19,27,4,6,OUT-OF-POCKET MAXIMUM,TIER 1 NETWORK,MAXIMUM COST,1500,6450,1000,4000,4000,2,10,low,high,RISK,2
1,0,0,0,Salaried,153,Yes,Owns,5,15,31,4,6,OUT-OF-POCKET MAXIMUM,TIER 1 NETWORK,MAXIMUM COST,1500,1000,6450,4000,4000,2,10,low,high,RISK,2
0,1,0,0,Salaried,4742,No,Rents,5,16,31,4,6,OUT-OF-POCKET MAXIMUM,TIER 1 NETWORK,MAXIMUM COST,6450,1000,4000,1500,4000,2,10,low,high,RISK,2
0,0,0,1,Hourly,3289,No,Rents,15,12,39,4,6,OUT-OF-POCKET MAXIMUM,TIER 1 NETWORK,MAXIMUM COST,4000,1500,1000,6450,4000,2,10,low,high,RISK,2
0,0,1,1,Bonus,3409,Yes,Rents,13,14,30,4,6,OUT-OF-POCKET MAXIMUM,TIER 1 NETWORK,MAXIMUM COST,6450,1000,4000,1500,4000,2,10,low,high,RISK,2
0,0,2,1,Bonus,3179,No,Rents,8,13,26,4,6,OUT-OF-POCKET MAXIMUM,TIER 1 NETWORK,MAXIMUM COST,1500,1000,6450,4000,4000,2,10,low,high,RISK,2
0,0,0,1,Bonus,4271,No,Rents,9,16,37,4,6,OUT-OF-POCKET MAXIMUM,TIER 1 NETWORK,MAXIMUM COST,6450,1000,1500,4000,4000,2,10,low,high,RISK,2
0,0,0,0,Hourly,4605,Yes,Rents,10,16,39,4,6,OUT-OF-POCKET MAXIMUM,TIER 1 NETWORK,MAXIMUM COST,4000,6450,1000,1500,4000,2,10,low,high,RISK,2
0,2,2,2,Salaried,3042,Yes,Rents,6,14,30,4,6,OUT-OF-POCKET MAXIMUM,TIER 1 NETWORK,MAXIMUM COST,6450,1000,4000,1500,4000,2,10,low,high,RISK,2
0,2,2,0,Hourly,170,No,Rents,16,14,34,4,6,OUT-OF-POCKET MAXIMUM,TIER 1 NETWORK,MAXIMUM COST,4000,1500,1000,6450,4000,2,10,low,high,RISK,2
0,1,0,2,Salaried,2062,No,Rents,7,19,30,4,6,OUT-OF-POCKET MAXIMUM,TIER 1 NETWORK,MAXIMUM COST,1500,4000,1000,6450,4000,2,10,low,high,RISK,2
1,1,2,2,Bonus,1962,No,Rents,5,17,35,4,6,OUT-OF-POCKET MAXIMUM,TIER 1 NETWORK,MAXIMUM COST,6450,4000,1500,1000,4000,2,10,low,high,RISK,2
0,0,0,0,Bonus,1006,No,Owns,11,15,48,4,6,OUT-OF-POCKET MAXIMUM,TIER 1 NETWORK,MAXIMUM COST,4000,6450,1000,1500,4000,2,10,low,high,RISK,2
0,2,1,2,Salaried,4555,No,Rents,8,12,35,4,6,OUT-OF-POCKET MAXIMUM,TIER 1 NETWORK,MAXIMUM COST,1000,1500,6450,4000,4000,2,10,low,high,RISK,2
2,1,1,0,Bonus,458,No,Rents,10,18,32,4,6,OUT-OF-POCKET MAXIMUM,TIER 1 NETWORK,MAXIMUM COST,1000,6450,4000,1500,4000,2,10,low,high,RISK,2
2,0,2,1,Hourly,1593,No,Owns,5,13,27,4,6,OUT-OF-POCKET MAXIMUM,TIER 1 NETWORK,MAXIMUM COST,4000,1000,1500,6450,4000,2,10,low,high,RISK,2
0,2,0,1,Hourly,4519,Yes,Owns,11,20,28,4,6,OUT-OF-POCKET MAXIMUM,TIER 1 NETWORK,MAXIMUM COST,4000,6450,1500,1000,4000,2,10,low,high,RISK,2
0,1,0,0,Bonus,2639,No,Rents,5,14,29,4,6,OUT-OF-POCKET MAXIMUM,TIER 1 NETWORK,MAXIMUM COST,1500,1000,6450,4000,4000,2,10,low,high,RISK,2
0,0,2,1,Hourly,2563,Yes,Rents,15,13,50,4,6,OUT-OF-POCKET MAXIMUM,TIER 1 NETWORK,MAXIMUM COST,1500,6450,1000,4000,4000,2,10,low,high,RISK,2
0,1,2,1,Bonus,2810,Yes,Owns,15,20,35,4,6,OUT-OF-POCKET MAXIMUM,TIER 1 NETWORK,MAXIMUM COST,4000,6450,1000,1500,4000,2,10,low,high,RISK,2
1,1,0,1,Hourly,2954,Yes,Owns,18,17,32,4,6,OUT-OF-POCKET MAXIMUM,TIER 1 NETWORK,MAXIMUM COST,4000,6450,1000,1500,4000,2,10,low,high,RISK,2
1,0,2,0,Hourly,2299,Yes,Owns,13,16,31,4,6,OUT-OF-POCKET MAXIMUM,TIER 1 NETWORK,MAXIMUM COST,4000,1000,1500,6450,4000,2,10,low,high,RISK,2
0,0,1,2,Hourly,1155,No,Rents,6,20,34,4,6,OUT-OF-POCKET MAXIMUM,TIER 1 NETWORK,MAXIMUM COST,6450,1500,1000,4000,4000,2,10,low,high,RISK,2
1,0,2,0,Bonus,1856,Yes,Rents,14,11,30,4,6,OUT-OF-POCKET MAXIMUM,TIER 1 NETWORK,MAXIMUM COST,6450,1000,4000,1500,4000,2,10,low,high,RISK,2
2,1,1,0,Salaried,3352,Yes,Rents,6,19,27,4,6,OUT-OF-POCKET MAXIMUM,TIER 1 NETWORK,MAXIMUM COST,6450,1500,1000,4000,4000,2,10,low,high,RISK,2
2,0,0,1,Hourly,3735,Yes,Owns,15,15,31,4,6,OUT-OF-POCKET MAXIMUM,TIER 1 NETWORK,MAXIMUM COST,6450,1500,4000,1000,4000,2,10,low,high,RISK,2
2,1,0,2,Salaried,1125,Yes,Rents,6,12,28,4,6,OUT-OF-POCKET MAXIMUM,TIER 1 NETWORK,MAXIMUM COST,1000,1500,6450,4000,4000,2,10,low,high,RISK,2
2,0,1,0,Bonus,4695,No,Owns,5,16,31,4,6,OUT-OF-POCKET MAXIMUM,TIER 1 NETWORK,MAXIMUM COST,6450,4000,1000,1500,4000,2,10,low,high,RISK,2
1,1,1,1,Salaried,1210,No,Rents,17,12,39,4,6,OUT-OF-POCKET MAXIMUM,TIER 1 NETWORK,MAXIMUM COST,4000,1500,6450,1000,4000,2,10,low,high,RISK,2
1,2,1,0,Bonus,3149,No,Owns,6,14,30,4,6,OUT-OF-POCKET MAXIMUM,TIER 1 NETWORK,MAXIMUM COST,1500,6450,1000,4000,4000,2,10,low,high,RISK,2
1,1,1,1,Bonus,3757,No,Rents,6,13,26,4,6,OUT-OF-POCKET MAXIMUM,TIER 1 NETWORK,MAXIMUM COST,4000,1000,6450,1500,4000,2,10,low,high,RISK,2
1,0,2,1,Salaried,4038,Yes,Rents,12,16,37,4,6,OUT-OF-POCKET MAXIMUM,TIER 1 NETWORK,MAXIMUM COST,1000,1500,4000,6450,4000,2,10,low,high,RISK,2
0,0,0,2,Bonus,381,No,Owns,8,16,39,4,6,OUT-OF-POCKET MAXIMUM,TIER 1 NETWORK,MAXIMUM COST,6450,4000,1500,1000,4000,2,10,low,high,RISK,2
0,0,1,1,Hourly,2879,Yes,Rents,16,14,30,4,6,OUT-OF-POCKET MAXIMUM,TIER 1 NETWORK,MAXIMUM COST,6450,1000,1500,4000,4000,2,10,low,high,RISK,2
1,2,0,0,Hourly,2246,No,Owns,17,14,34,4,6,OUT-OF-POCKET MAXIMUM,TIER 1 NETWORK,MAXIMUM COST,1000,4000,6450,1500,4000,2,10,low,high,RISK,2
0,2,1,0,Hourly,3337,No,Rents,7,19,30,4,6,OUT-OF-POCKET MAXIMUM,TIER 1 NETWORK,MAXIMUM COST,4000,6450,1000,1500,4000,2,10,low,high,RISK,2
0,1,0,0,Hourly,4470,Yes,Owns,6,15,48,4,6,OUT-OF-POCKET MAXIMUM,TIER 1 NETWORK,MAXIMUM COST,6450,1000,1500,4000,4000,2,10,low,high,RISK,2
2,0,1,1,Hourly,3252,Yes,Owns,10,12,35,4,6,OUT-OF-POCKET MAXIMUM,TIER 1 NETWORK,MAXIMUM COST,1500,4000,1000,6450,4000,2,10,low,high,RISK,2
0,2,0,1,Hourly,176,Yes,Rents,9,18,32,4,6,OUT-OF-POCKET MAXIMUM,TIER 1 NETWORK,MAXIMUM COST,1500,1000,4000,6450,4000,2,10,low,high,RISK,2
1,0,2,0,Hourly,3681,Yes,Owns,6,13,27,4,6,OUT-OF-POCKET MAXIMUM,TIER 1 NETWORK,MAXIMUM COST,1000,1500,4000,6450,4000,2,10,low,high,RISK,2
1,2,1,2,Hourly,1019,Yes,Owns,15,20,28,4,6,OUT-OF-POCKET MAXIMUM,TIER 1 NETWORK,MAXIMUM COST,4000,6450,1500,1000,4000,2,10,low,high,RISK,2
1,2,1,1,Bonus,4493,Yes,Owns,18,14,29,4,6,OUT-OF-POCKET MAXIMUM,TIER 1 NETWORK,MAXIMUM COST,1500,4000,1000,6450,4000,2,10,low,high,RISK,2
1,2,2,0,Salaried,1012,Yes,Owns,15,13,50,4,6,OUT-OF-POCKET MAXIMUM,TIER 1 NETWORK,MAXIMUM COST,1000,1500,6450,4000,4000,2,10,low,high,RISK,2
0,0,1,1,Bonus,1248,Yes,Rents,7,20,35,4,6,OUT-OF-POCKET MAXIMUM,TIER 1 NETWORK,MAXIMUM COST,6450,1500,4000,1000,4000,2,10,low,high,RISK,2
0,0,1,0,Salaried,1214,No,Owns,6,17,32,4,6,OUT-OF-POCKET MAXIMUM,TIER 1 NETWORK,MAXIMUM COST,4000,6450,1000,1500,4000,2,10,low,high,RISK,2
1,0,1,0,Salaried,2852,Yes,Rents,6,16,31,4,6,OUT-OF-POCKET MAXIMUM,TIER 1 NETWORK,MAXIMUM COST,1000,1500,4000,6450,4000,2,10,low,high,RISK,2
1,0,0,0,Bonus,1440,Yes,Owns,10,20,34,4,6,OUT-OF-POCKET MAXIMUM,TIER 1 NETWORK,MAXIMUM COST,1000,1500,4000,6450,4000,2,10,low,high,RISK,2
1,0,1,0,Bonus,2951,No,Owns,11,11,30,4,6,OUT-OF-POCKET MAXIMUM,TIER 1 NETWORK,MAXIMUM COST,6450,1000,1500,4000,4000,2,10,low,high,RISK,2
3,2,1,3,Salaried,4377,No,Rents,24,48,52,4,7,OUT-OF-POCKET MAXIMUM,TIER 1 NETWORK,MAXIMUM COST,1000,4000,1500,6450,4000,2,20,low,high,RISK,2
1,1,2,1,Salaried,1919,No,Owns,25,33,56,4,7,OUT-OF-POCKET MAXIMUM,TIER 1 NETWORK,MAXIMUM COST,1000,1500,6450,4000,4000,2,20,low,high,RISK,2
2,2,1,1,Salaried,4671,Yes,Rents,33,23,53,4,7,OUT-OF-POCKET MAXIMUM,TIER 1 NETWORK,MAXIMUM COST,1000,4000,1500,6450,4000,2,20,low,high,RISK,2
3,2,1,1,Bonus,1139,No,Owns,29,38,56,4,7,OUT-OF-POCKET MAXIMUM,TIER 1 NETWORK,MAXIMUM COST,1000,6450,1500,4000,4000,2,20,low,high,RISK,2
1,2,3,2,Bonus,3085,No,Rents,23,24,64,4,7,OUT-OF-POCKET MAXIMUM,TIER 1 NETWORK,MAXIMUM COST,1000,4000,1500,6450,4000,2,20,low,high,RISK,2
1,2,3,1,Salaried,912,Yes,Rents,37,29,55,4,7,OUT-OF-POCKET MAXIMUM,TIER 1 NETWORK,MAXIMUM COST,1000,4000,6450,1500,4000,2,20,low,high,RISK,2
2,1,3,2,Hourly,3561,Yes,Owns,28,26,51,4,7,OUT-OF-POCKET MAXIMUM,TIER 1 NETWORK,MAXIMUM COST,6450,1500,4000,1000,4000,2,20,low,high,RISK,2
2,3,1,1,Hourly,4350,No,Rents,19,36,62,4,7,OUT-OF-POCKET MAXIMUM,TIER 1 NETWORK,MAXIMUM COST,4000,1500,1000,6450,4000,2,20,low,high,RISK,2
3,3,2,3,Salaried,3664,No,Owns,18,38,64,4,7,OUT-OF-POCKET MAXIMUM,TIER 1 NETWORK,MAXIMUM COST,1000,6450,1500,4000,4000,2,20,low,high,RISK,2
1,1,1,1,Bonus,1972,Yes,Owns,38,31,55,4,7,OUT-OF-POCKET MAXIMUM,TIER 1 NETWORK,MAXIMUM COST,1500,4000,1000,6450,4000,2,20,low,high,RISK,2
1,1,3,3,Salaried,1235,Yes,Rents,32,31,59,4,7,OUT-OF-POCKET MAXIMUM,TIER 1 NETWORK,MAXIMUM COST,6450,4000,1500,1000,4000,2,20,low,high,RISK,2
1,3,1,2,Bonus,2294,Yes,Owns,25,47,55,4,7,OUT-OF-POCKET MAXIMUM,TIER 1 NETWORK,MAXIMUM COST,4000,6450,1000,1500,4000,2,20,low,high,RISK,2
1,2,3,1,Salaried,4592,Yes,Rents,37,41,60,4,7,OUT-OF-POCKET MAXIMUM,TIER 1 NETWORK,MAXIMUM COST,1500,4000,1000,6450,4000,2,20,low,high,RISK,2
1,1,1,2,Hourly,2183,Yes,Owns,16,35,73,4,7,OUT-OF-POCKET MAXIMUM,TIER 1 NETWORK,MAXIMUM COST,4000,1000,1500,6450,4000,2,20,low,high,RISK,2
2,2,3,2,Salaried,1622,Yes,Rents,21,24,60,4,7,OUT-OF-POCKET MAXIMUM,TIER 1 NETWORK,MAXIMUM COST,1000,6450,4000,1500,4000,2,20,low,high,RISK,2
2,3,1,3,Salaried,4259,Yes,Rents,17,43,57,4,7,OUT-OF-POCKET MAXIMUM,TIER 1 NETWORK,MAXIMUM COST,1000,1500,4000,6450,4000,2,20,low,high,RISK,2
3,2,2,3,Salaried,4138,No,Owns,37,25,52,4,7,OUT-OF-POCKET MAXIMUM,TIER 1 NETWORK,MAXIMUM COST,6450,4000,1000,1500,4000,2,20,low,high,RISK,2
3,1,2,3,Bonus,2742,No,Owns,39,50,53,4,7,OUT-OF-POCKET MAXIMUM,TIER 1 NETWORK,MAXIMUM COST,1500,4000,1000,6450,4000,2,20,low,high,RISK,2
1,1,1,3,Bonus,4027,Yes,Rents,21,31,54,4,7,OUT-OF-POCKET MAXIMUM,TIER 1 NETWORK,MAXIMUM COST,1000,6450,4000,1500,4000,2,20,low,high,RISK,2
2,2,1,1,Bonus,3643,No,Rents,35,26,75,4,7,OUT-OF-POCKET MAXIMUM,TIER 1 NETWORK,MAXIMUM COST,6450,4000,1500,1000,4000,2,20,low,high,RISK,2
2,1,3,1,Salaried,1855,No,Rents,39,49,60,4,7,OUT-OF-POCKET MAXIMUM,TIER 1 NETWORK,MAXIMUM COST,6450,1500,4000,1000,4000,2,20,low,high,RISK,2
1,3,1,1,Bonus,4199,No,Owns,33,40,57,4,7,OUT-OF-POCKET MAXIMUM,TIER 1 NETWORK,MAXIMUM COST,1000,4000,6450,1500,4000,2,20,low,high,RISK,2
1,3,2,1,Salaried,358,No,Rents,28,36,56,4,7,OUT-OF-POCKET MAXIMUM,TIER 1 NETWORK,MAXIMUM COST,6450,1500,4000,1000,4000,2,20,low,high,RISK,2
2,2,2,1,Salaried,2175,No,Owns,35,49,59,4,7,OUT-OF-POCKET MAXIMUM,TIER 1 NETWORK,MAXIMUM COST,6450,1000,4000,1500,4000,2,20,low,high,RISK,2
2,2,1,1,Bonus,2804,No,Owns,26,20,55,4,7,OUT-OF-POCKET MAXIMUM,TIER 1 NETWORK,MAXIMUM COST,6450,1500,4000,1000,4000,2,20,low,high,RISK,2
3,3,3,2,Bonus,2793,Yes,Owns,39,48,52,4,7,OUT-OF-POCKET MAXIMUM,TIER 1 NETWORK,MAXIMUM COST,1500,1000,4000,6450,4000,2,20,low,high,RISK,2
3,1,3,1,Salaried,1366,No,Owns,32,33,56,4,7,OUT-OF-POCKET MAXIMUM,TIER 1 NETWORK,MAXIMUM COST,4000,1000,6450,1500,4000,2,20,low,high,RISK,2
1,2,2,3,Salaried,3990,No,Rents,30,23,53,4,7,OUT-OF-POCKET MAXIMUM,TIER 1 NETWORK,MAXIMUM COST,1000,4000,6450,1500,4000,2,20,low,high,RISK,2
1,2,2,1,Salaried,1625,No,Owns,36,38,56,4,7,OUT-OF-POCKET MAXIMUM,TIER 1 NETWORK,MAXIMUM COST,1500,1000,6450,4000,4000,2,20,low,high,RISK,2
2,3,1,1,Hourly,1178,No,Owns,15,24,64,4,7,OUT-OF-POCKET MAXIMUM,TIER 1 NETWORK,MAXIMUM COST,1500,4000,6450,1000,4000,2,20,low,high,RISK,2
2,1,1,1,Hourly,2665,No,Rents,20,29,55,4,7,OUT-OF-POCKET MAXIMUM,TIER 1 NETWORK,MAXIMUM COST,1000,1500,6450,4000,4000,2,20,low,high,RISK,2
2,3,3,1,Hourly,4144,No,Owns,23,26,51,4,7,OUT-OF-POCKET MAXIMUM,TIER 1 NETWORK,MAXIMUM COST,1000,6450,4000,1500,4000,2,20,low,high,RISK,2
2,2,3,1,Hourly,2547,Yes,Owns,32,36,62,4,7,OUT-OF-POCKET MAXIMUM,TIER 1 NETWORK,MAXIMUM COST,6450,4000,1500,1000,4000,2,20,low,high,RISK,2
2,1,2,1,Hourly,152,Yes,Owns,34,38,64,4,7,OUT-OF-POCKET MAXIMUM,TIER 1 NETWORK,MAXIMUM COST,4000,1500,6450,1000,4000,2,20,low,high,RISK,2
1,1,1,1,Bonus,2909,Yes,Rents,23,31,55,4,7,OUT-OF-POCKET MAXIMUM,TIER 1 NETWORK,MAXIMUM COST,1000,4000,1500,6450,4000,2,20,low,high,RISK,2
3,3,2,2,Bonus,2404,Yes,Owns,27,31,59,4,7,OUT-OF-POCKET MAXIMUM,TIER 1 NETWORK,MAXIMUM COST,1000,1500,6450,4000,4000,2,20,low,high,RISK,2
3,1,2,3,Bonus,144,Yes,Owns,24,47,55,4,7,OUT-OF-POCKET MAXIMUM,TIER 1 NETWORK,MAXIMUM COST,4000,6450,1500,1000,4000,2,20,low,high,RISK,2
3,1,2,1,Hourly,2250,No,Owns,26,41,60,4,7,OUT-OF-POCKET MAXIMUM,TIER 1 NETWORK,MAXIMUM COST,1500,1000,6450,4000,4000,2,20,low,high,RISK,2
3,1,1,1,Hourly,4826,No,Owns,25,35,73,4,7,OUT-OF-POCKET MAXIMUM,TIER 1 NETWORK,MAXIMUM COST,6450,1500,1000,4000,4000,2,20,low,high,RISK,2
2,2,1,1,Salaried,792,No,Owns,28,24,60,4,7,OUT-OF-POCKET MAXIMUM,TIER 1 NETWORK,MAXIMUM COST,1000,4000,1500,6450,4000,2,20,low,high,RISK,2
1,3,1,2,Hourly,3429,No,Rents,34,43,57,4,7,OUT-OF-POCKET MAXIMUM,TIER 1 NETWORK,MAXIMUM COST,1500,6450,1000,4000,4000,2,20,low,high,RISK,2
1,3,1,2,Hourly,1596,Yes,Owns,27,25,52,4,7,OUT-OF-POCKET MAXIMUM,TIER 1 NETWORK,MAXIMUM COST,1500,1000,6450,4000,4000,2,20,low,high,RISK,2
2,3,3,1,Salaried,83,Yes,Owns,19,50,53,4,7,OUT-OF-POCKET MAXIMUM,TIER 1 NETWORK,MAXIMUM COST,1000,1500,4000,6450,4000,2,20,low,high,RISK,2
2,3,1,3,Salaried,3601,No,Owns,17,31,54,4,7,OUT-OF-POCKET MAXIMUM,TIER 1 NETWORK,MAXIMUM COST,1500,6450,4000,1000,4000,2,20,low,high,RISK,2
2,2,1,2,Bonus,861,No,Owns,34,26,75,4,7,OUT-OF-POCKET MAXIMUM,TIER 1 NETWORK,MAXIMUM COST,4000,6450,1000,1500,4000,2,20,low,high,RISK,2
1,3,3,3,Salaried,2240,Yes,Rents,35,49,60,4,7,OUT-OF-POCKET MAXIMUM,TIER 1 NETWORK,MAXIMUM COST,4000,6450,1500,1000,4000,2,20,low,high,RISK,2
1,1,1,1,Hourly,2384,No,Rents,17,40,57,4,7,OUT-OF-POCKET MAXIMUM,TIER 1 NETWORK,MAXIMUM COST,4000,1000,1500,6450,4000,2,20,low,high,RISK,2
1,1,1,1,Bonus,2363,Yes,Rents,29,36,56,4,7,OUT-OF-POCKET MAXIMUM,TIER 1 NETWORK,MAXIMUM COST,1500,6450,1000,4000,4000,2,20,low,high,RISK,2
2,1,3,1,Salaried,4539,No,Owns,24,49,59,4,7,OUT-OF-POCKET MAXIMUM,TIER 1 NETWORK,MAXIMUM COST,6450,1500,4000,1000,4000,2,20,low,high,RISK,2
2,1,1,1,Bonus,489,No,Rents,23,20,55,4,7,OUT-OF-POCKET MAXIMUM,TIER 1 NETWORK,MAXIMUM COST,6450,4000,1500,1000,4000,2,20,low,high,RISK,2
2,3,1,3,Bonus,4623,Yes,Owns,19,48,52,4,7,OUT-OF-POCKET MAXIMUM,TIER 1 NETWORK,MAXIMUM COST,4000,6450,1000,1500,4000,2,20,low,high,RISK,2
2,1,1,1,Salaried,153,Yes,Owns,15,33,56,4,7,OUT-OF-POCKET MAXIMUM,TIER 1 NETWORK,MAXIMUM COST,4000,1500,1000,6450,4000,2,20,low,high,RISK,2
1,3,3,2,Salaried,3954,No,Owns,17,23,53,4,7,OUT-OF-POCKET MAXIMUM,TIER 1 NETWORK,MAXIMUM COST,4000,1500,1000,6450,4000,2,20,low,high,RISK,2
1,2,1,1,Salaried,4742,No,Rents,15,38,56,4,7,OUT-OF-POCKET MAXIMUM,TIER 1 NETWORK,MAXIMUM COST,6450,4000,1000,1500,4000,2,20,low,high,RISK,2
1,1,1,2,Hourly,3289,No,Rents,35,24,64,4,7,OUT-OF-POCKET MAXIMUM,TIER 1 NETWORK,MAXIMUM COST,6450,1500,1000,4000,4000,2,20,low,high,RISK,2
1,1,2,2,Bonus,3409,Yes,Rents,30,29,55,4,7,OUT-OF-POCKET MAXIMUM,TIER 1 NETWORK,MAXIMUM COST,1500,4000,6450,1000,4000,2,20,low,high,RISK,2
1,1,3,2,Bonus,3179,No,Rents,21,26,51,4,7,OUT-OF-POCKET MAXIMUM,TIER 1 NETWORK,MAXIMUM COST,6450,4000,1500,1000,4000,2,20,low,high,RISK,2
1,1,1,2,Bonus,4271,No,Rents,22,36,62,4,7,OUT-OF-POCKET MAXIMUM,TIER 1 NETWORK,MAXIMUM COST,6450,1000,4000,1500,4000,2,20,low,high,RISK,2
1,1,1,1,Hourly,4605,Yes,Rents,24,38,64,4,7,OUT-OF-POCKET MAXIMUM,TIER 1 NETWORK,MAXIMUM COST,1500,1000,4000,6450,4000,2,20,low,high,RISK,2
1,3,3,3,Salaried,3042,Yes,Rents,16,31,55,4,7,OUT-OF-POCKET MAXIMUM,TIER 1 NETWORK,MAXIMUM COST,4000,1000,6450,1500,4000,2,20,low,high,RISK,2
1,3,3,1,Hourly,170,No,Rents,37,31,59,4,7,OUT-OF-POCKET MAXIMUM,TIER 1 NETWORK,MAXIMUM COST,6450,1500,1000,4000,4000,2,20,low,high,RISK,2
1,1,1,3,Salaried,2062,No,Rents,20,47,55,4,7,OUT-OF-POCKET MAXIMUM,TIER 1 NETWORK,MAXIMUM COST,1500,4000,6450,1000,4000,2,20,low,high,RISK,2
2,2,3,3,Bonus,1962,No,Rents,15,41,60,4,7,OUT-OF-POCKET MAXIMUM,TIER 1 NETWORK,MAXIMUM COST,6450,1000,1500,4000,4000,2,20,low,high,RISK,2
1,1,1,1,Bonus,1006,No,Owns,27,35,73,4,7,OUT-OF-POCKET MAXIMUM,TIER 1 NETWORK,MAXIMUM COST,1500,6450,4000,1000,4000,2,20,low,high,RISK,2
1,3,2,3,Salaried,4555,No,Rents,20,24,60,4,7,OUT-OF-POCKET MAXIMUM,TIER 1 NETWORK,MAXIMUM COST,4000,1500,6450,1000,4000,2,20,low,high,RISK,2
3,1,2,1,Bonus,458,No,Rents,25,43,57,4,7,OUT-OF-POCKET MAXIMUM,TIER 1 NETWORK,MAXIMUM COST,1000,6450,4000,1500,4000,2,20,low,high,RISK,2
3,1,3,1,Hourly,1593,No,Owns,16,25,52,4,7,OUT-OF-POCKET MAXIMUM,TIER 1 NETWORK,MAXIMUM COST,4000,6450,1500,1000,4000,2,20,low,high,RISK,2
1,3,1,2,Hourly,4519,Yes,Owns,26,50,53,4,7,OUT-OF-POCKET MAXIMUM,TIER 1 NETWORK,MAXIMUM COST,4000,6450,1500,1000,4000,2,20,low,high,RISK,2
1,2,1,1,Bonus,2639,No,Rents,16,31,54,4,7,OUT-OF-POCKET MAXIMUM,TIER 1 NETWORK,MAXIMUM COST,1500,1000,6450,4000,4000,2,20,low,high,RISK,2
1,1,3,1,Hourly,2563,Yes,Rents,35,26,75,4,7,OUT-OF-POCKET MAXIMUM,TIER 1 NETWORK,MAXIMUM COST,1000,1500,6450,4000,4000,2,20,low,high,RISK,2
1,2,3,2,Bonus,2810,Yes,Owns,35,49,60,4,7,OUT-OF-POCKET MAXIMUM,TIER 1 NETWORK,MAXIMUM COST,1000,6450,1500,4000,4000,2,20,low,high,RISK,2
2,2,1,2,Hourly,2954,Yes,Owns,39,40,57,4,7,OUT-OF-POCKET MAXIMUM,TIER 1 NETWORK,MAXIMUM COST,4000,1000,6450,1500,4000,2,20,low,high,RISK,2
2,1,3,1,Hourly,2299,Yes,Owns,31,36,56,4,7,OUT-OF-POCKET MAXIMUM,TIER 1 NETWORK,MAXIMUM COST,1000,4000,1500,6450,4000,2,20,low,high,RISK,2
1,1,2,3,Hourly,1155,No,Rents,16,49,59,4,7,OUT-OF-POCKET MAXIMUM,TIER 1 NETWORK,MAXIMUM COST,1000,1500,6450,4000,4000,2,20,low,high,RISK,2
2,1,3,1,Bonus,1856,Yes,Rents,31,20,55,4,7,OUT-OF-POCKET MAXIMUM,TIER 1 NETWORK,MAXIMUM COST,4000,1000,1500,6450,4000,2,20,low,high,RISK,2
3,2,2,1,Salaried,3352,Yes,Rents,18,48,52,4,7,OUT-OF-POCKET MAXIMUM,TIER 1 NETWORK,MAXIMUM COST,1000,4000,1500,6450,4000,2,20,low,high,RISK,2
3,1,1,2,Hourly,3735,Yes,Owns,34,33,56,4,7,OUT-OF-POCKET MAXIMUM,TIER 1 NETWORK,MAXIMUM COST,1500,1000,4000,6450,4000,2,20,low,high,RISK,2
3,2,1,3,Salaried,1125,Yes,Rents,18,23,53,4,7,OUT-OF-POCKET MAXIMUM,TIER 1 NETWORK,MAXIMUM COST,1500,6450,4000,1000,4000,2,20,low,high,RISK,2
3,1,2,1,Bonus,4695,No,Owns,15,38,56,4,7,OUT-OF-POCKET MAXIMUM,TIER 1 NETWORK,MAXIMUM COST,6450,1500,4000,1000,4000,2,20,low,high,RISK,2
2,2,2,2,Salaried,1210,No,Rents,38,24,64,4,7,OUT-OF-POCKET MAXIMUM,TIER 1 NETWORK,MAXIMUM COST,1500,6450,1000,4000,4000,2,20,low,high,RISK,2
2,3,2,1,Bonus,3149,No,Owns,17,29,55,4,7,OUT-OF-POCKET MAXIMUM,TIER 1 NETWORK,MAXIMUM COST,1500,1000,4000,6450,4000,2,20,low,high,RISK,2
2,2,2,2,Bonus,3757,No,Rents,18,26,51,4,7,OUT-OF-POCKET MAXIMUM,TIER 1 NETWORK,MAXIMUM COST,1500,1000,4000,6450,4000,2,20,low,high,RISK,2
3,1,3,2,Salaried,4038,Yes,Rents,28,36,62,4,7,OUT-OF-POCKET MAXIMUM,TIER 1 NETWORK,MAXIMUM COST,1500,1000,4000,6450,4000,2,20,low,high,RISK,2
1,1,1,3,Bonus,381,No,Owns,20,38,64,4,7,OUT-OF-POCKET MAXIMUM,TIER 1 NETWORK,MAXIMUM COST,1500,6450,4000,1000,4000,2,20,low,high,RISK,2
1,1,1,2,Hourly,2879,Yes,Rents,37,31,55,4,7,OUT-OF-POCKET MAXIMUM,TIER 1 NETWORK,MAXIMUM COST,4000,1500,1000,6450,4000,2,20,low,high,RISK,2
2,3,1,1,Hourly,2246,No,Owns,38,31,59,4,7,OUT-OF-POCKET MAXIMUM,TIER 1 NETWORK,MAXIMUM COST,4000,1000,6450,1500,4000,2,20,low,high,RISK,2
1,3,2,1,Hourly,3337,No,Rents,18,47,55,4,7,OUT-OF-POCKET MAXIMUM,TIER 1 NETWORK,MAXIMUM COST,1500,6450,4000,1000,4000,2,20,low,high,RISK,2
2,2,1,2,Hourly,874,No,Owns,38,41,60,4,7,OUT-OF-POCKET MAXIMUM,TIER 1 NETWORK,MAXIMUM COST,4000,6450,1500,1000,4000,2,20,low,high,RISK,2
1,2,1,1,Hourly,4470,Yes,Owns,16,35,73,4,7,OUT-OF-POCKET MAXIMUM,TIER 1 NETWORK,MAXIMUM COST,6450,1000,4000,1500,4000,2,20,low,high,RISK,2
3,1,3,1,Hourly,3252,Yes,Owns,24,24,60,4,7,OUT-OF-POCKET MAXIMUM,TIER 1 NETWORK,MAXIMUM COST,1500,4000,6450,1000,4000,2,20,low,high,RISK,2
1,3,1,2,Hourly,176,Yes,Rents,23,43,57,4,7,OUT-OF-POCKET MAXIMUM,TIER 1 NETWORK,MAXIMUM COST,1500,1000,6450,4000,4000,2,20,low,high,RISK,2
2,1,3,1,Hourly,3681,Yes,Owns,17,25,52,4,7,OUT-OF-POCKET MAXIMUM,TIER 1 NETWORK,MAXIMUM COST,6450,1000,1500,4000,4000,2,20,low,high,RISK,2
1,3,2,3,Hourly,1019,Yes,Owns,35,50,53,4,7,OUT-OF-POCKET MAXIMUM,TIER 1 NETWORK,MAXIMUM COST,4000,6450,1000,1500,4000,2,20,low,high,RISK,2
1,3,2,1,Bonus,4493,Yes,Owns,39,31,54,4,7,OUT-OF-POCKET MAXIMUM,TIER 1 NETWORK,MAXIMUM COST,1000,4000,6450,1500,4000,2,20,low,high,RISK,2
1,3,3,1,Salaried,1012,Yes,Owns,34,26,75,4,7,OUT-OF-POCKET MAXIMUM,TIER 1 NETWORK,MAXIMUM COST,1500,1000,4000,6450,4000,2,20,low,high,RISK,2
1,1,2,1,Bonus,1248,Yes,Rents,18,49,60,4,7,OUT-OF-POCKET MAXIMUM,TIER 1 NETWORK,MAXIMUM COST,1000,4000,1500,6450,4000,2,20,low,high,RISK,2
1,1,2,1,Salaried,1214,No,Owns,17,40,57,4,7,OUT-OF-POCKET MAXIMUM,TIER 1 NETWORK,MAXIMUM COST,1000,4000,6450,1500,4000,2,20,low,high,RISK,2
2,1,1,1,Salaried,2852,Yes,Rents,18,36,56,4,7,OUT-OF-POCKET MAXIMUM,TIER 1 NETWORK,MAXIMUM COST,6450,4000,1000,1500,4000,2,20,low,high,RISK,2
2,1,1,1,Bonus,1440,Yes,Owns,24,49,59,4,7,OUT-OF-POCKET MAXIMUM,TIER 1 NETWORK,MAXIMUM COST,1500,4000,6450,1000,4000,2,20,low,high,RISK,2
3,1,3,1,Bonus,2951,No,Owns,26,20,55,4,7,OUT-OF-POCKET MAXIMUM,TIER 1 NETWORK,MAXIMUM COST,6450,1500,1000,4000,4000,2,20,low,high,RISK,2
4,3,2,4,Salaried,4377,No,Rents,46,73,76,4,8,OUT-OF-POCKET MAXIMUM,TIER 1 NETWORK,MAXIMUM COST,6450,1000,4000,1500,1500,3,50,low,high,RISK,2
2,3,4,2,Salaried,1919,No,Owns,48,61,80,4,8,OUT-OF-POCKET MAXIMUM,TIER 1 NETWORK,MAXIMUM COST,1000,1500,4000,6450,1500,3,50,low,high,RISK,2
4,4,3,2,Salaried,4671,Yes,Rents,57,53,77,4,8,OUT-OF-POCKET MAXIMUM,TIER 1 NETWORK,MAXIMUM COST,1000,6450,1500,4000,1500,3,50,low,high,RISK,2
4,4,2,2,Bonus,1139,No,Owns,52,65,80,4,8,OUT-OF-POCKET MAXIMUM,TIER 1 NETWORK,MAXIMUM COST,1500,1000,4000,6450,1500,3,50,low,high,RISK,2
3,4,4,3,Bonus,3085,No,Rents,45,54,88,4,8,OUT-OF-POCKET MAXIMUM,TIER 1 NETWORK,MAXIMUM COST,4000,6450,1500,1000,1500,3,50,low,high,RISK,2
3,4,4,3,Salaried,912,Yes,Rents,61,58,79,4,8,OUT-OF-POCKET MAXIMUM,TIER 1 NETWORK,MAXIMUM COST,4000,1000,6450,1500,1500,3,50,low,high,RISK,2
4,3,4,3,Hourly,3561,Yes,Owns,51,56,75,4,8,OUT-OF-POCKET MAXIMUM,TIER 1 NETWORK,MAXIMUM COST,6450,1500,1000,4000,1500,3,50,low,high,RISK,2
4,4,2,2,Hourly,4350,No,Rents,40,64,87,4,8,OUT-OF-POCKET MAXIMUM,TIER 1 NETWORK,MAXIMUM COST,4000,1500,6450,1000,1500,3,50,low,high,RISK,2
4,4,4,4,Salaried,3664,No,Owns,39,65,88,4,8,OUT-OF-POCKET MAXIMUM,TIER 1 NETWORK,MAXIMUM COST,1500,4000,1000,6450,1500,3,50,low,high,RISK,2
2,3,3,3,Bonus,1972,Yes,Owns,62,60,80,4,8,OUT-OF-POCKET MAXIMUM,TIER 1 NETWORK,MAXIMUM COST,1000,1500,6450,4000,1500,3,50,low,high,RISK,2
3,2,4,4,Salaried,1235,Yes,Rents,55,60,83,4,8,OUT-OF-POCKET MAXIMUM,TIER 1 NETWORK,MAXIMUM COST,1500,4000,6450,1000,1500,3,50,low,high,RISK,2
2,4,3,3,Bonus,2294,Yes,Owns,47,72,79,4,8,OUT-OF-POCKET MAXIMUM,TIER 1 NETWORK,MAXIMUM COST,6450,4000,1000,1500,1500,3,50,low,high,RISK,2
2,3,4,3,Salaried,4592,Yes,Rents,62,68,84,4,8,OUT-OF-POCKET MAXIMUM,TIER 1 NETWORK,MAXIMUM COST,1000,1500,4000,6450,1500,3,50,low,high,RISK,2
3,3,3,4,Hourly,2183,Yes,Owns,37,63,98,4,8,OUT-OF-POCKET MAXIMUM,TIER 1 NETWORK,MAXIMUM COST,4000,1000,6450,1500,1500,3,50,low,high,RISK,2
3,3,4,3,Salaried,1622,Yes,Rents,42,55,84,4,8,OUT-OF-POCKET MAXIMUM,TIER 1 NETWORK,MAXIMUM COST,1500,1000,4000,6450,1500,3,50,low,high,RISK,2
3,4,3,4,Salaried,4259,Yes,Rents,37,70,81,4,8,OUT-OF-POCKET MAXIMUM,TIER 1 NETWORK,MAXIMUM COST,1000,1500,6450,4000,1500,3,50,low,high,RISK,2
4,3,3,4,Salaried,4138,No,Owns,62,55,76,4,8,OUT-OF-POCKET MAXIMUM,TIER 1 NETWORK,MAXIMUM COST,1500,6450,1000,4000,1500,3,50,low,high,RISK,2
4,3,4,4,Bonus,2742,No,Owns,64,75,77,4,8,OUT-OF-POCKET MAXIMUM,TIER 1 NETWORK,MAXIMUM COST,4000,1500,1000,6450,1500,3,50,low,high,RISK,2
3,3,3,4,Bonus,4027,Yes,Rents,43,60,78,4,8,OUT-OF-POCKET MAXIMUM,TIER 1 NETWORK,MAXIMUM COST,6450,4000,1500,1000,1500,3,50,low,high,RISK,2
4,4,2,2,Bonus,3643,No,Rents,59,56,100,4,8,OUT-OF-POCKET MAXIMUM,TIER 1 NETWORK,MAXIMUM COST,1000,4000,6450,1500,1500,3,50,low,high,RISK,2
4,2,4,2,Salaried,1855,No,Rents,63,74,85,4,8,OUT-OF-POCKET MAXIMUM,TIER 1 NETWORK,MAXIMUM COST,4000,1500,6450,1000,1500,3,50,low,high,RISK,2
3,4,2,3,Bonus,4199,No,Owns,57,67,81,4,8,OUT-OF-POCKET MAXIMUM,TIER 1 NETWORK,MAXIMUM COST,1000,6450,1500,4000,1500,3,50,low,high,RISK,2
3,4,3,2,Salaried,358,No,Rents,50,64,80,4,8,OUT-OF-POCKET MAXIMUM,TIER 1 NETWORK,MAXIMUM COST,1000,6450,4000,1500,1500,3,50,low,high,RISK,2
4,3,4,3,Salaried,2175,No,Owns,59,75,83,4,8,OUT-OF-POCKET MAXIMUM,TIER 1 NETWORK,MAXIMUM COST,6450,1500,4000,1000,1500,3,50,low,high,RISK,2
4,4,2,2,Bonus,2804,No,Owns,48,51,79,4,8,OUT-OF-POCKET MAXIMUM,TIER 1 NETWORK,MAXIMUM COST,1000,4000,6450,1500,1500,3,50,low,high,RISK,2
4,4,4,4,Bonus,2793,Yes,Owns,63,73,76,4,8,OUT-OF-POCKET MAXIMUM,TIER 1 NETWORK,MAXIMUM COST,1500,6450,1000,4000,1500,3,50,low,high,RISK,2
4,3,4,2,Salaried,1366,No,Owns,56,61,80,4,8,OUT-OF-POCKET MAXIMUM,TIER 1 NETWORK,MAXIMUM COST,1500,6450,4000,1000,1500,3,50,low,high,RISK,2
2,4,4,4,Salaried,3990,No,Rents,53,53,77,4,8,OUT-OF-POCKET MAXIMUM,TIER 1 NETWORK,MAXIMUM COST,6450,1500,4000,1000,1500,3,50,low,high,RISK,2
2,4,3,3,Salaried,1625,No,Owns,60,65,80,4,8,OUT-OF-POCKET MAXIMUM,TIER 1 NETWORK,MAXIMUM COST,4000,1000,1500,6450,1500,3,50,low,high,RISK,2
4,4,3,3,Hourly,1178,No,Owns,35,54,88,4,8,OUT-OF-POCKET MAXIMUM,TIER 1 NETWORK,MAXIMUM COST,1000,6450,1500,4000,1500,3,50,low,high,RISK,2
3,3,2,2,Hourly,2665,No,Rents,41,58,79,4,8,OUT-OF-POCKET MAXIMUM,TIER 1 NETWORK,MAXIMUM COST,1500,6450,1000,4000,1500,3,50,low,high,RISK,2
4,4,4,2,Hourly,4144,No,Owns,44,56,75,4,8,OUT-OF-POCKET MAXIMUM,TIER 1 NETWORK,MAXIMUM COST,1500,1000,4000,6450,1500,3,50,low,high,RISK,2
3,3,4,3,Hourly,2547,Yes,Owns,55,64,87,4,8,OUT-OF-POCKET MAXIMUM,TIER 1 NETWORK,MAXIMUM COST,1500,6450,1000,4000,1500,3,50,low,high,RISK,2
4,3,4,2,Hourly,152,Yes,Owns,58,65,88,4,8,OUT-OF-POCKET MAXIMUM,TIER 1 NETWORK,MAXIMUM COST,1000,4000,6450,1500,1500,3,50,low,high,RISK,2
3,2,2,3,Bonus,2909,Yes,Rents,45,60,80,4,8,OUT-OF-POCKET MAXIMUM,TIER 1 NETWORK,MAXIMUM COST,4000,1500,1000,6450,1500,3,50,low,high,RISK,2
4,4,3,3,Bonus,2404,Yes,Owns,49,60,83,4,8,OUT-OF-POCKET MAXIMUM,TIER 1 NETWORK,MAXIMUM COST,6450,1500,4000,1000,1500,3,50,low,high,RISK,2
4,2,4,4,Bonus,144,Yes,Owns,46,72,79,4,8,OUT-OF-POCKET MAXIMUM,TIER 1 NETWORK,MAXIMUM COST,4000,6450,1000,1500,1500,3,50,low,high,RISK,2
4,2,4,2,Hourly,2250,No,Owns,48,68,84,4,8,OUT-OF-POCKET MAXIMUM,TIER 1 NETWORK,MAXIMUM COST,1000,1500,6450,4000,1500,3,50,low,high,RISK,2
4,3,3,3,Hourly,4826,No,Owns,47,63,98,4,8,OUT-OF-POCKET MAXIMUM,TIER 1 NETWORK,MAXIMUM COST,1500,1000,4000,6450,1500,3,50,low,high,RISK,2
4,4,2,3,Salaried,792,No,Owns,50,55,84,4,8,OUT-OF-POCKET MAXIMUM,TIER 1 NETWORK,MAXIMUM COST,4000,1000,6450,1500,1500,3,50,low,high,RISK,2
2,4,2,3,Hourly,3429,No,Rents,58,70,81,4,8,OUT-OF-POCKET MAXIMUM,TIER 1 NETWORK,MAXIMUM COST,6450,4000,1500,1000,1500,3,50,low,high,RISK,2
3,4,3,4,Hourly,1596,Yes,Owns,50,55,76,4,8,OUT-OF-POCKET MAXIMUM,TIER 1 NETWORK,MAXIMUM COST,4000,1000,1500,6450,1500,3,50,low,high,RISK,2
4,4,4,3,Salaried,83,Yes,Owns,40,75,77,4,8,OUT-OF-POCKET MAXIMUM,TIER 1 NETWORK,MAXIMUM COST,6450,1500,1000,4000,1500,3,50,low,high,RISK,2
4,4,3,4,Salaried,3601,No,Owns,38,60,78,4,8,OUT-OF-POCKET MAXIMUM,TIER 1 NETWORK,MAXIMUM COST,1000,1500,4000,6450,1500,3,50,low,high,RISK,2
3,4,2,4,Bonus,861,No,Owns,58,56,100,4,8,OUT-OF-POCKET MAXIMUM,TIER 1 NETWORK,MAXIMUM COST,1000,1500,4000,6450,1500,3,50,low,high,RISK,2
2,4,4,4,Salaried,2240,Yes,Rents,59,74,85,4,8,OUT-OF-POCKET MAXIMUM,TIER 1 NETWORK,MAXIMUM COST,1500,1000,6450,4000,1500,3,50,low,high,RISK,2
3,3,2,2,Hourly,2384,No,Rents,37,67,81,4,8,OUT-OF-POCKET MAXIMUM,TIER 1 NETWORK,MAXIMUM COST,6450,4000,1000,1500,1500,3,50,low,high,RISK,2
2,2,3,3,Bonus,2363,Yes,Rents,52,64,80,4,8,OUT-OF-POCKET MAXIMUM,TIER 1 NETWORK,MAXIMUM COST,1000,1500,4000,6450,1500,3,50,low,high,RISK,2
3,3,4,2,Salaried,4539,No,Owns,45,75,83,4,8,OUT-OF-POCKET MAXIMUM,TIER 1 NETWORK,MAXIMUM COST,1000,6450,4000,1500,1500,3,50,low,high,RISK,2
3,3,2,2,Bonus,489,No,Rents,45,51,79,4,8,OUT-OF-POCKET MAXIMUM,TIER 1 NETWORK,MAXIMUM COST,4000,1500,6450,1000,1500,3,50,low,high,RISK,2
4,4,2,4,Bonus,4623,Yes,Owns,40,73,76,4,8,OUT-OF-POCKET MAXIMUM,TIER 1 NETWORK,MAXIMUM COST,1000,4000,6450,1500,1500,3,50,low,high,RISK,2
3,3,3,2,Salaried,153,Yes,Owns,36,61,80,4,8,OUT-OF-POCKET MAXIMUM,TIER 1 NETWORK,MAXIMUM COST,6450,4000,1000,1500,1500,3,50,low,high,RISK,2
3,4,4,4,Salaried,3954,No,Owns,38,53,77,4,8,OUT-OF-POCKET MAXIMUM,TIER 1 NETWORK,MAXIMUM COST,4000,1500,6450,1000,1500,3,50,low,high,RISK,2
3,3,2,3,Salaried,4742,No,Rents,35,65,80,4,8,OUT-OF-POCKET MAXIMUM,TIER 1 NETWORK,MAXIMUM COST,1000,6450,1500,4000,1500,3,50,low,high,RISK,2
2,2,2,3,Hourly,3289,No,Rents,59,54,88,4,8,OUT-OF-POCKET MAXIMUM,TIER 1 NETWORK,MAXIMUM COST,1000,4000,1500,6450,1500,3,50,low,high,RISK,2
2,2,3,3,Bonus,3409,Yes,Rents,54,58,79,4,8,OUT-OF-POCKET MAXIMUM,TIER 1 NETWORK,MAXIMUM COST,4000,1500,6450,1000,1500,3,50,low,high,RISK,2
3,3,4,3,Bonus,3179,No,Rents,42,56,75,4,8,OUT-OF-POCKET MAXIMUM,TIER 1 NETWORK,MAXIMUM COST,6450,1000,1500,4000,1500,3,50,low,high,RISK,2
3,3,2,4,Bonus,4271,No,Rents,43,64,87,4,8,OUT-OF-POCKET MAXIMUM,TIER 1 NETWORK,MAXIMUM COST,1500,4000,6450,1000,1500,3,50,low,high,RISK,2
3,3,3,2,Hourly,4605,Yes,Rents,46,65,88,4,8,OUT-OF-POCKET MAXIMUM,TIER 1 NETWORK,MAXIMUM COST,1000,1500,4000,6450,1500,3,50,low,high,RISK,2
2,4,4,4,Salaried,3042,Yes,Rents,37,60,80,4,8,OUT-OF-POCKET MAXIMUM,TIER 1 NETWORK,MAXIMUM COST,1000,1500,6450,4000,1500,3,50,low,high,RISK,2
2,4,4,3,Hourly,170,No,Rents,61,60,83,4,8,OUT-OF-POCKET MAXIMUM,TIER 1 NETWORK,MAXIMUM COST,1500,4000,6450,1000,1500,3,50,low,high,RISK,2
2,3,3,4,Salaried,2062,No,Rents,40,72,79,4,8,OUT-OF-POCKET MAXIMUM,TIER 1 NETWORK,MAXIMUM COST,1500,1000,6450,4000,1500,3,50,low,high,RISK,2
4,4,4,4,Bonus,1962,No,Rents,35,68,84,4,8,OUT-OF-POCKET MAXIMUM,TIER 1 NETWORK,MAXIMUM COST,6450,4000,1000,1500,1500,3,50,low,high,RISK,2
2,2,3,2,Bonus,1006,No,Owns,50,63,98,4,8,OUT-OF-POCKET MAXIMUM,TIER 1 NETWORK,MAXIMUM COST,1500,1000,6450,4000,1500,3,50,low,high,RISK,2
2,4,3,4,Salaried,4555,No,Rents,42,55,84,4,8,OUT-OF-POCKET MAXIMUM,TIER 1 NETWORK,MAXIMUM COST,1500,6450,1000,4000,1500,3,50,low,high,RISK,2
4,3,4,3,Bonus,458,No,Rents,46,70,81,4,8,OUT-OF-POCKET MAXIMUM,TIER 1 NETWORK,MAXIMUM COST,4000,1000,6450,1500,1500,3,50,low,high,RISK,2
4,3,4,3,Hourly,1593,No,Owns,36,55,76,4,8,OUT-OF-POCKET MAXIMUM,TIER 1 NETWORK,MAXIMUM COST,1500,6450,4000,1000,1500,3,50,low,high,RISK,2
3,4,2,3,Hourly,4519,Yes,Owns,48,75,77,4,8,OUT-OF-POCKET MAXIMUM,TIER 1 NETWORK,MAXIMUM COST,4000,1000,1500,6450,1500,3,50,low,high,RISK,2
2,4,3,3,Bonus,2639,No,Rents,36,60,78,4,8,OUT-OF-POCKET MAXIMUM,TIER 1 NETWORK,MAXIMUM COST,1500,4000,6450,1000,1500,3,50,low,high,RISK,2
2,3,4,3,Hourly,2563,Yes,Rents,59,56,100,4,8,OUT-OF-POCKET MAXIMUM,TIER 1 NETWORK,MAXIMUM COST,6450,1000,4000,1500,1500,3,50,low,high,RISK,2
3,4,4,4,Bonus,2810,Yes,Owns,58,74,85,4,8,OUT-OF-POCKET MAXIMUM,TIER 1 NETWORK,MAXIMUM COST,1500,1000,4000,6450,1500,3,50,low,high,RISK,2
3,4,3,4,Hourly,2954,Yes,Owns,64,67,81,4,8,OUT-OF-POCKET MAXIMUM,TIER 1 NETWORK,MAXIMUM COST,1500,6450,4000,1000,1500,3,50,low,high,RISK,2
3,2,4,3,Hourly,2299,Yes,Owns,54,64,80,4,8,OUT-OF-POCKET MAXIMUM,TIER 1 NETWORK,MAXIMUM COST,1500,1000,6450,4000,1500,3,50,low,high,RISK,2
2,3,4,4,Hourly,1155,No,Rents,37,75,83,4,8,OUT-OF-POCKET MAXIMUM,TIER 1 NETWORK,MAXIMUM COST,6450,4000,1000,1500,1500,3,50,low,high,RISK,2
4,2,4,3,Bonus,1856,Yes,Rents,55,51,79,4,8,OUT-OF-POCKET MAXIMUM,TIER 1 NETWORK,MAXIMUM COST,4000,1500,6450,1000,1500,3,50,low,high,RISK,2
4,4,3,3,Salaried,3352,Yes,Rents,38,73,76,4,8,OUT-OF-POCKET MAXIMUM,TIER 1 NETWORK,MAXIMUM COST,6450,1000,4000,1500,1500,3,50,low,high,RISK,2
4,3,2,3,Hourly,3735,Yes,Owns,58,61,80,4,8,OUT-OF-POCKET MAXIMUM,TIER 1 NETWORK,MAXIMUM COST,4000,1000,1500,6450,1500,3,50,low,high,RISK,2
4,3,3,4,Salaried,1125,Yes,Rents,38,53,77,4,8,OUT-OF-POCKET MAXIMUM,TIER 1 NETWORK,MAXIMUM COST,6450,1000,4000,1500,1500,3,50,low,high,RISK,2
4,2,4,2,Bonus,4695,No,Owns,35,65,80,4,8,OUT-OF-POCKET MAXIMUM,TIER 1 NETWORK,MAXIMUM COST,6450,1000,4000,1500,1500,3,50,low,high,RISK,2
3,3,3,4,Salaried,1210,No,Rents,62,54,88,4,8,OUT-OF-POCKET MAXIMUM,TIER 1 NETWORK,MAXIMUM COST,6450,1500,1000,4000,1500,3,50,low,high,RISK,2
4,4,4,2,Bonus,3149,No,Owns,37,58,79,4,8,OUT-OF-POCKET MAXIMUM,TIER 1 NETWORK,MAXIMUM COST,1500,6450,4000,1000,1500,3,50,low,high,RISK,2
4,3,4,4,Bonus,3757,No,Rents,38,56,75,4,8,OUT-OF-POCKET MAXIMUM,TIER 1 NETWORK,MAXIMUM COST,4000,6450,1500,1000,1500,3,50,low,high,RISK,2
4,3,4,4,Salaried,4038,Yes,Rents,51,64,87,4,8,OUT-OF-POCKET MAXIMUM,TIER 1 NETWORK,MAXIMUM COST,1000,6450,4000,1500,1500,3,50,low,high,RISK,2
2,3,3,4,Bonus,381,No,Owns,41,65,88,4,8,OUT-OF-POCKET MAXIMUM,TIER 1 NETWORK,MAXIMUM COST,1500,6450,1000,4000,1500,3,50,low,high,RISK,2
3,3,3,3,Hourly,2879,Yes,Rents,61,60,80,4,8,OUT-OF-POCKET MAXIMUM,TIER 1 NETWORK,MAXIMUM COST,6450,1000,4000,1500,1500,3,50,low,high,RISK,2
4,4,3,2,Hourly,2246,No,Owns,62,60,83,4,8,OUT-OF-POCKET MAXIMUM,TIER 1 NETWORK,MAXIMUM COST,6450,4000,1000,1500,1500,3,50,low,high,RISK,2
2,4,3,2,Hourly,3337,No,Rents,39,72,79,4,8,OUT-OF-POCKET MAXIMUM,TIER 1 NETWORK,MAXIMUM COST,4000,1500,6450,1000,1500,3,50,low,high,RISK,2
4,3,3,4,Hourly,874,No,Owns,63,68,84,4,8,OUT-OF-POCKET MAXIMUM,TIER 1 NETWORK,MAXIMUM COST,6450,4000,1500,1000,1500,3,50,low,high,RISK,2
3,4,2,3,Hourly,4470,Yes,Owns,36,63,98,4,8,OUT-OF-POCKET MAXIMUM,TIER 1 NETWORK,MAXIMUM COST,6450,1000,4000,1500,1500,3,50,low,high,RISK,2
4,3,4,3,Hourly,3252,Yes,Owns,46,55,84,4,8,OUT-OF-POCKET MAXIMUM,TIER 1 NETWORK,MAXIMUM COST,1500,4000,6450,1000,1500,3,50,low,high,RISK,2
3,4,2,3,Hourly,176,Yes,Rents,45,70,81,4,8,OUT-OF-POCKET MAXIMUM,TIER 1 NETWORK,MAXIMUM COST,1500,1000,4000,6450,1500,3,50,low,high,RISK,2
4,3,4,2,Hourly,3681,Yes,Owns,38,55,76,4,8,OUT-OF-POCKET MAXIMUM,TIER 1 NETWORK,MAXIMUM COST,1500,1000,6450,4000,1500,3,50,low,high,RISK,2
3,4,4,4,Hourly,1019,Yes,Owns,59,75,77,4,8,OUT-OF-POCKET MAXIMUM,TIER 1 NETWORK,MAXIMUM COST,4000,1500,6450,1000,1500,3,50,low,high,RISK,2
3,4,4,3,Bonus,4493,Yes,Owns,64,60,78,4,8,OUT-OF-POCKET MAXIMUM,TIER 1 NETWORK,MAXIMUM COST,1500,4000,6450,1000,1500,3,50,low,high,RISK,2
3,4,4,2,Salaried,1012,Yes,Owns,58,56,100,4,8,OUT-OF-POCKET MAXIMUM,TIER 1 NETWORK,MAXIMUM COST,1500,6450,1000,4000,1500,3,50,low,high,RISK,2
2,2,4,3,Bonus,1248,Yes,Rents,39,74,85,4,8,OUT-OF-POCKET MAXIMUM,TIER 1 NETWORK,MAXIMUM COST,6450,4000,1500,1000,1500,3,50,low,high,RISK,2
2,3,3,3,Salaried,1214,No,Owns,37,67,81,4,8,OUT-OF-POCKET MAXIMUM,TIER 1 NETWORK,MAXIMUM COST,4000,1500,6450,1000,1500,3,50,low,high,RISK,2
4,3,3,2,Salaried,2852,Yes,Rents,38,64,80,4,8,OUT-OF-POCKET MAXIMUM,TIER 1 NETWORK,MAXIMUM COST,1500,4000,1000,6450,1500,3,50,low,high,RISK,2
3,3,2,2,Bonus,1440,Yes,Owns,46,75,83,4,8,OUT-OF-POCKET MAXIMUM,TIER 1 NETWORK,MAXIMUM COST,4000,1000,1500,6450,1500,3,50,low,high,RISK,2
4,2,4,3,Bonus,2951,No,Owns,48,51,79,4,8,OUT-OF-POCKET MAXIMUM,TIER 1 NETWORK,MAXIMUM COST,4000,1000,6450,1500,1500,3,50,low,high,RISK,2
1,0,0,1,Salaried,4377,No,Rents,4,9,1,4,9,OUT-OF-POCKET MAXIMUM,TIER 1 NETWORK,MAXIMUM COST,1500,4000,1000,6450,4000,2,5,high,low,RISK,3
0,0,1,0,Salaried,1919,No,Owns,4,4,5,4,9,OUT-OF-POCKET MAXIMUM,TIER 1 NETWORK,MAXIMUM COST,4000,6450,1000,1500,4000,2,5,high,low,RISK,3
0,0,0,0,Salaried,4671,Yes,Rents,7,1,2,4,9,OUT-OF-POCKET MAXIMUM,TIER 1 NETWORK,MAXIMUM COST,6450,1500,4000,1000,4000,2,5,high,low,RISK,3
1,1,0,0,Bonus,1139,No,Owns,6,6,5,4,9,OUT-OF-POCKET MAXIMUM,TIER 1 NETWORK,MAXIMUM COST,1000,4000,1500,6450,4000,2,5,high,low,RISK,3
0,1,1,0,Bonus,3085,No,Rents,3,1,13,4,9,OUT-OF-POCKET MAXIMUM,TIER 1 NETWORK,MAXIMUM COST,6450,1000,1500,4000,4000,2,5,high,low,RISK,3
0,1,1,0,Salaried,912,Yes,Rents,9,3,4,4,9,OUT-OF-POCKET MAXIMUM,TIER 1 NETWORK,MAXIMUM COST,1500,1000,4000,6450,4000,2,5,high,low,RISK,3
1,0,1,0,Hourly,3561,Yes,Owns,5,2,0,4,9,OUT-OF-POCKET MAXIMUM,TIER 1 NETWORK,MAXIMUM COST,1500,4000,1000,6450,4000,2,5,high,low,RISK,3
1,1,0,0,Hourly,4350,No,Rents,2,5,12,4,9,OUT-OF-POCKET MAXIMUM,TIER 1 NETWORK,MAXIMUM COST,1500,4000,6450,1000,4000,2,5,high,low,RISK,3
1,1,0,1,Salaried,3664,No,Owns,1,6,13,4,9,OUT-OF-POCKET MAXIMUM,TIER 1 NETWORK,MAXIMUM COST,1000,1500,4000,6450,4000,2,5,high,low,RISK,3
0,0,0,0,Bonus,1972,Yes,Owns,9,4,5,4,9,OUT-OF-POCKET MAXIMUM,TIER 1 NETWORK,MAXIMUM COST,6450,4000,1500,1000,4000,2,5,high,low,RISK,3
0,0,1,1,Salaried,1235,Yes,Rents,7,4,8,4,9,OUT-OF-POCKET MAXIMUM,TIER 1 NETWORK,MAXIMUM COST,1000,1500,6450,4000,4000,2,5,high,low,RISK,3
0,1,0,0,Bonus,2294,Yes,Owns,4,9,4,4,9,OUT-OF-POCKET MAXIMUM,TIER 1 NETWORK,MAXIMUM COST,1000,1500,4000,6450,4000,2,5,high,low,RISK,3
0,0,1,0,Salaried,4592,Yes,Rents,9,7,9,4,9,OUT-OF-POCKET MAXIMUM,TIER 1 NETWORK,MAXIMUM COST,1000,6450,4000,1500,4000,2,5,high,low,RISK,3
0,0,0,1,Hourly,2183,Yes,Owns,1,5,23,4,9,OUT-OF-POCKET MAXIMUM,TIER 1 NETWORK,MAXIMUM COST,4000,6450,1000,1500,4000,2,5,high,low,RISK,3
0,0,1,0,Salaried,1622,Yes,Rents,2,1,9,4,9,OUT-OF-POCKET MAXIMUM,TIER 1 NETWORK,MAXIMUM COST,6450,1500,1000,4000,4000,2,5,high,low,RISK,3
0,1,0,1,Salaried,4259,Yes,Rents,1,8,6,4,9,OUT-OF-POCKET MAXIMUM,TIER 1 NETWORK,MAXIMUM COST,6450,1500,4000,1000,4000,2,5,high,low,RISK,3
1,0,0,1,Salaried,4138,No,Owns,9,2,1,4,9,OUT-OF-POCKET MAXIMUM,TIER 1 NETWORK,MAXIMUM COST,4000,1000,6450,1500,4000,2,5,high,low,RISK,3
1,0,0,1,Bonus,2742,No,Owns,10,10,2,4,9,OUT-OF-POCKET MAXIMUM,TIER 1 NETWORK,MAXIMUM COST,1500,4000,6450,1000,4000,2,5,high,low,RISK,3
0,0,0,1,Bonus,4027,Yes,Rents,3,4,3,4,9,OUT-OF-POCKET MAXIMUM,TIER 1 NETWORK,MAXIMUM COST,1000,6450,1500,4000,4000,2,5,high,low,RISK,3
1,0,0,0,Bonus,3643,No,Rents,8,2,25,4,9,OUT-OF-POCKET MAXIMUM,TIER 1 NETWORK,MAXIMUM COST,1000,4000,6450,1500,4000,2,5,high,low,RISK,3
1,0,1,0,Salaried,1855,No,Rents,9,10,10,4,9,OUT-OF-POCKET MAXIMUM,TIER 1 NETWORK,MAXIMUM COST,6450,4000,1500,1000,4000,2,5,high,low,RISK,3
0,1,0,0,Bonus,4199,No,Owns,7,7,6,4,9,OUT-OF-POCKET MAXIMUM,TIER 1 NETWORK,MAXIMUM COST,6450,4000,1000,1500,4000,2,5,high,low,RISK,3
0,1,0,0,Salaried,358,No,Rents,5,5,5,4,9,OUT-OF-POCKET MAXIMUM,TIER 1 NETWORK,MAXIMUM COST,1500,6450,4000,1000,4000,2,5,high,low,RISK,3
0,0,1,0,Salaried,2175,No,Owns,8,10,8,4,9,OUT-OF-POCKET MAXIMUM,TIER 1 NETWORK,MAXIMUM COST,1000,1500,6450,4000,4000,2,5,high,low,RISK,3
0,1,0,0,Bonus,2804,No,Owns,4,0,4,4,9,OUT-OF-POCKET MAXIMUM,TIER 1 NETWORK,MAXIMUM COST,4000,6450,1500,1000,4000,2,5,high,low,RISK,3
1,1,1,0,Bonus,2793,Yes,Owns,9,9,1,4,9,OUT-OF-POCKET MAXIMUM,TIER 1 NETWORK,MAXIMUM COST,6450,4000,1000,1500,4000,2,5,high,low,RISK,3
1,0,1,0,Salaried,1366,No,Owns,7,4,5,4,9,OUT-OF-POCKET MAXIMUM,TIER 1 NETWORK,MAXIMUM COST,4000,1000,6450,1500,4000,2,5,high,low,RISK,3
0,1,1,1,Salaried,3990,No,Rents,6,1,2,4,9,OUT-OF-POCKET MAXIMUM,TIER 1 NETWORK,MAXIMUM COST,4000,1500,6450,1000,4000,2,5,high,low,RISK,3
0,0,0,0,Salaried,1625,No,Owns,8,6,5,4,9,OUT-OF-POCKET MAXIMUM,TIER 1 NETWORK,MAXIMUM COST,1500,4000,6450,1000,4000,2,5,high,low,RISK,3
1,1,0,0,Hourly,1178,No,Owns,0,1,13,4,9,OUT-OF-POCKET MAXIMUM,TIER 1 NETWORK,MAXIMUM COST,6450,1000,1500,4000,4000,2,5,high,low,RISK,3
0,0,0,0,Hourly,2665,No,Rents,2,3,4,4,9,OUT-OF-POCKET MAXIMUM,TIER 1 NETWORK,MAXIMUM COST,6450,1000,4000,1500,4000,2,5,high,low,RISK,3
1,1,1,0,Hourly,4144,No,Owns,3,2,0,4,9,OUT-OF-POCKET MAXIMUM,TIER 1 NETWORK,MAXIMUM COST,6450,4000,1500,1000,4000,2,5,high,low,RISK,3
0,0,1,0,Hourly,2547,Yes,Owns,7,5,12,4,9,OUT-OF-POCKET MAXIMUM,TIER 1 NETWORK,MAXIMUM COST,6450,4000,1000,1500,4000,2,5,high,low,RISK,3
1,0,1,0,Hourly,152,Yes,Owns,8,6,13,4,9,OUT-OF-POCKET MAXIMUM,TIER 1 NETWORK,MAXIMUM COST,1500,6450,1000,4000,4000,2,5,high,low,RISK,3
0,0,0,0,Bonus,2909,Yes,Rents,3,4,5,4,9,OUT-OF-POCKET MAXIMUM,TIER 1 NETWORK,MAXIMUM COST,1000,6450,4000,1500,4000,2,5,high,low,RISK,3
1,1,0,0,Bonus,2404,Yes,Owns,5,4,8,4,9,OUT-OF-POCKET MAXIMUM,TIER 1 NETWORK,MAXIMUM COST,1000,6450,4000,1500,4000,2,5,high,low,RISK,3
1,0,1,1,Bonus,144,Yes,Owns,4,9,4,4,9,OUT-OF-POCKET MAXIMUM,TIER 1 NETWORK,MAXIMUM COST,1000,4000,6450,1500,4000,2,5,high,low,RISK,3
1,0,1,0,Hourly,2250,No,Owns,4,7,9,4,9,OUT-OF-POCKET MAXIMUM,TIER 1 NETWORK,MAXIMUM COST,1000,4000,6450,1500,4000,2,5,high,low,RISK,3
1,0,0,0,Hourly,4826,No,Owns,4,5,23,4,9,OUT-OF-POCKET MAXIMUM,TIER 1 NETWORK,MAXIMUM COST,4000,1000,6450,1500,4000,2,5,high,low,RISK,3
1,1,0,0,Salaried,792,No,Owns,5,1,9,4,9,OUT-OF-POCKET MAXIMUM,TIER 1 NETWORK,MAXIMUM COST,4000,6450,1500,1000,4000,2,5,high,low,RISK,3
0,1,0,0,Hourly,3429,No,Rents,8,8,6,4,9,OUT-OF-POCKET MAXIMUM,TIER 1 NETWORK,MAXIMUM COST,6450,4000,1000,1500,4000,2,5,high,low,RISK,3
0,1,0,0,Hourly,1596,Yes,Owns,5,2,1,4,9,OUT-OF-POCKET MAXIMUM,TIER 1 NETWORK,MAXIMUM COST,1500,6450,4000,1000,4000,2,5,high,low,RISK,3
1,1,1,0,Salaried,83,Yes,Owns,2,10,2,4,9,OUT-OF-POCKET MAXIMUM,TIER 1 NETWORK,MAXIMUM COST,1500,1000,4000,6450,4000,2,5,high,low,RISK,3
1,1,0,1,Salaried,3601,No,Owns,1,4,3,4,9,OUT-OF-POCKET MAXIMUM,TIER 1 NETWORK,MAXIMUM COST,1500,6450,4000,1000,4000,2,5,high,low,RISK,3
0,0,0,1,Bonus,861,No,Owns,8,2,25,4,9,OUT-OF-POCKET MAXIMUM,TIER 1 NETWORK,MAXIMUM COST,1500,1000,4000,6450,4000,2,5,high,low,RISK,3
0,1,1,1,Salaried,2240,Yes,Rents,8,10,10,4,9,OUT-OF-POCKET MAXIMUM,TIER 1 NETWORK,MAXIMUM COST,6450,1500,1000,4000,4000,2,5,high,low,RISK,3
0,0,0,0,Hourly,2384,No,Rents,1,7,6,4,9,OUT-OF-POCKET MAXIMUM,TIER 1 NETWORK,MAXIMUM COST,1500,4000,6450,1000,4000,2,5,high,low,RISK,3
0,0,0,0,Bonus,2363,Yes,Rents,6,5,5,4,9,OUT-OF-POCKET MAXIMUM,TIER 1 NETWORK,MAXIMUM COST,4000,1500,1000,6450,4000,2,5,high,low,RISK,3
0,0,1,0,Salaried,4539,No,Owns,3,10,8,4,9,OUT-OF-POCKET MAXIMUM,TIER 1 NETWORK,MAXIMUM COST,6450,1000,4000,1500,4000,2,5,high,low,RISK,3
0,0,0,0,Bonus,489,No,Rents,3,0,4,4,9,OUT-OF-POCKET MAXIMUM,TIER 1 NETWORK,MAXIMUM COST,4000,6450,1000,1500,4000,2,5,high,low,RISK,3
0,1,0,1,Bonus,4623,Yes,Owns,2,9,1,4,9,OUT-OF-POCKET MAXIMUM,TIER 1 NETWORK,MAXIMUM COST,4000,1500,6450,1000,4000,2,5,high,low,RISK,3
0,0,0,0,Salaried,153,Yes,Owns,0,4,5,4,9,OUT-OF-POCKET MAXIMUM,TIER 1 NETWORK,MAXIMUM COST,1500,1000,4000,6450,4000,2,5,high,low,RISK,3
0,1,1,0,Salaried,3954,No,Owns,1,1,2,4,9,OUT-OF-POCKET MAXIMUM,TIER 1 NETWORK,MAXIMUM COST,6450,4000,1000,1500,4000,2,5,high,low,RISK,3
0,0,0,0,Salaried,4742,No,Rents,0,6,5,4,9,OUT-OF-POCKET MAXIMUM,TIER 1 NETWORK,MAXIMUM COST,1500,4000,6450,1000,4000,2,5,high,low,RISK,3
0,0,0,0,Hourly,3289,No,Rents,8,1,13,4,9,OUT-OF-POCKET MAXIMUM,TIER 1 NETWORK,MAXIMUM COST,4000,1500,6450,1000,4000,2,5,high,low,RISK,3
0,0,0,0,Bonus,3409,Yes,Rents,6,3,4,4,9,OUT-OF-POCKET MAXIMUM,TIER 1 NETWORK,MAXIMUM COST,1500,6450,1000,4000,4000,2,5,high,low,RISK,3
0,0,1,0,Bonus,3179,No,Rents,2,2,0,4,9,OUT-OF-POCKET MAXIMUM,TIER 1 NETWORK,MAXIMUM COST,6450,4000,1000,1500,4000,2,5,high,low,RISK,3
0,0,0,0,Bonus,4271,No,Rents,3,5,12,4,9,OUT-OF-POCKET MAXIMUM,TIER 1 NETWORK,MAXIMUM COST,1500,4000,6450,1000,4000,2,5,high,low,RISK,3
0,0,0,0,Hourly,4605,Yes,Rents,4,6,13,4,9,OUT-OF-POCKET MAXIMUM,TIER 1 NETWORK,MAXIMUM COST,1500,4000,1000,6450,4000,2,5,high,low,RISK,3
0,1,1,1,Salaried,3042,Yes,Rents,1,4,5,4,9,OUT-OF-POCKET MAXIMUM,TIER 1 NETWORK,MAXIMUM COST,1500,4000,6450,1000,4000,2,5,high,low,RISK,3
0,1,1,0,Hourly,170,No,Rents,9,4,8,4,9,OUT-OF-POCKET MAXIMUM,TIER 1 NETWORK,MAXIMUM COST,4000,1500,6450,1000,4000,2,5,high,low,RISK,3
0,0,0,1,Salaried,2062,No,Rents,2,9,4,4,9,OUT-OF-POCKET MAXIMUM,TIER 1 NETWORK,MAXIMUM COST,6450,4000,1000,1500,4000,2,5,high,low,RISK,3
1,0,1,1,Bonus,1962,No,Rents,0,7,9,4,9,OUT-OF-POCKET MAXIMUM,TIER 1 NETWORK,MAXIMUM COST,6450,1500,1000,4000,4000,2,5,high,low,RISK,3
0,0,0,0,Bonus,1006,No,Owns,5,5,23,4,9,OUT-OF-POCKET MAXIMUM,TIER 1 NETWORK,MAXIMUM COST,6450,1500,4000,1000,4000,2,5,high,low,RISK,3
0,1,0,1,Salaried,4555,No,Rents,2,1,9,4,9,OUT-OF-POCKET MAXIMUM,TIER 1 NETWORK,MAXIMUM COST,4000,1500,6450,1000,4000,2,5,high,low,RISK,3
1,0,1,0,Bonus,458,No,Rents,4,8,6,4,9,OUT-OF-POCKET MAXIMUM,TIER 1 NETWORK,MAXIMUM COST,1000,4000,1500,6450,4000,2,5,high,low,RISK,3
1,0,1,0,Hourly,1593,No,Owns,0,2,1,4,9,OUT-OF-POCKET MAXIMUM,TIER 1 NETWORK,MAXIMUM COST,4000,6450,1500,1000,4000,2,5,high,low,RISK,3
0,1,0,0,Hourly,4519,Yes,Owns,4,10,2,4,9,OUT-OF-POCKET MAXIMUM,TIER 1 NETWORK,MAXIMUM COST,1000,6450,1500,4000,4000,2,5,high,low,RISK,3
0,1,0,0,Bonus,2639,No,Rents,0,4,3,4,9,OUT-OF-POCKET MAXIMUM,TIER 1 NETWORK,MAXIMUM COST,1500,4000,6450,1000,4000,2,5,high,low,RISK,3
0,0,1,0,Hourly,2563,Yes,Rents,8,2,25,4,9,OUT-OF-POCKET MAXIMUM,TIER 1 NETWORK,MAXIMUM COST,1000,4000,1500,6450,4000,2,5,high,low,RISK,3
0,0,1,1,Bonus,2810,Yes,Owns,8,10,10,4,9,OUT-OF-POCKET MAXIMUM,TIER 1 NETWORK,MAXIMUM COST,4000,6450,1000,1500,4000,2,5,high,low,RISK,3
0,0,0,1,Hourly,2954,Yes,Owns,10,7,6,4,9,OUT-OF-POCKET MAXIMUM,TIER 1 NETWORK,MAXIMUM COST,1000,6450,4000,1500,4000,2,5,high,low,RISK,3
0,0,1,0,Hourly,2299,Yes,Owns,6,5,5,4,9,OUT-OF-POCKET MAXIMUM,TIER 1 NETWORK,MAXIMUM COST,4000,6450,1500,1000,4000,2,5,high,low,RISK,3
0,0,1,1,Hourly,1155,No,Rents,1,10,8,4,9,OUT-OF-POCKET MAXIMUM,TIER 1 NETWORK,MAXIMUM COST,4000,1000,1500,6450,4000,2,5,high,low,RISK,3
1,0,1,0,Bonus,1856,Yes,Rents,7,0,4,4,9,OUT-OF-POCKET MAXIMUM,TIER 1 NETWORK,MAXIMUM COST,1000,4000,6450,1500,4000,2,5,high,low,RISK,3
1,1,0,0,Salaried,3352,Yes,Rents,1,9,1,4,9,OUT-OF-POCKET MAXIMUM,TIER 1 NETWORK,MAXIMUM COST,4000,1000,1500,6450,4000,2,5,high,low,RISK,3
1,0,0,0,Hourly,3735,Yes,Owns,8,4,5,4,9,OUT-OF-POCKET MAXIMUM,TIER 1 NETWORK,MAXIMUM COST,1500,4000,6450,1000,4000,2,5,high,low,RISK,3
1,0,0,1,Salaried,1125,Yes,Rents,1,1,2,4,9,OUT-OF-POCKET MAXIMUM,TIER 1 NETWORK,MAXIMUM COST,4000,6450,1500,1000,4000,2,5,high,low,RISK,3
1,0,1,0,Bonus,4695,No,Owns,0,6,5,4,9,OUT-OF-POCKET MAXIMUM,TIER 1 NETWORK,MAXIMUM COST,6450,4000,1500,1000,4000,2,5,high,low,RISK,3
0,0,0,1,Salaried,1210,No,Rents,9,1,13,4,9,OUT-OF-POCKET MAXIMUM,TIER 1 NETWORK,MAXIMUM COST,6450,1000,1500,4000,4000,2,5,high,low,RISK,3
1,0,0,0,Bonus,3757,No,Rents,1,2,0,4,9,OUT-OF-POCKET MAXIMUM,TIER 1 NETWORK,MAXIMUM COST,6450,4000,1500,1000,4000,2,5,high,low,RISK,3
1,0,1,1,Salaried,4038,Yes,Rents,5,5,12,4,9,OUT-OF-POCKET MAXIMUM,TIER 1 NETWORK,MAXIMUM COST,6450,1500,4000,1000,4000,2,5,high,low,RISK,3
0,0,0,1,Bonus,381,No,Owns,2,6,13,4,9,OUT-OF-POCKET MAXIMUM,TIER 1 NETWORK,MAXIMUM COST,4000,1000,1500,6450,4000,2,5,high,low,RISK,3
0,0,0,0,Hourly,2879,Yes,Rents,9,4,5,4,9,OUT-OF-POCKET MAXIMUM,TIER 1 NETWORK,MAXIMUM COST,6450,1000,1500,4000,4000,2,5,high,low,RISK,3
0,1,0,0,Hourly,2246,No,Owns,9,4,8,4,9,OUT-OF-POCKET MAXIMUM,TIER 1 NETWORK,MAXIMUM COST,1000,1500,4000,6450,4000,2,5,high,low,RISK,3
0,1,0,0,Hourly,3337,No,Rents,1,9,4,4,9,OUT-OF-POCKET MAXIMUM,TIER 1 NETWORK,MAXIMUM COST,6450,1000,4000,1500,4000,2,5,high,low,RISK,3
1,0,0,0,Hourly,874,No,Owns,9,7,9,4,9,OUT-OF-POCKET MAXIMUM,TIER 1 NETWORK,MAXIMUM COST,1000,4000,6450,1500,4000,2,5,high,low,RISK,3
0,1,0,0,Hourly,4470,Yes,Owns,0,5,23,4,9,OUT-OF-POCKET MAXIMUM,TIER 1 NETWORK,MAXIMUM COST,1000,6450,4000,1500,4000,2,5,high,low,RISK,3
1,0,1,0,Hourly,3252,Yes,Owns,4,1,9,4,9,OUT-OF-POCKET MAXIMUM,TIER 1 NETWORK,MAXIMUM COST,1500,1000,6450,4000,4000,2,5,high,low,RISK,3
0,1,0,0,Hourly,176,Yes,Rents,3,8,6,4,9,OUT-OF-POCKET MAXIMUM,TIER 1 NETWORK,MAXIMUM COST,1500,1000,6450,4000,4000,2,5,high,low,RISK,3
0,0,1,0,Hourly,3681,Yes,Owns,1,2,1,4,9,OUT-OF-POCKET MAXIMUM,TIER 1 NETWORK,MAXIMUM COST,1000,1500,6450,4000,4000,2,5,high,low,RISK,3
0,1,1,1,Hourly,1019,Yes,Owns,8,10,2,4,9,OUT-OF-POCKET MAXIMUM,TIER 1 NETWORK,MAXIMUM COST,1000,4000,1500,6450,4000,2,5,high,low,RISK,3
0,1,1,0,Bonus,4493,Yes,Owns,10,4,3,4,9,OUT-OF-POCKET MAXIMUM,TIER 1 NETWORK,MAXIMUM COST,4000,1000,6450,1500,4000,2,5,high,low,RISK,3
0,1,1,0,Salaried,1012,Yes,Owns,8,2,25,4,9,OUT-OF-POCKET MAXIMUM,TIER 1 NETWORK,MAXIMUM COST,6450,1000,4000,1500,4000,2,5,high,low,RISK,3
0,0,0,0,Bonus,1248,Yes,Rents,1,10,10,4,9,OUT-OF-POCKET MAXIMUM,TIER 1 NETWORK,MAXIMUM COST,1000,6450,1500,4000,4000,2,5,high,low,RISK,3
0,0,0,0,Salaried,1214,No,Owns,1,7,6,4,9,OUT-OF-POCKET MAXIMUM,TIER 1 NETWORK,MAXIMUM COST,4000,1000,6450,1500,4000,2,5,high,low,RISK,3
1,0,0,0,Salaried,2852,Yes,Rents,1,5,5,4,9,OUT-OF-POCKET MAXIMUM,TIER 1 NETWORK,MAXIMUM COST,6450,1000,4000,1500,4000,2,5,high,low,RISK,3
0,0,0,0,Bonus,1440,Yes,Owns,4,10,8,4,9,OUT-OF-POCKET MAXIMUM,TIER 1 NETWORK,MAXIMUM COST,4000,6450,1500,1000,4000,2,5,high,low,RISK,3
1,0,1,0,Bonus,2951,No,Owns,4,0,4,4,9,OUT-OF-POCKET MAXIMUM,TIER 1 NETWORK,MAXIMUM COST,1000,4000,1500,6450,4000,2,5,high,low,RISK,3
2,1,0,2,Salaried,4377,No,Rents,10,19,27,4,10,OUT-OF-POCKET MAXIMUM,TIER 1 NETWORK,MAXIMUM COST,1500,6450,4000,1000,4000,2,10,high,low,RISK,3
0,1,1,0,Salaried,1919,No,Owns,10,15,31,4,10,OUT-OF-POCKET MAXIMUM,TIER 1 NETWORK,MAXIMUM COST,4000,6450,1500,1000,4000,2,10,high,low,RISK,3
1,1,0,0,Salaried,4671,Yes,Rents,15,12,28,4,10,OUT-OF-POCKET MAXIMUM,TIER 1 NETWORK,MAXIMUM COST,6450,4000,1500,1000,4000,2,10,high,low,RISK,3
2,1,0,0,Bonus,1139,No,Owns,13,16,31,4,10,OUT-OF-POCKET MAXIMUM,TIER 1 NETWORK,MAXIMUM COST,1000,6450,4000,1500,4000,2,10,high,low,RISK,3
1,1,2,1,Bonus,3085,No,Rents,9,12,39,4,10,OUT-OF-POCKET MAXIMUM,TIER 1 NETWORK,MAXIMUM COST,1500,1000,4000,6450,4000,2,10,high,low,RISK,3
0,1,2,0,Salaried,912,Yes,Rents,16,14,30,4,10,OUT-OF-POCKET MAXIMUM,TIER 1 NETWORK,MAXIMUM COST,4000,1000,6450,1500,4000,2,10,high,low,RISK,3
1,0,2,1,Hourly,3561,Yes,Owns,12,13,26,4,10,OUT-OF-POCKET MAXIMUM,TIER 1 NETWORK,MAXIMUM COST,1500,4000,1000,6450,4000,2,10,high,low,RISK,3
1,2,0,0,Hourly,4350,No,Rents,7,16,37,4,10,OUT-OF-POCKET MAXIMUM,TIER 1 NETWORK,MAXIMUM COST,6450,1500,4000,1000,4000,2,10,high,low,RISK,3
2,2,1,2,Salaried,3664,No,Owns,7,16,39,4,10,OUT-OF-POCKET MAXIMUM,TIER 1 NETWORK,MAXIMUM COST,1500,1000,4000,6450,4000,2,10,high,low,RISK,3
0,0,0,1,Bonus,1972,Yes,Owns,17,14,30,4,10,OUT-OF-POCKET MAXIMUM,TIER 1 NETWORK,MAXIMUM COST,1000,1500,6450,4000,4000,2,10,high,low,RISK,3
1,0,2,2,Salaried,1235,Yes,Rents,14,14,34,4,10,OUT-OF-POCKET MAXIMUM,TIER 1 NETWORK,MAXIMUM COST,4000,1000,6450,1500,4000,2,10,high,low,RISK,3
0,2,0,1,Bonus,2294,Yes,Owns,10,19,30,4,10,OUT-OF-POCKET MAXIMUM,TIER 1 NETWORK,MAXIMUM COST,6450,4000,1000,1500,4000,2,10,high,low,RISK,3
0,1,2,0,Salaried,4592,Yes,Rents,16,17,35,4,10,OUT-OF-POCKET MAXIMUM,TIER 1 NETWORK,MAXIMUM COST,1000,6450,1500,4000,4000,2,10,high,low,RISK,3
0,0,1,1,Hourly,2183,Yes,Owns,6,15,48,4,10,OUT-OF-POCKET MAXIMUM,TIER 1 NETWORK,MAXIMUM COST,6450,4000,1000,1500,4000,2,10,high,low,RISK,3
1,1,2,1,Salaried,1622,Yes,Rents,8,12,35,4,10,OUT-OF-POCKET MAXIMUM,TIER 1 NETWORK,MAXIMUM COST,1000,4000,1500,6450,4000,2,10,high,low,RISK,3
1,2,1,2,Salaried,4259,Yes,Rents,6,18,32,4,10,OUT-OF-POCKET MAXIMUM,TIER 1 NETWORK,MAXIMUM COST,6450,1500,4000,1000,4000,2,10,high,low,RISK,3
2,1,1,2,Salaried,4138,No,Owns,17,13,27,4,10,OUT-OF-POCKET MAXIMUM,TIER 1 NETWORK,MAXIMUM COST,1500,4000,6450,1000,4000,2,10,high,low,RISK,3
2,0,1,2,Bonus,2742,No,Owns,17,20,28,4,10,OUT-OF-POCKET MAXIMUM,TIER 1 NETWORK,MAXIMUM COST,1500,1000,6450,4000,4000,2,10,high,low,RISK,3
1,1,0,2,Bonus,4027,Yes,Rents,8,14,29,4,10,OUT-OF-POCKET MAXIMUM,TIER 1 NETWORK,MAXIMUM COST,4000,6450,1000,1500,4000,2,10,high,low,RISK,3
1,1,0,0,Bonus,3643,No,Rents,16,13,50,4,10,OUT-OF-POCKET MAXIMUM,TIER 1 NETWORK,MAXIMUM COST,1500,4000,6450,1000,4000,2,10,high,low,RISK,3
1,0,2,0,Salaried,1855,No,Rents,17,20,35,4,10,OUT-OF-POCKET MAXIMUM,TIER 1 NETWORK,MAXIMUM COST,1500,1000,4000,6450,4000,2,10,high,low,RISK,3
1,2,0,1,Bonus,4199,No,Owns,14,17,32,4,10,OUT-OF-POCKET MAXIMUM,TIER 1 NETWORK,MAXIMUM COST,4000,6450,1500,1000,4000,2,10,high,low,RISK,3
0,2,1,0,Salaried,358,No,Rents,12,16,31,4,10,OUT-OF-POCKET MAXIMUM,TIER 1 NETWORK,MAXIMUM COST,4000,1000,1500,6450,4000,2,10,high,low,RISK,3
1,1,1,1,Salaried,2175,No,Owns,16,20,34,4,10,OUT-OF-POCKET MAXIMUM,TIER 1 NETWORK,MAXIMUM COST,6450,1000,4000,1500,4000,2,10,high,low,RISK,3
1,1,0,0,Bonus,2804,No,Owns,11,11,30,4,10,OUT-OF-POCKET MAXIMUM,TIER 1 NETWORK,MAXIMUM COST,1000,6450,1500,4000,4000,2,10,high,low,RISK,3
2,1,2,1,Bonus,2793,Yes,Owns,17,19,27,4,10,OUT-OF-POCKET MAXIMUM,TIER 1 NETWORK,MAXIMUM COST,6450,1500,4000,1000,4000,2,10,high,low,RISK,3
2,0,2,0,Salaried,1366,No,Owns,14,15,31,4,10,OUT-OF-POCKET MAXIMUM,TIER 1 NETWORK,MAXIMUM COST,4000,1500,6450,1000,4000,2,10,high,low,RISK,3
0,1,1,2,Salaried,3990,No,Rents,13,12,28,4,10,OUT-OF-POCKET MAXIMUM,TIER 1 NETWORK,MAXIMUM COST,6450,1500,4000,1000,4000,2,10,high,low,RISK,3
0,1,1,0,Salaried,1625,No,Owns,16,16,31,4,10,OUT-OF-POCKET MAXIMUM,TIER 1 NETWORK,MAXIMUM COST,4000,6450,1000,1500,4000,2,10,high,low,RISK,3
1,2,0,0,Hourly,1178,No,Owns,5,12,39,4,10,OUT-OF-POCKET MAXIMUM,TIER 1 NETWORK,MAXIMUM COST,4000,1500,1000,6450,4000,2,10,high,low,RISK,3
1,1,0,0,Hourly,2665,No,Rents,8,14,30,4,10,OUT-OF-POCKET MAXIMUM,TIER 1 NETWORK,MAXIMUM COST,1000,6450,1500,4000,4000,2,10,high,low,RISK,3
1,1,2,0,Hourly,4144,No,Owns,9,13,26,4,10,OUT-OF-POCKET MAXIMUM,TIER 1 NETWORK,MAXIMUM COST,4000,1000,1500,6450,4000,2,10,high,low,RISK,3
1,1,2,0,Hourly,2547,Yes,Owns,14,16,37,4,10,OUT-OF-POCKET MAXIMUM,TIER 1 NETWORK,MAXIMUM COST,1500,1000,4000,6450,4000,2,10,high,low,RISK,3
1,1,1,0,Hourly,152,Yes,Owns,15,16,39,4,10,OUT-OF-POCKET MAXIMUM,TIER 1 NETWORK,MAXIMUM COST,6450,1500,4000,1000,4000,2,10,high,low,RISK,3
0,0,0,0,Bonus,2909,Yes,Rents,9,14,30,4,10,OUT-OF-POCKET MAXIMUM,TIER 1 NETWORK,MAXIMUM COST,6450,1500,4000,1000,4000,2,10,high,low,RISK,3
2,2,1,1,Bonus,2404,Yes,Owns,11,14,34,4,10,OUT-OF-POCKET MAXIMUM,TIER 1 NETWORK,MAXIMUM COST,4000,1500,1000,6450,4000,2,10,high,low,RISK,3
2,0,1,2,Bonus,144,Yes,Owns,10,19,30,4,10,OUT-OF-POCKET MAXIMUM,TIER 1 NETWORK,MAXIMUM COST,1000,4000,6450,1500,4000,2,10,high,low,RISK,3
2,0,1,0,Hourly,2250,No,Owns,11,17,35,4,10,OUT-OF-POCKET MAXIMUM,TIER 1 NETWORK,MAXIMUM COST,6450,1500,1000,4000,4000,2,10,high,low,RISK,3
2,0,0,0,Hourly,4826,No,Owns,10,15,48,4,10,OUT-OF-POCKET MAXIMUM,TIER 1 NETWORK,MAXIMUM COST,1500,6450,1000,4000,4000,2,10,high,low,RISK,3
1,1,0,0,Salaried,792,No,Owns,12,12,35,4,10,OUT-OF-POCKET MAXIMUM,TIER 1 NETWORK,MAXIMUM COST,1500,6450,1000,4000,4000,2,10,high,low,RISK,3
0,2,0,1,Hourly,3429,No,Rents,15,18,32,4,10,OUT-OF-POCKET MAXIMUM,TIER 1 NETWORK,MAXIMUM COST,6450,1000,1500,4000,4000,2,10,high,low,RISK,3
0,2,0,1,Hourly,1596,Yes,Owns,11,13,27,4,10,OUT-OF-POCKET MAXIMUM,TIER 1 NETWORK,MAXIMUM COST,1000,4000,6450,1500,4000,2,10,high,low,RISK,3
1,1,2,0,Salaried,83,Yes,Owns,7,20,28,4,10,OUT-OF-POCKET MAXIMUM,TIER 1 NETWORK,MAXIMUM COST,1500,4000,1000,6450,4000,2,10,high,low,RISK,3
1,2,0,2,Salaried,3601,No,Owns,6,14,29,4,10,OUT-OF-POCKET MAXIMUM,TIER 1 NETWORK,MAXIMUM COST,4000,6450,1000,1500,4000,2,10,high,low,RISK,3
1,1,0,1,Bonus,861,No,Owns,15,13,50,4,10,OUT-OF-POCKET MAXIMUM,TIER 1 NETWORK,MAXIMUM COST,4000,1000,6450,1500,4000,2,10,high,low,RISK,3
0,2,2,2,Salaried,2240,Yes,Rents,15,20,35,4,10,OUT-OF-POCKET MAXIMUM,TIER 1 NETWORK,MAXIMUM COST,4000,6450,1500,1000,4000,2,10,high,low,RISK,3
1,0,0,0,Hourly,2384,No,Rents,6,17,32,4,10,OUT-OF-POCKET MAXIMUM,TIER 1 NETWORK,MAXIMUM COST,6450,1500,4000,1000,4000,2,10,high,low,RISK,3
0,0,0,0,Bonus,2363,Yes,Rents,12,16,31,4,10,OUT-OF-POCKET MAXIMUM,TIER 1 NETWORK,MAXIMUM COST,4000,6450,1500,1000,4000,2,10,high,low,RISK,3
1,1,2,0,Salaried,4539,No,Owns,10,20,34,4,10,OUT-OF-POCKET MAXIMUM,TIER 1 NETWORK,MAXIMUM COST,1000,1500,6450,4000,4000,2,10,high,low,RISK,3
1,1,0,0,Bonus,489,No,Rents,9,11,30,4,10,OUT-OF-POCKET MAXIMUM,TIER 1 NETWORK,MAXIMUM COST,1000,1500,6450,4000,4000,2,10,high,low,RISK,3
1,2,0,2,Bonus,4623,Yes,Owns,7,19,27,4,10,OUT-OF-POCKET MAXIMUM,TIER 1 NETWORK,MAXIMUM COST,4000,1000,1500,6450,4000,2,10,high,low,RISK,3
1,0,0,0,Salaried,153,Yes,Owns,5,15,31,4,10,OUT-OF-POCKET MAXIMUM,TIER 1 NETWORK,MAXIMUM COST,1500,4000,1000,6450,4000,2,10,high,low,RISK,3
0,2,2,1,Salaried,3954,No,Owns,6,12,28,4,10,OUT-OF-POCKET MAXIMUM,TIER 1 NETWORK,MAXIMUM COST,4000,6450,1000,1500,4000,2,10,high,low,RISK,3
0,1,0,0,Salaried,4742,No,Rents,5,16,31,4,10,OUT-OF-POCKET MAXIMUM,TIER 1 NETWORK,MAXIMUM COST,4000,1500,6450,1000,4000,2,10,high,low,RISK,3
0,0,0,1,Hourly,3289,No,Rents,15,12,39,4,10,OUT-OF-POCKET MAXIMUM,TIER 1 NETWORK,MAXIMUM COST,1000,1500,6450,4000,4000,2,10,high,low,RISK,3
0,0,1,1,Bonus,3409,Yes,Rents,13,14,30,4,10,OUT-OF-POCKET MAXIMUM,TIER 1 NETWORK,MAXIMUM COST,6450,1000,1500,4000,4000,2,10,high,low,RISK,3
0,0,2,1,Bonus,3179,No,Rents,8,13,26,4,10,OUT-OF-POCKET MAXIMUM,TIER 1 NETWORK,MAXIMUM COST,1000,4000,1500,6450,4000,2,10,high,low,RISK,3
0,0,0,1,Bonus,4271,No,Rents,9,16,37,4,10,OUT-OF-POCKET MAXIMUM,TIER 1 NETWORK,MAXIMUM COST,6450,1500,4000,1000,4000,2,10,high,low,RISK,3
0,0,0,0,Hourly,4605,Yes,Rents,10,16,39,4,10,OUT-OF-POCKET MAXIMUM,TIER 1 NETWORK,MAXIMUM COST,6450,1500,1000,4000,4000,2,10,high,low,RISK,3
0,2,2,2,Salaried,3042,Yes,Rents,6,14,30,4,10,OUT-OF-POCKET MAXIMUM,TIER 1 NETWORK,MAXIMUM COST,4000,1000,6450,1500,4000,2,10,high,low,RISK,3
0,2,2,0,Hourly,170,No,Rents,16,14,34,4,10,OUT-OF-POCKET MAXIMUM,TIER 1 NETWORK,MAXIMUM COST,6450,1500,1000,4000,4000,2,10,high,low,RISK,3
0,1,0,2,Salaried,2062,No,Rents,7,19,30,4,10,OUT-OF-POCKET MAXIMUM,TIER 1 NETWORK,MAXIMUM COST,6450,4000,1500,1000,4000,2,10,high,low,RISK,3
1,1,2,2,Bonus,1962,No,Rents,5,17,35,4,10,OUT-OF-POCKET MAXIMUM,TIER 1 NETWORK,MAXIMUM COST,4000,1500,1000,6450,4000,2,10,high,low,RISK,3
0,0,0,0,Bonus,1006,No,Owns,11,15,48,4,10,OUT-OF-POCKET MAXIMUM,TIER 1 NETWORK,MAXIMUM COST,6450,1500,1000,4000,4000,2,10,high,low,RISK,3
0,2,1,2,Salaried,4555,No,Rents,8,12,35,4,10,OUT-OF-POCKET MAXIMUM,TIER 1 NETWORK,MAXIMUM COST,1500,4000,6450,1000,4000,2,10,high,low,RISK,3
2,1,1,0,Bonus,458,No,Rents,10,18,32,4,10,OUT-OF-POCKET MAXIMUM,TIER 1 NETWORK,MAXIMUM COST,6450,1500,4000,1000,4000,2,10,high,low,RISK,3
2,0,2,1,Hourly,1593,No,Owns,5,13,27,4,10,OUT-OF-POCKET MAXIMUM,TIER 1 NETWORK,MAXIMUM COST,4000,6450,1000,1500,4000,2,10,high,low,RISK,3
0,2,0,1,Hourly,4519,Yes,Owns,11,20,28,4,10,OUT-OF-POCKET MAXIMUM,TIER 1 NETWORK,MAXIMUM COST,4000,6450,1000,1500,4000,2,10,high,low,RISK,3
0,1,0,0,Bonus,2639,No,Rents,5,14,29,4,10,OUT-OF-POCKET MAXIMUM,TIER 1 NETWORK,MAXIMUM COST,1500,1000,4000,6450,4000,2,10,high,low,RISK,3
0,0,2,1,Hourly,2563,Yes,Rents,15,13,50,4,10,OUT-OF-POCKET MAXIMUM,TIER 1 NETWORK,MAXIMUM COST,4000,6450,1500,1000,4000,2,10,high,low,RISK,3
0,1,2,1,Bonus,2810,Yes,Owns,15,20,35,4,10,OUT-OF-POCKET MAXIMUM,TIER 1 NETWORK,MAXIMUM COST,1000,1500,4000,6450,4000,2,10,high,low,RISK,3
1,1,0,1,Hourly,2954,Yes,Owns,18,17,32,4,10,OUT-OF-POCKET MAXIMUM,TIER 1 NETWORK,MAXIMUM COST,4000,1500,1000,6450,4000,2,10,high,low,RISK,3
1,0,2,0,Hourly,2299,Yes,Owns,13,16,31,4,10,OUT-OF-POCKET MAXIMUM,TIER 1 NETWORK,MAXIMUM COST,6450,1000,1500,4000,4000,2,10,high,low,RISK,3
0,0,1,2,Hourly,1155,No,Rents,6,20,34,4,10,OUT-OF-POCKET MAXIMUM,TIER 1 NETWORK,MAXIMUM COST,1000,4000,6450,1500,4000,2,10,high,low,RISK,3
1,0,2,0,Bonus,1856,Yes,Rents,14,11,30,4,10,OUT-OF-POCKET MAXIMUM,TIER 1 NETWORK,MAXIMUM COST,6450,1000,1500,4000,4000,2,10,high,low,RISK,3
2,1,1,0,Salaried,3352,Yes,Rents,6,19,27,4,10,OUT-OF-POCKET MAXIMUM,TIER 1 NETWORK,MAXIMUM COST,1500,6450,1000,4000,4000,2,10,high,low,RISK,3
2,0,0,1,Hourly,3735,Yes,Owns,15,15,31,4,10,OUT-OF-POCKET MAXIMUM,TIER 1 NETWORK,MAXIMUM COST,1500,1000,4000,6450,4000,2,10,high,low,RISK,3
2,0,1,0,Bonus,4695,No,Owns,5,16,31,4,10,OUT-OF-POCKET MAXIMUM,TIER 1 NETWORK,MAXIMUM COST,1000,6450,4000,1500,4000,2,10,high,low,RISK,3
1,1,1,1,Salaried,1210,No,Rents,17,12,39,4,10,OUT-OF-POCKET MAXIMUM,TIER 1 NETWORK,MAXIMUM COST,1500,1000,4000,6450,4000,2,10,high,low,RISK,3
1,2,1,0,Bonus,3149,No,Owns,6,14,30,4,10,OUT-OF-POCKET MAXIMUM,TIER 1 NETWORK,MAXIMUM COST,1500,6450,1000,4000,4000,2,10,high,low,RISK,3
1,1,1,1,Bonus,3757,No,Rents,6,13,26,4,10,OUT-OF-POCKET MAXIMUM,TIER 1 NETWORK,MAXIMUM COST,6450,1500,1000,4000,4000,2,10,high,low,RISK,3
1,0,2,1,Salaried,4038,Yes,Rents,12,16,37,4,10,OUT-OF-POCKET MAXIMUM,TIER 1 NETWORK,MAXIMUM COST,4000,1500,6450,1000,4000,2,10,high,low,RISK,3
0,0,0,2,Bonus,381,No,Owns,8,16,39,4,10,OUT-OF-POCKET MAXIMUM,TIER 1 NETWORK,MAXIMUM COST,4000,6450,1500,1000,4000,2,10,high,low,RISK,3
0,0,1,1,Hourly,2879,Yes,Rents,16,14,30,4,10,OUT-OF-POCKET MAXIMUM,TIER 1 NETWORK,MAXIMUM COST,1500,1000,4000,6450,4000,2,10,high,low,RISK,3
1,2,0,0,Hourly,2246,No,Owns,17,14,34,4,10,OUT-OF-POCKET MAXIMUM,TIER 1 NETWORK,MAXIMUM COST,1000,4000,6450,1500,4000,2,10,high,low,RISK,3
0,2,1,0,Hourly,3337,No,Rents,7,19,30,4,10,OUT-OF-POCKET MAXIMUM,TIER 1 NETWORK,MAXIMUM COST,1500,6450,1000,4000,4000,2,10,high,low,RISK,3
1,1,1,1,Hourly,874,No,Owns,17,17,35,4,10,OUT-OF-POCKET MAXIMUM,TIER 1 NETWORK,MAXIMUM COST,6450,4000,1500,1000,4000,2,10,high,low,RISK,3
0,1,0,0,Hourly,4470,Yes,Owns,6,15,48,4,10,OUT-OF-POCKET MAXIMUM,TIER 1 NETWORK,MAXIMUM COST,1500,1000,4000,6450,4000,2,10,high,low,RISK,3
2,0,1,1,Hourly,3252,Yes,Owns,10,12,35,4,10,OUT-OF-POCKET MAXIMUM,TIER 1 NETWORK,MAXIMUM COST,1500,6450,4000,1000,4000,2,10,high,low,RISK,3
0,2,0,1,Hourly,176,Yes,Rents,9,18,32,4,10,OUT-OF-POCKET MAXIMUM,TIER 1 NETWORK,MAXIMUM COST,1500,1000,4000,6450,4000,2,10,high,low,RISK,3
1,0,2,0,Hourly,3681,Yes,Owns,6,13,27,4,10,OUT-OF-POCKET MAXIMUM,TIER 1 NETWORK,MAXIMUM COST,1000,6450,1500,4000,4000,2,10,high,low,RISK,3
1,2,1,2,Hourly,1019,Yes,Owns,15,20,28,4,10,OUT-OF-POCKET MAXIMUM,TIER 1 NETWORK,MAXIMUM COST,1000,1500,4000,6450,4000,2,10,high,low,RISK,3
1,2,1,1,Bonus,4493,Yes,Owns,18,14,29,4,10,OUT-OF-POCKET MAXIMUM,TIER 1 NETWORK,MAXIMUM COST,1500,6450,4000,1000,4000,2,10,high,low,RISK,3
1,2,2,0,Salaried,1012,Yes,Owns,15,13,50,4,10,OUT-OF-POCKET MAXIMUM,TIER 1 NETWORK,MAXIMUM COST,6450,1500,4000,1000,4000,2,10,high,low,RISK,3
0,0,1,1,Bonus,1248,Yes,Rents,7,20,35,4,10,OUT-OF-POCKET MAXIMUM,TIER 1 NETWORK,MAXIMUM COST,1000,6450,1500,4000,4000,2,10,high,low,RISK,3
0,0,1,0,Salaried,1214,No,Owns,6,17,32,4,10,OUT-OF-POCKET MAXIMUM,TIER 1 NETWORK,MAXIMUM COST,1500,4000,6450,1000,4000,2,10,high,low,RISK,3
1,0,1,0,Salaried,2852,Yes,Rents,6,16,31,4,10,OUT-OF-POCKET MAXIMUM,TIER 1 NETWORK,MAXIMUM COST,4000,1000,6450,1500,4000,2,10,high,low,RISK,3
1,0,0,0,Bonus,1440,Yes,Owns,10,20,34,4,10,OUT-OF-POCKET MAXIMUM,TIER 1 NETWORK,MAXIMUM COST,6450,1500,1000,4000,4000,2,10,high,low,RISK,3
1,0,1,0,Bonus,2951,No,Owns,11,11,30,4,10,OUT-OF-POCKET MAXIMUM,TIER 1 NETWORK,MAXIMUM COST,1500,1000,6450,4000,4000,2,10,high,low,RISK,3
3,2,1,3,Salaried,4377,No,Rents,24,48,52,4,11,OUT-OF-POCKET MAXIMUM,TIER 1 NETWORK,MAXIMUM COST,1500,4000,1000,6450,1500,3,20,high,low,RISK,3
1,1,2,1,Salaried,1919,No,Owns,25,33,56,4,11,OUT-OF-POCKET MAXIMUM,TIER 1 NETWORK,MAXIMUM COST,1500,6450,1000,4000,1500,3,20,high,low,RISK,3
3,2,1,1,Bonus,1139,No,Owns,29,38,56,4,11,OUT-OF-POCKET MAXIMUM,TIER 1 NETWORK,MAXIMUM COST,6450,1000,4000,1500,1500,3,20,high,low,RISK,3
1,2,3,2,Bonus,3085,No,Rents,23,24,64,4,11,OUT-OF-POCKET MAXIMUM,TIER 1 NETWORK,MAXIMUM COST,1000,4000,1500,6450,1500,3,20,high,low,RISK,3
1,2,3,1,Salaried,912,Yes,Rents,37,29,55,4,11,OUT-OF-POCKET MAXIMUM,TIER 1 NETWORK,MAXIMUM COST,4000,1000,6450,1500,1500,3,20,high,low,RISK,3
2,1,3,2,Hourly,3561,Yes,Owns,28,26,51,4,11,OUT-OF-POCKET MAXIMUM,TIER 1 NETWORK,MAXIMUM COST,1000,1500,4000,6450,1500,3,20,high,low,RISK,3
2,3,1,1,Hourly,4350,No,Rents,19,36,62,4,11,OUT-OF-POCKET MAXIMUM,TIER 1 NETWORK,MAXIMUM COST,1000,1500,4000,6450,1500,3,20,high,low,RISK,3
3,3,2,3,Salaried,3664,No,Owns,18,38,64,4,11,OUT-OF-POCKET MAXIMUM,TIER 1 NETWORK,MAXIMUM COST,6450,4000,1500,1000,1500,3,20,high,low,RISK,3
1,1,1,1,Bonus,1972,Yes,Owns,38,31,55,4,11,OUT-OF-POCKET MAXIMUM,TIER 1 NETWORK,MAXIMUM COST,6450,4000,1500,1000,1500,3,20,high,low,RISK,3
1,1,3,3,Salaried,1235,Yes,Rents,32,31,59,4,11,OUT-OF-POCKET MAXIMUM,TIER 1 NETWORK,MAXIMUM COST,1000,6450,4000,1500,1500,3,20,high,low,RISK,3
1,3,1,2,Bonus,2294,Yes,Owns,25,47,55,4,11,OUT-OF-POCKET MAXIMUM,TIER 1 NETWORK,MAXIMUM COST,4000,1500,1000,6450,1500,3,20,high,low,RISK,3
1,2,3,1,Salaried,4592,Yes,Rents,37,41,60,4,11,OUT-OF-POCKET MAXIMUM,TIER 1 NETWORK,MAXIMUM COST,1500,6450,1000,4000,1500,3,20,high,low,RISK,3
1,1,1,2,Hourly,2183,Yes,Owns,16,35,73,4,11,OUT-OF-POCKET MAXIMUM,TIER 1 NETWORK,MAXIMUM COST,1500,1000,6450,4000,1500,3,20,high,low,RISK,3
2,2,3,2,Salaried,1622,Yes,Rents,21,24,60,4,11,OUT-OF-POCKET MAXIMUM,TIER 1 NETWORK,MAXIMUM COST,6450,4000,1500,1000,1500,3,20,high,low,RISK,3
2,3,1,3,Salaried,4259,Yes,Rents,17,43,57,4,11,OUT-OF-POCKET MAXIMUM,TIER 1 NETWORK,MAXIMUM COST,1000,4000,1500,6450,1500,3,20,high,low,RISK,3
3,2,2,3,Salaried,4138,No,Owns,37,25,52,4,11,OUT-OF-POCKET MAXIMUM,TIER 1 NETWORK,MAXIMUM COST,1500,6450,4000,1000,1500,3,20,high,low,RISK,3
3,1,2,3,Bonus,2742,No,Owns,39,50,53,4,11,OUT-OF-POCKET MAXIMUM,TIER 1 NETWORK,MAXIMUM COST,1500,6450,4000,1000,1500,3,20,high,low,RISK,3
1,1,1,3,Bonus,4027,Yes,Rents,21,31,54,4,11,OUT-OF-POCKET MAXIMUM,TIER 1 NETWORK,MAXIMUM COST,6450,4000,1500,1000,1500,3,20,high,low,RISK,3
2,2,1,1,Bonus,3643,No,Rents,35,26,75,4,11,OUT-OF-POCKET MAXIMUM,TIER 1 NETWORK,MAXIMUM COST,4000,1000,1500,6450,1500,3,20,high,low,RISK,3
2,1,3,1,Salaried,1855,No,Rents,39,49,60,4,11,OUT-OF-POCKET MAXIMUM,TIER 1 NETWORK,MAXIMUM COST,1000,1500,6450,4000,1500,3,20,high,low,RISK,3
1,3,1,1,Bonus,4199,No,Owns,33,40,57,4,11,OUT-OF-POCKET MAXIMUM,TIER 1 NETWORK,MAXIMUM COST,6450,1500,1000,4000,1500,3,20,high,low,RISK,3
1,3,2,1,Salaried,358,No,Rents,28,36,56,4,11,OUT-OF-POCKET MAXIMUM,TIER 1 NETWORK,MAXIMUM COST,1500,1000,4000,6450,1500,3,20,high,low,RISK,3
2,2,2,1,Salaried,2175,No,Owns,35,49,59,4,11,OUT-OF-POCKET MAXIMUM,TIER 1 NETWORK,MAXIMUM COST,4000,1000,1500,6450,1500,3,20,high,low,RISK,3
2,2,1,1,Bonus,2804,No,Owns,26,20,55,4,11,OUT-OF-POCKET MAXIMUM,TIER 1 NETWORK,MAXIMUM COST,4000,1000,6450,1500,1500,3,20,high,low,RISK,3
3,3,3,2,Bonus,2793,Yes,Owns,39,48,52,4,11,OUT-OF-POCKET MAXIMUM,TIER 1 NETWORK,MAXIMUM COST,1500,1000,4000,6450,1500,3,20,high,low,RISK,3
3,1,3,1,Salaried,1366,No,Owns,32,33,56,4,11,OUT-OF-POCKET MAXIMUM,TIER 1 NETWORK,MAXIMUM COST,1500,4000,6450,1000,1500,3,20,high,low,RISK,3
1,2,2,3,Salaried,3990,No,Rents,30,23,53,4,11,OUT-OF-POCKET MAXIMUM,TIER 1 NETWORK,MAXIMUM COST,1500,4000,1000,6450,1500,3,20,high,low,RISK,3
1,2,2,1,Salaried,1625,No,Owns,36,38,56,4,11,OUT-OF-POCKET MAXIMUM,TIER 1 NETWORK,MAXIMUM COST,4000,1500,6450,1000,1500,3,20,high,low,RISK,3
2,3,1,1,Hourly,1178,No,Owns,15,24,64,4,11,OUT-OF-POCKET MAXIMUM,TIER 1 NETWORK,MAXIMUM COST,1500,6450,4000,1000,1500,3,20,high,low,RISK,3
2,1,1,1,Hourly,2665,No,Rents,20,29,55,4,11,OUT-OF-POCKET MAXIMUM,TIER 1 NETWORK,MAXIMUM COST,1500,1000,4000,6450,1500,3,20,high,low,RISK,3
2,3,3,1,Hourly,4144,No,Owns,23,26,51,4,11,OUT-OF-POCKET MAXIMUM,TIER 1 NETWORK,MAXIMUM COST,1500,4000,6450,1000,1500,3,20,high,low,RISK,3
2,2,3,1,Hourly,2547,Yes,Owns,32,36,62,4,11,OUT-OF-POCKET MAXIMUM,TIER 1 NETWORK,MAXIMUM COST,1500,1000,6450,4000,1500,3,20,high,low,RISK,3
2,1,2,1,Hourly,152,Yes,Owns,34,38,64,4,11,OUT-OF-POCKET MAXIMUM,TIER 1 NETWORK,MAXIMUM COST,1000,6450,1500,4000,1500,3,20,high,low,RISK,3
1,1,1,1,Bonus,2909,Yes,Rents,23,31,55,4,11,OUT-OF-POCKET MAXIMUM,TIER 1 NETWORK,MAXIMUM COST,1000,1500,4000,6450,1500,3,20,high,low,RISK,3
3,3,2,2,Bonus,2404,Yes,Owns,27,31,59,4,11,OUT-OF-POCKET MAXIMUM,TIER 1 NETWORK,MAXIMUM COST,6450,1000,4000,1500,1500,3,20,high,low,RISK,3
3,1,2,3,Bonus,144,Yes,Owns,24,47,55,4,11,OUT-OF-POCKET MAXIMUM,TIER 1 NETWORK,MAXIMUM COST,4000,1000,1500,6450,1500,3,20,high,low,RISK,3
3,1,2,1,Hourly,2250,No,Owns,26,41,60,4,11,OUT-OF-POCKET MAXIMUM,TIER 1 NETWORK,MAXIMUM COST,4000,6450,1500,1000,1500,3,20,high,low,RISK,3
3,1,1,1,Hourly,4826,No,Owns,25,35,73,4,11,OUT-OF-POCKET MAXIMUM,TIER 1 NETWORK,MAXIMUM COST,6450,1500,1000,4000,1500,3,20,high,low,RISK,3
2,2,1,1,Salaried,792,No,Owns,28,24,60,4,11,OUT-OF-POCKET MAXIMUM,TIER 1 NETWORK,MAXIMUM COST,4000,1500,6450,1000,1500,3,20,high,low,RISK,3
1,3,1,2,Hourly,3429,No,Rents,34,43,57,4,11,OUT-OF-POCKET MAXIMUM,TIER 1 NETWORK,MAXIMUM COST,1500,4000,6450,1000,1500,3,20,high,low,RISK,3
1,3,1,2,Hourly,1596,Yes,Owns,27,25,52,4,11,OUT-OF-POCKET MAXIMUM,TIER 1 NETWORK,MAXIMUM COST,1000,1500,6450,4000,1500,3,20,high,low,RISK,3
2,3,3,1,Salaried,83,Yes,Owns,19,50,53,4,11,OUT-OF-POCKET MAXIMUM,TIER 1 NETWORK,MAXIMUM COST,1000,6450,4000,1500,1500,3,20,high,low,RISK,3
2,3,1,3,Salaried,3601,No,Owns,17,31,54,4,11,OUT-OF-POCKET MAXIMUM,TIER 1 NETWORK,MAXIMUM COST,6450,1000,1500,4000,1500,3,20,high,low,RISK,3
2,2,1,2,Bonus,861,No,Owns,34,26,75,4,11,OUT-OF-POCKET MAXIMUM,TIER 1 NETWORK,MAXIMUM COST,4000,1500,1000,6450,1500,3,20,high,low,RISK,3
1,3,3,3,Salaried,2240,Yes,Rents,35,49,60,4,11,OUT-OF-POCKET MAXIMUM,TIER 1 NETWORK,MAXIMUM COST,6450,4000,1000,1500,1500,3,20,high,low,RISK,3
1,1,1,1,Hourly,2384,No,Rents,17,40,57,4,11,OUT-OF-POCKET MAXIMUM,TIER 1 NETWORK,MAXIMUM COST,4000,1500,6450,1000,1500,3,20,high,low,RISK,3
1,1,1,1,Bonus,2363,Yes,Rents,29,36,56,4,11,OUT-OF-POCKET MAXIMUM,TIER 1 NETWORK,MAXIMUM COST,6450,1000,4000,1500,1500,3,20,high,low,RISK,3
2,1,3,1,Salaried,4539,No,Owns,24,49,59,4,11,OUT-OF-POCKET MAXIMUM,TIER 1 NETWORK,MAXIMUM COST,4000,1500,1000,6450,1500,3,20,high,low,RISK,3
2,1,1,1,Bonus,489,No,Rents,23,20,55,4,11,OUT-OF-POCKET MAXIMUM,TIER 1 NETWORK,MAXIMUM COST,4000,1000,1500,6450,1500,3,20,high,low,RISK,3
2,3,1,3,Bonus,4623,Yes,Owns,19,48,52,4,11,OUT-OF-POCKET MAXIMUM,TIER 1 NETWORK,MAXIMUM COST,1500,1000,6450,4000,1500,3,20,high,low,RISK,3
2,1,1,1,Salaried,153,Yes,Owns,15,33,56,4,11,OUT-OF-POCKET MAXIMUM,TIER 1 NETWORK,MAXIMUM COST,1000,6450,1500,4000,1500,3,20,high,low,RISK,3
1,3,3,2,Salaried,3954,No,Owns,17,23,53,4,11,OUT-OF-POCKET MAXIMUM,TIER 1 NETWORK,MAXIMUM COST,6450,1000,1500,4000,1500,3,20,high,low,RISK,3
1,2,1,1,Salaried,4742,No,Rents,15,38,56,4,11,OUT-OF-POCKET MAXIMUM,TIER 1 NETWORK,MAXIMUM COST,1500,6450,1000,4000,1500,3,20,high,low,RISK,3
1,1,1,2,Hourly,3289,No,Rents,35,24,64,4,11,OUT-OF-POCKET MAXIMUM,TIER 1 NETWORK,MAXIMUM COST,4000,1000,1500,6450,1500,3,20,high,low,RISK,3
1,1,2,2,Bonus,3409,Yes,Rents,30,29,55,4,11,OUT-OF-POCKET MAXIMUM,TIER 1 NETWORK,MAXIMUM COST,6450,4000,1000,1500,1500,3,20,high,low,RISK,3
1,1,3,2,Bonus,3179,No,Rents,21,26,51,4,11,OUT-OF-POCKET MAXIMUM,TIER 1 NETWORK,MAXIMUM COST,1000,1500,6450,4000,1500,3,20,high,low,RISK,3
1,1,1,2,Bonus,4271,No,Rents,22,36,62,4,11,OUT-OF-POCKET MAXIMUM,TIER 1 NETWORK,MAXIMUM COST,1000,6450,4000,1500,1500,3,20,high,low,RISK,3
1,1,1,1,Hourly,4605,Yes,Rents,24,38,64,4,11,OUT-OF-POCKET MAXIMUM,TIER 1 NETWORK,MAXIMUM COST,4000,1500,6450,1000,1500,3,20,high,low,RISK,3
1,3,3,3,Salaried,3042,Yes,Rents,16,31,55,4,11,OUT-OF-POCKET MAXIMUM,TIER 1 NETWORK,MAXIMUM COST,1500,4000,1000,6450,1500,3,20,high,low,RISK,3
1,3,3,1,Hourly,170,No,Rents,37,31,59,4,11,OUT-OF-POCKET MAXIMUM,TIER 1 NETWORK,MAXIMUM COST,1000,4000,1500,6450,1500,3,20,high,low,RISK,3
1,1,1,3,Salaried,2062,No,Rents,20,47,55,4,11,OUT-OF-POCKET MAXIMUM,TIER 1 NETWORK,MAXIMUM COST,6450,1500,4000,1000,1500,3,20,high,low,RISK,3
2,2,3,3,Bonus,1962,No,Rents,15,41,60,4,11,OUT-OF-POCKET MAXIMUM,TIER 1 NETWORK,MAXIMUM COST,6450,1000,4000,1500,1500,3,20,high,low,RISK,3
1,1,1,1,Bonus,1006,No,Owns,27,35,73,4,11,OUT-OF-POCKET MAXIMUM,TIER 1 NETWORK,MAXIMUM COST,6450,1000,4000,1500,1500,3,20,high,low,RISK,3
1,3,2,3,Salaried,4555,No,Rents,20,24,60,4,11,OUT-OF-POCKET MAXIMUM,TIER 1 NETWORK,MAXIMUM COST,1500,6450,1000,4000,1500,3,20,high,low,RISK,3
3,1,2,1,Bonus,458,No,Rents,25,43,57,4,11,OUT-OF-POCKET MAXIMUM,TIER 1 NETWORK,MAXIMUM COST,1000,6450,4000,1500,1500,3,20,high,low,RISK,3
3,1,3,1,Hourly,1593,No,Owns,16,25,52,4,11,OUT-OF-POCKET MAXIMUM,TIER 1 NETWORK,MAXIMUM COST,1500,4000,6450,1000,1500,3,20,high,low,RISK,3
1,3,1,2,Hourly,4519,Yes,Owns,26,50,53,4,11,OUT-OF-POCKET MAXIMUM,TIER 1 NETWORK,MAXIMUM COST,1000,4000,1500,6450,1500,3,20,high,low,RISK,3
1,2,1,1,Bonus,2639,No,Rents,16,31,54,4,11,OUT-OF-POCKET MAXIMUM,TIER 1 NETWORK,MAXIMUM COST,6450,1000,1500,4000,1500,3,20,high,low,RISK,3
1,1,3,1,Hourly,2563,Yes,Rents,35,26,75,4,11,OUT-OF-POCKET MAXIMUM,TIER 1 NETWORK,MAXIMUM COST,1000,6450,1500,4000,1500,3,20,high,low,RISK,3
1,2,3,2,Bonus,2810,Yes,Owns,35,49,60,4,11,OUT-OF-POCKET MAXIMUM,TIER 1 NETWORK,MAXIMUM COST,4000,1500,6450,1000,1500,3,20,high,low,RISK,3
2,2,1,2,Hourly,2954,Yes,Owns,39,40,57,4,11,OUT-OF-POCKET MAXIMUM,TIER 1 NETWORK,MAXIMUM COST,6450,4000,1000,1500,1500,3,20,high,low,RISK,3
2,1,3,1,Hourly,2299,Yes,Owns,31,36,56,4,11,OUT-OF-POCKET MAXIMUM,TIER 1 NETWORK,MAXIMUM COST,4000,1500,1000,6450,1500,3,20,high,low,RISK,3
1,1,2,3,Hourly,1155,No,Rents,16,49,59,4,11,OUT-OF-POCKET MAXIMUM,TIER 1 NETWORK,MAXIMUM COST,6450,4000,1500,1000,1500,3,20,high,low,RISK,3
2,1,3,1,Bonus,1856,Yes,Rents,31,20,55,4,11,OUT-OF-POCKET MAXIMUM,TIER 1 NETWORK,MAXIMUM COST,4000,6450,1500,1000,1500,3,20,high,low,RISK,3
3,2,2,1,Salaried,3352,Yes,Rents,18,48,52,4,11,OUT-OF-POCKET MAXIMUM,TIER 1 NETWORK,MAXIMUM COST,1500,6450,4000,1000,1500,3,20,high,low,RISK,3
3,1,1,2,Hourly,3735,Yes,Owns,34,33,56,4,11,OUT-OF-POCKET MAXIMUM,TIER 1 NETWORK,MAXIMUM COST,6450,1500,4000,1000,1500,3,20,high,low,RISK,3
3,2,1,3,Salaried,1125,Yes,Rents,18,23,53,4,11,OUT-OF-POCKET MAXIMUM,TIER 1 NETWORK,MAXIMUM COST,1000,4000,6450,1500,1500,3,20,high,low,RISK,3
3,1,2,1,Bonus,4695,No,Owns,15,38,56,4,11,OUT-OF-POCKET MAXIMUM,TIER 1 NETWORK,MAXIMUM COST,6450,1000,1500,4000,1500,3,20,high,low,RISK,3
2,2,2,2,Salaried,1210,No,Rents,38,24,64,4,11,OUT-OF-POCKET MAXIMUM,TIER 1 NETWORK,MAXIMUM COST,4000,1500,6450,1000,1500,3,20,high,low,RISK,3
2,3,2,1,Bonus,3149,No,Owns,17,29,55,4,11,OUT-OF-POCKET MAXIMUM,TIER 1 NETWORK,MAXIMUM COST,6450,1000,4000,1500,1500,3,20,high,low,RISK,3
2,2,2,2,Bonus,3757,No,Rents,18,26,51,4,11,OUT-OF-POCKET MAXIMUM,TIER 1 NETWORK,MAXIMUM COST,4000,1000,6450,1500,1500,3,20,high,low,RISK,3
3,1,3,2,Salaried,4038,Yes,Rents,28,36,62,4,11,OUT-OF-POCKET MAXIMUM,TIER 1 NETWORK,MAXIMUM COST,6450,1000,1500,4000,1500,3,20,high,low,RISK,3
1,1,1,3,Bonus,381,No,Owns,20,38,64,4,11,OUT-OF-POCKET MAXIMUM,TIER 1 NETWORK,MAXIMUM COST,6450,1500,4000,1000,1500,3,20,high,low,RISK,3
1,1,1,2,Hourly,2879,Yes,Rents,37,31,55,4,11,OUT-OF-POCKET MAXIMUM,TIER 1 NETWORK,MAXIMUM COST,6450,1000,1500,4000,1500,3,20,high,low,RISK,3
2,3,1,1,Hourly,2246,No,Owns,38,31,59,4,11,OUT-OF-POCKET MAXIMUM,TIER 1 NETWORK,MAXIMUM COST,1000,4000,6450,1500,1500,3,20,high,low,RISK,3
1,3,2,1,Hourly,3337,No,Rents,18,47,55,4,11,OUT-OF-POCKET MAXIMUM,TIER 1 NETWORK,MAXIMUM COST,6450,1500,1000,4000,1500,3,20,high,low,RISK,3
2,2,1,2,Hourly,874,No,Owns,38,41,60,4,11,OUT-OF-POCKET MAXIMUM,TIER 1 NETWORK,MAXIMUM COST,1500,1000,4000,6450,1500,3,20,high,low,RISK,3
1,2,1,1,Hourly,4470,Yes,Owns,16,35,73,4,11,OUT-OF-POCKET MAXIMUM,TIER 1 NETWORK,MAXIMUM COST,6450,1500,1000,4000,1500,3,20,high,low,RISK,3
3,1,3,1,Hourly,3252,Yes,Owns,24,24,60,4,11,OUT-OF-POCKET MAXIMUM,TIER 1 NETWORK,MAXIMUM COST,6450,4000,1000,1500,1500,3,20,high,low,RISK,3
1,3,1,2,Hourly,176,Yes,Rents,23,43,57,4,11,OUT-OF-POCKET MAXIMUM,TIER 1 NETWORK,MAXIMUM COST,1000,4000,1500,6450,1500,3,20,high,low,RISK,3
2,1,3,1,Hourly,3681,Yes,Owns,17,25,52,4,11,OUT-OF-POCKET MAXIMUM,TIER 1 NETWORK,MAXIMUM COST,4000,1000,1500,6450,1500,3,20,high,low,RISK,3
1,3,2,3,Hourly,1019,Yes,Owns,35,50,53,4,11,OUT-OF-POCKET MAXIMUM,TIER 1 NETWORK,MAXIMUM COST,1500,4000,1000,6450,1500,3,20,high,low,RISK,3
1,3,2,1,Bonus,4493,Yes,Owns,39,31,54,4,11,OUT-OF-POCKET MAXIMUM,TIER 1 NETWORK,MAXIMUM COST,1500,1000,4000,6450,1500,3,20,high,low,RISK,3
1,3,3,1,Salaried,1012,Yes,Owns,34,26,75,4,11,OUT-OF-POCKET MAXIMUM,TIER 1 NETWORK,MAXIMUM COST,1000,6450,4000,1500,1500,3,20,high,low,RISK,3
1,1,2,1,Bonus,1248,Yes,Rents,18,49,60,4,11,OUT-OF-POCKET MAXIMUM,TIER 1 NETWORK,MAXIMUM COST,6450,4000,1000,1500,1500,3,20,high,low,RISK,3
1,1,2,1,Salaried,1214,No,Owns,17,40,57,4,11,OUT-OF-POCKET MAXIMUM,TIER 1 NETWORK,MAXIMUM COST,1500,4000,1000,6450,1500,3,20,high,low,RISK,3
2,1,1,1,Salaried,2852,Yes,Rents,18,36,56,4,11,OUT-OF-POCKET MAXIMUM,TIER 1 NETWORK,MAXIMUM COST,1500,6450,1000,4000,1500,3,20,high,low,RISK,3
2,1,1,1,Bonus,1440,Yes,Owns,24,49,59,4,11,OUT-OF-POCKET MAXIMUM,TIER 1 NETWORK,MAXIMUM COST,1000,6450,4000,1500,1500,3,20,high,low,RISK,3
3,1,3,1,Bonus,2951,No,Owns,26,20,55,4,11,OUT-OF-POCKET MAXIMUM,TIER 1 NETWORK,MAXIMUM COST,1000,4000,6450,1500,1500,3,20,high,low,RISK,3
4,3,2,4,Salaried,4377,No,Rents,46,73,76,4,12,OUT-OF-POCKET MAXIMUM,TIER 1 NETWORK,MAXIMUM COST,6450,1000,1500,4000,1500,3,50,high,low,RISK,3
2,3,4,2,Salaried,1919,No,Owns,48,61,80,4,12,OUT-OF-POCKET MAXIMUM,TIER 1 NETWORK,MAXIMUM COST,6450,4000,1000,1500,1500,3,50,high,low,RISK,3
4,4,3,2,Salaried,4671,Yes,Rents,57,53,77,4,12,OUT-OF-POCKET MAXIMUM,TIER 1 NETWORK,MAXIMUM COST,4000,6450,1000,1500,1500,3,50,high,low,RISK,3
4,4,2,2,Bonus,1139,No,Owns,52,65,80,4,12,OUT-OF-POCKET MAXIMUM,TIER 1 NETWORK,MAXIMUM COST,1500,6450,1000,4000,1500,3,50,high,low,RISK,3
3,4,4,3,Bonus,3085,No,Rents,45,54,88,4,12,OUT-OF-POCKET MAXIMUM,TIER 1 NETWORK,MAXIMUM COST,6450,1500,1000,4000,1500,3,50,high,low,RISK,3
3,4,4,3,Salaried,912,Yes,Rents,61,58,79,4,12,OUT-OF-POCKET MAXIMUM,TIER 1 NETWORK,MAXIMUM COST,6450,1500,1000,4000,1500,3,50,high,low,RISK,3
4,3,4,3,Hourly,3561,Yes,Owns,51,56,75,4,12,OUT-OF-POCKET MAXIMUM,TIER 1 NETWORK,MAXIMUM COST,1500,4000,1000,6450,1500,3,50,high,low,RISK,3
4,4,2,2,Hourly,4350,No,Rents,40,64,87,4,12,OUT-OF-POCKET MAXIMUM,TIER 1 NETWORK,MAXIMUM COST,6450,4000,1500,1000,1500,3,50,high,low,RISK,3
4,4,4,4,Salaried,3664,No,Owns,39,65,88,4,12,OUT-OF-POCKET MAXIMUM,TIER 1 NETWORK,MAXIMUM COST,1500,1000,4000,6450,1500,3,50,high,low,RISK,3
2,3,3,3,Bonus,1972,Yes,Owns,62,60,80,4,12,OUT-OF-POCKET MAXIMUM,TIER 1 NETWORK,MAXIMUM COST,1000,6450,1500,4000,1500,3,50,high,low,RISK,3
3,2,4,4,Salaried,1235,Yes,Rents,55,60,83,4,12,OUT-OF-POCKET MAXIMUM,TIER 1 NETWORK,MAXIMUM COST,1000,4000,6450,1500,1500,3,50,high,low,RISK,3
2,4,3,3,Bonus,2294,Yes,Owns,47,72,79,4,12,OUT-OF-POCKET MAXIMUM,TIER 1 NETWORK,MAXIMUM COST,6450,1500,1000,4000,1500,3,50,high,low,RISK,3
2,3,4,3,Salaried,4592,Yes,Rents,62,68,84,4,12,OUT-OF-POCKET MAXIMUM,TIER 1 NETWORK,MAXIMUM COST,6450,1500,4000,1000,1500,3,50,high,low,RISK,3
3,3,3,4,Hourly,2183,Yes,Owns,37,63,98,4,12,OUT-OF-POCKET MAXIMUM,TIER 1 NETWORK,MAXIMUM COST,1000,4000,6450,1500,1500,3,50,high,low,RISK,3
3,3,4,3,Salaried,1622,Yes,Rents,42,55,84,4,12,OUT-OF-POCKET MAXIMUM,TIER 1 NETWORK,MAXIMUM COST,1000,1500,4000,6450,1500,3,50,high,low,RISK,3
3,4,3,4,Salaried,4259,Yes,Rents,37,70,81,4,12,OUT-OF-POCKET MAXIMUM,TIER 1 NETWORK,MAXIMUM COST,1000,1500,6450,4000,1500,3,50,high,low,RISK,3
4,3,3,4,Salaried,4138,No,Owns,62,55,76,4,12,OUT-OF-POCKET MAXIMUM,TIER 1 NETWORK,MAXIMUM COST,1000,1500,4000,6450,1500,3,50,high,low,RISK,3
4,3,4,4,Bonus,2742,No,Owns,64,75,77,4,12,OUT-OF-POCKET MAXIMUM,TIER 1 NETWORK,MAXIMUM COST,6450,1000,4000,1500,1500,3,50,high,low,RISK,3
3,3,3,4,Bonus,4027,Yes,Rents,43,60,78,4,12,OUT-OF-POCKET MAXIMUM,TIER 1 NETWORK,MAXIMUM COST,6450,1000,1500,4000,1500,3,50,high,low,RISK,3
4,4,2,2,Bonus,3643,No,Rents,59,56,100,4,12,OUT-OF-POCKET MAXIMUM,TIER 1 NETWORK,MAXIMUM COST,6450,4000,1000,1500,1500,3,50,high,low,RISK,3
4,2,4,2,Salaried,1855,No,Rents,63,74,85,4,12,OUT-OF-POCKET MAXIMUM,TIER 1 NETWORK,MAXIMUM COST,1000,6450,4000,1500,1500,3,50,high,low,RISK,3
3,4,2,3,Bonus,4199,No,Owns,57,67,81,4,12,OUT-OF-POCKET MAXIMUM,TIER 1 NETWORK,MAXIMUM COST,6450,1000,4000,1500,1500,3,50,high,low,RISK,3
3,4,3,2,Salaried,358,No,Rents,50,64,80,4,12,OUT-OF-POCKET MAXIMUM,TIER 1 NETWORK,MAXIMUM COST,4000,6450,1500,1000,1500,3,50,high,low,RISK,3
4,3,4,3,Salaried,2175,No,Owns,59,75,83,4,12,OUT-OF-POCKET MAXIMUM,TIER 1 NETWORK,MAXIMUM COST,1000,1500,6450,4000,1500,3,50,high,low,RISK,3
4,4,2,2,Bonus,2804,No,Owns,48,51,79,4,12,OUT-OF-POCKET MAXIMUM,TIER 1 NETWORK,MAXIMUM COST,1000,6450,4000,1500,1500,3,50,high,low,RISK,3
4,4,4,4,Bonus,2793,Yes,Owns,63,73,76,4,12,OUT-OF-POCKET MAXIMUM,TIER 1 NETWORK,MAXIMUM COST,1500,1000,4000,6450,1500,3,50,high,low,RISK,3
4,3,4,2,Salaried,1366,No,Owns,56,61,80,4,12,OUT-OF-POCKET MAXIMUM,TIER 1 NETWORK,MAXIMUM COST,1000,6450,4000,1500,1500,3,50,high,low,RISK,3
2,4,4,4,Salaried,3990,No,Rents,53,53,77,4,12,OUT-OF-POCKET MAXIMUM,TIER 1 NETWORK,MAXIMUM COST,4000,6450,1000,1500,1500,3,50,high,low,RISK,3
2,4,3,3,Salaried,1625,No,Owns,60,65,80,4,12,OUT-OF-POCKET MAXIMUM,TIER 1 NETWORK,MAXIMUM COST,1000,4000,1500,6450,1500,3,50,high,low,RISK,3
4,4,3,3,Hourly,1178,No,Owns,35,54,88,4,12,OUT-OF-POCKET MAXIMUM,TIER 1 NETWORK,MAXIMUM COST,4000,6450,1500,1000,1500,3,50,high,low,RISK,3
3,3,2,2,Hourly,2665,No,Rents,41,58,79,4,12,OUT-OF-POCKET MAXIMUM,TIER 1 NETWORK,MAXIMUM COST,1500,4000,1000,6450,1500,3,50,high,low,RISK,3
4,4,4,2,Hourly,4144,No,Owns,44,56,75,4,12,OUT-OF-POCKET MAXIMUM,TIER 1 NETWORK,MAXIMUM COST,1000,6450,1500,4000,1500,3,50,high,low,RISK,3
3,3,4,3,Hourly,2547,Yes,Owns,55,64,87,4,12,OUT-OF-POCKET MAXIMUM,TIER 1 NETWORK,MAXIMUM COST,1500,4000,6450,1000,1500,3,50,high,low,RISK,3
4,3,4,2,Hourly,152,Yes,Owns,58,65,88,4,12,OUT-OF-POCKET MAXIMUM,TIER 1 NETWORK,MAXIMUM COST,4000,1000,1500,6450,1500,3,50,high,low,RISK,3
3,2,2,3,Bonus,2909,Yes,Rents,45,60,80,4,12,OUT-OF-POCKET MAXIMUM,TIER 1 NETWORK,MAXIMUM COST,4000,6450,1500,1000,1500,3,50,high,low,RISK,3
4,4,3,3,Bonus,2404,Yes,Owns,49,60,83,4,12,OUT-OF-POCKET MAXIMUM,TIER 1 NETWORK,MAXIMUM COST,1500,1000,4000,6450,1500,3,50,high,low,RISK,3
4,2,4,4,Bonus,144,Yes,Owns,46,72,79,4,12,OUT-OF-POCKET MAXIMUM,TIER 1 NETWORK,MAXIMUM COST,6450,4000,1500,1000,1500,3,50,high,low,RISK,3
4,2,4,2,Hourly,2250,No,Owns,48,68,84,4,12,OUT-OF-POCKET MAXIMUM,TIER 1 NETWORK,MAXIMUM COST,4000,6450,1000,1500,1500,3,50,high,low,RISK,3
4,3,3,3,Hourly,4826,No,Owns,47,63,98,4,12,OUT-OF-POCKET MAXIMUM,TIER 1 NETWORK,MAXIMUM COST,1000,6450,1500,4000,1500,3,50,high,low,RISK,3
4,4,2,3,Salaried,792,No,Owns,50,55,84,4,12,OUT-OF-POCKET MAXIMUM,TIER 1 NETWORK,MAXIMUM COST,1000,1500,4000,6450,1500,3,50,high,low,RISK,3
2,4,2,3,Hourly,3429,No,Rents,58,70,81,4,12,OUT-OF-POCKET MAXIMUM,TIER 1 NETWORK,MAXIMUM COST,1000,1500,6450,4000,1500,3,50,high,low,RISK,3
3,4,3,4,Hourly,1596,Yes,Owns,50,55,76,4,12,OUT-OF-POCKET MAXIMUM,TIER 1 NETWORK,MAXIMUM COST,1000,1500,6450,4000,1500,3,50,high,low,RISK,3
4,4,4,3,Salaried,83,Yes,Owns,40,75,77,4,12,OUT-OF-POCKET MAXIMUM,TIER 1 NETWORK,MAXIMUM COST,1000,4000,1500,6450,1500,3,50,high,low,RISK,3
4,4,3,4,Salaried,3601,No,Owns,38,60,78,4,12,OUT-OF-POCKET MAXIMUM,TIER 1 NETWORK,MAXIMUM COST,1000,1500,6450,4000,1500,3,50,high,low,RISK,3
3,4,2,4,Bonus,861,No,Owns,58,56,100,4,12,OUT-OF-POCKET MAXIMUM,TIER 1 NETWORK,MAXIMUM COST,1000,4000,6450,1500,1500,3,50,high,low,RISK,3
2,4,4,4,Salaried,2240,Yes,Rents,59,74,85,4,12,OUT-OF-POCKET MAXIMUM,TIER 1 NETWORK,MAXIMUM COST,1000,4000,1500,6450,1500,3,50,high,low,RISK,3
3,3,2,2,Hourly,2384,No,Rents,37,67,81,4,12,OUT-OF-POCKET MAXIMUM,TIER 1 NETWORK,MAXIMUM COST,1500,1000,6450,4000,1500,3,50,high,low,RISK,3
2,2,3,3,Bonus,2363,Yes,Rents,52,64,80,4,12,OUT-OF-POCKET MAXIMUM,TIER 1 NETWORK,MAXIMUM COST,1000,4000,1500,6450,1500,3,50,high,low,RISK,3
3,3,4,2,Salaried,4539,No,Owns,45,75,83,4,12,OUT-OF-POCKET MAXIMUM,TIER 1 NETWORK,MAXIMUM COST,1500,6450,4000,1000,1500,3,50,high,low,RISK,3
3,3,2,2,Bonus,489,No,Rents,45,51,79,4,12,OUT-OF-POCKET MAXIMUM,TIER 1 NETWORK,MAXIMUM COST,1500,1000,6450,4000,1500,3,50,high,low,RISK,3
4,4,2,4,Bonus,4623,Yes,Owns,40,73,76,4,12,OUT-OF-POCKET MAXIMUM,TIER 1 NETWORK,MAXIMUM COST,1500,4000,6450,1000,1500,3,50,high,low,RISK,3
3,3,3,2,Salaried,153,Yes,Owns,36,61,80,4,12,OUT-OF-POCKET MAXIMUM,TIER 1 NETWORK,MAXIMUM COST,1500,4000,1000,6450,1500,3,50,high,low,RISK,3
3,4,4,4,Salaried,3954,No,Owns,38,53,77,4,12,OUT-OF-POCKET MAXIMUM,TIER 1 NETWORK,MAXIMUM COST,6450,4000,1000,1500,1500,3,50,high,low,RISK,3
3,3,2,3,Salaried,4742,No,Rents,35,65,80,4,12,OUT-OF-POCKET MAXIMUM,TIER 1 NETWORK,MAXIMUM COST,1500,1000,4000,6450,1500,3,50,high,low,RISK,3
2,2,2,3,Hourly,3289,No,Rents,59,54,88,4,12,OUT-OF-POCKET MAXIMUM,TIER 1 NETWORK,MAXIMUM COST,6450,1500,4000,1000,1500,3,50,high,low,RISK,3
2,2,3,3,Bonus,3409,Yes,Rents,54,58,79,4,12,OUT-OF-POCKET MAXIMUM,TIER 1 NETWORK,MAXIMUM COST,1000,6450,4000,1500,1500,3,50,high,low,RISK,3
3,3,4,3,Bonus,3179,No,Rents,42,56,75,4,12,OUT-OF-POCKET MAXIMUM,TIER 1 NETWORK,MAXIMUM COST,4000,1500,6450,1000,1500,3,50,high,low,RISK,3
3,3,2,4,Bonus,4271,No,Rents,43,64,87,4,12,OUT-OF-POCKET MAXIMUM,TIER 1 NETWORK,MAXIMUM COST,1500,4000,1000,6450,1500,3,50,high,low,RISK,3
3,3,3,2,Hourly,4605,Yes,Rents,46,65,88,4,12,OUT-OF-POCKET MAXIMUM,TIER 1 NETWORK,MAXIMUM COST,4000,1500,6450,1000,1500,3,50,high,low,RISK,3
2,4,4,4,Salaried,3042,Yes,Rents,37,60,80,4,12,OUT-OF-POCKET MAXIMUM,TIER 1 NETWORK,MAXIMUM COST,1500,1000,4000,6450,1500,3,50,high,low,RISK,3
2,4,4,3,Hourly,170,No,Rents,61,60,83,4,12,OUT-OF-POCKET MAXIMUM,TIER 1 NETWORK,MAXIMUM COST,1500,6450,1000,4000,1500,3,50,high,low,RISK,3
2,3,3,4,Salaried,2062,No,Rents,40,72,79,4,12,OUT-OF-POCKET MAXIMUM,TIER 1 NETWORK,MAXIMUM COST,1000,6450,1500,4000,1500,3,50,high,low,RISK,3
4,4,4,4,Bonus,1962,No,Rents,35,68,84,4,12,OUT-OF-POCKET MAXIMUM,TIER 1 NETWORK,MAXIMUM COST,6450,1500,1000,4000,1500,3,50,high,low,RISK,3
2,2,3,2,Bonus,1006,No,Owns,50,63,98,4,12,OUT-OF-POCKET MAXIMUM,TIER 1 NETWORK,MAXIMUM COST,1500,6450,1000,4000,1500,3,50,high,low,RISK,3
2,4,3,4,Salaried,4555,No,Rents,42,55,84,4,12,OUT-OF-POCKET MAXIMUM,TIER 1 NETWORK,MAXIMUM COST,6450,1000,1500,4000,1500,3,50,high,low,RISK,3
4,3,4,3,Bonus,458,No,Rents,46,70,81,4,12,OUT-OF-POCKET MAXIMUM,TIER 1 NETWORK,MAXIMUM COST,1000,6450,1500,4000,1500,3,50,high,low,RISK,3
4,3,4,3,Hourly,1593,No,Owns,36,55,76,4,12,OUT-OF-POCKET MAXIMUM,TIER 1 NETWORK,MAXIMUM COST,1500,1000,6450,4000,1500,3,50,high,low,RISK,3
3,4,2,3,Hourly,4519,Yes,Owns,48,75,77,4,12,OUT-OF-POCKET MAXIMUM,TIER 1 NETWORK,MAXIMUM COST,4000,1500,1000,6450,1500,3,50,high,low,RISK,3
2,4,3,3,Bonus,2639,No,Rents,36,60,78,4,12,OUT-OF-POCKET MAXIMUM,TIER 1 NETWORK,MAXIMUM COST,1000,1500,6450,4000,1500,3,50,high,low,RISK,3
2,3,4,3,Hourly,2563,Yes,Rents,59,56,100,4,12,OUT-OF-POCKET MAXIMUM,TIER 1 NETWORK,MAXIMUM COST,4000,1500,1000,6450,1500,3,50,high,low,RISK,3
3,4,4,4,Bonus,2810,Yes,Owns,58,74,85,4,12,OUT-OF-POCKET MAXIMUM,TIER 1 NETWORK,MAXIMUM COST,4000,1000,6450,1500,1500,3,50,high,low,RISK,3
3,4,3,4,Hourly,2954,Yes,Owns,64,67,81,4,12,OUT-OF-POCKET MAXIMUM,TIER 1 NETWORK,MAXIMUM COST,4000,1000,1500,6450,1500,3,50,high,low,RISK,3
3,2,4,3,Hourly,2299,Yes,Owns,54,64,80,4,12,OUT-OF-POCKET MAXIMUM,TIER 1 NETWORK,MAXIMUM COST,1500,1000,6450,4000,1500,3,50,high,low,RISK,3
2,3,4,4,Hourly,1155,No,Rents,37,75,83,4,12,OUT-OF-POCKET MAXIMUM,TIER 1 NETWORK,MAXIMUM COST,4000,1000,6450,1500,1500,3,50,high,low,RISK,3
4,2,4,3,Bonus,1856,Yes,Rents,55,51,79,4,12,OUT-OF-POCKET MAXIMUM,TIER 1 NETWORK,MAXIMUM COST,4000,1500,6450,1000,1500,3,50,high,low,RISK,3
4,4,3,3,Salaried,3352,Yes,Rents,38,73,76,4,12,OUT-OF-POCKET MAXIMUM,TIER 1 NETWORK,MAXIMUM COST,4000,1500,1000,6450,1500,3,50,high,low,RISK,3
4,3,2,3,Hourly,3735,Yes,Owns,58,61,80,4,12,OUT-OF-POCKET MAXIMUM,TIER 1 NETWORK,MAXIMUM COST,4000,6450,1500,1000,1500,3,50,high,low,RISK,3
4,3,3,4,Salaried,1125,Yes,Rents,38,53,77,4,12,OUT-OF-POCKET MAXIMUM,TIER 1 NETWORK,MAXIMUM COST,6450,1000,4000,1500,1500,3,50,high,low,RISK,3
4,2,4,2,Bonus,4695,No,Owns,35,65,80,4,12,OUT-OF-POCKET MAXIMUM,TIER 1 NETWORK,MAXIMUM COST,6450,4000,1000,1500,1500,3,50,high,low,RISK,3
3,3,3,4,Salaried,1210,No,Rents,62,54,88,4,12,OUT-OF-POCKET MAXIMUM,TIER 1 NETWORK,MAXIMUM COST,6450,1000,1500,4000,1500,3,50,high,low,RISK,3
4,4,4,2,Bonus,3149,No,Owns,37,58,79,4,12,OUT-OF-POCKET MAXIMUM,TIER 1 NETWORK,MAXIMUM COST,1000,6450,1500,4000,1500,3,50,high,low,RISK,3
4,3,4,4,Bonus,3757,No,Rents,38,56,75,4,12,OUT-OF-POCKET MAXIMUM,TIER 1 NETWORK,MAXIMUM COST,4000,1500,6450,1000,1500,3,50,high,low,RISK,3
4,3,4,4,Salaried,4038,Yes,Rents,51,64,87,4,12,OUT-OF-POCKET MAXIMUM,TIER 1 NETWORK,MAXIMUM COST,6450,4000,1000,1500,1500,3,50,high,low,RISK,3
2,3,3,4,Bonus,381,No,Owns,41,65,88,4,12,OUT-OF-POCKET MAXIMUM,TIER 1 NETWORK,MAXIMUM COST,1000,1500,4000,6450,1500,3,50,high,low,RISK,3
3,3,3,3,Hourly,2879,Yes,Rents,61,60,80,4,12,OUT-OF-POCKET MAXIMUM,TIER 1 NETWORK,MAXIMUM COST,6450,1500,1000,4000,1500,3,50,high,low,RISK,3
4,4,3,2,Hourly,2246,No,Owns,62,60,83,4,12,OUT-OF-POCKET MAXIMUM,TIER 1 NETWORK,MAXIMUM COST,1500,4000,6450,1000,1500,3,50,high,low,RISK,3
2,4,3,2,Hourly,3337,No,Rents,39,72,79,4,12,OUT-OF-POCKET MAXIMUM,TIER 1 NETWORK,MAXIMUM COST,1000,6450,1500,4000,1500,3,50,high,low,RISK,3
4,3,3,4,Hourly,874,No,Owns,63,68,84,4,12,OUT-OF-POCKET MAXIMUM,TIER 1 NETWORK,MAXIMUM COST,6450,1500,1000,4000,1500,3,50,high,low,RISK,3
3,4,2,3,Hourly,4470,Yes,Owns,36,63,98,4,12,OUT-OF-POCKET MAXIMUM,TIER 1 NETWORK,MAXIMUM COST,1000,1500,6450,4000,1500,3,50,high,low,RISK,3
4,3,4,3,Hourly,3252,Yes,Owns,46,55,84,4,12,OUT-OF-POCKET MAXIMUM,TIER 1 NETWORK,MAXIMUM COST,6450,1500,4000,1000,1500,3,50,high,low,RISK,3
3,4,2,3,Hourly,176,Yes,Rents,45,70,81,4,12,OUT-OF-POCKET MAXIMUM,TIER 1 NETWORK,MAXIMUM COST,1000,6450,4000,1500,1500,3,50,high,low,RISK,3
4,3,4,2,Hourly,3681,Yes,Owns,38,55,76,4,12,OUT-OF-POCKET MAXIMUM,TIER 1 NETWORK,MAXIMUM COST,6450,4000,1500,1000,1500,3,50,high,low,RISK,3
3,4,4,4,Hourly,1019,Yes,Owns,59,75,77,4,12,OUT-OF-POCKET MAXIMUM,TIER 1 NETWORK,MAXIMUM COST,1000,6450,1500,4000,1500,3,50,high,low,RISK,3
3,4,4,3,Bonus,4493,Yes,Owns,64,60,78,4,12,OUT-OF-POCKET MAXIMUM,TIER 1 NETWORK,MAXIMUM COST,1500,1000,6450,4000,1500,3,50,high,low,RISK,3
3,4,4,2,Salaried,1012,Yes,Owns,58,56,100,4,12,OUT-OF-POCKET MAXIMUM,TIER 1 NETWORK,MAXIMUM COST,1500,4000,1000,6450,1500,3,50,high,low,RISK,3
2,2,4,3,Bonus,1248,Yes,Rents,39,74,85,4,12,OUT-OF-POCKET MAXIMUM,TIER 1 NETWORK,MAXIMUM COST,6450,4000,1000,1500,1500,3,50,high,low,RISK,3
4,3,3,2,Salaried,2852,Yes,Rents,38,64,80,4,12,OUT-OF-POCKET MAXIMUM,TIER 1 NETWORK,MAXIMUM COST,1000,6450,4000,1500,1500,3,50,high,low,RISK,3
3,3,2,2,Bonus,1440,Yes,Owns,46,75,83,4,12,OUT-OF-POCKET MAXIMUM,TIER 1 NETWORK,MAXIMUM COST,1500,1000,4000,6450,1500,3,50,high,low,RISK,3
4,2,4,3,Bonus,2951,No,Owns,48,51,79,4,12,OUT-OF-POCKET MAXIMUM,TIER 1 NETWORK,MAXIMUM COST,1500,4000,6450,1000,1500,3,50,high,low,RISK,3
1,0,0,1,Salaried,4377,No,Rents,4,9,1,4,13,OUT-OF-POCKET MAXIMUM,TIER 1 NETWORK,MAXIMUM COST,1500,6450,1000,4000,1500,3,5,high,high,RISK,4
0,0,1,0,Salaried,1919,No,Owns,4,4,5,4,13,OUT-OF-POCKET MAXIMUM,TIER 1 NETWORK,MAXIMUM COST,4000,1500,6450,1000,1500,3,5,high,high,RISK,4
0,0,0,0,Salaried,4671,Yes,Rents,7,1,2,4,13,OUT-OF-POCKET MAXIMUM,TIER 1 NETWORK,MAXIMUM COST,4000,1000,6450,1500,1500,3,5,high,high,RISK,4
1,1,0,0,Bonus,1139,No,Owns,6,6,5,4,13,OUT-OF-POCKET MAXIMUM,TIER 1 NETWORK,MAXIMUM COST,1500,4000,1000,6450,1500,3,5,high,high,RISK,4
0,1,1,0,Bonus,3085,No,Rents,3,1,13,4,13,OUT-OF-POCKET MAXIMUM,TIER 1 NETWORK,MAXIMUM COST,4000,1000,6450,1500,1500,3,5,high,high,RISK,4
0,1,1,0,Salaried,912,Yes,Rents,9,3,4,4,13,OUT-OF-POCKET MAXIMUM,TIER 1 NETWORK,MAXIMUM COST,4000,6450,1000,1500,1500,3,5,high,high,RISK,4
1,0,1,0,Hourly,3561,Yes,Owns,5,2,0,4,13,OUT-OF-POCKET MAXIMUM,TIER 1 NETWORK,MAXIMUM COST,1000,1500,4000,6450,1500,3,5,high,high,RISK,4
1,1,0,0,Hourly,4350,No,Rents,2,5,12,4,13,OUT-OF-POCKET MAXIMUM,TIER 1 NETWORK,MAXIMUM COST,6450,4000,1500,1000,1500,3,5,high,high,RISK,4
1,1,0,1,Salaried,3664,No,Owns,1,6,13,4,13,OUT-OF-POCKET MAXIMUM,TIER 1 NETWORK,MAXIMUM COST,1500,1000,6450,4000,1500,3,5,high,high,RISK,4
0,0,0,0,Bonus,1972,Yes,Owns,9,4,5,4,13,OUT-OF-POCKET MAXIMUM,TIER 1 NETWORK,MAXIMUM COST,1000,1500,6450,4000,1500,3,5,high,high,RISK,4
0,0,1,1,Salaried,1235,Yes,Rents,7,4,8,4,13,OUT-OF-POCKET MAXIMUM,TIER 1 NETWORK,MAXIMUM COST,6450,1500,1000,4000,1500,3,5,high,high,RISK,4
0,1,0,0,Bonus,2294,Yes,Owns,4,9,4,4,13,OUT-OF-POCKET MAXIMUM,TIER 1 NETWORK,MAXIMUM COST,6450,1500,1000,4000,1500,3,5,high,high,RISK,4
0,0,1,0,Salaried,4592,Yes,Rents,9,7,9,4,13,OUT-OF-POCKET MAXIMUM,TIER 1 NETWORK,MAXIMUM COST,6450,1000,1500,4000,1500,3,5,high,high,RISK,4
0,0,0,1,Hourly,2183,Yes,Owns,1,5,23,4,13,OUT-OF-POCKET MAXIMUM,TIER 1 NETWORK,MAXIMUM COST,6450,4000,1000,1500,1500,3,5,high,high,RISK,4
0,0,1,0,Salaried,1622,Yes,Rents,2,1,9,4,13,OUT-OF-POCKET MAXIMUM,TIER 1 NETWORK,MAXIMUM COST,1000,6450,1500,4000,1500,3,5,high,high,RISK,4
0,1,0,1,Salaried,4259,Yes,Rents,1,8,6,4,13,OUT-OF-POCKET MAXIMUM,TIER 1 NETWORK,MAXIMUM COST,1000,1500,6450,4000,1500,3,5,high,high,RISK,4
1,0,0,1,Salaried,4138,No,Owns,9,2,1,4,13,OUT-OF-POCKET MAXIMUM,TIER 1 NETWORK,MAXIMUM COST,4000,1000,6450,1500,1500,3,5,high,high,RISK,4
1,0,0,1,Bonus,2742,No,Owns,10,10,2,4,13,OUT-OF-POCKET MAXIMUM,TIER 1 NETWORK,MAXIMUM COST,1000,4000,6450,1500,1500,3,5,high,high,RISK,4
0,0,0,1,Bonus,4027,Yes,Rents,3,4,3,4,13,OUT-OF-POCKET MAXIMUM,TIER 1 NETWORK,MAXIMUM COST,4000,6450,1000,1500,1500,3,5,high,high,RISK,4
1,0,0,0,Bonus,3643,No,Rents,8,2,25,4,13,OUT-OF-POCKET MAXIMUM,TIER 1 NETWORK,MAXIMUM COST,1500,4000,1000,6450,1500,3,5,high,high,RISK,4
1,0,1,0,Salaried,1855,No,Rents,9,10,10,4,13,OUT-OF-POCKET MAXIMUM,TIER 1 NETWORK,MAXIMUM COST,6450,1000,4000,1500,1500,3,5,high,high,RISK,4
0,1,0,0,Bonus,4199,No,Owns,7,7,6,4,13,OUT-OF-POCKET MAXIMUM,TIER 1 NETWORK,MAXIMUM COST,4000,1000,1500,6450,1500,3,5,high,high,RISK,4
0,1,0,0,Salaried,358,No,Rents,5,5,5,4,13,OUT-OF-POCKET MAXIMUM,TIER 1 NETWORK,MAXIMUM COST,1500,1000,6450,4000,1500,3,5,high,high,RISK,4
0,0,1,0,Salaried,2175,No,Owns,8,10,8,4,13,OUT-OF-POCKET MAXIMUM,TIER 1 NETWORK,MAXIMUM COST,1500,1000,6450,4000,1500,3,5,high,high,RISK,4
0,1,0,0,Bonus,2804,No,Owns,4,0,4,4,13,OUT-OF-POCKET MAXIMUM,TIER 1 NETWORK,MAXIMUM COST,4000,6450,1000,1500,1500,3,5,high,high,RISK,4
1,1,1,0,Bonus,2793,Yes,Owns,9,9,1,4,13,OUT-OF-POCKET MAXIMUM,TIER 1 NETWORK,MAXIMUM COST,1000,4000,6450,1500,1500,3,5,high,high,RISK,4
1,0,1,0,Salaried,1366,No,Owns,7,4,5,4,13,OUT-OF-POCKET MAXIMUM,TIER 1 NETWORK,MAXIMUM COST,4000,1500,1000,6450,1500,3,5,high,high,RISK,4
0,1,1,1,Salaried,3990,No,Rents,6,1,2,4,13,OUT-OF-POCKET MAXIMUM,TIER 1 NETWORK,MAXIMUM COST,1500,1000,4000,6450,1500,3,5,high,high,RISK,4
0,0,0,0,Salaried,1625,No,Owns,8,6,5,4,13,OUT-OF-POCKET MAXIMUM,TIER 1 NETWORK,MAXIMUM COST,1500,6450,1000,4000,1500,3,5,high,high,RISK,4
1,1,0,0,Hourly,1178,No,Owns,0,1,13,4,13,OUT-OF-POCKET MAXIMUM,TIER 1 NETWORK,MAXIMUM COST,6450,1000,4000,1500,1500,3,5,high,high,RISK,4
0,0,0,0,Hourly,2665,No,Rents,2,3,4,4,13,OUT-OF-POCKET MAXIMUM,TIER 1 NETWORK,MAXIMUM COST,1000,1500,4000,6450,1500,3,5,high,high,RISK,4
1,1,1,0,Hourly,4144,No,Owns,3,2,0,4,13,OUT-OF-POCKET MAXIMUM,TIER 1 NETWORK,MAXIMUM COST,1500,6450,1000,4000,1500,3,5,high,high,RISK,4
0,0,1,0,Hourly,2547,Yes,Owns,7,5,12,4,13,OUT-OF-POCKET MAXIMUM,TIER 1 NETWORK,MAXIMUM COST,6450,1000,1500,4000,1500,3,5,high,high,RISK,4
1,0,1,0,Hourly,152,Yes,Owns,8,6,13,4,13,OUT-OF-POCKET MAXIMUM,TIER 1 NETWORK,MAXIMUM COST,4000,1500,6450,1000,1500,3,5,high,high,RISK,4
0,0,0,0,Bonus,2909,Yes,Rents,3,4,5,4,13,OUT-OF-POCKET MAXIMUM,TIER 1 NETWORK,MAXIMUM COST,1000,1500,4000,6450,1500,3,5,high,high,RISK,4
1,1,0,0,Bonus,2404,Yes,Owns,5,4,8,4,13,OUT-OF-POCKET MAXIMUM,TIER 1 NETWORK,MAXIMUM COST,6450,1000,4000,1500,1500,3,5,high,high,RISK,4
1,0,1,1,Bonus,144,Yes,Owns,4,9,4,4,13,OUT-OF-POCKET MAXIMUM,TIER 1 NETWORK,MAXIMUM COST,6450,1500,4000,1000,1500,3,5,high,high,RISK,4
1,0,1,0,Hourly,2250,No,Owns,4,7,9,4,13,OUT-OF-POCKET MAXIMUM,TIER 1 NETWORK,MAXIMUM COST,6450,4000,1500,1000,1500,3,5,high,high,RISK,4
1,0,0,0,Hourly,4826,No,Owns,4,5,23,4,13,OUT-OF-POCKET MAXIMUM,TIER 1 NETWORK,MAXIMUM COST,1500,4000,1000,6450,1500,3,5,high,high,RISK,4
1,1,0,0,Salaried,792,No,Owns,5,1,9,4,13,OUT-OF-POCKET MAXIMUM,TIER 1 NETWORK,MAXIMUM COST,4000,6450,1500,1000,1500,3,5,high,high,RISK,4
0,1,0,0,Hourly,3429,No,Rents,8,8,6,4,13,OUT-OF-POCKET MAXIMUM,TIER 1 NETWORK,MAXIMUM COST,4000,1500,1000,6450,1500,3,5,high,high,RISK,4
0,1,0,0,Hourly,1596,Yes,Owns,5,2,1,4,13,OUT-OF-POCKET MAXIMUM,TIER 1 NETWORK,MAXIMUM COST,4000,1500,6450,1000,1500,3,5,high,high,RISK,4
1,1,1,0,Salaried,83,Yes,Owns,2,10,2,4,13,OUT-OF-POCKET MAXIMUM,TIER 1 NETWORK,MAXIMUM COST,6450,1000,4000,1500,1500,3,5,high,high,RISK,4
1,1,0,1,Salaried,3601,No,Owns,1,4,3,4,13,OUT-OF-POCKET MAXIMUM,TIER 1 NETWORK,MAXIMUM COST,4000,1500,6450,1000,1500,3,5,high,high,RISK,4
0,0,0,1,Bonus,861,No,Owns,8,2,25,4,13,OUT-OF-POCKET MAXIMUM,TIER 1 NETWORK,MAXIMUM COST,1000,4000,1500,6450,1500,3,5,high,high,RISK,4
0,1,1,1,Salaried,2240,Yes,Rents,8,10,10,4,13,OUT-OF-POCKET MAXIMUM,TIER 1 NETWORK,MAXIMUM COST,1500,1000,6450,4000,1500,3,5,high,high,RISK,4
0,0,0,0,Hourly,2384,No,Rents,1,7,6,4,13,OUT-OF-POCKET MAXIMUM,TIER 1 NETWORK,MAXIMUM COST,1500,1000,4000,6450,1500,3,5,high,high,RISK,4
0,0,0,0,Bonus,2363,Yes,Rents,6,5,5,4,13,OUT-OF-POCKET MAXIMUM,TIER 1 NETWORK,MAXIMUM COST,4000,1000,1500,6450,1500,3,5,high,high,RISK,4
0,0,0,0,Bonus,489,No,Rents,3,0,4,4,13,OUT-OF-POCKET MAXIMUM,TIER 1 NETWORK,MAXIMUM COST,1500,1000,6450,4000,1500,3,5,high,high,RISK,4
0,1,0,1,Bonus,4623,Yes,Owns,2,9,1,4,13,OUT-OF-POCKET MAXIMUM,TIER 1 NETWORK,MAXIMUM COST,6450,1500,1000,4000,1500,3,5,high,high,RISK,4
0,0,0,0,Salaried,153,Yes,Owns,0,4,5,4,13,OUT-OF-POCKET MAXIMUM,TIER 1 NETWORK,MAXIMUM COST,1000,1500,6450,4000,1500,3,5,high,high,RISK,4
0,1,1,0,Salaried,3954,No,Owns,1,1,2,4,13,OUT-OF-POCKET MAXIMUM,TIER 1 NETWORK,MAXIMUM COST,1500,1000,6450,4000,1500,3,5,high,high,RISK,4
0,0,0,0,Salaried,4742,No,Rents,0,6,5,4,13,OUT-OF-POCKET MAXIMUM,TIER 1 NETWORK,MAXIMUM COST,1500,4000,6450,1000,1500,3,5,high,high,RISK,4
0,0,0,0,Hourly,3289,No,Rents,8,1,13,4,13,OUT-OF-POCKET MAXIMUM,TIER 1 NETWORK,MAXIMUM COST,1000,4000,1500,6450,1500,3,5,high,high,RISK,4
0,0,0,0,Bonus,3409,Yes,Rents,6,3,4,4,13,OUT-OF-POCKET MAXIMUM,TIER 1 NETWORK,MAXIMUM COST,1500,1000,4000,6450,1500,3,5,high,high,RISK,4
0,0,1,0,Bonus,3179,No,Rents,2,2,0,4,13,OUT-OF-POCKET MAXIMUM,TIER 1 NETWORK,MAXIMUM COST,1500,4000,6450,1000,1500,3,5,high,high,RISK,4
0,0,0,0,Bonus,4271,No,Rents,3,5,12,4,13,OUT-OF-POCKET MAXIMUM,TIER 1 NETWORK,MAXIMUM COST,6450,1500,1000,4000,1500,3,5,high,high,RISK,4
0,0,0,0,Hourly,4605,Yes,Rents,4,6,13,4,13,OUT-OF-POCKET MAXIMUM,TIER 1 NETWORK,MAXIMUM COST,1500,4000,6450,1000,1500,3,5,high,high,RISK,4
0,1,1,1,Salaried,3042,Yes,Rents,1,4,5,4,13,OUT-OF-POCKET MAXIMUM,TIER 1 NETWORK,MAXIMUM COST,6450,4000,1000,1500,1500,3,5,high,high,RISK,4
0,1,1,0,Hourly,170,No,Rents,9,4,8,4,13,OUT-OF-POCKET MAXIMUM,TIER 1 NETWORK,MAXIMUM COST,4000,1500,6450,1000,1500,3,5,high,high,RISK,4
0,0,0,1,Salaried,2062,No,Rents,2,9,4,4,13,OUT-OF-POCKET MAXIMUM,TIER 1 NETWORK,MAXIMUM COST,1500,4000,1000,6450,1500,3,5,high,high,RISK,4
1,0,1,1,Bonus,1962,No,Rents,0,7,9,4,13,OUT-OF-POCKET MAXIMUM,TIER 1 NETWORK,MAXIMUM COST,1000,6450,4000,1500,1500,3,5,high,high,RISK,4
0,0,0,0,Bonus,1006,No,Owns,5,5,23,4,13,OUT-OF-POCKET MAXIMUM,TIER 1 NETWORK,MAXIMUM COST,4000,1000,6450,1500,1500,3,5,high,high,RISK,4
0,1,0,1,Salaried,4555,No,Rents,2,1,9,4,13,OUT-OF-POCKET MAXIMUM,TIER 1 NETWORK,MAXIMUM COST,1000,1500,6450,4000,1500,3,5,high,high,RISK,4
1,0,1,0,Bonus,458,No,Rents,4,8,6,4,13,OUT-OF-POCKET MAXIMUM,TIER 1 NETWORK,MAXIMUM COST,4000,1000,6450,1500,1500,3,5,high,high,RISK,4
1,0,1,0,Hourly,1593,No,Owns,0,2,1,4,13,OUT-OF-POCKET MAXIMUM,TIER 1 NETWORK,MAXIMUM COST,1500,1000,4000,6450,1500,3,5,high,high,RISK,4
0,1,0,0,Hourly,4519,Yes,Owns,4,10,2,4,13,OUT-OF-POCKET MAXIMUM,TIER 1 NETWORK,MAXIMUM COST,1000,6450,4000,1500,1500,3,5,high,high,RISK,4
0,1,0,0,Bonus,2639,No,Rents,0,4,3,4,13,OUT-OF-POCKET MAXIMUM,TIER 1 NETWORK,MAXIMUM COST,4000,1500,1000,6450,1500,3,5,high,high,RISK,4
0,0,1,0,Hourly,2563,Yes,Rents,8,2,25,4,13,OUT-OF-POCKET MAXIMUM,TIER 1 NETWORK,MAXIMUM COST,6450,1000,1500,4000,1500,3,5,high,high,RISK,4
0,0,1,1,Bonus,2810,Yes,Owns,8,10,10,4,13,OUT-OF-POCKET MAXIMUM,TIER 1 NETWORK,MAXIMUM COST,6450,1000,1500,4000,1500,3,5,high,high,RISK,4
0,0,0,1,Hourly,2954,Yes,Owns,10,7,6,4,13,OUT-OF-POCKET MAXIMUM,TIER 1 NETWORK,MAXIMUM COST,1000,6450,4000,1500,1500,3,5,high,high,RISK,4
0,0,1,0,Hourly,2299,Yes,Owns,6,5,5,4,13,OUT-OF-POCKET MAXIMUM,TIER 1 NETWORK,MAXIMUM COST,1500,6450,1000,4000,1500,3,5,high,high,RISK,4
0,0,1,1,Hourly,1155,No,Rents,1,10,8,4,13,OUT-OF-POCKET MAXIMUM,TIER 1 NETWORK,MAXIMUM COST,1500,1000,4000,6450,1500,3,5,high,high,RISK,4
1,0,1,0,Bonus,1856,Yes,Rents,7,0,4,4,13,OUT-OF-POCKET MAXIMUM,TIER 1 NETWORK,MAXIMUM COST,6450,1500,1000,4000,1500,3,5,high,high,RISK,4
1,1,0,0,Salaried,3352,Yes,Rents,1,9,1,4,13,OUT-OF-POCKET MAXIMUM,TIER 1 NETWORK,MAXIMUM COST,4000,6450,1000,1500,1500,3,5,high,high,RISK,4
1,0,0,0,Hourly,3735,Yes,Owns,8,4,5,4,13,OUT-OF-POCKET MAXIMUM,TIER 1 NETWORK,MAXIMUM COST,1500,1000,6450,4000,1500,3,5,high,high,RISK,4
1,0,0,1,Salaried,1125,Yes,Rents,1,1,2,4,13,OUT-OF-POCKET MAXIMUM,TIER 1 NETWORK,MAXIMUM COST,6450,4000,1500,1000,1500,3,5,high,high,RISK,4
1,0,1,0,Bonus,4695,No,Owns,0,6,5,4,13,OUT-OF-POCKET MAXIMUM,TIER 1 NETWORK,MAXIMUM COST,6450,1500,4000,1000,1500,3,5,high,high,RISK,4
0,0,0,1,Salaried,1210,No,Rents,9,1,13,4,13,OUT-OF-POCKET MAXIMUM,TIER 1 NETWORK,MAXIMUM COST,1000,6450,4000,1500,1500,3,5,high,high,RISK,4
1,1,1,0,Bonus,3149,No,Owns,1,3,4,4,13,OUT-OF-POCKET MAXIMUM,TIER 1 NETWORK,MAXIMUM COST,1500,4000,1000,6450,1500,3,5,high,high,RISK,4
1,0,0,0,Bonus,3757,No,Rents,1,2,0,4,13,OUT-OF-POCKET MAXIMUM,TIER 1 NETWORK,MAXIMUM COST,1500,4000,1000,6450,1500,3,5,high,high,RISK,4
1,0,1,1,Salaried,4038,Yes,Rents,5,5,12,4,13,OUT-OF-POCKET MAXIMUM,TIER 1 NETWORK,MAXIMUM COST,6450,4000,1000,1500,1500,3,5,high,high,RISK,4
0,0,0,1,Bonus,381,No,Owns,2,6,13,4,13,OUT-OF-POCKET MAXIMUM,TIER 1 NETWORK,MAXIMUM COST,4000,6450,1500,1000,1500,3,5,high,high,RISK,4
0,0,0,0,Hourly,2879,Yes,Rents,9,4,5,4,13,OUT-OF-POCKET MAXIMUM,TIER 1 NETWORK,MAXIMUM COST,1000,4000,6450,1500,1500,3,5,high,high,RISK,4
0,1,0,0,Hourly,2246,No,Owns,9,4,8,4,13,OUT-OF-POCKET MAXIMUM,TIER 1 NETWORK,MAXIMUM COST,6450,1500,1000,4000,1500,3,5,high,high,RISK,4
0,1,0,0,Hourly,3337,No,Rents,1,9,4,4,13,OUT-OF-POCKET MAXIMUM,TIER 1 NETWORK,MAXIMUM COST,1000,1500,4000,6450,1500,3,5,high,high,RISK,4
1,0,0,0,Hourly,874,No,Owns,9,7,9,4,13,OUT-OF-POCKET MAXIMUM,TIER 1 NETWORK,MAXIMUM COST,1500,4000,1000,6450,1500,3,5,high,high,RISK,4
0,1,0,0,Hourly,4470,Yes,Owns,0,5,23,4,13,OUT-OF-POCKET MAXIMUM,TIER 1 NETWORK,MAXIMUM COST,6450,1000,4000,1500,1500,3,5,high,high,RISK,4
1,0,1,0,Hourly,3252,Yes,Owns,4,1,9,4,13,OUT-OF-POCKET MAXIMUM,TIER 1 NETWORK,MAXIMUM COST,6450,4000,1000,1500,1500,3,5,high,high,RISK,4
0,1,0,0,Hourly,176,Yes,Rents,3,8,6,4,13,OUT-OF-POCKET MAXIMUM,TIER 1 NETWORK,MAXIMUM COST,6450,1000,1500,4000,1500,3,5,high,high,RISK,4
0,0,1,0,Hourly,3681,Yes,Owns,1,2,1,4,13,OUT-OF-POCKET MAXIMUM,TIER 1 NETWORK,MAXIMUM COST,1000,1500,4000,6450,1500,3,5,high,high,RISK,4
0,1,1,1,Hourly,1019,Yes,Owns,8,10,2,4,13,OUT-OF-POCKET MAXIMUM,TIER 1 NETWORK,MAXIMUM COST,1000,6450,4000,1500,1500,3,5,high,high,RISK,4
0,1,1,0,Bonus,4493,Yes,Owns,10,4,3,4,13,OUT-OF-POCKET MAXIMUM,TIER 1 NETWORK,MAXIMUM COST,1500,6450,1000,4000,1500,3,5,high,high,RISK,4
0,1,1,0,Salaried,1012,Yes,Owns,8,2,25,4,13,OUT-OF-POCKET MAXIMUM,TIER 1 NETWORK,MAXIMUM COST,6450,4000,1500,1000,1500,3,5,high,high,RISK,4
0,0,0,0,Bonus,1248,Yes,Rents,1,10,10,4,13,OUT-OF-POCKET MAXIMUM,TIER 1 NETWORK,MAXIMUM COST,1000,6450,1500,4000,1500,3,5,high,high,RISK,4
0,0,0,0,Salaried,1214,No,Owns,1,7,6,4,13,OUT-OF-POCKET MAXIMUM,TIER 1 NETWORK,MAXIMUM COST,4000,1500,1000,6450,1500,3,5,high,high,RISK,4
1,0,0,0,Salaried,2852,Yes,Rents,1,5,5,4,13,OUT-OF-POCKET MAXIMUM,TIER 1 NETWORK,MAXIMUM COST,1000,1500,6450,4000,1500,3,5,high,high,RISK,4
0,0,0,0,Bonus,1440,Yes,Owns,4,10,8,4,13,OUT-OF-POCKET MAXIMUM,TIER 1 NETWORK,MAXIMUM COST,1500,6450,1000,4000,1500,3,5,high,high,RISK,4
1,0,1,0,Bonus,2951,No,Owns,4,0,4,4,13,OUT-OF-POCKET MAXIMUM,TIER 1 NETWORK,MAXIMUM COST,1000,6450,1500,4000,1500,3,5,high,high,RISK,4
2,1,0,2,Salaried,4377,No,Rents,10,19,27,4,14,OUT-OF-POCKET MAXIMUM,TIER 1 NETWORK,MAXIMUM COST,6450,1000,4000,1500,1500,3,10,high,high,RISK,4
0,1,1,0,Salaried,1919,No,Owns,10,15,31,4,14,OUT-OF-POCKET MAXIMUM,TIER 1 NETWORK,MAXIMUM COST,6450,1000,4000,1500,1500,3,10,high,high,RISK,4
1,1,0,0,Salaried,4671,Yes,Rents,15,12,28,4,14,OUT-OF-POCKET MAXIMUM,TIER 1 NETWORK,MAXIMUM COST,6450,1500,4000,1000,1500,3,10,high,high,RISK,4
2,1,0,0,Bonus,1139,No,Owns,13,16,31,4,14,OUT-OF-POCKET MAXIMUM,TIER 1 NETWORK,MAXIMUM COST,6450,1000,4000,1500,1500,3,10,high,high,RISK,4
1,1,2,1,Bonus,3085,No,Rents,9,12,39,4,14,OUT-OF-POCKET MAXIMUM,TIER 1 NETWORK,MAXIMUM COST,6450,1500,4000,1000,1500,3,10,high,high,RISK,4
0,1,2,0,Salaried,912,Yes,Rents,16,14,30,4,14,OUT-OF-POCKET MAXIMUM,TIER 1 NETWORK,MAXIMUM COST,6450,4000,1500,1000,1500,3,10,high,high,RISK,4
1,0,2,1,Hourly,3561,Yes,Owns,12,13,26,4,14,OUT-OF-POCKET MAXIMUM,TIER 1 NETWORK,MAXIMUM COST,1000,6450,4000,1500,1500,3,10,high,high,RISK,4
1,2,0,0,Hourly,4350,No,Rents,7,16,37,4,14,OUT-OF-POCKET MAXIMUM,TIER 1 NETWORK,MAXIMUM COST,1000,1500,6450,4000,1500,3,10,high,high,RISK,4
2,2,1,2,Salaried,3664,No,Owns,7,16,39,4,14,OUT-OF-POCKET MAXIMUM,TIER 1 NETWORK,MAXIMUM COST,1000,1500,6450,4000,1500,3,10,high,high,RISK,4
0,0,0,1,Bonus,1972,Yes,Owns,17,14,30,4,14,OUT-OF-POCKET MAXIMUM,TIER 1 NETWORK,MAXIMUM COST,6450,1500,4000,1000,1500,3,10,high,high,RISK,4
1,0,2,2,Salaried,1235,Yes,Rents,14,14,34,4,14,OUT-OF-POCKET MAXIMUM,TIER 1 NETWORK,MAXIMUM COST,4000,1500,6450,1000,1500,3,10,high,high,RISK,4
0,2,0,1,Bonus,2294,Yes,Owns,10,19,30,4,14,OUT-OF-POCKET MAXIMUM,TIER 1 NETWORK,MAXIMUM COST,1000,4000,1500,6450,1500,3,10,high,high,RISK,4
0,1,2,0,Salaried,4592,Yes,Rents,16,17,35,4,14,OUT-OF-POCKET MAXIMUM,TIER 1 NETWORK,MAXIMUM COST,4000,6450,1000,1500,1500,3,10,high,high,RISK,4
0,0,1,1,Hourly,2183,Yes,Owns,6,15,48,4,14,OUT-OF-POCKET MAXIMUM,TIER 1 NETWORK,MAXIMUM COST,1000,1500,4000,6450,1500,3,10,high,high,RISK,4
1,1,2,1,Salaried,1622,Yes,Rents,8,12,35,4,14,OUT-OF-POCKET MAXIMUM,TIER 1 NETWORK,MAXIMUM COST,4000,6450,1500,1000,1500,3,10,high,high,RISK,4
1,2,1,2,Salaried,4259,Yes,Rents,6,18,32,4,14,OUT-OF-POCKET MAXIMUM,TIER 1 NETWORK,MAXIMUM COST,1000,1500,4000,6450,1500,3,10,high,high,RISK,4
2,1,1,2,Salaried,4138,No,Owns,17,13,27,4,14,OUT-OF-POCKET MAXIMUM,TIER 1 NETWORK,MAXIMUM COST,1500,6450,1000,4000,1500,3,10,high,high,RISK,4
2,0,1,2,Bonus,2742,No,Owns,17,20,28,4,14,OUT-OF-POCKET MAXIMUM,TIER 1 NETWORK,MAXIMUM COST,6450,1500,4000,1000,1500,3,10,high,high,RISK,4
1,1,0,2,Bonus,4027,Yes,Rents,8,14,29,4,14,OUT-OF-POCKET MAXIMUM,TIER 1 NETWORK,MAXIMUM COST,6450,4000,1000,1500,1500,3,10,high,high,RISK,4
1,1,0,0,Bonus,3643,No,Rents,16,13,50,4,14,OUT-OF-POCKET MAXIMUM,TIER 1 NETWORK,MAXIMUM COST,1000,4000,1500,6450,1500,3,10,high,high,RISK,4
1,0,2,0,Salaried,1855,No,Rents,17,20,35,4,14,OUT-OF-POCKET MAXIMUM,TIER 1 NETWORK,MAXIMUM COST,4000,6450,1500,1000,1500,3,10,high,high,RISK,4
1,2,0,1,Bonus,4199,No,Owns,14,17,32,4,14,OUT-OF-POCKET MAXIMUM,TIER 1 NETWORK,MAXIMUM COST,1000,4000,6450,1500,1500,3,10,high,high,RISK,4
0,2,1,0,Salaried,358,No,Rents,12,16,31,4,14,OUT-OF-POCKET MAXIMUM,TIER 1 NETWORK,MAXIMUM COST,1500,4000,6450,1000,1500,3,10,high,high,RISK,4
1,1,1,1,Salaried,2175,No,Owns,16,20,34,4,14,OUT-OF-POCKET MAXIMUM,TIER 1 NETWORK,MAXIMUM COST,4000,1000,1500,6450,1500,3,10,high,high,RISK,4
1,1,0,0,Bonus,2804,No,Owns,11,11,30,4,14,OUT-OF-POCKET MAXIMUM,TIER 1 NETWORK,MAXIMUM COST,6450,4000,1500,1000,1500,3,10,high,high,RISK,4
2,1,2,1,Bonus,2793,Yes,Owns,17,19,27,4,14,OUT-OF-POCKET MAXIMUM,TIER 1 NETWORK,MAXIMUM COST,1500,1000,4000,6450,1500,3,10,high,high,RISK,4
2,0,2,0,Salaried,1366,No,Owns,14,15,31,4,14,OUT-OF-POCKET MAXIMUM,TIER 1 NETWORK,MAXIMUM COST,6450,4000,1500,1000,1500,3,10,high,high,RISK,4
0,1,1,2,Salaried,3990,No,Rents,13,12,28,4,14,OUT-OF-POCKET MAXIMUM,TIER 1 NETWORK,MAXIMUM COST,4000,1000,1500,6450,1500,3,10,high,high,RISK,4
0,1,1,0,Salaried,1625,No,Owns,16,16,31,4,14,OUT-OF-POCKET MAXIMUM,TIER 1 NETWORK,MAXIMUM COST,1500,6450,4000,1000,1500,3,10,high,high,RISK,4
1,2,0,0,Hourly,1178,No,Owns,5,12,39,4,14,OUT-OF-POCKET MAXIMUM,TIER 1 NETWORK,MAXIMUM COST,6450,4000,1000,1500,1500,3,10,high,high,RISK,4
1,1,0,0,Hourly,2665,No,Rents,8,14,30,4,14,OUT-OF-POCKET MAXIMUM,TIER 1 NETWORK,MAXIMUM COST,1500,1000,6450,4000,1500,3,10,high,high,RISK,4
1,1,2,0,Hourly,4144,No,Owns,9,13,26,4,14,OUT-OF-POCKET MAXIMUM,TIER 1 NETWORK,MAXIMUM COST,1000,1500,6450,4000,1500,3,10,high,high,RISK,4
1,1,2,0,Hourly,2547,Yes,Owns,14,16,37,4,14,OUT-OF-POCKET MAXIMUM,TIER 1 NETWORK,MAXIMUM COST,4000,1500,6450,1000,1500,3,10,high,high,RISK,4
1,1,1,0,Hourly,152,Yes,Owns,15,16,39,4,14,OUT-OF-POCKET MAXIMUM,TIER 1 NETWORK,MAXIMUM COST,1500,1000,4000,6450,1500,3,10,high,high,RISK,4
0,0,0,0,Bonus,2909,Yes,Rents,9,14,30,4,14,OUT-OF-POCKET MAXIMUM,TIER 1 NETWORK,MAXIMUM COST,6450,4000,1000,1500,1500,3,10,high,high,RISK,4
2,2,1,1,Bonus,2404,Yes,Owns,11,14,34,4,14,OUT-OF-POCKET MAXIMUM,TIER 1 NETWORK,MAXIMUM COST,1000,1500,4000,6450,1500,3,10,high,high,RISK,4
2,0,1,2,Bonus,144,Yes,Owns,10,19,30,4,14,OUT-OF-POCKET MAXIMUM,TIER 1 NETWORK,MAXIMUM COST,6450,4000,1500,1000,1500,3,10,high,high,RISK,4
2,0,1,0,Hourly,2250,No,Owns,11,17,35,4,14,OUT-OF-POCKET MAXIMUM,TIER 1 NETWORK,MAXIMUM COST,1500,1000,6450,4000,1500,3,10,high,high,RISK,4
2,0,0,0,Hourly,4826,No,Owns,10,15,48,4,14,OUT-OF-POCKET MAXIMUM,TIER 1 NETWORK,MAXIMUM COST,4000,1000,6450,1500,1500,3,10,high,high,RISK,4
1,1,0,0,Salaried,792,No,Owns,12,12,35,4,14,OUT-OF-POCKET MAXIMUM,TIER 1 NETWORK,MAXIMUM COST,1000,6450,1500,4000,1500,3,10,high,high,RISK,4
0,2,0,1,Hourly,3429,No,Rents,15,18,32,4,14,OUT-OF-POCKET MAXIMUM,TIER 1 NETWORK,MAXIMUM COST,1500,1000,6450,4000,1500,3,10,high,high,RISK,4
0,2,0,1,Hourly,1596,Yes,Owns,11,13,27,4,14,OUT-OF-POCKET MAXIMUM,TIER 1 NETWORK,MAXIMUM COST,1500,4000,1000,6450,1500,3,10,high,high,RISK,4
1,1,2,0,Salaried,83,Yes,Owns,7,20,28,4,14,OUT-OF-POCKET MAXIMUM,TIER 1 NETWORK,MAXIMUM COST,1000,1500,4000,6450,1500,3,10,high,high,RISK,4
1,2,0,2,Salaried,3601,No,Owns,6,14,29,4,14,OUT-OF-POCKET MAXIMUM,TIER 1 NETWORK,MAXIMUM COST,6450,4000,1000,1500,1500,3,10,high,high,RISK,4
1,1,0,1,Bonus,861,No,Owns,15,13,50,4,14,OUT-OF-POCKET MAXIMUM,TIER 1 NETWORK,MAXIMUM COST,6450,1000,4000,1500,1500,3,10,high,high,RISK,4
0,2,2,2,Salaried,2240,Yes,Rents,15,20,35,4,14,OUT-OF-POCKET MAXIMUM,TIER 1 NETWORK,MAXIMUM COST,1500,6450,4000,1000,1500,3,10,high,high,RISK,4
1,0,0,0,Hourly,2384,No,Rents,6,17,32,4,14,OUT-OF-POCKET MAXIMUM,TIER 1 NETWORK,MAXIMUM COST,1500,6450,1000,4000,1500,3,10,high,high,RISK,4
0,0,0,0,Bonus,2363,Yes,Rents,12,16,31,4,14,OUT-OF-POCKET MAXIMUM,TIER 1 NETWORK,MAXIMUM COST,1500,6450,4000,1000,1500,3,10,high,high,RISK,4
1,1,2,0,Salaried,4539,No,Owns,10,20,34,4,14,OUT-OF-POCKET MAXIMUM,TIER 1 NETWORK,MAXIMUM COST,1500,6450,1000,4000,1500,3,10,high,high,RISK,4
1,1,0,0,Bonus,489,No,Rents,9,11,30,4,14,OUT-OF-POCKET MAXIMUM,TIER 1 NETWORK,MAXIMUM COST,1500,6450,4000,1000,1500,3,10,high,high,RISK,4
1,2,0,2,Bonus,4623,Yes,Owns,7,19,27,4,14,OUT-OF-POCKET MAXIMUM,TIER 1 NETWORK,MAXIMUM COST,4000,1000,6450,1500,1500,3,10,high,high,RISK,4
1,0,0,0,Salaried,153,Yes,Owns,5,15,31,4,14,OUT-OF-POCKET MAXIMUM,TIER 1 NETWORK,MAXIMUM COST,4000,1500,1000,6450,1500,3,10,high,high,RISK,4
0,2,2,1,Salaried,3954,No,Owns,6,12,28,4,14,OUT-OF-POCKET MAXIMUM,TIER 1 NETWORK,MAXIMUM COST,1500,1000,4000,6450,1500,3,10,high,high,RISK,4
0,1,0,0,Salaried,4742,No,Rents,5,16,31,4,14,OUT-OF-POCKET MAXIMUM,TIER 1 NETWORK,MAXIMUM COST,6450,1500,4000,1000,1500,3,10,high,high,RISK,4
0,0,0,1,Hourly,3289,No,Rents,15,12,39,4,14,OUT-OF-POCKET MAXIMUM,TIER 1 NETWORK,MAXIMUM COST,1000,1500,4000,6450,1500,3,10,high,high,RISK,4
0,0,1,1,Bonus,3409,Yes,Rents,13,14,30,4,14,OUT-OF-POCKET MAXIMUM,TIER 1 NETWORK,MAXIMUM COST,6450,4000,1500,1000,1500,3,10,high,high,RISK,4
0,0,2,1,Bonus,3179,No,Rents,8,13,26,4,14,OUT-OF-POCKET MAXIMUM,TIER 1 NETWORK,MAXIMUM COST,1000,1500,4000,6450,1500,3,10,high,high,RISK,4
0,0,0,1,Bonus,4271,No,Rents,9,16,37,4,14,OUT-OF-POCKET MAXIMUM,TIER 1 NETWORK,MAXIMUM COST,4000,1500,1000,6450,1500,3,10,high,high,RISK,4
0,0,0,0,Hourly,4605,Yes,Rents,10,16,39,4,14,OUT-OF-POCKET MAXIMUM,TIER 1 NETWORK,MAXIMUM COST,1000,1500,4000,6450,1500,3,10,high,high,RISK,4
0,2,2,2,Salaried,3042,Yes,Rents,6,14,30,4,14,OUT-OF-POCKET MAXIMUM,TIER 1 NETWORK,MAXIMUM COST,1500,6450,4000,1000,1500,3,10,high,high,RISK,4
0,2,2,0,Hourly,170,No,Rents,16,14,34,4,14,OUT-OF-POCKET MAXIMUM,TIER 1 NETWORK,MAXIMUM COST,4000,1500,6450,1000,1500,3,10,high,high,RISK,4
0,1,0,2,Salaried,2062,No,Rents,7,19,30,4,14,OUT-OF-POCKET MAXIMUM,TIER 1 NETWORK,MAXIMUM COST,6450,4000,1500,1000,1500,3,10,high,high,RISK,4
1,1,2,2,Bonus,1962,No,Rents,5,17,35,4,14,OUT-OF-POCKET MAXIMUM,TIER 1 NETWORK,MAXIMUM COST,1500,1000,6450,4000,1500,3,10,high,high,RISK,4
0,0,0,0,Bonus,1006,No,Owns,11,15,48,4,14,OUT-OF-POCKET MAXIMUM,TIER 1 NETWORK,MAXIMUM COST,1000,1500,4000,6450,1500,3,10,high,high,RISK,4
0,2,1,2,Salaried,4555,No,Rents,8,12,35,4,14,OUT-OF-POCKET MAXIMUM,TIER 1 NETWORK,MAXIMUM COST,1000,6450,4000,1500,1500,3,10,high,high,RISK,4
2,1,1,0,Bonus,458,No,Rents,10,18,32,4,14,OUT-OF-POCKET MAXIMUM,TIER 1 NETWORK,MAXIMUM COST,1500,6450,1000,4000,1500,3,10,high,high,RISK,4
0,2,0,1,Hourly,4519,Yes,Owns,11,20,28,4,14,OUT-OF-POCKET MAXIMUM,TIER 1 NETWORK,MAXIMUM COST,4000,1000,1500,6450,1500,3,10,high,high,RISK,4
0,1,0,0,Bonus,2639,No,Rents,5,14,29,4,14,OUT-OF-POCKET MAXIMUM,TIER 1 NETWORK,MAXIMUM COST,4000,6450,1000,1500,1500,3,10,high,high,RISK,4
0,0,2,1,Hourly,2563,Yes,Rents,15,13,50,4,14,OUT-OF-POCKET MAXIMUM,TIER 1 NETWORK,MAXIMUM COST,4000,1000,1500,6450,1500,3,10,high,high,RISK,4
0,1,2,1,Bonus,2810,Yes,Owns,15,20,35,4,14,OUT-OF-POCKET MAXIMUM,TIER 1 NETWORK,MAXIMUM COST,4000,6450,1500,1000,1500,3,10,high,high,RISK,4
1,1,0,1,Hourly,2954,Yes,Owns,18,17,32,4,14,OUT-OF-POCKET MAXIMUM,TIER 1 NETWORK,MAXIMUM COST,1000,6450,1500,4000,1500,3,10,high,high,RISK,4
1,0,2,0,Hourly,2299,Yes,Owns,13,16,31,4,14,OUT-OF-POCKET MAXIMUM,TIER 1 NETWORK,MAXIMUM COST,4000,1000,6450,1500,1500,3,10,high,high,RISK,4
0,0,1,2,Hourly,1155,No,Rents,6,20,34,4,14,OUT-OF-POCKET MAXIMUM,TIER 1 NETWORK,MAXIMUM COST,1500,6450,4000,1000,1500,3,10,high,high,RISK,4
1,0,2,0,Bonus,1856,Yes,Rents,14,11,30,4,14,OUT-OF-POCKET MAXIMUM,TIER 1 NETWORK,MAXIMUM COST,1500,6450,4000,1000,1500,3,10,high,high,RISK,4
2,1,1,0,Salaried,3352,Yes,Rents,6,19,27,4,14,OUT-OF-POCKET MAXIMUM,TIER 1 NETWORK,MAXIMUM COST,6450,1000,4000,1500,1500,3,10,high,high,RISK,4
2,0,0,1,Hourly,3735,Yes,Owns,15,15,31,4,14,OUT-OF-POCKET MAXIMUM,TIER 1 NETWORK,MAXIMUM COST,6450,1000,1500,4000,1500,3,10,high,high,RISK,4
2,1,0,2,Salaried,1125,Yes,Rents,6,12,28,4,14,OUT-OF-POCKET MAXIMUM,TIER 1 NETWORK,MAXIMUM COST,1500,6450,4000,1000,1500,3,10,high,high,RISK,4
2,0,1,0,Bonus,4695,No,Owns,5,16,31,4,14,OUT-OF-POCKET MAXIMUM,TIER 1 NETWORK,MAXIMUM COST,4000,1000,1500,6450,1500,3,10,high,high,RISK,4
1,1,1,1,Salaried,1210,No,Rents,17,12,39,4,14,OUT-OF-POCKET MAXIMUM,TIER 1 NETWORK,MAXIMUM COST,4000,1000,1500,6450,1500,3,10,high,high,RISK,4
1,2,1,0,Bonus,3149,No,Owns,6,14,30,4,14,OUT-OF-POCKET MAXIMUM,TIER 1 NETWORK,MAXIMUM COST,1500,1000,6450,4000,1500,3,10,high,high,RISK,4
1,1,1,1,Bonus,3757,No,Rents,6,13,26,4,14,OUT-OF-POCKET MAXIMUM,TIER 1 NETWORK,MAXIMUM COST,6450,4000,1500,1000,1500,3,10,high,high,RISK,4
1,0,2,1,Salaried,4038,Yes,Rents,12,16,37,4,14,OUT-OF-POCKET MAXIMUM,TIER 1 NETWORK,MAXIMUM COST,6450,4000,1500,1000,1500,3,10,high,high,RISK,4
0,0,0,2,Bonus,381,No,Owns,8,16,39,4,14,OUT-OF-POCKET MAXIMUM,TIER 1 NETWORK,MAXIMUM COST,4000,6450,1000,1500,1500,3,10,high,high,RISK,4
0,0,1,1,Hourly,2879,Yes,Rents,16,14,30,4,14,OUT-OF-POCKET MAXIMUM,TIER 1 NETWORK,MAXIMUM COST,1500,4000,1000,6450,1500,3,10,high,high,RISK,4
1,2,0,0,Hourly,2246,No,Owns,17,14,34,4,14,OUT-OF-POCKET MAXIMUM,TIER 1 NETWORK,MAXIMUM COST,4000,6450,1500,1000,1500,3,10,high,high,RISK,4
0,2,1,0,Hourly,3337,No,Rents,7,19,30,4,14,OUT-OF-POCKET MAXIMUM,TIER 1 NETWORK,MAXIMUM COST,1000,4000,6450,1500,1500,3,10,high,high,RISK,4
1,1,1,1,Hourly,874,No,Owns,17,17,35,4,14,OUT-OF-POCKET MAXIMUM,TIER 1 NETWORK,MAXIMUM COST,4000,1000,1500,6450,1500,3,10,high,high,RISK,4
0,1,0,0,Hourly,4470,Yes,Owns,6,15,48,4,14,OUT-OF-POCKET MAXIMUM,TIER 1 NETWORK,MAXIMUM COST,1500,1000,6450,4000,1500,3,10,high,high,RISK,4
2,0,1,1,Hourly,3252,Yes,Owns,10,12,35,4,14,OUT-OF-POCKET MAXIMUM,TIER 1 NETWORK,MAXIMUM COST,6450,1500,1000,4000,1500,3,10,high,high,RISK,4
0,2,0,1,Hourly,176,Yes,Rents,9,18,32,4,14,OUT-OF-POCKET MAXIMUM,TIER 1 NETWORK,MAXIMUM COST,1500,6450,4000,1000,1500,3,10,high,high,RISK,4
1,0,2,0,Hourly,3681,Yes,Owns,6,13,27,4,14,OUT-OF-POCKET MAXIMUM,TIER 1 NETWORK,MAXIMUM COST,4000,1500,6450,1000,1500,3,10,high,high,RISK,4
1,2,1,2,Hourly,1019,Yes,Owns,15,20,28,4,14,OUT-OF-POCKET MAXIMUM,TIER 1 NETWORK,MAXIMUM COST,1500,1000,6450,4000,1500,3,10,high,high,RISK,4
1,2,1,1,Bonus,4493,Yes,Owns,18,14,29,4,14,OUT-OF-POCKET MAXIMUM,TIER 1 NETWORK,MAXIMUM COST,6450,4000,1500,1000,1500,3,10,high,high,RISK,4
1,2,2,0,Salaried,1012,Yes,Owns,15,13,50,4,14,OUT-OF-POCKET MAXIMUM,TIER 1 NETWORK,MAXIMUM COST,1500,4000,1000,6450,1500,3,10,high,high,RISK,4
0,0,1,1,Bonus,1248,Yes,Rents,7,20,35,4,14,OUT-OF-POCKET MAXIMUM,TIER 1 NETWORK,MAXIMUM COST,1000,6450,4000,1500,1500,3,10,high,high,RISK,4
0,0,1,0,Salaried,1214,No,Owns,6,17,32,4,14,OUT-OF-POCKET MAXIMUM,TIER 1 NETWORK,MAXIMUM COST,1500,4000,6450,1000,1500,3,10,high,high,RISK,4
1,0,1,0,Salaried,2852,Yes,Rents,6,16,31,4,14,OUT-OF-POCKET MAXIMUM,TIER 1 NETWORK,MAXIMUM COST,1000,1500,6450,4000,1500,3,10,high,high,RISK,4
1,0,0,0,Bonus,1440,Yes,Owns,10,20,34,4,14,OUT-OF-POCKET MAXIMUM,TIER 1 NETWORK,MAXIMUM COST,1000,4000,6450,1500,1500,3,10,high,high,RISK,4
1,0,1,0,Bonus,2951,No,Owns,11,11,30,4,14,OUT-OF-POCKET MAXIMUM,TIER 1 NETWORK,MAXIMUM COST,4000,1500,1000,6450,1500,3,10,high,high,RISK,4
3,2,1,3,Salaried,4377,No,Rents,24,48,52,4,15,OUT-OF-POCKET MAXIMUM,TIER 1 NETWORK,MAXIMUM COST,6450,1500,4000,1000,1000,4,20,high,high,RISK,4
1,1,2,1,Salaried,1919,No,Owns,25,33,56,4,15,OUT-OF-POCKET MAXIMUM,TIER 1 NETWORK,MAXIMUM COST,1500,1000,4000,6450,1000,4,20,high,high,RISK,4
2,2,1,1,Salaried,4671,Yes,Rents,33,23,53,4,15,OUT-OF-POCKET MAXIMUM,TIER 1 NETWORK,MAXIMUM COST,1500,6450,4000,1000,1000,4,20,high,high,RISK,4
3,2,1,1,Bonus,1139,No,Owns,29,38,56,4,15,OUT-OF-POCKET MAXIMUM,TIER 1 NETWORK,MAXIMUM COST,6450,4000,1000,1500,1000,4,20,high,high,RISK,4
1,2,3,2,Bonus,3085,No,Rents,23,24,64,4,15,OUT-OF-POCKET MAXIMUM,TIER 1 NETWORK,MAXIMUM COST,1000,4000,6450,1500,1000,4,20,high,high,RISK,4
1,2,3,1,Salaried,912,Yes,Rents,37,29,55,4,15,OUT-OF-POCKET MAXIMUM,TIER 1 NETWORK,MAXIMUM COST,1000,6450,1500,4000,1000,4,20,high,high,RISK,4
2,1,3,2,Hourly,3561,Yes,Owns,28,26,51,4,15,OUT-OF-POCKET MAXIMUM,TIER 1 NETWORK,MAXIMUM COST,1000,4000,6450,1500,1000,4,20,high,high,RISK,4
2,3,1,1,Hourly,4350,No,Rents,19,36,62,4,15,OUT-OF-POCKET MAXIMUM,TIER 1 NETWORK,MAXIMUM COST,1000,6450,4000,1500,1000,4,20,high,high,RISK,4
3,3,2,3,Salaried,3664,No,Owns,18,38,64,4,15,OUT-OF-POCKET MAXIMUM,TIER 1 NETWORK,MAXIMUM COST,6450,1500,4000,1000,1000,4,20,high,high,RISK,4
1,1,3,3,Salaried,1235,Yes,Rents,32,31,59,4,15,OUT-OF-POCKET MAXIMUM,TIER 1 NETWORK,MAXIMUM COST,1500,4000,1000,6450,1000,4,20,high,high,RISK,4
1,3,1,2,Bonus,2294,Yes,Owns,25,47,55,4,15,OUT-OF-POCKET MAXIMUM,TIER 1 NETWORK,MAXIMUM COST,4000,1500,6450,1000,1000,4,20,high,high,RISK,4
1,2,3,1,Salaried,4592,Yes,Rents,37,41,60,4,15,OUT-OF-POCKET MAXIMUM,TIER 1 NETWORK,MAXIMUM COST,4000,6450,1000,1500,1000,4,20,high,high,RISK,4
1,1,1,2,Hourly,2183,Yes,Owns,16,35,73,4,15,OUT-OF-POCKET MAXIMUM,TIER 1 NETWORK,MAXIMUM COST,4000,1500,6450,1000,1000,4,20,high,high,RISK,4
2,2,3,2,Salaried,1622,Yes,Rents,21,24,60,4,15,OUT-OF-POCKET MAXIMUM,TIER 1 NETWORK,MAXIMUM COST,1000,4000,6450,1500,1000,4,20,high,high,RISK,4
2,3,1,3,Salaried,4259,Yes,Rents,17,43,57,4,15,OUT-OF-POCKET MAXIMUM,TIER 1 NETWORK,MAXIMUM COST,4000,6450,1000,1500,1000,4,20,high,high,RISK,4
3,2,2,3,Salaried,4138,No,Owns,37,25,52,4,15,OUT-OF-POCKET MAXIMUM,TIER 1 NETWORK,MAXIMUM COST,1500,1000,6450,4000,1000,4,20,high,high,RISK,4
3,1,2,3,Bonus,2742,No,Owns,39,50,53,4,15,OUT-OF-POCKET MAXIMUM,TIER 1 NETWORK,MAXIMUM COST,1500,6450,4000,1000,1000,4,20,high,high,RISK,4
1,1,1,3,Bonus,4027,Yes,Rents,21,31,54,4,15,OUT-OF-POCKET MAXIMUM,TIER 1 NETWORK,MAXIMUM COST,1000,1500,6450,4000,1000,4,20,high,high,RISK,4
2,2,1,1,Bonus,3643,No,Rents,35,26,75,4,15,OUT-OF-POCKET MAXIMUM,TIER 1 NETWORK,MAXIMUM COST,4000,1500,1000,6450,1000,4,20,high,high,RISK,4
2,1,3,1,Salaried,1855,No,Rents,39,49,60,4,15,OUT-OF-POCKET MAXIMUM,TIER 1 NETWORK,MAXIMUM COST,6450,1000,4000,1500,1000,4,20,high,high,RISK,4
1,3,1,1,Bonus,4199,No,Owns,33,40,57,4,15,OUT-OF-POCKET MAXIMUM,TIER 1 NETWORK,MAXIMUM COST,6450,1000,1500,4000,1000,4,20,high,high,RISK,4
1,3,2,1,Salaried,358,No,Rents,28,36,56,4,15,OUT-OF-POCKET MAXIMUM,TIER 1 NETWORK,MAXIMUM COST,1000,6450,1500,4000,1000,4,20,high,high,RISK,4
2,2,2,1,Salaried,2175,No,Owns,35,49,59,4,15,OUT-OF-POCKET MAXIMUM,TIER 1 NETWORK,MAXIMUM COST,4000,6450,1500,1000,1000,4,20,high,high,RISK,4
2,2,1,1,Bonus,2804,No,Owns,26,20,55,4,15,OUT-OF-POCKET MAXIMUM,TIER 1 NETWORK,MAXIMUM COST,4000,6450,1000,1500,1000,4,20,high,high,RISK,4
3,3,3,2,Bonus,2793,Yes,Owns,39,48,52,4,15,OUT-OF-POCKET MAXIMUM,TIER 1 NETWORK,MAXIMUM COST,1500,1000,6450,4000,1000,4,20,high,high,RISK,4
3,1,3,1,Salaried,1366,No,Owns,32,33,56,4,15,OUT-OF-POCKET MAXIMUM,TIER 1 NETWORK,MAXIMUM COST,6450,1000,1500,4000,1000,4,20,high,high,RISK,4
1,2,2,3,Salaried,3990,No,Rents,30,23,53,4,15,OUT-OF-POCKET MAXIMUM,TIER 1 NETWORK,MAXIMUM COST,6450,4000,1500,1000,1000,4,20,high,high,RISK,4
1,2,2,1,Salaried,1625,No,Owns,36,38,56,4,15,OUT-OF-POCKET MAXIMUM,TIER 1 NETWORK,MAXIMUM COST,6450,1000,1500,4000,1000,4,20,high,high,RISK,4
2,3,1,1,Hourly,1178,No,Owns,15,24,64,4,15,OUT-OF-POCKET MAXIMUM,TIER 1 NETWORK,MAXIMUM COST,6450,4000,1500,1000,1000,4,20,high,high,RISK,4
2,1,1,1,Hourly,2665,No,Rents,20,29,55,4,15,OUT-OF-POCKET MAXIMUM,TIER 1 NETWORK,MAXIMUM COST,6450,1000,4000,1500,1000,4,20,high,high,RISK,4
2,3,3,1,Hourly,4144,No,Owns,23,26,51,4,15,OUT-OF-POCKET MAXIMUM,TIER 1 NETWORK,MAXIMUM COST,4000,1500,6450,1000,1000,4,20,high,high,RISK,4
2,2,3,1,Hourly,2547,Yes,Owns,32,36,62,4,15,OUT-OF-POCKET MAXIMUM,TIER 1 NETWORK,MAXIMUM COST,6450,1500,1000,4000,1000,4,20,high,high,RISK,4
2,1,2,1,Hourly,152,Yes,Owns,34,38,64,4,15,OUT-OF-POCKET MAXIMUM,TIER 1 NETWORK,MAXIMUM COST,1000,1500,6450,4000,1000,4,20,high,high,RISK,4
1,1,1,1,Bonus,2909,Yes,Rents,23,31,55,4,15,OUT-OF-POCKET MAXIMUM,TIER 1 NETWORK,MAXIMUM COST,1000,6450,4000,1500,1000,4,20,high,high,RISK,4
3,3,2,2,Bonus,2404,Yes,Owns,27,31,59,4,15,OUT-OF-POCKET MAXIMUM,TIER 1 NETWORK,MAXIMUM COST,1500,6450,4000,1000,1000,4,20,high,high,RISK,4
3,1,2,3,Bonus,144,Yes,Owns,24,47,55,4,15,OUT-OF-POCKET MAXIMUM,TIER 1 NETWORK,MAXIMUM COST,6450,1000,4000,1500,1000,4,20,high,high,RISK,4
3,1,2,1,Hourly,2250,No,Owns,26,41,60,4,15,OUT-OF-POCKET MAXIMUM,TIER 1 NETWORK,MAXIMUM COST,4000,6450,1000,1500,1000,4,20,high,high,RISK,4
3,1,1,1,Hourly,4826,No,Owns,25,35,73,4,15,OUT-OF-POCKET MAXIMUM,TIER 1 NETWORK,MAXIMUM COST,6450,1500,4000,1000,1000,4,20,high,high,RISK,4
2,2,1,1,Salaried,792,No,Owns,28,24,60,4,15,OUT-OF-POCKET MAXIMUM,TIER 1 NETWORK,MAXIMUM COST,1500,6450,1000,4000,1000,4,20,high,high,RISK,4
1,3,1,2,Hourly,3429,No,Rents,34,43,57,4,15,OUT-OF-POCKET MAXIMUM,TIER 1 NETWORK,MAXIMUM COST,6450,4000,1000,1500,1000,4,20,high,high,RISK,4
1,3,1,2,Hourly,1596,Yes,Owns,27,25,52,4,15,OUT-OF-POCKET MAXIMUM,TIER 1 NETWORK,MAXIMUM COST,6450,1000,1500,4000,1000,4,20,high,high,RISK,4
2,3,3,1,Salaried,83,Yes,Owns,19,50,53,4,15,OUT-OF-POCKET MAXIMUM,TIER 1 NETWORK,MAXIMUM COST,1500,1000,6450,4000,1000,4,20,high,high,RISK,4
2,3,1,3,Salaried,3601,No,Owns,17,31,54,4,15,OUT-OF-POCKET MAXIMUM,TIER 1 NETWORK,MAXIMUM COST,1000,6450,4000,1500,1000,4,20,high,high,RISK,4
2,2,1,2,Bonus,861,No,Owns,34,26,75,4,15,OUT-OF-POCKET MAXIMUM,TIER 1 NETWORK,MAXIMUM COST,4000,1500,6450,1000,1000,4,20,high,high,RISK,4
1,3,3,3,Salaried,2240,Yes,Rents,35,49,60,4,15,OUT-OF-POCKET MAXIMUM,TIER 1 NETWORK,MAXIMUM COST,6450,1000,4000,1500,1000,4,20,high,high,RISK,4
1,1,1,1,Hourly,2384,No,Rents,17,40,57,4,15,OUT-OF-POCKET MAXIMUM,TIER 1 NETWORK,MAXIMUM COST,1000,4000,1500,6450,1000,4,20,high,high,RISK,4
1,1,1,1,Bonus,2363,Yes,Rents,29,36,56,4,15,OUT-OF-POCKET MAXIMUM,TIER 1 NETWORK,MAXIMUM COST,4000,1000,6450,1500,1000,4,20,high,high,RISK,4
2,1,3,1,Salaried,4539,No,Owns,24,49,59,4,15,OUT-OF-POCKET MAXIMUM,TIER 1 NETWORK,MAXIMUM COST,4000,1000,6450,1500,1000,4,20,high,high,RISK,4
2,1,1,1,Bonus,489,No,Rents,23,20,55,4,15,OUT-OF-POCKET MAXIMUM,TIER 1 NETWORK,MAXIMUM COST,6450,1500,1000,4000,1000,4,20,high,high,RISK,4
2,3,1,3,Bonus,4623,Yes,Owns,19,48,52,4,15,OUT-OF-POCKET MAXIMUM,TIER 1 NETWORK,MAXIMUM COST,1000,1500,6450,4000,1000,4,20,high,high,RISK,4
2,1,1,1,Salaried,153,Yes,Owns,15,33,56,4,15,OUT-OF-POCKET MAXIMUM,TIER 1 NETWORK,MAXIMUM COST,4000,1000,6450,1500,1000,4,20,high,high,RISK,4
1,3,3,2,Salaried,3954,No,Owns,17,23,53,4,15,OUT-OF-POCKET MAXIMUM,TIER 1 NETWORK,MAXIMUM COST,1000,4000,1500,6450,1000,4,20,high,high,RISK,4
1,2,1,1,Salaried,4742,No,Rents,15,38,56,4,15,OUT-OF-POCKET MAXIMUM,TIER 1 NETWORK,MAXIMUM COST,1000,6450,4000,1500,1000,4,20,high,high,RISK,4
1,1,1,2,Hourly,3289,No,Rents,35,24,64,4,15,OUT-OF-POCKET MAXIMUM,TIER 1 NETWORK,MAXIMUM COST,1000,4000,6450,1500,1000,4,20,high,high,RISK,4
1,1,2,2,Bonus,3409,Yes,Rents,30,29,55,4,15,OUT-OF-POCKET MAXIMUM,TIER 1 NETWORK,MAXIMUM COST,1000,1500,6450,4000,1000,4,20,high,high,RISK,4
1,1,3,2,Bonus,3179,No,Rents,21,26,51,4,15,OUT-OF-POCKET MAXIMUM,TIER 1 NETWORK,MAXIMUM COST,6450,4000,1500,1000,1000,4,20,high,high,RISK,4
1,1,1,2,Bonus,4271,No,Rents,22,36,62,4,15,OUT-OF-POCKET MAXIMUM,TIER 1 NETWORK,MAXIMUM COST,6450,1000,1500,4000,1000,4,20,high,high,RISK,4
1,1,1,1,Hourly,4605,Yes,Rents,24,38,64,4,15,OUT-OF-POCKET MAXIMUM,TIER 1 NETWORK,MAXIMUM COST,1500,1000,4000,6450,1000,4,20,high,high,RISK,4
1,3,3,3,Salaried,3042,Yes,Rents,16,31,55,4,15,OUT-OF-POCKET MAXIMUM,TIER 1 NETWORK,MAXIMUM COST,1000,6450,1500,4000,1000,4,20,high,high,RISK,4
1,3,3,1,Hourly,170,No,Rents,37,31,59,4,15,OUT-OF-POCKET MAXIMUM,TIER 1 NETWORK,MAXIMUM COST,1000,1500,4000,6450,1000,4,20,high,high,RISK,4
1,1,1,3,Salaried,2062,No,Rents,20,47,55,4,15,OUT-OF-POCKET MAXIMUM,TIER 1 NETWORK,MAXIMUM COST,6450,1500,1000,4000,1000,4,20,high,high,RISK,4
2,2,3,3,Bonus,1962,No,Rents,15,41,60,4,15,OUT-OF-POCKET MAXIMUM,TIER 1 NETWORK,MAXIMUM COST,4000,1000,1500,6450,1000,4,20,high,high,RISK,4
1,1,1,1,Bonus,1006,No,Owns,27,35,73,4,15,OUT-OF-POCKET MAXIMUM,TIER 1 NETWORK,MAXIMUM COST,1500,1000,6450,4000,1000,4,20,high,high,RISK,4
1,3,2,3,Salaried,4555,No,Rents,20,24,60,4,15,OUT-OF-POCKET MAXIMUM,TIER 1 NETWORK,MAXIMUM COST,4000,1500,6450,1000,1000,4,20,high,high,RISK,4
3,1,2,1,Bonus,458,No,Rents,25,43,57,4,15,OUT-OF-POCKET MAXIMUM,TIER 1 NETWORK,MAXIMUM COST,4000,1000,6450,1500,1000,4,20,high,high,RISK,4
3,1,3,1,Hourly,1593,No,Owns,16,25,52,4,15,OUT-OF-POCKET MAXIMUM,TIER 1 NETWORK,MAXIMUM COST,1000,6450,4000,1500,1000,4,20,high,high,RISK,4
1,3,1,2,Hourly,4519,Yes,Owns,26,50,53,4,15,OUT-OF-POCKET MAXIMUM,TIER 1 NETWORK,MAXIMUM COST,1000,1500,6450,4000,1000,4,20,high,high,RISK,4
1,2,1,1,Bonus,2639,No,Rents,16,31,54,4,15,OUT-OF-POCKET MAXIMUM,TIER 1 NETWORK,MAXIMUM COST,1000,4000,1500,6450,1000,4,20,high,high,RISK,4
1,1,3,1,Hourly,2563,Yes,Rents,35,26,75,4,15,OUT-OF-POCKET MAXIMUM,TIER 1 NETWORK,MAXIMUM COST,6450,4000,1000,1500,1000,4,20,high,high,RISK,4
1,2,3,2,Bonus,2810,Yes,Owns,35,49,60,4,15,OUT-OF-POCKET MAXIMUM,TIER 1 NETWORK,MAXIMUM COST,1000,6450,1500,4000,1000,4,20,high,high,RISK,4
2,2,1,2,Hourly,2954,Yes,Owns,39,40,57,4,15,OUT-OF-POCKET MAXIMUM,TIER 1 NETWORK,MAXIMUM COST,1500,6450,1000,4000,1000,4,20,high,high,RISK,4
2,1,3,1,Hourly,2299,Yes,Owns,31,36,56,4,15,OUT-OF-POCKET MAXIMUM,TIER 1 NETWORK,MAXIMUM COST,6450,1000,1500,4000,1000,4,20,high,high,RISK,4
1,1,2,3,Hourly,1155,No,Rents,16,49,59,4,15,OUT-OF-POCKET MAXIMUM,TIER 1 NETWORK,MAXIMUM COST,1500,4000,1000,6450,1000,4,20,high,high,RISK,4
2,1,3,1,Bonus,1856,Yes,Rents,31,20,55,4,15,OUT-OF-POCKET MAXIMUM,TIER 1 NETWORK,MAXIMUM COST,1000,4000,6450,1500,1000,4,20,high,high,RISK,4
3,2,2,1,Salaried,3352,Yes,Rents,18,48,52,4,15,OUT-OF-POCKET MAXIMUM,TIER 1 NETWORK,MAXIMUM COST,1000,1500,4000,6450,1000,4,20,high,high,RISK,4
3,1,1,2,Hourly,3735,Yes,Owns,34,33,56,4,15,OUT-OF-POCKET MAXIMUM,TIER 1 NETWORK,MAXIMUM COST,1500,4000,1000,6450,1000,4,20,high,high,RISK,4
3,2,1,3,Salaried,1125,Yes,Rents,18,23,53,4,15,OUT-OF-POCKET MAXIMUM,TIER 1 NETWORK,MAXIMUM COST,4000,1000,1500,6450,1000,4,20,high,high,RISK,4
3,1,2,1,Bonus,4695,No,Owns,15,38,56,4,15,OUT-OF-POCKET MAXIMUM,TIER 1 NETWORK,MAXIMUM COST,6450,1500,4000,1000,1000,4,20,high,high,RISK,4
2,2,2,2,Salaried,1210,No,Rents,38,24,64,4,15,OUT-OF-POCKET MAXIMUM,TIER 1 NETWORK,MAXIMUM COST,1000,6450,4000,1500,1000,4,20,high,high,RISK,4
2,3,2,1,Bonus,3149,No,Owns,17,29,55,4,15,OUT-OF-POCKET MAXIMUM,TIER 1 NETWORK,MAXIMUM COST,6450,4000,1000,1500,1000,4,20,high,high,RISK,4
2,2,2,2,Bonus,3757,No,Rents,18,26,51,4,15,OUT-OF-POCKET MAXIMUM,TIER 1 NETWORK,MAXIMUM COST,1500,6450,1000,4000,1000,4,20,high,high,RISK,4
3,1,3,2,Salaried,4038,Yes,Rents,28,36,62,4,15,OUT-OF-POCKET MAXIMUM,TIER 1 NETWORK,MAXIMUM COST,6450,1000,4000,1500,1000,4,20,high,high,RISK,4
1,1,1,3,Bonus,381,No,Owns,20,38,64,4,15,OUT-OF-POCKET MAXIMUM,TIER 1 NETWORK,MAXIMUM COST,6450,1000,1500,4000,1000,4,20,high,high,RISK,4
1,1,1,2,Hourly,2879,Yes,Rents,37,31,55,4,15,OUT-OF-POCKET MAXIMUM,TIER 1 NETWORK,MAXIMUM COST,6450,1500,4000,1000,1000,4,20,high,high,RISK,4
2,3,1,1,Hourly,2246,No,Owns,38,31,59,4,15,OUT-OF-POCKET MAXIMUM,TIER 1 NETWORK,MAXIMUM COST,1000,6450,1500,4000,1000,4,20,high,high,RISK,4
1,3,2,1,Hourly,3337,No,Rents,18,47,55,4,15,OUT-OF-POCKET MAXIMUM,TIER 1 NETWORK,MAXIMUM COST,6450,1000,4000,1500,1000,4,20,high,high,RISK,4
2,2,1,2,Hourly,874,No,Owns,38,41,60,4,15,OUT-OF-POCKET MAXIMUM,TIER 1 NETWORK,MAXIMUM COST,1000,6450,4000,1500,1000,4,20,high,high,RISK,4
1,2,1,1,Hourly,4470,Yes,Owns,16,35,73,4,15,OUT-OF-POCKET MAXIMUM,TIER 1 NETWORK,MAXIMUM COST,1000,6450,1500,4000,1000,4,20,high,high,RISK,4
3,1,3,1,Hourly,3252,Yes,Owns,24,24,60,4,15,OUT-OF-POCKET MAXIMUM,TIER 1 NETWORK,MAXIMUM COST,4000,1500,1000,6450,1000,4,20,high,high,RISK,4
1,3,1,2,Hourly,176,Yes,Rents,23,43,57,4,15,OUT-OF-POCKET MAXIMUM,TIER 1 NETWORK,MAXIMUM COST,1000,4000,1500,6450,1000,4,20,high,high,RISK,4
2,1,3,1,Hourly,3681,Yes,Owns,17,25,52,4,15,OUT-OF-POCKET MAXIMUM,TIER 1 NETWORK,MAXIMUM COST,1000,1500,6450,4000,1000,4,20,high,high,RISK,4
1,3,2,3,Hourly,1019,Yes,Owns,35,50,53,4,15,OUT-OF-POCKET MAXIMUM,TIER 1 NETWORK,MAXIMUM COST,1500,1000,6450,4000,1000,4,20,high,high,RISK,4
1,3,2,1,Bonus,4493,Yes,Owns,39,31,54,4,15,OUT-OF-POCKET MAXIMUM,TIER 1 NETWORK,MAXIMUM COST,1000,6450,1500,4000,1000,4,20,high,high,RISK,4
1,3,3,1,Salaried,1012,Yes,Owns,34,26,75,4,15,OUT-OF-POCKET MAXIMUM,TIER 1 NETWORK,MAXIMUM COST,6450,1000,4000,1500,1000,4,20,high,high,RISK,4
1,1,2,1,Bonus,1248,Yes,Rents,18,49,60,4,15,OUT-OF-POCKET MAXIMUM,TIER 1 NETWORK,MAXIMUM COST,6450,1500,4000,1000,1000,4,20,high,high,RISK,4
1,1,2,1,Salaried,1214,No,Owns,17,40,57,4,15,OUT-OF-POCKET MAXIMUM,TIER 1 NETWORK,MAXIMUM COST,1000,1500,4000,6450,1000,4,20,high,high,RISK,4
2,1,1,1,Salaried,2852,Yes,Rents,18,36,56,4,15,OUT-OF-POCKET MAXIMUM,TIER 1 NETWORK,MAXIMUM COST,1000,1500,4000,6450,1000,4,20,high,high,RISK,4
2,1,1,1,Bonus,1440,Yes,Owns,24,49,59,4,15,OUT-OF-POCKET MAXIMUM,TIER 1 NETWORK,MAXIMUM COST,1000,1500,6450,4000,1000,4,20,high,high,RISK,4
3,1,3,1,Bonus,2951,No,Owns,26,20,55,4,15,OUT-OF-POCKET MAXIMUM,TIER 1 NETWORK,MAXIMUM COST,1000,6450,4000,1500,1000,4,20,high,high,RISK,4
4,3,2,4,Salaried,4377,No,Rents,46,73,76,4,16,OUT-OF-POCKET MAXIMUM,TIER 1 NETWORK,MAXIMUM COST,1000,4000,6450,1500,1000,4,50,high,high,RISK,4
2,3,4,2,Salaried,1919,No,Owns,48,61,80,4,16,OUT-OF-POCKET MAXIMUM,TIER 1 NETWORK,MAXIMUM COST,6450,1500,1000,4000,1000,4,50,high,high,RISK,4
4,4,3,2,Salaried,4671,Yes,Rents,57,53,77,4,16,OUT-OF-POCKET MAXIMUM,TIER 1 NETWORK,MAXIMUM COST,4000,1000,6450,1500,1000,4,50,high,high,RISK,4
4,4,2,2,Bonus,1139,No,Owns,52,65,80,4,16,OUT-OF-POCKET MAXIMUM,TIER 1 NETWORK,MAXIMUM COST,1000,1500,6450,4000,1000,4,50,high,high,RISK,4
3,4,4,3,Bonus,3085,No,Rents,45,54,88,4,16,OUT-OF-POCKET MAXIMUM,TIER 1 NETWORK,MAXIMUM COST,1000,1500,6450,4000,1000,4,50,high,high,RISK,4
3,4,4,3,Salaried,912,Yes,Rents,61,58,79,4,16,OUT-OF-POCKET MAXIMUM,TIER 1 NETWORK,MAXIMUM COST,1500,4000,1000,6450,1000,4,50,high,high,RISK,4
4,3,4,3,Hourly,3561,Yes,Owns,51,56,75,4,16,OUT-OF-POCKET MAXIMUM,TIER 1 NETWORK,MAXIMUM COST,6450,4000,1000,1500,1000,4,50,high,high,RISK,4
4,4,2,2,Hourly,4350,No,Rents,40,64,87,4,16,OUT-OF-POCKET MAXIMUM,TIER 1 NETWORK,MAXIMUM COST,6450,4000,1500,1000,1000,4,50,high,high,RISK,4
4,4,4,4,Salaried,3664,No,Owns,39,65,88,4,16,OUT-OF-POCKET MAXIMUM,TIER 1 NETWORK,MAXIMUM COST,1500,6450,1000,4000,1000,4,50,high,high,RISK,4
2,3,3,3,Bonus,1972,Yes,Owns,62,60,80,4,16,OUT-OF-POCKET MAXIMUM,TIER 1 NETWORK,MAXIMUM COST,1000,4000,1500,6450,1000,4,50,high,high,RISK,4
3,2,4,4,Salaried,1235,Yes,Rents,55,60,83,4,16,OUT-OF-POCKET MAXIMUM,TIER 1 NETWORK,MAXIMUM COST,6450,1500,1000,4000,1000,4,50,high,high,RISK,4
2,4,3,3,Bonus,2294,Yes,Owns,47,72,79,4,16,OUT-OF-POCKET MAXIMUM,TIER 1 NETWORK,MAXIMUM COST,4000,1500,1000,6450,1000,4,50,high,high,RISK,4
2,3,4,3,Salaried,4592,Yes,Rents,62,68,84,4,16,OUT-OF-POCKET MAXIMUM,TIER 1 NETWORK,MAXIMUM COST,4000,1500,1000,6450,1000,4,50,high,high,RISK,4
3,3,3,4,Hourly,2183,Yes,Owns,37,63,98,4,16,OUT-OF-POCKET MAXIMUM,TIER 1 NETWORK,MAXIMUM COST,4000,1000,6450,1500,1000,4,50,high,high,RISK,4
3,3,4,3,Salaried,1622,Yes,Rents,42,55,84,4,16,OUT-OF-POCKET MAXIMUM,TIER 1 NETWORK,MAXIMUM COST,6450,1500,1000,4000,1000,4,50,high,high,RISK,4
3,4,3,4,Salaried,4259,Yes,Rents,37,70,81,4,16,OUT-OF-POCKET MAXIMUM,TIER 1 NETWORK,MAXIMUM COST,1500,6450,4000,1000,1000,4,50,high,high,RISK,4
4,3,3,4,Salaried,4138,No,Owns,62,55,76,4,16,OUT-OF-POCKET MAXIMUM,TIER 1 NETWORK,MAXIMUM COST,6450,1500,4000,1000,1000,4,50,high,high,RISK,4
4,3,4,4,Bonus,2742,No,Owns,64,75,77,4,16,OUT-OF-POCKET MAXIMUM,TIER 1 NETWORK,MAXIMUM COST,6450,1000,1500,4000,1000,4,50,high,high,RISK,4
3,3,3,4,Bonus,4027,Yes,Rents,43,60,78,4,16,OUT-OF-POCKET MAXIMUM,TIER 1 NETWORK,MAXIMUM COST,4000,6450,1500,1000,1000,4,50,high,high,RISK,4
4,4,2,2,Bonus,3643,No,Rents,59,56,100,4,16,OUT-OF-POCKET MAXIMUM,TIER 1 NETWORK,MAXIMUM COST,6450,1000,4000,1500,1000,4,50,high,high,RISK,4
4,2,4,2,Salaried,1855,No,Rents,63,74,85,4,16,OUT-OF-POCKET MAXIMUM,TIER 1 NETWORK,MAXIMUM COST,6450,4000,1000,1500,1000,4,50,high,high,RISK,4
3,4,3,2,Salaried,358,No,Rents,50,64,80,4,16,OUT-OF-POCKET MAXIMUM,TIER 1 NETWORK,MAXIMUM COST,1000,4000,6450,1500,1000,4,50,high,high,RISK,4
4,3,4,3,Salaried,2175,No,Owns,59,75,83,4,16,OUT-OF-POCKET MAXIMUM,TIER 1 NETWORK,MAXIMUM COST,1500,6450,4000,1000,1000,4,50,high,high,RISK,4
4,4,2,2,Bonus,2804,No,Owns,48,51,79,4,16,OUT-OF-POCKET MAXIMUM,TIER 1 NETWORK,MAXIMUM COST,1000,1500,4000,6450,1000,4,50,high,high,RISK,4
4,4,4,4,Bonus,2793,Yes,Owns,63,73,76,4,16,OUT-OF-POCKET MAXIMUM,TIER 1 NETWORK,MAXIMUM COST,4000,1500,1000,6450,1000,4,50,high,high,RISK,4
4,3,4,2,Salaried,1366,No,Owns,56,61,80,4,16,OUT-OF-POCKET MAXIMUM,TIER 1 NETWORK,MAXIMUM COST,1500,6450,4000,1000,1000,4,50,high,high,RISK,4
2,4,4,4,Salaried,3990,No,Rents,53,53,77,4,16,OUT-OF-POCKET MAXIMUM,TIER 1 NETWORK,MAXIMUM COST,4000,6450,1000,1500,1000,4,50,high,high,RISK,4
2,4,3,3,Salaried,1625,No,Owns,60,65,80,4,16,OUT-OF-POCKET MAXIMUM,TIER 1 NETWORK,MAXIMUM COST,1500,1000,6450,4000,1000,4,50,high,high,RISK,4
4,4,3,3,Hourly,1178,No,Owns,35,54,88,4,16,OUT-OF-POCKET MAXIMUM,TIER 1 NETWORK,MAXIMUM COST,1500,1000,6450,4000,1000,4,50,high,high,RISK,4
3,3,2,2,Hourly,2665,No,Rents,41,58,79,4,16,OUT-OF-POCKET MAXIMUM,TIER 1 NETWORK,MAXIMUM COST,1000,6450,4000,1500,1000,4,50,high,high,RISK,4
4,4,4,2,Hourly,4144,No,Owns,44,56,75,4,16,OUT-OF-POCKET MAXIMUM,TIER 1 NETWORK,MAXIMUM COST,1500,1000,6450,4000,1000,4,50,high,high,RISK,4
3,3,4,3,Hourly,2547,Yes,Owns,55,64,87,4,16,OUT-OF-POCKET MAXIMUM,TIER 1 NETWORK,MAXIMUM COST,1500,6450,4000,1000,1000,4,50,high,high,RISK,4
4,3,4,2,Hourly,152,Yes,Owns,58,65,88,4,16,OUT-OF-POCKET MAXIMUM,TIER 1 NETWORK,MAXIMUM COST,4000,1000,6450,1500,1000,4,50,high,high,RISK,4
3,2,2,3,Bonus,2909,Yes,Rents,45,60,80,4,16,OUT-OF-POCKET MAXIMUM,TIER 1 NETWORK,MAXIMUM COST,1500,1000,4000,6450,1000,4,50,high,high,RISK,4
4,4,3,3,Bonus,2404,Yes,Owns,49,60,83,4,16,OUT-OF-POCKET MAXIMUM,TIER 1 NETWORK,MAXIMUM COST,1500,1000,6450,4000,1000,4,50,high,high,RISK,4
4,2,4,4,Bonus,144,Yes,Owns,46,72,79,4,16,OUT-OF-POCKET MAXIMUM,TIER 1 NETWORK,MAXIMUM COST,1500,6450,1000,4000,1000,4,50,high,high,RISK,4
4,2,4,2,Hourly,2250,No,Owns,48,68,84,4,16,OUT-OF-POCKET MAXIMUM,TIER 1 NETWORK,MAXIMUM COST,4000,1500,1000,6450,1000,4,50,high,high,RISK,4
4,3,3,3,Hourly,4826,No,Owns,47,63,98,4,16,OUT-OF-POCKET MAXIMUM,TIER 1 NETWORK,MAXIMUM COST,6450,4000,1500,1000,1000,4,50,high,high,RISK,4
4,4,2,3,Salaried,792,No,Owns,50,55,84,4,16,OUT-OF-POCKET MAXIMUM,TIER 1 NETWORK,MAXIMUM COST,1500,1000,6450,4000,1000,4,50,high,high,RISK,4
2,4,2,3,Hourly,3429,No,Rents,58,70,81,4,16,OUT-OF-POCKET MAXIMUM,TIER 1 NETWORK,MAXIMUM COST,4000,6450,1500,1000,1000,4,50,high,high,RISK,4
3,4,3,4,Hourly,1596,Yes,Owns,50,55,76,4,16,OUT-OF-POCKET MAXIMUM,TIER 1 NETWORK,MAXIMUM COST,6450,1000,4000,1500,1000,4,50,high,high,RISK,4
4,4,4,3,Salaried,83,Yes,Owns,40,75,77,4,16,OUT-OF-POCKET MAXIMUM,TIER 1 NETWORK,MAXIMUM COST,4000,1500,6450,1000,1000,4,50,high,high,RISK,4
4,4,3,4,Salaried,3601,No,Owns,38,60,78,4,16,OUT-OF-POCKET MAXIMUM,TIER 1 NETWORK,MAXIMUM COST,6450,1000,4000,1500,1000,4,50,high,high,RISK,4
3,4,2,4,Bonus,861,No,Owns,58,56,100,4,16,OUT-OF-POCKET MAXIMUM,TIER 1 NETWORK,MAXIMUM COST,1000,4000,1500,6450,1000,4,50,high,high,RISK,4
2,4,4,4,Salaried,2240,Yes,Rents,59,74,85,4,16,OUT-OF-POCKET MAXIMUM,TIER 1 NETWORK,MAXIMUM COST,1000,6450,4000,1500,1000,4,50,high,high,RISK,4
3,3,2,2,Hourly,2384,No,Rents,37,67,81,4,16,OUT-OF-POCKET MAXIMUM,TIER 1 NETWORK,MAXIMUM COST,1000,1500,4000,6450,1000,4,50,high,high,RISK,4
2,2,3,3,Bonus,2363,Yes,Rents,52,64,80,4,16,OUT-OF-POCKET MAXIMUM,TIER 1 NETWORK,MAXIMUM COST,1500,4000,1000,6450,1000,4,50,high,high,RISK,4
3,3,4,2,Salaried,4539,No,Owns,45,75,83,4,16,OUT-OF-POCKET MAXIMUM,TIER 1 NETWORK,MAXIMUM COST,1000,1500,4000,6450,1000,4,50,high,high,RISK,4
3,3,2,2,Bonus,489,No,Rents,45,51,79,4,16,OUT-OF-POCKET MAXIMUM,TIER 1 NETWORK,MAXIMUM COST,6450,1000,1500,4000,1000,4,50,high,high,RISK,4
4,4,2,4,Bonus,4623,Yes,Owns,40,73,76,4,16,OUT-OF-POCKET MAXIMUM,TIER 1 NETWORK,MAXIMUM COST,4000,1500,6450,1000,1000,4,50,high,high,RISK,4
3,3,3,2,Salaried,153,Yes,Owns,36,61,80,4,16,OUT-OF-POCKET MAXIMUM,TIER 1 NETWORK,MAXIMUM COST,4000,6450,1000,1500,1000,4,50,high,high,RISK,4
3,4,4,4,Salaried,3954,No,Owns,38,53,77,4,16,OUT-OF-POCKET MAXIMUM,TIER 1 NETWORK,MAXIMUM COST,4000,6450,1500,1000,1000,4,50,high,high,RISK,4
3,3,2,3,Salaried,4742,No,Rents,35,65,80,4,16,OUT-OF-POCKET MAXIMUM,TIER 1 NETWORK,MAXIMUM COST,1500,6450,1000,4000,1000,4,50,high,high,RISK,4
2,2,2,3,Hourly,3289,No,Rents,59,54,88,4,16,OUT-OF-POCKET MAXIMUM,TIER 1 NETWORK,MAXIMUM COST,6450,1000,4000,1500,1000,4,50,high,high,RISK,4
2,2,3,3,Bonus,3409,Yes,Rents,54,58,79,4,16,OUT-OF-POCKET MAXIMUM,TIER 1 NETWORK,MAXIMUM COST,1500,4000,6450,1000,1000,4,50,high,high,RISK,4
3,3,4,3,Bonus,3179,No,Rents,42,56,75,4,16,OUT-OF-POCKET MAXIMUM,TIER 1 NETWORK,MAXIMUM COST,4000,6450,1000,1500,1000,4,50,high,high,RISK,4
3,3,2,4,Bonus,4271,No,Rents,43,64,87,4,16,OUT-OF-POCKET MAXIMUM,TIER 1 NETWORK,MAXIMUM COST,1000,4000,1500,6450,1000,4,50,high,high,RISK,4
3,3,3,2,Hourly,4605,Yes,Rents,46,65,88,4,16,OUT-OF-POCKET MAXIMUM,TIER 1 NETWORK,MAXIMUM COST,1000,6450,4000,1500,1000,4,50,high,high,RISK,4
2,4,4,4,Salaried,3042,Yes,Rents,37,60,80,4,16,OUT-OF-POCKET MAXIMUM,TIER 1 NETWORK,MAXIMUM COST,1500,4000,1000,6450,1000,4,50,high,high,RISK,4
2,4,4,3,Hourly,170,No,Rents,61,60,83,4,16,OUT-OF-POCKET MAXIMUM,TIER 1 NETWORK,MAXIMUM COST,6450,1000,1500,4000,1000,4,50,high,high,RISK,4
2,3,3,4,Salaried,2062,No,Rents,40,72,79,4,16,OUT-OF-POCKET MAXIMUM,TIER 1 NETWORK,MAXIMUM COST,1000,4000,1500,6450,1000,4,50,high,high,RISK,4
4,4,4,4,Bonus,1962,No,Rents,35,68,84,4,16,OUT-OF-POCKET MAXIMUM,TIER 1 NETWORK,MAXIMUM COST,1000,1500,4000,6450,1000,4,50,high,high,RISK,4
2,2,3,2,Bonus,1006,No,Owns,50,63,98,4,16,OUT-OF-POCKET MAXIMUM,TIER 1 NETWORK,MAXIMUM COST,4000,1000,1500,6450,1000,4,50,high,high,RISK,4
2,4,3,4,Salaried,4555,No,Rents,42,55,84,4,16,OUT-OF-POCKET MAXIMUM,TIER 1 NETWORK,MAXIMUM COST,4000,6450,1000,1500,1000,4,50,high,high,RISK,4
4,3,4,3,Bonus,458,No,Rents,46,70,81,4,16,OUT-OF-POCKET MAXIMUM,TIER 1 NETWORK,MAXIMUM COST,4000,1500,6450,1000,1000,4,50,high,high,RISK,4
4,3,4,3,Hourly,1593,No,Owns,36,55,76,4,16,OUT-OF-POCKET MAXIMUM,TIER 1 NETWORK,MAXIMUM COST,1000,6450,4000,1500,1000,4,50,high,high,RISK,4
3,4,2,3,Hourly,4519,Yes,Owns,48,75,77,4,16,OUT-OF-POCKET MAXIMUM,TIER 1 NETWORK,MAXIMUM COST,6450,4000,1000,1500,1000,4,50,high,high,RISK,4
2,4,3,3,Bonus,2639,No,Rents,36,60,78,4,16,OUT-OF-POCKET MAXIMUM,TIER 1 NETWORK,MAXIMUM COST,1000,1500,4000,6450,1000,4,50,high,high,RISK,4
2,3,4,3,Hourly,2563,Yes,Rents,59,56,100,4,16,OUT-OF-POCKET MAXIMUM,TIER 1 NETWORK,MAXIMUM COST,4000,6450,1000,1500,1000,4,50,high,high,RISK,4
3,4,4,4,Bonus,2810,Yes,Owns,58,74,85,4,16,OUT-OF-POCKET MAXIMUM,TIER 1 NETWORK,MAXIMUM COST,1000,4000,1500,6450,1000,4,50,high,high,RISK,4
3,4,3,4,Hourly,2954,Yes,Owns,64,67,81,4,16,OUT-OF-POCKET MAXIMUM,TIER 1 NETWORK,MAXIMUM COST,1000,6450,4000,1500,1000,4,50,high,high,RISK,4
3,2,4,3,Hourly,2299,Yes,Owns,54,64,80,4,16,OUT-OF-POCKET MAXIMUM,TIER 1 NETWORK,MAXIMUM COST,6450,1500,1000,4000,1000,4,50,high,high,RISK,4
2,3,4,4,Hourly,1155,No,Rents,37,75,83,4,16,OUT-OF-POCKET MAXIMUM,TIER 1 NETWORK,MAXIMUM COST,1000,6450,1500,4000,1000,4,50,high,high,RISK,4
4,2,4,3,Bonus,1856,Yes,Rents,55,51,79,4,16,OUT-OF-POCKET MAXIMUM,TIER 1 NETWORK,MAXIMUM COST,1000,6450,4000,1500,1000,4,50,high,high,RISK,4
4,4,3,3,Salaried,3352,Yes,Rents,38,73,76,4,16,OUT-OF-POCKET MAXIMUM,TIER 1 NETWORK,MAXIMUM COST,4000,6450,1000,1500,1000,4,50,high,high,RISK,4
4,3,2,3,Hourly,3735,Yes,Owns,58,61,80,4,16,OUT-OF-POCKET MAXIMUM,TIER 1 NETWORK,MAXIMUM COST,1000,6450,4000,1500,1000,4,50,high,high,RISK,4
4,3,3,4,Salaried,1125,Yes,Rents,38,53,77,4,16,OUT-OF-POCKET MAXIMUM,TIER 1 NETWORK,MAXIMUM COST,6450,4000,1500,1000,1000,4,50,high,high,RISK,4
4,2,4,2,Bonus,4695,No,Owns,35,65,80,4,16,OUT-OF-POCKET MAXIMUM,TIER 1 NETWORK,MAXIMUM COST,4000,1000,1500,6450,1000,4,50,high,high,RISK,4
3,3,3,4,Salaried,1210,No,Rents,62,54,88,4,16,OUT-OF-POCKET MAXIMUM,TIER 1 NETWORK,MAXIMUM COST,1500,6450,4000,1000,1000,4,50,high,high,RISK,4
4,4,4,2,Bonus,3149,No,Owns,37,58,79,4,16,OUT-OF-POCKET MAXIMUM,TIER 1 NETWORK,MAXIMUM COST,6450,1000,1500,4000,1000,4,50,high,high,RISK,4
4,3,4,4,Bonus,3757,No,Rents,38,56,75,4,16,OUT-OF-POCKET MAXIMUM,TIER 1 NETWORK,MAXIMUM COST,1000,4000,6450,1500,1000,4,50,high,high,RISK,4
4,3,4,4,Salaried,4038,Yes,Rents,51,64,87,4,16,OUT-OF-POCKET MAXIMUM,TIER 1 NETWORK,MAXIMUM COST,6450,1000,1500,4000,1000,4,50,high,high,RISK,4
2,3,3,4,Bonus,381,No,Owns,41,65,88,4,16,OUT-OF-POCKET MAXIMUM,TIER 1 NETWORK,MAXIMUM COST,1000,1500,6450,4000,1000,4,50,high,high,RISK,4
3,3,3,3,Hourly,2879,Yes,Rents,61,60,80,4,16,OUT-OF-POCKET MAXIMUM,TIER 1 NETWORK,MAXIMUM COST,1500,1000,6450,4000,1000,4,50,high,high,RISK,4
4,4,3,2,Hourly,2246,No,Owns,62,60,83,4,16,OUT-OF-POCKET MAXIMUM,TIER 1 NETWORK,MAXIMUM COST,6450,1000,4000,1500,1000,4,50,high,high,RISK,4
2,4,3,2,Hourly,3337,No,Rents,39,72,79,4,16,OUT-OF-POCKET MAXIMUM,TIER 1 NETWORK,MAXIMUM COST,1000,4000,1500,6450,1000,4,50,high,high,RISK,4
4,3,3,4,Hourly,874,No,Owns,63,68,84,4,16,OUT-OF-POCKET MAXIMUM,TIER 1 NETWORK,MAXIMUM COST,1000,4000,1500,6450,1000,4,50,high,high,RISK,4
3,4,2,3,Hourly,4470,Yes,Owns,36,63,98,4,16,OUT-OF-POCKET MAXIMUM,TIER 1 NETWORK,MAXIMUM COST,1500,1000,4000,6450,1000,4,50,high,high,RISK,4
4,3,4,3,Hourly,3252,Yes,Owns,46,55,84,4,16,OUT-OF-POCKET MAXIMUM,TIER 1 NETWORK,MAXIMUM COST,6450,1000,4000,1500,1000,4,50,high,high,RISK,4
3,4,2,3,Hourly,176,Yes,Rents,45,70,81,4,16,OUT-OF-POCKET MAXIMUM,TIER 1 NETWORK,MAXIMUM COST,4000,1000,6450,1500,1000,4,50,high,high,RISK,4
4,3,4,2,Hourly,3681,Yes,Owns,38,55,76,4,16,OUT-OF-POCKET MAXIMUM,TIER 1 NETWORK,MAXIMUM COST,4000,1000,1500,6450,1000,4,50,high,high,RISK,4
3,4,4,4,Hourly,1019,Yes,Owns,59,75,77,4,16,OUT-OF-POCKET MAXIMUM,TIER 1 NETWORK,MAXIMUM COST,4000,1500,1000,6450,1000,4,50,high,high,RISK,4
3,4,4,3,Bonus,4493,Yes,Owns,64,60,78,4,16,OUT-OF-POCKET MAXIMUM,TIER 1 NETWORK,MAXIMUM COST,4000,6450,1500,1000,1000,4,50,high,high,RISK,4
3,4,4,2,Salaried,1012,Yes,Owns,58,56,100,4,16,OUT-OF-POCKET MAXIMUM,TIER 1 NETWORK,MAXIMUM COST,6450,1500,1000,4000,1000,4,50,high,high,RISK,4
2,2,4,3,Bonus,1248,Yes,Rents,39,74,85,4,16,OUT-OF-POCKET MAXIMUM,TIER 1 NETWORK,MAXIMUM COST,6450,1500,1000,4000,1000,4,50,high,high,RISK,4
2,3,3,3,Salaried,1214,No,Owns,37,67,81,4,16,OUT-OF-POCKET MAXIMUM,TIER 1 NETWORK,MAXIMUM COST,1000,4000,6450,1500,1000,4,50,high,high,RISK,4
4,3,3,2,Salaried,2852,Yes,Rents,38,64,80,4,16,OUT-OF-POCKET MAXIMUM,TIER 1 NETWORK,MAXIMUM COST,6450,4000,1500,1000,1000,4,50,high,high,RISK,4
3,3,2,2,Bonus,1440,Yes,Owns,46,75,83,4,16,OUT-OF-POCKET MAXIMUM,TIER 1 NETWORK,MAXIMUM COST,4000,1500,6450,1000,1000,4,50,high,high,RISK,4
4,2,4,3,Bonus,2951,No,Owns,48,51,79,4,16,OUT-OF-POCKET MAXIMUM,TIER 1 NETWORK,MAXIMUM COST,1500,4000,6450,1000,1000,4,50,high,high,RISK,4
1,0,0,1,Salaried,4377,No,Rents,4,9,1,5,1,OUT-OF-POCKET MAXIMUM,IN-NETWORK,MAXIMUM COST,4000,2000,6450,1500,6450,1,5,low,low,RISK,1
0,0,1,0,Salaried,1919,No,Owns,4,4,5,5,1,OUT-OF-POCKET MAXIMUM,IN-NETWORK,MAXIMUM COST,2000,6450,1500,4000,6450,1,5,low,low,RISK,1
0,0,0,0,Salaried,4671,Yes,Rents,7,1,2,5,1,OUT-OF-POCKET MAXIMUM,IN-NETWORK,MAXIMUM COST,6450,4000,1500,2000,6450,1,5,low,low,RISK,1
1,1,0,0,Bonus,1139,No,Owns,6,6,5,5,1,OUT-OF-POCKET MAXIMUM,IN-NETWORK,MAXIMUM COST,2000,4000,1500,6450,6450,1,5,low,low,RISK,1
0,1,1,0,Bonus,3085,No,Rents,3,1,13,5,1,OUT-OF-POCKET MAXIMUM,IN-NETWORK,MAXIMUM COST,6450,4000,1500,2000,6450,1,5,low,low,RISK,1
0,1,1,0,Salaried,912,Yes,Rents,9,3,4,5,1,OUT-OF-POCKET MAXIMUM,IN-NETWORK,MAXIMUM COST,4000,1500,2000,6450,6450,1,5,low,low,RISK,1
1,0,1,0,Hourly,3561,Yes,Owns,5,2,0,5,1,OUT-OF-POCKET MAXIMUM,IN-NETWORK,MAXIMUM COST,2000,1500,6450,4000,6450,1,5,low,low,RISK,1
1,1,0,0,Hourly,4350,No,Rents,2,5,12,5,1,OUT-OF-POCKET MAXIMUM,IN-NETWORK,MAXIMUM COST,1500,6450,4000,2000,6450,1,5,low,low,RISK,1
1,1,0,1,Salaried,3664,No,Owns,1,6,13,5,1,OUT-OF-POCKET MAXIMUM,IN-NETWORK,MAXIMUM COST,4000,6450,2000,1500,6450,1,5,low,low,RISK,1
0,0,0,0,Bonus,1972,Yes,Owns,9,4,5,5,1,OUT-OF-POCKET MAXIMUM,IN-NETWORK,MAXIMUM COST,1500,2000,4000,6450,6450,1,5,low,low,RISK,1
0,0,1,1,Salaried,1235,Yes,Rents,7,4,8,5,1,OUT-OF-POCKET MAXIMUM,IN-NETWORK,MAXIMUM COST,1500,6450,2000,4000,6450,1,5,low,low,RISK,1
0,1,0,0,Bonus,2294,Yes,Owns,4,9,4,5,1,OUT-OF-POCKET MAXIMUM,IN-NETWORK,MAXIMUM COST,2000,6450,4000,1500,6450,1,5,low,low,RISK,1
0,0,1,0,Salaried,4592,Yes,Rents,9,7,9,5,1,OUT-OF-POCKET MAXIMUM,IN-NETWORK,MAXIMUM COST,2000,1500,4000,6450,6450,1,5,low,low,RISK,1
0,0,0,1,Hourly,2183,Yes,Owns,1,5,23,5,1,OUT-OF-POCKET MAXIMUM,IN-NETWORK,MAXIMUM COST,4000,2000,1500,6450,6450,1,5,low,low,RISK,1
0,0,1,0,Salaried,1622,Yes,Rents,2,1,9,5,1,OUT-OF-POCKET MAXIMUM,IN-NETWORK,MAXIMUM COST,6450,4000,2000,1500,6450,1,5,low,low,RISK,1
0,1,0,1,Salaried,4259,Yes,Rents,1,8,6,5,1,OUT-OF-POCKET MAXIMUM,IN-NETWORK,MAXIMUM COST,2000,1500,4000,6450,6450,1,5,low,low,RISK,1
1,0,0,1,Salaried,4138,No,Owns,9,2,1,5,1,OUT-OF-POCKET MAXIMUM,IN-NETWORK,MAXIMUM COST,6450,4000,2000,1500,6450,1,5,low,low,RISK,1
1,0,0,1,Bonus,2742,No,Owns,10,10,2,5,1,OUT-OF-POCKET MAXIMUM,IN-NETWORK,MAXIMUM COST,4000,2000,6450,1500,6450,1,5,low,low,RISK,1
0,0,0,1,Bonus,4027,Yes,Rents,3,4,3,5,1,OUT-OF-POCKET MAXIMUM,IN-NETWORK,MAXIMUM COST,4000,6450,1500,2000,6450,1,5,low,low,RISK,1
1,0,0,0,Bonus,3643,No,Rents,8,2,25,5,1,OUT-OF-POCKET MAXIMUM,IN-NETWORK,MAXIMUM COST,1500,6450,2000,4000,6450,1,5,low,low,RISK,1
1,0,1,0,Salaried,1855,No,Rents,9,10,10,5,1,OUT-OF-POCKET MAXIMUM,IN-NETWORK,MAXIMUM COST,2000,1500,4000,6450,6450,1,5,low,low,RISK,1
0,1,0,0,Bonus,4199,No,Owns,7,7,6,5,1,OUT-OF-POCKET MAXIMUM,IN-NETWORK,MAXIMUM COST,6450,1500,2000,4000,6450,1,5,low,low,RISK,1
0,1,0,0,Salaried,358,No,Rents,5,5,5,5,1,OUT-OF-POCKET MAXIMUM,IN-NETWORK,MAXIMUM COST,4000,6450,1500,2000,6450,1,5,low,low,RISK,1
0,0,1,0,Salaried,2175,No,Owns,8,10,8,5,1,OUT-OF-POCKET MAXIMUM,IN-NETWORK,MAXIMUM COST,2000,6450,1500,4000,6450,1,5,low,low,RISK,1
0,1,0,0,Bonus,2804,No,Owns,4,0,4,5,1,OUT-OF-POCKET MAXIMUM,IN-NETWORK,MAXIMUM COST,1500,4000,6450,2000,6450,1,5,low,low,RISK,1
1,1,1,0,Bonus,2793,Yes,Owns,9,9,1,5,1,OUT-OF-POCKET MAXIMUM,IN-NETWORK,MAXIMUM COST,1500,6450,2000,4000,6450,1,5,low,low,RISK,1
1,0,1,0,Salaried,1366,No,Owns,7,4,5,5,1,OUT-OF-POCKET MAXIMUM,IN-NETWORK,MAXIMUM COST,4000,2000,6450,1500,6450,1,5,low,low,RISK,1
0,1,1,1,Salaried,3990,No,Rents,6,1,2,5,1,OUT-OF-POCKET MAXIMUM,IN-NETWORK,MAXIMUM COST,4000,6450,2000,1500,6450,1,5,low,low,RISK,1
0,0,0,0,Salaried,1625,No,Owns,8,6,5,5,1,OUT-OF-POCKET MAXIMUM,IN-NETWORK,MAXIMUM COST,4000,1500,6450,2000,6450,1,5,low,low,RISK,1
1,1,0,0,Hourly,1178,No,Owns,0,1,13,5,1,OUT-OF-POCKET MAXIMUM,IN-NETWORK,MAXIMUM COST,4000,1500,2000,6450,6450,1,5,low,low,RISK,1
0,0,0,0,Hourly,2665,No,Rents,2,3,4,5,1,OUT-OF-POCKET MAXIMUM,IN-NETWORK,MAXIMUM COST,1500,4000,6450,2000,6450,1,5,low,low,RISK,1
1,1,1,0,Hourly,4144,No,Owns,3,2,0,5,1,OUT-OF-POCKET MAXIMUM,IN-NETWORK,MAXIMUM COST,4000,6450,2000,1500,6450,1,5,low,low,RISK,1
0,0,1,0,Hourly,2547,Yes,Owns,7,5,12,5,1,OUT-OF-POCKET MAXIMUM,IN-NETWORK,MAXIMUM COST,4000,6450,1500,2000,6450,1,5,low,low,RISK,1
1,0,1,0,Hourly,152,Yes,Owns,8,6,13,5,1,OUT-OF-POCKET MAXIMUM,IN-NETWORK,MAXIMUM COST,6450,4000,1500,2000,6450,1,5,low,low,RISK,1
0,0,0,0,Bonus,2909,Yes,Rents,3,4,5,5,1,OUT-OF-POCKET MAXIMUM,IN-NETWORK,MAXIMUM COST,4000,2000,6450,1500,6450,1,5,low,low,RISK,1
1,1,0,0,Bonus,2404,Yes,Owns,5,4,8,5,1,OUT-OF-POCKET MAXIMUM,IN-NETWORK,MAXIMUM COST,4000,2000,6450,1500,6450,1,5,low,low,RISK,1
1,0,1,1,Bonus,144,Yes,Owns,4,9,4,5,1,OUT-OF-POCKET MAXIMUM,IN-NETWORK,MAXIMUM COST,6450,4000,2000,1500,6450,1,5,low,low,RISK,1
1,0,1,0,Hourly,2250,No,Owns,4,7,9,5,1,OUT-OF-POCKET MAXIMUM,IN-NETWORK,MAXIMUM COST,2000,1500,6450,4000,6450,1,5,low,low,RISK,1
1,0,0,0,Hourly,4826,No,Owns,4,5,23,5,1,OUT-OF-POCKET MAXIMUM,IN-NETWORK,MAXIMUM COST,6450,2000,1500,4000,6450,1,5,low,low,RISK,1
1,1,0,0,Salaried,792,No,Owns,5,1,9,5,1,OUT-OF-POCKET MAXIMUM,IN-NETWORK,MAXIMUM COST,1500,2000,6450,4000,6450,1,5,low,low,RISK,1
0,1,0,0,Hourly,3429,No,Rents,8,8,6,5,1,OUT-OF-POCKET MAXIMUM,IN-NETWORK,MAXIMUM COST,4000,2000,6450,1500,6450,1,5,low,low,RISK,1
0,1,0,0,Hourly,1596,Yes,Owns,5,2,1,5,1,OUT-OF-POCKET MAXIMUM,IN-NETWORK,MAXIMUM COST,1500,4000,2000,6450,6450,1,5,low,low,RISK,1
1,1,1,0,Salaried,83,Yes,Owns,2,10,2,5,1,OUT-OF-POCKET MAXIMUM,IN-NETWORK,MAXIMUM COST,1500,6450,4000,2000,6450,1,5,low,low,RISK,1
1,1,0,1,Salaried,3601,No,Owns,1,4,3,5,1,OUT-OF-POCKET MAXIMUM,IN-NETWORK,MAXIMUM COST,6450,4000,1500,2000,6450,1,5,low,low,RISK,1
0,0,0,1,Bonus,861,No,Owns,8,2,25,5,1,OUT-OF-POCKET MAXIMUM,IN-NETWORK,MAXIMUM COST,4000,2000,1500,6450,6450,1,5,low,low,RISK,1
0,1,1,1,Salaried,2240,Yes,Rents,8,10,10,5,1,OUT-OF-POCKET MAXIMUM,IN-NETWORK,MAXIMUM COST,4000,1500,2000,6450,6450,1,5,low,low,RISK,1
0,0,0,0,Hourly,2384,No,Rents,1,7,6,5,1,OUT-OF-POCKET MAXIMUM,IN-NETWORK,MAXIMUM COST,4000,1500,2000,6450,6450,1,5,low,low,RISK,1
0,0,0,0,Bonus,2363,Yes,Rents,6,5,5,5,1,OUT-OF-POCKET MAXIMUM,IN-NETWORK,MAXIMUM COST,6450,2000,4000,1500,6450,1,5,low,low,RISK,1
0,0,1,0,Salaried,4539,No,Owns,3,10,8,5,1,OUT-OF-POCKET MAXIMUM,IN-NETWORK,MAXIMUM COST,1500,4000,6450,2000,6450,1,5,low,low,RISK,1
0,0,0,0,Bonus,489,No,Rents,3,0,4,5,1,OUT-OF-POCKET MAXIMUM,IN-NETWORK,MAXIMUM COST,1500,4000,2000,6450,6450,1,5,low,low,RISK,1
0,1,0,1,Bonus,4623,Yes,Owns,2,9,1,5,1,OUT-OF-POCKET MAXIMUM,IN-NETWORK,MAXIMUM COST,6450,2000,4000,1500,6450,1,5,low,low,RISK,1
0,0,0,0,Salaried,153,Yes,Owns,0,4,5,5,1,OUT-OF-POCKET MAXIMUM,IN-NETWORK,MAXIMUM COST,4000,6450,2000,1500,6450,1,5,low,low,RISK,1
0,1,1,0,Salaried,3954,No,Owns,1,1,2,5,1,OUT-OF-POCKET MAXIMUM,IN-NETWORK,MAXIMUM COST,6450,1500,4000,2000,6450,1,5,low,low,RISK,1
0,0,0,0,Salaried,4742,No,Rents,0,6,5,5,1,OUT-OF-POCKET MAXIMUM,IN-NETWORK,MAXIMUM COST,1500,4000,2000,6450,6450,1,5,low,low,RISK,1
0,0,0,0,Hourly,3289,No,Rents,8,1,13,5,1,OUT-OF-POCKET MAXIMUM,IN-NETWORK,MAXIMUM COST,6450,2000,4000,1500,6450,1,5,low,low,RISK,1
0,0,0,0,Bonus,3409,Yes,Rents,6,3,4,5,1,OUT-OF-POCKET MAXIMUM,IN-NETWORK,MAXIMUM COST,1500,4000,2000,6450,6450,1,5,low,low,RISK,1
0,0,1,0,Bonus,3179,No,Rents,2,2,0,5,1,OUT-OF-POCKET MAXIMUM,IN-NETWORK,MAXIMUM COST,4000,2000,6450,1500,6450,1,5,low,low,RISK,1
0,0,0,0,Bonus,4271,No,Rents,3,5,12,5,1,OUT-OF-POCKET MAXIMUM,IN-NETWORK,MAXIMUM COST,6450,2000,4000,1500,6450,1,5,low,low,RISK,1
0,0,0,0,Hourly,4605,Yes,Rents,4,6,13,5,1,OUT-OF-POCKET MAXIMUM,IN-NETWORK,MAXIMUM COST,2000,6450,1500,4000,6450,1,5,low,low,RISK,1
0,1,1,1,Salaried,3042,Yes,Rents,1,4,5,5,1,OUT-OF-POCKET MAXIMUM,IN-NETWORK,MAXIMUM COST,6450,4000,1500,2000,6450,1,5,low,low,RISK,1
0,1,1,0,Hourly,170,No,Rents,9,4,8,5,1,OUT-OF-POCKET MAXIMUM,IN-NETWORK,MAXIMUM COST,4000,1500,2000,6450,6450,1,5,low,low,RISK,1
0,0,0,1,Salaried,2062,No,Rents,2,9,4,5,1,OUT-OF-POCKET MAXIMUM,IN-NETWORK,MAXIMUM COST,6450,1500,4000,2000,6450,1,5,low,low,RISK,1
1,0,1,1,Bonus,1962,No,Rents,0,7,9,5,1,OUT-OF-POCKET MAXIMUM,IN-NETWORK,MAXIMUM COST,2000,6450,1500,4000,6450,1,5,low,low,RISK,1
0,0,0,0,Bonus,1006,No,Owns,5,5,23,5,1,OUT-OF-POCKET MAXIMUM,IN-NETWORK,MAXIMUM COST,4000,6450,1500,2000,6450,1,5,low,low,RISK,1
0,1,0,1,Salaried,4555,No,Rents,2,1,9,5,1,OUT-OF-POCKET MAXIMUM,IN-NETWORK,MAXIMUM COST,4000,1500,6450,2000,6450,1,5,low,low,RISK,1
1,0,1,0,Bonus,458,No,Rents,4,8,6,5,1,OUT-OF-POCKET MAXIMUM,IN-NETWORK,MAXIMUM COST,1500,6450,2000,4000,6450,1,5,low,low,RISK,1
1,0,1,0,Hourly,1593,No,Owns,0,2,1,5,1,OUT-OF-POCKET MAXIMUM,IN-NETWORK,MAXIMUM COST,1500,6450,4000,2000,6450,1,5,low,low,RISK,1
0,1,0,0,Hourly,4519,Yes,Owns,4,10,2,5,1,OUT-OF-POCKET MAXIMUM,IN-NETWORK,MAXIMUM COST,6450,4000,1500,2000,6450,1,5,low,low,RISK,1
0,1,0,0,Bonus,2639,No,Rents,0,4,3,5,1,OUT-OF-POCKET MAXIMUM,IN-NETWORK,MAXIMUM COST,4000,2000,1500,6450,6450,1,5,low,low,RISK,1
0,0,1,0,Hourly,2563,Yes,Rents,8,2,25,5,1,OUT-OF-POCKET MAXIMUM,IN-NETWORK,MAXIMUM COST,2000,4000,1500,6450,6450,1,5,low,low,RISK,1
0,0,1,1,Bonus,2810,Yes,Owns,8,10,10,5,1,OUT-OF-POCKET MAXIMUM,IN-NETWORK,MAXIMUM COST,1500,6450,4000,2000,6450,1,5,low,low,RISK,1
0,0,0,1,Hourly,2954,Yes,Owns,10,7,6,5,1,OUT-OF-POCKET MAXIMUM,IN-NETWORK,MAXIMUM COST,1500,4000,6450,2000,6450,1,5,low,low,RISK,1
0,0,1,0,Hourly,2299,Yes,Owns,6,5,5,5,1,OUT-OF-POCKET MAXIMUM,IN-NETWORK,MAXIMUM COST,2000,4000,1500,6450,6450,1,5,low,low,RISK,1
0,0,1,1,Hourly,1155,No,Rents,1,10,8,5,1,OUT-OF-POCKET MAXIMUM,IN-NETWORK,MAXIMUM COST,4000,1500,2000,6450,6450,1,5,low,low,RISK,1
1,0,1,0,Bonus,1856,Yes,Rents,7,0,4,5,1,OUT-OF-POCKET MAXIMUM,IN-NETWORK,MAXIMUM COST,1500,2000,6450,4000,6450,1,5,low,low,RISK,1
1,1,0,0,Salaried,3352,Yes,Rents,1,9,1,5,1,OUT-OF-POCKET MAXIMUM,IN-NETWORK,MAXIMUM COST,1500,2000,4000,6450,6450,1,5,low,low,RISK,1
1,0,0,0,Hourly,3735,Yes,Owns,8,4,5,5,1,OUT-OF-POCKET MAXIMUM,IN-NETWORK,MAXIMUM COST,1500,4000,6450,2000,6450,1,5,low,low,RISK,1
1,0,0,1,Salaried,1125,Yes,Rents,1,1,2,5,1,OUT-OF-POCKET MAXIMUM,IN-NETWORK,MAXIMUM COST,6450,2000,4000,1500,6450,1,5,low,low,RISK,1
1,0,1,0,Bonus,4695,No,Owns,0,6,5,5,1,OUT-OF-POCKET MAXIMUM,IN-NETWORK,MAXIMUM COST,4000,1500,2000,6450,6450,1,5,low,low,RISK,1
0,0,0,1,Salaried,1210,No,Rents,9,1,13,5,1,OUT-OF-POCKET MAXIMUM,IN-NETWORK,MAXIMUM COST,1500,2000,4000,6450,6450,1,5,low,low,RISK,1
1,1,1,0,Bonus,3149,No,Owns,1,3,4,5,1,OUT-OF-POCKET MAXIMUM,IN-NETWORK,MAXIMUM COST,6450,1500,2000,4000,6450,1,5,low,low,RISK,1
1,0,0,0,Bonus,3757,No,Rents,1,2,0,5,1,OUT-OF-POCKET MAXIMUM,IN-NETWORK,MAXIMUM COST,2000,4000,6450,1500,6450,1,5,low,low,RISK,1
1,0,1,1,Salaried,4038,Yes,Rents,5,5,12,5,1,OUT-OF-POCKET MAXIMUM,IN-NETWORK,MAXIMUM COST,2000,1500,4000,6450,6450,1,5,low,low,RISK,1
0,0,0,1,Bonus,381,No,Owns,2,6,13,5,1,OUT-OF-POCKET MAXIMUM,IN-NETWORK,MAXIMUM COST,2000,1500,6450,4000,6450,1,5,low,low,RISK,1
0,0,0,0,Hourly,2879,Yes,Rents,9,4,5,5,1,OUT-OF-POCKET MAXIMUM,IN-NETWORK,MAXIMUM COST,6450,2000,1500,4000,6450,1,5,low,low,RISK,1
0,1,0,0,Hourly,2246,No,Owns,9,4,8,5,1,OUT-OF-POCKET MAXIMUM,IN-NETWORK,MAXIMUM COST,1500,4000,6450,2000,6450,1,5,low,low,RISK,1
0,1,0,0,Hourly,3337,No,Rents,1,9,4,5,1,OUT-OF-POCKET MAXIMUM,IN-NETWORK,MAXIMUM COST,1500,4000,2000,6450,6450,1,5,low,low,RISK,1
1,0,0,0,Hourly,874,No,Owns,9,7,9,5,1,OUT-OF-POCKET MAXIMUM,IN-NETWORK,MAXIMUM COST,4000,1500,6450,2000,6450,1,5,low,low,RISK,1
0,1,0,0,Hourly,4470,Yes,Owns,0,5,23,5,1,OUT-OF-POCKET MAXIMUM,IN-NETWORK,MAXIMUM COST,4000,1500,6450,2000,6450,1,5,low,low,RISK,1
0,1,0,0,Hourly,176,Yes,Rents,3,8,6,5,1,OUT-OF-POCKET MAXIMUM,IN-NETWORK,MAXIMUM COST,4000,6450,2000,1500,6450,1,5,low,low,RISK,1
0,0,1,0,Hourly,3681,Yes,Owns,1,2,1,5,1,OUT-OF-POCKET MAXIMUM,IN-NETWORK,MAXIMUM COST,2000,6450,4000,1500,6450,1,5,low,low,RISK,1
0,1,1,1,Hourly,1019,Yes,Owns,8,10,2,5,1,OUT-OF-POCKET MAXIMUM,IN-NETWORK,MAXIMUM COST,6450,2000,4000,1500,6450,1,5,low,low,RISK,1
0,1,1,0,Bonus,4493,Yes,Owns,10,4,3,5,1,OUT-OF-POCKET MAXIMUM,IN-NETWORK,MAXIMUM COST,1500,4000,6450,2000,6450,1,5,low,low,RISK,1
0,1,1,0,Salaried,1012,Yes,Owns,8,2,25,5,1,OUT-OF-POCKET MAXIMUM,IN-NETWORK,MAXIMUM COST,4000,2000,6450,1500,6450,1,5,low,low,RISK,1
0,0,0,0,Bonus,1248,Yes,Rents,1,10,10,5,1,OUT-OF-POCKET MAXIMUM,IN-NETWORK,MAXIMUM COST,4000,6450,2000,1500,6450,1,5,low,low,RISK,1
0,0,0,0,Salaried,1214,No,Owns,1,7,6,5,1,OUT-OF-POCKET MAXIMUM,IN-NETWORK,MAXIMUM COST,4000,6450,2000,1500,6450,1,5,low,low,RISK,1
1,0,0,0,Salaried,2852,Yes,Rents,1,5,5,5,1,OUT-OF-POCKET MAXIMUM,IN-NETWORK,MAXIMUM COST,4000,6450,2000,1500,6450,1,5,low,low,RISK,1
0,0,0,0,Bonus,1440,Yes,Owns,4,10,8,5,1,OUT-OF-POCKET MAXIMUM,IN-NETWORK,MAXIMUM COST,4000,6450,2000,1500,6450,1,5,low,low,RISK,1
1,0,1,0,Bonus,2951,No,Owns,4,0,4,5,1,OUT-OF-POCKET MAXIMUM,IN-NETWORK,MAXIMUM COST,6450,2000,1500,4000,6450,1,5,low,low,RISK,1
2,1,0,2,Salaried,4377,No,Rents,10,19,27,5,2,OUT-OF-POCKET MAXIMUM,IN-NETWORK,MAXIMUM COST,1500,6450,4000,2000,6450,1,10,low,low,RISK,1
0,1,1,0,Salaried,1919,No,Owns,10,15,31,5,2,OUT-OF-POCKET MAXIMUM,IN-NETWORK,MAXIMUM COST,2000,4000,1500,6450,6450,1,10,low,low,RISK,1
1,1,0,0,Salaried,4671,Yes,Rents,15,12,28,5,2,OUT-OF-POCKET MAXIMUM,IN-NETWORK,MAXIMUM COST,4000,1500,6450,2000,6450,1,10,low,low,RISK,1
2,1,0,0,Bonus,1139,No,Owns,13,16,31,5,2,OUT-OF-POCKET MAXIMUM,IN-NETWORK,MAXIMUM COST,4000,2000,1500,6450,6450,1,10,low,low,RISK,1
1,1,2,1,Bonus,3085,No,Rents,9,12,39,5,2,OUT-OF-POCKET MAXIMUM,IN-NETWORK,MAXIMUM COST,6450,1500,4000,2000,6450,1,10,low,low,RISK,1
0,1,2,0,Salaried,912,Yes,Rents,16,14,30,5,2,OUT-OF-POCKET MAXIMUM,IN-NETWORK,MAXIMUM COST,6450,2000,4000,1500,6450,1,10,low,low,RISK,1
1,0,2,1,Hourly,3561,Yes,Owns,12,13,26,5,2,OUT-OF-POCKET MAXIMUM,IN-NETWORK,MAXIMUM COST,4000,2000,1500,6450,6450,1,10,low,low,RISK,1
1,2,0,0,Hourly,4350,No,Rents,7,16,37,5,2,OUT-OF-POCKET MAXIMUM,IN-NETWORK,MAXIMUM COST,6450,2000,1500,4000,6450,1,10,low,low,RISK,1
2,2,1,2,Salaried,3664,No,Owns,7,16,39,5,2,OUT-OF-POCKET MAXIMUM,IN-NETWORK,MAXIMUM COST,4000,2000,1500,6450,6450,1,10,low,low,RISK,1
0,0,0,1,Bonus,1972,Yes,Owns,17,14,30,5,2,OUT-OF-POCKET MAXIMUM,IN-NETWORK,MAXIMUM COST,4000,2000,6450,1500,6450,1,10,low,low,RISK,1
1,0,2,2,Salaried,1235,Yes,Rents,14,14,34,5,2,OUT-OF-POCKET MAXIMUM,IN-NETWORK,MAXIMUM COST,1500,6450,2000,4000,6450,1,10,low,low,RISK,1
0,2,0,1,Bonus,2294,Yes,Owns,10,19,30,5,2,OUT-OF-POCKET MAXIMUM,IN-NETWORK,MAXIMUM COST,6450,4000,2000,1500,6450,1,10,low,low,RISK,1
0,1,2,0,Salaried,4592,Yes,Rents,16,17,35,5,2,OUT-OF-POCKET MAXIMUM,IN-NETWORK,MAXIMUM COST,1500,4000,2000,6450,6450,1,10,low,low,RISK,1
0,0,1,1,Hourly,2183,Yes,Owns,6,15,48,5,2,OUT-OF-POCKET MAXIMUM,IN-NETWORK,MAXIMUM COST,1500,6450,2000,4000,6450,1,10,low,low,RISK,1
1,1,2,1,Salaried,1622,Yes,Rents,8,12,35,5,2,OUT-OF-POCKET MAXIMUM,IN-NETWORK,MAXIMUM COST,1500,2000,6450,4000,6450,1,10,low,low,RISK,1
1,2,1,2,Salaried,4259,Yes,Rents,6,18,32,5,2,OUT-OF-POCKET MAXIMUM,IN-NETWORK,MAXIMUM COST,4000,1500,6450,2000,6450,1,10,low,low,RISK,1
2,1,1,2,Salaried,4138,No,Owns,17,13,27,5,2,OUT-OF-POCKET MAXIMUM,IN-NETWORK,MAXIMUM COST,4000,1500,6450,2000,6450,1,10,low,low,RISK,1
2,0,1,2,Bonus,2742,No,Owns,17,20,28,5,2,OUT-OF-POCKET MAXIMUM,IN-NETWORK,MAXIMUM COST,2000,4000,6450,1500,6450,1,10,low,low,RISK,1
1,1,0,2,Bonus,4027,Yes,Rents,8,14,29,5,2,OUT-OF-POCKET MAXIMUM,IN-NETWORK,MAXIMUM COST,1500,4000,2000,6450,6450,1,10,low,low,RISK,1
1,1,0,0,Bonus,3643,No,Rents,16,13,50,5,2,OUT-OF-POCKET MAXIMUM,IN-NETWORK,MAXIMUM COST,1500,2000,6450,4000,6450,1,10,low,low,RISK,1
1,0,2,0,Salaried,1855,No,Rents,17,20,35,5,2,OUT-OF-POCKET MAXIMUM,IN-NETWORK,MAXIMUM COST,1500,2000,4000,6450,6450,1,10,low,low,RISK,1
1,2,0,1,Bonus,4199,No,Owns,14,17,32,5,2,OUT-OF-POCKET MAXIMUM,IN-NETWORK,MAXIMUM COST,2000,6450,1500,4000,6450,1,10,low,low,RISK,1
0,2,1,0,Salaried,358,No,Rents,12,16,31,5,2,OUT-OF-POCKET MAXIMUM,IN-NETWORK,MAXIMUM COST,1500,2000,6450,4000,6450,1,10,low,low,RISK,1
1,1,1,1,Salaried,2175,No,Owns,16,20,34,5,2,OUT-OF-POCKET MAXIMUM,IN-NETWORK,MAXIMUM COST,4000,6450,1500,2000,6450,1,10,low,low,RISK,1
1,1,0,0,Bonus,2804,No,Owns,11,11,30,5,2,OUT-OF-POCKET MAXIMUM,IN-NETWORK,MAXIMUM COST,6450,2000,1500,4000,6450,1,10,low,low,RISK,1
2,1,2,1,Bonus,2793,Yes,Owns,17,19,27,5,2,OUT-OF-POCKET MAXIMUM,IN-NETWORK,MAXIMUM COST,2000,6450,4000,1500,6450,1,10,low,low,RISK,1
2,0,2,0,Salaried,1366,No,Owns,14,15,31,5,2,OUT-OF-POCKET MAXIMUM,IN-NETWORK,MAXIMUM COST,1500,6450,4000,2000,6450,1,10,low,low,RISK,1
0,1,1,2,Salaried,3990,No,Rents,13,12,28,5,2,OUT-OF-POCKET MAXIMUM,IN-NETWORK,MAXIMUM COST,4000,2000,1500,6450,6450,1,10,low,low,RISK,1
0,1,1,0,Salaried,1625,No,Owns,16,16,31,5,2,OUT-OF-POCKET MAXIMUM,IN-NETWORK,MAXIMUM COST,1500,6450,2000,4000,6450,1,10,low,low,RISK,1
1,2,0,0,Hourly,1178,No,Owns,5,12,39,5,2,OUT-OF-POCKET MAXIMUM,IN-NETWORK,MAXIMUM COST,2000,4000,1500,6450,6450,1,10,low,low,RISK,1
1,1,0,0,Hourly,2665,No,Rents,8,14,30,5,2,OUT-OF-POCKET MAXIMUM,IN-NETWORK,MAXIMUM COST,1500,2000,6450,4000,6450,1,10,low,low,RISK,1
1,1,2,0,Hourly,4144,No,Owns,9,13,26,5,2,OUT-OF-POCKET MAXIMUM,IN-NETWORK,MAXIMUM COST,4000,2000,6450,1500,6450,1,10,low,low,RISK,1
1,1,2,0,Hourly,2547,Yes,Owns,14,16,37,5,2,OUT-OF-POCKET MAXIMUM,IN-NETWORK,MAXIMUM COST,2000,6450,1500,4000,6450,1,10,low,low,RISK,1
1,1,1,0,Hourly,152,Yes,Owns,15,16,39,5,2,OUT-OF-POCKET MAXIMUM,IN-NETWORK,MAXIMUM COST,6450,2000,1500,4000,6450,1,10,low,low,RISK,1
0,0,0,0,Bonus,2909,Yes,Rents,9,14,30,5,2,OUT-OF-POCKET MAXIMUM,IN-NETWORK,MAXIMUM COST,1500,4000,2000,6450,6450,1,10,low,low,RISK,1
2,2,1,1,Bonus,2404,Yes,Owns,11,14,34,5,2,OUT-OF-POCKET MAXIMUM,IN-NETWORK,MAXIMUM COST,2000,6450,4000,1500,6450,1,10,low,low,RISK,1
2,0,1,2,Bonus,144,Yes,Owns,10,19,30,5,2,OUT-OF-POCKET MAXIMUM,IN-NETWORK,MAXIMUM COST,6450,4000,1500,2000,6450,1,10,low,low,RISK,1
2,0,1,0,Hourly,2250,No,Owns,11,17,35,5,2,OUT-OF-POCKET MAXIMUM,IN-NETWORK,MAXIMUM COST,4000,2000,1500,6450,6450,1,10,low,low,RISK,1
2,0,0,0,Hourly,4826,No,Owns,10,15,48,5,2,OUT-OF-POCKET MAXIMUM,IN-NETWORK,MAXIMUM COST,1500,6450,2000,4000,6450,1,10,low,low,RISK,1
1,1,0,0,Salaried,792,No,Owns,12,12,35,5,2,OUT-OF-POCKET MAXIMUM,IN-NETWORK,MAXIMUM COST,6450,1500,2000,4000,6450,1,10,low,low,RISK,1
0,2,0,1,Hourly,3429,No,Rents,15,18,32,5,2,OUT-OF-POCKET MAXIMUM,IN-NETWORK,MAXIMUM COST,1500,6450,4000,2000,6450,1,10,low,low,RISK,1
0,2,0,1,Hourly,1596,Yes,Owns,11,13,27,5,2,OUT-OF-POCKET MAXIMUM,IN-NETWORK,MAXIMUM COST,2000,4000,1500,6450,6450,1,10,low,low,RISK,1
1,1,2,0,Salaried,83,Yes,Owns,7,20,28,5,2,OUT-OF-POCKET MAXIMUM,IN-NETWORK,MAXIMUM COST,2000,1500,6450,4000,6450,1,10,low,low,RISK,1
1,2,0,2,Salaried,3601,No,Owns,6,14,29,5,2,OUT-OF-POCKET MAXIMUM,IN-NETWORK,MAXIMUM COST,6450,1500,2000,4000,6450,1,10,low,low,RISK,1
1,1,0,1,Bonus,861,No,Owns,15,13,50,5,2,OUT-OF-POCKET MAXIMUM,IN-NETWORK,MAXIMUM COST,2000,1500,4000,6450,6450,1,10,low,low,RISK,1
0,2,2,2,Salaried,2240,Yes,Rents,15,20,35,5,2,OUT-OF-POCKET MAXIMUM,IN-NETWORK,MAXIMUM COST,4000,2000,1500,6450,6450,1,10,low,low,RISK,1
1,0,0,0,Hourly,2384,No,Rents,6,17,32,5,2,OUT-OF-POCKET MAXIMUM,IN-NETWORK,MAXIMUM COST,4000,6450,2000,1500,6450,1,10,low,low,RISK,1
0,0,0,0,Bonus,2363,Yes,Rents,12,16,31,5,2,OUT-OF-POCKET MAXIMUM,IN-NETWORK,MAXIMUM COST,6450,2000,4000,1500,6450,1,10,low,low,RISK,1
1,1,2,0,Salaried,4539,No,Owns,10,20,34,5,2,OUT-OF-POCKET MAXIMUM,IN-NETWORK,MAXIMUM COST,2000,4000,1500,6450,6450,1,10,low,low,RISK,1
1,1,0,0,Bonus,489,No,Rents,9,11,30,5,2,OUT-OF-POCKET MAXIMUM,IN-NETWORK,MAXIMUM COST,4000,1500,2000,6450,6450,1,10,low,low,RISK,1
1,2,0,2,Bonus,4623,Yes,Owns,7,19,27,5,2,OUT-OF-POCKET MAXIMUM,IN-NETWORK,MAXIMUM COST,2000,4000,6450,1500,6450,1,10,low,low,RISK,1
1,0,0,0,Salaried,153,Yes,Owns,5,15,31,5,2,OUT-OF-POCKET MAXIMUM,IN-NETWORK,MAXIMUM COST,4000,6450,2000,1500,6450,1,10,low,low,RISK,1
0,2,2,1,Salaried,3954,No,Owns,6,12,28,5,2,OUT-OF-POCKET MAXIMUM,IN-NETWORK,MAXIMUM COST,1500,4000,6450,2000,6450,1,10,low,low,RISK,1
0,1,0,0,Salaried,4742,No,Rents,5,16,31,5,2,OUT-OF-POCKET MAXIMUM,IN-NETWORK,MAXIMUM COST,2000,4000,1500,6450,6450,1,10,low,low,RISK,1
0,0,0,1,Hourly,3289,No,Rents,15,12,39,5,2,OUT-OF-POCKET MAXIMUM,IN-NETWORK,MAXIMUM COST,2000,6450,1500,4000,6450,1,10,low,low,RISK,1
0,0,1,1,Bonus,3409,Yes,Rents,13,14,30,5,2,OUT-OF-POCKET MAXIMUM,IN-NETWORK,MAXIMUM COST,1500,2000,6450,4000,6450,1,10,low,low,RISK,1
0,0,2,1,Bonus,3179,No,Rents,8,13,26,5,2,OUT-OF-POCKET MAXIMUM,IN-NETWORK,MAXIMUM COST,6450,4000,1500,2000,6450,1,10,low,low,RISK,1
0,0,0,1,Bonus,4271,No,Rents,9,16,37,5,2,OUT-OF-POCKET MAXIMUM,IN-NETWORK,MAXIMUM COST,2000,4000,6450,1500,6450,1,10,low,low,RISK,1
0,0,0,0,Hourly,4605,Yes,Rents,10,16,39,5,2,OUT-OF-POCKET MAXIMUM,IN-NETWORK,MAXIMUM COST,2000,1500,4000,6450,6450,1,10,low,low,RISK,1
0,2,2,2,Salaried,3042,Yes,Rents,6,14,30,5,2,OUT-OF-POCKET MAXIMUM,IN-NETWORK,MAXIMUM COST,4000,6450,1500,2000,6450,1,10,low,low,RISK,1
0,2,2,0,Hourly,170,No,Rents,16,14,34,5,2,OUT-OF-POCKET MAXIMUM,IN-NETWORK,MAXIMUM COST,2000,4000,6450,1500,6450,1,10,low,low,RISK,1
0,1,0,2,Salaried,2062,No,Rents,7,19,30,5,2,OUT-OF-POCKET MAXIMUM,IN-NETWORK,MAXIMUM COST,2000,1500,6450,4000,6450,1,10,low,low,RISK,1
1,1,2,2,Bonus,1962,No,Rents,5,17,35,5,2,OUT-OF-POCKET MAXIMUM,IN-NETWORK,MAXIMUM COST,1500,2000,6450,4000,6450,1,10,low,low,RISK,1
0,0,0,0,Bonus,1006,No,Owns,11,15,48,5,2,OUT-OF-POCKET MAXIMUM,IN-NETWORK,MAXIMUM COST,6450,2000,4000,1500,6450,1,10,low,low,RISK,1
0,2,1,2,Salaried,4555,No,Rents,8,12,35,5,2,OUT-OF-POCKET MAXIMUM,IN-NETWORK,MAXIMUM COST,4000,1500,2000,6450,6450,1,10,low,low,RISK,1
2,1,1,0,Bonus,458,No,Rents,10,18,32,5,2,OUT-OF-POCKET MAXIMUM,IN-NETWORK,MAXIMUM COST,4000,6450,1500,2000,6450,1,10,low,low,RISK,1
2,0,2,1,Hourly,1593,No,Owns,5,13,27,5,2,OUT-OF-POCKET MAXIMUM,IN-NETWORK,MAXIMUM COST,1500,4000,6450,2000,6450,1,10,low,low,RISK,1
0,2,0,1,Hourly,4519,Yes,Owns,11,20,28,5,2,OUT-OF-POCKET MAXIMUM,IN-NETWORK,MAXIMUM COST,2000,4000,6450,1500,6450,1,10,low,low,RISK,1
0,1,0,0,Bonus,2639,No,Rents,5,14,29,5,2,OUT-OF-POCKET MAXIMUM,IN-NETWORK,MAXIMUM COST,6450,1500,2000,4000,6450,1,10,low,low,RISK,1
0,0,2,1,Hourly,2563,Yes,Rents,15,13,50,5,2,OUT-OF-POCKET MAXIMUM,IN-NETWORK,MAXIMUM COST,1500,2000,4000,6450,6450,1,10,low,low,RISK,1
0,1,2,1,Bonus,2810,Yes,Owns,15,20,35,5,2,OUT-OF-POCKET MAXIMUM,IN-NETWORK,MAXIMUM COST,4000,1500,6450,2000,6450,1,10,low,low,RISK,1
1,1,0,1,Hourly,2954,Yes,Owns,18,17,32,5,2,OUT-OF-POCKET MAXIMUM,IN-NETWORK,MAXIMUM COST,4000,1500,6450,2000,6450,1,10,low,low,RISK,1
1,0,2,0,Hourly,2299,Yes,Owns,13,16,31,5,2,OUT-OF-POCKET MAXIMUM,IN-NETWORK,MAXIMUM COST,1500,2000,4000,6450,6450,1,10,low,low,RISK,1
0,0,1,2,Hourly,1155,No,Rents,6,20,34,5,2,OUT-OF-POCKET MAXIMUM,IN-NETWORK,MAXIMUM COST,6450,4000,2000,1500,6450,1,10,low,low,RISK,1
1,0,2,0,Bonus,1856,Yes,Rents,14,11,30,5,2,OUT-OF-POCKET MAXIMUM,IN-NETWORK,MAXIMUM COST,2000,6450,4000,1500,6450,1,10,low,low,RISK,1
2,1,1,0,Salaried,3352,Yes,Rents,6,19,27,5,2,OUT-OF-POCKET MAXIMUM,IN-NETWORK,MAXIMUM COST,4000,6450,1500,2000,6450,1,10,low,low,RISK,1
2,0,0,1,Hourly,3735,Yes,Owns,15,15,31,5,2,OUT-OF-POCKET MAXIMUM,IN-NETWORK,MAXIMUM COST,6450,4000,2000,1500,6450,1,10,low,low,RISK,1
2,1,0,2,Salaried,1125,Yes,Rents,6,12,28,5,2,OUT-OF-POCKET MAXIMUM,IN-NETWORK,MAXIMUM COST,6450,2000,4000,1500,6450,1,10,low,low,RISK,1
2,0,1,0,Bonus,4695,No,Owns,5,16,31,5,2,OUT-OF-POCKET MAXIMUM,IN-NETWORK,MAXIMUM COST,6450,1500,2000,4000,6450,1,10,low,low,RISK,1
1,1,1,1,Salaried,1210,No,Rents,17,12,39,5,2,OUT-OF-POCKET MAXIMUM,IN-NETWORK,MAXIMUM COST,1500,6450,4000,2000,6450,1,10,low,low,RISK,1
1,2,1,0,Bonus,3149,No,Owns,6,14,30,5,2,OUT-OF-POCKET MAXIMUM,IN-NETWORK,MAXIMUM COST,1500,6450,4000,2000,6450,1,10,low,low,RISK,1
1,1,1,1,Bonus,3757,No,Rents,6,13,26,5,2,OUT-OF-POCKET MAXIMUM,IN-NETWORK,MAXIMUM COST,4000,2000,1500,6450,6450,1,10,low,low,RISK,1
1,0,2,1,Salaried,4038,Yes,Rents,12,16,37,5,2,OUT-OF-POCKET MAXIMUM,IN-NETWORK,MAXIMUM COST,1500,2000,4000,6450,6450,1,10,low,low,RISK,1
0,0,0,2,Bonus,381,No,Owns,8,16,39,5,2,OUT-OF-POCKET MAXIMUM,IN-NETWORK,MAXIMUM COST,6450,1500,4000,2000,6450,1,10,low,low,RISK,1
0,0,1,1,Hourly,2879,Yes,Rents,16,14,30,5,2,OUT-OF-POCKET MAXIMUM,IN-NETWORK,MAXIMUM COST,1500,6450,2000,4000,6450,1,10,low,low,RISK,1
1,2,0,0,Hourly,2246,No,Owns,17,14,34,5,2,OUT-OF-POCKET MAXIMUM,IN-NETWORK,MAXIMUM COST,6450,1500,2000,4000,6450,1,10,low,low,RISK,1
0,2,1,0,Hourly,3337,No,Rents,7,19,30,5,2,OUT-OF-POCKET MAXIMUM,IN-NETWORK,MAXIMUM COST,2000,1500,4000,6450,6450,1,10,low,low,RISK,1
1,1,1,1,Hourly,874,No,Owns,17,17,35,5,2,OUT-OF-POCKET MAXIMUM,IN-NETWORK,MAXIMUM COST,1500,6450,2000,4000,6450,1,10,low,low,RISK,1
0,1,0,0,Hourly,4470,Yes,Owns,6,15,48,5,2,OUT-OF-POCKET MAXIMUM,IN-NETWORK,MAXIMUM COST,2000,4000,6450,1500,6450,1,10,low,low,RISK,1
2,0,1,1,Hourly,3252,Yes,Owns,10,12,35,5,2,OUT-OF-POCKET MAXIMUM,IN-NETWORK,MAXIMUM COST,2000,4000,6450,1500,6450,1,10,low,low,RISK,1
0,2,0,1,Hourly,176,Yes,Rents,9,18,32,5,2,OUT-OF-POCKET MAXIMUM,IN-NETWORK,MAXIMUM COST,4000,2000,6450,1500,6450,1,10,low,low,RISK,1
1,0,2,0,Hourly,3681,Yes,Owns,6,13,27,5,2,OUT-OF-POCKET MAXIMUM,IN-NETWORK,MAXIMUM COST,4000,6450,2000,1500,6450,1,10,low,low,RISK,1
1,2,1,2,Hourly,1019,Yes,Owns,15,20,28,5,2,OUT-OF-POCKET MAXIMUM,IN-NETWORK,MAXIMUM COST,4000,2000,1500,6450,6450,1,10,low,low,RISK,1
1,2,1,1,Bonus,4493,Yes,Owns,18,14,29,5,2,OUT-OF-POCKET MAXIMUM,IN-NETWORK,MAXIMUM COST,2000,1500,6450,4000,6450,1,10,low,low,RISK,1
1,2,2,0,Salaried,1012,Yes,Owns,15,13,50,5,2,OUT-OF-POCKET MAXIMUM,IN-NETWORK,MAXIMUM COST,1500,6450,2000,4000,6450,1,10,low,low,RISK,1
0,0,1,1,Bonus,1248,Yes,Rents,7,20,35,5,2,OUT-OF-POCKET MAXIMUM,IN-NETWORK,MAXIMUM COST,2000,6450,4000,1500,6450,1,10,low,low,RISK,1
0,0,1,0,Salaried,1214,No,Owns,6,17,32,5,2,OUT-OF-POCKET MAXIMUM,IN-NETWORK,MAXIMUM COST,2000,6450,1500,4000,6450,1,10,low,low,RISK,1
1,0,1,0,Salaried,2852,Yes,Rents,6,16,31,5,2,OUT-OF-POCKET MAXIMUM,IN-NETWORK,MAXIMUM COST,4000,2000,1500,6450,6450,1,10,low,low,RISK,1
1,0,0,0,Bonus,1440,Yes,Owns,10,20,34,5,2,OUT-OF-POCKET MAXIMUM,IN-NETWORK,MAXIMUM COST,2000,6450,4000,1500,6450,1,10,low,low,RISK,1
1,0,1,0,Bonus,2951,No,Owns,11,11,30,5,2,OUT-OF-POCKET MAXIMUM,IN-NETWORK,MAXIMUM COST,6450,1500,2000,4000,6450,1,10,low,low,RISK,1
3,2,1,3,Salaried,4377,No,Rents,24,48,52,5,3,OUT-OF-POCKET MAXIMUM,IN-NETWORK,MAXIMUM COST,2000,1500,6450,4000,4000,2,20,low,low,RISK,1
1,1,2,1,Salaried,1919,No,Owns,25,33,56,5,3,OUT-OF-POCKET MAXIMUM,IN-NETWORK,MAXIMUM COST,6450,4000,2000,1500,4000,2,20,low,low,RISK,1
2,2,1,1,Salaried,4671,Yes,Rents,33,23,53,5,3,OUT-OF-POCKET MAXIMUM,IN-NETWORK,MAXIMUM COST,4000,2000,1500,6450,4000,2,20,low,low,RISK,1
3,2,1,1,Bonus,1139,No,Owns,29,38,56,5,3,OUT-OF-POCKET MAXIMUM,IN-NETWORK,MAXIMUM COST,1500,4000,2000,6450,4000,2,20,low,low,RISK,1
1,2,3,2,Bonus,3085,No,Rents,23,24,64,5,3,OUT-OF-POCKET MAXIMUM,IN-NETWORK,MAXIMUM COST,6450,2000,4000,1500,4000,2,20,low,low,RISK,1
1,2,3,1,Salaried,912,Yes,Rents,37,29,55,5,3,OUT-OF-POCKET MAXIMUM,IN-NETWORK,MAXIMUM COST,2000,1500,6450,4000,4000,2,20,low,low,RISK,1
2,1,3,2,Hourly,3561,Yes,Owns,28,26,51,5,3,OUT-OF-POCKET MAXIMUM,IN-NETWORK,MAXIMUM COST,1500,6450,4000,2000,4000,2,20,low,low,RISK,1
2,3,1,1,Hourly,4350,No,Rents,19,36,62,5,3,OUT-OF-POCKET MAXIMUM,IN-NETWORK,MAXIMUM COST,6450,1500,4000,2000,4000,2,20,low,low,RISK,1
3,3,2,3,Salaried,3664,No,Owns,18,38,64,5,3,OUT-OF-POCKET MAXIMUM,IN-NETWORK,MAXIMUM COST,2000,4000,6450,1500,4000,2,20,low,low,RISK,1
1,1,1,1,Bonus,1972,Yes,Owns,38,31,55,5,3,OUT-OF-POCKET MAXIMUM,IN-NETWORK,MAXIMUM COST,2000,6450,1500,4000,4000,2,20,low,low,RISK,1
1,1,3,3,Salaried,1235,Yes,Rents,32,31,59,5,3,OUT-OF-POCKET MAXIMUM,IN-NETWORK,MAXIMUM COST,6450,1500,4000,2000,4000,2,20,low,low,RISK,1
1,3,1,2,Bonus,2294,Yes,Owns,25,47,55,5,3,OUT-OF-POCKET MAXIMUM,IN-NETWORK,MAXIMUM COST,4000,1500,2000,6450,4000,2,20,low,low,RISK,1
1,2,3,1,Salaried,4592,Yes,Rents,37,41,60,5,3,OUT-OF-POCKET MAXIMUM,IN-NETWORK,MAXIMUM COST,6450,1500,4000,2000,4000,2,20,low,low,RISK,1
1,1,1,2,Hourly,2183,Yes,Owns,16,35,73,5,3,OUT-OF-POCKET MAXIMUM,IN-NETWORK,MAXIMUM COST,4000,2000,6450,1500,4000,2,20,low,low,RISK,1
2,2,3,2,Salaried,1622,Yes,Rents,21,24,60,5,3,OUT-OF-POCKET MAXIMUM,IN-NETWORK,MAXIMUM COST,2000,6450,4000,1500,4000,2,20,low,low,RISK,1
2,3,1,3,Salaried,4259,Yes,Rents,17,43,57,5,3,OUT-OF-POCKET MAXIMUM,IN-NETWORK,MAXIMUM COST,4000,6450,1500,2000,4000,2,20,low,low,RISK,1
3,2,2,3,Salaried,4138,No,Owns,37,25,52,5,3,OUT-OF-POCKET MAXIMUM,IN-NETWORK,MAXIMUM COST,1500,6450,4000,2000,4000,2,20,low,low,RISK,1
3,1,2,3,Bonus,2742,No,Owns,39,50,53,5,3,OUT-OF-POCKET MAXIMUM,IN-NETWORK,MAXIMUM COST,1500,6450,4000,2000,4000,2,20,low,low,RISK,1
1,1,1,3,Bonus,4027,Yes,Rents,21,31,54,5,3,OUT-OF-POCKET MAXIMUM,IN-NETWORK,MAXIMUM COST,6450,4000,1500,2000,4000,2,20,low,low,RISK,1
2,2,1,1,Bonus,3643,No,Rents,35,26,75,5,3,OUT-OF-POCKET MAXIMUM,IN-NETWORK,MAXIMUM COST,4000,6450,2000,1500,4000,2,20,low,low,RISK,1
2,1,3,1,Salaried,1855,No,Rents,39,49,60,5,3,OUT-OF-POCKET MAXIMUM,IN-NETWORK,MAXIMUM COST,2000,6450,4000,1500,4000,2,20,low,low,RISK,1
1,3,1,1,Bonus,4199,No,Owns,33,40,57,5,3,OUT-OF-POCKET MAXIMUM,IN-NETWORK,MAXIMUM COST,6450,4000,2000,1500,4000,2,20,low,low,RISK,1
1,3,2,1,Salaried,358,No,Rents,28,36,56,5,3,OUT-OF-POCKET MAXIMUM,IN-NETWORK,MAXIMUM COST,2000,1500,6450,4000,4000,2,20,low,low,RISK,1
2,2,2,1,Salaried,2175,No,Owns,35,49,59,5,3,OUT-OF-POCKET MAXIMUM,IN-NETWORK,MAXIMUM COST,4000,2000,1500,6450,4000,2,20,low,low,RISK,1
2,2,1,1,Bonus,2804,No,Owns,26,20,55,5,3,OUT-OF-POCKET MAXIMUM,IN-NETWORK,MAXIMUM COST,4000,2000,6450,1500,4000,2,20,low,low,RISK,1
3,3,3,2,Bonus,2793,Yes,Owns,39,48,52,5,3,OUT-OF-POCKET MAXIMUM,IN-NETWORK,MAXIMUM COST,2000,4000,6450,1500,4000,2,20,low,low,RISK,1
3,1,3,1,Salaried,1366,No,Owns,32,33,56,5,3,OUT-OF-POCKET MAXIMUM,IN-NETWORK,MAXIMUM COST,2000,1500,6450,4000,4000,2,20,low,low,RISK,1
1,2,2,3,Salaried,3990,No,Rents,30,23,53,5,3,OUT-OF-POCKET MAXIMUM,IN-NETWORK,MAXIMUM COST,2000,6450,1500,4000,4000,2,20,low,low,RISK,1
1,2,2,1,Salaried,1625,No,Owns,36,38,56,5,3,OUT-OF-POCKET MAXIMUM,IN-NETWORK,MAXIMUM COST,2000,1500,6450,4000,4000,2,20,low,low,RISK,1
2,3,1,1,Hourly,1178,No,Owns,15,24,64,5,3,OUT-OF-POCKET MAXIMUM,IN-NETWORK,MAXIMUM COST,4000,2000,1500,6450,4000,2,20,low,low,RISK,1
2,1,1,1,Hourly,2665,No,Rents,20,29,55,5,3,OUT-OF-POCKET MAXIMUM,IN-NETWORK,MAXIMUM COST,2000,1500,6450,4000,4000,2,20,low,low,RISK,1
2,3,3,1,Hourly,4144,No,Owns,23,26,51,5,3,OUT-OF-POCKET MAXIMUM,IN-NETWORK,MAXIMUM COST,4000,2000,1500,6450,4000,2,20,low,low,RISK,1
2,2,3,1,Hourly,2547,Yes,Owns,32,36,62,5,3,OUT-OF-POCKET MAXIMUM,IN-NETWORK,MAXIMUM COST,2000,6450,1500,4000,4000,2,20,low,low,RISK,1
2,1,2,1,Hourly,152,Yes,Owns,34,38,64,5,3,OUT-OF-POCKET MAXIMUM,IN-NETWORK,MAXIMUM COST,1500,6450,2000,4000,4000,2,20,low,low,RISK,1
1,1,1,1,Bonus,2909,Yes,Rents,23,31,55,5,3,OUT-OF-POCKET MAXIMUM,IN-NETWORK,MAXIMUM COST,6450,1500,2000,4000,4000,2,20,low,low,RISK,1
3,3,2,2,Bonus,2404,Yes,Owns,27,31,59,5,3,OUT-OF-POCKET MAXIMUM,IN-NETWORK,MAXIMUM COST,2000,4000,1500,6450,4000,2,20,low,low,RISK,1
3,1,2,3,Bonus,144,Yes,Owns,24,47,55,5,3,OUT-OF-POCKET MAXIMUM,IN-NETWORK,MAXIMUM COST,4000,1500,2000,6450,4000,2,20,low,low,RISK,1
3,1,2,1,Hourly,2250,No,Owns,26,41,60,5,3,OUT-OF-POCKET MAXIMUM,IN-NETWORK,MAXIMUM COST,2000,6450,1500,4000,4000,2,20,low,low,RISK,1
3,1,1,1,Hourly,4826,No,Owns,25,35,73,5,3,OUT-OF-POCKET MAXIMUM,IN-NETWORK,MAXIMUM COST,2000,6450,1500,4000,4000,2,20,low,low,RISK,1
2,2,1,1,Salaried,792,No,Owns,28,24,60,5,3,OUT-OF-POCKET MAXIMUM,IN-NETWORK,MAXIMUM COST,1500,4000,6450,2000,4000,2,20,low,low,RISK,1
1,3,1,2,Hourly,3429,No,Rents,34,43,57,5,3,OUT-OF-POCKET MAXIMUM,IN-NETWORK,MAXIMUM COST,2000,4000,6450,1500,4000,2,20,low,low,RISK,1
1,3,1,2,Hourly,1596,Yes,Owns,27,25,52,5,3,OUT-OF-POCKET MAXIMUM,IN-NETWORK,MAXIMUM COST,1500,2000,4000,6450,4000,2,20,low,low,RISK,1
2,3,3,1,Salaried,83,Yes,Owns,19,50,53,5,3,OUT-OF-POCKET MAXIMUM,IN-NETWORK,MAXIMUM COST,1500,6450,4000,2000,4000,2,20,low,low,RISK,1
2,3,1,3,Salaried,3601,No,Owns,17,31,54,5,3,OUT-OF-POCKET MAXIMUM,IN-NETWORK,MAXIMUM COST,6450,4000,1500,2000,4000,2,20,low,low,RISK,1
2,2,1,2,Bonus,861,No,Owns,34,26,75,5,3,OUT-OF-POCKET MAXIMUM,IN-NETWORK,MAXIMUM COST,1500,6450,2000,4000,4000,2,20,low,low,RISK,1
1,3,3,3,Salaried,2240,Yes,Rents,35,49,60,5,3,OUT-OF-POCKET MAXIMUM,IN-NETWORK,MAXIMUM COST,4000,2000,6450,1500,4000,2,20,low,low,RISK,1
1,1,1,1,Hourly,2384,No,Rents,17,40,57,5,3,OUT-OF-POCKET MAXIMUM,IN-NETWORK,MAXIMUM COST,4000,1500,2000,6450,4000,2,20,low,low,RISK,1
1,1,1,1,Bonus,2363,Yes,Rents,29,36,56,5,3,OUT-OF-POCKET MAXIMUM,IN-NETWORK,MAXIMUM COST,2000,4000,6450,1500,4000,2,20,low,low,RISK,1
2,1,3,1,Salaried,4539,No,Owns,24,49,59,5,3,OUT-OF-POCKET MAXIMUM,IN-NETWORK,MAXIMUM COST,4000,1500,2000,6450,4000,2,20,low,low,RISK,1
2,1,1,1,Bonus,489,No,Rents,23,20,55,5,3,OUT-OF-POCKET MAXIMUM,IN-NETWORK,MAXIMUM COST,4000,2000,1500,6450,4000,2,20,low,low,RISK,1
2,3,1,3,Bonus,4623,Yes,Owns,19,48,52,5,3,OUT-OF-POCKET MAXIMUM,IN-NETWORK,MAXIMUM COST,6450,2000,1500,4000,4000,2,20,low,low,RISK,1
2,1,1,1,Salaried,153,Yes,Owns,15,33,56,5,3,OUT-OF-POCKET MAXIMUM,IN-NETWORK,MAXIMUM COST,4000,1500,2000,6450,4000,2,20,low,low,RISK,1
1,3,3,2,Salaried,3954,No,Owns,17,23,53,5,3,OUT-OF-POCKET MAXIMUM,IN-NETWORK,MAXIMUM COST,4000,1500,6450,2000,4000,2,20,low,low,RISK,1
1,2,1,1,Salaried,4742,No,Rents,15,38,56,5,3,OUT-OF-POCKET MAXIMUM,IN-NETWORK,MAXIMUM COST,6450,1500,4000,2000,4000,2,20,low,low,RISK,1
1,1,1,2,Hourly,3289,No,Rents,35,24,64,5,3,OUT-OF-POCKET MAXIMUM,IN-NETWORK,MAXIMUM COST,6450,1500,2000,4000,4000,2,20,low,low,RISK,1
1,1,2,2,Bonus,3409,Yes,Rents,30,29,55,5,3,OUT-OF-POCKET MAXIMUM,IN-NETWORK,MAXIMUM COST,2000,1500,4000,6450,4000,2,20,low,low,RISK,1
1,1,3,2,Bonus,3179,No,Rents,21,26,51,5,3,OUT-OF-POCKET MAXIMUM,IN-NETWORK,MAXIMUM COST,4000,2000,6450,1500,4000,2,20,low,low,RISK,1
1,1,1,2,Bonus,4271,No,Rents,22,36,62,5,3,OUT-OF-POCKET MAXIMUM,IN-NETWORK,MAXIMUM COST,6450,4000,1500,2000,4000,2,20,low,low,RISK,1
1,1,1,1,Hourly,4605,Yes,Rents,24,38,64,5,3,OUT-OF-POCKET MAXIMUM,IN-NETWORK,MAXIMUM COST,1500,2000,4000,6450,4000,2,20,low,low,RISK,1
1,3,3,3,Salaried,3042,Yes,Rents,16,31,55,5,3,OUT-OF-POCKET MAXIMUM,IN-NETWORK,MAXIMUM COST,6450,1500,2000,4000,4000,2,20,low,low,RISK,1
1,3,3,1,Hourly,170,No,Rents,37,31,59,5,3,OUT-OF-POCKET MAXIMUM,IN-NETWORK,MAXIMUM COST,2000,1500,6450,4000,4000,2,20,low,low,RISK,1
1,1,1,3,Salaried,2062,No,Rents,20,47,55,5,3,OUT-OF-POCKET MAXIMUM,IN-NETWORK,MAXIMUM COST,4000,1500,6450,2000,4000,2,20,low,low,RISK,1
2,2,3,3,Bonus,1962,No,Rents,15,41,60,5,3,OUT-OF-POCKET MAXIMUM,IN-NETWORK,MAXIMUM COST,4000,1500,2000,6450,4000,2,20,low,low,RISK,1
1,1,1,1,Bonus,1006,No,Owns,27,35,73,5,3,OUT-OF-POCKET MAXIMUM,IN-NETWORK,MAXIMUM COST,6450,2000,1500,4000,4000,2,20,low,low,RISK,1
1,3,2,3,Salaried,4555,No,Rents,20,24,60,5,3,OUT-OF-POCKET MAXIMUM,IN-NETWORK,MAXIMUM COST,4000,2000,1500,6450,4000,2,20,low,low,RISK,1
3,1,2,1,Bonus,458,No,Rents,25,43,57,5,3,OUT-OF-POCKET MAXIMUM,IN-NETWORK,MAXIMUM COST,1500,2000,6450,4000,4000,2,20,low,low,RISK,1
3,1,3,1,Hourly,1593,No,Owns,16,25,52,5,3,OUT-OF-POCKET MAXIMUM,IN-NETWORK,MAXIMUM COST,1500,6450,4000,2000,4000,2,20,low,low,RISK,1
1,3,1,2,Hourly,4519,Yes,Owns,26,50,53,5,3,OUT-OF-POCKET MAXIMUM,IN-NETWORK,MAXIMUM COST,2000,4000,6450,1500,4000,2,20,low,low,RISK,1
1,2,1,1,Bonus,2639,No,Rents,16,31,54,5,3,OUT-OF-POCKET MAXIMUM,IN-NETWORK,MAXIMUM COST,2000,1500,6450,4000,4000,2,20,low,low,RISK,1
1,1,3,1,Hourly,2563,Yes,Rents,35,26,75,5,3,OUT-OF-POCKET MAXIMUM,IN-NETWORK,MAXIMUM COST,4000,6450,2000,1500,4000,2,20,low,low,RISK,1
1,2,3,2,Bonus,2810,Yes,Owns,35,49,60,5,3,OUT-OF-POCKET MAXIMUM,IN-NETWORK,MAXIMUM COST,2000,6450,1500,4000,4000,2,20,low,low,RISK,1
2,2,1,2,Hourly,2954,Yes,Owns,39,40,57,5,3,OUT-OF-POCKET MAXIMUM,IN-NETWORK,MAXIMUM COST,4000,1500,2000,6450,4000,2,20,low,low,RISK,1
2,1,3,1,Hourly,2299,Yes,Owns,31,36,56,5,3,OUT-OF-POCKET MAXIMUM,IN-NETWORK,MAXIMUM COST,6450,4000,1500,2000,4000,2,20,low,low,RISK,1
1,1,2,3,Hourly,1155,No,Rents,16,49,59,5,3,OUT-OF-POCKET MAXIMUM,IN-NETWORK,MAXIMUM COST,2000,6450,1500,4000,4000,2,20,low,low,RISK,1
2,1,3,1,Bonus,1856,Yes,Rents,31,20,55,5,3,OUT-OF-POCKET MAXIMUM,IN-NETWORK,MAXIMUM COST,6450,4000,1500,2000,4000,2,20,low,low,RISK,1
3,2,2,1,Salaried,3352,Yes,Rents,18,48,52,5,3,OUT-OF-POCKET MAXIMUM,IN-NETWORK,MAXIMUM COST,4000,6450,1500,2000,4000,2,20,low,low,RISK,1
3,1,1,2,Hourly,3735,Yes,Owns,34,33,56,5,3,OUT-OF-POCKET MAXIMUM,IN-NETWORK,MAXIMUM COST,2000,4000,6450,1500,4000,2,20,low,low,RISK,1
3,2,1,3,Salaried,1125,Yes,Rents,18,23,53,5,3,OUT-OF-POCKET MAXIMUM,IN-NETWORK,MAXIMUM COST,4000,1500,2000,6450,4000,2,20,low,low,RISK,1
3,1,2,1,Bonus,4695,No,Owns,15,38,56,5,3,OUT-OF-POCKET MAXIMUM,IN-NETWORK,MAXIMUM COST,1500,4000,2000,6450,4000,2,20,low,low,RISK,1
2,2,2,2,Salaried,1210,No,Rents,38,24,64,5,3,OUT-OF-POCKET MAXIMUM,IN-NETWORK,MAXIMUM COST,4000,6450,2000,1500,4000,2,20,low,low,RISK,1
2,3,2,1,Bonus,3149,No,Owns,17,29,55,5,3,OUT-OF-POCKET MAXIMUM,IN-NETWORK,MAXIMUM COST,1500,4000,2000,6450,4000,2,20,low,low,RISK,1
2,2,2,2,Bonus,3757,No,Rents,18,26,51,5,3,OUT-OF-POCKET MAXIMUM,IN-NETWORK,MAXIMUM COST,6450,2000,4000,1500,4000,2,20,low,low,RISK,1
3,1,3,2,Salaried,4038,Yes,Rents,28,36,62,5,3,OUT-OF-POCKET MAXIMUM,IN-NETWORK,MAXIMUM COST,4000,2000,6450,1500,4000,2,20,low,low,RISK,1
1,1,1,3,Bonus,381,No,Owns,20,38,64,5,3,OUT-OF-POCKET MAXIMUM,IN-NETWORK,MAXIMUM COST,4000,1500,6450,2000,4000,2,20,low,low,RISK,1
1,1,1,2,Hourly,2879,Yes,Rents,37,31,55,5,3,OUT-OF-POCKET MAXIMUM,IN-NETWORK,MAXIMUM COST,6450,1500,4000,2000,4000,2,20,low,low,RISK,1
2,3,1,1,Hourly,2246,No,Owns,38,31,59,5,3,OUT-OF-POCKET MAXIMUM,IN-NETWORK,MAXIMUM COST,6450,2000,4000,1500,4000,2,20,low,low,RISK,1
1,3,2,1,Hourly,3337,No,Rents,18,47,55,5,3,OUT-OF-POCKET MAXIMUM,IN-NETWORK,MAXIMUM COST,6450,4000,2000,1500,4000,2,20,low,low,RISK,1
2,2,1,2,Hourly,874,No,Owns,38,41,60,5,3,OUT-OF-POCKET MAXIMUM,IN-NETWORK,MAXIMUM COST,2000,4000,1500,6450,4000,2,20,low,low,RISK,1
1,2,1,1,Hourly,4470,Yes,Owns,16,35,73,5,3,OUT-OF-POCKET MAXIMUM,IN-NETWORK,MAXIMUM COST,1500,6450,2000,4000,4000,2,20,low,low,RISK,1
3,1,3,1,Hourly,3252,Yes,Owns,24,24,60,5,3,OUT-OF-POCKET MAXIMUM,IN-NETWORK,MAXIMUM COST,2000,4000,6450,1500,4000,2,20,low,low,RISK,1
1,3,1,2,Hourly,176,Yes,Rents,23,43,57,5,3,OUT-OF-POCKET MAXIMUM,IN-NETWORK,MAXIMUM COST,6450,1500,2000,4000,4000,2,20,low,low,RISK,1
2,1,3,1,Hourly,3681,Yes,Owns,17,25,52,5,3,OUT-OF-POCKET MAXIMUM,IN-NETWORK,MAXIMUM COST,4000,2000,1500,6450,4000,2,20,low,low,RISK,1
1,3,2,3,Hourly,1019,Yes,Owns,35,50,53,5,3,OUT-OF-POCKET MAXIMUM,IN-NETWORK,MAXIMUM COST,6450,2000,1500,4000,4000,2,20,low,low,RISK,1
1,3,2,1,Bonus,4493,Yes,Owns,39,31,54,5,3,OUT-OF-POCKET MAXIMUM,IN-NETWORK,MAXIMUM COST,1500,2000,6450,4000,4000,2,20,low,low,RISK,1
1,3,3,1,Salaried,1012,Yes,Owns,34,26,75,5,3,OUT-OF-POCKET MAXIMUM,IN-NETWORK,MAXIMUM COST,4000,6450,2000,1500,4000,2,20,low,low,RISK,1
1,1,2,1,Bonus,1248,Yes,Rents,18,49,60,5,3,OUT-OF-POCKET MAXIMUM,IN-NETWORK,MAXIMUM COST,2000,1500,6450,4000,4000,2,20,low,low,RISK,1
1,1,2,1,Salaried,1214,No,Owns,17,40,57,5,3,OUT-OF-POCKET MAXIMUM,IN-NETWORK,MAXIMUM COST,1500,2000,6450,4000,4000,2,20,low,low,RISK,1
2,1,1,1,Salaried,2852,Yes,Rents,18,36,56,5,3,OUT-OF-POCKET MAXIMUM,IN-NETWORK,MAXIMUM COST,6450,4000,1500,2000,4000,2,20,low,low,RISK,1
2,1,1,1,Bonus,1440,Yes,Owns,24,49,59,5,3,OUT-OF-POCKET MAXIMUM,IN-NETWORK,MAXIMUM COST,4000,6450,2000,1500,4000,2,20,low,low,RISK,1
3,1,3,1,Bonus,2951,No,Owns,26,20,55,5,3,OUT-OF-POCKET MAXIMUM,IN-NETWORK,MAXIMUM COST,2000,1500,4000,6450,4000,2,20,low,low,RISK,1
4,3,2,4,Salaried,4377,No,Rents,46,73,76,5,4,OUT-OF-POCKET MAXIMUM,IN-NETWORK,MAXIMUM COST,4000,2000,1500,6450,4000,2,50,low,low,RISK,1
2,3,4,2,Salaried,1919,No,Owns,48,61,80,5,4,OUT-OF-POCKET MAXIMUM,IN-NETWORK,MAXIMUM COST,2000,4000,1500,6450,4000,2,50,low,low,RISK,1
4,4,3,2,Salaried,4671,Yes,Rents,57,53,77,5,4,OUT-OF-POCKET MAXIMUM,IN-NETWORK,MAXIMUM COST,1500,2000,6450,4000,4000,2,50,low,low,RISK,1
4,4,2,2,Bonus,1139,No,Owns,52,65,80,5,4,OUT-OF-POCKET MAXIMUM,IN-NETWORK,MAXIMUM COST,2000,1500,6450,4000,4000,2,50,low,low,RISK,1
3,4,4,3,Bonus,3085,No,Rents,45,54,88,5,4,OUT-OF-POCKET MAXIMUM,IN-NETWORK,MAXIMUM COST,4000,1500,6450,2000,4000,2,50,low,low,RISK,1
3,4,4,3,Salaried,912,Yes,Rents,61,58,79,5,4,OUT-OF-POCKET MAXIMUM,IN-NETWORK,MAXIMUM COST,6450,1500,4000,2000,4000,2,50,low,low,RISK,1
4,3,4,3,Hourly,3561,Yes,Owns,51,56,75,5,4,OUT-OF-POCKET MAXIMUM,IN-NETWORK,MAXIMUM COST,4000,1500,2000,6450,4000,2,50,low,low,RISK,1
4,4,2,2,Hourly,4350,No,Rents,40,64,87,5,4,OUT-OF-POCKET MAXIMUM,IN-NETWORK,MAXIMUM COST,2000,6450,1500,4000,4000,2,50,low,low,RISK,1
4,4,4,4,Salaried,3664,No,Owns,39,65,88,5,4,OUT-OF-POCKET MAXIMUM,IN-NETWORK,MAXIMUM COST,2000,6450,1500,4000,4000,2,50,low,low,RISK,1
2,3,3,3,Bonus,1972,Yes,Owns,62,60,80,5,4,OUT-OF-POCKET MAXIMUM,IN-NETWORK,MAXIMUM COST,2000,4000,6450,1500,4000,2,50,low,low,RISK,1
3,2,4,4,Salaried,1235,Yes,Rents,55,60,83,5,4,OUT-OF-POCKET MAXIMUM,IN-NETWORK,MAXIMUM COST,6450,1500,2000,4000,4000,2,50,low,low,RISK,1
2,4,3,3,Bonus,2294,Yes,Owns,47,72,79,5,4,OUT-OF-POCKET MAXIMUM,IN-NETWORK,MAXIMUM COST,6450,4000,2000,1500,4000,2,50,low,low,RISK,1
2,3,4,3,Salaried,4592,Yes,Rents,62,68,84,5,4,OUT-OF-POCKET MAXIMUM,IN-NETWORK,MAXIMUM COST,4000,1500,6450,2000,4000,2,50,low,low,RISK,1
3,3,3,4,Hourly,2183,Yes,Owns,37,63,98,5,4,OUT-OF-POCKET MAXIMUM,IN-NETWORK,MAXIMUM COST,6450,4000,2000,1500,4000,2,50,low,low,RISK,1
3,3,4,3,Salaried,1622,Yes,Rents,42,55,84,5,4,OUT-OF-POCKET MAXIMUM,IN-NETWORK,MAXIMUM COST,1500,4000,2000,6450,4000,2,50,low,low,RISK,1
3,4,3,4,Salaried,4259,Yes,Rents,37,70,81,5,4,OUT-OF-POCKET MAXIMUM,IN-NETWORK,MAXIMUM COST,6450,4000,1500,2000,4000,2,50,low,low,RISK,1
4,3,3,4,Salaried,4138,No,Owns,62,55,76,5,4,OUT-OF-POCKET MAXIMUM,IN-NETWORK,MAXIMUM COST,1500,2000,6450,4000,4000,2,50,low,low,RISK,1
4,3,4,4,Bonus,2742,No,Owns,64,75,77,5,4,OUT-OF-POCKET MAXIMUM,IN-NETWORK,MAXIMUM COST,4000,2000,1500,6450,4000,2,50,low,low,RISK,1
3,3,3,4,Bonus,4027,Yes,Rents,43,60,78,5,4,OUT-OF-POCKET MAXIMUM,IN-NETWORK,MAXIMUM COST,6450,4000,1500,2000,4000,2,50,low,low,RISK,1
4,4,2,2,Bonus,3643,No,Rents,59,56,100,5,4,OUT-OF-POCKET MAXIMUM,IN-NETWORK,MAXIMUM COST,2000,4000,6450,1500,4000,2,50,low,low,RISK,1
4,2,4,2,Salaried,1855,No,Rents,63,74,85,5,4,OUT-OF-POCKET MAXIMUM,IN-NETWORK,MAXIMUM COST,4000,6450,2000,1500,4000,2,50,low,low,RISK,1
3,4,2,3,Bonus,4199,No,Owns,57,67,81,5,4,OUT-OF-POCKET MAXIMUM,IN-NETWORK,MAXIMUM COST,1500,2000,6450,4000,4000,2,50,low,low,RISK,1
3,4,3,2,Salaried,358,No,Rents,50,64,80,5,4,OUT-OF-POCKET MAXIMUM,IN-NETWORK,MAXIMUM COST,4000,2000,1500,6450,4000,2,50,low,low,RISK,1
4,3,4,3,Salaried,2175,No,Owns,59,75,83,5,4,OUT-OF-POCKET MAXIMUM,IN-NETWORK,MAXIMUM COST,2000,1500,6450,4000,4000,2,50,low,low,RISK,1
4,4,2,2,Bonus,2804,No,Owns,48,51,79,5,4,OUT-OF-POCKET MAXIMUM,IN-NETWORK,MAXIMUM COST,6450,1500,4000,2000,4000,2,50,low,low,RISK,1
4,4,4,4,Bonus,2793,Yes,Owns,63,73,76,5,4,OUT-OF-POCKET MAXIMUM,IN-NETWORK,MAXIMUM COST,1500,6450,4000,2000,4000,2,50,low,low,RISK,1
4,3,4,2,Salaried,1366,No,Owns,56,61,80,5,4,OUT-OF-POCKET MAXIMUM,IN-NETWORK,MAXIMUM COST,1500,2000,4000,6450,4000,2,50,low,low,RISK,1
2,4,4,4,Salaried,3990,No,Rents,53,53,77,5,4,OUT-OF-POCKET MAXIMUM,IN-NETWORK,MAXIMUM COST,6450,1500,4000,2000,4000,2,50,low,low,RISK,1
2,4,3,3,Salaried,1625,No,Owns,60,65,80,5,4,OUT-OF-POCKET MAXIMUM,IN-NETWORK,MAXIMUM COST,2000,4000,6450,1500,4000,2,50,low,low,RISK,1
4,4,3,3,Hourly,1178,No,Owns,35,54,88,5,4,OUT-OF-POCKET MAXIMUM,IN-NETWORK,MAXIMUM COST,6450,2000,1500,4000,4000,2,50,low,low,RISK,1
3,3,2,2,Hourly,2665,No,Rents,41,58,79,5,4,OUT-OF-POCKET MAXIMUM,IN-NETWORK,MAXIMUM COST,6450,4000,2000,1500,4000,2,50,low,low,RISK,1
4,4,4,2,Hourly,4144,No,Owns,44,56,75,5,4,OUT-OF-POCKET MAXIMUM,IN-NETWORK,MAXIMUM COST,1500,6450,2000,4000,4000,2,50,low,low,RISK,1
3,3,4,3,Hourly,2547,Yes,Owns,55,64,87,5,4,OUT-OF-POCKET MAXIMUM,IN-NETWORK,MAXIMUM COST,2000,1500,6450,4000,4000,2,50,low,low,RISK,1
4,3,4,2,Hourly,152,Yes,Owns,58,65,88,5,4,OUT-OF-POCKET MAXIMUM,IN-NETWORK,MAXIMUM COST,2000,1500,4000,6450,4000,2,50,low,low,RISK,1
3,2,2,3,Bonus,2909,Yes,Rents,45,60,80,5,4,OUT-OF-POCKET MAXIMUM,IN-NETWORK,MAXIMUM COST,1500,6450,4000,2000,4000,2,50,low,low,RISK,1
4,4,3,3,Bonus,2404,Yes,Owns,49,60,83,5,4,OUT-OF-POCKET MAXIMUM,IN-NETWORK,MAXIMUM COST,6450,1500,2000,4000,4000,2,50,low,low,RISK,1
4,2,4,4,Bonus,144,Yes,Owns,46,72,79,5,4,OUT-OF-POCKET MAXIMUM,IN-NETWORK,MAXIMUM COST,2000,1500,6450,4000,4000,2,50,low,low,RISK,1
4,2,4,2,Hourly,2250,No,Owns,48,68,84,5,4,OUT-OF-POCKET MAXIMUM,IN-NETWORK,MAXIMUM COST,6450,2000,4000,1500,4000,2,50,low,low,RISK,1
4,3,3,3,Hourly,4826,No,Owns,47,63,98,5,4,OUT-OF-POCKET MAXIMUM,IN-NETWORK,MAXIMUM COST,2000,4000,6450,1500,4000,2,50,low,low,RISK,1
4,4,2,3,Salaried,792,No,Owns,50,55,84,5,4,OUT-OF-POCKET MAXIMUM,IN-NETWORK,MAXIMUM COST,4000,1500,2000,6450,4000,2,50,low,low,RISK,1
2,4,2,3,Hourly,3429,No,Rents,58,70,81,5,4,OUT-OF-POCKET MAXIMUM,IN-NETWORK,MAXIMUM COST,2000,4000,6450,1500,4000,2,50,low,low,RISK,1
3,4,3,4,Hourly,1596,Yes,Owns,50,55,76,5,4,OUT-OF-POCKET MAXIMUM,IN-NETWORK,MAXIMUM COST,2000,6450,4000,1500,4000,2,50,low,low,RISK,1
4,4,4,3,Salaried,83,Yes,Owns,40,75,77,5,4,OUT-OF-POCKET MAXIMUM,IN-NETWORK,MAXIMUM COST,2000,4000,1500,6450,4000,2,50,low,low,RISK,1
4,4,3,4,Salaried,3601,No,Owns,38,60,78,5,4,OUT-OF-POCKET MAXIMUM,IN-NETWORK,MAXIMUM COST,1500,4000,6450,2000,4000,2,50,low,low,RISK,1
3,4,2,4,Bonus,861,No,Owns,58,56,100,5,4,OUT-OF-POCKET MAXIMUM,IN-NETWORK,MAXIMUM COST,6450,2000,1500,4000,4000,2,50,low,low,RISK,1
2,4,4,4,Salaried,2240,Yes,Rents,59,74,85,5,4,OUT-OF-POCKET MAXIMUM,IN-NETWORK,MAXIMUM COST,1500,4000,2000,6450,4000,2,50,low,low,RISK,1
3,3,2,2,Hourly,2384,No,Rents,37,67,81,5,4,OUT-OF-POCKET MAXIMUM,IN-NETWORK,MAXIMUM COST,2000,6450,1500,4000,4000,2,50,low,low,RISK,1
2,2,3,3,Bonus,2363,Yes,Rents,52,64,80,5,4,OUT-OF-POCKET MAXIMUM,IN-NETWORK,MAXIMUM COST,1500,4000,6450,2000,4000,2,50,low,low,RISK,1
3,3,4,2,Salaried,4539,No,Owns,45,75,83,5,4,OUT-OF-POCKET MAXIMUM,IN-NETWORK,MAXIMUM COST,6450,1500,2000,4000,4000,2,50,low,low,RISK,1
3,3,2,2,Bonus,489,No,Rents,45,51,79,5,4,OUT-OF-POCKET MAXIMUM,IN-NETWORK,MAXIMUM COST,1500,2000,6450,4000,4000,2,50,low,low,RISK,1
4,4,2,4,Bonus,4623,Yes,Owns,40,73,76,5,4,OUT-OF-POCKET MAXIMUM,IN-NETWORK,MAXIMUM COST,1500,6450,2000,4000,4000,2,50,low,low,RISK,1
3,3,3,2,Salaried,153,Yes,Owns,36,61,80,5,4,OUT-OF-POCKET MAXIMUM,IN-NETWORK,MAXIMUM COST,2000,1500,6450,4000,4000,2,50,low,low,RISK,1
3,4,4,4,Salaried,3954,No,Owns,38,53,77,5,4,OUT-OF-POCKET MAXIMUM,IN-NETWORK,MAXIMUM COST,1500,2000,6450,4000,4000,2,50,low,low,RISK,1
3,3,2,3,Salaried,4742,No,Rents,35,65,80,5,4,OUT-OF-POCKET MAXIMUM,IN-NETWORK,MAXIMUM COST,2000,4000,6450,1500,4000,2,50,low,low,RISK,1
2,2,2,3,Hourly,3289,No,Rents,59,54,88,5,4,OUT-OF-POCKET MAXIMUM,IN-NETWORK,MAXIMUM COST,1500,6450,4000,2000,4000,2,50,low,low,RISK,1
2,2,3,3,Bonus,3409,Yes,Rents,54,58,79,5,4,OUT-OF-POCKET MAXIMUM,IN-NETWORK,MAXIMUM COST,2000,1500,6450,4000,4000,2,50,low,low,RISK,1
3,3,4,3,Bonus,3179,No,Rents,42,56,75,5,4,OUT-OF-POCKET MAXIMUM,IN-NETWORK,MAXIMUM COST,1500,4000,6450,2000,4000,2,50,low,low,RISK,1
3,3,2,4,Bonus,4271,No,Rents,43,64,87,5,4,OUT-OF-POCKET MAXIMUM,IN-NETWORK,MAXIMUM COST,2000,4000,6450,1500,4000,2,50,low,low,RISK,1
3,3,3,2,Hourly,4605,Yes,Rents,46,65,88,5,4,OUT-OF-POCKET MAXIMUM,IN-NETWORK,MAXIMUM COST,1500,2000,6450,4000,4000,2,50,low,low,RISK,1
2,4,4,4,Salaried,3042,Yes,Rents,37,60,80,5,4,OUT-OF-POCKET MAXIMUM,IN-NETWORK,MAXIMUM COST,1500,2000,4000,6450,4000,2,50,low,low,RISK,1
2,4,4,3,Hourly,170,No,Rents,61,60,83,5,4,OUT-OF-POCKET MAXIMUM,IN-NETWORK,MAXIMUM COST,6450,4000,2000,1500,4000,2,50,low,low,RISK,1
2,3,3,4,Salaried,2062,No,Rents,40,72,79,5,4,OUT-OF-POCKET MAXIMUM,IN-NETWORK,MAXIMUM COST,2000,1500,6450,4000,4000,2,50,low,low,RISK,1
4,4,4,4,Bonus,1962,No,Rents,35,68,84,5,4,OUT-OF-POCKET MAXIMUM,IN-NETWORK,MAXIMUM COST,6450,4000,2000,1500,4000,2,50,low,low,RISK,1
2,2,3,2,Bonus,1006,No,Owns,50,63,98,5,4,OUT-OF-POCKET MAXIMUM,IN-NETWORK,MAXIMUM COST,2000,4000,6450,1500,4000,2,50,low,low,RISK,1
2,4,3,4,Salaried,4555,No,Rents,42,55,84,5,4,OUT-OF-POCKET MAXIMUM,IN-NETWORK,MAXIMUM COST,2000,1500,6450,4000,4000,2,50,low,low,RISK,1
4,3,4,3,Bonus,458,No,Rents,46,70,81,5,4,OUT-OF-POCKET MAXIMUM,IN-NETWORK,MAXIMUM COST,2000,4000,6450,1500,4000,2,50,low,low,RISK,1
4,3,4,3,Hourly,1593,No,Owns,36,55,76,5,4,OUT-OF-POCKET MAXIMUM,IN-NETWORK,MAXIMUM COST,1500,6450,4000,2000,4000,2,50,low,low,RISK,1
3,4,2,3,Hourly,4519,Yes,Owns,48,75,77,5,4,OUT-OF-POCKET MAXIMUM,IN-NETWORK,MAXIMUM COST,2000,6450,1500,4000,4000,2,50,low,low,RISK,1
2,4,3,3,Bonus,2639,No,Rents,36,60,78,5,4,OUT-OF-POCKET MAXIMUM,IN-NETWORK,MAXIMUM COST,6450,4000,2000,1500,4000,2,50,low,low,RISK,1
2,3,4,3,Hourly,2563,Yes,Rents,59,56,100,5,4,OUT-OF-POCKET MAXIMUM,IN-NETWORK,MAXIMUM COST,4000,2000,6450,1500,4000,2,50,low,low,RISK,1
3,4,4,4,Bonus,2810,Yes,Owns,58,74,85,5,4,OUT-OF-POCKET MAXIMUM,IN-NETWORK,MAXIMUM COST,1500,6450,2000,4000,4000,2,50,low,low,RISK,1
3,4,3,4,Hourly,2954,Yes,Owns,64,67,81,5,4,OUT-OF-POCKET MAXIMUM,IN-NETWORK,MAXIMUM COST,2000,1500,4000,6450,4000,2,50,low,low,RISK,1
3,2,4,3,Hourly,2299,Yes,Owns,54,64,80,5,4,OUT-OF-POCKET MAXIMUM,IN-NETWORK,MAXIMUM COST,1500,6450,2000,4000,4000,2,50,low,low,RISK,1
2,3,4,4,Hourly,1155,No,Rents,37,75,83,5,4,OUT-OF-POCKET MAXIMUM,IN-NETWORK,MAXIMUM COST,1500,4000,2000,6450,4000,2,50,low,low,RISK,1
4,2,4,3,Bonus,1856,Yes,Rents,55,51,79,5,4,OUT-OF-POCKET MAXIMUM,IN-NETWORK,MAXIMUM COST,1500,6450,4000,2000,4000,2,50,low,low,RISK,1
4,4,3,3,Salaried,3352,Yes,Rents,38,73,76,5,4,OUT-OF-POCKET MAXIMUM,IN-NETWORK,MAXIMUM COST,2000,4000,6450,1500,4000,2,50,low,low,RISK,1
4,3,2,3,Hourly,3735,Yes,Owns,58,61,80,5,4,OUT-OF-POCKET MAXIMUM,IN-NETWORK,MAXIMUM COST,2000,6450,4000,1500,4000,2,50,low,low,RISK,1
4,3,3,4,Salaried,1125,Yes,Rents,38,53,77,5,4,OUT-OF-POCKET MAXIMUM,IN-NETWORK,MAXIMUM COST,6450,1500,4000,2000,4000,2,50,low,low,RISK,1
4,2,4,2,Bonus,4695,No,Owns,35,65,80,5,4,OUT-OF-POCKET MAXIMUM,IN-NETWORK,MAXIMUM COST,1500,4000,2000,6450,4000,2,50,low,low,RISK,1
3,3,3,4,Salaried,1210,No,Rents,62,54,88,5,4,OUT-OF-POCKET MAXIMUM,IN-NETWORK,MAXIMUM COST,4000,1500,6450,2000,4000,2,50,low,low,RISK,1
4,4,4,2,Bonus,3149,No,Owns,37,58,79,5,4,OUT-OF-POCKET MAXIMUM,IN-NETWORK,MAXIMUM COST,6450,1500,2000,4000,4000,2,50,low,low,RISK,1
4,3,4,4,Bonus,3757,No,Rents,38,56,75,5,4,OUT-OF-POCKET MAXIMUM,IN-NETWORK,MAXIMUM COST,6450,1500,4000,2000,4000,2,50,low,low,RISK,1
4,3,4,4,Salaried,4038,Yes,Rents,51,64,87,5,4,OUT-OF-POCKET MAXIMUM,IN-NETWORK,MAXIMUM COST,2000,4000,1500,6450,4000,2,50,low,low,RISK,1
2,3,3,4,Bonus,381,No,Owns,41,65,88,5,4,OUT-OF-POCKET MAXIMUM,IN-NETWORK,MAXIMUM COST,6450,4000,1500,2000,4000,2,50,low,low,RISK,1
3,3,3,3,Hourly,2879,Yes,Rents,61,60,80,5,4,OUT-OF-POCKET MAXIMUM,IN-NETWORK,MAXIMUM COST,2000,1500,6450,4000,4000,2,50,low,low,RISK,1
4,4,3,2,Hourly,2246,No,Owns,62,60,83,5,4,OUT-OF-POCKET MAXIMUM,IN-NETWORK,MAXIMUM COST,2000,6450,4000,1500,4000,2,50,low,low,RISK,1
2,4,3,2,Hourly,3337,No,Rents,39,72,79,5,4,OUT-OF-POCKET MAXIMUM,IN-NETWORK,MAXIMUM COST,2000,4000,1500,6450,4000,2,50,low,low,RISK,1
4,3,3,4,Hourly,874,No,Owns,63,68,84,5,4,OUT-OF-POCKET MAXIMUM,IN-NETWORK,MAXIMUM COST,6450,4000,2000,1500,4000,2,50,low,low,RISK,1
3,4,2,3,Hourly,4470,Yes,Owns,36,63,98,5,4,OUT-OF-POCKET MAXIMUM,IN-NETWORK,MAXIMUM COST,2000,4000,1500,6450,4000,2,50,low,low,RISK,1
4,3,4,3,Hourly,3252,Yes,Owns,46,55,84,5,4,OUT-OF-POCKET MAXIMUM,IN-NETWORK,MAXIMUM COST,2000,4000,1500,6450,4000,2,50,low,low,RISK,1
3,4,2,3,Hourly,176,Yes,Rents,45,70,81,5,4,OUT-OF-POCKET MAXIMUM,IN-NETWORK,MAXIMUM COST,4000,1500,6450,2000,4000,2,50,low,low,RISK,1
4,3,4,2,Hourly,3681,Yes,Owns,38,55,76,5,4,OUT-OF-POCKET MAXIMUM,IN-NETWORK,MAXIMUM COST,4000,6450,1500,2000,4000,2,50,low,low,RISK,1
3,4,4,4,Hourly,1019,Yes,Owns,59,75,77,5,4,OUT-OF-POCKET MAXIMUM,IN-NETWORK,MAXIMUM COST,1500,6450,4000,2000,4000,2,50,low,low,RISK,1
3,4,4,3,Bonus,4493,Yes,Owns,64,60,78,5,4,OUT-OF-POCKET MAXIMUM,IN-NETWORK,MAXIMUM COST,6450,1500,4000,2000,4000,2,50,low,low,RISK,1
3,4,4,2,Salaried,1012,Yes,Owns,58,56,100,5,4,OUT-OF-POCKET MAXIMUM,IN-NETWORK,MAXIMUM COST,6450,2000,1500,4000,4000,2,50,low,low,RISK,1
2,2,4,3,Bonus,1248,Yes,Rents,39,74,85,5,4,OUT-OF-POCKET MAXIMUM,IN-NETWORK,MAXIMUM COST,2000,4000,1500,6450,4000,2,50,low,low,RISK,1
2,3,3,3,Salaried,1214,No,Owns,37,67,81,5,4,OUT-OF-POCKET MAXIMUM,IN-NETWORK,MAXIMUM COST,6450,2000,4000,1500,4000,2,50,low,low,RISK,1
4,3,3,2,Salaried,2852,Yes,Rents,38,64,80,5,4,OUT-OF-POCKET MAXIMUM,IN-NETWORK,MAXIMUM COST,6450,4000,2000,1500,4000,2,50,low,low,RISK,1
3,3,2,2,Bonus,1440,Yes,Owns,46,75,83,5,4,OUT-OF-POCKET MAXIMUM,IN-NETWORK,MAXIMUM COST,4000,2000,1500,6450,4000,2,50,low,low,RISK,1
4,2,4,3,Bonus,2951,No,Owns,48,51,79,5,4,OUT-OF-POCKET MAXIMUM,IN-NETWORK,MAXIMUM COST,6450,2000,4000,1500,4000,2,50,low,low,RISK,1
1,0,0,1,Salaried,4377,No,Rents,4,9,1,5,5,OUT-OF-POCKET MAXIMUM,IN-NETWORK,MAXIMUM COST,6450,2000,1500,4000,6450,1,5,low,high,RISK,2
0,0,1,0,Salaried,1919,No,Owns,4,4,5,5,5,OUT-OF-POCKET MAXIMUM,IN-NETWORK,MAXIMUM COST,2000,4000,1500,6450,6450,1,5,low,high,RISK,2
0,0,0,0,Salaried,4671,Yes,Rents,7,1,2,5,5,OUT-OF-POCKET MAXIMUM,IN-NETWORK,MAXIMUM COST,1500,6450,4000,2000,6450,1,5,low,high,RISK,2
1,1,0,0,Bonus,1139,No,Owns,6,6,5,5,5,OUT-OF-POCKET MAXIMUM,IN-NETWORK,MAXIMUM COST,2000,6450,1500,4000,6450,1,5,low,high,RISK,2
0,1,1,0,Bonus,3085,No,Rents,3,1,13,5,5,OUT-OF-POCKET MAXIMUM,IN-NETWORK,MAXIMUM COST,4000,6450,1500,2000,6450,1,5,low,high,RISK,2
0,1,1,0,Salaried,912,Yes,Rents,9,3,4,5,5,OUT-OF-POCKET MAXIMUM,IN-NETWORK,MAXIMUM COST,2000,6450,4000,1500,6450,1,5,low,high,RISK,2
1,0,1,0,Hourly,3561,Yes,Owns,5,2,0,5,5,OUT-OF-POCKET MAXIMUM,IN-NETWORK,MAXIMUM COST,4000,6450,2000,1500,6450,1,5,low,high,RISK,2
1,1,0,0,Hourly,4350,No,Rents,2,5,12,5,5,OUT-OF-POCKET MAXIMUM,IN-NETWORK,MAXIMUM COST,2000,1500,4000,6450,6450,1,5,low,high,RISK,2
1,1,0,1,Salaried,3664,No,Owns,1,6,13,5,5,OUT-OF-POCKET MAXIMUM,IN-NETWORK,MAXIMUM COST,2000,4000,1500,6450,6450,1,5,low,high,RISK,2
0,0,0,0,Bonus,1972,Yes,Owns,9,4,5,5,5,OUT-OF-POCKET MAXIMUM,IN-NETWORK,MAXIMUM COST,4000,2000,6450,1500,6450,1,5,low,high,RISK,2
0,0,1,1,Salaried,1235,Yes,Rents,7,4,8,5,5,OUT-OF-POCKET MAXIMUM,IN-NETWORK,MAXIMUM COST,6450,1500,2000,4000,6450,1,5,low,high,RISK,2
0,1,0,0,Bonus,2294,Yes,Owns,4,9,4,5,5,OUT-OF-POCKET MAXIMUM,IN-NETWORK,MAXIMUM COST,4000,6450,2000,1500,6450,1,5,low,high,RISK,2
0,0,1,0,Salaried,4592,Yes,Rents,9,7,9,5,5,OUT-OF-POCKET MAXIMUM,IN-NETWORK,MAXIMUM COST,4000,1500,6450,2000,6450,1,5,low,high,RISK,2
0,0,0,1,Hourly,2183,Yes,Owns,1,5,23,5,5,OUT-OF-POCKET MAXIMUM,IN-NETWORK,MAXIMUM COST,1500,4000,2000,6450,6450,1,5,low,high,RISK,2
0,0,1,0,Salaried,1622,Yes,Rents,2,1,9,5,5,OUT-OF-POCKET MAXIMUM,IN-NETWORK,MAXIMUM COST,1500,6450,2000,4000,6450,1,5,low,high,RISK,2
0,1,0,1,Salaried,4259,Yes,Rents,1,8,6,5,5,OUT-OF-POCKET MAXIMUM,IN-NETWORK,MAXIMUM COST,1500,4000,2000,6450,6450,1,5,low,high,RISK,2
1,0,0,1,Salaried,4138,No,Owns,9,2,1,5,5,OUT-OF-POCKET MAXIMUM,IN-NETWORK,MAXIMUM COST,2000,4000,1500,6450,6450,1,5,low,high,RISK,2
1,0,0,1,Bonus,2742,No,Owns,10,10,2,5,5,OUT-OF-POCKET MAXIMUM,IN-NETWORK,MAXIMUM COST,4000,2000,1500,6450,6450,1,5,low,high,RISK,2
0,0,0,1,Bonus,4027,Yes,Rents,3,4,3,5,5,OUT-OF-POCKET MAXIMUM,IN-NETWORK,MAXIMUM COST,6450,2000,1500,4000,6450,1,5,low,high,RISK,2
1,0,0,0,Bonus,3643,No,Rents,8,2,25,5,5,OUT-OF-POCKET MAXIMUM,IN-NETWORK,MAXIMUM COST,2000,1500,4000,6450,6450,1,5,low,high,RISK,2
1,0,1,0,Salaried,1855,No,Rents,9,10,10,5,5,OUT-OF-POCKET MAXIMUM,IN-NETWORK,MAXIMUM COST,1500,2000,4000,6450,6450,1,5,low,high,RISK,2
0,1,0,0,Bonus,4199,No,Owns,7,7,6,5,5,OUT-OF-POCKET MAXIMUM,IN-NETWORK,MAXIMUM COST,4000,1500,6450,2000,6450,1,5,low,high,RISK,2
0,1,0,0,Salaried,358,No,Rents,5,5,5,5,5,OUT-OF-POCKET MAXIMUM,IN-NETWORK,MAXIMUM COST,6450,1500,4000,2000,6450,1,5,low,high,RISK,2
0,0,1,0,Salaried,2175,No,Owns,8,10,8,5,5,OUT-OF-POCKET MAXIMUM,IN-NETWORK,MAXIMUM COST,4000,1500,2000,6450,6450,1,5,low,high,RISK,2
0,1,0,0,Bonus,2804,No,Owns,4,0,4,5,5,OUT-OF-POCKET MAXIMUM,IN-NETWORK,MAXIMUM COST,4000,1500,6450,2000,6450,1,5,low,high,RISK,2
1,1,1,0,Bonus,2793,Yes,Owns,9,9,1,5,5,OUT-OF-POCKET MAXIMUM,IN-NETWORK,MAXIMUM COST,2000,4000,6450,1500,6450,1,5,low,high,RISK,2
1,0,1,0,Salaried,1366,No,Owns,7,4,5,5,5,OUT-OF-POCKET MAXIMUM,IN-NETWORK,MAXIMUM COST,2000,6450,1500,4000,6450,1,5,low,high,RISK,2
0,1,1,1,Salaried,3990,No,Rents,6,1,2,5,5,OUT-OF-POCKET MAXIMUM,IN-NETWORK,MAXIMUM COST,4000,2000,1500,6450,6450,1,5,low,high,RISK,2
0,0,0,0,Salaried,1625,No,Owns,8,6,5,5,5,OUT-OF-POCKET MAXIMUM,IN-NETWORK,MAXIMUM COST,4000,2000,6450,1500,6450,1,5,low,high,RISK,2
1,1,0,0,Hourly,1178,No,Owns,0,1,13,5,5,OUT-OF-POCKET MAXIMUM,IN-NETWORK,MAXIMUM COST,4000,6450,2000,1500,6450,1,5,low,high,RISK,2
0,0,0,0,Hourly,2665,No,Rents,2,3,4,5,5,OUT-OF-POCKET MAXIMUM,IN-NETWORK,MAXIMUM COST,2000,1500,6450,4000,6450,1,5,low,high,RISK,2
1,1,1,0,Hourly,4144,No,Owns,3,2,0,5,5,OUT-OF-POCKET MAXIMUM,IN-NETWORK,MAXIMUM COST,2000,6450,4000,1500,6450,1,5,low,high,RISK,2
0,0,1,0,Hourly,2547,Yes,Owns,7,5,12,5,5,OUT-OF-POCKET MAXIMUM,IN-NETWORK,MAXIMUM COST,1500,6450,4000,2000,6450,1,5,low,high,RISK,2
1,0,1,0,Hourly,152,Yes,Owns,8,6,13,5,5,OUT-OF-POCKET MAXIMUM,IN-NETWORK,MAXIMUM COST,4000,6450,1500,2000,6450,1,5,low,high,RISK,2
0,0,0,0,Bonus,2909,Yes,Rents,3,4,5,5,5,OUT-OF-POCKET MAXIMUM,IN-NETWORK,MAXIMUM COST,4000,2000,6450,1500,6450,1,5,low,high,RISK,2
1,1,0,0,Bonus,2404,Yes,Owns,5,4,8,5,5,OUT-OF-POCKET MAXIMUM,IN-NETWORK,MAXIMUM COST,1500,4000,2000,6450,6450,1,5,low,high,RISK,2
1,0,1,1,Bonus,144,Yes,Owns,4,9,4,5,5,OUT-OF-POCKET MAXIMUM,IN-NETWORK,MAXIMUM COST,2000,4000,6450,1500,6450,1,5,low,high,RISK,2
1,0,1,0,Hourly,2250,No,Owns,4,7,9,5,5,OUT-OF-POCKET MAXIMUM,IN-NETWORK,MAXIMUM COST,6450,4000,1500,2000,6450,1,5,low,high,RISK,2
1,0,0,0,Hourly,4826,No,Owns,4,5,23,5,5,OUT-OF-POCKET MAXIMUM,IN-NETWORK,MAXIMUM COST,6450,1500,4000,2000,6450,1,5,low,high,RISK,2
1,1,0,0,Salaried,792,No,Owns,5,1,9,5,5,OUT-OF-POCKET MAXIMUM,IN-NETWORK,MAXIMUM COST,2000,1500,4000,6450,6450,1,5,low,high,RISK,2
0,1,0,0,Hourly,3429,No,Rents,8,8,6,5,5,OUT-OF-POCKET MAXIMUM,IN-NETWORK,MAXIMUM COST,2000,4000,6450,1500,6450,1,5,low,high,RISK,2
0,1,0,0,Hourly,1596,Yes,Owns,5,2,1,5,5,OUT-OF-POCKET MAXIMUM,IN-NETWORK,MAXIMUM COST,4000,1500,2000,6450,6450,1,5,low,high,RISK,2
1,1,1,0,Salaried,83,Yes,Owns,2,10,2,5,5,OUT-OF-POCKET MAXIMUM,IN-NETWORK,MAXIMUM COST,6450,4000,1500,2000,6450,1,5,low,high,RISK,2
1,1,0,1,Salaried,3601,No,Owns,1,4,3,5,5,OUT-OF-POCKET MAXIMUM,IN-NETWORK,MAXIMUM COST,6450,4000,1500,2000,6450,1,5,low,high,RISK,2
0,0,0,1,Bonus,861,No,Owns,8,2,25,5,5,OUT-OF-POCKET MAXIMUM,IN-NETWORK,MAXIMUM COST,2000,1500,4000,6450,6450,1,5,low,high,RISK,2
0,1,1,1,Salaried,2240,Yes,Rents,8,10,10,5,5,OUT-OF-POCKET MAXIMUM,IN-NETWORK,MAXIMUM COST,2000,1500,6450,4000,6450,1,5,low,high,RISK,2
0,0,0,0,Hourly,2384,No,Rents,1,7,6,5,5,OUT-OF-POCKET MAXIMUM,IN-NETWORK,MAXIMUM COST,2000,6450,4000,1500,6450,1,5,low,high,RISK,2
0,0,0,0,Bonus,2363,Yes,Rents,6,5,5,5,5,OUT-OF-POCKET MAXIMUM,IN-NETWORK,MAXIMUM COST,2000,1500,4000,6450,6450,1,5,low,high,RISK,2
0,0,1,0,Salaried,4539,No,Owns,3,10,8,5,5,OUT-OF-POCKET MAXIMUM,IN-NETWORK,MAXIMUM COST,4000,2000,6450,1500,6450,1,5,low,high,RISK,2
0,0,0,0,Bonus,489,No,Rents,3,0,4,5,5,OUT-OF-POCKET MAXIMUM,IN-NETWORK,MAXIMUM COST,6450,4000,2000,1500,6450,1,5,low,high,RISK,2
0,1,0,1,Bonus,4623,Yes,Owns,2,9,1,5,5,OUT-OF-POCKET MAXIMUM,IN-NETWORK,MAXIMUM COST,4000,1500,2000,6450,6450,1,5,low,high,RISK,2
0,0,0,0,Salaried,153,Yes,Owns,0,4,5,5,5,OUT-OF-POCKET MAXIMUM,IN-NETWORK,MAXIMUM COST,2000,6450,1500,4000,6450,1,5,low,high,RISK,2
0,1,1,0,Salaried,3954,No,Owns,1,1,2,5,5,OUT-OF-POCKET MAXIMUM,IN-NETWORK,MAXIMUM COST,4000,1500,2000,6450,6450,1,5,low,high,RISK,2
0,0,0,0,Salaried,4742,No,Rents,0,6,5,5,5,OUT-OF-POCKET MAXIMUM,IN-NETWORK,MAXIMUM COST,4000,6450,1500,2000,6450,1,5,low,high,RISK,2
0,0,0,0,Hourly,3289,No,Rents,8,1,13,5,5,OUT-OF-POCKET MAXIMUM,IN-NETWORK,MAXIMUM COST,1500,4000,6450,2000,6450,1,5,low,high,RISK,2
0,0,0,0,Bonus,3409,Yes,Rents,6,3,4,5,5,OUT-OF-POCKET MAXIMUM,IN-NETWORK,MAXIMUM COST,1500,4000,6450,2000,6450,1,5,low,high,RISK,2
0,0,1,0,Bonus,3179,No,Rents,2,2,0,5,5,OUT-OF-POCKET MAXIMUM,IN-NETWORK,MAXIMUM COST,2000,1500,4000,6450,6450,1,5,low,high,RISK,2
0,0,0,0,Bonus,4271,No,Rents,3,5,12,5,5,OUT-OF-POCKET MAXIMUM,IN-NETWORK,MAXIMUM COST,6450,4000,2000,1500,6450,1,5,low,high,RISK,2
0,0,0,0,Hourly,4605,Yes,Rents,4,6,13,5,5,OUT-OF-POCKET MAXIMUM,IN-NETWORK,MAXIMUM COST,4000,1500,6450,2000,6450,1,5,low,high,RISK,2
0,1,1,1,Salaried,3042,Yes,Rents,1,4,5,5,5,OUT-OF-POCKET MAXIMUM,IN-NETWORK,MAXIMUM COST,4000,6450,2000,1500,6450,1,5,low,high,RISK,2
0,1,1,0,Hourly,170,No,Rents,9,4,8,5,5,OUT-OF-POCKET MAXIMUM,IN-NETWORK,MAXIMUM COST,1500,4000,6450,2000,6450,1,5,low,high,RISK,2
0,0,0,1,Salaried,2062,No,Rents,2,9,4,5,5,OUT-OF-POCKET MAXIMUM,IN-NETWORK,MAXIMUM COST,4000,2000,6450,1500,6450,1,5,low,high,RISK,2
1,0,1,1,Bonus,1962,No,Rents,0,7,9,5,5,OUT-OF-POCKET MAXIMUM,IN-NETWORK,MAXIMUM COST,1500,6450,2000,4000,6450,1,5,low,high,RISK,2
0,0,0,0,Bonus,1006,No,Owns,5,5,23,5,5,OUT-OF-POCKET MAXIMUM,IN-NETWORK,MAXIMUM COST,2000,4000,1500,6450,6450,1,5,low,high,RISK,2
0,1,0,1,Salaried,4555,No,Rents,2,1,9,5,5,OUT-OF-POCKET MAXIMUM,IN-NETWORK,MAXIMUM COST,2000,4000,1500,6450,6450,1,5,low,high,RISK,2
1,0,1,0,Bonus,458,No,Rents,4,8,6,5,5,OUT-OF-POCKET MAXIMUM,IN-NETWORK,MAXIMUM COST,4000,2000,6450,1500,6450,1,5,low,high,RISK,2
1,0,1,0,Hourly,1593,No,Owns,0,2,1,5,5,OUT-OF-POCKET MAXIMUM,IN-NETWORK,MAXIMUM COST,6450,4000,1500,2000,6450,1,5,low,high,RISK,2
0,1,0,0,Hourly,4519,Yes,Owns,4,10,2,5,5,OUT-OF-POCKET MAXIMUM,IN-NETWORK,MAXIMUM COST,1500,6450,2000,4000,6450,1,5,low,high,RISK,2
0,1,0,0,Bonus,2639,No,Rents,0,4,3,5,5,OUT-OF-POCKET MAXIMUM,IN-NETWORK,MAXIMUM COST,4000,2000,6450,1500,6450,1,5,low,high,RISK,2
0,0,1,0,Hourly,2563,Yes,Rents,8,2,25,5,5,OUT-OF-POCKET MAXIMUM,IN-NETWORK,MAXIMUM COST,4000,2000,6450,1500,6450,1,5,low,high,RISK,2
0,0,1,1,Bonus,2810,Yes,Owns,8,10,10,5,5,OUT-OF-POCKET MAXIMUM,IN-NETWORK,MAXIMUM COST,4000,6450,1500,2000,6450,1,5,low,high,RISK,2
0,0,0,1,Hourly,2954,Yes,Owns,10,7,6,5,5,OUT-OF-POCKET MAXIMUM,IN-NETWORK,MAXIMUM COST,1500,4000,6450,2000,6450,1,5,low,high,RISK,2
0,0,1,0,Hourly,2299,Yes,Owns,6,5,5,5,5,OUT-OF-POCKET MAXIMUM,IN-NETWORK,MAXIMUM COST,6450,2000,1500,4000,6450,1,5,low,high,RISK,2
0,0,1,1,Hourly,1155,No,Rents,1,10,8,5,5,OUT-OF-POCKET MAXIMUM,IN-NETWORK,MAXIMUM COST,2000,6450,1500,4000,6450,1,5,low,high,RISK,2
1,0,1,0,Bonus,1856,Yes,Rents,7,0,4,5,5,OUT-OF-POCKET MAXIMUM,IN-NETWORK,MAXIMUM COST,2000,1500,6450,4000,6450,1,5,low,high,RISK,2
1,1,0,0,Salaried,3352,Yes,Rents,1,9,1,5,5,OUT-OF-POCKET MAXIMUM,IN-NETWORK,MAXIMUM COST,2000,6450,4000,1500,6450,1,5,low,high,RISK,2
1,0,0,0,Hourly,3735,Yes,Owns,8,4,5,5,5,OUT-OF-POCKET MAXIMUM,IN-NETWORK,MAXIMUM COST,2000,6450,4000,1500,6450,1,5,low,high,RISK,2
1,0,0,1,Salaried,1125,Yes,Rents,1,1,2,5,5,OUT-OF-POCKET MAXIMUM,IN-NETWORK,MAXIMUM COST,4000,2000,1500,6450,6450,1,5,low,high,RISK,2
1,0,1,0,Bonus,4695,No,Owns,0,6,5,5,5,OUT-OF-POCKET MAXIMUM,IN-NETWORK,MAXIMUM COST,6450,4000,2000,1500,6450,1,5,low,high,RISK,2
0,0,0,1,Salaried,1210,No,Rents,9,1,13,5,5,OUT-OF-POCKET MAXIMUM,IN-NETWORK,MAXIMUM COST,2000,4000,6450,1500,6450,1,5,low,high,RISK,2
1,1,1,0,Bonus,3149,No,Owns,1,3,4,5,5,OUT-OF-POCKET MAXIMUM,IN-NETWORK,MAXIMUM COST,4000,2000,1500,6450,6450,1,5,low,high,RISK,2
1,0,0,0,Bonus,3757,No,Rents,1,2,0,5,5,OUT-OF-POCKET MAXIMUM,IN-NETWORK,MAXIMUM COST,2000,6450,4000,1500,6450,1,5,low,high,RISK,2
1,0,1,1,Salaried,4038,Yes,Rents,5,5,12,5,5,OUT-OF-POCKET MAXIMUM,IN-NETWORK,MAXIMUM COST,6450,4000,2000,1500,6450,1,5,low,high,RISK,2
0,0,0,1,Bonus,381,No,Owns,2,6,13,5,5,OUT-OF-POCKET MAXIMUM,IN-NETWORK,MAXIMUM COST,6450,1500,4000,2000,6450,1,5,low,high,RISK,2
0,0,0,0,Hourly,2879,Yes,Rents,9,4,5,5,5,OUT-OF-POCKET MAXIMUM,IN-NETWORK,MAXIMUM COST,2000,1500,6450,4000,6450,1,5,low,high,RISK,2
0,1,0,0,Hourly,2246,No,Owns,9,4,8,5,5,OUT-OF-POCKET MAXIMUM,IN-NETWORK,MAXIMUM COST,2000,1500,6450,4000,6450,1,5,low,high,RISK,2
0,1,0,0,Hourly,3337,No,Rents,1,9,4,5,5,OUT-OF-POCKET MAXIMUM,IN-NETWORK,MAXIMUM COST,6450,4000,2000,1500,6450,1,5,low,high,RISK,2
1,0,0,0,Hourly,874,No,Owns,9,7,9,5,5,OUT-OF-POCKET MAXIMUM,IN-NETWORK,MAXIMUM COST,1500,6450,4000,2000,6450,1,5,low,high,RISK,2
0,1,0,0,Hourly,4470,Yes,Owns,0,5,23,5,5,OUT-OF-POCKET MAXIMUM,IN-NETWORK,MAXIMUM COST,4000,6450,1500,2000,6450,1,5,low,high,RISK,2
1,0,1,0,Hourly,3252,Yes,Owns,4,1,9,5,5,OUT-OF-POCKET MAXIMUM,IN-NETWORK,MAXIMUM COST,1500,2000,4000,6450,6450,1,5,low,high,RISK,2
0,1,0,0,Hourly,176,Yes,Rents,3,8,6,5,5,OUT-OF-POCKET MAXIMUM,IN-NETWORK,MAXIMUM COST,2000,1500,4000,6450,6450,1,5,low,high,RISK,2
0,0,1,0,Hourly,3681,Yes,Owns,1,2,1,5,5,OUT-OF-POCKET MAXIMUM,IN-NETWORK,MAXIMUM COST,1500,2000,6450,4000,6450,1,5,low,high,RISK,2
0,1,1,1,Hourly,1019,Yes,Owns,8,10,2,5,5,OUT-OF-POCKET MAXIMUM,IN-NETWORK,MAXIMUM COST,1500,6450,2000,4000,6450,1,5,low,high,RISK,2
0,1,1,0,Bonus,4493,Yes,Owns,10,4,3,5,5,OUT-OF-POCKET MAXIMUM,IN-NETWORK,MAXIMUM COST,4000,6450,1500,2000,6450,1,5,low,high,RISK,2
0,1,1,0,Salaried,1012,Yes,Owns,8,2,25,5,5,OUT-OF-POCKET MAXIMUM,IN-NETWORK,MAXIMUM COST,1500,4000,6450,2000,6450,1,5,low,high,RISK,2
0,0,0,0,Bonus,1248,Yes,Rents,1,10,10,5,5,OUT-OF-POCKET MAXIMUM,IN-NETWORK,MAXIMUM COST,4000,6450,1500,2000,6450,1,5,low,high,RISK,2
0,0,0,0,Salaried,1214,No,Owns,1,7,6,5,5,OUT-OF-POCKET MAXIMUM,IN-NETWORK,MAXIMUM COST,1500,6450,4000,2000,6450,1,5,low,high,RISK,2
1,0,0,0,Salaried,2852,Yes,Rents,1,5,5,5,5,OUT-OF-POCKET MAXIMUM,IN-NETWORK,MAXIMUM COST,2000,6450,1500,4000,6450,1,5,low,high,RISK,2
0,0,0,0,Bonus,1440,Yes,Owns,4,10,8,5,5,OUT-OF-POCKET MAXIMUM,IN-NETWORK,MAXIMUM COST,6450,2000,1500,4000,6450,1,5,low,high,RISK,2
1,0,1,0,Bonus,2951,No,Owns,4,0,4,5,5,OUT-OF-POCKET MAXIMUM,IN-NETWORK,MAXIMUM COST,2000,4000,6450,1500,6450,1,5,low,high,RISK,2
2,1,0,2,Salaried,4377,No,Rents,10,19,27,5,6,OUT-OF-POCKET MAXIMUM,IN-NETWORK,MAXIMUM COST,4000,1500,2000,6450,4000,2,10,low,high,RISK,2
0,1,1,0,Salaried,1919,No,Owns,10,15,31,5,6,OUT-OF-POCKET MAXIMUM,IN-NETWORK,MAXIMUM COST,1500,4000,2000,6450,4000,2,10,low,high,RISK,2
1,1,0,0,Salaried,4671,Yes,Rents,15,12,28,5,6,OUT-OF-POCKET MAXIMUM,IN-NETWORK,MAXIMUM COST,1500,2000,6450,4000,4000,2,10,low,high,RISK,2
2,1,0,0,Bonus,1139,No,Owns,13,16,31,5,6,OUT-OF-POCKET MAXIMUM,IN-NETWORK,MAXIMUM COST,6450,2000,1500,4000,4000,2,10,low,high,RISK,2
1,1,2,1,Bonus,3085,No,Rents,9,12,39,5,6,OUT-OF-POCKET MAXIMUM,IN-NETWORK,MAXIMUM COST,4000,2000,6450,1500,4000,2,10,low,high,RISK,2
0,1,2,0,Salaried,912,Yes,Rents,16,14,30,5,6,OUT-OF-POCKET MAXIMUM,IN-NETWORK,MAXIMUM COST,2000,4000,6450,1500,4000,2,10,low,high,RISK,2
1,0,2,1,Hourly,3561,Yes,Owns,12,13,26,5,6,OUT-OF-POCKET MAXIMUM,IN-NETWORK,MAXIMUM COST,4000,2000,1500,6450,4000,2,10,low,high,RISK,2
1,2,0,0,Hourly,4350,No,Rents,7,16,37,5,6,OUT-OF-POCKET MAXIMUM,IN-NETWORK,MAXIMUM COST,1500,4000,2000,6450,4000,2,10,low,high,RISK,2
2,2,1,2,Salaried,3664,No,Owns,7,16,39,5,6,OUT-OF-POCKET MAXIMUM,IN-NETWORK,MAXIMUM COST,4000,6450,2000,1500,4000,2,10,low,high,RISK,2
0,0,0,1,Bonus,1972,Yes,Owns,17,14,30,5,6,OUT-OF-POCKET MAXIMUM,IN-NETWORK,MAXIMUM COST,4000,6450,1500,2000,4000,2,10,low,high,RISK,2
1,0,2,2,Salaried,1235,Yes,Rents,14,14,34,5,6,OUT-OF-POCKET MAXIMUM,IN-NETWORK,MAXIMUM COST,6450,1500,4000,2000,4000,2,10,low,high,RISK,2
0,2,0,1,Bonus,2294,Yes,Owns,10,19,30,5,6,OUT-OF-POCKET MAXIMUM,IN-NETWORK,MAXIMUM COST,1500,4000,2000,6450,4000,2,10,low,high,RISK,2
0,1,2,0,Salaried,4592,Yes,Rents,16,17,35,5,6,OUT-OF-POCKET MAXIMUM,IN-NETWORK,MAXIMUM COST,4000,2000,6450,1500,4000,2,10,low,high,RISK,2
0,0,1,1,Hourly,2183,Yes,Owns,6,15,48,5,6,OUT-OF-POCKET MAXIMUM,IN-NETWORK,MAXIMUM COST,1500,2000,6450,4000,4000,2,10,low,high,RISK,2
1,1,2,1,Salaried,1622,Yes,Rents,8,12,35,5,6,OUT-OF-POCKET MAXIMUM,IN-NETWORK,MAXIMUM COST,1500,6450,2000,4000,4000,2,10,low,high,RISK,2
1,2,1,2,Salaried,4259,Yes,Rents,6,18,32,5,6,OUT-OF-POCKET MAXIMUM,IN-NETWORK,MAXIMUM COST,4000,2000,1500,6450,4000,2,10,low,high,RISK,2
2,1,1,2,Salaried,4138,No,Owns,17,13,27,5,6,OUT-OF-POCKET MAXIMUM,IN-NETWORK,MAXIMUM COST,1500,6450,2000,4000,4000,2,10,low,high,RISK,2
2,0,1,2,Bonus,2742,No,Owns,17,20,28,5,6,OUT-OF-POCKET MAXIMUM,IN-NETWORK,MAXIMUM COST,2000,4000,6450,1500,4000,2,10,low,high,RISK,2
1,1,0,2,Bonus,4027,Yes,Rents,8,14,29,5,6,OUT-OF-POCKET MAXIMUM,IN-NETWORK,MAXIMUM COST,4000,1500,2000,6450,4000,2,10,low,high,RISK,2
1,1,0,0,Bonus,3643,No,Rents,16,13,50,5,6,OUT-OF-POCKET MAXIMUM,IN-NETWORK,MAXIMUM COST,2000,4000,1500,6450,4000,2,10,low,high,RISK,2
1,0,2,0,Salaried,1855,No,Rents,17,20,35,5,6,OUT-OF-POCKET MAXIMUM,IN-NETWORK,MAXIMUM COST,4000,2000,6450,1500,4000,2,10,low,high,RISK,2
1,2,0,1,Bonus,4199,No,Owns,14,17,32,5,6,OUT-OF-POCKET MAXIMUM,IN-NETWORK,MAXIMUM COST,6450,2000,1500,4000,4000,2,10,low,high,RISK,2
0,2,1,0,Salaried,358,No,Rents,12,16,31,5,6,OUT-OF-POCKET MAXIMUM,IN-NETWORK,MAXIMUM COST,1500,2000,6450,4000,4000,2,10,low,high,RISK,2
1,1,1,1,Salaried,2175,No,Owns,16,20,34,5,6,OUT-OF-POCKET MAXIMUM,IN-NETWORK,MAXIMUM COST,6450,4000,1500,2000,4000,2,10,low,high,RISK,2
1,1,0,0,Bonus,2804,No,Owns,11,11,30,5,6,OUT-OF-POCKET MAXIMUM,IN-NETWORK,MAXIMUM COST,1500,4000,6450,2000,4000,2,10,low,high,RISK,2
2,1,2,1,Bonus,2793,Yes,Owns,17,19,27,5,6,OUT-OF-POCKET MAXIMUM,IN-NETWORK,MAXIMUM COST,2000,6450,4000,1500,4000,2,10,low,high,RISK,2
2,0,2,0,Salaried,1366,No,Owns,14,15,31,5,6,OUT-OF-POCKET MAXIMUM,IN-NETWORK,MAXIMUM COST,2000,4000,1500,6450,4000,2,10,low,high,RISK,2
0,1,1,2,Salaried,3990,No,Rents,13,12,28,5,6,OUT-OF-POCKET MAXIMUM,IN-NETWORK,MAXIMUM COST,6450,1500,2000,4000,4000,2,10,low,high,RISK,2
0,1,1,0,Salaried,1625,No,Owns,16,16,31,5,6,OUT-OF-POCKET MAXIMUM,IN-NETWORK,MAXIMUM COST,2000,1500,6450,4000,4000,2,10,low,high,RISK,2
1,2,0,0,Hourly,1178,No,Owns,5,12,39,5,6,OUT-OF-POCKET MAXIMUM,IN-NETWORK,MAXIMUM COST,1500,2000,6450,4000,4000,2,10,low,high,RISK,2
1,1,0,0,Hourly,2665,No,Rents,8,14,30,5,6,OUT-OF-POCKET MAXIMUM,IN-NETWORK,MAXIMUM COST,1500,4000,2000,6450,4000,2,10,low,high,RISK,2
1,1,2,0,Hourly,4144,No,Owns,9,13,26,5,6,OUT-OF-POCKET MAXIMUM,IN-NETWORK,MAXIMUM COST,2000,4000,1500,6450,4000,2,10,low,high,RISK,2
1,1,2,0,Hourly,2547,Yes,Owns,14,16,37,5,6,OUT-OF-POCKET MAXIMUM,IN-NETWORK,MAXIMUM COST,1500,4000,6450,2000,4000,2,10,low,high,RISK,2
1,1,1,0,Hourly,152,Yes,Owns,15,16,39,5,6,OUT-OF-POCKET MAXIMUM,IN-NETWORK,MAXIMUM COST,6450,2000,4000,1500,4000,2,10,low,high,RISK,2
0,0,0,0,Bonus,2909,Yes,Rents,9,14,30,5,6,OUT-OF-POCKET MAXIMUM,IN-NETWORK,MAXIMUM COST,1500,6450,4000,2000,4000,2,10,low,high,RISK,2
2,2,1,1,Bonus,2404,Yes,Owns,11,14,34,5,6,OUT-OF-POCKET MAXIMUM,IN-NETWORK,MAXIMUM COST,6450,4000,1500,2000,4000,2,10,low,high,RISK,2
2,0,1,2,Bonus,144,Yes,Owns,10,19,30,5,6,OUT-OF-POCKET MAXIMUM,IN-NETWORK,MAXIMUM COST,4000,2000,6450,1500,4000,2,10,low,high,RISK,2
2,0,1,0,Hourly,2250,No,Owns,11,17,35,5,6,OUT-OF-POCKET MAXIMUM,IN-NETWORK,MAXIMUM COST,4000,2000,6450,1500,4000,2,10,low,high,RISK,2
2,0,0,0,Hourly,4826,No,Owns,10,15,48,5,6,OUT-OF-POCKET MAXIMUM,IN-NETWORK,MAXIMUM COST,2000,6450,1500,4000,4000,2,10,low,high,RISK,2
1,1,0,0,Salaried,792,No,Owns,12,12,35,5,6,OUT-OF-POCKET MAXIMUM,IN-NETWORK,MAXIMUM COST,4000,6450,2000,1500,4000,2,10,low,high,RISK,2
0,2,0,1,Hourly,3429,No,Rents,15,18,32,5,6,OUT-OF-POCKET MAXIMUM,IN-NETWORK,MAXIMUM COST,2000,4000,1500,6450,4000,2,10,low,high,RISK,2
0,2,0,1,Hourly,1596,Yes,Owns,11,13,27,5,6,OUT-OF-POCKET MAXIMUM,IN-NETWORK,MAXIMUM COST,6450,2000,1500,4000,4000,2,10,low,high,RISK,2
1,1,2,0,Salaried,83,Yes,Owns,7,20,28,5,6,OUT-OF-POCKET MAXIMUM,IN-NETWORK,MAXIMUM COST,4000,6450,2000,1500,4000,2,10,low,high,RISK,2
1,2,0,2,Salaried,3601,No,Owns,6,14,29,5,6,OUT-OF-POCKET MAXIMUM,IN-NETWORK,MAXIMUM COST,4000,1500,2000,6450,4000,2,10,low,high,RISK,2
1,1,0,1,Bonus,861,No,Owns,15,13,50,5,6,OUT-OF-POCKET MAXIMUM,IN-NETWORK,MAXIMUM COST,4000,1500,6450,2000,4000,2,10,low,high,RISK,2
0,2,2,2,Salaried,2240,Yes,Rents,15,20,35,5,6,OUT-OF-POCKET MAXIMUM,IN-NETWORK,MAXIMUM COST,2000,1500,4000,6450,4000,2,10,low,high,RISK,2
1,0,0,0,Hourly,2384,No,Rents,6,17,32,5,6,OUT-OF-POCKET MAXIMUM,IN-NETWORK,MAXIMUM COST,6450,1500,4000,2000,4000,2,10,low,high,RISK,2
0,0,0,0,Bonus,2363,Yes,Rents,12,16,31,5,6,OUT-OF-POCKET MAXIMUM,IN-NETWORK,MAXIMUM COST,4000,2000,1500,6450,4000,2,10,low,high,RISK,2
1,1,2,0,Salaried,4539,No,Owns,10,20,34,5,6,OUT-OF-POCKET MAXIMUM,IN-NETWORK,MAXIMUM COST,1500,4000,2000,6450,4000,2,10,low,high,RISK,2
1,1,0,0,Bonus,489,No,Rents,9,11,30,5,6,OUT-OF-POCKET MAXIMUM,IN-NETWORK,MAXIMUM COST,4000,1500,6450,2000,4000,2,10,low,high,RISK,2
1,2,0,2,Bonus,4623,Yes,Owns,7,19,27,5,6,OUT-OF-POCKET MAXIMUM,IN-NETWORK,MAXIMUM COST,2000,6450,4000,1500,4000,2,10,low,high,RISK,2
1,0,0,0,Salaried,153,Yes,Owns,5,15,31,5,6,OUT-OF-POCKET MAXIMUM,IN-NETWORK,MAXIMUM COST,4000,2000,6450,1500,4000,2,10,low,high,RISK,2
0,2,2,1,Salaried,3954,No,Owns,6,12,28,5,6,OUT-OF-POCKET MAXIMUM,IN-NETWORK,MAXIMUM COST,2000,6450,4000,1500,4000,2,10,low,high,RISK,2
0,1,0,0,Salaried,4742,No,Rents,5,16,31,5,6,OUT-OF-POCKET MAXIMUM,IN-NETWORK,MAXIMUM COST,6450,2000,4000,1500,4000,2,10,low,high,RISK,2
0,0,0,1,Hourly,3289,No,Rents,15,12,39,5,6,OUT-OF-POCKET MAXIMUM,IN-NETWORK,MAXIMUM COST,2000,1500,6450,4000,4000,2,10,low,high,RISK,2
0,0,1,1,Bonus,3409,Yes,Rents,13,14,30,5,6,OUT-OF-POCKET MAXIMUM,IN-NETWORK,MAXIMUM COST,1500,6450,4000,2000,4000,2,10,low,high,RISK,2
0,0,2,1,Bonus,3179,No,Rents,8,13,26,5,6,OUT-OF-POCKET MAXIMUM,IN-NETWORK,MAXIMUM COST,4000,2000,1500,6450,4000,2,10,low,high,RISK,2
0,0,0,1,Bonus,4271,No,Rents,9,16,37,5,6,OUT-OF-POCKET MAXIMUM,IN-NETWORK,MAXIMUM COST,2000,1500,6450,4000,4000,2,10,low,high,RISK,2
0,0,0,0,Hourly,4605,Yes,Rents,10,16,39,5,6,OUT-OF-POCKET MAXIMUM,IN-NETWORK,MAXIMUM COST,6450,1500,2000,4000,4000,2,10,low,high,RISK,2
0,2,2,2,Salaried,3042,Yes,Rents,6,14,30,5,6,OUT-OF-POCKET MAXIMUM,IN-NETWORK,MAXIMUM COST,2000,4000,6450,1500,4000,2,10,low,high,RISK,2
0,2,2,0,Hourly,170,No,Rents,16,14,34,5,6,OUT-OF-POCKET MAXIMUM,IN-NETWORK,MAXIMUM COST,4000,1500,6450,2000,4000,2,10,low,high,RISK,2
0,1,0,2,Salaried,2062,No,Rents,7,19,30,5,6,OUT-OF-POCKET MAXIMUM,IN-NETWORK,MAXIMUM COST,4000,6450,2000,1500,4000,2,10,low,high,RISK,2
1,1,2,2,Bonus,1962,No,Rents,5,17,35,5,6,OUT-OF-POCKET MAXIMUM,IN-NETWORK,MAXIMUM COST,1500,4000,2000,6450,4000,2,10,low,high,RISK,2
0,0,0,0,Bonus,1006,No,Owns,11,15,48,5,6,OUT-OF-POCKET MAXIMUM,IN-NETWORK,MAXIMUM COST,6450,2000,4000,1500,4000,2,10,low,high,RISK,2
0,2,1,2,Salaried,4555,No,Rents,8,12,35,5,6,OUT-OF-POCKET MAXIMUM,IN-NETWORK,MAXIMUM COST,1500,6450,2000,4000,4000,2,10,low,high,RISK,2
2,1,1,0,Bonus,458,No,Rents,10,18,32,5,6,OUT-OF-POCKET MAXIMUM,IN-NETWORK,MAXIMUM COST,2000,6450,1500,4000,4000,2,10,low,high,RISK,2
2,0,2,1,Hourly,1593,No,Owns,5,13,27,5,6,OUT-OF-POCKET MAXIMUM,IN-NETWORK,MAXIMUM COST,1500,6450,2000,4000,4000,2,10,low,high,RISK,2
0,2,0,1,Hourly,4519,Yes,Owns,11,20,28,5,6,OUT-OF-POCKET MAXIMUM,IN-NETWORK,MAXIMUM COST,2000,6450,1500,4000,4000,2,10,low,high,RISK,2
0,1,0,0,Bonus,2639,No,Rents,5,14,29,5,6,OUT-OF-POCKET MAXIMUM,IN-NETWORK,MAXIMUM COST,4000,1500,2000,6450,4000,2,10,low,high,RISK,2
0,0,2,1,Hourly,2563,Yes,Rents,15,13,50,5,6,OUT-OF-POCKET MAXIMUM,IN-NETWORK,MAXIMUM COST,6450,1500,2000,4000,4000,2,10,low,high,RISK,2
0,1,2,1,Bonus,2810,Yes,Owns,15,20,35,5,6,OUT-OF-POCKET MAXIMUM,IN-NETWORK,MAXIMUM COST,2000,6450,1500,4000,4000,2,10,low,high,RISK,2
1,1,0,1,Hourly,2954,Yes,Owns,18,17,32,5,6,OUT-OF-POCKET MAXIMUM,IN-NETWORK,MAXIMUM COST,1500,4000,6450,2000,4000,2,10,low,high,RISK,2
1,0,2,0,Hourly,2299,Yes,Owns,13,16,31,5,6,OUT-OF-POCKET MAXIMUM,IN-NETWORK,MAXIMUM COST,4000,6450,1500,2000,4000,2,10,low,high,RISK,2
0,0,1,2,Hourly,1155,No,Rents,6,20,34,5,6,OUT-OF-POCKET MAXIMUM,IN-NETWORK,MAXIMUM COST,4000,1500,2000,6450,4000,2,10,low,high,RISK,2
1,0,2,0,Bonus,1856,Yes,Rents,14,11,30,5,6,OUT-OF-POCKET MAXIMUM,IN-NETWORK,MAXIMUM COST,1500,2000,4000,6450,4000,2,10,low,high,RISK,2
2,1,1,0,Salaried,3352,Yes,Rents,6,19,27,5,6,OUT-OF-POCKET MAXIMUM,IN-NETWORK,MAXIMUM COST,1500,4000,2000,6450,4000,2,10,low,high,RISK,2
2,0,0,1,Hourly,3735,Yes,Owns,15,15,31,5,6,OUT-OF-POCKET MAXIMUM,IN-NETWORK,MAXIMUM COST,2000,4000,6450,1500,4000,2,10,low,high,RISK,2
2,1,0,2,Salaried,1125,Yes,Rents,6,12,28,5,6,OUT-OF-POCKET MAXIMUM,IN-NETWORK,MAXIMUM COST,2000,4000,6450,1500,4000,2,10,low,high,RISK,2
2,0,1,0,Bonus,4695,No,Owns,5,16,31,5,6,OUT-OF-POCKET MAXIMUM,IN-NETWORK,MAXIMUM COST,1500,4000,6450,2000,4000,2,10,low,high,RISK,2
1,1,1,1,Salaried,1210,No,Rents,17,12,39,5,6,OUT-OF-POCKET MAXIMUM,IN-NETWORK,MAXIMUM COST,2000,4000,1500,6450,4000,2,10,low,high,RISK,2
1,2,1,0,Bonus,3149,No,Owns,6,14,30,5,6,OUT-OF-POCKET MAXIMUM,IN-NETWORK,MAXIMUM COST,1500,2000,4000,6450,4000,2,10,low,high,RISK,2
1,1,1,1,Bonus,3757,No,Rents,6,13,26,5,6,OUT-OF-POCKET MAXIMUM,IN-NETWORK,MAXIMUM COST,2000,6450,4000,1500,4000,2,10,low,high,RISK,2
1,0,2,1,Salaried,4038,Yes,Rents,12,16,37,5,6,OUT-OF-POCKET MAXIMUM,IN-NETWORK,MAXIMUM COST,4000,6450,2000,1500,4000,2,10,low,high,RISK,2
0,0,0,2,Bonus,381,No,Owns,8,16,39,5,6,OUT-OF-POCKET MAXIMUM,IN-NETWORK,MAXIMUM COST,1500,6450,2000,4000,4000,2,10,low,high,RISK,2
0,0,1,1,Hourly,2879,Yes,Rents,16,14,30,5,6,OUT-OF-POCKET MAXIMUM,IN-NETWORK,MAXIMUM COST,1500,6450,4000,2000,4000,2,10,low,high,RISK,2
1,2,0,0,Hourly,2246,No,Owns,17,14,34,5,6,OUT-OF-POCKET MAXIMUM,IN-NETWORK,MAXIMUM COST,6450,4000,1500,2000,4000,2,10,low,high,RISK,2
0,2,1,0,Hourly,3337,No,Rents,7,19,30,5,6,OUT-OF-POCKET MAXIMUM,IN-NETWORK,MAXIMUM COST,4000,1500,2000,6450,4000,2,10,low,high,RISK,2
1,1,1,1,Hourly,874,No,Owns,17,17,35,5,6,OUT-OF-POCKET MAXIMUM,IN-NETWORK,MAXIMUM COST,2000,4000,6450,1500,4000,2,10,low,high,RISK,2
0,1,0,0,Hourly,4470,Yes,Owns,6,15,48,5,6,OUT-OF-POCKET MAXIMUM,IN-NETWORK,MAXIMUM COST,2000,6450,1500,4000,4000,2,10,low,high,RISK,2
2,0,1,1,Hourly,3252,Yes,Owns,10,12,35,5,6,OUT-OF-POCKET MAXIMUM,IN-NETWORK,MAXIMUM COST,2000,1500,6450,4000,4000,2,10,low,high,RISK,2
0,2,0,1,Hourly,176,Yes,Rents,9,18,32,5,6,OUT-OF-POCKET MAXIMUM,IN-NETWORK,MAXIMUM COST,6450,1500,2000,4000,4000,2,10,low,high,RISK,2
1,0,2,0,Hourly,3681,Yes,Owns,6,13,27,5,6,OUT-OF-POCKET MAXIMUM,IN-NETWORK,MAXIMUM COST,2000,4000,6450,1500,4000,2,10,low,high,RISK,2
1,2,1,2,Hourly,1019,Yes,Owns,15,20,28,5,6,OUT-OF-POCKET MAXIMUM,IN-NETWORK,MAXIMUM COST,6450,4000,2000,1500,4000,2,10,low,high,RISK,2
1,2,1,1,Bonus,4493,Yes,Owns,18,14,29,5,6,OUT-OF-POCKET MAXIMUM,IN-NETWORK,MAXIMUM COST,6450,1500,2000,4000,4000,2,10,low,high,RISK,2
1,2,2,0,Salaried,1012,Yes,Owns,15,13,50,5,6,OUT-OF-POCKET MAXIMUM,IN-NETWORK,MAXIMUM COST,6450,4000,2000,1500,4000,2,10,low,high,RISK,2
0,0,1,1,Bonus,1248,Yes,Rents,7,20,35,5,6,OUT-OF-POCKET MAXIMUM,IN-NETWORK,MAXIMUM COST,2000,6450,1500,4000,4000,2,10,low,high,RISK,2
0,0,1,0,Salaried,1214,No,Owns,6,17,32,5,6,OUT-OF-POCKET MAXIMUM,IN-NETWORK,MAXIMUM COST,1500,6450,2000,4000,4000,2,10,low,high,RISK,2
1,0,1,0,Salaried,2852,Yes,Rents,6,16,31,5,6,OUT-OF-POCKET MAXIMUM,IN-NETWORK,MAXIMUM COST,2000,4000,1500,6450,4000,2,10,low,high,RISK,2
1,0,0,0,Bonus,1440,Yes,Owns,10,20,34,5,6,OUT-OF-POCKET MAXIMUM,IN-NETWORK,MAXIMUM COST,2000,6450,1500,4000,4000,2,10,low,high,RISK,2
1,0,1,0,Bonus,2951,No,Owns,11,11,30,5,6,OUT-OF-POCKET MAXIMUM,IN-NETWORK,MAXIMUM COST,6450,4000,1500,2000,4000,2,10,low,high,RISK,2
3,2,1,3,Salaried,4377,No,Rents,24,48,52,5,7,OUT-OF-POCKET MAXIMUM,IN-NETWORK,MAXIMUM COST,1500,4000,6450,2000,4000,2,20,low,high,RISK,2
1,1,2,1,Salaried,1919,No,Owns,25,33,56,5,7,OUT-OF-POCKET MAXIMUM,IN-NETWORK,MAXIMUM COST,4000,1500,2000,6450,4000,2,20,low,high,RISK,2
2,2,1,1,Salaried,4671,Yes,Rents,33,23,53,5,7,OUT-OF-POCKET MAXIMUM,IN-NETWORK,MAXIMUM COST,6450,2000,1500,4000,4000,2,20,low,high,RISK,2
3,2,1,1,Bonus,1139,No,Owns,29,38,56,5,7,OUT-OF-POCKET MAXIMUM,IN-NETWORK,MAXIMUM COST,1500,2000,4000,6450,4000,2,20,low,high,RISK,2
1,2,3,2,Bonus,3085,No,Rents,23,24,64,5,7,OUT-OF-POCKET MAXIMUM,IN-NETWORK,MAXIMUM COST,6450,1500,4000,2000,4000,2,20,low,high,RISK,2
1,2,3,1,Salaried,912,Yes,Rents,37,29,55,5,7,OUT-OF-POCKET MAXIMUM,IN-NETWORK,MAXIMUM COST,2000,1500,6450,4000,4000,2,20,low,high,RISK,2
2,1,3,2,Hourly,3561,Yes,Owns,28,26,51,5,7,OUT-OF-POCKET MAXIMUM,IN-NETWORK,MAXIMUM COST,4000,1500,6450,2000,4000,2,20,low,high,RISK,2
2,3,1,1,Hourly,4350,No,Rents,19,36,62,5,7,OUT-OF-POCKET MAXIMUM,IN-NETWORK,MAXIMUM COST,1500,4000,6450,2000,4000,2,20,low,high,RISK,2
3,3,2,3,Salaried,3664,No,Owns,18,38,64,5,7,OUT-OF-POCKET MAXIMUM,IN-NETWORK,MAXIMUM COST,2000,1500,6450,4000,4000,2,20,low,high,RISK,2
1,1,1,1,Bonus,1972,Yes,Owns,38,31,55,5,7,OUT-OF-POCKET MAXIMUM,IN-NETWORK,MAXIMUM COST,2000,1500,4000,6450,4000,2,20,low,high,RISK,2
1,1,3,3,Salaried,1235,Yes,Rents,32,31,59,5,7,OUT-OF-POCKET MAXIMUM,IN-NETWORK,MAXIMUM COST,1500,4000,6450,2000,4000,2,20,low,high,RISK,2
1,3,1,2,Bonus,2294,Yes,Owns,25,47,55,5,7,OUT-OF-POCKET MAXIMUM,IN-NETWORK,MAXIMUM COST,6450,2000,4000,1500,4000,2,20,low,high,RISK,2
1,2,3,1,Salaried,4592,Yes,Rents,37,41,60,5,7,OUT-OF-POCKET MAXIMUM,IN-NETWORK,MAXIMUM COST,4000,6450,2000,1500,4000,2,20,low,high,RISK,2
1,1,1,2,Hourly,2183,Yes,Owns,16,35,73,5,7,OUT-OF-POCKET MAXIMUM,IN-NETWORK,MAXIMUM COST,6450,1500,4000,2000,4000,2,20,low,high,RISK,2
2,2,3,2,Salaried,1622,Yes,Rents,21,24,60,5,7,OUT-OF-POCKET MAXIMUM,IN-NETWORK,MAXIMUM COST,2000,4000,6450,1500,4000,2,20,low,high,RISK,2
2,3,1,3,Salaried,4259,Yes,Rents,17,43,57,5,7,OUT-OF-POCKET MAXIMUM,IN-NETWORK,MAXIMUM COST,4000,2000,6450,1500,4000,2,20,low,high,RISK,2
3,2,2,3,Salaried,4138,No,Owns,37,25,52,5,7,OUT-OF-POCKET MAXIMUM,IN-NETWORK,MAXIMUM COST,6450,4000,1500,2000,4000,2,20,low,high,RISK,2
3,1,2,3,Bonus,2742,No,Owns,39,50,53,5,7,OUT-OF-POCKET MAXIMUM,IN-NETWORK,MAXIMUM COST,4000,6450,1500,2000,4000,2,20,low,high,RISK,2
1,1,1,3,Bonus,4027,Yes,Rents,21,31,54,5,7,OUT-OF-POCKET MAXIMUM,IN-NETWORK,MAXIMUM COST,6450,2000,1500,4000,4000,2,20,low,high,RISK,2
2,2,1,1,Bonus,3643,No,Rents,35,26,75,5,7,OUT-OF-POCKET MAXIMUM,IN-NETWORK,MAXIMUM COST,1500,4000,2000,6450,4000,2,20,low,high,RISK,2
2,1,3,1,Salaried,1855,No,Rents,39,49,60,5,7,OUT-OF-POCKET MAXIMUM,IN-NETWORK,MAXIMUM COST,1500,2000,6450,4000,4000,2,20,low,high,RISK,2
1,3,1,1,Bonus,4199,No,Owns,33,40,57,5,7,OUT-OF-POCKET MAXIMUM,IN-NETWORK,MAXIMUM COST,2000,4000,1500,6450,4000,2,20,low,high,RISK,2
1,3,2,1,Salaried,358,No,Rents,28,36,56,5,7,OUT-OF-POCKET MAXIMUM,IN-NETWORK,MAXIMUM COST,4000,1500,6450,2000,4000,2,20,low,high,RISK,2
2,2,2,1,Salaried,2175,No,Owns,35,49,59,5,7,OUT-OF-POCKET MAXIMUM,IN-NETWORK,MAXIMUM COST,1500,2000,6450,4000,4000,2,20,low,high,RISK,2
3,3,3,2,Bonus,2793,Yes,Owns,39,48,52,5,7,OUT-OF-POCKET MAXIMUM,IN-NETWORK,MAXIMUM COST,2000,1500,6450,4000,4000,2,20,low,high,RISK,2
3,1,3,1,Salaried,1366,No,Owns,32,33,56,5,7,OUT-OF-POCKET MAXIMUM,IN-NETWORK,MAXIMUM COST,1500,4000,2000,6450,4000,2,20,low,high,RISK,2
1,2,2,3,Salaried,3990,No,Rents,30,23,53,5,7,OUT-OF-POCKET MAXIMUM,IN-NETWORK,MAXIMUM COST,2000,4000,1500,6450,4000,2,20,low,high,RISK,2
1,2,2,1,Salaried,1625,No,Owns,36,38,56,5,7,OUT-OF-POCKET MAXIMUM,IN-NETWORK,MAXIMUM COST,6450,1500,4000,2000,4000,2,20,low,high,RISK,2
2,3,1,1,Hourly,1178,No,Owns,15,24,64,5,7,OUT-OF-POCKET MAXIMUM,IN-NETWORK,MAXIMUM COST,4000,6450,2000,1500,4000,2,20,low,high,RISK,2
2,1,1,1,Hourly,2665,No,Rents,20,29,55,5,7,OUT-OF-POCKET MAXIMUM,IN-NETWORK,MAXIMUM COST,6450,4000,1500,2000,4000,2,20,low,high,RISK,2
2,3,3,1,Hourly,4144,No,Owns,23,26,51,5,7,OUT-OF-POCKET MAXIMUM,IN-NETWORK,MAXIMUM COST,1500,4000,6450,2000,4000,2,20,low,high,RISK,2
2,2,3,1,Hourly,2547,Yes,Owns,32,36,62,5,7,OUT-OF-POCKET MAXIMUM,IN-NETWORK,MAXIMUM COST,4000,6450,1500,2000,4000,2,20,low,high,RISK,2
2,1,2,1,Hourly,152,Yes,Owns,34,38,64,5,7,OUT-OF-POCKET MAXIMUM,IN-NETWORK,MAXIMUM COST,1500,4000,6450,2000,4000,2,20,low,high,RISK,2
1,1,1,1,Bonus,2909,Yes,Rents,23,31,55,5,7,OUT-OF-POCKET MAXIMUM,IN-NETWORK,MAXIMUM COST,1500,4000,6450,2000,4000,2,20,low,high,RISK,2
3,3,2,2,Bonus,2404,Yes,Owns,27,31,59,5,7,OUT-OF-POCKET MAXIMUM,IN-NETWORK,MAXIMUM COST,6450,2000,1500,4000,4000,2,20,low,high,RISK,2
3,1,2,3,Bonus,144,Yes,Owns,24,47,55,5,7,OUT-OF-POCKET MAXIMUM,IN-NETWORK,MAXIMUM COST,1500,4000,6450,2000,4000,2,20,low,high,RISK,2
3,1,2,1,Hourly,2250,No,Owns,26,41,60,5,7,OUT-OF-POCKET MAXIMUM,IN-NETWORK,MAXIMUM COST,2000,1500,6450,4000,4000,2,20,low,high,RISK,2
3,1,1,1,Hourly,4826,No,Owns,25,35,73,5,7,OUT-OF-POCKET MAXIMUM,IN-NETWORK,MAXIMUM COST,1500,2000,6450,4000,4000,2,20,low,high,RISK,2
2,2,1,1,Salaried,792,No,Owns,28,24,60,5,7,OUT-OF-POCKET MAXIMUM,IN-NETWORK,MAXIMUM COST,1500,2000,6450,4000,4000,2,20,low,high,RISK,2
1,3,1,2,Hourly,3429,No,Rents,34,43,57,5,7,OUT-OF-POCKET MAXIMUM,IN-NETWORK,MAXIMUM COST,6450,1500,2000,4000,4000,2,20,low,high,RISK,2
1,3,1,2,Hourly,1596,Yes,Owns,27,25,52,5,7,OUT-OF-POCKET MAXIMUM,IN-NETWORK,MAXIMUM COST,2000,6450,1500,4000,4000,2,20,low,high,RISK,2
2,3,3,1,Salaried,83,Yes,Owns,19,50,53,5,7,OUT-OF-POCKET MAXIMUM,IN-NETWORK,MAXIMUM COST,4000,6450,1500,2000,4000,2,20,low,high,RISK,2
2,3,1,3,Salaried,3601,No,Owns,17,31,54,5,7,OUT-OF-POCKET MAXIMUM,IN-NETWORK,MAXIMUM COST,1500,4000,2000,6450,4000,2,20,low,high,RISK,2
2,2,1,2,Bonus,861,No,Owns,34,26,75,5,7,OUT-OF-POCKET MAXIMUM,IN-NETWORK,MAXIMUM COST,2000,6450,4000,1500,4000,2,20,low,high,RISK,2
1,3,3,3,Salaried,2240,Yes,Rents,35,49,60,5,7,OUT-OF-POCKET MAXIMUM,IN-NETWORK,MAXIMUM COST,6450,4000,2000,1500,4000,2,20,low,high,RISK,2
1,1,1,1,Hourly,2384,No,Rents,17,40,57,5,7,OUT-OF-POCKET MAXIMUM,IN-NETWORK,MAXIMUM COST,2000,1500,4000,6450,4000,2,20,low,high,RISK,2
1,1,1,1,Bonus,2363,Yes,Rents,29,36,56,5,7,OUT-OF-POCKET MAXIMUM,IN-NETWORK,MAXIMUM COST,6450,4000,2000,1500,4000,2,20,low,high,RISK,2
2,1,3,1,Salaried,4539,No,Owns,24,49,59,5,7,OUT-OF-POCKET MAXIMUM,IN-NETWORK,MAXIMUM COST,2000,4000,6450,1500,4000,2,20,low,high,RISK,2
2,1,1,1,Bonus,489,No,Rents,23,20,55,5,7,OUT-OF-POCKET MAXIMUM,IN-NETWORK,MAXIMUM COST,2000,6450,1500,4000,4000,2,20,low,high,RISK,2
2,3,1,3,Bonus,4623,Yes,Owns,19,48,52,5,7,OUT-OF-POCKET MAXIMUM,IN-NETWORK,MAXIMUM COST,1500,4000,2000,6450,4000,2,20,low,high,RISK,2
2,1,1,1,Salaried,153,Yes,Owns,15,33,56,5,7,OUT-OF-POCKET MAXIMUM,IN-NETWORK,MAXIMUM COST,6450,1500,2000,4000,4000,2,20,low,high,RISK,2
1,3,3,2,Salaried,3954,No,Owns,17,23,53,5,7,OUT-OF-POCKET MAXIMUM,IN-NETWORK,MAXIMUM COST,6450,1500,2000,4000,4000,2,20,low,high,RISK,2
1,2,1,1,Salaried,4742,No,Rents,15,38,56,5,7,OUT-OF-POCKET MAXIMUM,IN-NETWORK,MAXIMUM COST,2000,1500,6450,4000,4000,2,20,low,high,RISK,2
1,1,1,2,Hourly,3289,No,Rents,35,24,64,5,7,OUT-OF-POCKET MAXIMUM,IN-NETWORK,MAXIMUM COST,4000,1500,6450,2000,4000,2,20,low,high,RISK,2
1,1,2,2,Bonus,3409,Yes,Rents,30,29,55,5,7,OUT-OF-POCKET MAXIMUM,IN-NETWORK,MAXIMUM COST,2000,4000,1500,6450,4000,2,20,low,high,RISK,2
1,1,3,2,Bonus,3179,No,Rents,21,26,51,5,7,OUT-OF-POCKET MAXIMUM,IN-NETWORK,MAXIMUM COST,4000,6450,2000,1500,4000,2,20,low,high,RISK,2
1,1,1,2,Bonus,4271,No,Rents,22,36,62,5,7,OUT-OF-POCKET MAXIMUM,IN-NETWORK,MAXIMUM COST,1500,4000,6450,2000,4000,2,20,low,high,RISK,2
1,1,1,1,Hourly,4605,Yes,Rents,24,38,64,5,7,OUT-OF-POCKET MAXIMUM,IN-NETWORK,MAXIMUM COST,1500,6450,4000,2000,4000,2,20,low,high,RISK,2
1,3,3,3,Salaried,3042,Yes,Rents,16,31,55,5,7,OUT-OF-POCKET MAXIMUM,IN-NETWORK,MAXIMUM COST,6450,1500,2000,4000,4000,2,20,low,high,RISK,2
1,3,3,1,Hourly,170,No,Rents,37,31,59,5,7,OUT-OF-POCKET MAXIMUM,IN-NETWORK,MAXIMUM COST,4000,6450,1500,2000,4000,2,20,low,high,RISK,2
1,1,1,3,Salaried,2062,No,Rents,20,47,55,5,7,OUT-OF-POCKET MAXIMUM,IN-NETWORK,MAXIMUM COST,2000,1500,4000,6450,4000,2,20,low,high,RISK,2
2,2,3,3,Bonus,1962,No,Rents,15,41,60,5,7,OUT-OF-POCKET MAXIMUM,IN-NETWORK,MAXIMUM COST,1500,6450,2000,4000,4000,2,20,low,high,RISK,2
1,1,1,1,Bonus,1006,No,Owns,27,35,73,5,7,OUT-OF-POCKET MAXIMUM,IN-NETWORK,MAXIMUM COST,1500,4000,6450,2000,4000,2,20,low,high,RISK,2
1,3,2,3,Salaried,4555,No,Rents,20,24,60,5,7,OUT-OF-POCKET MAXIMUM,IN-NETWORK,MAXIMUM COST,1500,6450,4000,2000,4000,2,20,low,high,RISK,2
3,1,2,1,Bonus,458,No,Rents,25,43,57,5,7,OUT-OF-POCKET MAXIMUM,IN-NETWORK,MAXIMUM COST,1500,6450,2000,4000,4000,2,20,low,high,RISK,2
3,1,3,1,Hourly,1593,No,Owns,16,25,52,5,7,OUT-OF-POCKET MAXIMUM,IN-NETWORK,MAXIMUM COST,6450,1500,2000,4000,4000,2,20,low,high,RISK,2
1,3,1,2,Hourly,4519,Yes,Owns,26,50,53,5,7,OUT-OF-POCKET MAXIMUM,IN-NETWORK,MAXIMUM COST,1500,6450,4000,2000,4000,2,20,low,high,RISK,2
1,2,1,1,Bonus,2639,No,Rents,16,31,54,5,7,OUT-OF-POCKET MAXIMUM,IN-NETWORK,MAXIMUM COST,1500,2000,4000,6450,4000,2,20,low,high,RISK,2
1,1,3,1,Hourly,2563,Yes,Rents,35,26,75,5,7,OUT-OF-POCKET MAXIMUM,IN-NETWORK,MAXIMUM COST,1500,6450,2000,4000,4000,2,20,low,high,RISK,2
1,2,3,2,Bonus,2810,Yes,Owns,35,49,60,5,7,OUT-OF-POCKET MAXIMUM,IN-NETWORK,MAXIMUM COST,6450,2000,4000,1500,4000,2,20,low,high,RISK,2
2,2,1,2,Hourly,2954,Yes,Owns,39,40,57,5,7,OUT-OF-POCKET MAXIMUM,IN-NETWORK,MAXIMUM COST,1500,6450,4000,2000,4000,2,20,low,high,RISK,2
2,1,3,1,Hourly,2299,Yes,Owns,31,36,56,5,7,OUT-OF-POCKET MAXIMUM,IN-NETWORK,MAXIMUM COST,4000,6450,2000,1500,4000,2,20,low,high,RISK,2
1,1,2,3,Hourly,1155,No,Rents,16,49,59,5,7,OUT-OF-POCKET MAXIMUM,IN-NETWORK,MAXIMUM COST,2000,4000,6450,1500,4000,2,20,low,high,RISK,2
2,1,3,1,Bonus,1856,Yes,Rents,31,20,55,5,7,OUT-OF-POCKET MAXIMUM,IN-NETWORK,MAXIMUM COST,6450,4000,2000,1500,4000,2,20,low,high,RISK,2
3,2,2,1,Salaried,3352,Yes,Rents,18,48,52,5,7,OUT-OF-POCKET MAXIMUM,IN-NETWORK,MAXIMUM COST,2000,6450,1500,4000,4000,2,20,low,high,RISK,2
3,1,1,2,Hourly,3735,Yes,Owns,34,33,56,5,7,OUT-OF-POCKET MAXIMUM,IN-NETWORK,MAXIMUM COST,2000,6450,1500,4000,4000,2,20,low,high,RISK,2
3,2,1,3,Salaried,1125,Yes,Rents,18,23,53,5,7,OUT-OF-POCKET MAXIMUM,IN-NETWORK,MAXIMUM COST,6450,1500,4000,2000,4000,2,20,low,high,RISK,2
3,1,2,1,Bonus,4695,No,Owns,15,38,56,5,7,OUT-OF-POCKET MAXIMUM,IN-NETWORK,MAXIMUM COST,4000,2000,6450,1500,4000,2,20,low,high,RISK,2
2,2,2,2,Salaried,1210,No,Rents,38,24,64,5,7,OUT-OF-POCKET MAXIMUM,IN-NETWORK,MAXIMUM COST,4000,6450,1500,2000,4000,2,20,low,high,RISK,2
2,3,2,1,Bonus,3149,No,Owns,17,29,55,5,7,OUT-OF-POCKET MAXIMUM,IN-NETWORK,MAXIMUM COST,4000,2000,1500,6450,4000,2,20,low,high,RISK,2
2,2,2,2,Bonus,3757,No,Rents,18,26,51,5,7,OUT-OF-POCKET MAXIMUM,IN-NETWORK,MAXIMUM COST,4000,6450,2000,1500,4000,2,20,low,high,RISK,2
3,1,3,2,Salaried,4038,Yes,Rents,28,36,62,5,7,OUT-OF-POCKET MAXIMUM,IN-NETWORK,MAXIMUM COST,1500,4000,2000,6450,4000,2,20,low,high,RISK,2
1,1,1,3,Bonus,381,No,Owns,20,38,64,5,7,OUT-OF-POCKET MAXIMUM,IN-NETWORK,MAXIMUM COST,2000,1500,6450,4000,4000,2,20,low,high,RISK,2
1,1,1,2,Hourly,2879,Yes,Rents,37,31,55,5,7,OUT-OF-POCKET MAXIMUM,IN-NETWORK,MAXIMUM COST,2000,4000,6450,1500,4000,2,20,low,high,RISK,2
1,3,2,1,Hourly,3337,No,Rents,18,47,55,5,7,OUT-OF-POCKET MAXIMUM,IN-NETWORK,MAXIMUM COST,1500,2000,4000,6450,4000,2,20,low,high,RISK,2
2,2,1,2,Hourly,874,No,Owns,38,41,60,5,7,OUT-OF-POCKET MAXIMUM,IN-NETWORK,MAXIMUM COST,6450,1500,2000,4000,4000,2,20,low,high,RISK,2
1,2,1,1,Hourly,4470,Yes,Owns,16,35,73,5,7,OUT-OF-POCKET MAXIMUM,IN-NETWORK,MAXIMUM COST,6450,1500,2000,4000,4000,2,20,low,high,RISK,2
3,1,3,1,Hourly,3252,Yes,Owns,24,24,60,5,7,OUT-OF-POCKET MAXIMUM,IN-NETWORK,MAXIMUM COST,1500,6450,2000,4000,4000,2,20,low,high,RISK,2
1,3,1,2,Hourly,176,Yes,Rents,23,43,57,5,7,OUT-OF-POCKET MAXIMUM,IN-NETWORK,MAXIMUM COST,1500,6450,4000,2000,4000,2,20,low,high,RISK,2
2,1,3,1,Hourly,3681,Yes,Owns,17,25,52,5,7,OUT-OF-POCKET MAXIMUM,IN-NETWORK,MAXIMUM COST,4000,1500,6450,2000,4000,2,20,low,high,RISK,2
1,3,2,3,Hourly,1019,Yes,Owns,35,50,53,5,7,OUT-OF-POCKET MAXIMUM,IN-NETWORK,MAXIMUM COST,4000,1500,2000,6450,4000,2,20,low,high,RISK,2
1,3,2,1,Bonus,4493,Yes,Owns,39,31,54,5,7,OUT-OF-POCKET MAXIMUM,IN-NETWORK,MAXIMUM COST,4000,1500,6450,2000,4000,2,20,low,high,RISK,2
1,3,3,1,Salaried,1012,Yes,Owns,34,26,75,5,7,OUT-OF-POCKET MAXIMUM,IN-NETWORK,MAXIMUM COST,6450,4000,2000,1500,4000,2,20,low,high,RISK,2
1,1,2,1,Bonus,1248,Yes,Rents,18,49,60,5,7,OUT-OF-POCKET MAXIMUM,IN-NETWORK,MAXIMUM COST,6450,4000,2000,1500,4000,2,20,low,high,RISK,2
1,1,2,1,Salaried,1214,No,Owns,17,40,57,5,7,OUT-OF-POCKET MAXIMUM,IN-NETWORK,MAXIMUM COST,4000,6450,2000,1500,4000,2,20,low,high,RISK,2
2,1,1,1,Salaried,2852,Yes,Rents,18,36,56,5,7,OUT-OF-POCKET MAXIMUM,IN-NETWORK,MAXIMUM COST,1500,6450,2000,4000,4000,2,20,low,high,RISK,2
2,1,1,1,Bonus,1440,Yes,Owns,24,49,59,5,7,OUT-OF-POCKET MAXIMUM,IN-NETWORK,MAXIMUM COST,2000,1500,6450,4000,4000,2,20,low,high,RISK,2
3,1,3,1,Bonus,2951,No,Owns,26,20,55,5,7,OUT-OF-POCKET MAXIMUM,IN-NETWORK,MAXIMUM COST,2000,6450,4000,1500,4000,2,20,low,high,RISK,2
4,3,2,4,Salaried,4377,No,Rents,46,73,76,5,8,OUT-OF-POCKET MAXIMUM,IN-NETWORK,MAXIMUM COST,1500,2000,6450,4000,2000,3,50,low,high,RISK,2
2,3,4,2,Salaried,1919,No,Owns,48,61,80,5,8,OUT-OF-POCKET MAXIMUM,IN-NETWORK,MAXIMUM COST,4000,2000,1500,6450,2000,3,50,low,high,RISK,2
4,4,3,2,Salaried,4671,Yes,Rents,57,53,77,5,8,OUT-OF-POCKET MAXIMUM,IN-NETWORK,MAXIMUM COST,6450,4000,2000,1500,2000,3,50,low,high,RISK,2
4,4,2,2,Bonus,1139,No,Owns,52,65,80,5,8,OUT-OF-POCKET MAXIMUM,IN-NETWORK,MAXIMUM COST,6450,2000,4000,1500,2000,3,50,low,high,RISK,2
4,3,4,3,Hourly,3561,Yes,Owns,51,56,75,5,8,OUT-OF-POCKET MAXIMUM,IN-NETWORK,MAXIMUM COST,2000,6450,1500,4000,2000,3,50,low,high,RISK,2
4,4,2,2,Hourly,4350,No,Rents,40,64,87,5,8,OUT-OF-POCKET MAXIMUM,IN-NETWORK,MAXIMUM COST,4000,2000,6450,1500,2000,3,50,low,high,RISK,2
4,4,4,4,Salaried,3664,No,Owns,39,65,88,5,8,OUT-OF-POCKET MAXIMUM,IN-NETWORK,MAXIMUM COST,2000,4000,1500,6450,2000,3,50,low,high,RISK,2
2,3,3,3,Bonus,1972,Yes,Owns,62,60,80,5,8,OUT-OF-POCKET MAXIMUM,IN-NETWORK,MAXIMUM COST,2000,1500,4000,6450,2000,3,50,low,high,RISK,2
3,2,4,4,Salaried,1235,Yes,Rents,55,60,83,5,8,OUT-OF-POCKET MAXIMUM,IN-NETWORK,MAXIMUM COST,1500,4000,2000,6450,2000,3,50,low,high,RISK,2
2,4,3,3,Bonus,2294,Yes,Owns,47,72,79,5,8,OUT-OF-POCKET MAXIMUM,IN-NETWORK,MAXIMUM COST,1500,2000,4000,6450,2000,3,50,low,high,RISK,2
2,3,4,3,Salaried,4592,Yes,Rents,62,68,84,5,8,OUT-OF-POCKET MAXIMUM,IN-NETWORK,MAXIMUM COST,1500,4000,6450,2000,2000,3,50,low,high,RISK,2
3,3,3,4,Hourly,2183,Yes,Owns,37,63,98,5,8,OUT-OF-POCKET MAXIMUM,IN-NETWORK,MAXIMUM COST,4000,1500,6450,2000,2000,3,50,low,high,RISK,2
3,3,4,3,Salaried,1622,Yes,Rents,42,55,84,5,8,OUT-OF-POCKET MAXIMUM,IN-NETWORK,MAXIMUM COST,6450,1500,4000,2000,2000,3,50,low,high,RISK,2
3,4,3,4,Salaried,4259,Yes,Rents,37,70,81,5,8,OUT-OF-POCKET MAXIMUM,IN-NETWORK,MAXIMUM COST,4000,2000,6450,1500,2000,3,50,low,high,RISK,2
4,3,3,4,Salaried,4138,No,Owns,62,55,76,5,8,OUT-OF-POCKET MAXIMUM,IN-NETWORK,MAXIMUM COST,4000,2000,1500,6450,2000,3,50,low,high,RISK,2
4,3,4,4,Bonus,2742,No,Owns,64,75,77,5,8,OUT-OF-POCKET MAXIMUM,IN-NETWORK,MAXIMUM COST,6450,2000,4000,1500,2000,3,50,low,high,RISK,2
3,3,3,4,Bonus,4027,Yes,Rents,43,60,78,5,8,OUT-OF-POCKET MAXIMUM,IN-NETWORK,MAXIMUM COST,2000,4000,1500,6450,2000,3,50,low,high,RISK,2
4,4,2,2,Bonus,3643,No,Rents,59,56,100,5,8,OUT-OF-POCKET MAXIMUM,IN-NETWORK,MAXIMUM COST,4000,2000,6450,1500,2000,3,50,low,high,RISK,2
4,2,4,2,Salaried,1855,No,Rents,63,74,85,5,8,OUT-OF-POCKET MAXIMUM,IN-NETWORK,MAXIMUM COST,1500,4000,2000,6450,2000,3,50,low,high,RISK,2
3,4,2,3,Bonus,4199,No,Owns,57,67,81,5,8,OUT-OF-POCKET MAXIMUM,IN-NETWORK,MAXIMUM COST,2000,1500,4000,6450,2000,3,50,low,high,RISK,2
3,4,3,2,Salaried,358,No,Rents,50,64,80,5,8,OUT-OF-POCKET MAXIMUM,IN-NETWORK,MAXIMUM COST,1500,4000,6450,2000,2000,3,50,low,high,RISK,2
4,3,4,3,Salaried,2175,No,Owns,59,75,83,5,8,OUT-OF-POCKET MAXIMUM,IN-NETWORK,MAXIMUM COST,1500,6450,4000,2000,2000,3,50,low,high,RISK,2
4,4,2,2,Bonus,2804,No,Owns,48,51,79,5,8,OUT-OF-POCKET MAXIMUM,IN-NETWORK,MAXIMUM COST,1500,6450,2000,4000,2000,3,50,low,high,RISK,2
4,4,4,4,Bonus,2793,Yes,Owns,63,73,76,5,8,OUT-OF-POCKET MAXIMUM,IN-NETWORK,MAXIMUM COST,4000,1500,6450,2000,2000,3,50,low,high,RISK,2
4,3,4,2,Salaried,1366,No,Owns,56,61,80,5,8,OUT-OF-POCKET MAXIMUM,IN-NETWORK,MAXIMUM COST,1500,4000,2000,6450,2000,3,50,low,high,RISK,2
2,4,4,4,Salaried,3990,No,Rents,53,53,77,5,8,OUT-OF-POCKET MAXIMUM,IN-NETWORK,MAXIMUM COST,2000,1500,6450,4000,2000,3,50,low,high,RISK,2
2,4,3,3,Salaried,1625,No,Owns,60,65,80,5,8,OUT-OF-POCKET MAXIMUM,IN-NETWORK,MAXIMUM COST,1500,6450,4000,2000,2000,3,50,low,high,RISK,2
4,4,3,3,Hourly,1178,No,Owns,35,54,88,5,8,OUT-OF-POCKET MAXIMUM,IN-NETWORK,MAXIMUM COST,1500,6450,4000,2000,2000,3,50,low,high,RISK,2
3,3,2,2,Hourly,2665,No,Rents,41,58,79,5,8,OUT-OF-POCKET MAXIMUM,IN-NETWORK,MAXIMUM COST,1500,2000,4000,6450,2000,3,50,low,high,RISK,2
4,4,4,2,Hourly,4144,No,Owns,44,56,75,5,8,OUT-OF-POCKET MAXIMUM,IN-NETWORK,MAXIMUM COST,2000,6450,4000,1500,2000,3,50,low,high,RISK,2
3,3,4,3,Hourly,2547,Yes,Owns,55,64,87,5,8,OUT-OF-POCKET MAXIMUM,IN-NETWORK,MAXIMUM COST,4000,2000,1500,6450,2000,3,50,low,high,RISK,2
4,3,4,2,Hourly,152,Yes,Owns,58,65,88,5,8,OUT-OF-POCKET MAXIMUM,IN-NETWORK,MAXIMUM COST,2000,4000,6450,1500,2000,3,50,low,high,RISK,2
3,2,2,3,Bonus,2909,Yes,Rents,45,60,80,5,8,OUT-OF-POCKET MAXIMUM,IN-NETWORK,MAXIMUM COST,6450,1500,2000,4000,2000,3,50,low,high,RISK,2
4,4,3,3,Bonus,2404,Yes,Owns,49,60,83,5,8,OUT-OF-POCKET MAXIMUM,IN-NETWORK,MAXIMUM COST,4000,6450,1500,2000,2000,3,50,low,high,RISK,2
4,2,4,4,Bonus,144,Yes,Owns,46,72,79,5,8,OUT-OF-POCKET MAXIMUM,IN-NETWORK,MAXIMUM COST,1500,6450,2000,4000,2000,3,50,low,high,RISK,2
4,2,4,2,Hourly,2250,No,Owns,48,68,84,5,8,OUT-OF-POCKET MAXIMUM,IN-NETWORK,MAXIMUM COST,1500,2000,6450,4000,2000,3,50,low,high,RISK,2
4,3,3,3,Hourly,4826,No,Owns,47,63,98,5,8,OUT-OF-POCKET MAXIMUM,IN-NETWORK,MAXIMUM COST,4000,2000,6450,1500,2000,3,50,low,high,RISK,2
4,4,2,3,Salaried,792,No,Owns,50,55,84,5,8,OUT-OF-POCKET MAXIMUM,IN-NETWORK,MAXIMUM COST,4000,6450,2000,1500,2000,3,50,low,high,RISK,2
2,4,2,3,Hourly,3429,No,Rents,58,70,81,5,8,OUT-OF-POCKET MAXIMUM,IN-NETWORK,MAXIMUM COST,2000,6450,1500,4000,2000,3,50,low,high,RISK,2
3,4,3,4,Hourly,1596,Yes,Owns,50,55,76,5,8,OUT-OF-POCKET MAXIMUM,IN-NETWORK,MAXIMUM COST,6450,2000,4000,1500,2000,3,50,low,high,RISK,2
4,4,4,3,Salaried,83,Yes,Owns,40,75,77,5,8,OUT-OF-POCKET MAXIMUM,IN-NETWORK,MAXIMUM COST,4000,6450,2000,1500,2000,3,50,low,high,RISK,2
4,4,3,4,Salaried,3601,No,Owns,38,60,78,5,8,OUT-OF-POCKET MAXIMUM,IN-NETWORK,MAXIMUM COST,1500,2000,6450,4000,2000,3,50,low,high,RISK,2
3,4,2,4,Bonus,861,No,Owns,58,56,100,5,8,OUT-OF-POCKET MAXIMUM,IN-NETWORK,MAXIMUM COST,6450,1500,2000,4000,2000,3,50,low,high,RISK,2
2,4,4,4,Salaried,2240,Yes,Rents,59,74,85,5,8,OUT-OF-POCKET MAXIMUM,IN-NETWORK,MAXIMUM COST,1500,4000,6450,2000,2000,3,50,low,high,RISK,2
3,3,2,2,Hourly,2384,No,Rents,37,67,81,5,8,OUT-OF-POCKET MAXIMUM,IN-NETWORK,MAXIMUM COST,4000,2000,1500,6450,2000,3,50,low,high,RISK,2
2,2,3,3,Bonus,2363,Yes,Rents,52,64,80,5,8,OUT-OF-POCKET MAXIMUM,IN-NETWORK,MAXIMUM COST,1500,4000,2000,6450,2000,3,50,low,high,RISK,2
3,3,4,2,Salaried,4539,No,Owns,45,75,83,5,8,OUT-OF-POCKET MAXIMUM,IN-NETWORK,MAXIMUM COST,6450,4000,1500,2000,2000,3,50,low,high,RISK,2
3,3,2,2,Bonus,489,No,Rents,45,51,79,5,8,OUT-OF-POCKET MAXIMUM,IN-NETWORK,MAXIMUM COST,2000,1500,6450,4000,2000,3,50,low,high,RISK,2
4,4,2,4,Bonus,4623,Yes,Owns,40,73,76,5,8,OUT-OF-POCKET MAXIMUM,IN-NETWORK,MAXIMUM COST,6450,4000,2000,1500,2000,3,50,low,high,RISK,2
3,3,3,2,Salaried,153,Yes,Owns,36,61,80,5,8,OUT-OF-POCKET MAXIMUM,IN-NETWORK,MAXIMUM COST,4000,1500,2000,6450,2000,3,50,low,high,RISK,2
3,4,4,4,Salaried,3954,No,Owns,38,53,77,5,8,OUT-OF-POCKET MAXIMUM,IN-NETWORK,MAXIMUM COST,1500,2000,4000,6450,2000,3,50,low,high,RISK,2
3,3,2,3,Salaried,4742,No,Rents,35,65,80,5,8,OUT-OF-POCKET MAXIMUM,IN-NETWORK,MAXIMUM COST,2000,1500,6450,4000,2000,3,50,low,high,RISK,2
2,2,2,3,Hourly,3289,No,Rents,59,54,88,5,8,OUT-OF-POCKET MAXIMUM,IN-NETWORK,MAXIMUM COST,4000,1500,6450,2000,2000,3,50,low,high,RISK,2
2,2,3,3,Bonus,3409,Yes,Rents,54,58,79,5,8,OUT-OF-POCKET MAXIMUM,IN-NETWORK,MAXIMUM COST,2000,6450,4000,1500,2000,3,50,low,high,RISK,2
3,3,4,3,Bonus,3179,No,Rents,42,56,75,5,8,OUT-OF-POCKET MAXIMUM,IN-NETWORK,MAXIMUM COST,6450,1500,4000,2000,2000,3,50,low,high,RISK,2
3,3,2,4,Bonus,4271,No,Rents,43,64,87,5,8,OUT-OF-POCKET MAXIMUM,IN-NETWORK,MAXIMUM COST,4000,1500,6450,2000,2000,3,50,low,high,RISK,2
3,3,3,2,Hourly,4605,Yes,Rents,46,65,88,5,8,OUT-OF-POCKET MAXIMUM,IN-NETWORK,MAXIMUM COST,4000,2000,1500,6450,2000,3,50,low,high,RISK,2
2,4,4,4,Salaried,3042,Yes,Rents,37,60,80,5,8,OUT-OF-POCKET MAXIMUM,IN-NETWORK,MAXIMUM COST,6450,4000,1500,2000,2000,3,50,low,high,RISK,2
2,4,4,3,Hourly,170,No,Rents,61,60,83,5,8,OUT-OF-POCKET MAXIMUM,IN-NETWORK,MAXIMUM COST,2000,6450,1500,4000,2000,3,50,low,high,RISK,2
2,3,3,4,Salaried,2062,No,Rents,40,72,79,5,8,OUT-OF-POCKET MAXIMUM,IN-NETWORK,MAXIMUM COST,2000,4000,1500,6450,2000,3,50,low,high,RISK,2
4,4,4,4,Bonus,1962,No,Rents,35,68,84,5,8,OUT-OF-POCKET MAXIMUM,IN-NETWORK,MAXIMUM COST,6450,1500,4000,2000,2000,3,50,low,high,RISK,2
2,2,3,2,Bonus,1006,No,Owns,50,63,98,5,8,OUT-OF-POCKET MAXIMUM,IN-NETWORK,MAXIMUM COST,4000,2000,1500,6450,2000,3,50,low,high,RISK,2
2,4,3,4,Salaried,4555,No,Rents,42,55,84,5,8,OUT-OF-POCKET MAXIMUM,IN-NETWORK,MAXIMUM COST,6450,1500,4000,2000,2000,3,50,low,high,RISK,2
4,3,4,3,Bonus,458,No,Rents,46,70,81,5,8,OUT-OF-POCKET MAXIMUM,IN-NETWORK,MAXIMUM COST,2000,6450,4000,1500,2000,3,50,low,high,RISK,2
4,3,4,3,Hourly,1593,No,Owns,36,55,76,5,8,OUT-OF-POCKET MAXIMUM,IN-NETWORK,MAXIMUM COST,2000,6450,1500,4000,2000,3,50,low,high,RISK,2
3,4,2,3,Hourly,4519,Yes,Owns,48,75,77,5,8,OUT-OF-POCKET MAXIMUM,IN-NETWORK,MAXIMUM COST,2000,1500,4000,6450,2000,3,50,low,high,RISK,2
2,4,3,3,Bonus,2639,No,Rents,36,60,78,5,8,OUT-OF-POCKET MAXIMUM,IN-NETWORK,MAXIMUM COST,6450,4000,1500,2000,2000,3,50,low,high,RISK,2
2,3,4,3,Hourly,2563,Yes,Rents,59,56,100,5,8,OUT-OF-POCKET MAXIMUM,IN-NETWORK,MAXIMUM COST,1500,4000,2000,6450,2000,3,50,low,high,RISK,2
3,4,4,4,Bonus,2810,Yes,Owns,58,74,85,5,8,OUT-OF-POCKET MAXIMUM,IN-NETWORK,MAXIMUM COST,4000,1500,6450,2000,2000,3,50,low,high,RISK,2
3,4,3,4,Hourly,2954,Yes,Owns,64,67,81,5,8,OUT-OF-POCKET MAXIMUM,IN-NETWORK,MAXIMUM COST,4000,6450,2000,1500,2000,3,50,low,high,RISK,2
3,2,4,3,Hourly,2299,Yes,Owns,54,64,80,5,8,OUT-OF-POCKET MAXIMUM,IN-NETWORK,MAXIMUM COST,2000,6450,4000,1500,2000,3,50,low,high,RISK,2
2,3,4,4,Hourly,1155,No,Rents,37,75,83,5,8,OUT-OF-POCKET MAXIMUM,IN-NETWORK,MAXIMUM COST,6450,2000,1500,4000,2000,3,50,low,high,RISK,2
4,2,4,3,Bonus,1856,Yes,Rents,55,51,79,5,8,OUT-OF-POCKET MAXIMUM,IN-NETWORK,MAXIMUM COST,4000,2000,1500,6450,2000,3,50,low,high,RISK,2
4,4,3,3,Salaried,3352,Yes,Rents,38,73,76,5,8,OUT-OF-POCKET MAXIMUM,IN-NETWORK,MAXIMUM COST,4000,2000,6450,1500,2000,3,50,low,high,RISK,2
4,3,2,3,Hourly,3735,Yes,Owns,58,61,80,5,8,OUT-OF-POCKET MAXIMUM,IN-NETWORK,MAXIMUM COST,1500,4000,6450,2000,2000,3,50,low,high,RISK,2
4,3,3,4,Salaried,1125,Yes,Rents,38,53,77,5,8,OUT-OF-POCKET MAXIMUM,IN-NETWORK,MAXIMUM COST,1500,6450,4000,2000,2000,3,50,low,high,RISK,2
4,2,4,2,Bonus,4695,No,Owns,35,65,80,5,8,OUT-OF-POCKET MAXIMUM,IN-NETWORK,MAXIMUM COST,6450,1500,4000,2000,2000,3,50,low,high,RISK,2
3,3,3,4,Salaried,1210,No,Rents,62,54,88,5,8,OUT-OF-POCKET MAXIMUM,IN-NETWORK,MAXIMUM COST,4000,2000,6450,1500,2000,3,50,low,high,RISK,2
4,4,4,2,Bonus,3149,No,Owns,37,58,79,5,8,OUT-OF-POCKET MAXIMUM,IN-NETWORK,MAXIMUM COST,1500,2000,4000,6450,2000,3,50,low,high,RISK,2
4,3,4,4,Bonus,3757,No,Rents,38,56,75,5,8,OUT-OF-POCKET MAXIMUM,IN-NETWORK,MAXIMUM COST,1500,6450,2000,4000,2000,3,50,low,high,RISK,2
4,3,4,4,Salaried,4038,Yes,Rents,51,64,87,5,8,OUT-OF-POCKET MAXIMUM,IN-NETWORK,MAXIMUM COST,2000,6450,4000,1500,2000,3,50,low,high,RISK,2
2,3,3,4,Bonus,381,No,Owns,41,65,88,5,8,OUT-OF-POCKET MAXIMUM,IN-NETWORK,MAXIMUM COST,2000,6450,4000,1500,2000,3,50,low,high,RISK,2
3,3,3,3,Hourly,2879,Yes,Rents,61,60,80,5,8,OUT-OF-POCKET MAXIMUM,IN-NETWORK,MAXIMUM COST,6450,4000,1500,2000,2000,3,50,low,high,RISK,2
4,4,3,2,Hourly,2246,No,Owns,62,60,83,5,8,OUT-OF-POCKET MAXIMUM,IN-NETWORK,MAXIMUM COST,2000,1500,4000,6450,2000,3,50,low,high,RISK,2
2,4,3,2,Hourly,3337,No,Rents,39,72,79,5,8,OUT-OF-POCKET MAXIMUM,IN-NETWORK,MAXIMUM COST,2000,4000,1500,6450,2000,3,50,low,high,RISK,2
4,3,3,4,Hourly,874,No,Owns,63,68,84,5,8,OUT-OF-POCKET MAXIMUM,IN-NETWORK,MAXIMUM COST,1500,4000,2000,6450,2000,3,50,low,high,RISK,2
3,4,2,3,Hourly,4470,Yes,Owns,36,63,98,5,8,OUT-OF-POCKET MAXIMUM,IN-NETWORK,MAXIMUM COST,1500,6450,4000,2000,2000,3,50,low,high,RISK,2
4,3,4,3,Hourly,3252,Yes,Owns,46,55,84,5,8,OUT-OF-POCKET MAXIMUM,IN-NETWORK,MAXIMUM COST,2000,1500,6450,4000,2000,3,50,low,high,RISK,2
3,4,2,3,Hourly,176,Yes,Rents,45,70,81,5,8,OUT-OF-POCKET MAXIMUM,IN-NETWORK,MAXIMUM COST,1500,6450,2000,4000,2000,3,50,low,high,RISK,2
4,3,4,2,Hourly,3681,Yes,Owns,38,55,76,5,8,OUT-OF-POCKET MAXIMUM,IN-NETWORK,MAXIMUM COST,1500,6450,2000,4000,2000,3,50,low,high,RISK,2
3,4,4,4,Hourly,1019,Yes,Owns,59,75,77,5,8,OUT-OF-POCKET MAXIMUM,IN-NETWORK,MAXIMUM COST,6450,1500,4000,2000,2000,3,50,low,high,RISK,2
3,4,4,3,Bonus,4493,Yes,Owns,64,60,78,5,8,OUT-OF-POCKET MAXIMUM,IN-NETWORK,MAXIMUM COST,2000,6450,4000,1500,2000,3,50,low,high,RISK,2
3,4,4,2,Salaried,1012,Yes,Owns,58,56,100,5,8,OUT-OF-POCKET MAXIMUM,IN-NETWORK,MAXIMUM COST,4000,2000,1500,6450,2000,3,50,low,high,RISK,2
2,2,4,3,Bonus,1248,Yes,Rents,39,74,85,5,8,OUT-OF-POCKET MAXIMUM,IN-NETWORK,MAXIMUM COST,2000,6450,4000,1500,2000,3,50,low,high,RISK,2
2,3,3,3,Salaried,1214,No,Owns,37,67,81,5,8,OUT-OF-POCKET MAXIMUM,IN-NETWORK,MAXIMUM COST,1500,4000,2000,6450,2000,3,50,low,high,RISK,2
4,3,3,2,Salaried,2852,Yes,Rents,38,64,80,5,8,OUT-OF-POCKET MAXIMUM,IN-NETWORK,MAXIMUM COST,1500,6450,2000,4000,2000,3,50,low,high,RISK,2
3,3,2,2,Bonus,1440,Yes,Owns,46,75,83,5,8,OUT-OF-POCKET MAXIMUM,IN-NETWORK,MAXIMUM COST,4000,2000,6450,1500,2000,3,50,low,high,RISK,2
4,2,4,3,Bonus,2951,No,Owns,48,51,79,5,8,OUT-OF-POCKET MAXIMUM,IN-NETWORK,MAXIMUM COST,1500,2000,4000,6450,2000,3,50,low,high,RISK,2
1,0,0,1,Salaried,4377,No,Rents,4,9,1,5,9,OUT-OF-POCKET MAXIMUM,IN-NETWORK,MAXIMUM COST,6450,4000,1500,2000,4000,2,5,high,low,RISK,3
0,0,1,0,Salaried,1919,No,Owns,4,4,5,5,9,OUT-OF-POCKET MAXIMUM,IN-NETWORK,MAXIMUM COST,2000,6450,4000,1500,4000,2,5,high,low,RISK,3
0,0,0,0,Salaried,4671,Yes,Rents,7,1,2,5,9,OUT-OF-POCKET MAXIMUM,IN-NETWORK,MAXIMUM COST,1500,6450,2000,4000,4000,2,5,high,low,RISK,3
1,1,0,0,Bonus,1139,No,Owns,6,6,5,5,9,OUT-OF-POCKET MAXIMUM,IN-NETWORK,MAXIMUM COST,6450,4000,1500,2000,4000,2,5,high,low,RISK,3
0,1,1,0,Bonus,3085,No,Rents,3,1,13,5,9,OUT-OF-POCKET MAXIMUM,IN-NETWORK,MAXIMUM COST,1500,4000,2000,6450,4000,2,5,high,low,RISK,3
0,1,1,0,Salaried,912,Yes,Rents,9,3,4,5,9,OUT-OF-POCKET MAXIMUM,IN-NETWORK,MAXIMUM COST,4000,6450,1500,2000,4000,2,5,high,low,RISK,3
1,0,1,0,Hourly,3561,Yes,Owns,5,2,0,5,9,OUT-OF-POCKET MAXIMUM,IN-NETWORK,MAXIMUM COST,2000,4000,1500,6450,4000,2,5,high,low,RISK,3
1,1,0,0,Hourly,4350,No,Rents,2,5,12,5,9,OUT-OF-POCKET MAXIMUM,IN-NETWORK,MAXIMUM COST,1500,6450,4000,2000,4000,2,5,high,low,RISK,3
1,1,0,1,Salaried,3664,No,Owns,1,6,13,5,9,OUT-OF-POCKET MAXIMUM,IN-NETWORK,MAXIMUM COST,2000,4000,1500,6450,4000,2,5,high,low,RISK,3
0,0,0,0,Bonus,1972,Yes,Owns,9,4,5,5,9,OUT-OF-POCKET MAXIMUM,IN-NETWORK,MAXIMUM COST,6450,4000,2000,1500,4000,2,5,high,low,RISK,3
0,0,1,1,Salaried,1235,Yes,Rents,7,4,8,5,9,OUT-OF-POCKET MAXIMUM,IN-NETWORK,MAXIMUM COST,6450,1500,2000,4000,4000,2,5,high,low,RISK,3
0,1,0,0,Bonus,2294,Yes,Owns,4,9,4,5,9,OUT-OF-POCKET MAXIMUM,IN-NETWORK,MAXIMUM COST,4000,2000,6450,1500,4000,2,5,high,low,RISK,3
0,0,1,0,Salaried,4592,Yes,Rents,9,7,9,5,9,OUT-OF-POCKET MAXIMUM,IN-NETWORK,MAXIMUM COST,4000,6450,2000,1500,4000,2,5,high,low,RISK,3
0,0,0,1,Hourly,2183,Yes,Owns,1,5,23,5,9,OUT-OF-POCKET MAXIMUM,IN-NETWORK,MAXIMUM COST,1500,2000,4000,6450,4000,2,5,high,low,RISK,3
0,0,1,0,Salaried,1622,Yes,Rents,2,1,9,5,9,OUT-OF-POCKET MAXIMUM,IN-NETWORK,MAXIMUM COST,1500,4000,6450,2000,4000,2,5,high,low,RISK,3
0,1,0,1,Salaried,4259,Yes,Rents,1,8,6,5,9,OUT-OF-POCKET MAXIMUM,IN-NETWORK,MAXIMUM COST,2000,1500,4000,6450,4000,2,5,high,low,RISK,3
1,0,0,1,Salaried,4138,No,Owns,9,2,1,5,9,OUT-OF-POCKET MAXIMUM,IN-NETWORK,MAXIMUM COST,1500,4000,6450,2000,4000,2,5,high,low,RISK,3
1,0,0,1,Bonus,2742,No,Owns,10,10,2,5,9,OUT-OF-POCKET MAXIMUM,IN-NETWORK,MAXIMUM COST,1500,6450,2000,4000,4000,2,5,high,low,RISK,3
0,0,0,1,Bonus,4027,Yes,Rents,3,4,3,5,9,OUT-OF-POCKET MAXIMUM,IN-NETWORK,MAXIMUM COST,4000,1500,2000,6450,4000,2,5,high,low,RISK,3
1,0,0,0,Bonus,3643,No,Rents,8,2,25,5,9,OUT-OF-POCKET MAXIMUM,IN-NETWORK,MAXIMUM COST,6450,4000,2000,1500,4000,2,5,high,low,RISK,3
1,0,1,0,Salaried,1855,No,Rents,9,10,10,5,9,OUT-OF-POCKET MAXIMUM,IN-NETWORK,MAXIMUM COST,6450,4000,2000,1500,4000,2,5,high,low,RISK,3
0,1,0,0,Bonus,4199,No,Owns,7,7,6,5,9,OUT-OF-POCKET MAXIMUM,IN-NETWORK,MAXIMUM COST,4000,1500,2000,6450,4000,2,5,high,low,RISK,3
0,1,0,0,Salaried,358,No,Rents,5,5,5,5,9,OUT-OF-POCKET MAXIMUM,IN-NETWORK,MAXIMUM COST,4000,1500,2000,6450,4000,2,5,high,low,RISK,3
0,0,1,0,Salaried,2175,No,Owns,8,10,8,5,9,OUT-OF-POCKET MAXIMUM,IN-NETWORK,MAXIMUM COST,6450,4000,1500,2000,4000,2,5,high,low,RISK,3
0,1,0,0,Bonus,2804,No,Owns,4,0,4,5,9,OUT-OF-POCKET MAXIMUM,IN-NETWORK,MAXIMUM COST,4000,6450,2000,1500,4000,2,5,high,low,RISK,3
1,1,1,0,Bonus,2793,Yes,Owns,9,9,1,5,9,OUT-OF-POCKET MAXIMUM,IN-NETWORK,MAXIMUM COST,1500,4000,6450,2000,4000,2,5,high,low,RISK,3
1,0,1,0,Salaried,1366,No,Owns,7,4,5,5,9,OUT-OF-POCKET MAXIMUM,IN-NETWORK,MAXIMUM COST,2000,4000,1500,6450,4000,2,5,high,low,RISK,3
0,1,1,1,Salaried,3990,No,Rents,6,1,2,5,9,OUT-OF-POCKET MAXIMUM,IN-NETWORK,MAXIMUM COST,1500,6450,4000,2000,4000,2,5,high,low,RISK,3
0,0,0,0,Salaried,1625,No,Owns,8,6,5,5,9,OUT-OF-POCKET MAXIMUM,IN-NETWORK,MAXIMUM COST,2000,1500,4000,6450,4000,2,5,high,low,RISK,3
1,1,0,0,Hourly,1178,No,Owns,0,1,13,5,9,OUT-OF-POCKET MAXIMUM,IN-NETWORK,MAXIMUM COST,6450,4000,1500,2000,4000,2,5,high,low,RISK,3
0,0,0,0,Hourly,2665,No,Rents,2,3,4,5,9,OUT-OF-POCKET MAXIMUM,IN-NETWORK,MAXIMUM COST,2000,6450,1500,4000,4000,2,5,high,low,RISK,3
1,1,1,0,Hourly,4144,No,Owns,3,2,0,5,9,OUT-OF-POCKET MAXIMUM,IN-NETWORK,MAXIMUM COST,6450,2000,1500,4000,4000,2,5,high,low,RISK,3
0,0,1,0,Hourly,2547,Yes,Owns,7,5,12,5,9,OUT-OF-POCKET MAXIMUM,IN-NETWORK,MAXIMUM COST,6450,2000,4000,1500,4000,2,5,high,low,RISK,3
1,0,1,0,Hourly,152,Yes,Owns,8,6,13,5,9,OUT-OF-POCKET MAXIMUM,IN-NETWORK,MAXIMUM COST,4000,1500,6450,2000,4000,2,5,high,low,RISK,3
0,0,0,0,Bonus,2909,Yes,Rents,3,4,5,5,9,OUT-OF-POCKET MAXIMUM,IN-NETWORK,MAXIMUM COST,1500,2000,4000,6450,4000,2,5,high,low,RISK,3
1,1,0,0,Bonus,2404,Yes,Owns,5,4,8,5,9,OUT-OF-POCKET MAXIMUM,IN-NETWORK,MAXIMUM COST,2000,6450,4000,1500,4000,2,5,high,low,RISK,3
1,0,1,1,Bonus,144,Yes,Owns,4,9,4,5,9,OUT-OF-POCKET MAXIMUM,IN-NETWORK,MAXIMUM COST,6450,2000,1500,4000,4000,2,5,high,low,RISK,3
1,0,1,0,Hourly,2250,No,Owns,4,7,9,5,9,OUT-OF-POCKET MAXIMUM,IN-NETWORK,MAXIMUM COST,4000,1500,6450,2000,4000,2,5,high,low,RISK,3
1,0,0,0,Hourly,4826,No,Owns,4,5,23,5,9,OUT-OF-POCKET MAXIMUM,IN-NETWORK,MAXIMUM COST,2000,1500,4000,6450,4000,2,5,high,low,RISK,3
1,1,0,0,Salaried,792,No,Owns,5,1,9,5,9,OUT-OF-POCKET MAXIMUM,IN-NETWORK,MAXIMUM COST,6450,2000,1500,4000,4000,2,5,high,low,RISK,3
0,1,0,0,Hourly,3429,No,Rents,8,8,6,5,9,OUT-OF-POCKET MAXIMUM,IN-NETWORK,MAXIMUM COST,1500,2000,6450,4000,4000,2,5,high,low,RISK,3
0,1,0,0,Hourly,1596,Yes,Owns,5,2,1,5,9,OUT-OF-POCKET MAXIMUM,IN-NETWORK,MAXIMUM COST,6450,2000,4000,1500,4000,2,5,high,low,RISK,3
1,1,1,0,Salaried,83,Yes,Owns,2,10,2,5,9,OUT-OF-POCKET MAXIMUM,IN-NETWORK,MAXIMUM COST,6450,1500,4000,2000,4000,2,5,high,low,RISK,3
1,1,0,1,Salaried,3601,No,Owns,1,4,3,5,9,OUT-OF-POCKET MAXIMUM,IN-NETWORK,MAXIMUM COST,6450,4000,2000,1500,4000,2,5,high,low,RISK,3
0,0,0,1,Bonus,861,No,Owns,8,2,25,5,9,OUT-OF-POCKET MAXIMUM,IN-NETWORK,MAXIMUM COST,1500,6450,4000,2000,4000,2,5,high,low,RISK,3
0,1,1,1,Salaried,2240,Yes,Rents,8,10,10,5,9,OUT-OF-POCKET MAXIMUM,IN-NETWORK,MAXIMUM COST,4000,1500,2000,6450,4000,2,5,high,low,RISK,3
0,0,0,0,Hourly,2384,No,Rents,1,7,6,5,9,OUT-OF-POCKET MAXIMUM,IN-NETWORK,MAXIMUM COST,1500,4000,6450,2000,4000,2,5,high,low,RISK,3
0,0,0,0,Bonus,2363,Yes,Rents,6,5,5,5,9,OUT-OF-POCKET MAXIMUM,IN-NETWORK,MAXIMUM COST,4000,6450,2000,1500,4000,2,5,high,low,RISK,3
0,0,1,0,Salaried,4539,No,Owns,3,10,8,5,9,OUT-OF-POCKET MAXIMUM,IN-NETWORK,MAXIMUM COST,2000,4000,6450,1500,4000,2,5,high,low,RISK,3
0,0,0,0,Bonus,489,No,Rents,3,0,4,5,9,OUT-OF-POCKET MAXIMUM,IN-NETWORK,MAXIMUM COST,2000,1500,6450,4000,4000,2,5,high,low,RISK,3
0,1,0,1,Bonus,4623,Yes,Owns,2,9,1,5,9,OUT-OF-POCKET MAXIMUM,IN-NETWORK,MAXIMUM COST,1500,2000,4000,6450,4000,2,5,high,low,RISK,3
0,0,0,0,Salaried,153,Yes,Owns,0,4,5,5,9,OUT-OF-POCKET MAXIMUM,IN-NETWORK,MAXIMUM COST,1500,6450,4000,2000,4000,2,5,high,low,RISK,3
0,1,1,0,Salaried,3954,No,Owns,1,1,2,5,9,OUT-OF-POCKET MAXIMUM,IN-NETWORK,MAXIMUM COST,1500,6450,2000,4000,4000,2,5,high,low,RISK,3
0,0,0,0,Salaried,4742,No,Rents,0,6,5,5,9,OUT-OF-POCKET MAXIMUM,IN-NETWORK,MAXIMUM COST,2000,1500,4000,6450,4000,2,5,high,low,RISK,3
0,0,0,0,Hourly,3289,No,Rents,8,1,13,5,9,OUT-OF-POCKET MAXIMUM,IN-NETWORK,MAXIMUM COST,6450,2000,4000,1500,4000,2,5,high,low,RISK,3
0,0,0,0,Bonus,3409,Yes,Rents,6,3,4,5,9,OUT-OF-POCKET MAXIMUM,IN-NETWORK,MAXIMUM COST,1500,4000,2000,6450,4000,2,5,high,low,RISK,3
0,0,1,0,Bonus,3179,No,Rents,2,2,0,5,9,OUT-OF-POCKET MAXIMUM,IN-NETWORK,MAXIMUM COST,2000,1500,6450,4000,4000,2,5,high,low,RISK,3
0,0,0,0,Bonus,4271,No,Rents,3,5,12,5,9,OUT-OF-POCKET MAXIMUM,IN-NETWORK,MAXIMUM COST,6450,1500,2000,4000,4000,2,5,high,low,RISK,3
0,0,0,0,Hourly,4605,Yes,Rents,4,6,13,5,9,OUT-OF-POCKET MAXIMUM,IN-NETWORK,MAXIMUM COST,4000,6450,2000,1500,4000,2,5,high,low,RISK,3
0,1,1,1,Salaried,3042,Yes,Rents,1,4,5,5,9,OUT-OF-POCKET MAXIMUM,IN-NETWORK,MAXIMUM COST,1500,4000,6450,2000,4000,2,5,high,low,RISK,3
0,1,1,0,Hourly,170,No,Rents,9,4,8,5,9,OUT-OF-POCKET MAXIMUM,IN-NETWORK,MAXIMUM COST,2000,6450,4000,1500,4000,2,5,high,low,RISK,3
0,0,0,1,Salaried,2062,No,Rents,2,9,4,5,9,OUT-OF-POCKET MAXIMUM,IN-NETWORK,MAXIMUM COST,1500,6450,2000,4000,4000,2,5,high,low,RISK,3
1,0,1,1,Bonus,1962,No,Rents,0,7,9,5,9,OUT-OF-POCKET MAXIMUM,IN-NETWORK,MAXIMUM COST,6450,2000,1500,4000,4000,2,5,high,low,RISK,3
0,0,0,0,Bonus,1006,No,Owns,5,5,23,5,9,OUT-OF-POCKET MAXIMUM,IN-NETWORK,MAXIMUM COST,2000,4000,1500,6450,4000,2,5,high,low,RISK,3
0,1,0,1,Salaried,4555,No,Rents,2,1,9,5,9,OUT-OF-POCKET MAXIMUM,IN-NETWORK,MAXIMUM COST,4000,2000,1500,6450,4000,2,5,high,low,RISK,3
1,0,1,0,Bonus,458,No,Rents,4,8,6,5,9,OUT-OF-POCKET MAXIMUM,IN-NETWORK,MAXIMUM COST,6450,1500,4000,2000,4000,2,5,high,low,RISK,3
1,0,1,0,Hourly,1593,No,Owns,0,2,1,5,9,OUT-OF-POCKET MAXIMUM,IN-NETWORK,MAXIMUM COST,6450,1500,2000,4000,4000,2,5,high,low,RISK,3
0,1,0,0,Hourly,4519,Yes,Owns,4,10,2,5,9,OUT-OF-POCKET MAXIMUM,IN-NETWORK,MAXIMUM COST,6450,1500,4000,2000,4000,2,5,high,low,RISK,3
0,1,0,0,Bonus,2639,No,Rents,0,4,3,5,9,OUT-OF-POCKET MAXIMUM,IN-NETWORK,MAXIMUM COST,1500,6450,2000,4000,4000,2,5,high,low,RISK,3
0,0,1,0,Hourly,2563,Yes,Rents,8,2,25,5,9,OUT-OF-POCKET MAXIMUM,IN-NETWORK,MAXIMUM COST,2000,1500,6450,4000,4000,2,5,high,low,RISK,3
0,0,1,1,Bonus,2810,Yes,Owns,8,10,10,5,9,OUT-OF-POCKET MAXIMUM,IN-NETWORK,MAXIMUM COST,4000,1500,6450,2000,4000,2,5,high,low,RISK,3
0,0,0,1,Hourly,2954,Yes,Owns,10,7,6,5,9,OUT-OF-POCKET MAXIMUM,IN-NETWORK,MAXIMUM COST,4000,1500,2000,6450,4000,2,5,high,low,RISK,3
0,0,1,0,Hourly,2299,Yes,Owns,6,5,5,5,9,OUT-OF-POCKET MAXIMUM,IN-NETWORK,MAXIMUM COST,2000,6450,4000,1500,4000,2,5,high,low,RISK,3
0,0,1,1,Hourly,1155,No,Rents,1,10,8,5,9,OUT-OF-POCKET MAXIMUM,IN-NETWORK,MAXIMUM COST,4000,1500,2000,6450,4000,2,5,high,low,RISK,3
1,0,1,0,Bonus,1856,Yes,Rents,7,0,4,5,9,OUT-OF-POCKET MAXIMUM,IN-NETWORK,MAXIMUM COST,6450,4000,1500,2000,4000,2,5,high,low,RISK,3
1,1,0,0,Salaried,3352,Yes,Rents,1,9,1,5,9,OUT-OF-POCKET MAXIMUM,IN-NETWORK,MAXIMUM COST,6450,1500,2000,4000,4000,2,5,high,low,RISK,3
1,0,0,0,Hourly,3735,Yes,Owns,8,4,5,5,9,OUT-OF-POCKET MAXIMUM,IN-NETWORK,MAXIMUM COST,4000,1500,2000,6450,4000,2,5,high,low,RISK,3
1,0,0,1,Salaried,1125,Yes,Rents,1,1,2,5,9,OUT-OF-POCKET MAXIMUM,IN-NETWORK,MAXIMUM COST,1500,6450,2000,4000,4000,2,5,high,low,RISK,3
1,0,1,0,Bonus,4695,No,Owns,0,6,5,5,9,OUT-OF-POCKET MAXIMUM,IN-NETWORK,MAXIMUM COST,2000,4000,1500,6450,4000,2,5,high,low,RISK,3
0,0,0,1,Salaried,1210,No,Rents,9,1,13,5,9,OUT-OF-POCKET MAXIMUM,IN-NETWORK,MAXIMUM COST,4000,1500,6450,2000,4000,2,5,high,low,RISK,3
1,1,1,0,Bonus,3149,No,Owns,1,3,4,5,9,OUT-OF-POCKET MAXIMUM,IN-NETWORK,MAXIMUM COST,2000,6450,4000,1500,4000,2,5,high,low,RISK,3
1,0,0,0,Bonus,3757,No,Rents,1,2,0,5,9,OUT-OF-POCKET MAXIMUM,IN-NETWORK,MAXIMUM COST,4000,2000,1500,6450,4000,2,5,high,low,RISK,3
1,0,1,1,Salaried,4038,Yes,Rents,5,5,12,5,9,OUT-OF-POCKET MAXIMUM,IN-NETWORK,MAXIMUM COST,4000,1500,2000,6450,4000,2,5,high,low,RISK,3
0,0,0,1,Bonus,381,No,Owns,2,6,13,5,9,OUT-OF-POCKET MAXIMUM,IN-NETWORK,MAXIMUM COST,6450,2000,4000,1500,4000,2,5,high,low,RISK,3
0,0,0,0,Hourly,2879,Yes,Rents,9,4,5,5,9,OUT-OF-POCKET MAXIMUM,IN-NETWORK,MAXIMUM COST,1500,6450,4000,2000,4000,2,5,high,low,RISK,3
0,1,0,0,Hourly,2246,No,Owns,9,4,8,5,9,OUT-OF-POCKET MAXIMUM,IN-NETWORK,MAXIMUM COST,4000,2000,1500,6450,4000,2,5,high,low,RISK,3
0,1,0,0,Hourly,3337,No,Rents,1,9,4,5,9,OUT-OF-POCKET MAXIMUM,IN-NETWORK,MAXIMUM COST,6450,4000,1500,2000,4000,2,5,high,low,RISK,3
1,0,0,0,Hourly,874,No,Owns,9,7,9,5,9,OUT-OF-POCKET MAXIMUM,IN-NETWORK,MAXIMUM COST,4000,2000,6450,1500,4000,2,5,high,low,RISK,3
0,1,0,0,Hourly,4470,Yes,Owns,0,5,23,5,9,OUT-OF-POCKET MAXIMUM,IN-NETWORK,MAXIMUM COST,6450,2000,1500,4000,4000,2,5,high,low,RISK,3
1,0,1,0,Hourly,3252,Yes,Owns,4,1,9,5,9,OUT-OF-POCKET MAXIMUM,IN-NETWORK,MAXIMUM COST,6450,1500,4000,2000,4000,2,5,high,low,RISK,3
0,1,0,0,Hourly,176,Yes,Rents,3,8,6,5,9,OUT-OF-POCKET MAXIMUM,IN-NETWORK,MAXIMUM COST,6450,4000,2000,1500,4000,2,5,high,low,RISK,3
0,0,1,0,Hourly,3681,Yes,Owns,1,2,1,5,9,OUT-OF-POCKET MAXIMUM,IN-NETWORK,MAXIMUM COST,2000,1500,6450,4000,4000,2,5,high,low,RISK,3
0,1,1,1,Hourly,1019,Yes,Owns,8,10,2,5,9,OUT-OF-POCKET MAXIMUM,IN-NETWORK,MAXIMUM COST,2000,4000,6450,1500,4000,2,5,high,low,RISK,3
0,1,1,0,Bonus,4493,Yes,Owns,10,4,3,5,9,OUT-OF-POCKET MAXIMUM,IN-NETWORK,MAXIMUM COST,4000,6450,2000,1500,4000,2,5,high,low,RISK,3
0,1,1,0,Salaried,1012,Yes,Owns,8,2,25,5,9,OUT-OF-POCKET MAXIMUM,IN-NETWORK,MAXIMUM COST,4000,1500,6450,2000,4000,2,5,high,low,RISK,3
0,0,0,0,Bonus,1248,Yes,Rents,1,10,10,5,9,OUT-OF-POCKET MAXIMUM,IN-NETWORK,MAXIMUM COST,2000,1500,4000,6450,4000,2,5,high,low,RISK,3
1,0,0,0,Salaried,2852,Yes,Rents,1,5,5,5,9,OUT-OF-POCKET MAXIMUM,IN-NETWORK,MAXIMUM COST,1500,4000,6450,2000,4000,2,5,high,low,RISK,3
0,0,0,0,Bonus,1440,Yes,Owns,4,10,8,5,9,OUT-OF-POCKET MAXIMUM,IN-NETWORK,MAXIMUM COST,4000,1500,2000,6450,4000,2,5,high,low,RISK,3
1,0,1,0,Bonus,2951,No,Owns,4,0,4,5,9,OUT-OF-POCKET MAXIMUM,IN-NETWORK,MAXIMUM COST,2000,6450,4000,1500,4000,2,5,high,low,RISK,3
2,1,0,2,Salaried,4377,No,Rents,10,19,27,5,10,OUT-OF-POCKET MAXIMUM,IN-NETWORK,MAXIMUM COST,2000,4000,6450,1500,4000,2,10,high,low,RISK,3
0,1,1,0,Salaried,1919,No,Owns,10,15,31,5,10,OUT-OF-POCKET MAXIMUM,IN-NETWORK,MAXIMUM COST,6450,4000,2000,1500,4000,2,10,high,low,RISK,3
1,1,0,0,Salaried,4671,Yes,Rents,15,12,28,5,10,OUT-OF-POCKET MAXIMUM,IN-NETWORK,MAXIMUM COST,6450,4000,2000,1500,4000,2,10,high,low,RISK,3
2,1,0,0,Bonus,1139,No,Owns,13,16,31,5,10,OUT-OF-POCKET MAXIMUM,IN-NETWORK,MAXIMUM COST,2000,4000,1500,6450,4000,2,10,high,low,RISK,3
1,1,2,1,Bonus,3085,No,Rents,9,12,39,5,10,OUT-OF-POCKET MAXIMUM,IN-NETWORK,MAXIMUM COST,4000,1500,2000,6450,4000,2,10,high,low,RISK,3
0,1,2,0,Salaried,912,Yes,Rents,16,14,30,5,10,OUT-OF-POCKET MAXIMUM,IN-NETWORK,MAXIMUM COST,4000,6450,2000,1500,4000,2,10,high,low,RISK,3
1,0,2,1,Hourly,3561,Yes,Owns,12,13,26,5,10,OUT-OF-POCKET MAXIMUM,IN-NETWORK,MAXIMUM COST,2000,4000,6450,1500,4000,2,10,high,low,RISK,3
1,2,0,0,Hourly,4350,No,Rents,7,16,37,5,10,OUT-OF-POCKET MAXIMUM,IN-NETWORK,MAXIMUM COST,2000,4000,6450,1500,4000,2,10,high,low,RISK,3
2,2,1,2,Salaried,3664,No,Owns,7,16,39,5,10,OUT-OF-POCKET MAXIMUM,IN-NETWORK,MAXIMUM COST,4000,1500,2000,6450,4000,2,10,high,low,RISK,3
0,0,0,1,Bonus,1972,Yes,Owns,17,14,30,5,10,OUT-OF-POCKET MAXIMUM,IN-NETWORK,MAXIMUM COST,6450,4000,1500,2000,4000,2,10,high,low,RISK,3
1,0,2,2,Salaried,1235,Yes,Rents,14,14,34,5,10,OUT-OF-POCKET MAXIMUM,IN-NETWORK,MAXIMUM COST,6450,2000,4000,1500,4000,2,10,high,low,RISK,3
0,2,0,1,Bonus,2294,Yes,Owns,10,19,30,5,10,OUT-OF-POCKET MAXIMUM,IN-NETWORK,MAXIMUM COST,1500,2000,4000,6450,4000,2,10,high,low,RISK,3
0,1,2,0,Salaried,4592,Yes,Rents,16,17,35,5,10,OUT-OF-POCKET MAXIMUM,IN-NETWORK,MAXIMUM COST,6450,1500,4000,2000,4000,2,10,high,low,RISK,3
0,0,1,1,Hourly,2183,Yes,Owns,6,15,48,5,10,OUT-OF-POCKET MAXIMUM,IN-NETWORK,MAXIMUM COST,4000,6450,2000,1500,4000,2,10,high,low,RISK,3
1,1,2,1,Salaried,1622,Yes,Rents,8,12,35,5,10,OUT-OF-POCKET MAXIMUM,IN-NETWORK,MAXIMUM COST,1500,2000,4000,6450,4000,2,10,high,low,RISK,3
1,2,1,2,Salaried,4259,Yes,Rents,6,18,32,5,10,OUT-OF-POCKET MAXIMUM,IN-NETWORK,MAXIMUM COST,1500,4000,2000,6450,4000,2,10,high,low,RISK,3
2,1,1,2,Salaried,4138,No,Owns,17,13,27,5,10,OUT-OF-POCKET MAXIMUM,IN-NETWORK,MAXIMUM COST,2000,4000,1500,6450,4000,2,10,high,low,RISK,3
2,0,1,2,Bonus,2742,No,Owns,17,20,28,5,10,OUT-OF-POCKET MAXIMUM,IN-NETWORK,MAXIMUM COST,6450,1500,2000,4000,4000,2,10,high,low,RISK,3
1,1,0,2,Bonus,4027,Yes,Rents,8,14,29,5,10,OUT-OF-POCKET MAXIMUM,IN-NETWORK,MAXIMUM COST,1500,4000,6450,2000,4000,2,10,high,low,RISK,3
1,1,0,0,Bonus,3643,No,Rents,16,13,50,5,10,OUT-OF-POCKET MAXIMUM,IN-NETWORK,MAXIMUM COST,2000,6450,4000,1500,4000,2,10,high,low,RISK,3
1,0,2,0,Salaried,1855,No,Rents,17,20,35,5,10,OUT-OF-POCKET MAXIMUM,IN-NETWORK,MAXIMUM COST,6450,4000,1500,2000,4000,2,10,high,low,RISK,3
1,2,0,1,Bonus,4199,No,Owns,14,17,32,5,10,OUT-OF-POCKET MAXIMUM,IN-NETWORK,MAXIMUM COST,4000,2000,1500,6450,4000,2,10,high,low,RISK,3
0,2,1,0,Salaried,358,No,Rents,12,16,31,5,10,OUT-OF-POCKET MAXIMUM,IN-NETWORK,MAXIMUM COST,4000,6450,2000,1500,4000,2,10,high,low,RISK,3
1,1,1,1,Salaried,2175,No,Owns,16,20,34,5,10,OUT-OF-POCKET MAXIMUM,IN-NETWORK,MAXIMUM COST,6450,1500,4000,2000,4000,2,10,high,low,RISK,3
1,1,0,0,Bonus,2804,No,Owns,11,11,30,5,10,OUT-OF-POCKET MAXIMUM,IN-NETWORK,MAXIMUM COST,1500,4000,2000,6450,4000,2,10,high,low,RISK,3
2,1,2,1,Bonus,2793,Yes,Owns,17,19,27,5,10,OUT-OF-POCKET MAXIMUM,IN-NETWORK,MAXIMUM COST,2000,4000,1500,6450,4000,2,10,high,low,RISK,3
2,0,2,0,Salaried,1366,No,Owns,14,15,31,5,10,OUT-OF-POCKET MAXIMUM,IN-NETWORK,MAXIMUM COST,1500,6450,2000,4000,4000,2,10,high,low,RISK,3
0,1,1,2,Salaried,3990,No,Rents,13,12,28,5,10,OUT-OF-POCKET MAXIMUM,IN-NETWORK,MAXIMUM COST,1500,4000,2000,6450,4000,2,10,high,low,RISK,3
0,1,1,0,Salaried,1625,No,Owns,16,16,31,5,10,OUT-OF-POCKET MAXIMUM,IN-NETWORK,MAXIMUM COST,6450,1500,4000,2000,4000,2,10,high,low,RISK,3
1,2,0,0,Hourly,1178,No,Owns,5,12,39,5,10,OUT-OF-POCKET MAXIMUM,IN-NETWORK,MAXIMUM COST,1500,2000,4000,6450,4000,2,10,high,low,RISK,3
1,1,0,0,Hourly,2665,No,Rents,8,14,30,5,10,OUT-OF-POCKET MAXIMUM,IN-NETWORK,MAXIMUM COST,1500,2000,6450,4000,4000,2,10,high,low,RISK,3
1,1,2,0,Hourly,4144,No,Owns,9,13,26,5,10,OUT-OF-POCKET MAXIMUM,IN-NETWORK,MAXIMUM COST,6450,2000,4000,1500,4000,2,10,high,low,RISK,3
1,1,2,0,Hourly,2547,Yes,Owns,14,16,37,5,10,OUT-OF-POCKET MAXIMUM,IN-NETWORK,MAXIMUM COST,6450,2000,1500,4000,4000,2,10,high,low,RISK,3
1,1,1,0,Hourly,152,Yes,Owns,15,16,39,5,10,OUT-OF-POCKET MAXIMUM,IN-NETWORK,MAXIMUM COST,1500,6450,4000,2000,4000,2,10,high,low,RISK,3
0,0,0,0,Bonus,2909,Yes,Rents,9,14,30,5,10,OUT-OF-POCKET MAXIMUM,IN-NETWORK,MAXIMUM COST,4000,1500,6450,2000,4000,2,10,high,low,RISK,3
2,2,1,1,Bonus,2404,Yes,Owns,11,14,34,5,10,OUT-OF-POCKET MAXIMUM,IN-NETWORK,MAXIMUM COST,1500,6450,2000,4000,4000,2,10,high,low,RISK,3
2,0,1,2,Bonus,144,Yes,Owns,10,19,30,5,10,OUT-OF-POCKET MAXIMUM,IN-NETWORK,MAXIMUM COST,2000,1500,4000,6450,4000,2,10,high,low,RISK,3
2,0,1,0,Hourly,2250,No,Owns,11,17,35,5,10,OUT-OF-POCKET MAXIMUM,IN-NETWORK,MAXIMUM COST,2000,6450,1500,4000,4000,2,10,high,low,RISK,3
2,0,0,0,Hourly,4826,No,Owns,10,15,48,5,10,OUT-OF-POCKET MAXIMUM,IN-NETWORK,MAXIMUM COST,2000,4000,1500,6450,4000,2,10,high,low,RISK,3
1,1,0,0,Salaried,792,No,Owns,12,12,35,5,10,OUT-OF-POCKET MAXIMUM,IN-NETWORK,MAXIMUM COST,2000,4000,6450,1500,4000,2,10,high,low,RISK,3
0,2,0,1,Hourly,3429,No,Rents,15,18,32,5,10,OUT-OF-POCKET MAXIMUM,IN-NETWORK,MAXIMUM COST,4000,1500,6450,2000,4000,2,10,high,low,RISK,3
0,2,0,1,Hourly,1596,Yes,Owns,11,13,27,5,10,OUT-OF-POCKET MAXIMUM,IN-NETWORK,MAXIMUM COST,6450,4000,1500,2000,4000,2,10,high,low,RISK,3
1,1,2,0,Salaried,83,Yes,Owns,7,20,28,5,10,OUT-OF-POCKET MAXIMUM,IN-NETWORK,MAXIMUM COST,1500,4000,2000,6450,4000,2,10,high,low,RISK,3
1,2,0,2,Salaried,3601,No,Owns,6,14,29,5,10,OUT-OF-POCKET MAXIMUM,IN-NETWORK,MAXIMUM COST,1500,4000,6450,2000,4000,2,10,high,low,RISK,3
1,1,0,1,Bonus,861,No,Owns,15,13,50,5,10,OUT-OF-POCKET MAXIMUM,IN-NETWORK,MAXIMUM COST,2000,6450,1500,4000,4000,2,10,high,low,RISK,3
0,2,2,2,Salaried,2240,Yes,Rents,15,20,35,5,10,OUT-OF-POCKET MAXIMUM,IN-NETWORK,MAXIMUM COST,6450,1500,2000,4000,4000,2,10,high,low,RISK,3
1,0,0,0,Hourly,2384,No,Rents,6,17,32,5,10,OUT-OF-POCKET MAXIMUM,IN-NETWORK,MAXIMUM COST,2000,1500,6450,4000,4000,2,10,high,low,RISK,3
0,0,0,0,Bonus,2363,Yes,Rents,12,16,31,5,10,OUT-OF-POCKET MAXIMUM,IN-NETWORK,MAXIMUM COST,2000,1500,6450,4000,4000,2,10,high,low,RISK,3
1,1,2,0,Salaried,4539,No,Owns,10,20,34,5,10,OUT-OF-POCKET MAXIMUM,IN-NETWORK,MAXIMUM COST,6450,2000,4000,1500,4000,2,10,high,low,RISK,3
1,1,0,0,Bonus,489,No,Rents,9,11,30,5,10,OUT-OF-POCKET MAXIMUM,IN-NETWORK,MAXIMUM COST,2000,1500,4000,6450,4000,2,10,high,low,RISK,3
1,2,0,2,Bonus,4623,Yes,Owns,7,19,27,5,10,OUT-OF-POCKET MAXIMUM,IN-NETWORK,MAXIMUM COST,4000,2000,6450,1500,4000,2,10,high,low,RISK,3
1,0,0,0,Salaried,153,Yes,Owns,5,15,31,5,10,OUT-OF-POCKET MAXIMUM,IN-NETWORK,MAXIMUM COST,4000,2000,6450,1500,4000,2,10,high,low,RISK,3
0,2,2,1,Salaried,3954,No,Owns,6,12,28,5,10,OUT-OF-POCKET MAXIMUM,IN-NETWORK,MAXIMUM COST,6450,2000,4000,1500,4000,2,10,high,low,RISK,3
0,1,0,0,Salaried,4742,No,Rents,5,16,31,5,10,OUT-OF-POCKET MAXIMUM,IN-NETWORK,MAXIMUM COST,4000,1500,2000,6450,4000,2,10,high,low,RISK,3
0,0,0,1,Hourly,3289,No,Rents,15,12,39,5,10,OUT-OF-POCKET MAXIMUM,IN-NETWORK,MAXIMUM COST,4000,6450,2000,1500,4000,2,10,high,low,RISK,3
0,0,1,1,Bonus,3409,Yes,Rents,13,14,30,5,10,OUT-OF-POCKET MAXIMUM,IN-NETWORK,MAXIMUM COST,1500,6450,4000,2000,4000,2,10,high,low,RISK,3
0,0,2,1,Bonus,3179,No,Rents,8,13,26,5,10,OUT-OF-POCKET MAXIMUM,IN-NETWORK,MAXIMUM COST,4000,2000,1500,6450,4000,2,10,high,low,RISK,3
0,0,0,1,Bonus,4271,No,Rents,9,16,37,5,10,OUT-OF-POCKET MAXIMUM,IN-NETWORK,MAXIMUM COST,6450,1500,4000,2000,4000,2,10,high,low,RISK,3
0,0,0,0,Hourly,4605,Yes,Rents,10,16,39,5,10,OUT-OF-POCKET MAXIMUM,IN-NETWORK,MAXIMUM COST,6450,1500,2000,4000,4000,2,10,high,low,RISK,3
0,2,2,2,Salaried,3042,Yes,Rents,6,14,30,5,10,OUT-OF-POCKET MAXIMUM,IN-NETWORK,MAXIMUM COST,6450,4000,2000,1500,4000,2,10,high,low,RISK,3
0,2,2,0,Hourly,170,No,Rents,16,14,34,5,10,OUT-OF-POCKET MAXIMUM,IN-NETWORK,MAXIMUM COST,6450,2000,4000,1500,4000,2,10,high,low,RISK,3
0,1,0,2,Salaried,2062,No,Rents,7,19,30,5,10,OUT-OF-POCKET MAXIMUM,IN-NETWORK,MAXIMUM COST,1500,6450,4000,2000,4000,2,10,high,low,RISK,3
1,1,2,2,Bonus,1962,No,Rents,5,17,35,5,10,OUT-OF-POCKET MAXIMUM,IN-NETWORK,MAXIMUM COST,6450,1500,2000,4000,4000,2,10,high,low,RISK,3
0,0,0,0,Bonus,1006,No,Owns,11,15,48,5,10,OUT-OF-POCKET MAXIMUM,IN-NETWORK,MAXIMUM COST,1500,2000,6450,4000,4000,2,10,high,low,RISK,3
0,2,1,2,Salaried,4555,No,Rents,8,12,35,5,10,OUT-OF-POCKET MAXIMUM,IN-NETWORK,MAXIMUM COST,6450,4000,2000,1500,4000,2,10,high,low,RISK,3
2,1,1,0,Bonus,458,No,Rents,10,18,32,5,10,OUT-OF-POCKET MAXIMUM,IN-NETWORK,MAXIMUM COST,4000,6450,2000,1500,4000,2,10,high,low,RISK,3
2,0,2,1,Hourly,1593,No,Owns,5,13,27,5,10,OUT-OF-POCKET MAXIMUM,IN-NETWORK,MAXIMUM COST,1500,2000,6450,4000,4000,2,10,high,low,RISK,3
0,2,0,1,Hourly,4519,Yes,Owns,11,20,28,5,10,OUT-OF-POCKET MAXIMUM,IN-NETWORK,MAXIMUM COST,2000,1500,6450,4000,4000,2,10,high,low,RISK,3
0,1,0,0,Bonus,2639,No,Rents,5,14,29,5,10,OUT-OF-POCKET MAXIMUM,IN-NETWORK,MAXIMUM COST,2000,6450,1500,4000,4000,2,10,high,low,RISK,3
0,0,2,1,Hourly,2563,Yes,Rents,15,13,50,5,10,OUT-OF-POCKET MAXIMUM,IN-NETWORK,MAXIMUM COST,2000,1500,4000,6450,4000,2,10,high,low,RISK,3
0,1,2,1,Bonus,2810,Yes,Owns,15,20,35,5,10,OUT-OF-POCKET MAXIMUM,IN-NETWORK,MAXIMUM COST,1500,4000,2000,6450,4000,2,10,high,low,RISK,3
1,1,0,1,Hourly,2954,Yes,Owns,18,17,32,5,10,OUT-OF-POCKET MAXIMUM,IN-NETWORK,MAXIMUM COST,4000,6450,1500,2000,4000,2,10,high,low,RISK,3
1,0,2,0,Hourly,2299,Yes,Owns,13,16,31,5,10,OUT-OF-POCKET MAXIMUM,IN-NETWORK,MAXIMUM COST,4000,1500,6450,2000,4000,2,10,high,low,RISK,3
0,0,1,2,Hourly,1155,No,Rents,6,20,34,5,10,OUT-OF-POCKET MAXIMUM,IN-NETWORK,MAXIMUM COST,6450,2000,1500,4000,4000,2,10,high,low,RISK,3
1,0,2,0,Bonus,1856,Yes,Rents,14,11,30,5,10,OUT-OF-POCKET MAXIMUM,IN-NETWORK,MAXIMUM COST,1500,4000,6450,2000,4000,2,10,high,low,RISK,3
2,1,1,0,Salaried,3352,Yes,Rents,6,19,27,5,10,OUT-OF-POCKET MAXIMUM,IN-NETWORK,MAXIMUM COST,6450,1500,4000,2000,4000,2,10,high,low,RISK,3
2,0,0,1,Hourly,3735,Yes,Owns,15,15,31,5,10,OUT-OF-POCKET MAXIMUM,IN-NETWORK,MAXIMUM COST,1500,2000,4000,6450,4000,2,10,high,low,RISK,3
2,1,0,2,Salaried,1125,Yes,Rents,6,12,28,5,10,OUT-OF-POCKET MAXIMUM,IN-NETWORK,MAXIMUM COST,2000,6450,4000,1500,4000,2,10,high,low,RISK,3
2,0,1,0,Bonus,4695,No,Owns,5,16,31,5,10,OUT-OF-POCKET MAXIMUM,IN-NETWORK,MAXIMUM COST,2000,1500,4000,6450,4000,2,10,high,low,RISK,3
1,1,1,1,Salaried,1210,No,Rents,17,12,39,5,10,OUT-OF-POCKET MAXIMUM,IN-NETWORK,MAXIMUM COST,1500,6450,4000,2000,4000,2,10,high,low,RISK,3
1,2,1,0,Bonus,3149,No,Owns,6,14,30,5,10,OUT-OF-POCKET MAXIMUM,IN-NETWORK,MAXIMUM COST,4000,6450,2000,1500,4000,2,10,high,low,RISK,3
1,1,1,1,Bonus,3757,No,Rents,6,13,26,5,10,OUT-OF-POCKET MAXIMUM,IN-NETWORK,MAXIMUM COST,1500,2000,6450,4000,4000,2,10,high,low,RISK,3
1,0,2,1,Salaried,4038,Yes,Rents,12,16,37,5,10,OUT-OF-POCKET MAXIMUM,IN-NETWORK,MAXIMUM COST,6450,2000,4000,1500,4000,2,10,high,low,RISK,3
0,0,0,2,Bonus,381,No,Owns,8,16,39,5,10,OUT-OF-POCKET MAXIMUM,IN-NETWORK,MAXIMUM COST,4000,6450,2000,1500,4000,2,10,high,low,RISK,3
0,0,1,1,Hourly,2879,Yes,Rents,16,14,30,5,10,OUT-OF-POCKET MAXIMUM,IN-NETWORK,MAXIMUM COST,6450,4000,1500,2000,4000,2,10,high,low,RISK,3
1,2,0,0,Hourly,2246,No,Owns,17,14,34,5,10,OUT-OF-POCKET MAXIMUM,IN-NETWORK,MAXIMUM COST,4000,1500,6450,2000,4000,2,10,high,low,RISK,3
0,2,1,0,Hourly,3337,No,Rents,7,19,30,5,10,OUT-OF-POCKET MAXIMUM,IN-NETWORK,MAXIMUM COST,6450,1500,4000,2000,4000,2,10,high,low,RISK,3
1,1,1,1,Hourly,874,No,Owns,17,17,35,5,10,OUT-OF-POCKET MAXIMUM,IN-NETWORK,MAXIMUM COST,2000,4000,6450,1500,4000,2,10,high,low,RISK,3
0,1,0,0,Hourly,4470,Yes,Owns,6,15,48,5,10,OUT-OF-POCKET MAXIMUM,IN-NETWORK,MAXIMUM COST,2000,1500,4000,6450,4000,2,10,high,low,RISK,3
2,0,1,1,Hourly,3252,Yes,Owns,10,12,35,5,10,OUT-OF-POCKET MAXIMUM,IN-NETWORK,MAXIMUM COST,4000,6450,1500,2000,4000,2,10,high,low,RISK,3
0,2,0,1,Hourly,176,Yes,Rents,9,18,32,5,10,OUT-OF-POCKET MAXIMUM,IN-NETWORK,MAXIMUM COST,2000,1500,4000,6450,4000,2,10,high,low,RISK,3
1,0,2,0,Hourly,3681,Yes,Owns,6,13,27,5,10,OUT-OF-POCKET MAXIMUM,IN-NETWORK,MAXIMUM COST,2000,6450,1500,4000,4000,2,10,high,low,RISK,3
1,2,1,2,Hourly,1019,Yes,Owns,15,20,28,5,10,OUT-OF-POCKET MAXIMUM,IN-NETWORK,MAXIMUM COST,6450,1500,4000,2000,4000,2,10,high,low,RISK,3
1,2,1,1,Bonus,4493,Yes,Owns,18,14,29,5,10,OUT-OF-POCKET MAXIMUM,IN-NETWORK,MAXIMUM COST,6450,4000,2000,1500,4000,2,10,high,low,RISK,3
1,2,2,0,Salaried,1012,Yes,Owns,15,13,50,5,10,OUT-OF-POCKET MAXIMUM,IN-NETWORK,MAXIMUM COST,2000,4000,6450,1500,4000,2,10,high,low,RISK,3
0,0,1,1,Bonus,1248,Yes,Rents,7,20,35,5,10,OUT-OF-POCKET MAXIMUM,IN-NETWORK,MAXIMUM COST,6450,1500,2000,4000,4000,2,10,high,low,RISK,3
0,0,1,0,Salaried,1214,No,Owns,6,17,32,5,10,OUT-OF-POCKET MAXIMUM,IN-NETWORK,MAXIMUM COST,4000,2000,1500,6450,4000,2,10,high,low,RISK,3
1,0,1,0,Salaried,2852,Yes,Rents,6,16,31,5,10,OUT-OF-POCKET MAXIMUM,IN-NETWORK,MAXIMUM COST,6450,2000,4000,1500,4000,2,10,high,low,RISK,3
1,0,0,0,Bonus,1440,Yes,Owns,10,20,34,5,10,OUT-OF-POCKET MAXIMUM,IN-NETWORK,MAXIMUM COST,6450,1500,4000,2000,4000,2,10,high,low,RISK,3
1,0,1,0,Bonus,2951,No,Owns,11,11,30,5,10,OUT-OF-POCKET MAXIMUM,IN-NETWORK,MAXIMUM COST,4000,6450,1500,2000,4000,2,10,high,low,RISK,3
3,2,1,3,Salaried,4377,No,Rents,24,48,52,5,11,OUT-OF-POCKET MAXIMUM,IN-NETWORK,MAXIMUM COST,4000,6450,2000,1500,2000,3,20,high,low,RISK,3
1,1,2,1,Salaried,1919,No,Owns,25,33,56,5,11,OUT-OF-POCKET MAXIMUM,IN-NETWORK,MAXIMUM COST,4000,2000,6450,1500,2000,3,20,high,low,RISK,3
2,2,1,1,Salaried,4671,Yes,Rents,33,23,53,5,11,OUT-OF-POCKET MAXIMUM,IN-NETWORK,MAXIMUM COST,1500,4000,2000,6450,2000,3,20,high,low,RISK,3
3,2,1,1,Bonus,1139,No,Owns,29,38,56,5,11,OUT-OF-POCKET MAXIMUM,IN-NETWORK,MAXIMUM COST,4000,2000,1500,6450,2000,3,20,high,low,RISK,3
1,2,3,2,Bonus,3085,No,Rents,23,24,64,5,11,OUT-OF-POCKET MAXIMUM,IN-NETWORK,MAXIMUM COST,1500,2000,4000,6450,2000,3,20,high,low,RISK,3
1,2,3,1,Salaried,912,Yes,Rents,37,29,55,5,11,OUT-OF-POCKET MAXIMUM,IN-NETWORK,MAXIMUM COST,4000,1500,2000,6450,2000,3,20,high,low,RISK,3
2,1,3,2,Hourly,3561,Yes,Owns,28,26,51,5,11,OUT-OF-POCKET MAXIMUM,IN-NETWORK,MAXIMUM COST,2000,4000,6450,1500,2000,3,20,high,low,RISK,3
2,3,1,1,Hourly,4350,No,Rents,19,36,62,5,11,OUT-OF-POCKET MAXIMUM,IN-NETWORK,MAXIMUM COST,4000,6450,2000,1500,2000,3,20,high,low,RISK,3
3,3,2,3,Salaried,3664,No,Owns,18,38,64,5,11,OUT-OF-POCKET MAXIMUM,IN-NETWORK,MAXIMUM COST,2000,1500,4000,6450,2000,3,20,high,low,RISK,3
1,1,1,1,Bonus,1972,Yes,Owns,38,31,55,5,11,OUT-OF-POCKET MAXIMUM,IN-NETWORK,MAXIMUM COST,4000,1500,6450,2000,2000,3,20,high,low,RISK,3
1,1,3,3,Salaried,1235,Yes,Rents,32,31,59,5,11,OUT-OF-POCKET MAXIMUM,IN-NETWORK,MAXIMUM COST,4000,2000,6450,1500,2000,3,20,high,low,RISK,3
1,3,1,2,Bonus,2294,Yes,Owns,25,47,55,5,11,OUT-OF-POCKET MAXIMUM,IN-NETWORK,MAXIMUM COST,6450,1500,4000,2000,2000,3,20,high,low,RISK,3
1,2,3,1,Salaried,4592,Yes,Rents,37,41,60,5,11,OUT-OF-POCKET MAXIMUM,IN-NETWORK,MAXIMUM COST,4000,1500,2000,6450,2000,3,20,high,low,RISK,3
2,2,3,2,Salaried,1622,Yes,Rents,21,24,60,5,11,OUT-OF-POCKET MAXIMUM,IN-NETWORK,MAXIMUM COST,2000,4000,1500,6450,2000,3,20,high,low,RISK,3
2,3,1,3,Salaried,4259,Yes,Rents,17,43,57,5,11,OUT-OF-POCKET MAXIMUM,IN-NETWORK,MAXIMUM COST,6450,1500,2000,4000,2000,3,20,high,low,RISK,3
3,2,2,3,Salaried,4138,No,Owns,37,25,52,5,11,OUT-OF-POCKET MAXIMUM,IN-NETWORK,MAXIMUM COST,2000,6450,1500,4000,2000,3,20,high,low,RISK,3
3,1,2,3,Bonus,2742,No,Owns,39,50,53,5,11,OUT-OF-POCKET MAXIMUM,IN-NETWORK,MAXIMUM COST,1500,2000,6450,4000,2000,3,20,high,low,RISK,3
1,1,1,3,Bonus,4027,Yes,Rents,21,31,54,5,11,OUT-OF-POCKET MAXIMUM,IN-NETWORK,MAXIMUM COST,1500,2000,6450,4000,2000,3,20,high,low,RISK,3
2,2,1,1,Bonus,3643,No,Rents,35,26,75,5,11,OUT-OF-POCKET MAXIMUM,IN-NETWORK,MAXIMUM COST,4000,2000,6450,1500,2000,3,20,high,low,RISK,3
2,1,3,1,Salaried,1855,No,Rents,39,49,60,5,11,OUT-OF-POCKET MAXIMUM,IN-NETWORK,MAXIMUM COST,2000,1500,6450,4000,2000,3,20,high,low,RISK,3
1,3,1,1,Bonus,4199,No,Owns,33,40,57,5,11,OUT-OF-POCKET MAXIMUM,IN-NETWORK,MAXIMUM COST,4000,6450,2000,1500,2000,3,20,high,low,RISK,3
1,3,2,1,Salaried,358,No,Rents,28,36,56,5,11,OUT-OF-POCKET MAXIMUM,IN-NETWORK,MAXIMUM COST,6450,2000,4000,1500,2000,3,20,high,low,RISK,3
2,2,2,1,Salaried,2175,No,Owns,35,49,59,5,11,OUT-OF-POCKET MAXIMUM,IN-NETWORK,MAXIMUM COST,2000,6450,4000,1500,2000,3,20,high,low,RISK,3
2,2,1,1,Bonus,2804,No,Owns,26,20,55,5,11,OUT-OF-POCKET MAXIMUM,IN-NETWORK,MAXIMUM COST,6450,4000,1500,2000,2000,3,20,high,low,RISK,3
3,3,3,2,Bonus,2793,Yes,Owns,39,48,52,5,11,OUT-OF-POCKET MAXIMUM,IN-NETWORK,MAXIMUM COST,6450,4000,1500,2000,2000,3,20,high,low,RISK,3
3,1,3,1,Salaried,1366,No,Owns,32,33,56,5,11,OUT-OF-POCKET MAXIMUM,IN-NETWORK,MAXIMUM COST,2000,6450,4000,1500,2000,3,20,high,low,RISK,3
1,2,2,3,Salaried,3990,No,Rents,30,23,53,5,11,OUT-OF-POCKET MAXIMUM,IN-NETWORK,MAXIMUM COST,1500,2000,4000,6450,2000,3,20,high,low,RISK,3
1,2,2,1,Salaried,1625,No,Owns,36,38,56,5,11,OUT-OF-POCKET MAXIMUM,IN-NETWORK,MAXIMUM COST,1500,4000,6450,2000,2000,3,20,high,low,RISK,3
2,3,1,1,Hourly,1178,No,Owns,15,24,64,5,11,OUT-OF-POCKET MAXIMUM,IN-NETWORK,MAXIMUM COST,2000,1500,6450,4000,2000,3,20,high,low,RISK,3
2,1,1,1,Hourly,2665,No,Rents,20,29,55,5,11,OUT-OF-POCKET MAXIMUM,IN-NETWORK,MAXIMUM COST,6450,2000,1500,4000,2000,3,20,high,low,RISK,3
2,3,3,1,Hourly,4144,No,Owns,23,26,51,5,11,OUT-OF-POCKET MAXIMUM,IN-NETWORK,MAXIMUM COST,6450,2000,1500,4000,2000,3,20,high,low,RISK,3
2,2,3,1,Hourly,2547,Yes,Owns,32,36,62,5,11,OUT-OF-POCKET MAXIMUM,IN-NETWORK,MAXIMUM COST,2000,4000,6450,1500,2000,3,20,high,low,RISK,3
2,1,2,1,Hourly,152,Yes,Owns,34,38,64,5,11,OUT-OF-POCKET MAXIMUM,IN-NETWORK,MAXIMUM COST,6450,2000,4000,1500,2000,3,20,high,low,RISK,3
1,1,1,1,Bonus,2909,Yes,Rents,23,31,55,5,11,OUT-OF-POCKET MAXIMUM,IN-NETWORK,MAXIMUM COST,1500,4000,2000,6450,2000,3,20,high,low,RISK,3
3,3,2,2,Bonus,2404,Yes,Owns,27,31,59,5,11,OUT-OF-POCKET MAXIMUM,IN-NETWORK,MAXIMUM COST,2000,1500,6450,4000,2000,3,20,high,low,RISK,3
3,1,2,3,Bonus,144,Yes,Owns,24,47,55,5,11,OUT-OF-POCKET MAXIMUM,IN-NETWORK,MAXIMUM COST,1500,4000,2000,6450,2000,3,20,high,low,RISK,3
3,1,2,1,Hourly,2250,No,Owns,26,41,60,5,11,OUT-OF-POCKET MAXIMUM,IN-NETWORK,MAXIMUM COST,6450,4000,1500,2000,2000,3,20,high,low,RISK,3
3,1,1,1,Hourly,4826,No,Owns,25,35,73,5,11,OUT-OF-POCKET MAXIMUM,IN-NETWORK,MAXIMUM COST,1500,6450,2000,4000,2000,3,20,high,low,RISK,3
2,2,1,1,Salaried,792,No,Owns,28,24,60,5,11,OUT-OF-POCKET MAXIMUM,IN-NETWORK,MAXIMUM COST,2000,6450,1500,4000,2000,3,20,high,low,RISK,3
1,3,1,2,Hourly,3429,No,Rents,34,43,57,5,11,OUT-OF-POCKET MAXIMUM,IN-NETWORK,MAXIMUM COST,6450,4000,1500,2000,2000,3,20,high,low,RISK,3
1,3,1,2,Hourly,1596,Yes,Owns,27,25,52,5,11,OUT-OF-POCKET MAXIMUM,IN-NETWORK,MAXIMUM COST,2000,1500,4000,6450,2000,3,20,high,low,RISK,3
2,3,3,1,Salaried,83,Yes,Owns,19,50,53,5,11,OUT-OF-POCKET MAXIMUM,IN-NETWORK,MAXIMUM COST,1500,4000,6450,2000,2000,3,20,high,low,RISK,3
2,3,1,3,Salaried,3601,No,Owns,17,31,54,5,11,OUT-OF-POCKET MAXIMUM,IN-NETWORK,MAXIMUM COST,2000,1500,6450,4000,2000,3,20,high,low,RISK,3
2,2,1,2,Bonus,861,No,Owns,34,26,75,5,11,OUT-OF-POCKET MAXIMUM,IN-NETWORK,MAXIMUM COST,1500,6450,4000,2000,2000,3,20,high,low,RISK,3
1,3,3,3,Salaried,2240,Yes,Rents,35,49,60,5,11,OUT-OF-POCKET MAXIMUM,IN-NETWORK,MAXIMUM COST,6450,4000,1500,2000,2000,3,20,high,low,RISK,3
1,1,1,1,Hourly,2384,No,Rents,17,40,57,5,11,OUT-OF-POCKET MAXIMUM,IN-NETWORK,MAXIMUM COST,6450,4000,1500,2000,2000,3,20,high,low,RISK,3
1,1,1,1,Bonus,2363,Yes,Rents,29,36,56,5,11,OUT-OF-POCKET MAXIMUM,IN-NETWORK,MAXIMUM COST,6450,2000,4000,1500,2000,3,20,high,low,RISK,3
2,1,3,1,Salaried,4539,No,Owns,24,49,59,5,11,OUT-OF-POCKET MAXIMUM,IN-NETWORK,MAXIMUM COST,6450,4000,2000,1500,2000,3,20,high,low,RISK,3
2,1,1,1,Bonus,489,No,Rents,23,20,55,5,11,OUT-OF-POCKET MAXIMUM,IN-NETWORK,MAXIMUM COST,1500,4000,6450,2000,2000,3,20,high,low,RISK,3
2,3,1,3,Bonus,4623,Yes,Owns,19,48,52,5,11,OUT-OF-POCKET MAXIMUM,IN-NETWORK,MAXIMUM COST,1500,6450,2000,4000,2000,3,20,high,low,RISK,3
2,1,1,1,Salaried,153,Yes,Owns,15,33,56,5,11,OUT-OF-POCKET MAXIMUM,IN-NETWORK,MAXIMUM COST,4000,6450,2000,1500,2000,3,20,high,low,RISK,3
1,3,3,2,Salaried,3954,No,Owns,17,23,53,5,11,OUT-OF-POCKET MAXIMUM,IN-NETWORK,MAXIMUM COST,6450,4000,2000,1500,2000,3,20,high,low,RISK,3
1,2,1,1,Salaried,4742,No,Rents,15,38,56,5,11,OUT-OF-POCKET MAXIMUM,IN-NETWORK,MAXIMUM COST,4000,6450,2000,1500,2000,3,20,high,low,RISK,3
1,1,1,2,Hourly,3289,No,Rents,35,24,64,5,11,OUT-OF-POCKET MAXIMUM,IN-NETWORK,MAXIMUM COST,6450,1500,2000,4000,2000,3,20,high,low,RISK,3
1,1,2,2,Bonus,3409,Yes,Rents,30,29,55,5,11,OUT-OF-POCKET MAXIMUM,IN-NETWORK,MAXIMUM COST,1500,4000,6450,2000,2000,3,20,high,low,RISK,3
1,1,3,2,Bonus,3179,No,Rents,21,26,51,5,11,OUT-OF-POCKET MAXIMUM,IN-NETWORK,MAXIMUM COST,2000,6450,1500,4000,2000,3,20,high,low,RISK,3
1,1,1,2,Bonus,4271,No,Rents,22,36,62,5,11,OUT-OF-POCKET MAXIMUM,IN-NETWORK,MAXIMUM COST,6450,1500,4000,2000,2000,3,20,high,low,RISK,3
1,1,1,1,Hourly,4605,Yes,Rents,24,38,64,5,11,OUT-OF-POCKET MAXIMUM,IN-NETWORK,MAXIMUM COST,1500,4000,6450,2000,2000,3,20,high,low,RISK,3
1,3,3,3,Salaried,3042,Yes,Rents,16,31,55,5,11,OUT-OF-POCKET MAXIMUM,IN-NETWORK,MAXIMUM COST,4000,6450,1500,2000,2000,3,20,high,low,RISK,3
1,3,3,1,Hourly,170,No,Rents,37,31,59,5,11,OUT-OF-POCKET MAXIMUM,IN-NETWORK,MAXIMUM COST,1500,4000,2000,6450,2000,3,20,high,low,RISK,3
1,1,1,3,Salaried,2062,No,Rents,20,47,55,5,11,OUT-OF-POCKET MAXIMUM,IN-NETWORK,MAXIMUM COST,1500,4000,2000,6450,2000,3,20,high,low,RISK,3
2,2,3,3,Bonus,1962,No,Rents,15,41,60,5,11,OUT-OF-POCKET MAXIMUM,IN-NETWORK,MAXIMUM COST,2000,4000,6450,1500,2000,3,20,high,low,RISK,3
1,1,1,1,Bonus,1006,No,Owns,27,35,73,5,11,OUT-OF-POCKET MAXIMUM,IN-NETWORK,MAXIMUM COST,6450,1500,2000,4000,2000,3,20,high,low,RISK,3
1,3,2,3,Salaried,4555,No,Rents,20,24,60,5,11,OUT-OF-POCKET MAXIMUM,IN-NETWORK,MAXIMUM COST,1500,6450,4000,2000,2000,3,20,high,low,RISK,3
3,1,2,1,Bonus,458,No,Rents,25,43,57,5,11,OUT-OF-POCKET MAXIMUM,IN-NETWORK,MAXIMUM COST,4000,1500,2000,6450,2000,3,20,high,low,RISK,3
3,1,3,1,Hourly,1593,No,Owns,16,25,52,5,11,OUT-OF-POCKET MAXIMUM,IN-NETWORK,MAXIMUM COST,4000,6450,2000,1500,2000,3,20,high,low,RISK,3
1,3,1,2,Hourly,4519,Yes,Owns,26,50,53,5,11,OUT-OF-POCKET MAXIMUM,IN-NETWORK,MAXIMUM COST,1500,6450,2000,4000,2000,3,20,high,low,RISK,3
1,2,1,1,Bonus,2639,No,Rents,16,31,54,5,11,OUT-OF-POCKET MAXIMUM,IN-NETWORK,MAXIMUM COST,1500,4000,6450,2000,2000,3,20,high,low,RISK,3
1,1,3,1,Hourly,2563,Yes,Rents,35,26,75,5,11,OUT-OF-POCKET MAXIMUM,IN-NETWORK,MAXIMUM COST,1500,4000,2000,6450,2000,3,20,high,low,RISK,3
1,2,3,2,Bonus,2810,Yes,Owns,35,49,60,5,11,OUT-OF-POCKET MAXIMUM,IN-NETWORK,MAXIMUM COST,1500,2000,4000,6450,2000,3,20,high,low,RISK,3
2,2,1,2,Hourly,2954,Yes,Owns,39,40,57,5,11,OUT-OF-POCKET MAXIMUM,IN-NETWORK,MAXIMUM COST,2000,6450,1500,4000,2000,3,20,high,low,RISK,3
2,1,3,1,Hourly,2299,Yes,Owns,31,36,56,5,11,OUT-OF-POCKET MAXIMUM,IN-NETWORK,MAXIMUM COST,2000,4000,6450,1500,2000,3,20,high,low,RISK,3
1,1,2,3,Hourly,1155,No,Rents,16,49,59,5,11,OUT-OF-POCKET MAXIMUM,IN-NETWORK,MAXIMUM COST,2000,6450,4000,1500,2000,3,20,high,low,RISK,3
2,1,3,1,Bonus,1856,Yes,Rents,31,20,55,5,11,OUT-OF-POCKET MAXIMUM,IN-NETWORK,MAXIMUM COST,6450,2000,1500,4000,2000,3,20,high,low,RISK,3
3,2,2,1,Salaried,3352,Yes,Rents,18,48,52,5,11,OUT-OF-POCKET MAXIMUM,IN-NETWORK,MAXIMUM COST,2000,4000,1500,6450,2000,3,20,high,low,RISK,3
3,1,1,2,Hourly,3735,Yes,Owns,34,33,56,5,11,OUT-OF-POCKET MAXIMUM,IN-NETWORK,MAXIMUM COST,1500,6450,4000,2000,2000,3,20,high,low,RISK,3
3,2,1,3,Salaried,1125,Yes,Rents,18,23,53,5,11,OUT-OF-POCKET MAXIMUM,IN-NETWORK,MAXIMUM COST,1500,6450,2000,4000,2000,3,20,high,low,RISK,3
2,2,2,2,Salaried,1210,No,Rents,38,24,64,5,11,OUT-OF-POCKET MAXIMUM,IN-NETWORK,MAXIMUM COST,2000,1500,4000,6450,2000,3,20,high,low,RISK,3
2,3,2,1,Bonus,3149,No,Owns,17,29,55,5,11,OUT-OF-POCKET MAXIMUM,IN-NETWORK,MAXIMUM COST,2000,6450,4000,1500,2000,3,20,high,low,RISK,3
2,2,2,2,Bonus,3757,No,Rents,18,26,51,5,11,OUT-OF-POCKET MAXIMUM,IN-NETWORK,MAXIMUM COST,2000,1500,4000,6450,2000,3,20,high,low,RISK,3
3,1,3,2,Salaried,4038,Yes,Rents,28,36,62,5,11,OUT-OF-POCKET MAXIMUM,IN-NETWORK,MAXIMUM COST,1500,2000,6450,4000,2000,3,20,high,low,RISK,3
1,1,1,3,Bonus,381,No,Owns,20,38,64,5,11,OUT-OF-POCKET MAXIMUM,IN-NETWORK,MAXIMUM COST,1500,2000,4000,6450,2000,3,20,high,low,RISK,3
1,1,1,2,Hourly,2879,Yes,Rents,37,31,55,5,11,OUT-OF-POCKET MAXIMUM,IN-NETWORK,MAXIMUM COST,1500,6450,4000,2000,2000,3,20,high,low,RISK,3
2,3,1,1,Hourly,2246,No,Owns,38,31,59,5,11,OUT-OF-POCKET MAXIMUM,IN-NETWORK,MAXIMUM COST,4000,1500,6450,2000,2000,3,20,high,low,RISK,3
1,3,2,1,Hourly,3337,No,Rents,18,47,55,5,11,OUT-OF-POCKET MAXIMUM,IN-NETWORK,MAXIMUM COST,2000,1500,6450,4000,2000,3,20,high,low,RISK,3
2,2,1,2,Hourly,874,No,Owns,38,41,60,5,11,OUT-OF-POCKET MAXIMUM,IN-NETWORK,MAXIMUM COST,4000,1500,2000,6450,2000,3,20,high,low,RISK,3
1,2,1,1,Hourly,4470,Yes,Owns,16,35,73,5,11,OUT-OF-POCKET MAXIMUM,IN-NETWORK,MAXIMUM COST,1500,6450,4000,2000,2000,3,20,high,low,RISK,3
3,1,3,1,Hourly,3252,Yes,Owns,24,24,60,5,11,OUT-OF-POCKET MAXIMUM,IN-NETWORK,MAXIMUM COST,1500,2000,4000,6450,2000,3,20,high,low,RISK,3
1,3,1,2,Hourly,176,Yes,Rents,23,43,57,5,11,OUT-OF-POCKET MAXIMUM,IN-NETWORK,MAXIMUM COST,2000,4000,1500,6450,2000,3,20,high,low,RISK,3
2,1,3,1,Hourly,3681,Yes,Owns,17,25,52,5,11,OUT-OF-POCKET MAXIMUM,IN-NETWORK,MAXIMUM COST,6450,4000,1500,2000,2000,3,20,high,low,RISK,3
1,3,2,3,Hourly,1019,Yes,Owns,35,50,53,5,11,OUT-OF-POCKET MAXIMUM,IN-NETWORK,MAXIMUM COST,6450,4000,1500,2000,2000,3,20,high,low,RISK,3
1,3,2,1,Bonus,4493,Yes,Owns,39,31,54,5,11,OUT-OF-POCKET MAXIMUM,IN-NETWORK,MAXIMUM COST,2000,6450,1500,4000,2000,3,20,high,low,RISK,3
1,3,3,1,Salaried,1012,Yes,Owns,34,26,75,5,11,OUT-OF-POCKET MAXIMUM,IN-NETWORK,MAXIMUM COST,1500,6450,4000,2000,2000,3,20,high,low,RISK,3
1,1,2,1,Bonus,1248,Yes,Rents,18,49,60,5,11,OUT-OF-POCKET MAXIMUM,IN-NETWORK,MAXIMUM COST,4000,1500,2000,6450,2000,3,20,high,low,RISK,3
1,1,2,1,Salaried,1214,No,Owns,17,40,57,5,11,OUT-OF-POCKET MAXIMUM,IN-NETWORK,MAXIMUM COST,4000,6450,1500,2000,2000,3,20,high,low,RISK,3
2,1,1,1,Salaried,2852,Yes,Rents,18,36,56,5,11,OUT-OF-POCKET MAXIMUM,IN-NETWORK,MAXIMUM COST,1500,4000,6450,2000,2000,3,20,high,low,RISK,3
2,1,1,1,Bonus,1440,Yes,Owns,24,49,59,5,11,OUT-OF-POCKET MAXIMUM,IN-NETWORK,MAXIMUM COST,1500,2000,4000,6450,2000,3,20,high,low,RISK,3
3,1,3,1,Bonus,2951,No,Owns,26,20,55,5,11,OUT-OF-POCKET MAXIMUM,IN-NETWORK,MAXIMUM COST,1500,6450,4000,2000,2000,3,20,high,low,RISK,3
4,3,2,4,Salaried,4377,No,Rents,46,73,76,5,12,OUT-OF-POCKET MAXIMUM,IN-NETWORK,MAXIMUM COST,6450,4000,2000,1500,2000,3,50,high,low,RISK,3
2,3,4,2,Salaried,1919,No,Owns,48,61,80,5,12,OUT-OF-POCKET MAXIMUM,IN-NETWORK,MAXIMUM COST,4000,1500,6450,2000,2000,3,50,high,low,RISK,3
4,4,3,2,Salaried,4671,Yes,Rents,57,53,77,5,12,OUT-OF-POCKET MAXIMUM,IN-NETWORK,MAXIMUM COST,1500,2000,4000,6450,2000,3,50,high,low,RISK,3
4,4,2,2,Bonus,1139,No,Owns,52,65,80,5,12,OUT-OF-POCKET MAXIMUM,IN-NETWORK,MAXIMUM COST,6450,1500,2000,4000,2000,3,50,high,low,RISK,3
3,4,4,3,Bonus,3085,No,Rents,45,54,88,5,12,OUT-OF-POCKET MAXIMUM,IN-NETWORK,MAXIMUM COST,4000,6450,1500,2000,2000,3,50,high,low,RISK,3
3,4,4,3,Salaried,912,Yes,Rents,61,58,79,5,12,OUT-OF-POCKET MAXIMUM,IN-NETWORK,MAXIMUM COST,2000,1500,4000,6450,2000,3,50,high,low,RISK,3
4,3,4,3,Hourly,3561,Yes,Owns,51,56,75,5,12,OUT-OF-POCKET MAXIMUM,IN-NETWORK,MAXIMUM COST,2000,4000,6450,1500,2000,3,50,high,low,RISK,3
4,4,2,2,Hourly,4350,No,Rents,40,64,87,5,12,OUT-OF-POCKET MAXIMUM,IN-NETWORK,MAXIMUM COST,1500,4000,6450,2000,2000,3,50,high,low,RISK,3
4,4,4,4,Salaried,3664,No,Owns,39,65,88,5,12,OUT-OF-POCKET MAXIMUM,IN-NETWORK,MAXIMUM COST,1500,4000,6450,2000,2000,3,50,high,low,RISK,3
2,3,3,3,Bonus,1972,Yes,Owns,62,60,80,5,12,OUT-OF-POCKET MAXIMUM,IN-NETWORK,MAXIMUM COST,2000,1500,4000,6450,2000,3,50,high,low,RISK,3
3,2,4,4,Salaried,1235,Yes,Rents,55,60,83,5,12,OUT-OF-POCKET MAXIMUM,IN-NETWORK,MAXIMUM COST,4000,2000,6450,1500,2000,3,50,high,low,RISK,3
2,4,3,3,Bonus,2294,Yes,Owns,47,72,79,5,12,OUT-OF-POCKET MAXIMUM,IN-NETWORK,MAXIMUM COST,2000,6450,1500,4000,2000,3,50,high,low,RISK,3
2,3,4,3,Salaried,4592,Yes,Rents,62,68,84,5,12,OUT-OF-POCKET MAXIMUM,IN-NETWORK,MAXIMUM COST,4000,1500,6450,2000,2000,3,50,high,low,RISK,3
3,3,3,4,Hourly,2183,Yes,Owns,37,63,98,5,12,OUT-OF-POCKET MAXIMUM,IN-NETWORK,MAXIMUM COST,2000,6450,4000,1500,2000,3,50,high,low,RISK,3
3,3,4,3,Salaried,1622,Yes,Rents,42,55,84,5,12,OUT-OF-POCKET MAXIMUM,IN-NETWORK,MAXIMUM COST,1500,2000,4000,6450,2000,3,50,high,low,RISK,3
3,4,3,4,Salaried,4259,Yes,Rents,37,70,81,5,12,OUT-OF-POCKET MAXIMUM,IN-NETWORK,MAXIMUM COST,4000,2000,1500,6450,2000,3,50,high,low,RISK,3
4,3,3,4,Salaried,4138,No,Owns,62,55,76,5,12,OUT-OF-POCKET MAXIMUM,IN-NETWORK,MAXIMUM COST,1500,4000,2000,6450,2000,3,50,high,low,RISK,3
4,3,4,4,Bonus,2742,No,Owns,64,75,77,5,12,OUT-OF-POCKET MAXIMUM,IN-NETWORK,MAXIMUM COST,2000,4000,1500,6450,2000,3,50,high,low,RISK,3
3,3,3,4,Bonus,4027,Yes,Rents,43,60,78,5,12,OUT-OF-POCKET MAXIMUM,IN-NETWORK,MAXIMUM COST,4000,2000,1500,6450,2000,3,50,high,low,RISK,3
4,4,2,2,Bonus,3643,No,Rents,59,56,100,5,12,OUT-OF-POCKET MAXIMUM,IN-NETWORK,MAXIMUM COST,6450,2000,1500,4000,2000,3,50,high,low,RISK,3
4,2,4,2,Salaried,1855,No,Rents,63,74,85,5,12,OUT-OF-POCKET MAXIMUM,IN-NETWORK,MAXIMUM COST,2000,1500,6450,4000,2000,3,50,high,low,RISK,3
3,4,2,3,Bonus,4199,No,Owns,57,67,81,5,12,OUT-OF-POCKET MAXIMUM,IN-NETWORK,MAXIMUM COST,4000,1500,6450,2000,2000,3,50,high,low,RISK,3
3,4,3,2,Salaried,358,No,Rents,50,64,80,5,12,OUT-OF-POCKET MAXIMUM,IN-NETWORK,MAXIMUM COST,4000,1500,2000,6450,2000,3,50,high,low,RISK,3
4,3,4,3,Salaried,2175,No,Owns,59,75,83,5,12,OUT-OF-POCKET MAXIMUM,IN-NETWORK,MAXIMUM COST,2000,6450,4000,1500,2000,3,50,high,low,RISK,3
4,4,2,2,Bonus,2804,No,Owns,48,51,79,5,12,OUT-OF-POCKET MAXIMUM,IN-NETWORK,MAXIMUM COST,4000,6450,1500,2000,2000,3,50,high,low,RISK,3
4,4,4,4,Bonus,2793,Yes,Owns,63,73,76,5,12,OUT-OF-POCKET MAXIMUM,IN-NETWORK,MAXIMUM COST,1500,2000,6450,4000,2000,3,50,high,low,RISK,3
2,4,4,4,Salaried,3990,No,Rents,53,53,77,5,12,OUT-OF-POCKET MAXIMUM,IN-NETWORK,MAXIMUM COST,4000,2000,1500,6450,2000,3,50,high,low,RISK,3
2,4,3,3,Salaried,1625,No,Owns,60,65,80,5,12,OUT-OF-POCKET MAXIMUM,IN-NETWORK,MAXIMUM COST,4000,1500,2000,6450,2000,3,50,high,low,RISK,3
4,4,3,3,Hourly,1178,No,Owns,35,54,88,5,12,OUT-OF-POCKET MAXIMUM,IN-NETWORK,MAXIMUM COST,2000,4000,6450,1500,2000,3,50,high,low,RISK,3
3,3,2,2,Hourly,2665,No,Rents,41,58,79,5,12,OUT-OF-POCKET MAXIMUM,IN-NETWORK,MAXIMUM COST,2000,1500,4000,6450,2000,3,50,high,low,RISK,3
4,4,4,2,Hourly,4144,No,Owns,44,56,75,5,12,OUT-OF-POCKET MAXIMUM,IN-NETWORK,MAXIMUM COST,4000,6450,2000,1500,2000,3,50,high,low,RISK,3
3,3,4,3,Hourly,2547,Yes,Owns,55,64,87,5,12,OUT-OF-POCKET MAXIMUM,IN-NETWORK,MAXIMUM COST,6450,4000,1500,2000,2000,3,50,high,low,RISK,3
4,3,4,2,Hourly,152,Yes,Owns,58,65,88,5,12,OUT-OF-POCKET MAXIMUM,IN-NETWORK,MAXIMUM COST,1500,2000,4000,6450,2000,3,50,high,low,RISK,3
3,2,2,3,Bonus,2909,Yes,Rents,45,60,80,5,12,OUT-OF-POCKET MAXIMUM,IN-NETWORK,MAXIMUM COST,1500,6450,4000,2000,2000,3,50,high,low,RISK,3
4,4,3,3,Bonus,2404,Yes,Owns,49,60,83,5,12,OUT-OF-POCKET MAXIMUM,IN-NETWORK,MAXIMUM COST,6450,1500,2000,4000,2000,3,50,high,low,RISK,3
4,2,4,4,Bonus,144,Yes,Owns,46,72,79,5,12,OUT-OF-POCKET MAXIMUM,IN-NETWORK,MAXIMUM COST,4000,6450,1500,2000,2000,3,50,high,low,RISK,3
4,2,4,2,Hourly,2250,No,Owns,48,68,84,5,12,OUT-OF-POCKET MAXIMUM,IN-NETWORK,MAXIMUM COST,1500,6450,2000,4000,2000,3,50,high,low,RISK,3
4,3,3,3,Hourly,4826,No,Owns,47,63,98,5,12,OUT-OF-POCKET MAXIMUM,IN-NETWORK,MAXIMUM COST,6450,4000,2000,1500,2000,3,50,high,low,RISK,3
4,4,2,3,Salaried,792,No,Owns,50,55,84,5,12,OUT-OF-POCKET MAXIMUM,IN-NETWORK,MAXIMUM COST,2000,6450,4000,1500,2000,3,50,high,low,RISK,3
2,4,2,3,Hourly,3429,No,Rents,58,70,81,5,12,OUT-OF-POCKET MAXIMUM,IN-NETWORK,MAXIMUM COST,4000,2000,1500,6450,2000,3,50,high,low,RISK,3
3,4,3,4,Hourly,1596,Yes,Owns,50,55,76,5,12,OUT-OF-POCKET MAXIMUM,IN-NETWORK,MAXIMUM COST,6450,4000,2000,1500,2000,3,50,high,low,RISK,3
4,4,4,3,Salaried,83,Yes,Owns,40,75,77,5,12,OUT-OF-POCKET MAXIMUM,IN-NETWORK,MAXIMUM COST,2000,1500,4000,6450,2000,3,50,high,low,RISK,3
4,4,3,4,Salaried,3601,No,Owns,38,60,78,5,12,OUT-OF-POCKET MAXIMUM,IN-NETWORK,MAXIMUM COST,2000,6450,4000,1500,2000,3,50,high,low,RISK,3
3,4,2,4,Bonus,861,No,Owns,58,56,100,5,12,OUT-OF-POCKET MAXIMUM,IN-NETWORK,MAXIMUM COST,6450,2000,1500,4000,2000,3,50,high,low,RISK,3
2,4,4,4,Salaried,2240,Yes,Rents,59,74,85,5,12,OUT-OF-POCKET MAXIMUM,IN-NETWORK,MAXIMUM COST,1500,4000,2000,6450,2000,3,50,high,low,RISK,3
3,3,2,2,Hourly,2384,No,Rents,37,67,81,5,12,OUT-OF-POCKET MAXIMUM,IN-NETWORK,MAXIMUM COST,1500,2000,4000,6450,2000,3,50,high,low,RISK,3
2,2,3,3,Bonus,2363,Yes,Rents,52,64,80,5,12,OUT-OF-POCKET MAXIMUM,IN-NETWORK,MAXIMUM COST,1500,6450,4000,2000,2000,3,50,high,low,RISK,3
3,3,4,2,Salaried,4539,No,Owns,45,75,83,5,12,OUT-OF-POCKET MAXIMUM,IN-NETWORK,MAXIMUM COST,2000,1500,4000,6450,2000,3,50,high,low,RISK,3
3,3,2,2,Bonus,489,No,Rents,45,51,79,5,12,OUT-OF-POCKET MAXIMUM,IN-NETWORK,MAXIMUM COST,4000,6450,2000,1500,2000,3,50,high,low,RISK,3
4,4,2,4,Bonus,4623,Yes,Owns,40,73,76,5,12,OUT-OF-POCKET MAXIMUM,IN-NETWORK,MAXIMUM COST,6450,4000,1500,2000,2000,3,50,high,low,RISK,3
3,3,3,2,Salaried,153,Yes,Owns,36,61,80,5,12,OUT-OF-POCKET MAXIMUM,IN-NETWORK,MAXIMUM COST,1500,6450,4000,2000,2000,3,50,high,low,RISK,3
3,4,4,4,Salaried,3954,No,Owns,38,53,77,5,12,OUT-OF-POCKET MAXIMUM,IN-NETWORK,MAXIMUM COST,6450,2000,1500,4000,2000,3,50,high,low,RISK,3
3,3,2,3,Salaried,4742,No,Rents,35,65,80,5,12,OUT-OF-POCKET MAXIMUM,IN-NETWORK,MAXIMUM COST,6450,1500,2000,4000,2000,3,50,high,low,RISK,3
2,2,2,3,Hourly,3289,No,Rents,59,54,88,5,12,OUT-OF-POCKET MAXIMUM,IN-NETWORK,MAXIMUM COST,6450,4000,1500,2000,2000,3,50,high,low,RISK,3
2,2,3,3,Bonus,3409,Yes,Rents,54,58,79,5,12,OUT-OF-POCKET MAXIMUM,IN-NETWORK,MAXIMUM COST,6450,2000,4000,1500,2000,3,50,high,low,RISK,3
3,3,4,3,Bonus,3179,No,Rents,42,56,75,5,12,OUT-OF-POCKET MAXIMUM,IN-NETWORK,MAXIMUM COST,2000,4000,1500,6450,2000,3,50,high,low,RISK,3
3,3,2,4,Bonus,4271,No,Rents,43,64,87,5,12,OUT-OF-POCKET MAXIMUM,IN-NETWORK,MAXIMUM COST,4000,2000,6450,1500,2000,3,50,high,low,RISK,3
3,3,3,2,Hourly,4605,Yes,Rents,46,65,88,5,12,OUT-OF-POCKET MAXIMUM,IN-NETWORK,MAXIMUM COST,6450,2000,4000,1500,2000,3,50,high,low,RISK,3
2,4,4,4,Salaried,3042,Yes,Rents,37,60,80,5,12,OUT-OF-POCKET MAXIMUM,IN-NETWORK,MAXIMUM COST,6450,1500,2000,4000,2000,3,50,high,low,RISK,3
2,4,4,3,Hourly,170,No,Rents,61,60,83,5,12,OUT-OF-POCKET MAXIMUM,IN-NETWORK,MAXIMUM COST,2000,6450,1500,4000,2000,3,50,high,low,RISK,3
2,3,3,4,Salaried,2062,No,Rents,40,72,79,5,12,OUT-OF-POCKET MAXIMUM,IN-NETWORK,MAXIMUM COST,1500,4000,6450,2000,2000,3,50,high,low,RISK,3
4,4,4,4,Bonus,1962,No,Rents,35,68,84,5,12,OUT-OF-POCKET MAXIMUM,IN-NETWORK,MAXIMUM COST,6450,1500,2000,4000,2000,3,50,high,low,RISK,3
2,2,3,2,Bonus,1006,No,Owns,50,63,98,5,12,OUT-OF-POCKET MAXIMUM,IN-NETWORK,MAXIMUM COST,2000,1500,6450,4000,2000,3,50,high,low,RISK,3
2,4,3,4,Salaried,4555,No,Rents,42,55,84,5,12,OUT-OF-POCKET MAXIMUM,IN-NETWORK,MAXIMUM COST,4000,6450,2000,1500,2000,3,50,high,low,RISK,3
4,3,4,3,Bonus,458,No,Rents,46,70,81,5,12,OUT-OF-POCKET MAXIMUM,IN-NETWORK,MAXIMUM COST,1500,2000,4000,6450,2000,3,50,high,low,RISK,3
4,3,4,3,Hourly,1593,No,Owns,36,55,76,5,12,OUT-OF-POCKET MAXIMUM,IN-NETWORK,MAXIMUM COST,1500,4000,6450,2000,2000,3,50,high,low,RISK,3
3,4,2,3,Hourly,4519,Yes,Owns,48,75,77,5,12,OUT-OF-POCKET MAXIMUM,IN-NETWORK,MAXIMUM COST,2000,6450,4000,1500,2000,3,50,high,low,RISK,3
2,4,3,3,Bonus,2639,No,Rents,36,60,78,5,12,OUT-OF-POCKET MAXIMUM,IN-NETWORK,MAXIMUM COST,2000,1500,4000,6450,2000,3,50,high,low,RISK,3
2,3,4,3,Hourly,2563,Yes,Rents,59,56,100,5,12,OUT-OF-POCKET MAXIMUM,IN-NETWORK,MAXIMUM COST,6450,4000,2000,1500,2000,3,50,high,low,RISK,3
3,4,4,4,Bonus,2810,Yes,Owns,58,74,85,5,12,OUT-OF-POCKET MAXIMUM,IN-NETWORK,MAXIMUM COST,1500,2000,4000,6450,2000,3,50,high,low,RISK,3
3,4,3,4,Hourly,2954,Yes,Owns,64,67,81,5,12,OUT-OF-POCKET MAXIMUM,IN-NETWORK,MAXIMUM COST,4000,6450,1500,2000,2000,3,50,high,low,RISK,3
3,2,4,3,Hourly,2299,Yes,Owns,54,64,80,5,12,OUT-OF-POCKET MAXIMUM,IN-NETWORK,MAXIMUM COST,2000,1500,6450,4000,2000,3,50,high,low,RISK,3
2,3,4,4,Hourly,1155,No,Rents,37,75,83,5,12,OUT-OF-POCKET MAXIMUM,IN-NETWORK,MAXIMUM COST,4000,2000,1500,6450,2000,3,50,high,low,RISK,3
4,2,4,3,Bonus,1856,Yes,Rents,55,51,79,5,12,OUT-OF-POCKET MAXIMUM,IN-NETWORK,MAXIMUM COST,6450,4000,2000,1500,2000,3,50,high,low,RISK,3
4,4,3,3,Salaried,3352,Yes,Rents,38,73,76,5,12,OUT-OF-POCKET MAXIMUM,IN-NETWORK,MAXIMUM COST,4000,6450,2000,1500,2000,3,50,high,low,RISK,3
4,3,2,3,Hourly,3735,Yes,Owns,58,61,80,5,12,OUT-OF-POCKET MAXIMUM,IN-NETWORK,MAXIMUM COST,4000,2000,6450,1500,2000,3,50,high,low,RISK,3
4,3,3,4,Salaried,1125,Yes,Rents,38,53,77,5,12,OUT-OF-POCKET MAXIMUM,IN-NETWORK,MAXIMUM COST,6450,1500,4000,2000,2000,3,50,high,low,RISK,3
4,2,4,2,Bonus,4695,No,Owns,35,65,80,5,12,OUT-OF-POCKET MAXIMUM,IN-NETWORK,MAXIMUM COST,1500,4000,2000,6450,2000,3,50,high,low,RISK,3
3,3,3,4,Salaried,1210,No,Rents,62,54,88,5,12,OUT-OF-POCKET MAXIMUM,IN-NETWORK,MAXIMUM COST,4000,2000,1500,6450,2000,3,50,high,low,RISK,3
4,4,4,2,Bonus,3149,No,Owns,37,58,79,5,12,OUT-OF-POCKET MAXIMUM,IN-NETWORK,MAXIMUM COST,6450,4000,2000,1500,2000,3,50,high,low,RISK,3
4,3,4,4,Bonus,3757,No,Rents,38,56,75,5,12,OUT-OF-POCKET MAXIMUM,IN-NETWORK,MAXIMUM COST,1500,4000,2000,6450,2000,3,50,high,low,RISK,3
4,3,4,4,Salaried,4038,Yes,Rents,51,64,87,5,12,OUT-OF-POCKET MAXIMUM,IN-NETWORK,MAXIMUM COST,4000,1500,6450,2000,2000,3,50,high,low,RISK,3
2,3,3,4,Bonus,381,No,Owns,41,65,88,5,12,OUT-OF-POCKET MAXIMUM,IN-NETWORK,MAXIMUM COST,6450,1500,2000,4000,2000,3,50,high,low,RISK,3
3,3,3,3,Hourly,2879,Yes,Rents,61,60,80,5,12,OUT-OF-POCKET MAXIMUM,IN-NETWORK,MAXIMUM COST,1500,6450,2000,4000,2000,3,50,high,low,RISK,3
4,4,3,2,Hourly,2246,No,Owns,62,60,83,5,12,OUT-OF-POCKET MAXIMUM,IN-NETWORK,MAXIMUM COST,1500,6450,4000,2000,2000,3,50,high,low,RISK,3
2,4,3,2,Hourly,3337,No,Rents,39,72,79,5,12,OUT-OF-POCKET MAXIMUM,IN-NETWORK,MAXIMUM COST,4000,6450,1500,2000,2000,3,50,high,low,RISK,3
4,3,3,4,Hourly,874,No,Owns,63,68,84,5,12,OUT-OF-POCKET MAXIMUM,IN-NETWORK,MAXIMUM COST,2000,6450,1500,4000,2000,3,50,high,low,RISK,3
3,4,2,3,Hourly,4470,Yes,Owns,36,63,98,5,12,OUT-OF-POCKET MAXIMUM,IN-NETWORK,MAXIMUM COST,6450,2000,1500,4000,2000,3,50,high,low,RISK,3
4,3,4,3,Hourly,3252,Yes,Owns,46,55,84,5,12,OUT-OF-POCKET MAXIMUM,IN-NETWORK,MAXIMUM COST,2000,4000,6450,1500,2000,3,50,high,low,RISK,3
3,4,2,3,Hourly,176,Yes,Rents,45,70,81,5,12,OUT-OF-POCKET MAXIMUM,IN-NETWORK,MAXIMUM COST,1500,2000,4000,6450,2000,3,50,high,low,RISK,3
4,3,4,2,Hourly,3681,Yes,Owns,38,55,76,5,12,OUT-OF-POCKET MAXIMUM,IN-NETWORK,MAXIMUM COST,1500,4000,2000,6450,2000,3,50,high,low,RISK,3
3,4,4,4,Hourly,1019,Yes,Owns,59,75,77,5,12,OUT-OF-POCKET MAXIMUM,IN-NETWORK,MAXIMUM COST,2000,6450,1500,4000,2000,3,50,high,low,RISK,3
3,4,4,3,Bonus,4493,Yes,Owns,64,60,78,5,12,OUT-OF-POCKET MAXIMUM,IN-NETWORK,MAXIMUM COST,1500,6450,4000,2000,2000,3,50,high,low,RISK,3
3,4,4,2,Salaried,1012,Yes,Owns,58,56,100,5,12,OUT-OF-POCKET MAXIMUM,IN-NETWORK,MAXIMUM COST,2000,1500,6450,4000,2000,3,50,high,low,RISK,3
2,2,4,3,Bonus,1248,Yes,Rents,39,74,85,5,12,OUT-OF-POCKET MAXIMUM,IN-NETWORK,MAXIMUM COST,6450,2000,1500,4000,2000,3,50,high,low,RISK,3
2,3,3,3,Salaried,1214,No,Owns,37,67,81,5,12,OUT-OF-POCKET MAXIMUM,IN-NETWORK,MAXIMUM COST,4000,2000,6450,1500,2000,3,50,high,low,RISK,3
4,3,3,2,Salaried,2852,Yes,Rents,38,64,80,5,12,OUT-OF-POCKET MAXIMUM,IN-NETWORK,MAXIMUM COST,4000,1500,2000,6450,2000,3,50,high,low,RISK,3
3,3,2,2,Bonus,1440,Yes,Owns,46,75,83,5,12,OUT-OF-POCKET MAXIMUM,IN-NETWORK,MAXIMUM COST,1500,4000,2000,6450,2000,3,50,high,low,RISK,3
4,2,4,3,Bonus,2951,No,Owns,48,51,79,5,12,OUT-OF-POCKET MAXIMUM,IN-NETWORK,MAXIMUM COST,4000,6450,2000,1500,2000,3,50,high,low,RISK,3
1,0,0,1,Salaried,4377,No,Rents,4,9,1,5,13,OUT-OF-POCKET MAXIMUM,IN-NETWORK,MAXIMUM COST,6450,2000,4000,1500,2000,3,5,high,high,RISK,4
0,0,1,0,Salaried,1919,No,Owns,4,4,5,5,13,OUT-OF-POCKET MAXIMUM,IN-NETWORK,MAXIMUM COST,1500,4000,2000,6450,2000,3,5,high,high,RISK,4
0,0,0,0,Salaried,4671,Yes,Rents,7,1,2,5,13,OUT-OF-POCKET MAXIMUM,IN-NETWORK,MAXIMUM COST,1500,4000,6450,2000,2000,3,5,high,high,RISK,4
1,1,0,0,Bonus,1139,No,Owns,6,6,5,5,13,OUT-OF-POCKET MAXIMUM,IN-NETWORK,MAXIMUM COST,4000,2000,1500,6450,2000,3,5,high,high,RISK,4
0,1,1,0,Bonus,3085,No,Rents,3,1,13,5,13,OUT-OF-POCKET MAXIMUM,IN-NETWORK,MAXIMUM COST,6450,4000,1500,2000,2000,3,5,high,high,RISK,4
0,1,1,0,Salaried,912,Yes,Rents,9,3,4,5,13,OUT-OF-POCKET MAXIMUM,IN-NETWORK,MAXIMUM COST,6450,2000,4000,1500,2000,3,5,high,high,RISK,4
1,0,1,0,Hourly,3561,Yes,Owns,5,2,0,5,13,OUT-OF-POCKET MAXIMUM,IN-NETWORK,MAXIMUM COST,6450,1500,2000,4000,2000,3,5,high,high,RISK,4
1,1,0,0,Hourly,4350,No,Rents,2,5,12,5,13,OUT-OF-POCKET MAXIMUM,IN-NETWORK,MAXIMUM COST,2000,6450,4000,1500,2000,3,5,high,high,RISK,4
1,1,0,1,Salaried,3664,No,Owns,1,6,13,5,13,OUT-OF-POCKET MAXIMUM,IN-NETWORK,MAXIMUM COST,2000,6450,4000,1500,2000,3,5,high,high,RISK,4
0,0,0,0,Bonus,1972,Yes,Owns,9,4,5,5,13,OUT-OF-POCKET MAXIMUM,IN-NETWORK,MAXIMUM COST,6450,1500,2000,4000,2000,3,5,high,high,RISK,4
0,0,1,1,Salaried,1235,Yes,Rents,7,4,8,5,13,OUT-OF-POCKET MAXIMUM,IN-NETWORK,MAXIMUM COST,1500,2000,6450,4000,2000,3,5,high,high,RISK,4
0,1,0,0,Bonus,2294,Yes,Owns,4,9,4,5,13,OUT-OF-POCKET MAXIMUM,IN-NETWORK,MAXIMUM COST,6450,4000,2000,1500,2000,3,5,high,high,RISK,4
0,0,1,0,Salaried,4592,Yes,Rents,9,7,9,5,13,OUT-OF-POCKET MAXIMUM,IN-NETWORK,MAXIMUM COST,6450,1500,4000,2000,2000,3,5,high,high,RISK,4
0,0,0,1,Hourly,2183,Yes,Owns,1,5,23,5,13,OUT-OF-POCKET MAXIMUM,IN-NETWORK,MAXIMUM COST,6450,1500,2000,4000,2000,3,5,high,high,RISK,4
0,0,1,0,Salaried,1622,Yes,Rents,2,1,9,5,13,OUT-OF-POCKET MAXIMUM,IN-NETWORK,MAXIMUM COST,4000,1500,2000,6450,2000,3,5,high,high,RISK,4
0,1,0,1,Salaried,4259,Yes,Rents,1,8,6,5,13,OUT-OF-POCKET MAXIMUM,IN-NETWORK,MAXIMUM COST,4000,6450,2000,1500,2000,3,5,high,high,RISK,4
1,0,0,1,Salaried,4138,No,Owns,9,2,1,5,13,OUT-OF-POCKET MAXIMUM,IN-NETWORK,MAXIMUM COST,6450,1500,2000,4000,2000,3,5,high,high,RISK,4
1,0,0,1,Bonus,2742,No,Owns,10,10,2,5,13,OUT-OF-POCKET MAXIMUM,IN-NETWORK,MAXIMUM COST,6450,1500,2000,4000,2000,3,5,high,high,RISK,4
0,0,0,1,Bonus,4027,Yes,Rents,3,4,3,5,13,OUT-OF-POCKET MAXIMUM,IN-NETWORK,MAXIMUM COST,6450,2000,1500,4000,2000,3,5,high,high,RISK,4
1,0,1,0,Salaried,1855,No,Rents,9,10,10,5,13,OUT-OF-POCKET MAXIMUM,IN-NETWORK,MAXIMUM COST,6450,2000,1500,4000,2000,3,5,high,high,RISK,4
0,1,0,0,Bonus,4199,No,Owns,7,7,6,5,13,OUT-OF-POCKET MAXIMUM,IN-NETWORK,MAXIMUM COST,4000,6450,2000,1500,2000,3,5,high,high,RISK,4
0,1,0,0,Salaried,358,No,Rents,5,5,5,5,13,OUT-OF-POCKET MAXIMUM,IN-NETWORK,MAXIMUM COST,1500,4000,2000,6450,2000,3,5,high,high,RISK,4
0,0,1,0,Salaried,2175,No,Owns,8,10,8,5,13,OUT-OF-POCKET MAXIMUM,IN-NETWORK,MAXIMUM COST,6450,4000,2000,1500,2000,3,5,high,high,RISK,4
0,1,0,0,Bonus,2804,No,Owns,4,0,4,5,13,OUT-OF-POCKET MAXIMUM,IN-NETWORK,MAXIMUM COST,2000,4000,1500,6450,2000,3,5,high,high,RISK,4
1,1,1,0,Bonus,2793,Yes,Owns,9,9,1,5,13,OUT-OF-POCKET MAXIMUM,IN-NETWORK,MAXIMUM COST,6450,4000,1500,2000,2000,3,5,high,high,RISK,4
1,0,1,0,Salaried,1366,No,Owns,7,4,5,5,13,OUT-OF-POCKET MAXIMUM,IN-NETWORK,MAXIMUM COST,2000,1500,4000,6450,2000,3,5,high,high,RISK,4
0,1,1,1,Salaried,3990,No,Rents,6,1,2,5,13,OUT-OF-POCKET MAXIMUM,IN-NETWORK,MAXIMUM COST,6450,2000,4000,1500,2000,3,5,high,high,RISK,4
0,0,0,0,Salaried,1625,No,Owns,8,6,5,5,13,OUT-OF-POCKET MAXIMUM,IN-NETWORK,MAXIMUM COST,2000,1500,6450,4000,2000,3,5,high,high,RISK,4
1,1,0,0,Hourly,1178,No,Owns,0,1,13,5,13,OUT-OF-POCKET MAXIMUM,IN-NETWORK,MAXIMUM COST,1500,6450,2000,4000,2000,3,5,high,high,RISK,4
0,0,0,0,Hourly,2665,No,Rents,2,3,4,5,13,OUT-OF-POCKET MAXIMUM,IN-NETWORK,MAXIMUM COST,6450,2000,4000,1500,2000,3,5,high,high,RISK,4
1,1,1,0,Hourly,4144,No,Owns,3,2,0,5,13,OUT-OF-POCKET MAXIMUM,IN-NETWORK,MAXIMUM COST,2000,1500,6450,4000,2000,3,5,high,high,RISK,4
0,0,1,0,Hourly,2547,Yes,Owns,7,5,12,5,13,OUT-OF-POCKET MAXIMUM,IN-NETWORK,MAXIMUM COST,4000,2000,1500,6450,2000,3,5,high,high,RISK,4
1,0,1,0,Hourly,152,Yes,Owns,8,6,13,5,13,OUT-OF-POCKET MAXIMUM,IN-NETWORK,MAXIMUM COST,1500,4000,6450,2000,2000,3,5,high,high,RISK,4
0,0,0,0,Bonus,2909,Yes,Rents,3,4,5,5,13,OUT-OF-POCKET MAXIMUM,IN-NETWORK,MAXIMUM COST,6450,4000,2000,1500,2000,3,5,high,high,RISK,4
1,1,0,0,Bonus,2404,Yes,Owns,5,4,8,5,13,OUT-OF-POCKET MAXIMUM,IN-NETWORK,MAXIMUM COST,6450,4000,1500,2000,2000,3,5,high,high,RISK,4
1,0,1,1,Bonus,144,Yes,Owns,4,9,4,5,13,OUT-OF-POCKET MAXIMUM,IN-NETWORK,MAXIMUM COST,2000,1500,6450,4000,2000,3,5,high,high,RISK,4
1,0,0,0,Hourly,4826,No,Owns,4,5,23,5,13,OUT-OF-POCKET MAXIMUM,IN-NETWORK,MAXIMUM COST,2000,6450,4000,1500,2000,3,5,high,high,RISK,4
1,1,0,0,Salaried,792,No,Owns,5,1,9,5,13,OUT-OF-POCKET MAXIMUM,IN-NETWORK,MAXIMUM COST,2000,1500,4000,6450,2000,3,5,high,high,RISK,4
0,1,0,0,Hourly,3429,No,Rents,8,8,6,5,13,OUT-OF-POCKET MAXIMUM,IN-NETWORK,MAXIMUM COST,4000,6450,1500,2000,2000,3,5,high,high,RISK,4
0,1,0,0,Hourly,1596,Yes,Owns,5,2,1,5,13,OUT-OF-POCKET MAXIMUM,IN-NETWORK,MAXIMUM COST,6450,1500,2000,4000,2000,3,5,high,high,RISK,4
1,1,1,0,Salaried,83,Yes,Owns,2,10,2,5,13,OUT-OF-POCKET MAXIMUM,IN-NETWORK,MAXIMUM COST,4000,2000,6450,1500,2000,3,5,high,high,RISK,4
1,1,0,1,Salaried,3601,No,Owns,1,4,3,5,13,OUT-OF-POCKET MAXIMUM,IN-NETWORK,MAXIMUM COST,2000,4000,6450,1500,2000,3,5,high,high,RISK,4
0,0,0,1,Bonus,861,No,Owns,8,2,25,5,13,OUT-OF-POCKET MAXIMUM,IN-NETWORK,MAXIMUM COST,4000,6450,2000,1500,2000,3,5,high,high,RISK,4
0,1,1,1,Salaried,2240,Yes,Rents,8,10,10,5,13,OUT-OF-POCKET MAXIMUM,IN-NETWORK,MAXIMUM COST,4000,1500,6450,2000,2000,3,5,high,high,RISK,4
0,0,0,0,Hourly,2384,No,Rents,1,7,6,5,13,OUT-OF-POCKET MAXIMUM,IN-NETWORK,MAXIMUM COST,6450,2000,1500,4000,2000,3,5,high,high,RISK,4
0,0,0,0,Bonus,2363,Yes,Rents,6,5,5,5,13,OUT-OF-POCKET MAXIMUM,IN-NETWORK,MAXIMUM COST,2000,4000,1500,6450,2000,3,5,high,high,RISK,4
0,0,1,0,Salaried,4539,No,Owns,3,10,8,5,13,OUT-OF-POCKET MAXIMUM,IN-NETWORK,MAXIMUM COST,1500,2000,6450,4000,2000,3,5,high,high,RISK,4
0,0,0,0,Bonus,489,No,Rents,3,0,4,5,13,OUT-OF-POCKET MAXIMUM,IN-NETWORK,MAXIMUM COST,1500,4000,6450,2000,2000,3,5,high,high,RISK,4
0,1,0,1,Bonus,4623,Yes,Owns,2,9,1,5,13,OUT-OF-POCKET MAXIMUM,IN-NETWORK,MAXIMUM COST,1500,2000,4000,6450,2000,3,5,high,high,RISK,4
0,0,0,0,Salaried,153,Yes,Owns,0,4,5,5,13,OUT-OF-POCKET MAXIMUM,IN-NETWORK,MAXIMUM COST,4000,6450,1500,2000,2000,3,5,high,high,RISK,4
0,1,1,0,Salaried,3954,No,Owns,1,1,2,5,13,OUT-OF-POCKET MAXIMUM,IN-NETWORK,MAXIMUM COST,2000,4000,6450,1500,2000,3,5,high,high,RISK,4
0,0,0,0,Salaried,4742,No,Rents,0,6,5,5,13,OUT-OF-POCKET MAXIMUM,IN-NETWORK,MAXIMUM COST,6450,4000,2000,1500,2000,3,5,high,high,RISK,4
0,0,0,0,Hourly,3289,No,Rents,8,1,13,5,13,OUT-OF-POCKET MAXIMUM,IN-NETWORK,MAXIMUM COST,1500,2000,4000,6450,2000,3,5,high,high,RISK,4
0,0,0,0,Bonus,3409,Yes,Rents,6,3,4,5,13,OUT-OF-POCKET MAXIMUM,IN-NETWORK,MAXIMUM COST,6450,1500,2000,4000,2000,3,5,high,high,RISK,4
0,0,1,0,Bonus,3179,No,Rents,2,2,0,5,13,OUT-OF-POCKET MAXIMUM,IN-NETWORK,MAXIMUM COST,2000,1500,6450,4000,2000,3,5,high,high,RISK,4
0,0,0,0,Bonus,4271,No,Rents,3,5,12,5,13,OUT-OF-POCKET MAXIMUM,IN-NETWORK,MAXIMUM COST,4000,1500,6450,2000,2000,3,5,high,high,RISK,4
0,0,0,0,Hourly,4605,Yes,Rents,4,6,13,5,13,OUT-OF-POCKET MAXIMUM,IN-NETWORK,MAXIMUM COST,1500,2000,6450,4000,2000,3,5,high,high,RISK,4
0,1,1,1,Salaried,3042,Yes,Rents,1,4,5,5,13,OUT-OF-POCKET MAXIMUM,IN-NETWORK,MAXIMUM COST,6450,4000,1500,2000,2000,3,5,high,high,RISK,4
0,1,1,0,Hourly,170,No,Rents,9,4,8,5,13,OUT-OF-POCKET MAXIMUM,IN-NETWORK,MAXIMUM COST,2000,4000,1500,6450,2000,3,5,high,high,RISK,4
0,0,0,1,Salaried,2062,No,Rents,2,9,4,5,13,OUT-OF-POCKET MAXIMUM,IN-NETWORK,MAXIMUM COST,1500,6450,4000,2000,2000,3,5,high,high,RISK,4
1,0,1,1,Bonus,1962,No,Rents,0,7,9,5,13,OUT-OF-POCKET MAXIMUM,IN-NETWORK,MAXIMUM COST,6450,4000,2000,1500,2000,3,5,high,high,RISK,4
0,0,0,0,Bonus,1006,No,Owns,5,5,23,5,13,OUT-OF-POCKET MAXIMUM,IN-NETWORK,MAXIMUM COST,4000,1500,6450,2000,2000,3,5,high,high,RISK,4
0,1,0,1,Salaried,4555,No,Rents,2,1,9,5,13,OUT-OF-POCKET MAXIMUM,IN-NETWORK,MAXIMUM COST,4000,1500,2000,6450,2000,3,5,high,high,RISK,4
1,0,1,0,Bonus,458,No,Rents,4,8,6,5,13,OUT-OF-POCKET MAXIMUM,IN-NETWORK,MAXIMUM COST,6450,4000,1500,2000,2000,3,5,high,high,RISK,4
1,0,1,0,Hourly,1593,No,Owns,0,2,1,5,13,OUT-OF-POCKET MAXIMUM,IN-NETWORK,MAXIMUM COST,6450,1500,2000,4000,2000,3,5,high,high,RISK,4
0,1,0,0,Hourly,4519,Yes,Owns,4,10,2,5,13,OUT-OF-POCKET MAXIMUM,IN-NETWORK,MAXIMUM COST,1500,6450,2000,4000,2000,3,5,high,high,RISK,4
0,1,0,0,Bonus,2639,No,Rents,0,4,3,5,13,OUT-OF-POCKET MAXIMUM,IN-NETWORK,MAXIMUM COST,6450,1500,4000,2000,2000,3,5,high,high,RISK,4
0,0,1,0,Hourly,2563,Yes,Rents,8,2,25,5,13,OUT-OF-POCKET MAXIMUM,IN-NETWORK,MAXIMUM COST,1500,2000,4000,6450,2000,3,5,high,high,RISK,4
0,0,1,1,Bonus,2810,Yes,Owns,8,10,10,5,13,OUT-OF-POCKET MAXIMUM,IN-NETWORK,MAXIMUM COST,4000,2000,1500,6450,2000,3,5,high,high,RISK,4
0,0,0,1,Hourly,2954,Yes,Owns,10,7,6,5,13,OUT-OF-POCKET MAXIMUM,IN-NETWORK,MAXIMUM COST,4000,1500,2000,6450,2000,3,5,high,high,RISK,4
0,0,1,0,Hourly,2299,Yes,Owns,6,5,5,5,13,OUT-OF-POCKET MAXIMUM,IN-NETWORK,MAXIMUM COST,6450,1500,4000,2000,2000,3,5,high,high,RISK,4
0,0,1,1,Hourly,1155,No,Rents,1,10,8,5,13,OUT-OF-POCKET MAXIMUM,IN-NETWORK,MAXIMUM COST,2000,4000,1500,6450,2000,3,5,high,high,RISK,4
1,0,1,0,Bonus,1856,Yes,Rents,7,0,4,5,13,OUT-OF-POCKET MAXIMUM,IN-NETWORK,MAXIMUM COST,4000,6450,1500,2000,2000,3,5,high,high,RISK,4
1,1,0,0,Salaried,3352,Yes,Rents,1,9,1,5,13,OUT-OF-POCKET MAXIMUM,IN-NETWORK,MAXIMUM COST,4000,1500,2000,6450,2000,3,5,high,high,RISK,4
1,0,0,0,Hourly,3735,Yes,Owns,8,4,5,5,13,OUT-OF-POCKET MAXIMUM,IN-NETWORK,MAXIMUM COST,2000,6450,1500,4000,2000,3,5,high,high,RISK,4
1,0,0,1,Salaried,1125,Yes,Rents,1,1,2,5,13,OUT-OF-POCKET MAXIMUM,IN-NETWORK,MAXIMUM COST,1500,4000,6450,2000,2000,3,5,high,high,RISK,4
1,0,1,0,Bonus,4695,No,Owns,0,6,5,5,13,OUT-OF-POCKET MAXIMUM,IN-NETWORK,MAXIMUM COST,6450,1500,2000,4000,2000,3,5,high,high,RISK,4
0,0,0,1,Salaried,1210,No,Rents,9,1,13,5,13,OUT-OF-POCKET MAXIMUM,IN-NETWORK,MAXIMUM COST,2000,1500,4000,6450,2000,3,5,high,high,RISK,4
1,1,1,0,Bonus,3149,No,Owns,1,3,4,5,13,OUT-OF-POCKET MAXIMUM,IN-NETWORK,MAXIMUM COST,2000,1500,6450,4000,2000,3,5,high,high,RISK,4
1,0,0,0,Bonus,3757,No,Rents,1,2,0,5,13,OUT-OF-POCKET MAXIMUM,IN-NETWORK,MAXIMUM COST,6450,2000,1500,4000,2000,3,5,high,high,RISK,4
1,0,1,1,Salaried,4038,Yes,Rents,5,5,12,5,13,OUT-OF-POCKET MAXIMUM,IN-NETWORK,MAXIMUM COST,4000,1500,6450,2000,2000,3,5,high,high,RISK,4
0,0,0,1,Bonus,381,No,Owns,2,6,13,5,13,OUT-OF-POCKET MAXIMUM,IN-NETWORK,MAXIMUM COST,4000,2000,6450,1500,2000,3,5,high,high,RISK,4
0,0,0,0,Hourly,2879,Yes,Rents,9,4,5,5,13,OUT-OF-POCKET MAXIMUM,IN-NETWORK,MAXIMUM COST,2000,1500,6450,4000,2000,3,5,high,high,RISK,4
0,1,0,0,Hourly,2246,No,Owns,9,4,8,5,13,OUT-OF-POCKET MAXIMUM,IN-NETWORK,MAXIMUM COST,1500,2000,4000,6450,2000,3,5,high,high,RISK,4
0,1,0,0,Hourly,3337,No,Rents,1,9,4,5,13,OUT-OF-POCKET MAXIMUM,IN-NETWORK,MAXIMUM COST,6450,2000,1500,4000,2000,3,5,high,high,RISK,4
1,0,0,0,Hourly,874,No,Owns,9,7,9,5,13,OUT-OF-POCKET MAXIMUM,IN-NETWORK,MAXIMUM COST,6450,4000,2000,1500,2000,3,5,high,high,RISK,4
0,1,0,0,Hourly,4470,Yes,Owns,0,5,23,5,13,OUT-OF-POCKET MAXIMUM,IN-NETWORK,MAXIMUM COST,1500,6450,4000,2000,2000,3,5,high,high,RISK,4
1,0,1,0,Hourly,3252,Yes,Owns,4,1,9,5,13,OUT-OF-POCKET MAXIMUM,IN-NETWORK,MAXIMUM COST,2000,4000,6450,1500,2000,3,5,high,high,RISK,4
0,1,0,0,Hourly,176,Yes,Rents,3,8,6,5,13,OUT-OF-POCKET MAXIMUM,IN-NETWORK,MAXIMUM COST,6450,4000,2000,1500,2000,3,5,high,high,RISK,4
0,0,1,0,Hourly,3681,Yes,Owns,1,2,1,5,13,OUT-OF-POCKET MAXIMUM,IN-NETWORK,MAXIMUM COST,2000,4000,1500,6450,2000,3,5,high,high,RISK,4
0,1,1,1,Hourly,1019,Yes,Owns,8,10,2,5,13,OUT-OF-POCKET MAXIMUM,IN-NETWORK,MAXIMUM COST,1500,6450,4000,2000,2000,3,5,high,high,RISK,4
0,1,1,0,Bonus,4493,Yes,Owns,10,4,3,5,13,OUT-OF-POCKET MAXIMUM,IN-NETWORK,MAXIMUM COST,6450,4000,1500,2000,2000,3,5,high,high,RISK,4
0,1,1,0,Salaried,1012,Yes,Owns,8,2,25,5,13,OUT-OF-POCKET MAXIMUM,IN-NETWORK,MAXIMUM COST,6450,4000,2000,1500,2000,3,5,high,high,RISK,4
0,0,0,0,Bonus,1248,Yes,Rents,1,10,10,5,13,OUT-OF-POCKET MAXIMUM,IN-NETWORK,MAXIMUM COST,4000,6450,1500,2000,2000,3,5,high,high,RISK,4
0,0,0,0,Salaried,1214,No,Owns,1,7,6,5,13,OUT-OF-POCKET MAXIMUM,IN-NETWORK,MAXIMUM COST,4000,1500,2000,6450,2000,3,5,high,high,RISK,4
1,0,0,0,Salaried,2852,Yes,Rents,1,5,5,5,13,OUT-OF-POCKET MAXIMUM,IN-NETWORK,MAXIMUM COST,1500,4000,6450,2000,2000,3,5,high,high,RISK,4
0,0,0,0,Bonus,1440,Yes,Owns,4,10,8,5,13,OUT-OF-POCKET MAXIMUM,IN-NETWORK,MAXIMUM COST,1500,4000,6450,2000,2000,3,5,high,high,RISK,4
1,0,1,0,Bonus,2951,No,Owns,4,0,4,5,13,OUT-OF-POCKET MAXIMUM,IN-NETWORK,MAXIMUM COST,6450,4000,2000,1500,2000,3,5,high,high,RISK,4
2,1,0,2,Salaried,4377,No,Rents,10,19,27,5,14,OUT-OF-POCKET MAXIMUM,IN-NETWORK,MAXIMUM COST,4000,6450,2000,1500,2000,3,10,high,high,RISK,4
0,1,1,0,Salaried,1919,No,Owns,10,15,31,5,14,OUT-OF-POCKET MAXIMUM,IN-NETWORK,MAXIMUM COST,1500,6450,2000,4000,2000,3,10,high,high,RISK,4
1,1,0,0,Salaried,4671,Yes,Rents,15,12,28,5,14,OUT-OF-POCKET MAXIMUM,IN-NETWORK,MAXIMUM COST,1500,2000,6450,4000,2000,3,10,high,high,RISK,4
2,1,0,0,Bonus,1139,No,Owns,13,16,31,5,14,OUT-OF-POCKET MAXIMUM,IN-NETWORK,MAXIMUM COST,6450,1500,4000,2000,2000,3,10,high,high,RISK,4
1,1,2,1,Bonus,3085,No,Rents,9,12,39,5,14,OUT-OF-POCKET MAXIMUM,IN-NETWORK,MAXIMUM COST,1500,6450,2000,4000,2000,3,10,high,high,RISK,4
0,1,2,0,Salaried,912,Yes,Rents,16,14,30,5,14,OUT-OF-POCKET MAXIMUM,IN-NETWORK,MAXIMUM COST,1500,2000,6450,4000,2000,3,10,high,high,RISK,4
1,0,2,1,Hourly,3561,Yes,Owns,12,13,26,5,14,OUT-OF-POCKET MAXIMUM,IN-NETWORK,MAXIMUM COST,1500,4000,6450,2000,2000,3,10,high,high,RISK,4
1,2,0,0,Hourly,4350,No,Rents,7,16,37,5,14,OUT-OF-POCKET MAXIMUM,IN-NETWORK,MAXIMUM COST,2000,6450,1500,4000,2000,3,10,high,high,RISK,4
2,2,1,2,Salaried,3664,No,Owns,7,16,39,5,14,OUT-OF-POCKET MAXIMUM,IN-NETWORK,MAXIMUM COST,1500,4000,6450,2000,2000,3,10,high,high,RISK,4
0,0,0,1,Bonus,1972,Yes,Owns,17,14,30,5,14,OUT-OF-POCKET MAXIMUM,IN-NETWORK,MAXIMUM COST,2000,6450,4000,1500,2000,3,10,high,high,RISK,4
1,0,2,2,Salaried,1235,Yes,Rents,14,14,34,5,14,OUT-OF-POCKET MAXIMUM,IN-NETWORK,MAXIMUM COST,1500,2000,4000,6450,2000,3,10,high,high,RISK,4
0,2,0,1,Bonus,2294,Yes,Owns,10,19,30,5,14,OUT-OF-POCKET MAXIMUM,IN-NETWORK,MAXIMUM COST,1500,6450,2000,4000,2000,3,10,high,high,RISK,4
0,1,2,0,Salaried,4592,Yes,Rents,16,17,35,5,14,OUT-OF-POCKET MAXIMUM,IN-NETWORK,MAXIMUM COST,2000,6450,1500,4000,2000,3,10,high,high,RISK,4
0,0,1,1,Hourly,2183,Yes,Owns,6,15,48,5,14,OUT-OF-POCKET MAXIMUM,IN-NETWORK,MAXIMUM COST,4000,2000,6450,1500,2000,3,10,high,high,RISK,4
1,1,2,1,Salaried,1622,Yes,Rents,8,12,35,5,14,OUT-OF-POCKET MAXIMUM,IN-NETWORK,MAXIMUM COST,6450,2000,1500,4000,2000,3,10,high,high,RISK,4
1,2,1,2,Salaried,4259,Yes,Rents,6,18,32,5,14,OUT-OF-POCKET MAXIMUM,IN-NETWORK,MAXIMUM COST,4000,1500,2000,6450,2000,3,10,high,high,RISK,4
2,1,1,2,Salaried,4138,No,Owns,17,13,27,5,14,OUT-OF-POCKET MAXIMUM,IN-NETWORK,MAXIMUM COST,2000,6450,4000,1500,2000,3,10,high,high,RISK,4
2,0,1,2,Bonus,2742,No,Owns,17,20,28,5,14,OUT-OF-POCKET MAXIMUM,IN-NETWORK,MAXIMUM COST,4000,6450,1500,2000,2000,3,10,high,high,RISK,4
1,1,0,2,Bonus,4027,Yes,Rents,8,14,29,5,14,OUT-OF-POCKET MAXIMUM,IN-NETWORK,MAXIMUM COST,6450,1500,4000,2000,2000,3,10,high,high,RISK,4
1,1,0,0,Bonus,3643,No,Rents,16,13,50,5,14,OUT-OF-POCKET MAXIMUM,IN-NETWORK,MAXIMUM COST,1500,4000,6450,2000,2000,3,10,high,high,RISK,4
1,0,2,0,Salaried,1855,No,Rents,17,20,35,5,14,OUT-OF-POCKET MAXIMUM,IN-NETWORK,MAXIMUM COST,2000,4000,6450,1500,2000,3,10,high,high,RISK,4
1,2,0,1,Bonus,4199,No,Owns,14,17,32,5,14,OUT-OF-POCKET MAXIMUM,IN-NETWORK,MAXIMUM COST,4000,6450,1500,2000,2000,3,10,high,high,RISK,4
0,2,1,0,Salaried,358,No,Rents,12,16,31,5,14,OUT-OF-POCKET MAXIMUM,IN-NETWORK,MAXIMUM COST,2000,1500,4000,6450,2000,3,10,high,high,RISK,4
1,1,1,1,Salaried,2175,No,Owns,16,20,34,5,14,OUT-OF-POCKET MAXIMUM,IN-NETWORK,MAXIMUM COST,4000,1500,2000,6450,2000,3,10,high,high,RISK,4
1,1,0,0,Bonus,2804,No,Owns,11,11,30,5,14,OUT-OF-POCKET MAXIMUM,IN-NETWORK,MAXIMUM COST,4000,2000,6450,1500,2000,3,10,high,high,RISK,4
2,1,2,1,Bonus,2793,Yes,Owns,17,19,27,5,14,OUT-OF-POCKET MAXIMUM,IN-NETWORK,MAXIMUM COST,4000,6450,1500,2000,2000,3,10,high,high,RISK,4
2,0,2,0,Salaried,1366,No,Owns,14,15,31,5,14,OUT-OF-POCKET MAXIMUM,IN-NETWORK,MAXIMUM COST,1500,6450,2000,4000,2000,3,10,high,high,RISK,4
0,1,1,2,Salaried,3990,No,Rents,13,12,28,5,14,OUT-OF-POCKET MAXIMUM,IN-NETWORK,MAXIMUM COST,4000,2000,6450,1500,2000,3,10,high,high,RISK,4
0,1,1,0,Salaried,1625,No,Owns,16,16,31,5,14,OUT-OF-POCKET MAXIMUM,IN-NETWORK,MAXIMUM COST,4000,6450,1500,2000,2000,3,10,high,high,RISK,4
1,2,0,0,Hourly,1178,No,Owns,5,12,39,5,14,OUT-OF-POCKET MAXIMUM,IN-NETWORK,MAXIMUM COST,6450,1500,2000,4000,2000,3,10,high,high,RISK,4
1,1,0,0,Hourly,2665,No,Rents,8,14,30,5,14,OUT-OF-POCKET MAXIMUM,IN-NETWORK,MAXIMUM COST,4000,1500,6450,2000,2000,3,10,high,high,RISK,4
1,1,2,0,Hourly,4144,No,Owns,9,13,26,5,14,OUT-OF-POCKET MAXIMUM,IN-NETWORK,MAXIMUM COST,6450,1500,4000,2000,2000,3,10,high,high,RISK,4
1,1,2,0,Hourly,2547,Yes,Owns,14,16,37,5,14,OUT-OF-POCKET MAXIMUM,IN-NETWORK,MAXIMUM COST,2000,6450,4000,1500,2000,3,10,high,high,RISK,4
1,1,1,0,Hourly,152,Yes,Owns,15,16,39,5,14,OUT-OF-POCKET MAXIMUM,IN-NETWORK,MAXIMUM COST,2000,4000,6450,1500,2000,3,10,high,high,RISK,4
0,0,0,0,Bonus,2909,Yes,Rents,9,14,30,5,14,OUT-OF-POCKET MAXIMUM,IN-NETWORK,MAXIMUM COST,1500,6450,4000,2000,2000,3,10,high,high,RISK,4
2,2,1,1,Bonus,2404,Yes,Owns,11,14,34,5,14,OUT-OF-POCKET MAXIMUM,IN-NETWORK,MAXIMUM COST,6450,1500,4000,2000,2000,3,10,high,high,RISK,4
2,0,1,2,Bonus,144,Yes,Owns,10,19,30,5,14,OUT-OF-POCKET MAXIMUM,IN-NETWORK,MAXIMUM COST,6450,2000,4000,1500,2000,3,10,high,high,RISK,4
2,0,1,0,Hourly,2250,No,Owns,11,17,35,5,14,OUT-OF-POCKET MAXIMUM,IN-NETWORK,MAXIMUM COST,6450,2000,4000,1500,2000,3,10,high,high,RISK,4
2,0,0,0,Hourly,4826,No,Owns,10,15,48,5,14,OUT-OF-POCKET MAXIMUM,IN-NETWORK,MAXIMUM COST,6450,4000,2000,1500,2000,3,10,high,high,RISK,4
1,1,0,0,Salaried,792,No,Owns,12,12,35,5,14,OUT-OF-POCKET MAXIMUM,IN-NETWORK,MAXIMUM COST,2000,6450,4000,1500,2000,3,10,high,high,RISK,4
0,2,0,1,Hourly,3429,No,Rents,15,18,32,5,14,OUT-OF-POCKET MAXIMUM,IN-NETWORK,MAXIMUM COST,6450,4000,1500,2000,2000,3,10,high,high,RISK,4
0,2,0,1,Hourly,1596,Yes,Owns,11,13,27,5,14,OUT-OF-POCKET MAXIMUM,IN-NETWORK,MAXIMUM COST,2000,1500,4000,6450,2000,3,10,high,high,RISK,4
1,1,2,0,Salaried,83,Yes,Owns,7,20,28,5,14,OUT-OF-POCKET MAXIMUM,IN-NETWORK,MAXIMUM COST,4000,6450,1500,2000,2000,3,10,high,high,RISK,4
1,2,0,2,Salaried,3601,No,Owns,6,14,29,5,14,OUT-OF-POCKET MAXIMUM,IN-NETWORK,MAXIMUM COST,2000,1500,6450,4000,2000,3,10,high,high,RISK,4
1,1,0,1,Bonus,861,No,Owns,15,13,50,5,14,OUT-OF-POCKET MAXIMUM,IN-NETWORK,MAXIMUM COST,4000,1500,6450,2000,2000,3,10,high,high,RISK,4
0,2,2,2,Salaried,2240,Yes,Rents,15,20,35,5,14,OUT-OF-POCKET MAXIMUM,IN-NETWORK,MAXIMUM COST,6450,4000,1500,2000,2000,3,10,high,high,RISK,4
1,0,0,0,Hourly,2384,No,Rents,6,17,32,5,14,OUT-OF-POCKET MAXIMUM,IN-NETWORK,MAXIMUM COST,1500,2000,4000,6450,2000,3,10,high,high,RISK,4
0,0,0,0,Bonus,2363,Yes,Rents,12,16,31,5,14,OUT-OF-POCKET MAXIMUM,IN-NETWORK,MAXIMUM COST,1500,2000,6450,4000,2000,3,10,high,high,RISK,4
1,1,2,0,Salaried,4539,No,Owns,10,20,34,5,14,OUT-OF-POCKET MAXIMUM,IN-NETWORK,MAXIMUM COST,6450,1500,2000,4000,2000,3,10,high,high,RISK,4
1,1,0,0,Bonus,489,No,Rents,9,11,30,5,14,OUT-OF-POCKET MAXIMUM,IN-NETWORK,MAXIMUM COST,6450,1500,4000,2000,2000,3,10,high,high,RISK,4
1,2,0,2,Bonus,4623,Yes,Owns,7,19,27,5,14,OUT-OF-POCKET MAXIMUM,IN-NETWORK,MAXIMUM COST,1500,2000,6450,4000,2000,3,10,high,high,RISK,4
1,0,0,0,Salaried,153,Yes,Owns,5,15,31,5,14,OUT-OF-POCKET MAXIMUM,IN-NETWORK,MAXIMUM COST,2000,4000,6450,1500,2000,3,10,high,high,RISK,4
0,2,2,1,Salaried,3954,No,Owns,6,12,28,5,14,OUT-OF-POCKET MAXIMUM,IN-NETWORK,MAXIMUM COST,1500,4000,2000,6450,2000,3,10,high,high,RISK,4
0,1,0,0,Salaried,4742,No,Rents,5,16,31,5,14,OUT-OF-POCKET MAXIMUM,IN-NETWORK,MAXIMUM COST,6450,2000,1500,4000,2000,3,10,high,high,RISK,4
0,0,0,1,Hourly,3289,No,Rents,15,12,39,5,14,OUT-OF-POCKET MAXIMUM,IN-NETWORK,MAXIMUM COST,1500,4000,6450,2000,2000,3,10,high,high,RISK,4
0,0,1,1,Bonus,3409,Yes,Rents,13,14,30,5,14,OUT-OF-POCKET MAXIMUM,IN-NETWORK,MAXIMUM COST,2000,1500,4000,6450,2000,3,10,high,high,RISK,4
0,0,2,1,Bonus,3179,No,Rents,8,13,26,5,14,OUT-OF-POCKET MAXIMUM,IN-NETWORK,MAXIMUM COST,1500,6450,4000,2000,2000,3,10,high,high,RISK,4
0,0,0,1,Bonus,4271,No,Rents,9,16,37,5,14,OUT-OF-POCKET MAXIMUM,IN-NETWORK,MAXIMUM COST,6450,4000,2000,1500,2000,3,10,high,high,RISK,4
0,0,0,0,Hourly,4605,Yes,Rents,10,16,39,5,14,OUT-OF-POCKET MAXIMUM,IN-NETWORK,MAXIMUM COST,4000,6450,1500,2000,2000,3,10,high,high,RISK,4
0,2,2,2,Salaried,3042,Yes,Rents,6,14,30,5,14,OUT-OF-POCKET MAXIMUM,IN-NETWORK,MAXIMUM COST,6450,2000,4000,1500,2000,3,10,high,high,RISK,4
0,2,2,0,Hourly,170,No,Rents,16,14,34,5,14,OUT-OF-POCKET MAXIMUM,IN-NETWORK,MAXIMUM COST,6450,1500,4000,2000,2000,3,10,high,high,RISK,4
0,1,0,2,Salaried,2062,No,Rents,7,19,30,5,14,OUT-OF-POCKET MAXIMUM,IN-NETWORK,MAXIMUM COST,4000,2000,1500,6450,2000,3,10,high,high,RISK,4
1,1,2,2,Bonus,1962,No,Rents,5,17,35,5,14,OUT-OF-POCKET MAXIMUM,IN-NETWORK,MAXIMUM COST,1500,2000,4000,6450,2000,3,10,high,high,RISK,4
0,0,0,0,Bonus,1006,No,Owns,11,15,48,5,14,OUT-OF-POCKET MAXIMUM,IN-NETWORK,MAXIMUM COST,1500,4000,2000,6450,2000,3,10,high,high,RISK,4
0,2,1,2,Salaried,4555,No,Rents,8,12,35,5,14,OUT-OF-POCKET MAXIMUM,IN-NETWORK,MAXIMUM COST,6450,1500,4000,2000,2000,3,10,high,high,RISK,4
2,1,1,0,Bonus,458,No,Rents,10,18,32,5,14,OUT-OF-POCKET MAXIMUM,IN-NETWORK,MAXIMUM COST,1500,2000,6450,4000,2000,3,10,high,high,RISK,4
2,0,2,1,Hourly,1593,No,Owns,5,13,27,5,14,OUT-OF-POCKET MAXIMUM,IN-NETWORK,MAXIMUM COST,6450,4000,1500,2000,2000,3,10,high,high,RISK,4
0,2,0,1,Hourly,4519,Yes,Owns,11,20,28,5,14,OUT-OF-POCKET MAXIMUM,IN-NETWORK,MAXIMUM COST,6450,4000,1500,2000,2000,3,10,high,high,RISK,4
0,1,0,0,Bonus,2639,No,Rents,5,14,29,5,14,OUT-OF-POCKET MAXIMUM,IN-NETWORK,MAXIMUM COST,6450,4000,2000,1500,2000,3,10,high,high,RISK,4
0,0,2,1,Hourly,2563,Yes,Rents,15,13,50,5,14,OUT-OF-POCKET MAXIMUM,IN-NETWORK,MAXIMUM COST,2000,1500,6450,4000,2000,3,10,high,high,RISK,4
0,1,2,1,Bonus,2810,Yes,Owns,15,20,35,5,14,OUT-OF-POCKET MAXIMUM,IN-NETWORK,MAXIMUM COST,4000,6450,2000,1500,2000,3,10,high,high,RISK,4
1,1,0,1,Hourly,2954,Yes,Owns,18,17,32,5,14,OUT-OF-POCKET MAXIMUM,IN-NETWORK,MAXIMUM COST,6450,2000,1500,4000,2000,3,10,high,high,RISK,4
1,0,2,0,Hourly,2299,Yes,Owns,13,16,31,5,14,OUT-OF-POCKET MAXIMUM,IN-NETWORK,MAXIMUM COST,1500,4000,6450,2000,2000,3,10,high,high,RISK,4
0,0,1,2,Hourly,1155,No,Rents,6,20,34,5,14,OUT-OF-POCKET MAXIMUM,IN-NETWORK,MAXIMUM COST,6450,1500,2000,4000,2000,3,10,high,high,RISK,4
1,0,2,0,Bonus,1856,Yes,Rents,14,11,30,5,14,OUT-OF-POCKET MAXIMUM,IN-NETWORK,MAXIMUM COST,4000,6450,2000,1500,2000,3,10,high,high,RISK,4
2,1,1,0,Salaried,3352,Yes,Rents,6,19,27,5,14,OUT-OF-POCKET MAXIMUM,IN-NETWORK,MAXIMUM COST,2000,1500,4000,6450,2000,3,10,high,high,RISK,4
2,0,0,1,Hourly,3735,Yes,Owns,15,15,31,5,14,OUT-OF-POCKET MAXIMUM,IN-NETWORK,MAXIMUM COST,6450,1500,4000,2000,2000,3,10,high,high,RISK,4
2,1,0,2,Salaried,1125,Yes,Rents,6,12,28,5,14,OUT-OF-POCKET MAXIMUM,IN-NETWORK,MAXIMUM COST,4000,2000,1500,6450,2000,3,10,high,high,RISK,4
2,0,1,0,Bonus,4695,No,Owns,5,16,31,5,14,OUT-OF-POCKET MAXIMUM,IN-NETWORK,MAXIMUM COST,2000,1500,6450,4000,2000,3,10,high,high,RISK,4
1,1,1,1,Salaried,1210,No,Rents,17,12,39,5,14,OUT-OF-POCKET MAXIMUM,IN-NETWORK,MAXIMUM COST,1500,6450,2000,4000,2000,3,10,high,high,RISK,4
1,2,1,0,Bonus,3149,No,Owns,6,14,30,5,14,OUT-OF-POCKET MAXIMUM,IN-NETWORK,MAXIMUM COST,1500,4000,2000,6450,2000,3,10,high,high,RISK,4
1,1,1,1,Bonus,3757,No,Rents,6,13,26,5,14,OUT-OF-POCKET MAXIMUM,IN-NETWORK,MAXIMUM COST,1500,6450,2000,4000,2000,3,10,high,high,RISK,4
1,0,2,1,Salaried,4038,Yes,Rents,12,16,37,5,14,OUT-OF-POCKET MAXIMUM,IN-NETWORK,MAXIMUM COST,1500,4000,2000,6450,2000,3,10,high,high,RISK,4
0,0,0,2,Bonus,381,No,Owns,8,16,39,5,14,OUT-OF-POCKET MAXIMUM,IN-NETWORK,MAXIMUM COST,6450,2000,1500,4000,2000,3,10,high,high,RISK,4
0,0,1,1,Hourly,2879,Yes,Rents,16,14,30,5,14,OUT-OF-POCKET MAXIMUM,IN-NETWORK,MAXIMUM COST,4000,2000,1500,6450,2000,3,10,high,high,RISK,4
1,2,0,0,Hourly,2246,No,Owns,17,14,34,5,14,OUT-OF-POCKET MAXIMUM,IN-NETWORK,MAXIMUM COST,1500,2000,4000,6450,2000,3,10,high,high,RISK,4
0,2,1,0,Hourly,3337,No,Rents,7,19,30,5,14,OUT-OF-POCKET MAXIMUM,IN-NETWORK,MAXIMUM COST,2000,4000,1500,6450,2000,3,10,high,high,RISK,4
1,1,1,1,Hourly,874,No,Owns,17,17,35,5,14,OUT-OF-POCKET MAXIMUM,IN-NETWORK,MAXIMUM COST,1500,2000,6450,4000,2000,3,10,high,high,RISK,4
0,1,0,0,Hourly,4470,Yes,Owns,6,15,48,5,14,OUT-OF-POCKET MAXIMUM,IN-NETWORK,MAXIMUM COST,6450,1500,2000,4000,2000,3,10,high,high,RISK,4
2,0,1,1,Hourly,3252,Yes,Owns,10,12,35,5,14,OUT-OF-POCKET MAXIMUM,IN-NETWORK,MAXIMUM COST,2000,4000,1500,6450,2000,3,10,high,high,RISK,4
0,2,0,1,Hourly,176,Yes,Rents,9,18,32,5,14,OUT-OF-POCKET MAXIMUM,IN-NETWORK,MAXIMUM COST,4000,1500,6450,2000,2000,3,10,high,high,RISK,4
1,0,2,0,Hourly,3681,Yes,Owns,6,13,27,5,14,OUT-OF-POCKET MAXIMUM,IN-NETWORK,MAXIMUM COST,4000,1500,2000,6450,2000,3,10,high,high,RISK,4
1,2,1,2,Hourly,1019,Yes,Owns,15,20,28,5,14,OUT-OF-POCKET MAXIMUM,IN-NETWORK,MAXIMUM COST,2000,4000,1500,6450,2000,3,10,high,high,RISK,4
1,2,1,1,Bonus,4493,Yes,Owns,18,14,29,5,14,OUT-OF-POCKET MAXIMUM,IN-NETWORK,MAXIMUM COST,2000,1500,6450,4000,2000,3,10,high,high,RISK,4
1,2,2,0,Salaried,1012,Yes,Owns,15,13,50,5,14,OUT-OF-POCKET MAXIMUM,IN-NETWORK,MAXIMUM COST,2000,1500,6450,4000,2000,3,10,high,high,RISK,4
0,0,1,1,Bonus,1248,Yes,Rents,7,20,35,5,14,OUT-OF-POCKET MAXIMUM,IN-NETWORK,MAXIMUM COST,1500,4000,6450,2000,2000,3,10,high,high,RISK,4
0,0,1,0,Salaried,1214,No,Owns,6,17,32,5,14,OUT-OF-POCKET MAXIMUM,IN-NETWORK,MAXIMUM COST,4000,6450,1500,2000,2000,3,10,high,high,RISK,4
1,0,1,0,Salaried,2852,Yes,Rents,6,16,31,5,14,OUT-OF-POCKET MAXIMUM,IN-NETWORK,MAXIMUM COST,4000,1500,2000,6450,2000,3,10,high,high,RISK,4
1,0,0,0,Bonus,1440,Yes,Owns,10,20,34,5,14,OUT-OF-POCKET MAXIMUM,IN-NETWORK,MAXIMUM COST,1500,4000,2000,6450,2000,3,10,high,high,RISK,4
1,0,1,0,Bonus,2951,No,Owns,11,11,30,5,14,OUT-OF-POCKET MAXIMUM,IN-NETWORK,MAXIMUM COST,1500,2000,4000,6450,2000,3,10,high,high,RISK,4
3,2,1,3,Salaried,4377,No,Rents,24,48,52,5,15,OUT-OF-POCKET MAXIMUM,IN-NETWORK,MAXIMUM COST,4000,1500,2000,6450,1500,4,20,high,high,RISK,4
1,1,2,1,Salaried,1919,No,Owns,25,33,56,5,15,OUT-OF-POCKET MAXIMUM,IN-NETWORK,MAXIMUM COST,2000,4000,1500,6450,1500,4,20,high,high,RISK,4
2,2,1,1,Salaried,4671,Yes,Rents,33,23,53,5,15,OUT-OF-POCKET MAXIMUM,IN-NETWORK,MAXIMUM COST,6450,4000,2000,1500,1500,4,20,high,high,RISK,4
3,2,1,1,Bonus,1139,No,Owns,29,38,56,5,15,OUT-OF-POCKET MAXIMUM,IN-NETWORK,MAXIMUM COST,1500,2000,4000,6450,1500,4,20,high,high,RISK,4
1,2,3,2,Bonus,3085,No,Rents,23,24,64,5,15,OUT-OF-POCKET MAXIMUM,IN-NETWORK,MAXIMUM COST,4000,2000,6450,1500,1500,4,20,high,high,RISK,4
1,2,3,1,Salaried,912,Yes,Rents,37,29,55,5,15,OUT-OF-POCKET MAXIMUM,IN-NETWORK,MAXIMUM COST,1500,6450,2000,4000,1500,4,20,high,high,RISK,4
2,1,3,2,Hourly,3561,Yes,Owns,28,26,51,5,15,OUT-OF-POCKET MAXIMUM,IN-NETWORK,MAXIMUM COST,6450,1500,2000,4000,1500,4,20,high,high,RISK,4
2,3,1,1,Hourly,4350,No,Rents,19,36,62,5,15,OUT-OF-POCKET MAXIMUM,IN-NETWORK,MAXIMUM COST,6450,1500,2000,4000,1500,4,20,high,high,RISK,4
3,3,2,3,Salaried,3664,No,Owns,18,38,64,5,15,OUT-OF-POCKET MAXIMUM,IN-NETWORK,MAXIMUM COST,1500,2000,6450,4000,1500,4,20,high,high,RISK,4
1,1,1,1,Bonus,1972,Yes,Owns,38,31,55,5,15,OUT-OF-POCKET MAXIMUM,IN-NETWORK,MAXIMUM COST,6450,2000,4000,1500,1500,4,20,high,high,RISK,4
1,1,3,3,Salaried,1235,Yes,Rents,32,31,59,5,15,OUT-OF-POCKET MAXIMUM,IN-NETWORK,MAXIMUM COST,2000,1500,6450,4000,1500,4,20,high,high,RISK,4
1,3,1,2,Bonus,2294,Yes,Owns,25,47,55,5,15,OUT-OF-POCKET MAXIMUM,IN-NETWORK,MAXIMUM COST,2000,6450,1500,4000,1500,4,20,high,high,RISK,4
1,2,3,1,Salaried,4592,Yes,Rents,37,41,60,5,15,OUT-OF-POCKET MAXIMUM,IN-NETWORK,MAXIMUM COST,2000,1500,6450,4000,1500,4,20,high,high,RISK,4
1,1,1,2,Hourly,2183,Yes,Owns,16,35,73,5,15,OUT-OF-POCKET MAXIMUM,IN-NETWORK,MAXIMUM COST,1500,4000,6450,2000,1500,4,20,high,high,RISK,4
2,2,3,2,Salaried,1622,Yes,Rents,21,24,60,5,15,OUT-OF-POCKET MAXIMUM,IN-NETWORK,MAXIMUM COST,2000,4000,1500,6450,1500,4,20,high,high,RISK,4
2,3,1,3,Salaried,4259,Yes,Rents,17,43,57,5,15,OUT-OF-POCKET MAXIMUM,IN-NETWORK,MAXIMUM COST,2000,1500,4000,6450,1500,4,20,high,high,RISK,4
3,2,2,3,Salaried,4138,No,Owns,37,25,52,5,15,OUT-OF-POCKET MAXIMUM,IN-NETWORK,MAXIMUM COST,6450,1500,2000,4000,1500,4,20,high,high,RISK,4
3,1,2,3,Bonus,2742,No,Owns,39,50,53,5,15,OUT-OF-POCKET MAXIMUM,IN-NETWORK,MAXIMUM COST,6450,2000,1500,4000,1500,4,20,high,high,RISK,4
1,1,1,3,Bonus,4027,Yes,Rents,21,31,54,5,15,OUT-OF-POCKET MAXIMUM,IN-NETWORK,MAXIMUM COST,4000,2000,1500,6450,1500,4,20,high,high,RISK,4
2,2,1,1,Bonus,3643,No,Rents,35,26,75,5,15,OUT-OF-POCKET MAXIMUM,IN-NETWORK,MAXIMUM COST,4000,6450,1500,2000,1500,4,20,high,high,RISK,4
2,1,3,1,Salaried,1855,No,Rents,39,49,60,5,15,OUT-OF-POCKET MAXIMUM,IN-NETWORK,MAXIMUM COST,1500,2000,6450,4000,1500,4,20,high,high,RISK,4
1,3,1,1,Bonus,4199,No,Owns,33,40,57,5,15,OUT-OF-POCKET MAXIMUM,IN-NETWORK,MAXIMUM COST,2000,6450,1500,4000,1500,4,20,high,high,RISK,4
1,3,2,1,Salaried,358,No,Rents,28,36,56,5,15,OUT-OF-POCKET MAXIMUM,IN-NETWORK,MAXIMUM COST,4000,1500,2000,6450,1500,4,20,high,high,RISK,4
2,2,2,1,Salaried,2175,No,Owns,35,49,59,5,15,OUT-OF-POCKET MAXIMUM,IN-NETWORK,MAXIMUM COST,2000,4000,1500,6450,1500,4,20,high,high,RISK,4
2,2,1,1,Bonus,2804,No,Owns,26,20,55,5,15,OUT-OF-POCKET MAXIMUM,IN-NETWORK,MAXIMUM COST,4000,6450,1500,2000,1500,4,20,high,high,RISK,4
3,3,3,2,Bonus,2793,Yes,Owns,39,48,52,5,15,OUT-OF-POCKET MAXIMUM,IN-NETWORK,MAXIMUM COST,6450,4000,1500,2000,1500,4,20,high,high,RISK,4
3,1,3,1,Salaried,1366,No,Owns,32,33,56,5,15,OUT-OF-POCKET MAXIMUM,IN-NETWORK,MAXIMUM COST,2000,6450,4000,1500,1500,4,20,high,high,RISK,4
1,2,2,3,Salaried,3990,No,Rents,30,23,53,5,15,OUT-OF-POCKET MAXIMUM,IN-NETWORK,MAXIMUM COST,1500,2000,6450,4000,1500,4,20,high,high,RISK,4
1,2,2,1,Salaried,1625,No,Owns,36,38,56,5,15,OUT-OF-POCKET MAXIMUM,IN-NETWORK,MAXIMUM COST,1500,4000,2000,6450,1500,4,20,high,high,RISK,4
2,3,1,1,Hourly,1178,No,Owns,15,24,64,5,15,OUT-OF-POCKET MAXIMUM,IN-NETWORK,MAXIMUM COST,6450,1500,4000,2000,1500,4,20,high,high,RISK,4
2,1,1,1,Hourly,2665,No,Rents,20,29,55,5,15,OUT-OF-POCKET MAXIMUM,IN-NETWORK,MAXIMUM COST,2000,4000,1500,6450,1500,4,20,high,high,RISK,4
2,3,3,1,Hourly,4144,No,Owns,23,26,51,5,15,OUT-OF-POCKET MAXIMUM,IN-NETWORK,MAXIMUM COST,2000,6450,4000,1500,1500,4,20,high,high,RISK,4
2,2,3,1,Hourly,2547,Yes,Owns,32,36,62,5,15,OUT-OF-POCKET MAXIMUM,IN-NETWORK,MAXIMUM COST,4000,1500,6450,2000,1500,4,20,high,high,RISK,4
2,1,2,1,Hourly,152,Yes,Owns,34,38,64,5,15,OUT-OF-POCKET MAXIMUM,IN-NETWORK,MAXIMUM COST,4000,2000,6450,1500,1500,4,20,high,high,RISK,4
1,1,1,1,Bonus,2909,Yes,Rents,23,31,55,5,15,OUT-OF-POCKET MAXIMUM,IN-NETWORK,MAXIMUM COST,6450,2000,1500,4000,1500,4,20,high,high,RISK,4
3,3,2,2,Bonus,2404,Yes,Owns,27,31,59,5,15,OUT-OF-POCKET MAXIMUM,IN-NETWORK,MAXIMUM COST,6450,4000,2000,1500,1500,4,20,high,high,RISK,4
3,1,2,3,Bonus,144,Yes,Owns,24,47,55,5,15,OUT-OF-POCKET MAXIMUM,IN-NETWORK,MAXIMUM COST,6450,4000,2000,1500,1500,4,20,high,high,RISK,4
3,1,2,1,Hourly,2250,No,Owns,26,41,60,5,15,OUT-OF-POCKET MAXIMUM,IN-NETWORK,MAXIMUM COST,4000,1500,6450,2000,1500,4,20,high,high,RISK,4
3,1,1,1,Hourly,4826,No,Owns,25,35,73,5,15,OUT-OF-POCKET MAXIMUM,IN-NETWORK,MAXIMUM COST,2000,1500,4000,6450,1500,4,20,high,high,RISK,4
2,2,1,1,Salaried,792,No,Owns,28,24,60,5,15,OUT-OF-POCKET MAXIMUM,IN-NETWORK,MAXIMUM COST,6450,1500,4000,2000,1500,4,20,high,high,RISK,4
1,3,1,2,Hourly,3429,No,Rents,34,43,57,5,15,OUT-OF-POCKET MAXIMUM,IN-NETWORK,MAXIMUM COST,4000,6450,2000,1500,1500,4,20,high,high,RISK,4
2,3,3,1,Salaried,83,Yes,Owns,19,50,53,5,15,OUT-OF-POCKET MAXIMUM,IN-NETWORK,MAXIMUM COST,1500,4000,6450,2000,1500,4,20,high,high,RISK,4
2,3,1,3,Salaried,3601,No,Owns,17,31,54,5,15,OUT-OF-POCKET MAXIMUM,IN-NETWORK,MAXIMUM COST,2000,4000,1500,6450,1500,4,20,high,high,RISK,4
2,2,1,2,Bonus,861,No,Owns,34,26,75,5,15,OUT-OF-POCKET MAXIMUM,IN-NETWORK,MAXIMUM COST,6450,4000,1500,2000,1500,4,20,high,high,RISK,4
1,3,3,3,Salaried,2240,Yes,Rents,35,49,60,5,15,OUT-OF-POCKET MAXIMUM,IN-NETWORK,MAXIMUM COST,2000,1500,4000,6450,1500,4,20,high,high,RISK,4
1,1,1,1,Hourly,2384,No,Rents,17,40,57,5,15,OUT-OF-POCKET MAXIMUM,IN-NETWORK,MAXIMUM COST,1500,4000,2000,6450,1500,4,20,high,high,RISK,4
1,1,1,1,Bonus,2363,Yes,Rents,29,36,56,5,15,OUT-OF-POCKET MAXIMUM,IN-NETWORK,MAXIMUM COST,1500,2000,6450,4000,1500,4,20,high,high,RISK,4
2,1,3,1,Salaried,4539,No,Owns,24,49,59,5,15,OUT-OF-POCKET MAXIMUM,IN-NETWORK,MAXIMUM COST,1500,2000,4000,6450,1500,4,20,high,high,RISK,4
2,1,1,1,Bonus,489,No,Rents,23,20,55,5,15,OUT-OF-POCKET MAXIMUM,IN-NETWORK,MAXIMUM COST,1500,2000,6450,4000,1500,4,20,high,high,RISK,4
2,3,1,3,Bonus,4623,Yes,Owns,19,48,52,5,15,OUT-OF-POCKET MAXIMUM,IN-NETWORK,MAXIMUM COST,4000,1500,6450,2000,1500,4,20,high,high,RISK,4
2,1,1,1,Salaried,153,Yes,Owns,15,33,56,5,15,OUT-OF-POCKET MAXIMUM,IN-NETWORK,MAXIMUM COST,4000,1500,2000,6450,1500,4,20,high,high,RISK,4
1,3,3,2,Salaried,3954,No,Owns,17,23,53,5,15,OUT-OF-POCKET MAXIMUM,IN-NETWORK,MAXIMUM COST,6450,1500,2000,4000,1500,4,20,high,high,RISK,4
1,2,1,1,Salaried,4742,No,Rents,15,38,56,5,15,OUT-OF-POCKET MAXIMUM,IN-NETWORK,MAXIMUM COST,1500,4000,6450,2000,1500,4,20,high,high,RISK,4
1,1,1,2,Hourly,3289,No,Rents,35,24,64,5,15,OUT-OF-POCKET MAXIMUM,IN-NETWORK,MAXIMUM COST,4000,1500,6450,2000,1500,4,20,high,high,RISK,4
1,1,2,2,Bonus,3409,Yes,Rents,30,29,55,5,15,OUT-OF-POCKET MAXIMUM,IN-NETWORK,MAXIMUM COST,6450,2000,4000,1500,1500,4,20,high,high,RISK,4
1,1,3,2,Bonus,3179,No,Rents,21,26,51,5,15,OUT-OF-POCKET MAXIMUM,IN-NETWORK,MAXIMUM COST,1500,2000,4000,6450,1500,4,20,high,high,RISK,4
1,1,1,2,Bonus,4271,No,Rents,22,36,62,5,15,OUT-OF-POCKET MAXIMUM,IN-NETWORK,MAXIMUM COST,6450,2000,1500,4000,1500,4,20,high,high,RISK,4
1,1,1,1,Hourly,4605,Yes,Rents,24,38,64,5,15,OUT-OF-POCKET MAXIMUM,IN-NETWORK,MAXIMUM COST,4000,1500,6450,2000,1500,4,20,high,high,RISK,4
1,3,3,3,Salaried,3042,Yes,Rents,16,31,55,5,15,OUT-OF-POCKET MAXIMUM,IN-NETWORK,MAXIMUM COST,4000,2000,6450,1500,1500,4,20,high,high,RISK,4
1,3,3,1,Hourly,170,No,Rents,37,31,59,5,15,OUT-OF-POCKET MAXIMUM,IN-NETWORK,MAXIMUM COST,1500,2000,4000,6450,1500,4,20,high,high,RISK,4
1,1,1,3,Salaried,2062,No,Rents,20,47,55,5,15,OUT-OF-POCKET MAXIMUM,IN-NETWORK,MAXIMUM COST,6450,2000,1500,4000,1500,4,20,high,high,RISK,4
2,2,3,3,Bonus,1962,No,Rents,15,41,60,5,15,OUT-OF-POCKET MAXIMUM,IN-NETWORK,MAXIMUM COST,1500,2000,4000,6450,1500,4,20,high,high,RISK,4
1,1,1,1,Bonus,1006,No,Owns,27,35,73,5,15,OUT-OF-POCKET MAXIMUM,IN-NETWORK,MAXIMUM COST,1500,6450,4000,2000,1500,4,20,high,high,RISK,4
1,3,2,3,Salaried,4555,No,Rents,20,24,60,5,15,OUT-OF-POCKET MAXIMUM,IN-NETWORK,MAXIMUM COST,6450,1500,2000,4000,1500,4,20,high,high,RISK,4
3,1,2,1,Bonus,458,No,Rents,25,43,57,5,15,OUT-OF-POCKET MAXIMUM,IN-NETWORK,MAXIMUM COST,6450,2000,1500,4000,1500,4,20,high,high,RISK,4
3,1,3,1,Hourly,1593,No,Owns,16,25,52,5,15,OUT-OF-POCKET MAXIMUM,IN-NETWORK,MAXIMUM COST,6450,2000,1500,4000,1500,4,20,high,high,RISK,4
1,3,1,2,Hourly,4519,Yes,Owns,26,50,53,5,15,OUT-OF-POCKET MAXIMUM,IN-NETWORK,MAXIMUM COST,1500,2000,6450,4000,1500,4,20,high,high,RISK,4
1,2,1,1,Bonus,2639,No,Rents,16,31,54,5,15,OUT-OF-POCKET MAXIMUM,IN-NETWORK,MAXIMUM COST,4000,6450,2000,1500,1500,4,20,high,high,RISK,4
1,1,3,1,Hourly,2563,Yes,Rents,35,26,75,5,15,OUT-OF-POCKET MAXIMUM,IN-NETWORK,MAXIMUM COST,1500,4000,6450,2000,1500,4,20,high,high,RISK,4
1,2,3,2,Bonus,2810,Yes,Owns,35,49,60,5,15,OUT-OF-POCKET MAXIMUM,IN-NETWORK,MAXIMUM COST,6450,4000,1500,2000,1500,4,20,high,high,RISK,4
2,2,1,2,Hourly,2954,Yes,Owns,39,40,57,5,15,OUT-OF-POCKET MAXIMUM,IN-NETWORK,MAXIMUM COST,1500,6450,2000,4000,1500,4,20,high,high,RISK,4
2,1,3,1,Hourly,2299,Yes,Owns,31,36,56,5,15,OUT-OF-POCKET MAXIMUM,IN-NETWORK,MAXIMUM COST,2000,1500,6450,4000,1500,4,20,high,high,RISK,4
1,1,2,3,Hourly,1155,No,Rents,16,49,59,5,15,OUT-OF-POCKET MAXIMUM,IN-NETWORK,MAXIMUM COST,6450,4000,1500,2000,1500,4,20,high,high,RISK,4
2,1,3,1,Bonus,1856,Yes,Rents,31,20,55,5,15,OUT-OF-POCKET MAXIMUM,IN-NETWORK,MAXIMUM COST,6450,1500,4000,2000,1500,4,20,high,high,RISK,4
3,2,2,1,Salaried,3352,Yes,Rents,18,48,52,5,15,OUT-OF-POCKET MAXIMUM,IN-NETWORK,MAXIMUM COST,4000,6450,2000,1500,1500,4,20,high,high,RISK,4
3,1,1,2,Hourly,3735,Yes,Owns,34,33,56,5,15,OUT-OF-POCKET MAXIMUM,IN-NETWORK,MAXIMUM COST,1500,4000,2000,6450,1500,4,20,high,high,RISK,4
3,2,1,3,Salaried,1125,Yes,Rents,18,23,53,5,15,OUT-OF-POCKET MAXIMUM,IN-NETWORK,MAXIMUM COST,1500,2000,4000,6450,1500,4,20,high,high,RISK,4
3,1,2,1,Bonus,4695,No,Owns,15,38,56,5,15,OUT-OF-POCKET MAXIMUM,IN-NETWORK,MAXIMUM COST,1500,6450,4000,2000,1500,4,20,high,high,RISK,4
2,2,2,2,Salaried,1210,No,Rents,38,24,64,5,15,OUT-OF-POCKET MAXIMUM,IN-NETWORK,MAXIMUM COST,2000,4000,1500,6450,1500,4,20,high,high,RISK,4
2,3,2,1,Bonus,3149,No,Owns,17,29,55,5,15,OUT-OF-POCKET MAXIMUM,IN-NETWORK,MAXIMUM COST,4000,2000,1500,6450,1500,4,20,high,high,RISK,4
2,2,2,2,Bonus,3757,No,Rents,18,26,51,5,15,OUT-OF-POCKET MAXIMUM,IN-NETWORK,MAXIMUM COST,2000,6450,4000,1500,1500,4,20,high,high,RISK,4
3,1,3,2,Salaried,4038,Yes,Rents,28,36,62,5,15,OUT-OF-POCKET MAXIMUM,IN-NETWORK,MAXIMUM COST,6450,2000,4000,1500,1500,4,20,high,high,RISK,4
1,1,1,3,Bonus,381,No,Owns,20,38,64,5,15,OUT-OF-POCKET MAXIMUM,IN-NETWORK,MAXIMUM COST,6450,4000,1500,2000,1500,4,20,high,high,RISK,4
1,1,1,2,Hourly,2879,Yes,Rents,37,31,55,5,15,OUT-OF-POCKET MAXIMUM,IN-NETWORK,MAXIMUM COST,6450,2000,4000,1500,1500,4,20,high,high,RISK,4
2,3,1,1,Hourly,2246,No,Owns,38,31,59,5,15,OUT-OF-POCKET MAXIMUM,IN-NETWORK,MAXIMUM COST,1500,6450,2000,4000,1500,4,20,high,high,RISK,4
1,3,2,1,Hourly,3337,No,Rents,18,47,55,5,15,OUT-OF-POCKET MAXIMUM,IN-NETWORK,MAXIMUM COST,1500,2000,6450,4000,1500,4,20,high,high,RISK,4
2,2,1,2,Hourly,874,No,Owns,38,41,60,5,15,OUT-OF-POCKET MAXIMUM,IN-NETWORK,MAXIMUM COST,2000,4000,6450,1500,1500,4,20,high,high,RISK,4
1,2,1,1,Hourly,4470,Yes,Owns,16,35,73,5,15,OUT-OF-POCKET MAXIMUM,IN-NETWORK,MAXIMUM COST,4000,6450,2000,1500,1500,4,20,high,high,RISK,4
3,1,3,1,Hourly,3252,Yes,Owns,24,24,60,5,15,OUT-OF-POCKET MAXIMUM,IN-NETWORK,MAXIMUM COST,4000,2000,1500,6450,1500,4,20,high,high,RISK,4
1,3,1,2,Hourly,176,Yes,Rents,23,43,57,5,15,OUT-OF-POCKET MAXIMUM,IN-NETWORK,MAXIMUM COST,2000,6450,1500,4000,1500,4,20,high,high,RISK,4
2,1,3,1,Hourly,3681,Yes,Owns,17,25,52,5,15,OUT-OF-POCKET MAXIMUM,IN-NETWORK,MAXIMUM COST,2000,4000,1500,6450,1500,4,20,high,high,RISK,4
1,3,2,3,Hourly,1019,Yes,Owns,35,50,53,5,15,OUT-OF-POCKET MAXIMUM,IN-NETWORK,MAXIMUM COST,2000,4000,1500,6450,1500,4,20,high,high,RISK,4
1,3,2,1,Bonus,4493,Yes,Owns,39,31,54,5,15,OUT-OF-POCKET MAXIMUM,IN-NETWORK,MAXIMUM COST,2000,6450,1500,4000,1500,4,20,high,high,RISK,4
1,3,3,1,Salaried,1012,Yes,Owns,34,26,75,5,15,OUT-OF-POCKET MAXIMUM,IN-NETWORK,MAXIMUM COST,4000,2000,6450,1500,1500,4,20,high,high,RISK,4
1,1,2,1,Bonus,1248,Yes,Rents,18,49,60,5,15,OUT-OF-POCKET MAXIMUM,IN-NETWORK,MAXIMUM COST,4000,1500,6450,2000,1500,4,20,high,high,RISK,4
1,1,2,1,Salaried,1214,No,Owns,17,40,57,5,15,OUT-OF-POCKET MAXIMUM,IN-NETWORK,MAXIMUM COST,1500,6450,2000,4000,1500,4,20,high,high,RISK,4
2,1,1,1,Salaried,2852,Yes,Rents,18,36,56,5,15,OUT-OF-POCKET MAXIMUM,IN-NETWORK,MAXIMUM COST,4000,2000,1500,6450,1500,4,20,high,high,RISK,4
2,1,1,1,Bonus,1440,Yes,Owns,24,49,59,5,15,OUT-OF-POCKET MAXIMUM,IN-NETWORK,MAXIMUM COST,2000,1500,4000,6450,1500,4,20,high,high,RISK,4
3,1,3,1,Bonus,2951,No,Owns,26,20,55,5,15,OUT-OF-POCKET MAXIMUM,IN-NETWORK,MAXIMUM COST,6450,1500,2000,4000,1500,4,20,high,high,RISK,4
4,3,2,4,Salaried,4377,No,Rents,46,73,76,5,16,OUT-OF-POCKET MAXIMUM,IN-NETWORK,MAXIMUM COST,2000,4000,6450,1500,1500,4,50,high,high,RISK,4
2,3,4,2,Salaried,1919,No,Owns,48,61,80,5,16,OUT-OF-POCKET MAXIMUM,IN-NETWORK,MAXIMUM COST,2000,6450,4000,1500,1500,4,50,high,high,RISK,4
4,4,3,2,Salaried,4671,Yes,Rents,57,53,77,5,16,OUT-OF-POCKET MAXIMUM,IN-NETWORK,MAXIMUM COST,2000,6450,1500,4000,1500,4,50,high,high,RISK,4
4,4,2,2,Bonus,1139,No,Owns,52,65,80,5,16,OUT-OF-POCKET MAXIMUM,IN-NETWORK,MAXIMUM COST,6450,2000,1500,4000,1500,4,50,high,high,RISK,4
3,4,4,3,Bonus,3085,No,Rents,45,54,88,5,16,OUT-OF-POCKET MAXIMUM,IN-NETWORK,MAXIMUM COST,1500,2000,4000,6450,1500,4,50,high,high,RISK,4
3,4,4,3,Salaried,912,Yes,Rents,61,58,79,5,16,OUT-OF-POCKET MAXIMUM,IN-NETWORK,MAXIMUM COST,6450,2000,1500,4000,1500,4,50,high,high,RISK,4
4,3,4,3,Hourly,3561,Yes,Owns,51,56,75,5,16,OUT-OF-POCKET MAXIMUM,IN-NETWORK,MAXIMUM COST,2000,4000,6450,1500,1500,4,50,high,high,RISK,4
4,4,2,2,Hourly,4350,No,Rents,40,64,87,5,16,OUT-OF-POCKET MAXIMUM,IN-NETWORK,MAXIMUM COST,2000,4000,6450,1500,1500,4,50,high,high,RISK,4
4,4,4,4,Salaried,3664,No,Owns,39,65,88,5,16,OUT-OF-POCKET MAXIMUM,IN-NETWORK,MAXIMUM COST,4000,6450,2000,1500,1500,4,50,high,high,RISK,4
2,3,3,3,Bonus,1972,Yes,Owns,62,60,80,5,16,OUT-OF-POCKET MAXIMUM,IN-NETWORK,MAXIMUM COST,4000,6450,2000,1500,1500,4,50,high,high,RISK,4
3,2,4,4,Salaried,1235,Yes,Rents,55,60,83,5,16,OUT-OF-POCKET MAXIMUM,IN-NETWORK,MAXIMUM COST,4000,6450,1500,2000,1500,4,50,high,high,RISK,4
2,4,3,3,Bonus,2294,Yes,Owns,47,72,79,5,16,OUT-OF-POCKET MAXIMUM,IN-NETWORK,MAXIMUM COST,2000,1500,4000,6450,1500,4,50,high,high,RISK,4
2,3,4,3,Salaried,4592,Yes,Rents,62,68,84,5,16,OUT-OF-POCKET MAXIMUM,IN-NETWORK,MAXIMUM COST,4000,1500,6450,2000,1500,4,50,high,high,RISK,4
3,3,3,4,Hourly,2183,Yes,Owns,37,63,98,5,16,OUT-OF-POCKET MAXIMUM,IN-NETWORK,MAXIMUM COST,4000,6450,1500,2000,1500,4,50,high,high,RISK,4
3,3,4,3,Salaried,1622,Yes,Rents,42,55,84,5,16,OUT-OF-POCKET MAXIMUM,IN-NETWORK,MAXIMUM COST,4000,1500,2000,6450,1500,4,50,high,high,RISK,4
3,4,3,4,Salaried,4259,Yes,Rents,37,70,81,5,16,OUT-OF-POCKET MAXIMUM,IN-NETWORK,MAXIMUM COST,2000,6450,4000,1500,1500,4,50,high,high,RISK,4
4,3,3,4,Salaried,4138,No,Owns,62,55,76,5,16,OUT-OF-POCKET MAXIMUM,IN-NETWORK,MAXIMUM COST,6450,4000,1500,2000,1500,4,50,high,high,RISK,4
4,3,4,4,Bonus,2742,No,Owns,64,75,77,5,16,OUT-OF-POCKET MAXIMUM,IN-NETWORK,MAXIMUM COST,4000,1500,2000,6450,1500,4,50,high,high,RISK,4
3,3,3,4,Bonus,4027,Yes,Rents,43,60,78,5,16,OUT-OF-POCKET MAXIMUM,IN-NETWORK,MAXIMUM COST,1500,6450,2000,4000,1500,4,50,high,high,RISK,4
4,4,2,2,Bonus,3643,No,Rents,59,56,100,5,16,OUT-OF-POCKET MAXIMUM,IN-NETWORK,MAXIMUM COST,4000,6450,2000,1500,1500,4,50,high,high,RISK,4
4,2,4,2,Salaried,1855,No,Rents,63,74,85,5,16,OUT-OF-POCKET MAXIMUM,IN-NETWORK,MAXIMUM COST,2000,1500,4000,6450,1500,4,50,high,high,RISK,4
3,4,2,3,Bonus,4199,No,Owns,57,67,81,5,16,OUT-OF-POCKET MAXIMUM,IN-NETWORK,MAXIMUM COST,4000,2000,1500,6450,1500,4,50,high,high,RISK,4
3,4,3,2,Salaried,358,No,Rents,50,64,80,5,16,OUT-OF-POCKET MAXIMUM,IN-NETWORK,MAXIMUM COST,4000,6450,2000,1500,1500,4,50,high,high,RISK,4
4,3,4,3,Salaried,2175,No,Owns,59,75,83,5,16,OUT-OF-POCKET MAXIMUM,IN-NETWORK,MAXIMUM COST,4000,2000,1500,6450,1500,4,50,high,high,RISK,4
4,4,2,2,Bonus,2804,No,Owns,48,51,79,5,16,OUT-OF-POCKET MAXIMUM,IN-NETWORK,MAXIMUM COST,6450,2000,4000,1500,1500,4,50,high,high,RISK,4
4,4,4,4,Bonus,2793,Yes,Owns,63,73,76,5,16,OUT-OF-POCKET MAXIMUM,IN-NETWORK,MAXIMUM COST,4000,6450,2000,1500,1500,4,50,high,high,RISK,4
4,3,4,2,Salaried,1366,No,Owns,56,61,80,5,16,OUT-OF-POCKET MAXIMUM,IN-NETWORK,MAXIMUM COST,6450,2000,4000,1500,1500,4,50,high,high,RISK,4
2,4,4,4,Salaried,3990,No,Rents,53,53,77,5,16,OUT-OF-POCKET MAXIMUM,IN-NETWORK,MAXIMUM COST,4000,1500,6450,2000,1500,4,50,high,high,RISK,4
2,4,3,3,Salaried,1625,No,Owns,60,65,80,5,16,OUT-OF-POCKET MAXIMUM,IN-NETWORK,MAXIMUM COST,1500,2000,4000,6450,1500,4,50,high,high,RISK,4
4,4,3,3,Hourly,1178,No,Owns,35,54,88,5,16,OUT-OF-POCKET MAXIMUM,IN-NETWORK,MAXIMUM COST,6450,2000,4000,1500,1500,4,50,high,high,RISK,4
3,3,2,2,Hourly,2665,No,Rents,41,58,79,5,16,OUT-OF-POCKET MAXIMUM,IN-NETWORK,MAXIMUM COST,6450,4000,2000,1500,1500,4,50,high,high,RISK,4
4,4,4,2,Hourly,4144,No,Owns,44,56,75,5,16,OUT-OF-POCKET MAXIMUM,IN-NETWORK,MAXIMUM COST,2000,4000,6450,1500,1500,4,50,high,high,RISK,4
3,3,4,3,Hourly,2547,Yes,Owns,55,64,87,5,16,OUT-OF-POCKET MAXIMUM,IN-NETWORK,MAXIMUM COST,1500,4000,2000,6450,1500,4,50,high,high,RISK,4
4,3,4,2,Hourly,152,Yes,Owns,58,65,88,5,16,OUT-OF-POCKET MAXIMUM,IN-NETWORK,MAXIMUM COST,2000,4000,6450,1500,1500,4,50,high,high,RISK,4
3,2,2,3,Bonus,2909,Yes,Rents,45,60,80,5,16,OUT-OF-POCKET MAXIMUM,IN-NETWORK,MAXIMUM COST,4000,6450,1500,2000,1500,4,50,high,high,RISK,4
4,4,3,3,Bonus,2404,Yes,Owns,49,60,83,5,16,OUT-OF-POCKET MAXIMUM,IN-NETWORK,MAXIMUM COST,4000,2000,6450,1500,1500,4,50,high,high,RISK,4
4,2,4,4,Bonus,144,Yes,Owns,46,72,79,5,16,OUT-OF-POCKET MAXIMUM,IN-NETWORK,MAXIMUM COST,6450,4000,2000,1500,1500,4,50,high,high,RISK,4
4,2,4,2,Hourly,2250,No,Owns,48,68,84,5,16,OUT-OF-POCKET MAXIMUM,IN-NETWORK,MAXIMUM COST,6450,4000,2000,1500,1500,4,50,high,high,RISK,4
4,3,3,3,Hourly,4826,No,Owns,47,63,98,5,16,OUT-OF-POCKET MAXIMUM,IN-NETWORK,MAXIMUM COST,4000,1500,6450,2000,1500,4,50,high,high,RISK,4
4,4,2,3,Salaried,792,No,Owns,50,55,84,5,16,OUT-OF-POCKET MAXIMUM,IN-NETWORK,MAXIMUM COST,6450,2000,1500,4000,1500,4,50,high,high,RISK,4
2,4,2,3,Hourly,3429,No,Rents,58,70,81,5,16,OUT-OF-POCKET MAXIMUM,IN-NETWORK,MAXIMUM COST,2000,6450,1500,4000,1500,4,50,high,high,RISK,4
3,4,3,4,Hourly,1596,Yes,Owns,50,55,76,5,16,OUT-OF-POCKET MAXIMUM,IN-NETWORK,MAXIMUM COST,6450,2000,1500,4000,1500,4,50,high,high,RISK,4
4,4,4,3,Salaried,83,Yes,Owns,40,75,77,5,16,OUT-OF-POCKET MAXIMUM,IN-NETWORK,MAXIMUM COST,2000,6450,4000,1500,1500,4,50,high,high,RISK,4
4,4,3,4,Salaried,3601,No,Owns,38,60,78,5,16,OUT-OF-POCKET MAXIMUM,IN-NETWORK,MAXIMUM COST,1500,2000,6450,4000,1500,4,50,high,high,RISK,4
3,4,2,4,Bonus,861,No,Owns,58,56,100,5,16,OUT-OF-POCKET MAXIMUM,IN-NETWORK,MAXIMUM COST,6450,1500,2000,4000,1500,4,50,high,high,RISK,4
2,4,4,4,Salaried,2240,Yes,Rents,59,74,85,5,16,OUT-OF-POCKET MAXIMUM,IN-NETWORK,MAXIMUM COST,2000,4000,1500,6450,1500,4,50,high,high,RISK,4
3,3,2,2,Hourly,2384,No,Rents,37,67,81,5,16,OUT-OF-POCKET MAXIMUM,IN-NETWORK,MAXIMUM COST,2000,1500,4000,6450,1500,4,50,high,high,RISK,4
2,2,3,3,Bonus,2363,Yes,Rents,52,64,80,5,16,OUT-OF-POCKET MAXIMUM,IN-NETWORK,MAXIMUM COST,4000,2000,1500,6450,1500,4,50,high,high,RISK,4
3,3,4,2,Salaried,4539,No,Owns,45,75,83,5,16,OUT-OF-POCKET MAXIMUM,IN-NETWORK,MAXIMUM COST,6450,1500,2000,4000,1500,4,50,high,high,RISK,4
3,3,2,2,Bonus,489,No,Rents,45,51,79,5,16,OUT-OF-POCKET MAXIMUM,IN-NETWORK,MAXIMUM COST,6450,1500,2000,4000,1500,4,50,high,high,RISK,4
4,4,2,4,Bonus,4623,Yes,Owns,40,73,76,5,16,OUT-OF-POCKET MAXIMUM,IN-NETWORK,MAXIMUM COST,6450,4000,1500,2000,1500,4,50,high,high,RISK,4
3,3,3,2,Salaried,153,Yes,Owns,36,61,80,5,16,OUT-OF-POCKET MAXIMUM,IN-NETWORK,MAXIMUM COST,4000,1500,2000,6450,1500,4,50,high,high,RISK,4
3,4,4,4,Salaried,3954,No,Owns,38,53,77,5,16,OUT-OF-POCKET MAXIMUM,IN-NETWORK,MAXIMUM COST,6450,1500,2000,4000,1500,4,50,high,high,RISK,4
3,3,2,3,Salaried,4742,No,Rents,35,65,80,5,16,OUT-OF-POCKET MAXIMUM,IN-NETWORK,MAXIMUM COST,6450,2000,1500,4000,1500,4,50,high,high,RISK,4
2,2,2,3,Hourly,3289,No,Rents,59,54,88,5,16,OUT-OF-POCKET MAXIMUM,IN-NETWORK,MAXIMUM COST,1500,6450,4000,2000,1500,4,50,high,high,RISK,4
2,2,3,3,Bonus,3409,Yes,Rents,54,58,79,5,16,OUT-OF-POCKET MAXIMUM,IN-NETWORK,MAXIMUM COST,1500,2000,4000,6450,1500,4,50,high,high,RISK,4
3,3,4,3,Bonus,3179,No,Rents,42,56,75,5,16,OUT-OF-POCKET MAXIMUM,IN-NETWORK,MAXIMUM COST,4000,1500,6450,2000,1500,4,50,high,high,RISK,4
3,3,2,4,Bonus,4271,No,Rents,43,64,87,5,16,OUT-OF-POCKET MAXIMUM,IN-NETWORK,MAXIMUM COST,1500,2000,4000,6450,1500,4,50,high,high,RISK,4
3,3,3,2,Hourly,4605,Yes,Rents,46,65,88,5,16,OUT-OF-POCKET MAXIMUM,IN-NETWORK,MAXIMUM COST,6450,2000,4000,1500,1500,4,50,high,high,RISK,4
2,4,4,4,Salaried,3042,Yes,Rents,37,60,80,5,16,OUT-OF-POCKET MAXIMUM,IN-NETWORK,MAXIMUM COST,4000,2000,6450,1500,1500,4,50,high,high,RISK,4
2,4,4,3,Hourly,170,No,Rents,61,60,83,5,16,OUT-OF-POCKET MAXIMUM,IN-NETWORK,MAXIMUM COST,4000,6450,2000,1500,1500,4,50,high,high,RISK,4
2,3,3,4,Salaried,2062,No,Rents,40,72,79,5,16,OUT-OF-POCKET MAXIMUM,IN-NETWORK,MAXIMUM COST,4000,1500,6450,2000,1500,4,50,high,high,RISK,4
4,4,4,4,Bonus,1962,No,Rents,35,68,84,5,16,OUT-OF-POCKET MAXIMUM,IN-NETWORK,MAXIMUM COST,1500,6450,2000,4000,1500,4,50,high,high,RISK,4
2,2,3,2,Bonus,1006,No,Owns,50,63,98,5,16,OUT-OF-POCKET MAXIMUM,IN-NETWORK,MAXIMUM COST,2000,1500,6450,4000,1500,4,50,high,high,RISK,4
2,4,3,4,Salaried,4555,No,Rents,42,55,84,5,16,OUT-OF-POCKET MAXIMUM,IN-NETWORK,MAXIMUM COST,2000,4000,1500,6450,1500,4,50,high,high,RISK,4
4,3,4,3,Bonus,458,No,Rents,46,70,81,5,16,OUT-OF-POCKET MAXIMUM,IN-NETWORK,MAXIMUM COST,2000,4000,6450,1500,1500,4,50,high,high,RISK,4
4,3,4,3,Hourly,1593,No,Owns,36,55,76,5,16,OUT-OF-POCKET MAXIMUM,IN-NETWORK,MAXIMUM COST,2000,1500,6450,4000,1500,4,50,high,high,RISK,4
3,4,2,3,Hourly,4519,Yes,Owns,48,75,77,5,16,OUT-OF-POCKET MAXIMUM,IN-NETWORK,MAXIMUM COST,6450,2000,1500,4000,1500,4,50,high,high,RISK,4
2,4,3,3,Bonus,2639,No,Rents,36,60,78,5,16,OUT-OF-POCKET MAXIMUM,IN-NETWORK,MAXIMUM COST,1500,6450,2000,4000,1500,4,50,high,high,RISK,4
2,3,4,3,Hourly,2563,Yes,Rents,59,56,100,5,16,OUT-OF-POCKET MAXIMUM,IN-NETWORK,MAXIMUM COST,4000,6450,1500,2000,1500,4,50,high,high,RISK,4
3,4,4,4,Bonus,2810,Yes,Owns,58,74,85,5,16,OUT-OF-POCKET MAXIMUM,IN-NETWORK,MAXIMUM COST,4000,2000,1500,6450,1500,4,50,high,high,RISK,4
3,4,3,4,Hourly,2954,Yes,Owns,64,67,81,5,16,OUT-OF-POCKET MAXIMUM,IN-NETWORK,MAXIMUM COST,4000,2000,6450,1500,1500,4,50,high,high,RISK,4
3,2,4,3,Hourly,2299,Yes,Owns,54,64,80,5,16,OUT-OF-POCKET MAXIMUM,IN-NETWORK,MAXIMUM COST,6450,2000,1500,4000,1500,4,50,high,high,RISK,4
2,3,4,4,Hourly,1155,No,Rents,37,75,83,5,16,OUT-OF-POCKET MAXIMUM,IN-NETWORK,MAXIMUM COST,2000,6450,1500,4000,1500,4,50,high,high,RISK,4
4,2,4,3,Bonus,1856,Yes,Rents,55,51,79,5,16,OUT-OF-POCKET MAXIMUM,IN-NETWORK,MAXIMUM COST,1500,6450,4000,2000,1500,4,50,high,high,RISK,4
4,4,3,3,Salaried,3352,Yes,Rents,38,73,76,5,16,OUT-OF-POCKET MAXIMUM,IN-NETWORK,MAXIMUM COST,1500,4000,2000,6450,1500,4,50,high,high,RISK,4
4,3,2,3,Hourly,3735,Yes,Owns,58,61,80,5,16,OUT-OF-POCKET MAXIMUM,IN-NETWORK,MAXIMUM COST,4000,2000,6450,1500,1500,4,50,high,high,RISK,4
4,3,3,4,Salaried,1125,Yes,Rents,38,53,77,5,16,OUT-OF-POCKET MAXIMUM,IN-NETWORK,MAXIMUM COST,2000,4000,1500,6450,1500,4,50,high,high,RISK,4
4,2,4,2,Bonus,4695,No,Owns,35,65,80,5,16,OUT-OF-POCKET MAXIMUM,IN-NETWORK,MAXIMUM COST,6450,2000,1500,4000,1500,4,50,high,high,RISK,4
3,3,3,4,Salaried,1210,No,Rents,62,54,88,5,16,OUT-OF-POCKET MAXIMUM,IN-NETWORK,MAXIMUM COST,2000,6450,4000,1500,1500,4,50,high,high,RISK,4
4,4,4,2,Bonus,3149,No,Owns,37,58,79,5,16,OUT-OF-POCKET MAXIMUM,IN-NETWORK,MAXIMUM COST,1500,2000,6450,4000,1500,4,50,high,high,RISK,4
4,3,4,4,Bonus,3757,No,Rents,38,56,75,5,16,OUT-OF-POCKET MAXIMUM,IN-NETWORK,MAXIMUM COST,4000,2000,6450,1500,1500,4,50,high,high,RISK,4
4,3,4,4,Salaried,4038,Yes,Rents,51,64,87,5,16,OUT-OF-POCKET MAXIMUM,IN-NETWORK,MAXIMUM COST,1500,2000,4000,6450,1500,4,50,high,high,RISK,4
2,3,3,4,Bonus,381,No,Owns,41,65,88,5,16,OUT-OF-POCKET MAXIMUM,IN-NETWORK,MAXIMUM COST,4000,1500,6450,2000,1500,4,50,high,high,RISK,4
3,3,3,3,Hourly,2879,Yes,Rents,61,60,80,5,16,OUT-OF-POCKET MAXIMUM,IN-NETWORK,MAXIMUM COST,6450,4000,2000,1500,1500,4,50,high,high,RISK,4
4,4,3,2,Hourly,2246,No,Owns,62,60,83,5,16,OUT-OF-POCKET MAXIMUM,IN-NETWORK,MAXIMUM COST,4000,2000,1500,6450,1500,4,50,high,high,RISK,4
2,4,3,2,Hourly,3337,No,Rents,39,72,79,5,16,OUT-OF-POCKET MAXIMUM,IN-NETWORK,MAXIMUM COST,2000,1500,4000,6450,1500,4,50,high,high,RISK,4
4,3,3,4,Hourly,874,No,Owns,63,68,84,5,16,OUT-OF-POCKET MAXIMUM,IN-NETWORK,MAXIMUM COST,6450,1500,4000,2000,1500,4,50,high,high,RISK,4
3,4,2,3,Hourly,4470,Yes,Owns,36,63,98,5,16,OUT-OF-POCKET MAXIMUM,IN-NETWORK,MAXIMUM COST,2000,4000,1500,6450,1500,4,50,high,high,RISK,4
4,3,4,3,Hourly,3252,Yes,Owns,46,55,84,5,16,OUT-OF-POCKET MAXIMUM,IN-NETWORK,MAXIMUM COST,6450,4000,1500,2000,1500,4,50,high,high,RISK,4
3,4,2,3,Hourly,176,Yes,Rents,45,70,81,5,16,OUT-OF-POCKET MAXIMUM,IN-NETWORK,MAXIMUM COST,2000,4000,1500,6450,1500,4,50,high,high,RISK,4
4,3,4,2,Hourly,3681,Yes,Owns,38,55,76,5,16,OUT-OF-POCKET MAXIMUM,IN-NETWORK,MAXIMUM COST,1500,4000,6450,2000,1500,4,50,high,high,RISK,4
3,4,4,4,Hourly,1019,Yes,Owns,59,75,77,5,16,OUT-OF-POCKET MAXIMUM,IN-NETWORK,MAXIMUM COST,6450,4000,1500,2000,1500,4,50,high,high,RISK,4
3,4,4,3,Bonus,4493,Yes,Owns,64,60,78,5,16,OUT-OF-POCKET MAXIMUM,IN-NETWORK,MAXIMUM COST,1500,4000,2000,6450,1500,4,50,high,high,RISK,4
3,4,4,2,Salaried,1012,Yes,Owns,58,56,100,5,16,OUT-OF-POCKET MAXIMUM,IN-NETWORK,MAXIMUM COST,1500,2000,4000,6450,1500,4,50,high,high,RISK,4
2,2,4,3,Bonus,1248,Yes,Rents,39,74,85,5,16,OUT-OF-POCKET MAXIMUM,IN-NETWORK,MAXIMUM COST,1500,4000,6450,2000,1500,4,50,high,high,RISK,4
2,3,3,3,Salaried,1214,No,Owns,37,67,81,5,16,OUT-OF-POCKET MAXIMUM,IN-NETWORK,MAXIMUM COST,6450,2000,1500,4000,1500,4,50,high,high,RISK,4
4,3,3,2,Salaried,2852,Yes,Rents,38,64,80,5,16,OUT-OF-POCKET MAXIMUM,IN-NETWORK,MAXIMUM COST,4000,6450,2000,1500,1500,4,50,high,high,RISK,4
3,3,2,2,Bonus,1440,Yes,Owns,46,75,83,5,16,OUT-OF-POCKET MAXIMUM,IN-NETWORK,MAXIMUM COST,2000,6450,1500,4000,1500,4,50,high,high,RISK,4
4,2,4,3,Bonus,2951,No,Owns,48,51,79,5,16,OUT-OF-POCKET MAXIMUM,IN-NETWORK,MAXIMUM COST,6450,2000,4000,1500,1500,4,50,high,high,RISK,4
1,0,0,1,Salaried,4377,No,Rents,4,9,1,8,1,PRIMARY CARE PHYSICIAN (PCP) ,IN-NETWORK,CO-PAY IN $,40,80,20,15,80,1,5,low,low,RISK,1
0,0,1,0,Salaried,1919,No,Owns,4,4,5,8,1,PRIMARY CARE PHYSICIAN (PCP) ,IN-NETWORK,CO-PAY IN $,15,80,20,40,80,1,5,low,low,RISK,1
0,0,0,0,Salaried,4671,Yes,Rents,7,1,2,8,1,PRIMARY CARE PHYSICIAN (PCP) ,IN-NETWORK,CO-PAY IN $,15,40,20,80,80,1,5,low,low,RISK,1
1,1,0,0,Bonus,1139,No,Owns,6,6,5,8,1,PRIMARY CARE PHYSICIAN (PCP) ,IN-NETWORK,CO-PAY IN $,15,20,80,40,80,1,5,low,low,RISK,1
0,1,1,0,Bonus,3085,No,Rents,3,1,13,8,1,PRIMARY CARE PHYSICIAN (PCP) ,IN-NETWORK,CO-PAY IN $,80,40,15,20,80,1,5,low,low,RISK,1
0,1,1,0,Salaried,912,Yes,Rents,9,3,4,8,1,PRIMARY CARE PHYSICIAN (PCP) ,IN-NETWORK,CO-PAY IN $,15,20,40,80,80,1,5,low,low,RISK,1
1,0,1,0,Hourly,3561,Yes,Owns,5,2,0,8,1,PRIMARY CARE PHYSICIAN (PCP) ,IN-NETWORK,CO-PAY IN $,20,40,15,80,80,1,5,low,low,RISK,1
1,1,0,0,Hourly,4350,No,Rents,2,5,12,8,1,PRIMARY CARE PHYSICIAN (PCP) ,IN-NETWORK,CO-PAY IN $,20,40,80,15,80,1,5,low,low,RISK,1
1,1,0,1,Salaried,3664,No,Owns,1,6,13,8,1,PRIMARY CARE PHYSICIAN (PCP) ,IN-NETWORK,CO-PAY IN $,40,80,20,15,80,1,5,low,low,RISK,1
0,0,0,0,Bonus,1972,Yes,Owns,9,4,5,8,1,PRIMARY CARE PHYSICIAN (PCP) ,IN-NETWORK,CO-PAY IN $,15,20,40,80,80,1,5,low,low,RISK,1
0,0,1,1,Salaried,1235,Yes,Rents,7,4,8,8,1,PRIMARY CARE PHYSICIAN (PCP) ,IN-NETWORK,CO-PAY IN $,80,40,15,20,80,1,5,low,low,RISK,1
0,1,0,0,Bonus,2294,Yes,Owns,4,9,4,8,1,PRIMARY CARE PHYSICIAN (PCP) ,IN-NETWORK,CO-PAY IN $,20,40,15,80,80,1,5,low,low,RISK,1
0,0,1,0,Salaried,4592,Yes,Rents,9,7,9,8,1,PRIMARY CARE PHYSICIAN (PCP) ,IN-NETWORK,CO-PAY IN $,40,20,15,80,80,1,5,low,low,RISK,1
0,0,0,1,Hourly,2183,Yes,Owns,1,5,23,8,1,PRIMARY CARE PHYSICIAN (PCP) ,IN-NETWORK,CO-PAY IN $,80,15,40,20,80,1,5,low,low,RISK,1
0,0,1,0,Salaried,1622,Yes,Rents,2,1,9,8,1,PRIMARY CARE PHYSICIAN (PCP) ,IN-NETWORK,CO-PAY IN $,80,20,15,40,80,1,5,low,low,RISK,1
1,0,0,1,Salaried,4138,No,Owns,9,2,1,8,1,PRIMARY CARE PHYSICIAN (PCP) ,IN-NETWORK,CO-PAY IN $,20,40,15,80,80,1,5,low,low,RISK,1
1,0,0,1,Bonus,2742,No,Owns,10,10,2,8,1,PRIMARY CARE PHYSICIAN (PCP) ,IN-NETWORK,CO-PAY IN $,20,80,40,15,80,1,5,low,low,RISK,1
0,0,0,1,Bonus,4027,Yes,Rents,3,4,3,8,1,PRIMARY CARE PHYSICIAN (PCP) ,IN-NETWORK,CO-PAY IN $,15,20,40,80,80,1,5,low,low,RISK,1
1,0,0,0,Bonus,3643,No,Rents,8,2,25,8,1,PRIMARY CARE PHYSICIAN (PCP) ,IN-NETWORK,CO-PAY IN $,20,80,15,40,80,1,5,low,low,RISK,1
1,0,1,0,Salaried,1855,No,Rents,9,10,10,8,1,PRIMARY CARE PHYSICIAN (PCP) ,IN-NETWORK,CO-PAY IN $,15,20,80,40,80,1,5,low,low,RISK,1
0,1,0,0,Bonus,4199,No,Owns,7,7,6,8,1,PRIMARY CARE PHYSICIAN (PCP) ,IN-NETWORK,CO-PAY IN $,40,80,15,20,80,1,5,low,low,RISK,1
0,0,1,0,Salaried,2175,No,Owns,8,10,8,8,1,PRIMARY CARE PHYSICIAN (PCP) ,IN-NETWORK,CO-PAY IN $,40,20,80,15,80,1,5,low,low,RISK,1
0,1,0,0,Bonus,2804,No,Owns,4,0,4,8,1,PRIMARY CARE PHYSICIAN (PCP) ,IN-NETWORK,CO-PAY IN $,80,20,15,40,80,1,5,low,low,RISK,1
1,1,1,0,Bonus,2793,Yes,Owns,9,9,1,8,1,PRIMARY CARE PHYSICIAN (PCP) ,IN-NETWORK,CO-PAY IN $,15,40,20,80,80,1,5,low,low,RISK,1
1,0,1,0,Salaried,1366,No,Owns,7,4,5,8,1,PRIMARY CARE PHYSICIAN (PCP) ,IN-NETWORK,CO-PAY IN $,40,15,20,80,80,1,5,low,low,RISK,1
0,1,1,1,Salaried,3990,No,Rents,6,1,2,8,1,PRIMARY CARE PHYSICIAN (PCP) ,IN-NETWORK,CO-PAY IN $,15,40,80,20,80,1,5,low,low,RISK,1
0,0,0,0,Salaried,1625,No,Owns,8,6,5,8,1,PRIMARY CARE PHYSICIAN (PCP) ,IN-NETWORK,CO-PAY IN $,15,40,80,20,80,1,5,low,low,RISK,1
1,1,0,0,Hourly,1178,No,Owns,0,1,13,8,1,PRIMARY CARE PHYSICIAN (PCP) ,IN-NETWORK,CO-PAY IN $,80,15,20,40,80,1,5,low,low,RISK,1
0,0,0,0,Hourly,2665,No,Rents,2,3,4,8,1,PRIMARY CARE PHYSICIAN (PCP) ,IN-NETWORK,CO-PAY IN $,20,40,80,15,80,1,5,low,low,RISK,1
1,1,1,0,Hourly,4144,No,Owns,3,2,0,8,1,PRIMARY CARE PHYSICIAN (PCP) ,IN-NETWORK,CO-PAY IN $,40,15,20,80,80,1,5,low,low,RISK,1
0,0,1,0,Hourly,2547,Yes,Owns,7,5,12,8,1,PRIMARY CARE PHYSICIAN (PCP) ,IN-NETWORK,CO-PAY IN $,15,40,20,80,80,1,5,low,low,RISK,1
1,0,1,0,Hourly,152,Yes,Owns,8,6,13,8,1,PRIMARY CARE PHYSICIAN (PCP) ,IN-NETWORK,CO-PAY IN $,20,80,15,40,80,1,5,low,low,RISK,1
0,0,0,0,Bonus,2909,Yes,Rents,3,4,5,8,1,PRIMARY CARE PHYSICIAN (PCP) ,IN-NETWORK,CO-PAY IN $,40,15,80,20,80,1,5,low,low,RISK,1
1,1,0,0,Bonus,2404,Yes,Owns,5,4,8,8,1,PRIMARY CARE PHYSICIAN (PCP) ,IN-NETWORK,CO-PAY IN $,40,20,15,80,80,1,5,low,low,RISK,1
1,0,1,1,Bonus,144,Yes,Owns,4,9,4,8,1,PRIMARY CARE PHYSICIAN (PCP) ,IN-NETWORK,CO-PAY IN $,80,20,15,40,80,1,5,low,low,RISK,1
1,0,1,0,Hourly,2250,No,Owns,4,7,9,8,1,PRIMARY CARE PHYSICIAN (PCP) ,IN-NETWORK,CO-PAY IN $,40,20,80,15,80,1,5,low,low,RISK,1
1,0,0,0,Hourly,4826,No,Owns,4,5,23,8,1,PRIMARY CARE PHYSICIAN (PCP) ,IN-NETWORK,CO-PAY IN $,15,20,40,80,80,1,5,low,low,RISK,1
1,1,0,0,Salaried,792,No,Owns,5,1,9,8,1,PRIMARY CARE PHYSICIAN (PCP) ,IN-NETWORK,CO-PAY IN $,15,20,80,40,80,1,5,low,low,RISK,1
0,1,0,0,Hourly,3429,No,Rents,8,8,6,8,1,PRIMARY CARE PHYSICIAN (PCP) ,IN-NETWORK,CO-PAY IN $,40,80,20,15,80,1,5,low,low,RISK,1
0,1,0,0,Hourly,1596,Yes,Owns,5,2,1,8,1,PRIMARY CARE PHYSICIAN (PCP) ,IN-NETWORK,CO-PAY IN $,15,20,80,40,80,1,5,low,low,RISK,1
1,1,1,0,Salaried,83,Yes,Owns,2,10,2,8,1,PRIMARY CARE PHYSICIAN (PCP) ,IN-NETWORK,CO-PAY IN $,20,80,40,15,80,1,5,low,low,RISK,1
1,1,0,1,Salaried,3601,No,Owns,1,4,3,8,1,PRIMARY CARE PHYSICIAN (PCP) ,IN-NETWORK,CO-PAY IN $,15,40,20,80,80,1,5,low,low,RISK,1
0,0,0,1,Bonus,861,No,Owns,8,2,25,8,1,PRIMARY CARE PHYSICIAN (PCP) ,IN-NETWORK,CO-PAY IN $,40,80,15,20,80,1,5,low,low,RISK,1
0,1,1,1,Salaried,2240,Yes,Rents,8,10,10,8,1,PRIMARY CARE PHYSICIAN (PCP) ,IN-NETWORK,CO-PAY IN $,15,80,20,40,80,1,5,low,low,RISK,1
0,0,0,0,Hourly,2384,No,Rents,1,7,6,8,1,PRIMARY CARE PHYSICIAN (PCP) ,IN-NETWORK,CO-PAY IN $,20,15,80,40,80,1,5,low,low,RISK,1
0,0,0,0,Bonus,2363,Yes,Rents,6,5,5,8,1,PRIMARY CARE PHYSICIAN (PCP) ,IN-NETWORK,CO-PAY IN $,15,80,20,40,80,1,5,low,low,RISK,1
0,0,1,0,Salaried,4539,No,Owns,3,10,8,8,1,PRIMARY CARE PHYSICIAN (PCP) ,IN-NETWORK,CO-PAY IN $,80,40,15,20,80,1,5,low,low,RISK,1
0,0,0,0,Bonus,489,No,Rents,3,0,4,8,1,PRIMARY CARE PHYSICIAN (PCP) ,IN-NETWORK,CO-PAY IN $,40,80,15,20,80,1,5,low,low,RISK,1
0,1,0,1,Bonus,4623,Yes,Owns,2,9,1,8,1,PRIMARY CARE PHYSICIAN (PCP) ,IN-NETWORK,CO-PAY IN $,80,40,20,15,80,1,5,low,low,RISK,1
0,0,0,0,Salaried,153,Yes,Owns,0,4,5,8,1,PRIMARY CARE PHYSICIAN (PCP) ,IN-NETWORK,CO-PAY IN $,80,20,40,15,80,1,5,low,low,RISK,1
0,1,1,0,Salaried,3954,No,Owns,1,1,2,8,1,PRIMARY CARE PHYSICIAN (PCP) ,IN-NETWORK,CO-PAY IN $,15,20,40,80,80,1,5,low,low,RISK,1
0,0,0,0,Salaried,4742,No,Rents,0,6,5,8,1,PRIMARY CARE PHYSICIAN (PCP) ,IN-NETWORK,CO-PAY IN $,20,80,40,15,80,1,5,low,low,RISK,1
0,0,0,0,Hourly,3289,No,Rents,8,1,13,8,1,PRIMARY CARE PHYSICIAN (PCP) ,IN-NETWORK,CO-PAY IN $,15,40,20,80,80,1,5,low,low,RISK,1
0,0,0,0,Bonus,3409,Yes,Rents,6,3,4,8,1,PRIMARY CARE PHYSICIAN (PCP) ,IN-NETWORK,CO-PAY IN $,20,15,80,40,80,1,5,low,low,RISK,1
0,0,1,0,Bonus,3179,No,Rents,2,2,0,8,1,PRIMARY CARE PHYSICIAN (PCP) ,IN-NETWORK,CO-PAY IN $,40,80,15,20,80,1,5,low,low,RISK,1
0,0,0,0,Bonus,4271,No,Rents,3,5,12,8,1,PRIMARY CARE PHYSICIAN (PCP) ,IN-NETWORK,CO-PAY IN $,20,15,80,40,80,1,5,low,low,RISK,1
0,0,0,0,Hourly,4605,Yes,Rents,4,6,13,8,1,PRIMARY CARE PHYSICIAN (PCP) ,IN-NETWORK,CO-PAY IN $,20,40,15,80,80,1,5,low,low,RISK,1
0,1,1,1,Salaried,3042,Yes,Rents,1,4,5,8,1,PRIMARY CARE PHYSICIAN (PCP) ,IN-NETWORK,CO-PAY IN $,15,80,20,40,80,1,5,low,low,RISK,1
0,1,1,0,Hourly,170,No,Rents,9,4,8,8,1,PRIMARY CARE PHYSICIAN (PCP) ,IN-NETWORK,CO-PAY IN $,80,40,20,15,80,1,5,low,low,RISK,1
0,0,0,1,Salaried,2062,No,Rents,2,9,4,8,1,PRIMARY CARE PHYSICIAN (PCP) ,IN-NETWORK,CO-PAY IN $,15,20,80,40,80,1,5,low,low,RISK,1
1,0,1,1,Bonus,1962,No,Rents,0,7,9,8,1,PRIMARY CARE PHYSICIAN (PCP) ,IN-NETWORK,CO-PAY IN $,80,15,40,20,80,1,5,low,low,RISK,1
0,0,0,0,Bonus,1006,No,Owns,5,5,23,8,1,PRIMARY CARE PHYSICIAN (PCP) ,IN-NETWORK,CO-PAY IN $,20,15,40,80,80,1,5,low,low,RISK,1
0,1,0,1,Salaried,4555,No,Rents,2,1,9,8,1,PRIMARY CARE PHYSICIAN (PCP) ,IN-NETWORK,CO-PAY IN $,15,40,20,80,80,1,5,low,low,RISK,1
1,0,1,0,Bonus,458,No,Rents,4,8,6,8,1,PRIMARY CARE PHYSICIAN (PCP) ,IN-NETWORK,CO-PAY IN $,20,15,80,40,80,1,5,low,low,RISK,1
1,0,1,0,Hourly,1593,No,Owns,0,2,1,8,1,PRIMARY CARE PHYSICIAN (PCP) ,IN-NETWORK,CO-PAY IN $,15,40,80,20,80,1,5,low,low,RISK,1
0,1,0,0,Hourly,4519,Yes,Owns,4,10,2,8,1,PRIMARY CARE PHYSICIAN (PCP) ,IN-NETWORK,CO-PAY IN $,15,20,80,40,80,1,5,low,low,RISK,1
0,1,0,0,Bonus,2639,No,Rents,0,4,3,8,1,PRIMARY CARE PHYSICIAN (PCP) ,IN-NETWORK,CO-PAY IN $,15,40,80,20,80,1,5,low,low,RISK,1
0,0,1,0,Hourly,2563,Yes,Rents,8,2,25,8,1,PRIMARY CARE PHYSICIAN (PCP) ,IN-NETWORK,CO-PAY IN $,80,40,15,20,80,1,5,low,low,RISK,1
0,0,1,1,Bonus,2810,Yes,Owns,8,10,10,8,1,PRIMARY CARE PHYSICIAN (PCP) ,IN-NETWORK,CO-PAY IN $,20,15,80,40,80,1,5,low,low,RISK,1
0,0,0,1,Hourly,2954,Yes,Owns,10,7,6,8,1,PRIMARY CARE PHYSICIAN (PCP) ,IN-NETWORK,CO-PAY IN $,80,20,40,15,80,1,5,low,low,RISK,1
0,0,1,0,Hourly,2299,Yes,Owns,6,5,5,8,1,PRIMARY CARE PHYSICIAN (PCP) ,IN-NETWORK,CO-PAY IN $,80,40,15,20,80,1,5,low,low,RISK,1
0,0,1,1,Hourly,1155,No,Rents,1,10,8,8,1,PRIMARY CARE PHYSICIAN (PCP) ,IN-NETWORK,CO-PAY IN $,40,20,15,80,80,1,5,low,low,RISK,1
1,0,1,0,Bonus,1856,Yes,Rents,7,0,4,8,1,PRIMARY CARE PHYSICIAN (PCP) ,IN-NETWORK,CO-PAY IN $,40,80,15,20,80,1,5,low,low,RISK,1
1,1,0,0,Salaried,3352,Yes,Rents,1,9,1,8,1,PRIMARY CARE PHYSICIAN (PCP) ,IN-NETWORK,CO-PAY IN $,15,40,20,80,80,1,5,low,low,RISK,1
1,0,0,0,Hourly,3735,Yes,Owns,8,4,5,8,1,PRIMARY CARE PHYSICIAN (PCP) ,IN-NETWORK,CO-PAY IN $,20,80,15,40,80,1,5,low,low,RISK,1
1,0,0,1,Salaried,1125,Yes,Rents,1,1,2,8,1,PRIMARY CARE PHYSICIAN (PCP) ,IN-NETWORK,CO-PAY IN $,15,80,20,40,80,1,5,low,low,RISK,1
1,0,1,0,Bonus,4695,No,Owns,0,6,5,8,1,PRIMARY CARE PHYSICIAN (PCP) ,IN-NETWORK,CO-PAY IN $,15,80,20,40,80,1,5,low,low,RISK,1
0,0,0,1,Salaried,1210,No,Rents,9,1,13,8,1,PRIMARY CARE PHYSICIAN (PCP) ,IN-NETWORK,CO-PAY IN $,20,40,15,80,80,1,5,low,low,RISK,1
1,1,1,0,Bonus,3149,No,Owns,1,3,4,8,1,PRIMARY CARE PHYSICIAN (PCP) ,IN-NETWORK,CO-PAY IN $,80,15,40,20,80,1,5,low,low,RISK,1
1,0,0,0,Bonus,3757,No,Rents,1,2,0,8,1,PRIMARY CARE PHYSICIAN (PCP) ,IN-NETWORK,CO-PAY IN $,40,15,80,20,80,1,5,low,low,RISK,1
1,0,1,1,Salaried,4038,Yes,Rents,5,5,12,8,1,PRIMARY CARE PHYSICIAN (PCP) ,IN-NETWORK,CO-PAY IN $,20,40,80,15,80,1,5,low,low,RISK,1
0,0,0,1,Bonus,381,No,Owns,2,6,13,8,1,PRIMARY CARE PHYSICIAN (PCP) ,IN-NETWORK,CO-PAY IN $,15,80,20,40,80,1,5,low,low,RISK,1
0,0,0,0,Hourly,2879,Yes,Rents,9,4,5,8,1,PRIMARY CARE PHYSICIAN (PCP) ,IN-NETWORK,CO-PAY IN $,15,20,80,40,80,1,5,low,low,RISK,1
0,1,0,0,Hourly,2246,No,Owns,9,4,8,8,1,PRIMARY CARE PHYSICIAN (PCP) ,IN-NETWORK,CO-PAY IN $,80,20,40,15,80,1,5,low,low,RISK,1
0,1,0,0,Hourly,3337,No,Rents,1,9,4,8,1,PRIMARY CARE PHYSICIAN (PCP) ,IN-NETWORK,CO-PAY IN $,15,80,40,20,80,1,5,low,low,RISK,1
1,0,0,0,Hourly,874,No,Owns,9,7,9,8,1,PRIMARY CARE PHYSICIAN (PCP) ,IN-NETWORK,CO-PAY IN $,15,80,40,20,80,1,5,low,low,RISK,1
0,1,0,0,Hourly,4470,Yes,Owns,0,5,23,8,1,PRIMARY CARE PHYSICIAN (PCP) ,IN-NETWORK,CO-PAY IN $,15,20,80,40,80,1,5,low,low,RISK,1
1,0,1,0,Hourly,3252,Yes,Owns,4,1,9,8,1,PRIMARY CARE PHYSICIAN (PCP) ,IN-NETWORK,CO-PAY IN $,15,80,20,40,80,1,5,low,low,RISK,1
0,1,0,0,Hourly,176,Yes,Rents,3,8,6,8,1,PRIMARY CARE PHYSICIAN (PCP) ,IN-NETWORK,CO-PAY IN $,80,40,20,15,80,1,5,low,low,RISK,1
0,0,1,0,Hourly,3681,Yes,Owns,1,2,1,8,1,PRIMARY CARE PHYSICIAN (PCP) ,IN-NETWORK,CO-PAY IN $,15,20,40,80,80,1,5,low,low,RISK,1
0,1,1,1,Hourly,1019,Yes,Owns,8,10,2,8,1,PRIMARY CARE PHYSICIAN (PCP) ,IN-NETWORK,CO-PAY IN $,20,40,80,15,80,1,5,low,low,RISK,1
0,1,1,0,Bonus,4493,Yes,Owns,10,4,3,8,1,PRIMARY CARE PHYSICIAN (PCP) ,IN-NETWORK,CO-PAY IN $,15,80,40,20,80,1,5,low,low,RISK,1
0,1,1,0,Salaried,1012,Yes,Owns,8,2,25,8,1,PRIMARY CARE PHYSICIAN (PCP) ,IN-NETWORK,CO-PAY IN $,15,80,40,20,80,1,5,low,low,RISK,1
0,0,0,0,Bonus,1248,Yes,Rents,1,10,10,8,1,PRIMARY CARE PHYSICIAN (PCP) ,IN-NETWORK,CO-PAY IN $,15,80,40,20,80,1,5,low,low,RISK,1
0,0,0,0,Salaried,1214,No,Owns,1,7,6,8,1,PRIMARY CARE PHYSICIAN (PCP) ,IN-NETWORK,CO-PAY IN $,15,80,40,20,80,1,5,low,low,RISK,1
1,0,0,0,Salaried,2852,Yes,Rents,1,5,5,8,1,PRIMARY CARE PHYSICIAN (PCP) ,IN-NETWORK,CO-PAY IN $,40,80,20,15,80,1,5,low,low,RISK,1
0,0,0,0,Bonus,1440,Yes,Owns,4,10,8,8,1,PRIMARY CARE PHYSICIAN (PCP) ,IN-NETWORK,CO-PAY IN $,80,15,40,20,80,1,5,low,low,RISK,1
1,0,1,0,Bonus,2951,No,Owns,4,0,4,8,1,PRIMARY CARE PHYSICIAN (PCP) ,IN-NETWORK,CO-PAY IN $,15,40,80,20,80,1,5,low,low,RISK,1
2,1,0,2,Salaried,4377,No,Rents,10,19,27,8,2,PRIMARY CARE PHYSICIAN (PCP) ,IN-NETWORK,CO-PAY IN $,40,80,20,15,80,1,10,low,low,RISK,1
0,1,1,0,Salaried,1919,No,Owns,10,15,31,8,2,PRIMARY CARE PHYSICIAN (PCP) ,IN-NETWORK,CO-PAY IN $,15,40,80,20,80,1,10,low,low,RISK,1
1,1,0,0,Salaried,4671,Yes,Rents,15,12,28,8,2,PRIMARY CARE PHYSICIAN (PCP) ,IN-NETWORK,CO-PAY IN $,40,15,80,20,80,1,10,low,low,RISK,1
2,1,0,0,Bonus,1139,No,Owns,13,16,31,8,2,PRIMARY CARE PHYSICIAN (PCP) ,IN-NETWORK,CO-PAY IN $,80,20,15,40,80,1,10,low,low,RISK,1
1,1,2,1,Bonus,3085,No,Rents,9,12,39,8,2,PRIMARY CARE PHYSICIAN (PCP) ,IN-NETWORK,CO-PAY IN $,20,80,15,40,80,1,10,low,low,RISK,1
0,1,2,0,Salaried,912,Yes,Rents,16,14,30,8,2,PRIMARY CARE PHYSICIAN (PCP) ,IN-NETWORK,CO-PAY IN $,20,80,40,15,80,1,10,low,low,RISK,1
1,0,2,1,Hourly,3561,Yes,Owns,12,13,26,8,2,PRIMARY CARE PHYSICIAN (PCP) ,IN-NETWORK,CO-PAY IN $,40,15,20,80,80,1,10,low,low,RISK,1
1,2,0,0,Hourly,4350,No,Rents,7,16,37,8,2,PRIMARY CARE PHYSICIAN (PCP) ,IN-NETWORK,CO-PAY IN $,80,20,40,15,80,1,10,low,low,RISK,1
2,2,1,2,Salaried,3664,No,Owns,7,16,39,8,2,PRIMARY CARE PHYSICIAN (PCP) ,IN-NETWORK,CO-PAY IN $,20,15,40,80,80,1,10,low,low,RISK,1
0,0,0,1,Bonus,1972,Yes,Owns,17,14,30,8,2,PRIMARY CARE PHYSICIAN (PCP) ,IN-NETWORK,CO-PAY IN $,40,20,15,80,80,1,10,low,low,RISK,1
1,0,2,2,Salaried,1235,Yes,Rents,14,14,34,8,2,PRIMARY CARE PHYSICIAN (PCP) ,IN-NETWORK,CO-PAY IN $,15,80,20,40,80,1,10,low,low,RISK,1
0,2,0,1,Bonus,2294,Yes,Owns,10,19,30,8,2,PRIMARY CARE PHYSICIAN (PCP) ,IN-NETWORK,CO-PAY IN $,40,80,15,20,80,1,10,low,low,RISK,1
0,1,2,0,Salaried,4592,Yes,Rents,16,17,35,8,2,PRIMARY CARE PHYSICIAN (PCP) ,IN-NETWORK,CO-PAY IN $,40,20,80,15,80,1,10,low,low,RISK,1
0,0,1,1,Hourly,2183,Yes,Owns,6,15,48,8,2,PRIMARY CARE PHYSICIAN (PCP) ,IN-NETWORK,CO-PAY IN $,15,40,20,80,80,1,10,low,low,RISK,1
1,1,2,1,Salaried,1622,Yes,Rents,8,12,35,8,2,PRIMARY CARE PHYSICIAN (PCP) ,IN-NETWORK,CO-PAY IN $,20,80,15,40,80,1,10,low,low,RISK,1
1,2,1,2,Salaried,4259,Yes,Rents,6,18,32,8,2,PRIMARY CARE PHYSICIAN (PCP) ,IN-NETWORK,CO-PAY IN $,20,80,15,40,80,1,10,low,low,RISK,1
2,1,1,2,Salaried,4138,No,Owns,17,13,27,8,2,PRIMARY CARE PHYSICIAN (PCP) ,IN-NETWORK,CO-PAY IN $,20,80,15,40,80,1,10,low,low,RISK,1
2,0,1,2,Bonus,2742,No,Owns,17,20,28,8,2,PRIMARY CARE PHYSICIAN (PCP) ,IN-NETWORK,CO-PAY IN $,80,40,15,20,80,1,10,low,low,RISK,1
1,1,0,2,Bonus,4027,Yes,Rents,8,14,29,8,2,PRIMARY CARE PHYSICIAN (PCP) ,IN-NETWORK,CO-PAY IN $,80,40,15,20,80,1,10,low,low,RISK,1
1,1,0,0,Bonus,3643,No,Rents,16,13,50,8,2,PRIMARY CARE PHYSICIAN (PCP) ,IN-NETWORK,CO-PAY IN $,15,20,80,40,80,1,10,low,low,RISK,1
1,0,2,0,Salaried,1855,No,Rents,17,20,35,8,2,PRIMARY CARE PHYSICIAN (PCP) ,IN-NETWORK,CO-PAY IN $,15,80,20,40,80,1,10,low,low,RISK,1
1,2,0,1,Bonus,4199,No,Owns,14,17,32,8,2,PRIMARY CARE PHYSICIAN (PCP) ,IN-NETWORK,CO-PAY IN $,80,20,40,15,80,1,10,low,low,RISK,1
1,1,1,1,Salaried,2175,No,Owns,16,20,34,8,2,PRIMARY CARE PHYSICIAN (PCP) ,IN-NETWORK,CO-PAY IN $,20,15,40,80,80,1,10,low,low,RISK,1
1,1,0,0,Bonus,2804,No,Owns,11,11,30,8,2,PRIMARY CARE PHYSICIAN (PCP) ,IN-NETWORK,CO-PAY IN $,40,80,15,20,80,1,10,low,low,RISK,1
2,1,2,1,Bonus,2793,Yes,Owns,17,19,27,8,2,PRIMARY CARE PHYSICIAN (PCP) ,IN-NETWORK,CO-PAY IN $,15,40,80,20,80,1,10,low,low,RISK,1
2,0,2,0,Salaried,1366,No,Owns,14,15,31,8,2,PRIMARY CARE PHYSICIAN (PCP) ,IN-NETWORK,CO-PAY IN $,40,20,15,80,80,1,10,low,low,RISK,1
0,1,1,2,Salaried,3990,No,Rents,13,12,28,8,2,PRIMARY CARE PHYSICIAN (PCP) ,IN-NETWORK,CO-PAY IN $,80,20,40,15,80,1,10,low,low,RISK,1
0,1,1,0,Salaried,1625,No,Owns,16,16,31,8,2,PRIMARY CARE PHYSICIAN (PCP) ,IN-NETWORK,CO-PAY IN $,40,80,20,15,80,1,10,low,low,RISK,1
1,2,0,0,Hourly,1178,No,Owns,5,12,39,8,2,PRIMARY CARE PHYSICIAN (PCP) ,IN-NETWORK,CO-PAY IN $,80,20,40,15,80,1,10,low,low,RISK,1
1,1,0,0,Hourly,2665,No,Rents,8,14,30,8,2,PRIMARY CARE PHYSICIAN (PCP) ,IN-NETWORK,CO-PAY IN $,20,80,40,15,80,1,10,low,low,RISK,1
1,1,2,0,Hourly,4144,No,Owns,9,13,26,8,2,PRIMARY CARE PHYSICIAN (PCP) ,IN-NETWORK,CO-PAY IN $,15,40,20,80,80,1,10,low,low,RISK,1
1,1,2,0,Hourly,2547,Yes,Owns,14,16,37,8,2,PRIMARY CARE PHYSICIAN (PCP) ,IN-NETWORK,CO-PAY IN $,20,40,15,80,80,1,10,low,low,RISK,1
1,1,1,0,Hourly,152,Yes,Owns,15,16,39,8,2,PRIMARY CARE PHYSICIAN (PCP) ,IN-NETWORK,CO-PAY IN $,20,15,40,80,80,1,10,low,low,RISK,1
0,0,0,0,Bonus,2909,Yes,Rents,9,14,30,8,2,PRIMARY CARE PHYSICIAN (PCP) ,IN-NETWORK,CO-PAY IN $,20,40,15,80,80,1,10,low,low,RISK,1
2,2,1,1,Bonus,2404,Yes,Owns,11,14,34,8,2,PRIMARY CARE PHYSICIAN (PCP) ,IN-NETWORK,CO-PAY IN $,40,15,20,80,80,1,10,low,low,RISK,1
2,0,1,2,Bonus,144,Yes,Owns,10,19,30,8,2,PRIMARY CARE PHYSICIAN (PCP) ,IN-NETWORK,CO-PAY IN $,20,40,15,80,80,1,10,low,low,RISK,1
2,0,1,0,Hourly,2250,No,Owns,11,17,35,8,2,PRIMARY CARE PHYSICIAN (PCP) ,IN-NETWORK,CO-PAY IN $,80,20,40,15,80,1,10,low,low,RISK,1
2,0,0,0,Hourly,4826,No,Owns,10,15,48,8,2,PRIMARY CARE PHYSICIAN (PCP) ,IN-NETWORK,CO-PAY IN $,20,80,15,40,80,1,10,low,low,RISK,1
1,1,0,0,Salaried,792,No,Owns,12,12,35,8,2,PRIMARY CARE PHYSICIAN (PCP) ,IN-NETWORK,CO-PAY IN $,40,20,15,80,80,1,10,low,low,RISK,1
0,2,0,1,Hourly,3429,No,Rents,15,18,32,8,2,PRIMARY CARE PHYSICIAN (PCP) ,IN-NETWORK,CO-PAY IN $,40,80,15,20,80,1,10,low,low,RISK,1
0,2,0,1,Hourly,1596,Yes,Owns,11,13,27,8,2,PRIMARY CARE PHYSICIAN (PCP) ,IN-NETWORK,CO-PAY IN $,20,80,15,40,80,1,10,low,low,RISK,1
1,1,2,0,Salaried,83,Yes,Owns,7,20,28,8,2,PRIMARY CARE PHYSICIAN (PCP) ,IN-NETWORK,CO-PAY IN $,40,20,15,80,80,1,10,low,low,RISK,1
1,1,0,1,Bonus,861,No,Owns,15,13,50,8,2,PRIMARY CARE PHYSICIAN (PCP) ,IN-NETWORK,CO-PAY IN $,15,80,20,40,80,1,10,low,low,RISK,1
0,2,2,2,Salaried,2240,Yes,Rents,15,20,35,8,2,PRIMARY CARE PHYSICIAN (PCP) ,IN-NETWORK,CO-PAY IN $,80,15,40,20,80,1,10,low,low,RISK,1
1,0,0,0,Hourly,2384,No,Rents,6,17,32,8,2,PRIMARY CARE PHYSICIAN (PCP) ,IN-NETWORK,CO-PAY IN $,40,80,20,15,80,1,10,low,low,RISK,1
0,0,0,0,Bonus,2363,Yes,Rents,12,16,31,8,2,PRIMARY CARE PHYSICIAN (PCP) ,IN-NETWORK,CO-PAY IN $,80,40,15,20,80,1,10,low,low,RISK,1
1,1,2,0,Salaried,4539,No,Owns,10,20,34,8,2,PRIMARY CARE PHYSICIAN (PCP) ,IN-NETWORK,CO-PAY IN $,80,40,15,20,80,1,10,low,low,RISK,1
1,1,0,0,Bonus,489,No,Rents,9,11,30,8,2,PRIMARY CARE PHYSICIAN (PCP) ,IN-NETWORK,CO-PAY IN $,20,80,15,40,80,1,10,low,low,RISK,1
1,2,0,2,Bonus,4623,Yes,Owns,7,19,27,8,2,PRIMARY CARE PHYSICIAN (PCP) ,IN-NETWORK,CO-PAY IN $,40,15,20,80,80,1,10,low,low,RISK,1
1,0,0,0,Salaried,153,Yes,Owns,5,15,31,8,2,PRIMARY CARE PHYSICIAN (PCP) ,IN-NETWORK,CO-PAY IN $,80,40,15,20,80,1,10,low,low,RISK,1
0,2,2,1,Salaried,3954,No,Owns,6,12,28,8,2,PRIMARY CARE PHYSICIAN (PCP) ,IN-NETWORK,CO-PAY IN $,20,80,15,40,80,1,10,low,low,RISK,1
0,1,0,0,Salaried,4742,No,Rents,5,16,31,8,2,PRIMARY CARE PHYSICIAN (PCP) ,IN-NETWORK,CO-PAY IN $,15,20,80,40,80,1,10,low,low,RISK,1
0,0,0,1,Hourly,3289,No,Rents,15,12,39,8,2,PRIMARY CARE PHYSICIAN (PCP) ,IN-NETWORK,CO-PAY IN $,80,40,20,15,80,1,10,low,low,RISK,1
0,0,1,1,Bonus,3409,Yes,Rents,13,14,30,8,2,PRIMARY CARE PHYSICIAN (PCP) ,IN-NETWORK,CO-PAY IN $,15,20,40,80,80,1,10,low,low,RISK,1
0,0,2,1,Bonus,3179,No,Rents,8,13,26,8,2,PRIMARY CARE PHYSICIAN (PCP) ,IN-NETWORK,CO-PAY IN $,15,40,20,80,80,1,10,low,low,RISK,1
0,0,0,1,Bonus,4271,No,Rents,9,16,37,8,2,PRIMARY CARE PHYSICIAN (PCP) ,IN-NETWORK,CO-PAY IN $,20,40,80,15,80,1,10,low,low,RISK,1
0,0,0,0,Hourly,4605,Yes,Rents,10,16,39,8,2,PRIMARY CARE PHYSICIAN (PCP) ,IN-NETWORK,CO-PAY IN $,15,20,40,80,80,1,10,low,low,RISK,1
0,2,2,2,Salaried,3042,Yes,Rents,6,14,30,8,2,PRIMARY CARE PHYSICIAN (PCP) ,IN-NETWORK,CO-PAY IN $,15,20,80,40,80,1,10,low,low,RISK,1
0,2,2,0,Hourly,170,No,Rents,16,14,34,8,2,PRIMARY CARE PHYSICIAN (PCP) ,IN-NETWORK,CO-PAY IN $,15,80,40,20,80,1,10,low,low,RISK,1
0,1,0,2,Salaried,2062,No,Rents,7,19,30,8,2,PRIMARY CARE PHYSICIAN (PCP) ,IN-NETWORK,CO-PAY IN $,40,20,80,15,80,1,10,low,low,RISK,1
1,1,2,2,Bonus,1962,No,Rents,5,17,35,8,2,PRIMARY CARE PHYSICIAN (PCP) ,IN-NETWORK,CO-PAY IN $,15,80,40,20,80,1,10,low,low,RISK,1
0,0,0,0,Bonus,1006,No,Owns,11,15,48,8,2,PRIMARY CARE PHYSICIAN (PCP) ,IN-NETWORK,CO-PAY IN $,20,15,40,80,80,1,10,low,low,RISK,1
0,2,1,2,Salaried,4555,No,Rents,8,12,35,8,2,PRIMARY CARE PHYSICIAN (PCP) ,IN-NETWORK,CO-PAY IN $,40,80,20,15,80,1,10,low,low,RISK,1
2,1,1,0,Bonus,458,No,Rents,10,18,32,8,2,PRIMARY CARE PHYSICIAN (PCP) ,IN-NETWORK,CO-PAY IN $,40,15,20,80,80,1,10,low,low,RISK,1
2,0,2,1,Hourly,1593,No,Owns,5,13,27,8,2,PRIMARY CARE PHYSICIAN (PCP) ,IN-NETWORK,CO-PAY IN $,20,40,80,15,80,1,10,low,low,RISK,1
0,2,0,1,Hourly,4519,Yes,Owns,11,20,28,8,2,PRIMARY CARE PHYSICIAN (PCP) ,IN-NETWORK,CO-PAY IN $,80,40,20,15,80,1,10,low,low,RISK,1
0,1,0,0,Bonus,2639,No,Rents,5,14,29,8,2,PRIMARY CARE PHYSICIAN (PCP) ,IN-NETWORK,CO-PAY IN $,40,20,15,80,80,1,10,low,low,RISK,1
0,0,2,1,Hourly,2563,Yes,Rents,15,13,50,8,2,PRIMARY CARE PHYSICIAN (PCP) ,IN-NETWORK,CO-PAY IN $,40,15,80,20,80,1,10,low,low,RISK,1
0,1,2,1,Bonus,2810,Yes,Owns,15,20,35,8,2,PRIMARY CARE PHYSICIAN (PCP) ,IN-NETWORK,CO-PAY IN $,40,20,80,15,80,1,10,low,low,RISK,1
1,1,0,1,Hourly,2954,Yes,Owns,18,17,32,8,2,PRIMARY CARE PHYSICIAN (PCP) ,IN-NETWORK,CO-PAY IN $,15,40,80,20,80,1,10,low,low,RISK,1
1,0,2,0,Hourly,2299,Yes,Owns,13,16,31,8,2,PRIMARY CARE PHYSICIAN (PCP) ,IN-NETWORK,CO-PAY IN $,20,15,80,40,80,1,10,low,low,RISK,1
0,0,1,2,Hourly,1155,No,Rents,6,20,34,8,2,PRIMARY CARE PHYSICIAN (PCP) ,IN-NETWORK,CO-PAY IN $,80,20,15,40,80,1,10,low,low,RISK,1
1,0,2,0,Bonus,1856,Yes,Rents,14,11,30,8,2,PRIMARY CARE PHYSICIAN (PCP) ,IN-NETWORK,CO-PAY IN $,15,80,20,40,80,1,10,low,low,RISK,1
2,1,1,0,Salaried,3352,Yes,Rents,6,19,27,8,2,PRIMARY CARE PHYSICIAN (PCP) ,IN-NETWORK,CO-PAY IN $,15,80,40,20,80,1,10,low,low,RISK,1
2,0,0,1,Hourly,3735,Yes,Owns,15,15,31,8,2,PRIMARY CARE PHYSICIAN (PCP) ,IN-NETWORK,CO-PAY IN $,15,80,40,20,80,1,10,low,low,RISK,1
2,1,0,2,Salaried,1125,Yes,Rents,6,12,28,8,2,PRIMARY CARE PHYSICIAN (PCP) ,IN-NETWORK,CO-PAY IN $,80,40,15,20,80,1,10,low,low,RISK,1
2,0,1,0,Bonus,4695,No,Owns,5,16,31,8,2,PRIMARY CARE PHYSICIAN (PCP) ,IN-NETWORK,CO-PAY IN $,40,80,15,20,80,1,10,low,low,RISK,1
1,1,1,1,Salaried,1210,No,Rents,17,12,39,8,2,PRIMARY CARE PHYSICIAN (PCP) ,IN-NETWORK,CO-PAY IN $,40,15,20,80,80,1,10,low,low,RISK,1
1,2,1,0,Bonus,3149,No,Owns,6,14,30,8,2,PRIMARY CARE PHYSICIAN (PCP) ,IN-NETWORK,CO-PAY IN $,80,20,15,40,80,1,10,low,low,RISK,1
1,1,1,1,Bonus,3757,No,Rents,6,13,26,8,2,PRIMARY CARE PHYSICIAN (PCP) ,IN-NETWORK,CO-PAY IN $,15,20,40,80,80,1,10,low,low,RISK,1
1,0,2,1,Salaried,4038,Yes,Rents,12,16,37,8,2,PRIMARY CARE PHYSICIAN (PCP) ,IN-NETWORK,CO-PAY IN $,20,15,80,40,80,1,10,low,low,RISK,1
0,0,0,2,Bonus,381,No,Owns,8,16,39,8,2,PRIMARY CARE PHYSICIAN (PCP) ,IN-NETWORK,CO-PAY IN $,20,80,15,40,80,1,10,low,low,RISK,1
0,0,1,1,Hourly,2879,Yes,Rents,16,14,30,8,2,PRIMARY CARE PHYSICIAN (PCP) ,IN-NETWORK,CO-PAY IN $,15,80,40,20,80,1,10,low,low,RISK,1
1,2,0,0,Hourly,2246,No,Owns,17,14,34,8,2,PRIMARY CARE PHYSICIAN (PCP) ,IN-NETWORK,CO-PAY IN $,80,15,20,40,80,1,10,low,low,RISK,1
0,2,1,0,Hourly,3337,No,Rents,7,19,30,8,2,PRIMARY CARE PHYSICIAN (PCP) ,IN-NETWORK,CO-PAY IN $,80,40,15,20,80,1,10,low,low,RISK,1
1,1,1,1,Hourly,874,No,Owns,17,17,35,8,2,PRIMARY CARE PHYSICIAN (PCP) ,IN-NETWORK,CO-PAY IN $,15,20,40,80,80,1,10,low,low,RISK,1
0,1,0,0,Hourly,4470,Yes,Owns,6,15,48,8,2,PRIMARY CARE PHYSICIAN (PCP) ,IN-NETWORK,CO-PAY IN $,15,20,40,80,80,1,10,low,low,RISK,1
2,0,1,1,Hourly,3252,Yes,Owns,10,12,35,8,2,PRIMARY CARE PHYSICIAN (PCP) ,IN-NETWORK,CO-PAY IN $,80,15,20,40,80,1,10,low,low,RISK,1
0,2,0,1,Hourly,176,Yes,Rents,9,18,32,8,2,PRIMARY CARE PHYSICIAN (PCP) ,IN-NETWORK,CO-PAY IN $,80,20,40,15,80,1,10,low,low,RISK,1
1,0,2,0,Hourly,3681,Yes,Owns,6,13,27,8,2,PRIMARY CARE PHYSICIAN (PCP) ,IN-NETWORK,CO-PAY IN $,15,20,40,80,80,1,10,low,low,RISK,1
1,2,1,2,Hourly,1019,Yes,Owns,15,20,28,8,2,PRIMARY CARE PHYSICIAN (PCP) ,IN-NETWORK,CO-PAY IN $,80,15,40,20,80,1,10,low,low,RISK,1
1,2,1,1,Bonus,4493,Yes,Owns,18,14,29,8,2,PRIMARY CARE PHYSICIAN (PCP) ,IN-NETWORK,CO-PAY IN $,20,15,80,40,80,1,10,low,low,RISK,1
1,2,2,0,Salaried,1012,Yes,Owns,15,13,50,8,2,PRIMARY CARE PHYSICIAN (PCP) ,IN-NETWORK,CO-PAY IN $,15,20,40,80,80,1,10,low,low,RISK,1
0,0,1,1,Bonus,1248,Yes,Rents,7,20,35,8,2,PRIMARY CARE PHYSICIAN (PCP) ,IN-NETWORK,CO-PAY IN $,20,40,80,15,80,1,10,low,low,RISK,1
0,0,1,0,Salaried,1214,No,Owns,6,17,32,8,2,PRIMARY CARE PHYSICIAN (PCP) ,IN-NETWORK,CO-PAY IN $,80,15,20,40,80,1,10,low,low,RISK,1
1,0,1,0,Salaried,2852,Yes,Rents,6,16,31,8,2,PRIMARY CARE PHYSICIAN (PCP) ,IN-NETWORK,CO-PAY IN $,15,80,20,40,80,1,10,low,low,RISK,1
1,0,0,0,Bonus,1440,Yes,Owns,10,20,34,8,2,PRIMARY CARE PHYSICIAN (PCP) ,IN-NETWORK,CO-PAY IN $,20,40,80,15,80,1,10,low,low,RISK,1
1,0,1,0,Bonus,2951,No,Owns,11,11,30,8,2,PRIMARY CARE PHYSICIAN (PCP) ,IN-NETWORK,CO-PAY IN $,40,80,20,15,80,1,10,low,low,RISK,1
3,2,1,3,Salaried,4377,No,Rents,24,48,52,8,3,PRIMARY CARE PHYSICIAN (PCP) ,IN-NETWORK,CO-PAY IN $,40,20,15,80,40,2,20,low,low,RISK,1
1,1,2,1,Salaried,1919,No,Owns,25,33,56,8,3,PRIMARY CARE PHYSICIAN (PCP) ,IN-NETWORK,CO-PAY IN $,15,40,80,20,40,2,20,low,low,RISK,1
2,2,1,1,Salaried,4671,Yes,Rents,33,23,53,8,3,PRIMARY CARE PHYSICIAN (PCP) ,IN-NETWORK,CO-PAY IN $,80,40,15,20,40,2,20,low,low,RISK,1
3,2,1,1,Bonus,1139,No,Owns,29,38,56,8,3,PRIMARY CARE PHYSICIAN (PCP) ,IN-NETWORK,CO-PAY IN $,20,80,15,40,40,2,20,low,low,RISK,1
1,2,3,2,Bonus,3085,No,Rents,23,24,64,8,3,PRIMARY CARE PHYSICIAN (PCP) ,IN-NETWORK,CO-PAY IN $,20,80,40,15,40,2,20,low,low,RISK,1
1,2,3,1,Salaried,912,Yes,Rents,37,29,55,8,3,PRIMARY CARE PHYSICIAN (PCP) ,IN-NETWORK,CO-PAY IN $,80,20,40,15,40,2,20,low,low,RISK,1
2,1,3,2,Hourly,3561,Yes,Owns,28,26,51,8,3,PRIMARY CARE PHYSICIAN (PCP) ,IN-NETWORK,CO-PAY IN $,15,80,20,40,40,2,20,low,low,RISK,1
2,3,1,1,Hourly,4350,No,Rents,19,36,62,8,3,PRIMARY CARE PHYSICIAN (PCP) ,IN-NETWORK,CO-PAY IN $,80,20,40,15,40,2,20,low,low,RISK,1
3,3,2,3,Salaried,3664,No,Owns,18,38,64,8,3,PRIMARY CARE PHYSICIAN (PCP) ,IN-NETWORK,CO-PAY IN $,15,20,80,40,40,2,20,low,low,RISK,1
1,1,1,1,Bonus,1972,Yes,Owns,38,31,55,8,3,PRIMARY CARE PHYSICIAN (PCP) ,IN-NETWORK,CO-PAY IN $,15,80,40,20,40,2,20,low,low,RISK,1
1,1,3,3,Salaried,1235,Yes,Rents,32,31,59,8,3,PRIMARY CARE PHYSICIAN (PCP) ,IN-NETWORK,CO-PAY IN $,80,20,40,15,40,2,20,low,low,RISK,1
1,3,1,2,Bonus,2294,Yes,Owns,25,47,55,8,3,PRIMARY CARE PHYSICIAN (PCP) ,IN-NETWORK,CO-PAY IN $,15,40,80,20,40,2,20,low,low,RISK,1
1,2,3,1,Salaried,4592,Yes,Rents,37,41,60,8,3,PRIMARY CARE PHYSICIAN (PCP) ,IN-NETWORK,CO-PAY IN $,20,80,15,40,40,2,20,low,low,RISK,1
1,1,1,2,Hourly,2183,Yes,Owns,16,35,73,8,3,PRIMARY CARE PHYSICIAN (PCP) ,IN-NETWORK,CO-PAY IN $,40,80,15,20,40,2,20,low,low,RISK,1
2,2,3,2,Salaried,1622,Yes,Rents,21,24,60,8,3,PRIMARY CARE PHYSICIAN (PCP) ,IN-NETWORK,CO-PAY IN $,20,80,40,15,40,2,20,low,low,RISK,1
2,3,1,3,Salaried,4259,Yes,Rents,17,43,57,8,3,PRIMARY CARE PHYSICIAN (PCP) ,IN-NETWORK,CO-PAY IN $,80,20,40,15,40,2,20,low,low,RISK,1
3,2,2,3,Salaried,4138,No,Owns,37,25,52,8,3,PRIMARY CARE PHYSICIAN (PCP) ,IN-NETWORK,CO-PAY IN $,15,40,80,20,40,2,20,low,low,RISK,1
3,1,2,3,Bonus,2742,No,Owns,39,50,53,8,3,PRIMARY CARE PHYSICIAN (PCP) ,IN-NETWORK,CO-PAY IN $,20,40,15,80,40,2,20,low,low,RISK,1
1,1,1,3,Bonus,4027,Yes,Rents,21,31,54,8,3,PRIMARY CARE PHYSICIAN (PCP) ,IN-NETWORK,CO-PAY IN $,15,80,20,40,40,2,20,low,low,RISK,1
2,2,1,1,Bonus,3643,No,Rents,35,26,75,8,3,PRIMARY CARE PHYSICIAN (PCP) ,IN-NETWORK,CO-PAY IN $,80,20,40,15,40,2,20,low,low,RISK,1
2,1,3,1,Salaried,1855,No,Rents,39,49,60,8,3,PRIMARY CARE PHYSICIAN (PCP) ,IN-NETWORK,CO-PAY IN $,20,80,15,40,40,2,20,low,low,RISK,1
1,3,1,1,Bonus,4199,No,Owns,33,40,57,8,3,PRIMARY CARE PHYSICIAN (PCP) ,IN-NETWORK,CO-PAY IN $,15,40,80,20,40,2,20,low,low,RISK,1
1,3,2,1,Salaried,358,No,Rents,28,36,56,8,3,PRIMARY CARE PHYSICIAN (PCP) ,IN-NETWORK,CO-PAY IN $,80,15,40,20,40,2,20,low,low,RISK,1
2,2,2,1,Salaried,2175,No,Owns,35,49,59,8,3,PRIMARY CARE PHYSICIAN (PCP) ,IN-NETWORK,CO-PAY IN $,15,80,20,40,40,2,20,low,low,RISK,1
2,2,1,1,Bonus,2804,No,Owns,26,20,55,8,3,PRIMARY CARE PHYSICIAN (PCP) ,IN-NETWORK,CO-PAY IN $,20,15,40,80,40,2,20,low,low,RISK,1
3,3,3,2,Bonus,2793,Yes,Owns,39,48,52,8,3,PRIMARY CARE PHYSICIAN (PCP) ,IN-NETWORK,CO-PAY IN $,40,15,80,20,40,2,20,low,low,RISK,1
3,1,3,1,Salaried,1366,No,Owns,32,33,56,8,3,PRIMARY CARE PHYSICIAN (PCP) ,IN-NETWORK,CO-PAY IN $,15,20,80,40,40,2,20,low,low,RISK,1
1,2,2,3,Salaried,3990,No,Rents,30,23,53,8,3,PRIMARY CARE PHYSICIAN (PCP) ,IN-NETWORK,CO-PAY IN $,40,80,20,15,40,2,20,low,low,RISK,1
1,2,2,1,Salaried,1625,No,Owns,36,38,56,8,3,PRIMARY CARE PHYSICIAN (PCP) ,IN-NETWORK,CO-PAY IN $,15,80,40,20,40,2,20,low,low,RISK,1
2,3,1,1,Hourly,1178,No,Owns,15,24,64,8,3,PRIMARY CARE PHYSICIAN (PCP) ,IN-NETWORK,CO-PAY IN $,80,15,40,20,40,2,20,low,low,RISK,1
2,1,1,1,Hourly,2665,No,Rents,20,29,55,8,3,PRIMARY CARE PHYSICIAN (PCP) ,IN-NETWORK,CO-PAY IN $,20,15,40,80,40,2,20,low,low,RISK,1
2,3,3,1,Hourly,4144,No,Owns,23,26,51,8,3,PRIMARY CARE PHYSICIAN (PCP) ,IN-NETWORK,CO-PAY IN $,20,15,80,40,40,2,20,low,low,RISK,1
2,2,3,1,Hourly,2547,Yes,Owns,32,36,62,8,3,PRIMARY CARE PHYSICIAN (PCP) ,IN-NETWORK,CO-PAY IN $,40,15,20,80,40,2,20,low,low,RISK,1
2,1,2,1,Hourly,152,Yes,Owns,34,38,64,8,3,PRIMARY CARE PHYSICIAN (PCP) ,IN-NETWORK,CO-PAY IN $,20,80,15,40,40,2,20,low,low,RISK,1
1,1,1,1,Bonus,2909,Yes,Rents,23,31,55,8,3,PRIMARY CARE PHYSICIAN (PCP) ,IN-NETWORK,CO-PAY IN $,20,80,15,40,40,2,20,low,low,RISK,1
3,3,2,2,Bonus,2404,Yes,Owns,27,31,59,8,3,PRIMARY CARE PHYSICIAN (PCP) ,IN-NETWORK,CO-PAY IN $,15,40,20,80,40,2,20,low,low,RISK,1
3,1,2,3,Bonus,144,Yes,Owns,24,47,55,8,3,PRIMARY CARE PHYSICIAN (PCP) ,IN-NETWORK,CO-PAY IN $,20,80,15,40,40,2,20,low,low,RISK,1
3,1,2,1,Hourly,2250,No,Owns,26,41,60,8,3,PRIMARY CARE PHYSICIAN (PCP) ,IN-NETWORK,CO-PAY IN $,20,40,15,80,40,2,20,low,low,RISK,1
3,1,1,1,Hourly,4826,No,Owns,25,35,73,8,3,PRIMARY CARE PHYSICIAN (PCP) ,IN-NETWORK,CO-PAY IN $,80,40,20,15,40,2,20,low,low,RISK,1
2,2,1,1,Salaried,792,No,Owns,28,24,60,8,3,PRIMARY CARE PHYSICIAN (PCP) ,IN-NETWORK,CO-PAY IN $,40,15,20,80,40,2,20,low,low,RISK,1
1,3,1,2,Hourly,3429,No,Rents,34,43,57,8,3,PRIMARY CARE PHYSICIAN (PCP) ,IN-NETWORK,CO-PAY IN $,20,40,15,80,40,2,20,low,low,RISK,1
1,3,1,2,Hourly,1596,Yes,Owns,27,25,52,8,3,PRIMARY CARE PHYSICIAN (PCP) ,IN-NETWORK,CO-PAY IN $,40,20,15,80,40,2,20,low,low,RISK,1
2,3,3,1,Salaried,83,Yes,Owns,19,50,53,8,3,PRIMARY CARE PHYSICIAN (PCP) ,IN-NETWORK,CO-PAY IN $,15,40,20,80,40,2,20,low,low,RISK,1
2,3,1,3,Salaried,3601,No,Owns,17,31,54,8,3,PRIMARY CARE PHYSICIAN (PCP) ,IN-NETWORK,CO-PAY IN $,40,15,20,80,40,2,20,low,low,RISK,1
2,2,1,2,Bonus,861,No,Owns,34,26,75,8,3,PRIMARY CARE PHYSICIAN (PCP) ,IN-NETWORK,CO-PAY IN $,80,40,15,20,40,2,20,low,low,RISK,1
1,3,3,3,Salaried,2240,Yes,Rents,35,49,60,8,3,PRIMARY CARE PHYSICIAN (PCP) ,IN-NETWORK,CO-PAY IN $,15,40,20,80,40,2,20,low,low,RISK,1
1,1,1,1,Hourly,2384,No,Rents,17,40,57,8,3,PRIMARY CARE PHYSICIAN (PCP) ,IN-NETWORK,CO-PAY IN $,40,80,20,15,40,2,20,low,low,RISK,1
1,1,1,1,Bonus,2363,Yes,Rents,29,36,56,8,3,PRIMARY CARE PHYSICIAN (PCP) ,IN-NETWORK,CO-PAY IN $,80,20,40,15,40,2,20,low,low,RISK,1
2,1,3,1,Salaried,4539,No,Owns,24,49,59,8,3,PRIMARY CARE PHYSICIAN (PCP) ,IN-NETWORK,CO-PAY IN $,80,20,15,40,40,2,20,low,low,RISK,1
2,1,1,1,Bonus,489,No,Rents,23,20,55,8,3,PRIMARY CARE PHYSICIAN (PCP) ,IN-NETWORK,CO-PAY IN $,80,40,15,20,40,2,20,low,low,RISK,1
2,3,1,3,Bonus,4623,Yes,Owns,19,48,52,8,3,PRIMARY CARE PHYSICIAN (PCP) ,IN-NETWORK,CO-PAY IN $,15,40,80,20,40,2,20,low,low,RISK,1
2,1,1,1,Salaried,153,Yes,Owns,15,33,56,8,3,PRIMARY CARE PHYSICIAN (PCP) ,IN-NETWORK,CO-PAY IN $,80,20,15,40,40,2,20,low,low,RISK,1
1,3,3,2,Salaried,3954,No,Owns,17,23,53,8,3,PRIMARY CARE PHYSICIAN (PCP) ,IN-NETWORK,CO-PAY IN $,80,40,20,15,40,2,20,low,low,RISK,1
1,2,1,1,Salaried,4742,No,Rents,15,38,56,8,3,PRIMARY CARE PHYSICIAN (PCP) ,IN-NETWORK,CO-PAY IN $,20,80,15,40,40,2,20,low,low,RISK,1
1,1,1,2,Hourly,3289,No,Rents,35,24,64,8,3,PRIMARY CARE PHYSICIAN (PCP) ,IN-NETWORK,CO-PAY IN $,15,80,40,20,40,2,20,low,low,RISK,1
1,1,2,2,Bonus,3409,Yes,Rents,30,29,55,8,3,PRIMARY CARE PHYSICIAN (PCP) ,IN-NETWORK,CO-PAY IN $,80,20,15,40,40,2,20,low,low,RISK,1
1,1,3,2,Bonus,3179,No,Rents,21,26,51,8,3,PRIMARY CARE PHYSICIAN (PCP) ,IN-NETWORK,CO-PAY IN $,15,80,20,40,40,2,20,low,low,RISK,1
1,1,1,2,Bonus,4271,No,Rents,22,36,62,8,3,PRIMARY CARE PHYSICIAN (PCP) ,IN-NETWORK,CO-PAY IN $,15,40,80,20,40,2,20,low,low,RISK,1
1,3,3,3,Salaried,3042,Yes,Rents,16,31,55,8,3,PRIMARY CARE PHYSICIAN (PCP) ,IN-NETWORK,CO-PAY IN $,40,20,15,80,40,2,20,low,low,RISK,1
1,3,3,1,Hourly,170,No,Rents,37,31,59,8,3,PRIMARY CARE PHYSICIAN (PCP) ,IN-NETWORK,CO-PAY IN $,20,15,40,80,40,2,20,low,low,RISK,1
1,1,1,3,Salaried,2062,No,Rents,20,47,55,8,3,PRIMARY CARE PHYSICIAN (PCP) ,IN-NETWORK,CO-PAY IN $,40,80,15,20,40,2,20,low,low,RISK,1
2,2,3,3,Bonus,1962,No,Rents,15,41,60,8,3,PRIMARY CARE PHYSICIAN (PCP) ,IN-NETWORK,CO-PAY IN $,20,40,80,15,40,2,20,low,low,RISK,1
1,1,1,1,Bonus,1006,No,Owns,27,35,73,8,3,PRIMARY CARE PHYSICIAN (PCP) ,IN-NETWORK,CO-PAY IN $,15,40,80,20,40,2,20,low,low,RISK,1
1,3,2,3,Salaried,4555,No,Rents,20,24,60,8,3,PRIMARY CARE PHYSICIAN (PCP) ,IN-NETWORK,CO-PAY IN $,40,80,15,20,40,2,20,low,low,RISK,1
3,1,2,1,Bonus,458,No,Rents,25,43,57,8,3,PRIMARY CARE PHYSICIAN (PCP) ,IN-NETWORK,CO-PAY IN $,15,20,80,40,40,2,20,low,low,RISK,1
3,1,3,1,Hourly,1593,No,Owns,16,25,52,8,3,PRIMARY CARE PHYSICIAN (PCP) ,IN-NETWORK,CO-PAY IN $,20,80,40,15,40,2,20,low,low,RISK,1
1,3,1,2,Hourly,4519,Yes,Owns,26,50,53,8,3,PRIMARY CARE PHYSICIAN (PCP) ,IN-NETWORK,CO-PAY IN $,15,80,20,40,40,2,20,low,low,RISK,1
1,2,1,1,Bonus,2639,No,Rents,16,31,54,8,3,PRIMARY CARE PHYSICIAN (PCP) ,IN-NETWORK,CO-PAY IN $,15,20,80,40,40,2,20,low,low,RISK,1
1,1,3,1,Hourly,2563,Yes,Rents,35,26,75,8,3,PRIMARY CARE PHYSICIAN (PCP) ,IN-NETWORK,CO-PAY IN $,20,80,40,15,40,2,20,low,low,RISK,1
1,2,3,2,Bonus,2810,Yes,Owns,35,49,60,8,3,PRIMARY CARE PHYSICIAN (PCP) ,IN-NETWORK,CO-PAY IN $,40,20,15,80,40,2,20,low,low,RISK,1
2,2,1,2,Hourly,2954,Yes,Owns,39,40,57,8,3,PRIMARY CARE PHYSICIAN (PCP) ,IN-NETWORK,CO-PAY IN $,20,40,15,80,40,2,20,low,low,RISK,1
2,1,3,1,Hourly,2299,Yes,Owns,31,36,56,8,3,PRIMARY CARE PHYSICIAN (PCP) ,IN-NETWORK,CO-PAY IN $,20,40,15,80,40,2,20,low,low,RISK,1
1,1,2,3,Hourly,1155,No,Rents,16,49,59,8,3,PRIMARY CARE PHYSICIAN (PCP) ,IN-NETWORK,CO-PAY IN $,40,80,20,15,40,2,20,low,low,RISK,1
2,1,3,1,Bonus,1856,Yes,Rents,31,20,55,8,3,PRIMARY CARE PHYSICIAN (PCP) ,IN-NETWORK,CO-PAY IN $,40,20,15,80,40,2,20,low,low,RISK,1
3,2,2,1,Salaried,3352,Yes,Rents,18,48,52,8,3,PRIMARY CARE PHYSICIAN (PCP) ,IN-NETWORK,CO-PAY IN $,40,80,15,20,40,2,20,low,low,RISK,1
3,1,1,2,Hourly,3735,Yes,Owns,34,33,56,8,3,PRIMARY CARE PHYSICIAN (PCP) ,IN-NETWORK,CO-PAY IN $,40,15,20,80,40,2,20,low,low,RISK,1
3,2,1,3,Salaried,1125,Yes,Rents,18,23,53,8,3,PRIMARY CARE PHYSICIAN (PCP) ,IN-NETWORK,CO-PAY IN $,40,15,20,80,40,2,20,low,low,RISK,1
3,1,2,1,Bonus,4695,No,Owns,15,38,56,8,3,PRIMARY CARE PHYSICIAN (PCP) ,IN-NETWORK,CO-PAY IN $,20,80,40,15,40,2,20,low,low,RISK,1
2,2,2,2,Salaried,1210,No,Rents,38,24,64,8,3,PRIMARY CARE PHYSICIAN (PCP) ,IN-NETWORK,CO-PAY IN $,20,40,15,80,40,2,20,low,low,RISK,1
2,3,2,1,Bonus,3149,No,Owns,17,29,55,8,3,PRIMARY CARE PHYSICIAN (PCP) ,IN-NETWORK,CO-PAY IN $,80,40,15,20,40,2,20,low,low,RISK,1
2,2,2,2,Bonus,3757,No,Rents,18,26,51,8,3,PRIMARY CARE PHYSICIAN (PCP) ,IN-NETWORK,CO-PAY IN $,15,80,40,20,40,2,20,low,low,RISK,1
3,1,3,2,Salaried,4038,Yes,Rents,28,36,62,8,3,PRIMARY CARE PHYSICIAN (PCP) ,IN-NETWORK,CO-PAY IN $,20,80,40,15,40,2,20,low,low,RISK,1
1,1,1,3,Bonus,381,No,Owns,20,38,64,8,3,PRIMARY CARE PHYSICIAN (PCP) ,IN-NETWORK,CO-PAY IN $,15,80,20,40,40,2,20,low,low,RISK,1
1,1,1,2,Hourly,2879,Yes,Rents,37,31,55,8,3,PRIMARY CARE PHYSICIAN (PCP) ,IN-NETWORK,CO-PAY IN $,80,40,20,15,40,2,20,low,low,RISK,1
2,3,1,1,Hourly,2246,No,Owns,38,31,59,8,3,PRIMARY CARE PHYSICIAN (PCP) ,IN-NETWORK,CO-PAY IN $,15,40,80,20,40,2,20,low,low,RISK,1
1,3,2,1,Hourly,3337,No,Rents,18,47,55,8,3,PRIMARY CARE PHYSICIAN (PCP) ,IN-NETWORK,CO-PAY IN $,40,20,80,15,40,2,20,low,low,RISK,1
2,2,1,2,Hourly,874,No,Owns,38,41,60,8,3,PRIMARY CARE PHYSICIAN (PCP) ,IN-NETWORK,CO-PAY IN $,15,40,20,80,40,2,20,low,low,RISK,1
1,2,1,1,Hourly,4470,Yes,Owns,16,35,73,8,3,PRIMARY CARE PHYSICIAN (PCP) ,IN-NETWORK,CO-PAY IN $,80,15,20,40,40,2,20,low,low,RISK,1
3,1,3,1,Hourly,3252,Yes,Owns,24,24,60,8,3,PRIMARY CARE PHYSICIAN (PCP) ,IN-NETWORK,CO-PAY IN $,80,15,20,40,40,2,20,low,low,RISK,1
1,3,1,2,Hourly,176,Yes,Rents,23,43,57,8,3,PRIMARY CARE PHYSICIAN (PCP) ,IN-NETWORK,CO-PAY IN $,20,40,15,80,40,2,20,low,low,RISK,1
2,1,3,1,Hourly,3681,Yes,Owns,17,25,52,8,3,PRIMARY CARE PHYSICIAN (PCP) ,IN-NETWORK,CO-PAY IN $,40,15,80,20,40,2,20,low,low,RISK,1
1,3,2,3,Hourly,1019,Yes,Owns,35,50,53,8,3,PRIMARY CARE PHYSICIAN (PCP) ,IN-NETWORK,CO-PAY IN $,40,15,80,20,40,2,20,low,low,RISK,1
1,3,2,1,Bonus,4493,Yes,Owns,39,31,54,8,3,PRIMARY CARE PHYSICIAN (PCP) ,IN-NETWORK,CO-PAY IN $,15,20,80,40,40,2,20,low,low,RISK,1
1,3,3,1,Salaried,1012,Yes,Owns,34,26,75,8,3,PRIMARY CARE PHYSICIAN (PCP) ,IN-NETWORK,CO-PAY IN $,20,40,15,80,40,2,20,low,low,RISK,1
1,1,2,1,Bonus,1248,Yes,Rents,18,49,60,8,3,PRIMARY CARE PHYSICIAN (PCP) ,IN-NETWORK,CO-PAY IN $,80,15,20,40,40,2,20,low,low,RISK,1
1,1,2,1,Salaried,1214,No,Owns,17,40,57,8,3,PRIMARY CARE PHYSICIAN (PCP) ,IN-NETWORK,CO-PAY IN $,15,20,80,40,40,2,20,low,low,RISK,1
2,1,1,1,Salaried,2852,Yes,Rents,18,36,56,8,3,PRIMARY CARE PHYSICIAN (PCP) ,IN-NETWORK,CO-PAY IN $,15,20,80,40,40,2,20,low,low,RISK,1
2,1,1,1,Bonus,1440,Yes,Owns,24,49,59,8,3,PRIMARY CARE PHYSICIAN (PCP) ,IN-NETWORK,CO-PAY IN $,80,15,40,20,40,2,20,low,low,RISK,1
3,1,3,1,Bonus,2951,No,Owns,26,20,55,8,3,PRIMARY CARE PHYSICIAN (PCP) ,IN-NETWORK,CO-PAY IN $,40,80,20,15,40,2,20,low,low,RISK,1
4,3,2,4,Salaried,4377,No,Rents,46,73,76,8,4,PRIMARY CARE PHYSICIAN (PCP) ,IN-NETWORK,CO-PAY IN $,20,80,40,15,40,2,50,low,low,RISK,1
2,3,4,2,Salaried,1919,No,Owns,48,61,80,8,4,PRIMARY CARE PHYSICIAN (PCP) ,IN-NETWORK,CO-PAY IN $,40,80,15,20,40,2,50,low,low,RISK,1
4,4,3,2,Salaried,4671,Yes,Rents,57,53,77,8,4,PRIMARY CARE PHYSICIAN (PCP) ,IN-NETWORK,CO-PAY IN $,80,15,20,40,40,2,50,low,low,RISK,1
4,4,2,2,Bonus,1139,No,Owns,52,65,80,8,4,PRIMARY CARE PHYSICIAN (PCP) ,IN-NETWORK,CO-PAY IN $,20,80,40,15,40,2,50,low,low,RISK,1
3,4,4,3,Bonus,3085,No,Rents,45,54,88,8,4,PRIMARY CARE PHYSICIAN (PCP) ,IN-NETWORK,CO-PAY IN $,40,20,15,80,40,2,50,low,low,RISK,1
3,4,4,3,Salaried,912,Yes,Rents,61,58,79,8,4,PRIMARY CARE PHYSICIAN (PCP) ,IN-NETWORK,CO-PAY IN $,80,20,40,15,40,2,50,low,low,RISK,1
4,3,4,3,Hourly,3561,Yes,Owns,51,56,75,8,4,PRIMARY CARE PHYSICIAN (PCP) ,IN-NETWORK,CO-PAY IN $,80,40,15,20,40,2,50,low,low,RISK,1
4,4,2,2,Hourly,4350,No,Rents,40,64,87,8,4,PRIMARY CARE PHYSICIAN (PCP) ,IN-NETWORK,CO-PAY IN $,15,40,20,80,40,2,50,low,low,RISK,1
4,4,4,4,Salaried,3664,No,Owns,39,65,88,8,4,PRIMARY CARE PHYSICIAN (PCP) ,IN-NETWORK,CO-PAY IN $,40,15,80,20,40,2,50,low,low,RISK,1
2,3,3,3,Bonus,1972,Yes,Owns,62,60,80,8,4,PRIMARY CARE PHYSICIAN (PCP) ,IN-NETWORK,CO-PAY IN $,20,15,80,40,40,2,50,low,low,RISK,1
3,2,4,4,Salaried,1235,Yes,Rents,55,60,83,8,4,PRIMARY CARE PHYSICIAN (PCP) ,IN-NETWORK,CO-PAY IN $,40,15,20,80,40,2,50,low,low,RISK,1
2,4,3,3,Bonus,2294,Yes,Owns,47,72,79,8,4,PRIMARY CARE PHYSICIAN (PCP) ,IN-NETWORK,CO-PAY IN $,15,40,20,80,40,2,50,low,low,RISK,1
2,3,4,3,Salaried,4592,Yes,Rents,62,68,84,8,4,PRIMARY CARE PHYSICIAN (PCP) ,IN-NETWORK,CO-PAY IN $,20,15,40,80,40,2,50,low,low,RISK,1
3,3,3,4,Hourly,2183,Yes,Owns,37,63,98,8,4,PRIMARY CARE PHYSICIAN (PCP) ,IN-NETWORK,CO-PAY IN $,15,40,80,20,40,2,50,low,low,RISK,1
3,3,4,3,Salaried,1622,Yes,Rents,42,55,84,8,4,PRIMARY CARE PHYSICIAN (PCP) ,IN-NETWORK,CO-PAY IN $,15,80,40,20,40,2,50,low,low,RISK,1
3,4,3,4,Salaried,4259,Yes,Rents,37,70,81,8,4,PRIMARY CARE PHYSICIAN (PCP) ,IN-NETWORK,CO-PAY IN $,15,80,40,20,40,2,50,low,low,RISK,1
4,3,3,4,Salaried,4138,No,Owns,62,55,76,8,4,PRIMARY CARE PHYSICIAN (PCP) ,IN-NETWORK,CO-PAY IN $,40,80,20,15,40,2,50,low,low,RISK,1
4,3,4,4,Bonus,2742,No,Owns,64,75,77,8,4,PRIMARY CARE PHYSICIAN (PCP) ,IN-NETWORK,CO-PAY IN $,80,15,40,20,40,2,50,low,low,RISK,1
3,3,3,4,Bonus,4027,Yes,Rents,43,60,78,8,4,PRIMARY CARE PHYSICIAN (PCP) ,IN-NETWORK,CO-PAY IN $,80,40,20,15,40,2,50,low,low,RISK,1
4,4,2,2,Bonus,3643,No,Rents,59,56,100,8,4,PRIMARY CARE PHYSICIAN (PCP) ,IN-NETWORK,CO-PAY IN $,15,20,80,40,40,2,50,low,low,RISK,1
4,2,4,2,Salaried,1855,No,Rents,63,74,85,8,4,PRIMARY CARE PHYSICIAN (PCP) ,IN-NETWORK,CO-PAY IN $,20,40,80,15,40,2,50,low,low,RISK,1
3,4,2,3,Bonus,4199,No,Owns,57,67,81,8,4,PRIMARY CARE PHYSICIAN (PCP) ,IN-NETWORK,CO-PAY IN $,20,15,40,80,40,2,50,low,low,RISK,1
3,4,3,2,Salaried,358,No,Rents,50,64,80,8,4,PRIMARY CARE PHYSICIAN (PCP) ,IN-NETWORK,CO-PAY IN $,15,20,80,40,40,2,50,low,low,RISK,1
4,3,4,3,Salaried,2175,No,Owns,59,75,83,8,4,PRIMARY CARE PHYSICIAN (PCP) ,IN-NETWORK,CO-PAY IN $,15,20,80,40,40,2,50,low,low,RISK,1
4,4,2,2,Bonus,2804,No,Owns,48,51,79,8,4,PRIMARY CARE PHYSICIAN (PCP) ,IN-NETWORK,CO-PAY IN $,80,20,15,40,40,2,50,low,low,RISK,1
4,4,4,4,Bonus,2793,Yes,Owns,63,73,76,8,4,PRIMARY CARE PHYSICIAN (PCP) ,IN-NETWORK,CO-PAY IN $,80,15,20,40,40,2,50,low,low,RISK,1
4,3,4,2,Salaried,1366,No,Owns,56,61,80,8,4,PRIMARY CARE PHYSICIAN (PCP) ,IN-NETWORK,CO-PAY IN $,80,40,20,15,40,2,50,low,low,RISK,1
2,4,4,4,Salaried,3990,No,Rents,53,53,77,8,4,PRIMARY CARE PHYSICIAN (PCP) ,IN-NETWORK,CO-PAY IN $,40,15,20,80,40,2,50,low,low,RISK,1
2,4,3,3,Salaried,1625,No,Owns,60,65,80,8,4,PRIMARY CARE PHYSICIAN (PCP) ,IN-NETWORK,CO-PAY IN $,20,40,15,80,40,2,50,low,low,RISK,1
4,4,3,3,Hourly,1178,No,Owns,35,54,88,8,4,PRIMARY CARE PHYSICIAN (PCP) ,IN-NETWORK,CO-PAY IN $,80,40,15,20,40,2,50,low,low,RISK,1
3,3,2,2,Hourly,2665,No,Rents,41,58,79,8,4,PRIMARY CARE PHYSICIAN (PCP) ,IN-NETWORK,CO-PAY IN $,15,20,40,80,40,2,50,low,low,RISK,1
4,4,4,2,Hourly,4144,No,Owns,44,56,75,8,4,PRIMARY CARE PHYSICIAN (PCP) ,IN-NETWORK,CO-PAY IN $,20,15,80,40,40,2,50,low,low,RISK,1
3,3,4,3,Hourly,2547,Yes,Owns,55,64,87,8,4,PRIMARY CARE PHYSICIAN (PCP) ,IN-NETWORK,CO-PAY IN $,80,40,20,15,40,2,50,low,low,RISK,1
4,3,4,2,Hourly,152,Yes,Owns,58,65,88,8,4,PRIMARY CARE PHYSICIAN (PCP) ,IN-NETWORK,CO-PAY IN $,40,15,80,20,40,2,50,low,low,RISK,1
3,2,2,3,Bonus,2909,Yes,Rents,45,60,80,8,4,PRIMARY CARE PHYSICIAN (PCP) ,IN-NETWORK,CO-PAY IN $,80,20,15,40,40,2,50,low,low,RISK,1
4,2,4,4,Bonus,144,Yes,Owns,46,72,79,8,4,PRIMARY CARE PHYSICIAN (PCP) ,IN-NETWORK,CO-PAY IN $,80,15,20,40,40,2,50,low,low,RISK,1
4,2,4,2,Hourly,2250,No,Owns,48,68,84,8,4,PRIMARY CARE PHYSICIAN (PCP) ,IN-NETWORK,CO-PAY IN $,40,20,80,15,40,2,50,low,low,RISK,1
4,3,3,3,Hourly,4826,No,Owns,47,63,98,8,4,PRIMARY CARE PHYSICIAN (PCP) ,IN-NETWORK,CO-PAY IN $,20,40,15,80,40,2,50,low,low,RISK,1
4,4,2,3,Salaried,792,No,Owns,50,55,84,8,4,PRIMARY CARE PHYSICIAN (PCP) ,IN-NETWORK,CO-PAY IN $,15,40,20,80,40,2,50,low,low,RISK,1
2,4,2,3,Hourly,3429,No,Rents,58,70,81,8,4,PRIMARY CARE PHYSICIAN (PCP) ,IN-NETWORK,CO-PAY IN $,20,80,40,15,40,2,50,low,low,RISK,1
3,4,3,4,Hourly,1596,Yes,Owns,50,55,76,8,4,PRIMARY CARE PHYSICIAN (PCP) ,IN-NETWORK,CO-PAY IN $,20,40,15,80,40,2,50,low,low,RISK,1
4,4,4,3,Salaried,83,Yes,Owns,40,75,77,8,4,PRIMARY CARE PHYSICIAN (PCP) ,IN-NETWORK,CO-PAY IN $,15,80,40,20,40,2,50,low,low,RISK,1
4,4,3,4,Salaried,3601,No,Owns,38,60,78,8,4,PRIMARY CARE PHYSICIAN (PCP) ,IN-NETWORK,CO-PAY IN $,40,80,15,20,40,2,50,low,low,RISK,1
3,4,2,4,Bonus,861,No,Owns,58,56,100,8,4,PRIMARY CARE PHYSICIAN (PCP) ,IN-NETWORK,CO-PAY IN $,20,80,15,40,40,2,50,low,low,RISK,1
2,4,4,4,Salaried,2240,Yes,Rents,59,74,85,8,4,PRIMARY CARE PHYSICIAN (PCP) ,IN-NETWORK,CO-PAY IN $,80,15,20,40,40,2,50,low,low,RISK,1
3,3,2,2,Hourly,2384,No,Rents,37,67,81,8,4,PRIMARY CARE PHYSICIAN (PCP) ,IN-NETWORK,CO-PAY IN $,15,40,80,20,40,2,50,low,low,RISK,1
2,2,3,3,Bonus,2363,Yes,Rents,52,64,80,8,4,PRIMARY CARE PHYSICIAN (PCP) ,IN-NETWORK,CO-PAY IN $,15,40,20,80,40,2,50,low,low,RISK,1
3,3,4,2,Salaried,4539,No,Owns,45,75,83,8,4,PRIMARY CARE PHYSICIAN (PCP) ,IN-NETWORK,CO-PAY IN $,80,40,20,15,40,2,50,low,low,RISK,1
3,3,2,2,Bonus,489,No,Rents,45,51,79,8,4,PRIMARY CARE PHYSICIAN (PCP) ,IN-NETWORK,CO-PAY IN $,20,40,15,80,40,2,50,low,low,RISK,1
4,4,2,4,Bonus,4623,Yes,Owns,40,73,76,8,4,PRIMARY CARE PHYSICIAN (PCP) ,IN-NETWORK,CO-PAY IN $,20,40,80,15,40,2,50,low,low,RISK,1
3,3,3,2,Salaried,153,Yes,Owns,36,61,80,8,4,PRIMARY CARE PHYSICIAN (PCP) ,IN-NETWORK,CO-PAY IN $,20,15,80,40,40,2,50,low,low,RISK,1
3,4,4,4,Salaried,3954,No,Owns,38,53,77,8,4,PRIMARY CARE PHYSICIAN (PCP) ,IN-NETWORK,CO-PAY IN $,20,40,15,80,40,2,50,low,low,RISK,1
3,3,2,3,Salaried,4742,No,Rents,35,65,80,8,4,PRIMARY CARE PHYSICIAN (PCP) ,IN-NETWORK,CO-PAY IN $,20,80,40,15,40,2,50,low,low,RISK,1
2,2,2,3,Hourly,3289,No,Rents,59,54,88,8,4,PRIMARY CARE PHYSICIAN (PCP) ,IN-NETWORK,CO-PAY IN $,80,20,40,15,40,2,50,low,low,RISK,1
2,2,3,3,Bonus,3409,Yes,Rents,54,58,79,8,4,PRIMARY CARE PHYSICIAN (PCP) ,IN-NETWORK,CO-PAY IN $,80,15,40,20,40,2,50,low,low,RISK,1
3,3,4,3,Bonus,3179,No,Rents,42,56,75,8,4,PRIMARY CARE PHYSICIAN (PCP) ,IN-NETWORK,CO-PAY IN $,80,20,15,40,40,2,50,low,low,RISK,1
3,3,2,4,Bonus,4271,No,Rents,43,64,87,8,4,PRIMARY CARE PHYSICIAN (PCP) ,IN-NETWORK,CO-PAY IN $,40,15,80,20,40,2,50,low,low,RISK,1
3,3,3,2,Hourly,4605,Yes,Rents,46,65,88,8,4,PRIMARY CARE PHYSICIAN (PCP) ,IN-NETWORK,CO-PAY IN $,40,80,20,15,40,2,50,low,low,RISK,1
2,4,4,4,Salaried,3042,Yes,Rents,37,60,80,8,4,PRIMARY CARE PHYSICIAN (PCP) ,IN-NETWORK,CO-PAY IN $,15,40,80,20,40,2,50,low,low,RISK,1
2,4,4,3,Hourly,170,No,Rents,61,60,83,8,4,PRIMARY CARE PHYSICIAN (PCP) ,IN-NETWORK,CO-PAY IN $,80,20,40,15,40,2,50,low,low,RISK,1
2,3,3,4,Salaried,2062,No,Rents,40,72,79,8,4,PRIMARY CARE PHYSICIAN (PCP) ,IN-NETWORK,CO-PAY IN $,40,15,20,80,40,2,50,low,low,RISK,1
4,4,4,4,Bonus,1962,No,Rents,35,68,84,8,4,PRIMARY CARE PHYSICIAN (PCP) ,IN-NETWORK,CO-PAY IN $,80,15,40,20,40,2,50,low,low,RISK,1
2,2,3,2,Bonus,1006,No,Owns,50,63,98,8,4,PRIMARY CARE PHYSICIAN (PCP) ,IN-NETWORK,CO-PAY IN $,20,80,15,40,40,2,50,low,low,RISK,1
2,4,3,4,Salaried,4555,No,Rents,42,55,84,8,4,PRIMARY CARE PHYSICIAN (PCP) ,IN-NETWORK,CO-PAY IN $,15,40,80,20,40,2,50,low,low,RISK,1
4,3,4,3,Bonus,458,No,Rents,46,70,81,8,4,PRIMARY CARE PHYSICIAN (PCP) ,IN-NETWORK,CO-PAY IN $,40,80,15,20,40,2,50,low,low,RISK,1
4,3,4,3,Hourly,1593,No,Owns,36,55,76,8,4,PRIMARY CARE PHYSICIAN (PCP) ,IN-NETWORK,CO-PAY IN $,80,40,20,15,40,2,50,low,low,RISK,1
3,4,2,3,Hourly,4519,Yes,Owns,48,75,77,8,4,PRIMARY CARE PHYSICIAN (PCP) ,IN-NETWORK,CO-PAY IN $,80,15,20,40,40,2,50,low,low,RISK,1
2,4,3,3,Bonus,2639,No,Rents,36,60,78,8,4,PRIMARY CARE PHYSICIAN (PCP) ,IN-NETWORK,CO-PAY IN $,40,15,20,80,40,2,50,low,low,RISK,1
2,3,4,3,Hourly,2563,Yes,Rents,59,56,100,8,4,PRIMARY CARE PHYSICIAN (PCP) ,IN-NETWORK,CO-PAY IN $,20,80,15,40,40,2,50,low,low,RISK,1
3,4,4,4,Bonus,2810,Yes,Owns,58,74,85,8,4,PRIMARY CARE PHYSICIAN (PCP) ,IN-NETWORK,CO-PAY IN $,20,15,80,40,40,2,50,low,low,RISK,1
3,4,3,4,Hourly,2954,Yes,Owns,64,67,81,8,4,PRIMARY CARE PHYSICIAN (PCP) ,IN-NETWORK,CO-PAY IN $,15,20,80,40,40,2,50,low,low,RISK,1
3,2,4,3,Hourly,2299,Yes,Owns,54,64,80,8,4,PRIMARY CARE PHYSICIAN (PCP) ,IN-NETWORK,CO-PAY IN $,20,80,40,15,40,2,50,low,low,RISK,1
2,3,4,4,Hourly,1155,No,Rents,37,75,83,8,4,PRIMARY CARE PHYSICIAN (PCP) ,IN-NETWORK,CO-PAY IN $,40,80,15,20,40,2,50,low,low,RISK,1
4,2,4,3,Bonus,1856,Yes,Rents,55,51,79,8,4,PRIMARY CARE PHYSICIAN (PCP) ,IN-NETWORK,CO-PAY IN $,20,15,40,80,40,2,50,low,low,RISK,1
4,4,3,3,Salaried,3352,Yes,Rents,38,73,76,8,4,PRIMARY CARE PHYSICIAN (PCP) ,IN-NETWORK,CO-PAY IN $,15,40,80,20,40,2,50,low,low,RISK,1
4,3,2,3,Hourly,3735,Yes,Owns,58,61,80,8,4,PRIMARY CARE PHYSICIAN (PCP) ,IN-NETWORK,CO-PAY IN $,20,40,80,15,40,2,50,low,low,RISK,1
4,3,3,4,Salaried,1125,Yes,Rents,38,53,77,8,4,PRIMARY CARE PHYSICIAN (PCP) ,IN-NETWORK,CO-PAY IN $,15,20,40,80,40,2,50,low,low,RISK,1
4,2,4,2,Bonus,4695,No,Owns,35,65,80,8,4,PRIMARY CARE PHYSICIAN (PCP) ,IN-NETWORK,CO-PAY IN $,20,80,15,40,40,2,50,low,low,RISK,1
3,3,3,4,Salaried,1210,No,Rents,62,54,88,8,4,PRIMARY CARE PHYSICIAN (PCP) ,IN-NETWORK,CO-PAY IN $,40,15,80,20,40,2,50,low,low,RISK,1
4,4,4,2,Bonus,3149,No,Owns,37,58,79,8,4,PRIMARY CARE PHYSICIAN (PCP) ,IN-NETWORK,CO-PAY IN $,40,20,80,15,40,2,50,low,low,RISK,1
4,3,4,4,Bonus,3757,No,Rents,38,56,75,8,4,PRIMARY CARE PHYSICIAN (PCP) ,IN-NETWORK,CO-PAY IN $,80,40,20,15,40,2,50,low,low,RISK,1
4,3,4,4,Salaried,4038,Yes,Rents,51,64,87,8,4,PRIMARY CARE PHYSICIAN (PCP) ,IN-NETWORK,CO-PAY IN $,20,40,15,80,40,2,50,low,low,RISK,1
2,3,3,4,Bonus,381,No,Owns,41,65,88,8,4,PRIMARY CARE PHYSICIAN (PCP) ,IN-NETWORK,CO-PAY IN $,40,15,80,20,40,2,50,low,low,RISK,1
3,3,3,3,Hourly,2879,Yes,Rents,61,60,80,8,4,PRIMARY CARE PHYSICIAN (PCP) ,IN-NETWORK,CO-PAY IN $,15,80,40,20,40,2,50,low,low,RISK,1
4,4,3,2,Hourly,2246,No,Owns,62,60,83,8,4,PRIMARY CARE PHYSICIAN (PCP) ,IN-NETWORK,CO-PAY IN $,15,20,40,80,40,2,50,low,low,RISK,1
2,4,3,2,Hourly,3337,No,Rents,39,72,79,8,4,PRIMARY CARE PHYSICIAN (PCP) ,IN-NETWORK,CO-PAY IN $,80,20,15,40,40,2,50,low,low,RISK,1
4,3,3,4,Hourly,874,No,Owns,63,68,84,8,4,PRIMARY CARE PHYSICIAN (PCP) ,IN-NETWORK,CO-PAY IN $,20,80,40,15,40,2,50,low,low,RISK,1
3,4,2,3,Hourly,4470,Yes,Owns,36,63,98,8,4,PRIMARY CARE PHYSICIAN (PCP) ,IN-NETWORK,CO-PAY IN $,15,40,80,20,40,2,50,low,low,RISK,1
4,3,4,3,Hourly,3252,Yes,Owns,46,55,84,8,4,PRIMARY CARE PHYSICIAN (PCP) ,IN-NETWORK,CO-PAY IN $,80,40,20,15,40,2,50,low,low,RISK,1
3,4,2,3,Hourly,176,Yes,Rents,45,70,81,8,4,PRIMARY CARE PHYSICIAN (PCP) ,IN-NETWORK,CO-PAY IN $,80,40,20,15,40,2,50,low,low,RISK,1
4,3,4,2,Hourly,3681,Yes,Owns,38,55,76,8,4,PRIMARY CARE PHYSICIAN (PCP) ,IN-NETWORK,CO-PAY IN $,40,80,15,20,40,2,50,low,low,RISK,1
3,4,4,4,Hourly,1019,Yes,Owns,59,75,77,8,4,PRIMARY CARE PHYSICIAN (PCP) ,IN-NETWORK,CO-PAY IN $,40,20,80,15,40,2,50,low,low,RISK,1
3,4,4,3,Bonus,4493,Yes,Owns,64,60,78,8,4,PRIMARY CARE PHYSICIAN (PCP) ,IN-NETWORK,CO-PAY IN $,20,15,80,40,40,2,50,low,low,RISK,1
3,4,4,2,Salaried,1012,Yes,Owns,58,56,100,8,4,PRIMARY CARE PHYSICIAN (PCP) ,IN-NETWORK,CO-PAY IN $,80,20,15,40,40,2,50,low,low,RISK,1
2,2,4,3,Bonus,1248,Yes,Rents,39,74,85,8,4,PRIMARY CARE PHYSICIAN (PCP) ,IN-NETWORK,CO-PAY IN $,15,80,20,40,40,2,50,low,low,RISK,1
2,3,3,3,Salaried,1214,No,Owns,37,67,81,8,4,PRIMARY CARE PHYSICIAN (PCP) ,IN-NETWORK,CO-PAY IN $,20,15,40,80,40,2,50,low,low,RISK,1
4,3,3,2,Salaried,2852,Yes,Rents,38,64,80,8,4,PRIMARY CARE PHYSICIAN (PCP) ,IN-NETWORK,CO-PAY IN $,80,40,20,15,40,2,50,low,low,RISK,1
3,3,2,2,Bonus,1440,Yes,Owns,46,75,83,8,4,PRIMARY CARE PHYSICIAN (PCP) ,IN-NETWORK,CO-PAY IN $,20,80,15,40,40,2,50,low,low,RISK,1
4,2,4,3,Bonus,2951,No,Owns,48,51,79,8,4,PRIMARY CARE PHYSICIAN (PCP) ,IN-NETWORK,CO-PAY IN $,40,15,20,80,40,2,50,low,low,RISK,1
1,0,0,1,Salaried,4377,No,Rents,4,9,1,8,5,PRIMARY CARE PHYSICIAN (PCP) ,IN-NETWORK,CO-PAY IN $,80,40,20,15,80,1,5,low,high,RISK,2
0,0,1,0,Salaried,1919,No,Owns,4,4,5,8,5,PRIMARY CARE PHYSICIAN (PCP) ,IN-NETWORK,CO-PAY IN $,20,15,80,40,80,1,5,low,high,RISK,2
0,0,0,0,Salaried,4671,Yes,Rents,7,1,2,8,5,PRIMARY CARE PHYSICIAN (PCP) ,IN-NETWORK,CO-PAY IN $,80,15,40,20,80,1,5,low,high,RISK,2
1,1,0,0,Bonus,1139,No,Owns,6,6,5,8,5,PRIMARY CARE PHYSICIAN (PCP) ,IN-NETWORK,CO-PAY IN $,80,20,15,40,80,1,5,low,high,RISK,2
0,1,1,0,Bonus,3085,No,Rents,3,1,13,8,5,PRIMARY CARE PHYSICIAN (PCP) ,IN-NETWORK,CO-PAY IN $,40,20,15,80,80,1,5,low,high,RISK,2
0,1,1,0,Salaried,912,Yes,Rents,9,3,4,8,5,PRIMARY CARE PHYSICIAN (PCP) ,IN-NETWORK,CO-PAY IN $,20,15,80,40,80,1,5,low,high,RISK,2
1,0,1,0,Hourly,3561,Yes,Owns,5,2,0,8,5,PRIMARY CARE PHYSICIAN (PCP) ,IN-NETWORK,CO-PAY IN $,15,80,40,20,80,1,5,low,high,RISK,2
1,1,0,0,Hourly,4350,No,Rents,2,5,12,8,5,PRIMARY CARE PHYSICIAN (PCP) ,IN-NETWORK,CO-PAY IN $,40,20,80,15,80,1,5,low,high,RISK,2
1,1,0,1,Salaried,3664,No,Owns,1,6,13,8,5,PRIMARY CARE PHYSICIAN (PCP) ,IN-NETWORK,CO-PAY IN $,80,15,40,20,80,1,5,low,high,RISK,2
0,0,0,0,Bonus,1972,Yes,Owns,9,4,5,8,5,PRIMARY CARE PHYSICIAN (PCP) ,IN-NETWORK,CO-PAY IN $,20,80,40,15,80,1,5,low,high,RISK,2
0,0,1,1,Salaried,1235,Yes,Rents,7,4,8,8,5,PRIMARY CARE PHYSICIAN (PCP) ,IN-NETWORK,CO-PAY IN $,40,20,80,15,80,1,5,low,high,RISK,2
0,1,0,0,Bonus,2294,Yes,Owns,4,9,4,8,5,PRIMARY CARE PHYSICIAN (PCP) ,IN-NETWORK,CO-PAY IN $,20,80,40,15,80,1,5,low,high,RISK,2
0,0,1,0,Salaried,4592,Yes,Rents,9,7,9,8,5,PRIMARY CARE PHYSICIAN (PCP) ,IN-NETWORK,CO-PAY IN $,15,40,80,20,80,1,5,low,high,RISK,2
0,0,0,1,Hourly,2183,Yes,Owns,1,5,23,8,5,PRIMARY CARE PHYSICIAN (PCP) ,IN-NETWORK,CO-PAY IN $,20,80,15,40,80,1,5,low,high,RISK,2
0,0,1,0,Salaried,1622,Yes,Rents,2,1,9,8,5,PRIMARY CARE PHYSICIAN (PCP) ,IN-NETWORK,CO-PAY IN $,80,20,15,40,80,1,5,low,high,RISK,2
0,1,0,1,Salaried,4259,Yes,Rents,1,8,6,8,5,PRIMARY CARE PHYSICIAN (PCP) ,IN-NETWORK,CO-PAY IN $,40,20,80,15,80,1,5,low,high,RISK,2
1,0,0,1,Salaried,4138,No,Owns,9,2,1,8,5,PRIMARY CARE PHYSICIAN (PCP) ,IN-NETWORK,CO-PAY IN $,15,20,40,80,80,1,5,low,high,RISK,2
1,0,0,1,Bonus,2742,No,Owns,10,10,2,8,5,PRIMARY CARE PHYSICIAN (PCP) ,IN-NETWORK,CO-PAY IN $,20,15,40,80,80,1,5,low,high,RISK,2
0,0,0,1,Bonus,4027,Yes,Rents,3,4,3,8,5,PRIMARY CARE PHYSICIAN (PCP) ,IN-NETWORK,CO-PAY IN $,15,80,20,40,80,1,5,low,high,RISK,2
1,0,0,0,Bonus,3643,No,Rents,8,2,25,8,5,PRIMARY CARE PHYSICIAN (PCP) ,IN-NETWORK,CO-PAY IN $,80,40,20,15,80,1,5,low,high,RISK,2
1,0,1,0,Salaried,1855,No,Rents,9,10,10,8,5,PRIMARY CARE PHYSICIAN (PCP) ,IN-NETWORK,CO-PAY IN $,15,40,20,80,80,1,5,low,high,RISK,2
0,1,0,0,Bonus,4199,No,Owns,7,7,6,8,5,PRIMARY CARE PHYSICIAN (PCP) ,IN-NETWORK,CO-PAY IN $,15,80,20,40,80,1,5,low,high,RISK,2
0,1,0,0,Salaried,358,No,Rents,5,5,5,8,5,PRIMARY CARE PHYSICIAN (PCP) ,IN-NETWORK,CO-PAY IN $,40,80,15,20,80,1,5,low,high,RISK,2
0,0,1,0,Salaried,2175,No,Owns,8,10,8,8,5,PRIMARY CARE PHYSICIAN (PCP) ,IN-NETWORK,CO-PAY IN $,20,15,40,80,80,1,5,low,high,RISK,2
0,1,0,0,Bonus,2804,No,Owns,4,0,4,8,5,PRIMARY CARE PHYSICIAN (PCP) ,IN-NETWORK,CO-PAY IN $,15,40,80,20,80,1,5,low,high,RISK,2
1,1,1,0,Bonus,2793,Yes,Owns,9,9,1,8,5,PRIMARY CARE PHYSICIAN (PCP) ,IN-NETWORK,CO-PAY IN $,40,15,80,20,80,1,5,low,high,RISK,2
1,0,1,0,Salaried,1366,No,Owns,7,4,5,8,5,PRIMARY CARE PHYSICIAN (PCP) ,IN-NETWORK,CO-PAY IN $,80,15,40,20,80,1,5,low,high,RISK,2
0,1,1,1,Salaried,3990,No,Rents,6,1,2,8,5,PRIMARY CARE PHYSICIAN (PCP) ,IN-NETWORK,CO-PAY IN $,20,80,15,40,80,1,5,low,high,RISK,2
0,0,0,0,Salaried,1625,No,Owns,8,6,5,8,5,PRIMARY CARE PHYSICIAN (PCP) ,IN-NETWORK,CO-PAY IN $,20,80,15,40,80,1,5,low,high,RISK,2
1,1,0,0,Hourly,1178,No,Owns,0,1,13,8,5,PRIMARY CARE PHYSICIAN (PCP) ,IN-NETWORK,CO-PAY IN $,20,80,40,15,80,1,5,low,high,RISK,2
0,0,0,0,Hourly,2665,No,Rents,2,3,4,8,5,PRIMARY CARE PHYSICIAN (PCP) ,IN-NETWORK,CO-PAY IN $,20,40,15,80,80,1,5,low,high,RISK,2
1,1,1,0,Hourly,4144,No,Owns,3,2,0,8,5,PRIMARY CARE PHYSICIAN (PCP) ,IN-NETWORK,CO-PAY IN $,20,80,40,15,80,1,5,low,high,RISK,2
0,0,1,0,Hourly,2547,Yes,Owns,7,5,12,8,5,PRIMARY CARE PHYSICIAN (PCP) ,IN-NETWORK,CO-PAY IN $,40,80,15,20,80,1,5,low,high,RISK,2
1,0,1,0,Hourly,152,Yes,Owns,8,6,13,8,5,PRIMARY CARE PHYSICIAN (PCP) ,IN-NETWORK,CO-PAY IN $,40,15,20,80,80,1,5,low,high,RISK,2
0,0,0,0,Bonus,2909,Yes,Rents,3,4,5,8,5,PRIMARY CARE PHYSICIAN (PCP) ,IN-NETWORK,CO-PAY IN $,40,20,80,15,80,1,5,low,high,RISK,2
1,1,0,0,Bonus,2404,Yes,Owns,5,4,8,8,5,PRIMARY CARE PHYSICIAN (PCP) ,IN-NETWORK,CO-PAY IN $,15,40,80,20,80,1,5,low,high,RISK,2
1,0,1,1,Bonus,144,Yes,Owns,4,9,4,8,5,PRIMARY CARE PHYSICIAN (PCP) ,IN-NETWORK,CO-PAY IN $,20,40,80,15,80,1,5,low,high,RISK,2
1,0,1,0,Hourly,2250,No,Owns,4,7,9,8,5,PRIMARY CARE PHYSICIAN (PCP) ,IN-NETWORK,CO-PAY IN $,80,15,20,40,80,1,5,low,high,RISK,2
1,0,0,0,Hourly,4826,No,Owns,4,5,23,8,5,PRIMARY CARE PHYSICIAN (PCP) ,IN-NETWORK,CO-PAY IN $,80,40,15,20,80,1,5,low,high,RISK,2
1,1,0,0,Salaried,792,No,Owns,5,1,9,8,5,PRIMARY CARE PHYSICIAN (PCP) ,IN-NETWORK,CO-PAY IN $,80,40,20,15,80,1,5,low,high,RISK,2
0,1,0,0,Hourly,3429,No,Rents,8,8,6,8,5,PRIMARY CARE PHYSICIAN (PCP) ,IN-NETWORK,CO-PAY IN $,20,80,15,40,80,1,5,low,high,RISK,2
0,1,0,0,Hourly,1596,Yes,Owns,5,2,1,8,5,PRIMARY CARE PHYSICIAN (PCP) ,IN-NETWORK,CO-PAY IN $,15,80,20,40,80,1,5,low,high,RISK,2
1,1,1,0,Salaried,83,Yes,Owns,2,10,2,8,5,PRIMARY CARE PHYSICIAN (PCP) ,IN-NETWORK,CO-PAY IN $,40,80,15,20,80,1,5,low,high,RISK,2
1,1,0,1,Salaried,3601,No,Owns,1,4,3,8,5,PRIMARY CARE PHYSICIAN (PCP) ,IN-NETWORK,CO-PAY IN $,15,80,20,40,80,1,5,low,high,RISK,2
0,0,0,1,Bonus,861,No,Owns,8,2,25,8,5,PRIMARY CARE PHYSICIAN (PCP) ,IN-NETWORK,CO-PAY IN $,20,40,15,80,80,1,5,low,high,RISK,2
0,1,1,1,Salaried,2240,Yes,Rents,8,10,10,8,5,PRIMARY CARE PHYSICIAN (PCP) ,IN-NETWORK,CO-PAY IN $,15,20,80,40,80,1,5,low,high,RISK,2
0,0,0,0,Hourly,2384,No,Rents,1,7,6,8,5,PRIMARY CARE PHYSICIAN (PCP) ,IN-NETWORK,CO-PAY IN $,80,15,40,20,80,1,5,low,high,RISK,2
0,0,0,0,Bonus,2363,Yes,Rents,6,5,5,8,5,PRIMARY CARE PHYSICIAN (PCP) ,IN-NETWORK,CO-PAY IN $,40,80,15,20,80,1,5,low,high,RISK,2
0,0,1,0,Salaried,4539,No,Owns,3,10,8,8,5,PRIMARY CARE PHYSICIAN (PCP) ,IN-NETWORK,CO-PAY IN $,15,40,80,20,80,1,5,low,high,RISK,2
0,0,0,0,Bonus,489,No,Rents,3,0,4,8,5,PRIMARY CARE PHYSICIAN (PCP) ,IN-NETWORK,CO-PAY IN $,40,80,20,15,80,1,5,low,high,RISK,2
0,1,0,1,Bonus,4623,Yes,Owns,2,9,1,8,5,PRIMARY CARE PHYSICIAN (PCP) ,IN-NETWORK,CO-PAY IN $,40,80,15,20,80,1,5,low,high,RISK,2
0,0,0,0,Salaried,153,Yes,Owns,0,4,5,8,5,PRIMARY CARE PHYSICIAN (PCP) ,IN-NETWORK,CO-PAY IN $,40,20,80,15,80,1,5,low,high,RISK,2
0,1,1,0,Salaried,3954,No,Owns,1,1,2,8,5,PRIMARY CARE PHYSICIAN (PCP) ,IN-NETWORK,CO-PAY IN $,20,15,40,80,80,1,5,low,high,RISK,2
0,0,0,0,Salaried,4742,No,Rents,0,6,5,8,5,PRIMARY CARE PHYSICIAN (PCP) ,IN-NETWORK,CO-PAY IN $,40,80,20,15,80,1,5,low,high,RISK,2
0,0,0,0,Hourly,3289,No,Rents,8,1,13,8,5,PRIMARY CARE PHYSICIAN (PCP) ,IN-NETWORK,CO-PAY IN $,15,20,80,40,80,1,5,low,high,RISK,2
0,0,0,0,Bonus,3409,Yes,Rents,6,3,4,8,5,PRIMARY CARE PHYSICIAN (PCP) ,IN-NETWORK,CO-PAY IN $,40,20,15,80,80,1,5,low,high,RISK,2
0,0,1,0,Bonus,3179,No,Rents,2,2,0,8,5,PRIMARY CARE PHYSICIAN (PCP) ,IN-NETWORK,CO-PAY IN $,15,80,20,40,80,1,5,low,high,RISK,2
0,0,0,0,Bonus,4271,No,Rents,3,5,12,8,5,PRIMARY CARE PHYSICIAN (PCP) ,IN-NETWORK,CO-PAY IN $,20,80,15,40,80,1,5,low,high,RISK,2
0,0,0,0,Hourly,4605,Yes,Rents,4,6,13,8,5,PRIMARY CARE PHYSICIAN (PCP) ,IN-NETWORK,CO-PAY IN $,40,80,20,15,80,1,5,low,high,RISK,2
0,1,1,1,Salaried,3042,Yes,Rents,1,4,5,8,5,PRIMARY CARE PHYSICIAN (PCP) ,IN-NETWORK,CO-PAY IN $,40,80,20,15,80,1,5,low,high,RISK,2
0,1,1,0,Hourly,170,No,Rents,9,4,8,8,5,PRIMARY CARE PHYSICIAN (PCP) ,IN-NETWORK,CO-PAY IN $,80,40,20,15,80,1,5,low,high,RISK,2
0,0,0,1,Salaried,2062,No,Rents,2,9,4,8,5,PRIMARY CARE PHYSICIAN (PCP) ,IN-NETWORK,CO-PAY IN $,20,80,15,40,80,1,5,low,high,RISK,2
1,0,1,1,Bonus,1962,No,Rents,0,7,9,8,5,PRIMARY CARE PHYSICIAN (PCP) ,IN-NETWORK,CO-PAY IN $,80,40,15,20,80,1,5,low,high,RISK,2
0,0,0,0,Bonus,1006,No,Owns,5,5,23,8,5,PRIMARY CARE PHYSICIAN (PCP) ,IN-NETWORK,CO-PAY IN $,15,20,80,40,80,1,5,low,high,RISK,2
0,1,0,1,Salaried,4555,No,Rents,2,1,9,8,5,PRIMARY CARE PHYSICIAN (PCP) ,IN-NETWORK,CO-PAY IN $,80,20,40,15,80,1,5,low,high,RISK,2
1,0,1,0,Bonus,458,No,Rents,4,8,6,8,5,PRIMARY CARE PHYSICIAN (PCP) ,IN-NETWORK,CO-PAY IN $,80,40,15,20,80,1,5,low,high,RISK,2
1,0,1,0,Hourly,1593,No,Owns,0,2,1,8,5,PRIMARY CARE PHYSICIAN (PCP) ,IN-NETWORK,CO-PAY IN $,40,15,80,20,80,1,5,low,high,RISK,2
0,1,0,0,Hourly,4519,Yes,Owns,4,10,2,8,5,PRIMARY CARE PHYSICIAN (PCP) ,IN-NETWORK,CO-PAY IN $,80,40,15,20,80,1,5,low,high,RISK,2
0,1,0,0,Bonus,2639,No,Rents,0,4,3,8,5,PRIMARY CARE PHYSICIAN (PCP) ,IN-NETWORK,CO-PAY IN $,40,80,15,20,80,1,5,low,high,RISK,2
0,0,1,1,Bonus,2810,Yes,Owns,8,10,10,8,5,PRIMARY CARE PHYSICIAN (PCP) ,IN-NETWORK,CO-PAY IN $,80,40,20,15,80,1,5,low,high,RISK,2
0,0,0,1,Hourly,2954,Yes,Owns,10,7,6,8,5,PRIMARY CARE PHYSICIAN (PCP) ,IN-NETWORK,CO-PAY IN $,80,20,40,15,80,1,5,low,high,RISK,2
0,0,1,0,Hourly,2299,Yes,Owns,6,5,5,8,5,PRIMARY CARE PHYSICIAN (PCP) ,IN-NETWORK,CO-PAY IN $,20,15,40,80,80,1,5,low,high,RISK,2
0,0,1,1,Hourly,1155,No,Rents,1,10,8,8,5,PRIMARY CARE PHYSICIAN (PCP) ,IN-NETWORK,CO-PAY IN $,15,40,20,80,80,1,5,low,high,RISK,2
1,0,1,0,Bonus,1856,Yes,Rents,7,0,4,8,5,PRIMARY CARE PHYSICIAN (PCP) ,IN-NETWORK,CO-PAY IN $,20,15,40,80,80,1,5,low,high,RISK,2
1,1,0,0,Salaried,3352,Yes,Rents,1,9,1,8,5,PRIMARY CARE PHYSICIAN (PCP) ,IN-NETWORK,CO-PAY IN $,15,80,20,40,80,1,5,low,high,RISK,2
1,0,0,0,Hourly,3735,Yes,Owns,8,4,5,8,5,PRIMARY CARE PHYSICIAN (PCP) ,IN-NETWORK,CO-PAY IN $,15,40,80,20,80,1,5,low,high,RISK,2
1,0,0,1,Salaried,1125,Yes,Rents,1,1,2,8,5,PRIMARY CARE PHYSICIAN (PCP) ,IN-NETWORK,CO-PAY IN $,80,40,20,15,80,1,5,low,high,RISK,2
1,0,1,0,Bonus,4695,No,Owns,0,6,5,8,5,PRIMARY CARE PHYSICIAN (PCP) ,IN-NETWORK,CO-PAY IN $,15,40,80,20,80,1,5,low,high,RISK,2
0,0,0,1,Salaried,1210,No,Rents,9,1,13,8,5,PRIMARY CARE PHYSICIAN (PCP) ,IN-NETWORK,CO-PAY IN $,20,15,80,40,80,1,5,low,high,RISK,2
1,1,1,0,Bonus,3149,No,Owns,1,3,4,8,5,PRIMARY CARE PHYSICIAN (PCP) ,IN-NETWORK,CO-PAY IN $,20,15,80,40,80,1,5,low,high,RISK,2
1,0,0,0,Bonus,3757,No,Rents,1,2,0,8,5,PRIMARY CARE PHYSICIAN (PCP) ,IN-NETWORK,CO-PAY IN $,80,40,15,20,80,1,5,low,high,RISK,2
1,0,1,1,Salaried,4038,Yes,Rents,5,5,12,8,5,PRIMARY CARE PHYSICIAN (PCP) ,IN-NETWORK,CO-PAY IN $,15,20,40,80,80,1,5,low,high,RISK,2
0,0,0,1,Bonus,381,No,Owns,2,6,13,8,5,PRIMARY CARE PHYSICIAN (PCP) ,IN-NETWORK,CO-PAY IN $,20,40,15,80,80,1,5,low,high,RISK,2
0,0,0,0,Hourly,2879,Yes,Rents,9,4,5,8,5,PRIMARY CARE PHYSICIAN (PCP) ,IN-NETWORK,CO-PAY IN $,20,40,80,15,80,1,5,low,high,RISK,2
0,1,0,0,Hourly,2246,No,Owns,9,4,8,8,5,PRIMARY CARE PHYSICIAN (PCP) ,IN-NETWORK,CO-PAY IN $,20,40,15,80,80,1,5,low,high,RISK,2
0,1,0,0,Hourly,3337,No,Rents,1,9,4,8,5,PRIMARY CARE PHYSICIAN (PCP) ,IN-NETWORK,CO-PAY IN $,20,80,15,40,80,1,5,low,high,RISK,2
1,0,0,0,Hourly,874,No,Owns,9,7,9,8,5,PRIMARY CARE PHYSICIAN (PCP) ,IN-NETWORK,CO-PAY IN $,20,15,80,40,80,1,5,low,high,RISK,2
0,1,0,0,Hourly,4470,Yes,Owns,0,5,23,8,5,PRIMARY CARE PHYSICIAN (PCP) ,IN-NETWORK,CO-PAY IN $,20,80,15,40,80,1,5,low,high,RISK,2
1,0,1,0,Hourly,3252,Yes,Owns,4,1,9,8,5,PRIMARY CARE PHYSICIAN (PCP) ,IN-NETWORK,CO-PAY IN $,20,15,40,80,80,1,5,low,high,RISK,2
0,1,0,0,Hourly,176,Yes,Rents,3,8,6,8,5,PRIMARY CARE PHYSICIAN (PCP) ,IN-NETWORK,CO-PAY IN $,15,20,40,80,80,1,5,low,high,RISK,2
0,0,1,0,Hourly,3681,Yes,Owns,1,2,1,8,5,PRIMARY CARE PHYSICIAN (PCP) ,IN-NETWORK,CO-PAY IN $,15,20,40,80,80,1,5,low,high,RISK,2
0,1,1,1,Hourly,1019,Yes,Owns,8,10,2,8,5,PRIMARY CARE PHYSICIAN (PCP) ,IN-NETWORK,CO-PAY IN $,80,15,40,20,80,1,5,low,high,RISK,2
0,1,1,0,Bonus,4493,Yes,Owns,10,4,3,8,5,PRIMARY CARE PHYSICIAN (PCP) ,IN-NETWORK,CO-PAY IN $,40,20,80,15,80,1,5,low,high,RISK,2
0,1,1,0,Salaried,1012,Yes,Owns,8,2,25,8,5,PRIMARY CARE PHYSICIAN (PCP) ,IN-NETWORK,CO-PAY IN $,20,40,80,15,80,1,5,low,high,RISK,2
0,0,0,0,Bonus,1248,Yes,Rents,1,10,10,8,5,PRIMARY CARE PHYSICIAN (PCP) ,IN-NETWORK,CO-PAY IN $,20,40,80,15,80,1,5,low,high,RISK,2
0,0,0,0,Salaried,1214,No,Owns,1,7,6,8,5,PRIMARY CARE PHYSICIAN (PCP) ,IN-NETWORK,CO-PAY IN $,40,15,20,80,80,1,5,low,high,RISK,2
0,0,0,0,Bonus,1440,Yes,Owns,4,10,8,8,5,PRIMARY CARE PHYSICIAN (PCP) ,IN-NETWORK,CO-PAY IN $,15,40,80,20,80,1,5,low,high,RISK,2
1,0,1,0,Bonus,2951,No,Owns,4,0,4,8,5,PRIMARY CARE PHYSICIAN (PCP) ,IN-NETWORK,CO-PAY IN $,40,80,20,15,80,1,5,low,high,RISK,2
2,1,0,2,Salaried,4377,No,Rents,10,19,27,8,6,PRIMARY CARE PHYSICIAN (PCP) ,IN-NETWORK,CO-PAY IN $,20,15,80,40,40,2,10,low,high,RISK,2
0,1,1,0,Salaried,1919,No,Owns,10,15,31,8,6,PRIMARY CARE PHYSICIAN (PCP) ,IN-NETWORK,CO-PAY IN $,15,80,20,40,40,2,10,low,high,RISK,2
1,1,0,0,Salaried,4671,Yes,Rents,15,12,28,8,6,PRIMARY CARE PHYSICIAN (PCP) ,IN-NETWORK,CO-PAY IN $,15,40,20,80,40,2,10,low,high,RISK,2
2,1,0,0,Bonus,1139,No,Owns,13,16,31,8,6,PRIMARY CARE PHYSICIAN (PCP) ,IN-NETWORK,CO-PAY IN $,20,15,40,80,40,2,10,low,high,RISK,2
1,1,2,1,Bonus,3085,No,Rents,9,12,39,8,6,PRIMARY CARE PHYSICIAN (PCP) ,IN-NETWORK,CO-PAY IN $,15,40,80,20,40,2,10,low,high,RISK,2
0,1,2,0,Salaried,912,Yes,Rents,16,14,30,8,6,PRIMARY CARE PHYSICIAN (PCP) ,IN-NETWORK,CO-PAY IN $,40,20,80,15,40,2,10,low,high,RISK,2
1,0,2,1,Hourly,3561,Yes,Owns,12,13,26,8,6,PRIMARY CARE PHYSICIAN (PCP) ,IN-NETWORK,CO-PAY IN $,80,20,15,40,40,2,10,low,high,RISK,2
1,2,0,0,Hourly,4350,No,Rents,7,16,37,8,6,PRIMARY CARE PHYSICIAN (PCP) ,IN-NETWORK,CO-PAY IN $,20,15,40,80,40,2,10,low,high,RISK,2
2,2,1,2,Salaried,3664,No,Owns,7,16,39,8,6,PRIMARY CARE PHYSICIAN (PCP) ,IN-NETWORK,CO-PAY IN $,15,40,80,20,40,2,10,low,high,RISK,2
0,0,0,1,Bonus,1972,Yes,Owns,17,14,30,8,6,PRIMARY CARE PHYSICIAN (PCP) ,IN-NETWORK,CO-PAY IN $,80,40,20,15,40,2,10,low,high,RISK,2
1,0,2,2,Salaried,1235,Yes,Rents,14,14,34,8,6,PRIMARY CARE PHYSICIAN (PCP) ,IN-NETWORK,CO-PAY IN $,80,20,15,40,40,2,10,low,high,RISK,2
0,2,0,1,Bonus,2294,Yes,Owns,10,19,30,8,6,PRIMARY CARE PHYSICIAN (PCP) ,IN-NETWORK,CO-PAY IN $,15,40,80,20,40,2,10,low,high,RISK,2
0,1,2,0,Salaried,4592,Yes,Rents,16,17,35,8,6,PRIMARY CARE PHYSICIAN (PCP) ,IN-NETWORK,CO-PAY IN $,15,20,40,80,40,2,10,low,high,RISK,2
0,0,1,1,Hourly,2183,Yes,Owns,6,15,48,8,6,PRIMARY CARE PHYSICIAN (PCP) ,IN-NETWORK,CO-PAY IN $,20,80,15,40,40,2,10,low,high,RISK,2
1,1,2,1,Salaried,1622,Yes,Rents,8,12,35,8,6,PRIMARY CARE PHYSICIAN (PCP) ,IN-NETWORK,CO-PAY IN $,20,40,80,15,40,2,10,low,high,RISK,2
1,2,1,2,Salaried,4259,Yes,Rents,6,18,32,8,6,PRIMARY CARE PHYSICIAN (PCP) ,IN-NETWORK,CO-PAY IN $,15,20,40,80,40,2,10,low,high,RISK,2
2,1,1,2,Salaried,4138,No,Owns,17,13,27,8,6,PRIMARY CARE PHYSICIAN (PCP) ,IN-NETWORK,CO-PAY IN $,40,20,15,80,40,2,10,low,high,RISK,2
2,0,1,2,Bonus,2742,No,Owns,17,20,28,8,6,PRIMARY CARE PHYSICIAN (PCP) ,IN-NETWORK,CO-PAY IN $,15,40,20,80,40,2,10,low,high,RISK,2
1,1,0,2,Bonus,4027,Yes,Rents,8,14,29,8,6,PRIMARY CARE PHYSICIAN (PCP) ,IN-NETWORK,CO-PAY IN $,40,20,15,80,40,2,10,low,high,RISK,2
1,1,0,0,Bonus,3643,No,Rents,16,13,50,8,6,PRIMARY CARE PHYSICIAN (PCP) ,IN-NETWORK,CO-PAY IN $,20,40,15,80,40,2,10,low,high,RISK,2
1,0,2,0,Salaried,1855,No,Rents,17,20,35,8,6,PRIMARY CARE PHYSICIAN (PCP) ,IN-NETWORK,CO-PAY IN $,15,40,80,20,40,2,10,low,high,RISK,2
1,2,0,1,Bonus,4199,No,Owns,14,17,32,8,6,PRIMARY CARE PHYSICIAN (PCP) ,IN-NETWORK,CO-PAY IN $,20,40,80,15,40,2,10,low,high,RISK,2
0,2,1,0,Salaried,358,No,Rents,12,16,31,8,6,PRIMARY CARE PHYSICIAN (PCP) ,IN-NETWORK,CO-PAY IN $,20,40,80,15,40,2,10,low,high,RISK,2
1,1,1,1,Salaried,2175,No,Owns,16,20,34,8,6,PRIMARY CARE PHYSICIAN (PCP) ,IN-NETWORK,CO-PAY IN $,80,40,20,15,40,2,10,low,high,RISK,2
1,1,0,0,Bonus,2804,No,Owns,11,11,30,8,6,PRIMARY CARE PHYSICIAN (PCP) ,IN-NETWORK,CO-PAY IN $,20,15,40,80,40,2,10,low,high,RISK,2
2,1,2,1,Bonus,2793,Yes,Owns,17,19,27,8,6,PRIMARY CARE PHYSICIAN (PCP) ,IN-NETWORK,CO-PAY IN $,40,15,80,20,40,2,10,low,high,RISK,2
2,0,2,0,Salaried,1366,No,Owns,14,15,31,8,6,PRIMARY CARE PHYSICIAN (PCP) ,IN-NETWORK,CO-PAY IN $,15,20,40,80,40,2,10,low,high,RISK,2
0,1,1,2,Salaried,3990,No,Rents,13,12,28,8,6,PRIMARY CARE PHYSICIAN (PCP) ,IN-NETWORK,CO-PAY IN $,15,20,80,40,40,2,10,low,high,RISK,2
0,1,1,0,Salaried,1625,No,Owns,16,16,31,8,6,PRIMARY CARE PHYSICIAN (PCP) ,IN-NETWORK,CO-PAY IN $,40,20,15,80,40,2,10,low,high,RISK,2
1,2,0,0,Hourly,1178,No,Owns,5,12,39,8,6,PRIMARY CARE PHYSICIAN (PCP) ,IN-NETWORK,CO-PAY IN $,80,15,20,40,40,2,10,low,high,RISK,2
1,1,0,0,Hourly,2665,No,Rents,8,14,30,8,6,PRIMARY CARE PHYSICIAN (PCP) ,IN-NETWORK,CO-PAY IN $,20,80,40,15,40,2,10,low,high,RISK,2
1,1,2,0,Hourly,4144,No,Owns,9,13,26,8,6,PRIMARY CARE PHYSICIAN (PCP) ,IN-NETWORK,CO-PAY IN $,15,40,20,80,40,2,10,low,high,RISK,2
1,1,2,0,Hourly,2547,Yes,Owns,14,16,37,8,6,PRIMARY CARE PHYSICIAN (PCP) ,IN-NETWORK,CO-PAY IN $,15,40,20,80,40,2,10,low,high,RISK,2
1,1,1,0,Hourly,152,Yes,Owns,15,16,39,8,6,PRIMARY CARE PHYSICIAN (PCP) ,IN-NETWORK,CO-PAY IN $,80,20,40,15,40,2,10,low,high,RISK,2
0,0,0,0,Bonus,2909,Yes,Rents,9,14,30,8,6,PRIMARY CARE PHYSICIAN (PCP) ,IN-NETWORK,CO-PAY IN $,15,40,80,20,40,2,10,low,high,RISK,2
2,2,1,1,Bonus,2404,Yes,Owns,11,14,34,8,6,PRIMARY CARE PHYSICIAN (PCP) ,IN-NETWORK,CO-PAY IN $,15,40,20,80,40,2,10,low,high,RISK,2
2,0,1,2,Bonus,144,Yes,Owns,10,19,30,8,6,PRIMARY CARE PHYSICIAN (PCP) ,IN-NETWORK,CO-PAY IN $,80,15,20,40,40,2,10,low,high,RISK,2
2,0,1,0,Hourly,2250,No,Owns,11,17,35,8,6,PRIMARY CARE PHYSICIAN (PCP) ,IN-NETWORK,CO-PAY IN $,15,20,40,80,40,2,10,low,high,RISK,2
1,1,0,0,Salaried,792,No,Owns,12,12,35,8,6,PRIMARY CARE PHYSICIAN (PCP) ,IN-NETWORK,CO-PAY IN $,20,80,15,40,40,2,10,low,high,RISK,2
0,2,0,1,Hourly,3429,No,Rents,15,18,32,8,6,PRIMARY CARE PHYSICIAN (PCP) ,IN-NETWORK,CO-PAY IN $,15,20,40,80,40,2,10,low,high,RISK,2
0,2,0,1,Hourly,1596,Yes,Owns,11,13,27,8,6,PRIMARY CARE PHYSICIAN (PCP) ,IN-NETWORK,CO-PAY IN $,15,20,40,80,40,2,10,low,high,RISK,2
1,1,2,0,Salaried,83,Yes,Owns,7,20,28,8,6,PRIMARY CARE PHYSICIAN (PCP) ,IN-NETWORK,CO-PAY IN $,20,80,15,40,40,2,10,low,high,RISK,2
1,2,0,2,Salaried,3601,No,Owns,6,14,29,8,6,PRIMARY CARE PHYSICIAN (PCP) ,IN-NETWORK,CO-PAY IN $,40,20,80,15,40,2,10,low,high,RISK,2
1,1,0,1,Bonus,861,No,Owns,15,13,50,8,6,PRIMARY CARE PHYSICIAN (PCP) ,IN-NETWORK,CO-PAY IN $,40,80,15,20,40,2,10,low,high,RISK,2
0,2,2,2,Salaried,2240,Yes,Rents,15,20,35,8,6,PRIMARY CARE PHYSICIAN (PCP) ,IN-NETWORK,CO-PAY IN $,20,40,15,80,40,2,10,low,high,RISK,2
1,0,0,0,Hourly,2384,No,Rents,6,17,32,8,6,PRIMARY CARE PHYSICIAN (PCP) ,IN-NETWORK,CO-PAY IN $,20,40,15,80,40,2,10,low,high,RISK,2
0,0,0,0,Bonus,2363,Yes,Rents,12,16,31,8,6,PRIMARY CARE PHYSICIAN (PCP) ,IN-NETWORK,CO-PAY IN $,20,80,15,40,40,2,10,low,high,RISK,2
1,1,2,0,Salaried,4539,No,Owns,10,20,34,8,6,PRIMARY CARE PHYSICIAN (PCP) ,IN-NETWORK,CO-PAY IN $,15,40,80,20,40,2,10,low,high,RISK,2
1,1,0,0,Bonus,489,No,Rents,9,11,30,8,6,PRIMARY CARE PHYSICIAN (PCP) ,IN-NETWORK,CO-PAY IN $,20,40,80,15,40,2,10,low,high,RISK,2
1,2,0,2,Bonus,4623,Yes,Owns,7,19,27,8,6,PRIMARY CARE PHYSICIAN (PCP) ,IN-NETWORK,CO-PAY IN $,20,15,80,40,40,2,10,low,high,RISK,2
1,0,0,0,Salaried,153,Yes,Owns,5,15,31,8,6,PRIMARY CARE PHYSICIAN (PCP) ,IN-NETWORK,CO-PAY IN $,80,20,15,40,40,2,10,low,high,RISK,2
0,2,2,1,Salaried,3954,No,Owns,6,12,28,8,6,PRIMARY CARE PHYSICIAN (PCP) ,IN-NETWORK,CO-PAY IN $,15,80,40,20,40,2,10,low,high,RISK,2
0,1,0,0,Salaried,4742,No,Rents,5,16,31,8,6,PRIMARY CARE PHYSICIAN (PCP) ,IN-NETWORK,CO-PAY IN $,40,80,20,15,40,2,10,low,high,RISK,2
0,0,0,1,Hourly,3289,No,Rents,15,12,39,8,6,PRIMARY CARE PHYSICIAN (PCP) ,IN-NETWORK,CO-PAY IN $,40,20,15,80,40,2,10,low,high,RISK,2
0,0,1,1,Bonus,3409,Yes,Rents,13,14,30,8,6,PRIMARY CARE PHYSICIAN (PCP) ,IN-NETWORK,CO-PAY IN $,15,80,40,20,40,2,10,low,high,RISK,2
0,0,2,1,Bonus,3179,No,Rents,8,13,26,8,6,PRIMARY CARE PHYSICIAN (PCP) ,IN-NETWORK,CO-PAY IN $,80,20,15,40,40,2,10,low,high,RISK,2
0,0,0,1,Bonus,4271,No,Rents,9,16,37,8,6,PRIMARY CARE PHYSICIAN (PCP) ,IN-NETWORK,CO-PAY IN $,15,20,80,40,40,2,10,low,high,RISK,2
0,0,0,0,Hourly,4605,Yes,Rents,10,16,39,8,6,PRIMARY CARE PHYSICIAN (PCP) ,IN-NETWORK,CO-PAY IN $,15,20,40,80,40,2,10,low,high,RISK,2
0,2,2,2,Salaried,3042,Yes,Rents,6,14,30,8,6,PRIMARY CARE PHYSICIAN (PCP) ,IN-NETWORK,CO-PAY IN $,80,15,20,40,40,2,10,low,high,RISK,2
0,2,2,0,Hourly,170,No,Rents,16,14,34,8,6,PRIMARY CARE PHYSICIAN (PCP) ,IN-NETWORK,CO-PAY IN $,15,80,40,20,40,2,10,low,high,RISK,2
0,1,0,2,Salaried,2062,No,Rents,7,19,30,8,6,PRIMARY CARE PHYSICIAN (PCP) ,IN-NETWORK,CO-PAY IN $,80,15,20,40,40,2,10,low,high,RISK,2
1,1,2,2,Bonus,1962,No,Rents,5,17,35,8,6,PRIMARY CARE PHYSICIAN (PCP) ,IN-NETWORK,CO-PAY IN $,20,80,15,40,40,2,10,low,high,RISK,2
0,0,0,0,Bonus,1006,No,Owns,11,15,48,8,6,PRIMARY CARE PHYSICIAN (PCP) ,IN-NETWORK,CO-PAY IN $,20,40,80,15,40,2,10,low,high,RISK,2
0,2,1,2,Salaried,4555,No,Rents,8,12,35,8,6,PRIMARY CARE PHYSICIAN (PCP) ,IN-NETWORK,CO-PAY IN $,40,15,80,20,40,2,10,low,high,RISK,2
2,1,1,0,Bonus,458,No,Rents,10,18,32,8,6,PRIMARY CARE PHYSICIAN (PCP) ,IN-NETWORK,CO-PAY IN $,80,15,20,40,40,2,10,low,high,RISK,2
2,0,2,1,Hourly,1593,No,Owns,5,13,27,8,6,PRIMARY CARE PHYSICIAN (PCP) ,IN-NETWORK,CO-PAY IN $,20,80,40,15,40,2,10,low,high,RISK,2
0,2,0,1,Hourly,4519,Yes,Owns,11,20,28,8,6,PRIMARY CARE PHYSICIAN (PCP) ,IN-NETWORK,CO-PAY IN $,20,15,80,40,40,2,10,low,high,RISK,2
0,1,0,0,Bonus,2639,No,Rents,5,14,29,8,6,PRIMARY CARE PHYSICIAN (PCP) ,IN-NETWORK,CO-PAY IN $,20,80,40,15,40,2,10,low,high,RISK,2
0,0,2,1,Hourly,2563,Yes,Rents,15,13,50,8,6,PRIMARY CARE PHYSICIAN (PCP) ,IN-NETWORK,CO-PAY IN $,80,15,20,40,40,2,10,low,high,RISK,2
0,1,2,1,Bonus,2810,Yes,Owns,15,20,35,8,6,PRIMARY CARE PHYSICIAN (PCP) ,IN-NETWORK,CO-PAY IN $,20,40,15,80,40,2,10,low,high,RISK,2
1,1,0,1,Hourly,2954,Yes,Owns,18,17,32,8,6,PRIMARY CARE PHYSICIAN (PCP) ,IN-NETWORK,CO-PAY IN $,15,80,20,40,40,2,10,low,high,RISK,2
1,0,2,0,Hourly,2299,Yes,Owns,13,16,31,8,6,PRIMARY CARE PHYSICIAN (PCP) ,IN-NETWORK,CO-PAY IN $,15,40,20,80,40,2,10,low,high,RISK,2
0,0,1,2,Hourly,1155,No,Rents,6,20,34,8,6,PRIMARY CARE PHYSICIAN (PCP) ,IN-NETWORK,CO-PAY IN $,15,40,80,20,40,2,10,low,high,RISK,2
1,0,2,0,Bonus,1856,Yes,Rents,14,11,30,8,6,PRIMARY CARE PHYSICIAN (PCP) ,IN-NETWORK,CO-PAY IN $,15,80,20,40,40,2,10,low,high,RISK,2
2,1,1,0,Salaried,3352,Yes,Rents,6,19,27,8,6,PRIMARY CARE PHYSICIAN (PCP) ,IN-NETWORK,CO-PAY IN $,80,20,40,15,40,2,10,low,high,RISK,2
2,0,0,1,Hourly,3735,Yes,Owns,15,15,31,8,6,PRIMARY CARE PHYSICIAN (PCP) ,IN-NETWORK,CO-PAY IN $,15,80,20,40,40,2,10,low,high,RISK,2
2,1,0,2,Salaried,1125,Yes,Rents,6,12,28,8,6,PRIMARY CARE PHYSICIAN (PCP) ,IN-NETWORK,CO-PAY IN $,40,80,20,15,40,2,10,low,high,RISK,2
2,0,1,0,Bonus,4695,No,Owns,5,16,31,8,6,PRIMARY CARE PHYSICIAN (PCP) ,IN-NETWORK,CO-PAY IN $,15,20,80,40,40,2,10,low,high,RISK,2
1,1,1,1,Salaried,1210,No,Rents,17,12,39,8,6,PRIMARY CARE PHYSICIAN (PCP) ,IN-NETWORK,CO-PAY IN $,80,20,15,40,40,2,10,low,high,RISK,2
1,2,1,0,Bonus,3149,No,Owns,6,14,30,8,6,PRIMARY CARE PHYSICIAN (PCP) ,IN-NETWORK,CO-PAY IN $,15,40,80,20,40,2,10,low,high,RISK,2
1,1,1,1,Bonus,3757,No,Rents,6,13,26,8,6,PRIMARY CARE PHYSICIAN (PCP) ,IN-NETWORK,CO-PAY IN $,80,40,15,20,40,2,10,low,high,RISK,2
1,0,2,1,Salaried,4038,Yes,Rents,12,16,37,8,6,PRIMARY CARE PHYSICIAN (PCP) ,IN-NETWORK,CO-PAY IN $,20,80,15,40,40,2,10,low,high,RISK,2
0,0,0,2,Bonus,381,No,Owns,8,16,39,8,6,PRIMARY CARE PHYSICIAN (PCP) ,IN-NETWORK,CO-PAY IN $,40,20,80,15,40,2,10,low,high,RISK,2
0,0,1,1,Hourly,2879,Yes,Rents,16,14,30,8,6,PRIMARY CARE PHYSICIAN (PCP) ,IN-NETWORK,CO-PAY IN $,20,40,15,80,40,2,10,low,high,RISK,2
1,2,0,0,Hourly,2246,No,Owns,17,14,34,8,6,PRIMARY CARE PHYSICIAN (PCP) ,IN-NETWORK,CO-PAY IN $,20,80,40,15,40,2,10,low,high,RISK,2
0,2,1,0,Hourly,3337,No,Rents,7,19,30,8,6,PRIMARY CARE PHYSICIAN (PCP) ,IN-NETWORK,CO-PAY IN $,20,15,80,40,40,2,10,low,high,RISK,2
1,1,1,1,Hourly,874,No,Owns,17,17,35,8,6,PRIMARY CARE PHYSICIAN (PCP) ,IN-NETWORK,CO-PAY IN $,80,40,20,15,40,2,10,low,high,RISK,2
2,0,1,1,Hourly,3252,Yes,Owns,10,12,35,8,6,PRIMARY CARE PHYSICIAN (PCP) ,IN-NETWORK,CO-PAY IN $,15,20,40,80,40,2,10,low,high,RISK,2
0,2,0,1,Hourly,176,Yes,Rents,9,18,32,8,6,PRIMARY CARE PHYSICIAN (PCP) ,IN-NETWORK,CO-PAY IN $,20,80,40,15,40,2,10,low,high,RISK,2
1,0,2,0,Hourly,3681,Yes,Owns,6,13,27,8,6,PRIMARY CARE PHYSICIAN (PCP) ,IN-NETWORK,CO-PAY IN $,15,40,20,80,40,2,10,low,high,RISK,2
1,2,1,2,Hourly,1019,Yes,Owns,15,20,28,8,6,PRIMARY CARE PHYSICIAN (PCP) ,IN-NETWORK,CO-PAY IN $,20,15,80,40,40,2,10,low,high,RISK,2
1,2,1,1,Bonus,4493,Yes,Owns,18,14,29,8,6,PRIMARY CARE PHYSICIAN (PCP) ,IN-NETWORK,CO-PAY IN $,40,15,80,20,40,2,10,low,high,RISK,2
1,2,2,0,Salaried,1012,Yes,Owns,15,13,50,8,6,PRIMARY CARE PHYSICIAN (PCP) ,IN-NETWORK,CO-PAY IN $,40,80,15,20,40,2,10,low,high,RISK,2
0,0,1,1,Bonus,1248,Yes,Rents,7,20,35,8,6,PRIMARY CARE PHYSICIAN (PCP) ,IN-NETWORK,CO-PAY IN $,40,80,20,15,40,2,10,low,high,RISK,2
0,0,1,0,Salaried,1214,No,Owns,6,17,32,8,6,PRIMARY CARE PHYSICIAN (PCP) ,IN-NETWORK,CO-PAY IN $,80,20,40,15,40,2,10,low,high,RISK,2
1,0,1,0,Salaried,2852,Yes,Rents,6,16,31,8,6,PRIMARY CARE PHYSICIAN (PCP) ,IN-NETWORK,CO-PAY IN $,15,20,40,80,40,2,10,low,high,RISK,2
1,0,0,0,Bonus,1440,Yes,Owns,10,20,34,8,6,PRIMARY CARE PHYSICIAN (PCP) ,IN-NETWORK,CO-PAY IN $,15,80,20,40,40,2,10,low,high,RISK,2
1,0,1,0,Bonus,2951,No,Owns,11,11,30,8,6,PRIMARY CARE PHYSICIAN (PCP) ,IN-NETWORK,CO-PAY IN $,40,20,15,80,40,2,10,low,high,RISK,2
1,1,2,1,Salaried,1919,No,Owns,25,33,56,8,7,PRIMARY CARE PHYSICIAN (PCP) ,IN-NETWORK,CO-PAY IN $,15,40,20,80,40,2,20,low,high,RISK,2
2,2,1,1,Salaried,4671,Yes,Rents,33,23,53,8,7,PRIMARY CARE PHYSICIAN (PCP) ,IN-NETWORK,CO-PAY IN $,40,15,80,20,40,2,20,low,high,RISK,2
3,2,1,1,Bonus,1139,No,Owns,29,38,56,8,7,PRIMARY CARE PHYSICIAN (PCP) ,IN-NETWORK,CO-PAY IN $,15,80,20,40,40,2,20,low,high,RISK,2
1,2,3,2,Bonus,3085,No,Rents,23,24,64,8,7,PRIMARY CARE PHYSICIAN (PCP) ,IN-NETWORK,CO-PAY IN $,40,20,80,15,40,2,20,low,high,RISK,2
1,2,3,1,Salaried,912,Yes,Rents,37,29,55,8,7,PRIMARY CARE PHYSICIAN (PCP) ,IN-NETWORK,CO-PAY IN $,80,20,40,15,40,2,20,low,high,RISK,2
2,1,3,2,Hourly,3561,Yes,Owns,28,26,51,8,7,PRIMARY CARE PHYSICIAN (PCP) ,IN-NETWORK,CO-PAY IN $,15,40,80,20,40,2,20,low,high,RISK,2
2,3,1,1,Hourly,4350,No,Rents,19,36,62,8,7,PRIMARY CARE PHYSICIAN (PCP) ,IN-NETWORK,CO-PAY IN $,15,20,80,40,40,2,20,low,high,RISK,2
3,3,2,3,Salaried,3664,No,Owns,18,38,64,8,7,PRIMARY CARE PHYSICIAN (PCP) ,IN-NETWORK,CO-PAY IN $,80,20,40,15,40,2,20,low,high,RISK,2
1,1,1,1,Bonus,1972,Yes,Owns,38,31,55,8,7,PRIMARY CARE PHYSICIAN (PCP) ,IN-NETWORK,CO-PAY IN $,80,20,40,15,40,2,20,low,high,RISK,2
1,1,3,3,Salaried,1235,Yes,Rents,32,31,59,8,7,PRIMARY CARE PHYSICIAN (PCP) ,IN-NETWORK,CO-PAY IN $,80,40,20,15,40,2,20,low,high,RISK,2
1,3,1,2,Bonus,2294,Yes,Owns,25,47,55,8,7,PRIMARY CARE PHYSICIAN (PCP) ,IN-NETWORK,CO-PAY IN $,40,15,20,80,40,2,20,low,high,RISK,2
1,2,3,1,Salaried,4592,Yes,Rents,37,41,60,8,7,PRIMARY CARE PHYSICIAN (PCP) ,IN-NETWORK,CO-PAY IN $,80,20,15,40,40,2,20,low,high,RISK,2
1,1,1,2,Hourly,2183,Yes,Owns,16,35,73,8,7,PRIMARY CARE PHYSICIAN (PCP) ,IN-NETWORK,CO-PAY IN $,20,80,40,15,40,2,20,low,high,RISK,2
2,2,3,2,Salaried,1622,Yes,Rents,21,24,60,8,7,PRIMARY CARE PHYSICIAN (PCP) ,IN-NETWORK,CO-PAY IN $,40,15,20,80,40,2,20,low,high,RISK,2
2,3,1,3,Salaried,4259,Yes,Rents,17,43,57,8,7,PRIMARY CARE PHYSICIAN (PCP) ,IN-NETWORK,CO-PAY IN $,15,80,20,40,40,2,20,low,high,RISK,2
3,1,2,3,Bonus,2742,No,Owns,39,50,53,8,7,PRIMARY CARE PHYSICIAN (PCP) ,IN-NETWORK,CO-PAY IN $,20,40,80,15,40,2,20,low,high,RISK,2
1,1,1,3,Bonus,4027,Yes,Rents,21,31,54,8,7,PRIMARY CARE PHYSICIAN (PCP) ,IN-NETWORK,CO-PAY IN $,80,20,15,40,40,2,20,low,high,RISK,2
2,2,1,1,Bonus,3643,No,Rents,35,26,75,8,7,PRIMARY CARE PHYSICIAN (PCP) ,IN-NETWORK,CO-PAY IN $,20,80,40,15,40,2,20,low,high,RISK,2
2,1,3,1,Salaried,1855,No,Rents,39,49,60,8,7,PRIMARY CARE PHYSICIAN (PCP) ,IN-NETWORK,CO-PAY IN $,15,20,80,40,40,2,20,low,high,RISK,2
1,3,1,1,Bonus,4199,No,Owns,33,40,57,8,7,PRIMARY CARE PHYSICIAN (PCP) ,IN-NETWORK,CO-PAY IN $,80,15,40,20,40,2,20,low,high,RISK,2
1,3,2,1,Salaried,358,No,Rents,28,36,56,8,7,PRIMARY CARE PHYSICIAN (PCP) ,IN-NETWORK,CO-PAY IN $,40,20,80,15,40,2,20,low,high,RISK,2
2,2,2,1,Salaried,2175,No,Owns,35,49,59,8,7,PRIMARY CARE PHYSICIAN (PCP) ,IN-NETWORK,CO-PAY IN $,15,80,40,20,40,2,20,low,high,RISK,2
2,2,1,1,Bonus,2804,No,Owns,26,20,55,8,7,PRIMARY CARE PHYSICIAN (PCP) ,IN-NETWORK,CO-PAY IN $,15,80,40,20,40,2,20,low,high,RISK,2
3,3,3,2,Bonus,2793,Yes,Owns,39,48,52,8,7,PRIMARY CARE PHYSICIAN (PCP) ,IN-NETWORK,CO-PAY IN $,15,80,40,20,40,2,20,low,high,RISK,2
3,1,3,1,Salaried,1366,No,Owns,32,33,56,8,7,PRIMARY CARE PHYSICIAN (PCP) ,IN-NETWORK,CO-PAY IN $,40,15,20,80,40,2,20,low,high,RISK,2
1,2,2,3,Salaried,3990,No,Rents,30,23,53,8,7,PRIMARY CARE PHYSICIAN (PCP) ,IN-NETWORK,CO-PAY IN $,20,15,40,80,40,2,20,low,high,RISK,2
1,2,2,1,Salaried,1625,No,Owns,36,38,56,8,7,PRIMARY CARE PHYSICIAN (PCP) ,IN-NETWORK,CO-PAY IN $,40,80,15,20,40,2,20,low,high,RISK,2
2,3,1,1,Hourly,1178,No,Owns,15,24,64,8,7,PRIMARY CARE PHYSICIAN (PCP) ,IN-NETWORK,CO-PAY IN $,40,20,80,15,40,2,20,low,high,RISK,2
2,1,1,1,Hourly,2665,No,Rents,20,29,55,8,7,PRIMARY CARE PHYSICIAN (PCP) ,IN-NETWORK,CO-PAY IN $,20,40,80,15,40,2,20,low,high,RISK,2
2,3,3,1,Hourly,4144,No,Owns,23,26,51,8,7,PRIMARY CARE PHYSICIAN (PCP) ,IN-NETWORK,CO-PAY IN $,20,80,15,40,40,2,20,low,high,RISK,2
2,2,3,1,Hourly,2547,Yes,Owns,32,36,62,8,7,PRIMARY CARE PHYSICIAN (PCP) ,IN-NETWORK,CO-PAY IN $,15,20,40,80,40,2,20,low,high,RISK,2
2,1,2,1,Hourly,152,Yes,Owns,34,38,64,8,7,PRIMARY CARE PHYSICIAN (PCP) ,IN-NETWORK,CO-PAY IN $,40,20,15,80,40,2,20,low,high,RISK,2
1,1,1,1,Bonus,2909,Yes,Rents,23,31,55,8,7,PRIMARY CARE PHYSICIAN (PCP) ,IN-NETWORK,CO-PAY IN $,15,20,80,40,40,2,20,low,high,RISK,2
3,3,2,2,Bonus,2404,Yes,Owns,27,31,59,8,7,PRIMARY CARE PHYSICIAN (PCP) ,IN-NETWORK,CO-PAY IN $,40,15,20,80,40,2,20,low,high,RISK,2
3,1,2,3,Bonus,144,Yes,Owns,24,47,55,8,7,PRIMARY CARE PHYSICIAN (PCP) ,IN-NETWORK,CO-PAY IN $,80,20,40,15,40,2,20,low,high,RISK,2
3,1,2,1,Hourly,2250,No,Owns,26,41,60,8,7,PRIMARY CARE PHYSICIAN (PCP) ,IN-NETWORK,CO-PAY IN $,40,15,80,20,40,2,20,low,high,RISK,2
3,1,1,1,Hourly,4826,No,Owns,25,35,73,8,7,PRIMARY CARE PHYSICIAN (PCP) ,IN-NETWORK,CO-PAY IN $,80,20,40,15,40,2,20,low,high,RISK,2
2,2,1,1,Salaried,792,No,Owns,28,24,60,8,7,PRIMARY CARE PHYSICIAN (PCP) ,IN-NETWORK,CO-PAY IN $,15,20,80,40,40,2,20,low,high,RISK,2
1,3,1,2,Hourly,3429,No,Rents,34,43,57,8,7,PRIMARY CARE PHYSICIAN (PCP) ,IN-NETWORK,CO-PAY IN $,15,20,80,40,40,2,20,low,high,RISK,2
1,3,1,2,Hourly,1596,Yes,Owns,27,25,52,8,7,PRIMARY CARE PHYSICIAN (PCP) ,IN-NETWORK,CO-PAY IN $,20,15,40,80,40,2,20,low,high,RISK,2
2,3,3,1,Salaried,83,Yes,Owns,19,50,53,8,7,PRIMARY CARE PHYSICIAN (PCP) ,IN-NETWORK,CO-PAY IN $,80,20,15,40,40,2,20,low,high,RISK,2
2,3,1,3,Salaried,3601,No,Owns,17,31,54,8,7,PRIMARY CARE PHYSICIAN (PCP) ,IN-NETWORK,CO-PAY IN $,40,20,15,80,40,2,20,low,high,RISK,2
2,2,1,2,Bonus,861,No,Owns,34,26,75,8,7,PRIMARY CARE PHYSICIAN (PCP) ,IN-NETWORK,CO-PAY IN $,20,40,80,15,40,2,20,low,high,RISK,2
1,3,3,3,Salaried,2240,Yes,Rents,35,49,60,8,7,PRIMARY CARE PHYSICIAN (PCP) ,IN-NETWORK,CO-PAY IN $,15,80,20,40,40,2,20,low,high,RISK,2
1,1,1,1,Hourly,2384,No,Rents,17,40,57,8,7,PRIMARY CARE PHYSICIAN (PCP) ,IN-NETWORK,CO-PAY IN $,40,15,80,20,40,2,20,low,high,RISK,2
1,1,1,1,Bonus,2363,Yes,Rents,29,36,56,8,7,PRIMARY CARE PHYSICIAN (PCP) ,IN-NETWORK,CO-PAY IN $,15,40,20,80,40,2,20,low,high,RISK,2
2,1,3,1,Salaried,4539,No,Owns,24,49,59,8,7,PRIMARY CARE PHYSICIAN (PCP) ,IN-NETWORK,CO-PAY IN $,40,80,15,20,40,2,20,low,high,RISK,2
2,1,1,1,Bonus,489,No,Rents,23,20,55,8,7,PRIMARY CARE PHYSICIAN (PCP) ,IN-NETWORK,CO-PAY IN $,20,15,40,80,40,2,20,low,high,RISK,2
2,3,1,3,Bonus,4623,Yes,Owns,19,48,52,8,7,PRIMARY CARE PHYSICIAN (PCP) ,IN-NETWORK,CO-PAY IN $,15,40,80,20,40,2,20,low,high,RISK,2
2,1,1,1,Salaried,153,Yes,Owns,15,33,56,8,7,PRIMARY CARE PHYSICIAN (PCP) ,IN-NETWORK,CO-PAY IN $,15,40,20,80,40,2,20,low,high,RISK,2
1,3,3,2,Salaried,3954,No,Owns,17,23,53,8,7,PRIMARY CARE PHYSICIAN (PCP) ,IN-NETWORK,CO-PAY IN $,15,80,40,20,40,2,20,low,high,RISK,2
1,2,1,1,Salaried,4742,No,Rents,15,38,56,8,7,PRIMARY CARE PHYSICIAN (PCP) ,IN-NETWORK,CO-PAY IN $,80,40,15,20,40,2,20,low,high,RISK,2
1,1,1,2,Hourly,3289,No,Rents,35,24,64,8,7,PRIMARY CARE PHYSICIAN (PCP) ,IN-NETWORK,CO-PAY IN $,80,15,40,20,40,2,20,low,high,RISK,2
1,1,2,2,Bonus,3409,Yes,Rents,30,29,55,8,7,PRIMARY CARE PHYSICIAN (PCP) ,IN-NETWORK,CO-PAY IN $,80,15,20,40,40,2,20,low,high,RISK,2
1,1,3,2,Bonus,3179,No,Rents,21,26,51,8,7,PRIMARY CARE PHYSICIAN (PCP) ,IN-NETWORK,CO-PAY IN $,40,20,15,80,40,2,20,low,high,RISK,2
1,1,1,2,Bonus,4271,No,Rents,22,36,62,8,7,PRIMARY CARE PHYSICIAN (PCP) ,IN-NETWORK,CO-PAY IN $,80,20,40,15,40,2,20,low,high,RISK,2
1,1,1,1,Hourly,4605,Yes,Rents,24,38,64,8,7,PRIMARY CARE PHYSICIAN (PCP) ,IN-NETWORK,CO-PAY IN $,40,80,15,20,40,2,20,low,high,RISK,2
1,3,3,3,Salaried,3042,Yes,Rents,16,31,55,8,7,PRIMARY CARE PHYSICIAN (PCP) ,IN-NETWORK,CO-PAY IN $,40,80,20,15,40,2,20,low,high,RISK,2
1,3,3,1,Hourly,170,No,Rents,37,31,59,8,7,PRIMARY CARE PHYSICIAN (PCP) ,IN-NETWORK,CO-PAY IN $,40,80,20,15,40,2,20,low,high,RISK,2
1,1,1,3,Salaried,2062,No,Rents,20,47,55,8,7,PRIMARY CARE PHYSICIAN (PCP) ,IN-NETWORK,CO-PAY IN $,80,15,40,20,40,2,20,low,high,RISK,2
2,2,3,3,Bonus,1962,No,Rents,15,41,60,8,7,PRIMARY CARE PHYSICIAN (PCP) ,IN-NETWORK,CO-PAY IN $,20,40,15,80,40,2,20,low,high,RISK,2
1,1,1,1,Bonus,1006,No,Owns,27,35,73,8,7,PRIMARY CARE PHYSICIAN (PCP) ,IN-NETWORK,CO-PAY IN $,15,40,20,80,40,2,20,low,high,RISK,2
1,3,2,3,Salaried,4555,No,Rents,20,24,60,8,7,PRIMARY CARE PHYSICIAN (PCP) ,IN-NETWORK,CO-PAY IN $,40,15,20,80,40,2,20,low,high,RISK,2
3,1,2,1,Bonus,458,No,Rents,25,43,57,8,7,PRIMARY CARE PHYSICIAN (PCP) ,IN-NETWORK,CO-PAY IN $,80,15,40,20,40,2,20,low,high,RISK,2
3,1,3,1,Hourly,1593,No,Owns,16,25,52,8,7,PRIMARY CARE PHYSICIAN (PCP) ,IN-NETWORK,CO-PAY IN $,40,15,80,20,40,2,20,low,high,RISK,2
1,3,1,2,Hourly,4519,Yes,Owns,26,50,53,8,7,PRIMARY CARE PHYSICIAN (PCP) ,IN-NETWORK,CO-PAY IN $,80,15,20,40,40,2,20,low,high,RISK,2
1,2,1,1,Bonus,2639,No,Rents,16,31,54,8,7,PRIMARY CARE PHYSICIAN (PCP) ,IN-NETWORK,CO-PAY IN $,15,80,40,20,40,2,20,low,high,RISK,2
1,1,3,1,Hourly,2563,Yes,Rents,35,26,75,8,7,PRIMARY CARE PHYSICIAN (PCP) ,IN-NETWORK,CO-PAY IN $,20,15,80,40,40,2,20,low,high,RISK,2
1,2,3,2,Bonus,2810,Yes,Owns,35,49,60,8,7,PRIMARY CARE PHYSICIAN (PCP) ,IN-NETWORK,CO-PAY IN $,15,40,20,80,40,2,20,low,high,RISK,2
2,2,1,2,Hourly,2954,Yes,Owns,39,40,57,8,7,PRIMARY CARE PHYSICIAN (PCP) ,IN-NETWORK,CO-PAY IN $,40,20,80,15,40,2,20,low,high,RISK,2
2,1,3,1,Hourly,2299,Yes,Owns,31,36,56,8,7,PRIMARY CARE PHYSICIAN (PCP) ,IN-NETWORK,CO-PAY IN $,40,15,20,80,40,2,20,low,high,RISK,2
1,1,2,3,Hourly,1155,No,Rents,16,49,59,8,7,PRIMARY CARE PHYSICIAN (PCP) ,IN-NETWORK,CO-PAY IN $,40,15,80,20,40,2,20,low,high,RISK,2
2,1,3,1,Bonus,1856,Yes,Rents,31,20,55,8,7,PRIMARY CARE PHYSICIAN (PCP) ,IN-NETWORK,CO-PAY IN $,15,80,20,40,40,2,20,low,high,RISK,2
3,2,2,1,Salaried,3352,Yes,Rents,18,48,52,8,7,PRIMARY CARE PHYSICIAN (PCP) ,IN-NETWORK,CO-PAY IN $,15,40,20,80,40,2,20,low,high,RISK,2
3,1,1,2,Hourly,3735,Yes,Owns,34,33,56,8,7,PRIMARY CARE PHYSICIAN (PCP) ,IN-NETWORK,CO-PAY IN $,40,15,80,20,40,2,20,low,high,RISK,2
3,2,1,3,Salaried,1125,Yes,Rents,18,23,53,8,7,PRIMARY CARE PHYSICIAN (PCP) ,IN-NETWORK,CO-PAY IN $,80,40,15,20,40,2,20,low,high,RISK,2
3,1,2,1,Bonus,4695,No,Owns,15,38,56,8,7,PRIMARY CARE PHYSICIAN (PCP) ,IN-NETWORK,CO-PAY IN $,20,15,40,80,40,2,20,low,high,RISK,2
2,2,2,2,Salaried,1210,No,Rents,38,24,64,8,7,PRIMARY CARE PHYSICIAN (PCP) ,IN-NETWORK,CO-PAY IN $,20,40,15,80,40,2,20,low,high,RISK,2
2,3,2,1,Bonus,3149,No,Owns,17,29,55,8,7,PRIMARY CARE PHYSICIAN (PCP) ,IN-NETWORK,CO-PAY IN $,40,20,80,15,40,2,20,low,high,RISK,2
2,2,2,2,Bonus,3757,No,Rents,18,26,51,8,7,PRIMARY CARE PHYSICIAN (PCP) ,IN-NETWORK,CO-PAY IN $,20,40,15,80,40,2,20,low,high,RISK,2
3,1,3,2,Salaried,4038,Yes,Rents,28,36,62,8,7,PRIMARY CARE PHYSICIAN (PCP) ,IN-NETWORK,CO-PAY IN $,20,15,80,40,40,2,20,low,high,RISK,2
1,1,1,3,Bonus,381,No,Owns,20,38,64,8,7,PRIMARY CARE PHYSICIAN (PCP) ,IN-NETWORK,CO-PAY IN $,40,80,15,20,40,2,20,low,high,RISK,2
1,1,1,2,Hourly,2879,Yes,Rents,37,31,55,8,7,PRIMARY CARE PHYSICIAN (PCP) ,IN-NETWORK,CO-PAY IN $,20,40,80,15,40,2,20,low,high,RISK,2
2,3,1,1,Hourly,2246,No,Owns,38,31,59,8,7,PRIMARY CARE PHYSICIAN (PCP) ,IN-NETWORK,CO-PAY IN $,15,80,20,40,40,2,20,low,high,RISK,2
1,3,2,1,Hourly,3337,No,Rents,18,47,55,8,7,PRIMARY CARE PHYSICIAN (PCP) ,IN-NETWORK,CO-PAY IN $,80,20,40,15,40,2,20,low,high,RISK,2
2,2,1,2,Hourly,874,No,Owns,38,41,60,8,7,PRIMARY CARE PHYSICIAN (PCP) ,IN-NETWORK,CO-PAY IN $,80,15,40,20,40,2,20,low,high,RISK,2
1,2,1,1,Hourly,4470,Yes,Owns,16,35,73,8,7,PRIMARY CARE PHYSICIAN (PCP) ,IN-NETWORK,CO-PAY IN $,15,40,20,80,40,2,20,low,high,RISK,2
3,1,3,1,Hourly,3252,Yes,Owns,24,24,60,8,7,PRIMARY CARE PHYSICIAN (PCP) ,IN-NETWORK,CO-PAY IN $,80,40,20,15,40,2,20,low,high,RISK,2
1,3,1,2,Hourly,176,Yes,Rents,23,43,57,8,7,PRIMARY CARE PHYSICIAN (PCP) ,IN-NETWORK,CO-PAY IN $,80,20,40,15,40,2,20,low,high,RISK,2
2,1,3,1,Hourly,3681,Yes,Owns,17,25,52,8,7,PRIMARY CARE PHYSICIAN (PCP) ,IN-NETWORK,CO-PAY IN $,15,20,40,80,40,2,20,low,high,RISK,2
1,3,2,3,Hourly,1019,Yes,Owns,35,50,53,8,7,PRIMARY CARE PHYSICIAN (PCP) ,IN-NETWORK,CO-PAY IN $,40,15,20,80,40,2,20,low,high,RISK,2
1,3,2,1,Bonus,4493,Yes,Owns,39,31,54,8,7,PRIMARY CARE PHYSICIAN (PCP) ,IN-NETWORK,CO-PAY IN $,20,15,40,80,40,2,20,low,high,RISK,2
1,3,3,1,Salaried,1012,Yes,Owns,34,26,75,8,7,PRIMARY CARE PHYSICIAN (PCP) ,IN-NETWORK,CO-PAY IN $,20,15,80,40,40,2,20,low,high,RISK,2
1,1,2,1,Bonus,1248,Yes,Rents,18,49,60,8,7,PRIMARY CARE PHYSICIAN (PCP) ,IN-NETWORK,CO-PAY IN $,15,80,40,20,40,2,20,low,high,RISK,2
1,1,2,1,Salaried,1214,No,Owns,17,40,57,8,7,PRIMARY CARE PHYSICIAN (PCP) ,IN-NETWORK,CO-PAY IN $,15,40,80,20,40,2,20,low,high,RISK,2
2,1,1,1,Salaried,2852,Yes,Rents,18,36,56,8,7,PRIMARY CARE PHYSICIAN (PCP) ,IN-NETWORK,CO-PAY IN $,15,80,20,40,40,2,20,low,high,RISK,2
2,1,1,1,Bonus,1440,Yes,Owns,24,49,59,8,7,PRIMARY CARE PHYSICIAN (PCP) ,IN-NETWORK,CO-PAY IN $,15,20,80,40,40,2,20,low,high,RISK,2
3,1,3,1,Bonus,2951,No,Owns,26,20,55,8,7,PRIMARY CARE PHYSICIAN (PCP) ,IN-NETWORK,CO-PAY IN $,80,15,40,20,40,2,20,low,high,RISK,2
4,3,2,4,Salaried,4377,No,Rents,46,73,76,8,8,PRIMARY CARE PHYSICIAN (PCP) ,IN-NETWORK,CO-PAY IN $,40,80,15,20,20,3,50,low,high,RISK,2
2,3,4,2,Salaried,1919,No,Owns,48,61,80,8,8,PRIMARY CARE PHYSICIAN (PCP) ,IN-NETWORK,CO-PAY IN $,80,15,20,40,20,3,50,low,high,RISK,2
4,4,3,2,Salaried,4671,Yes,Rents,57,53,77,8,8,PRIMARY CARE PHYSICIAN (PCP) ,IN-NETWORK,CO-PAY IN $,80,20,40,15,20,3,50,low,high,RISK,2
4,4,2,2,Bonus,1139,No,Owns,52,65,80,8,8,PRIMARY CARE PHYSICIAN (PCP) ,IN-NETWORK,CO-PAY IN $,15,40,80,20,20,3,50,low,high,RISK,2
3,4,4,3,Bonus,3085,No,Rents,45,54,88,8,8,PRIMARY CARE PHYSICIAN (PCP) ,IN-NETWORK,CO-PAY IN $,15,20,80,40,20,3,50,low,high,RISK,2
3,4,4,3,Salaried,912,Yes,Rents,61,58,79,8,8,PRIMARY CARE PHYSICIAN (PCP) ,IN-NETWORK,CO-PAY IN $,40,15,80,20,20,3,50,low,high,RISK,2
4,3,4,3,Hourly,3561,Yes,Owns,51,56,75,8,8,PRIMARY CARE PHYSICIAN (PCP) ,IN-NETWORK,CO-PAY IN $,40,20,15,80,20,3,50,low,high,RISK,2
4,4,2,2,Hourly,4350,No,Rents,40,64,87,8,8,PRIMARY CARE PHYSICIAN (PCP) ,IN-NETWORK,CO-PAY IN $,20,40,15,80,20,3,50,low,high,RISK,2
4,4,4,4,Salaried,3664,No,Owns,39,65,88,8,8,PRIMARY CARE PHYSICIAN (PCP) ,IN-NETWORK,CO-PAY IN $,80,15,20,40,20,3,50,low,high,RISK,2
2,3,3,3,Bonus,1972,Yes,Owns,62,60,80,8,8,PRIMARY CARE PHYSICIAN (PCP) ,IN-NETWORK,CO-PAY IN $,40,80,15,20,20,3,50,low,high,RISK,2
3,2,4,4,Salaried,1235,Yes,Rents,55,60,83,8,8,PRIMARY CARE PHYSICIAN (PCP) ,IN-NETWORK,CO-PAY IN $,20,15,80,40,20,3,50,low,high,RISK,2
2,4,3,3,Bonus,2294,Yes,Owns,47,72,79,8,8,PRIMARY CARE PHYSICIAN (PCP) ,IN-NETWORK,CO-PAY IN $,15,80,20,40,20,3,50,low,high,RISK,2
2,3,4,3,Salaried,4592,Yes,Rents,62,68,84,8,8,PRIMARY CARE PHYSICIAN (PCP) ,IN-NETWORK,CO-PAY IN $,40,20,15,80,20,3,50,low,high,RISK,2
3,3,3,4,Hourly,2183,Yes,Owns,37,63,98,8,8,PRIMARY CARE PHYSICIAN (PCP) ,IN-NETWORK,CO-PAY IN $,20,80,15,40,20,3,50,low,high,RISK,2
3,3,4,3,Salaried,1622,Yes,Rents,42,55,84,8,8,PRIMARY CARE PHYSICIAN (PCP) ,IN-NETWORK,CO-PAY IN $,80,40,20,15,20,3,50,low,high,RISK,2
3,4,3,4,Salaried,4259,Yes,Rents,37,70,81,8,8,PRIMARY CARE PHYSICIAN (PCP) ,IN-NETWORK,CO-PAY IN $,20,15,40,80,20,3,50,low,high,RISK,2
4,3,3,4,Salaried,4138,No,Owns,62,55,76,8,8,PRIMARY CARE PHYSICIAN (PCP) ,IN-NETWORK,CO-PAY IN $,40,15,80,20,20,3,50,low,high,RISK,2
4,3,4,4,Bonus,2742,No,Owns,64,75,77,8,8,PRIMARY CARE PHYSICIAN (PCP) ,IN-NETWORK,CO-PAY IN $,40,80,15,20,20,3,50,low,high,RISK,2
3,3,3,4,Bonus,4027,Yes,Rents,43,60,78,8,8,PRIMARY CARE PHYSICIAN (PCP) ,IN-NETWORK,CO-PAY IN $,40,15,20,80,20,3,50,low,high,RISK,2
4,4,2,2,Bonus,3643,No,Rents,59,56,100,8,8,PRIMARY CARE PHYSICIAN (PCP) ,IN-NETWORK,CO-PAY IN $,15,20,40,80,20,3,50,low,high,RISK,2
4,2,4,2,Salaried,1855,No,Rents,63,74,85,8,8,PRIMARY CARE PHYSICIAN (PCP) ,IN-NETWORK,CO-PAY IN $,80,20,40,15,20,3,50,low,high,RISK,2
3,4,2,3,Bonus,4199,No,Owns,57,67,81,8,8,PRIMARY CARE PHYSICIAN (PCP) ,IN-NETWORK,CO-PAY IN $,80,20,15,40,20,3,50,low,high,RISK,2
3,4,3,2,Salaried,358,No,Rents,50,64,80,8,8,PRIMARY CARE PHYSICIAN (PCP) ,IN-NETWORK,CO-PAY IN $,40,80,20,15,20,3,50,low,high,RISK,2
4,3,4,3,Salaried,2175,No,Owns,59,75,83,8,8,PRIMARY CARE PHYSICIAN (PCP) ,IN-NETWORK,CO-PAY IN $,40,80,20,15,20,3,50,low,high,RISK,2
4,4,2,2,Bonus,2804,No,Owns,48,51,79,8,8,PRIMARY CARE PHYSICIAN (PCP) ,IN-NETWORK,CO-PAY IN $,40,80,20,15,20,3,50,low,high,RISK,2
4,4,4,4,Bonus,2793,Yes,Owns,63,73,76,8,8,PRIMARY CARE PHYSICIAN (PCP) ,IN-NETWORK,CO-PAY IN $,20,15,80,40,20,3,50,low,high,RISK,2
4,3,4,2,Salaried,1366,No,Owns,56,61,80,8,8,PRIMARY CARE PHYSICIAN (PCP) ,IN-NETWORK,CO-PAY IN $,80,40,20,15,20,3,50,low,high,RISK,2
2,4,4,4,Salaried,3990,No,Rents,53,53,77,8,8,PRIMARY CARE PHYSICIAN (PCP) ,IN-NETWORK,CO-PAY IN $,15,40,20,80,20,3,50,low,high,RISK,2
2,4,3,3,Salaried,1625,No,Owns,60,65,80,8,8,PRIMARY CARE PHYSICIAN (PCP) ,IN-NETWORK,CO-PAY IN $,20,40,15,80,20,3,50,low,high,RISK,2
4,4,3,3,Hourly,1178,No,Owns,35,54,88,8,8,PRIMARY CARE PHYSICIAN (PCP) ,IN-NETWORK,CO-PAY IN $,20,15,40,80,20,3,50,low,high,RISK,2
3,3,2,2,Hourly,2665,No,Rents,41,58,79,8,8,PRIMARY CARE PHYSICIAN (PCP) ,IN-NETWORK,CO-PAY IN $,20,80,40,15,20,3,50,low,high,RISK,2
4,4,4,2,Hourly,4144,No,Owns,44,56,75,8,8,PRIMARY CARE PHYSICIAN (PCP) ,IN-NETWORK,CO-PAY IN $,40,15,80,20,20,3,50,low,high,RISK,2
3,3,4,3,Hourly,2547,Yes,Owns,55,64,87,8,8,PRIMARY CARE PHYSICIAN (PCP) ,IN-NETWORK,CO-PAY IN $,40,80,20,15,20,3,50,low,high,RISK,2
4,3,4,2,Hourly,152,Yes,Owns,58,65,88,8,8,PRIMARY CARE PHYSICIAN (PCP) ,IN-NETWORK,CO-PAY IN $,80,15,20,40,20,3,50,low,high,RISK,2
3,2,2,3,Bonus,2909,Yes,Rents,45,60,80,8,8,PRIMARY CARE PHYSICIAN (PCP) ,IN-NETWORK,CO-PAY IN $,15,40,80,20,20,3,50,low,high,RISK,2
4,4,3,3,Bonus,2404,Yes,Owns,49,60,83,8,8,PRIMARY CARE PHYSICIAN (PCP) ,IN-NETWORK,CO-PAY IN $,80,40,15,20,20,3,50,low,high,RISK,2
4,2,4,4,Bonus,144,Yes,Owns,46,72,79,8,8,PRIMARY CARE PHYSICIAN (PCP) ,IN-NETWORK,CO-PAY IN $,40,15,80,20,20,3,50,low,high,RISK,2
4,2,4,2,Hourly,2250,No,Owns,48,68,84,8,8,PRIMARY CARE PHYSICIAN (PCP) ,IN-NETWORK,CO-PAY IN $,80,15,40,20,20,3,50,low,high,RISK,2
4,3,3,3,Hourly,4826,No,Owns,47,63,98,8,8,PRIMARY CARE PHYSICIAN (PCP) ,IN-NETWORK,CO-PAY IN $,20,15,40,80,20,3,50,low,high,RISK,2
4,4,2,3,Salaried,792,No,Owns,50,55,84,8,8,PRIMARY CARE PHYSICIAN (PCP) ,IN-NETWORK,CO-PAY IN $,40,20,80,15,20,3,50,low,high,RISK,2
2,4,2,3,Hourly,3429,No,Rents,58,70,81,8,8,PRIMARY CARE PHYSICIAN (PCP) ,IN-NETWORK,CO-PAY IN $,80,20,15,40,20,3,50,low,high,RISK,2
3,4,3,4,Hourly,1596,Yes,Owns,50,55,76,8,8,PRIMARY CARE PHYSICIAN (PCP) ,IN-NETWORK,CO-PAY IN $,80,15,20,40,20,3,50,low,high,RISK,2
4,4,4,3,Salaried,83,Yes,Owns,40,75,77,8,8,PRIMARY CARE PHYSICIAN (PCP) ,IN-NETWORK,CO-PAY IN $,80,15,40,20,20,3,50,low,high,RISK,2
4,4,3,4,Salaried,3601,No,Owns,38,60,78,8,8,PRIMARY CARE PHYSICIAN (PCP) ,IN-NETWORK,CO-PAY IN $,80,15,20,40,20,3,50,low,high,RISK,2
3,4,2,4,Bonus,861,No,Owns,58,56,100,8,8,PRIMARY CARE PHYSICIAN (PCP) ,IN-NETWORK,CO-PAY IN $,20,15,80,40,20,3,50,low,high,RISK,2
2,4,4,4,Salaried,2240,Yes,Rents,59,74,85,8,8,PRIMARY CARE PHYSICIAN (PCP) ,IN-NETWORK,CO-PAY IN $,15,40,20,80,20,3,50,low,high,RISK,2
3,3,2,2,Hourly,2384,No,Rents,37,67,81,8,8,PRIMARY CARE PHYSICIAN (PCP) ,IN-NETWORK,CO-PAY IN $,20,80,40,15,20,3,50,low,high,RISK,2
2,2,3,3,Bonus,2363,Yes,Rents,52,64,80,8,8,PRIMARY CARE PHYSICIAN (PCP) ,IN-NETWORK,CO-PAY IN $,15,80,20,40,20,3,50,low,high,RISK,2
3,3,4,2,Salaried,4539,No,Owns,45,75,83,8,8,PRIMARY CARE PHYSICIAN (PCP) ,IN-NETWORK,CO-PAY IN $,80,15,40,20,20,3,50,low,high,RISK,2
3,3,2,2,Bonus,489,No,Rents,45,51,79,8,8,PRIMARY CARE PHYSICIAN (PCP) ,IN-NETWORK,CO-PAY IN $,40,15,20,80,20,3,50,low,high,RISK,2
4,4,2,4,Bonus,4623,Yes,Owns,40,73,76,8,8,PRIMARY CARE PHYSICIAN (PCP) ,IN-NETWORK,CO-PAY IN $,40,20,80,15,20,3,50,low,high,RISK,2
3,3,3,2,Salaried,153,Yes,Owns,36,61,80,8,8,PRIMARY CARE PHYSICIAN (PCP) ,IN-NETWORK,CO-PAY IN $,80,40,20,15,20,3,50,low,high,RISK,2
3,4,4,4,Salaried,3954,No,Owns,38,53,77,8,8,PRIMARY CARE PHYSICIAN (PCP) ,IN-NETWORK,CO-PAY IN $,80,15,40,20,20,3,50,low,high,RISK,2
3,3,2,3,Salaried,4742,No,Rents,35,65,80,8,8,PRIMARY CARE PHYSICIAN (PCP) ,IN-NETWORK,CO-PAY IN $,15,40,20,80,20,3,50,low,high,RISK,2
2,2,2,3,Hourly,3289,No,Rents,59,54,88,8,8,PRIMARY CARE PHYSICIAN (PCP) ,IN-NETWORK,CO-PAY IN $,80,15,40,20,20,3,50,low,high,RISK,2
2,2,3,3,Bonus,3409,Yes,Rents,54,58,79,8,8,PRIMARY CARE PHYSICIAN (PCP) ,IN-NETWORK,CO-PAY IN $,40,15,20,80,20,3,50,low,high,RISK,2
3,3,4,3,Bonus,3179,No,Rents,42,56,75,8,8,PRIMARY CARE PHYSICIAN (PCP) ,IN-NETWORK,CO-PAY IN $,40,15,20,80,20,3,50,low,high,RISK,2
3,3,2,4,Bonus,4271,No,Rents,43,64,87,8,8,PRIMARY CARE PHYSICIAN (PCP) ,IN-NETWORK,CO-PAY IN $,20,15,40,80,20,3,50,low,high,RISK,2
3,3,3,2,Hourly,4605,Yes,Rents,46,65,88,8,8,PRIMARY CARE PHYSICIAN (PCP) ,IN-NETWORK,CO-PAY IN $,40,20,80,15,20,3,50,low,high,RISK,2
2,4,4,4,Salaried,3042,Yes,Rents,37,60,80,8,8,PRIMARY CARE PHYSICIAN (PCP) ,IN-NETWORK,CO-PAY IN $,40,80,20,15,20,3,50,low,high,RISK,2
2,4,4,3,Hourly,170,No,Rents,61,60,83,8,8,PRIMARY CARE PHYSICIAN (PCP) ,IN-NETWORK,CO-PAY IN $,80,15,20,40,20,3,50,low,high,RISK,2
2,3,3,4,Salaried,2062,No,Rents,40,72,79,8,8,PRIMARY CARE PHYSICIAN (PCP) ,IN-NETWORK,CO-PAY IN $,15,20,40,80,20,3,50,low,high,RISK,2
4,4,4,4,Bonus,1962,No,Rents,35,68,84,8,8,PRIMARY CARE PHYSICIAN (PCP) ,IN-NETWORK,CO-PAY IN $,40,20,15,80,20,3,50,low,high,RISK,2
2,2,3,2,Bonus,1006,No,Owns,50,63,98,8,8,PRIMARY CARE PHYSICIAN (PCP) ,IN-NETWORK,CO-PAY IN $,80,20,15,40,20,3,50,low,high,RISK,2
2,4,3,4,Salaried,4555,No,Rents,42,55,84,8,8,PRIMARY CARE PHYSICIAN (PCP) ,IN-NETWORK,CO-PAY IN $,80,40,15,20,20,3,50,low,high,RISK,2
4,3,4,3,Bonus,458,No,Rents,46,70,81,8,8,PRIMARY CARE PHYSICIAN (PCP) ,IN-NETWORK,CO-PAY IN $,15,80,40,20,20,3,50,low,high,RISK,2
4,3,4,3,Hourly,1593,No,Owns,36,55,76,8,8,PRIMARY CARE PHYSICIAN (PCP) ,IN-NETWORK,CO-PAY IN $,20,15,40,80,20,3,50,low,high,RISK,2
3,4,2,3,Hourly,4519,Yes,Owns,48,75,77,8,8,PRIMARY CARE PHYSICIAN (PCP) ,IN-NETWORK,CO-PAY IN $,40,80,15,20,20,3,50,low,high,RISK,2
2,4,3,3,Bonus,2639,No,Rents,36,60,78,8,8,PRIMARY CARE PHYSICIAN (PCP) ,IN-NETWORK,CO-PAY IN $,20,15,40,80,20,3,50,low,high,RISK,2
2,3,4,3,Hourly,2563,Yes,Rents,59,56,100,8,8,PRIMARY CARE PHYSICIAN (PCP) ,IN-NETWORK,CO-PAY IN $,20,80,40,15,20,3,50,low,high,RISK,2
3,4,4,4,Bonus,2810,Yes,Owns,58,74,85,8,8,PRIMARY CARE PHYSICIAN (PCP) ,IN-NETWORK,CO-PAY IN $,15,80,20,40,20,3,50,low,high,RISK,2
3,4,3,4,Hourly,2954,Yes,Owns,64,67,81,8,8,PRIMARY CARE PHYSICIAN (PCP) ,IN-NETWORK,CO-PAY IN $,40,80,15,20,20,3,50,low,high,RISK,2
3,2,4,3,Hourly,2299,Yes,Owns,54,64,80,8,8,PRIMARY CARE PHYSICIAN (PCP) ,IN-NETWORK,CO-PAY IN $,20,40,80,15,20,3,50,low,high,RISK,2
2,3,4,4,Hourly,1155,No,Rents,37,75,83,8,8,PRIMARY CARE PHYSICIAN (PCP) ,IN-NETWORK,CO-PAY IN $,20,15,40,80,20,3,50,low,high,RISK,2
4,2,4,3,Bonus,1856,Yes,Rents,55,51,79,8,8,PRIMARY CARE PHYSICIAN (PCP) ,IN-NETWORK,CO-PAY IN $,15,20,80,40,20,3,50,low,high,RISK,2
4,4,3,3,Salaried,3352,Yes,Rents,38,73,76,8,8,PRIMARY CARE PHYSICIAN (PCP) ,IN-NETWORK,CO-PAY IN $,40,80,15,20,20,3,50,low,high,RISK,2
4,3,2,3,Hourly,3735,Yes,Owns,58,61,80,8,8,PRIMARY CARE PHYSICIAN (PCP) ,IN-NETWORK,CO-PAY IN $,80,20,15,40,20,3,50,low,high,RISK,2
4,3,3,4,Salaried,1125,Yes,Rents,38,53,77,8,8,PRIMARY CARE PHYSICIAN (PCP) ,IN-NETWORK,CO-PAY IN $,20,80,15,40,20,3,50,low,high,RISK,2
4,2,4,2,Bonus,4695,No,Owns,35,65,80,8,8,PRIMARY CARE PHYSICIAN (PCP) ,IN-NETWORK,CO-PAY IN $,15,40,80,20,20,3,50,low,high,RISK,2
3,3,3,4,Salaried,1210,No,Rents,62,54,88,8,8,PRIMARY CARE PHYSICIAN (PCP) ,IN-NETWORK,CO-PAY IN $,80,20,40,15,20,3,50,low,high,RISK,2
4,4,4,2,Bonus,3149,No,Owns,37,58,79,8,8,PRIMARY CARE PHYSICIAN (PCP) ,IN-NETWORK,CO-PAY IN $,15,40,20,80,20,3,50,low,high,RISK,2
4,3,4,4,Bonus,3757,No,Rents,38,56,75,8,8,PRIMARY CARE PHYSICIAN (PCP) ,IN-NETWORK,CO-PAY IN $,40,15,20,80,20,3,50,low,high,RISK,2
4,3,4,4,Salaried,4038,Yes,Rents,51,64,87,8,8,PRIMARY CARE PHYSICIAN (PCP) ,IN-NETWORK,CO-PAY IN $,20,15,40,80,20,3,50,low,high,RISK,2
2,3,3,4,Bonus,381,No,Owns,41,65,88,8,8,PRIMARY CARE PHYSICIAN (PCP) ,IN-NETWORK,CO-PAY IN $,20,80,15,40,20,3,50,low,high,RISK,2
3,3,3,3,Hourly,2879,Yes,Rents,61,60,80,8,8,PRIMARY CARE PHYSICIAN (PCP) ,IN-NETWORK,CO-PAY IN $,15,20,80,40,20,3,50,low,high,RISK,2
4,4,3,2,Hourly,2246,No,Owns,62,60,83,8,8,PRIMARY CARE PHYSICIAN (PCP) ,IN-NETWORK,CO-PAY IN $,40,20,80,15,20,3,50,low,high,RISK,2
2,4,3,2,Hourly,3337,No,Rents,39,72,79,8,8,PRIMARY CARE PHYSICIAN (PCP) ,IN-NETWORK,CO-PAY IN $,80,20,40,15,20,3,50,low,high,RISK,2
4,3,3,4,Hourly,874,No,Owns,63,68,84,8,8,PRIMARY CARE PHYSICIAN (PCP) ,IN-NETWORK,CO-PAY IN $,40,15,20,80,20,3,50,low,high,RISK,2
3,4,2,3,Hourly,4470,Yes,Owns,36,63,98,8,8,PRIMARY CARE PHYSICIAN (PCP) ,IN-NETWORK,CO-PAY IN $,15,40,20,80,20,3,50,low,high,RISK,2
4,3,4,3,Hourly,3252,Yes,Owns,46,55,84,8,8,PRIMARY CARE PHYSICIAN (PCP) ,IN-NETWORK,CO-PAY IN $,20,80,40,15,20,3,50,low,high,RISK,2
3,4,2,3,Hourly,176,Yes,Rents,45,70,81,8,8,PRIMARY CARE PHYSICIAN (PCP) ,IN-NETWORK,CO-PAY IN $,80,40,15,20,20,3,50,low,high,RISK,2
4,3,4,2,Hourly,3681,Yes,Owns,38,55,76,8,8,PRIMARY CARE PHYSICIAN (PCP) ,IN-NETWORK,CO-PAY IN $,20,40,15,80,20,3,50,low,high,RISK,2
3,4,4,4,Hourly,1019,Yes,Owns,59,75,77,8,8,PRIMARY CARE PHYSICIAN (PCP) ,IN-NETWORK,CO-PAY IN $,80,20,40,15,20,3,50,low,high,RISK,2
3,4,4,3,Bonus,4493,Yes,Owns,64,60,78,8,8,PRIMARY CARE PHYSICIAN (PCP) ,IN-NETWORK,CO-PAY IN $,15,20,40,80,20,3,50,low,high,RISK,2
3,4,4,2,Salaried,1012,Yes,Owns,58,56,100,8,8,PRIMARY CARE PHYSICIAN (PCP) ,IN-NETWORK,CO-PAY IN $,40,15,20,80,20,3,50,low,high,RISK,2
2,2,4,3,Bonus,1248,Yes,Rents,39,74,85,8,8,PRIMARY CARE PHYSICIAN (PCP) ,IN-NETWORK,CO-PAY IN $,20,15,40,80,20,3,50,low,high,RISK,2
2,3,3,3,Salaried,1214,No,Owns,37,67,81,8,8,PRIMARY CARE PHYSICIAN (PCP) ,IN-NETWORK,CO-PAY IN $,80,40,15,20,20,3,50,low,high,RISK,2
4,3,3,2,Salaried,2852,Yes,Rents,38,64,80,8,8,PRIMARY CARE PHYSICIAN (PCP) ,IN-NETWORK,CO-PAY IN $,20,40,80,15,20,3,50,low,high,RISK,2
3,3,2,2,Bonus,1440,Yes,Owns,46,75,83,8,8,PRIMARY CARE PHYSICIAN (PCP) ,IN-NETWORK,CO-PAY IN $,15,20,80,40,20,3,50,low,high,RISK,2
4,2,4,3,Bonus,2951,No,Owns,48,51,79,8,8,PRIMARY CARE PHYSICIAN (PCP) ,IN-NETWORK,CO-PAY IN $,40,20,15,80,20,3,50,low,high,RISK,2
1,0,0,1,Salaried,4377,No,Rents,4,9,1,8,9,PRIMARY CARE PHYSICIAN (PCP) ,IN-NETWORK,CO-PAY IN $,20,80,40,15,40,2,5,high,low,RISK,3
0,0,1,0,Salaried,1919,No,Owns,4,4,5,8,9,PRIMARY CARE PHYSICIAN (PCP) ,IN-NETWORK,CO-PAY IN $,40,15,20,80,40,2,5,high,low,RISK,3
0,0,0,0,Salaried,4671,Yes,Rents,7,1,2,8,9,PRIMARY CARE PHYSICIAN (PCP) ,IN-NETWORK,CO-PAY IN $,15,40,80,20,40,2,5,high,low,RISK,3
1,1,0,0,Bonus,1139,No,Owns,6,6,5,8,9,PRIMARY CARE PHYSICIAN (PCP) ,IN-NETWORK,CO-PAY IN $,40,15,80,20,40,2,5,high,low,RISK,3
0,1,1,0,Bonus,3085,No,Rents,3,1,13,8,9,PRIMARY CARE PHYSICIAN (PCP) ,IN-NETWORK,CO-PAY IN $,40,15,20,80,40,2,5,high,low,RISK,3
0,1,1,0,Salaried,912,Yes,Rents,9,3,4,8,9,PRIMARY CARE PHYSICIAN (PCP) ,IN-NETWORK,CO-PAY IN $,20,80,40,15,40,2,5,high,low,RISK,3
1,0,1,0,Hourly,3561,Yes,Owns,5,2,0,8,9,PRIMARY CARE PHYSICIAN (PCP) ,IN-NETWORK,CO-PAY IN $,20,15,40,80,40,2,5,high,low,RISK,3
1,1,0,0,Hourly,4350,No,Rents,2,5,12,8,9,PRIMARY CARE PHYSICIAN (PCP) ,IN-NETWORK,CO-PAY IN $,15,80,20,40,40,2,5,high,low,RISK,3
1,1,0,1,Salaried,3664,No,Owns,1,6,13,8,9,PRIMARY CARE PHYSICIAN (PCP) ,IN-NETWORK,CO-PAY IN $,40,20,80,15,40,2,5,high,low,RISK,3
0,0,0,0,Bonus,1972,Yes,Owns,9,4,5,8,9,PRIMARY CARE PHYSICIAN (PCP) ,IN-NETWORK,CO-PAY IN $,15,40,80,20,40,2,5,high,low,RISK,3
0,0,1,1,Salaried,1235,Yes,Rents,7,4,8,8,9,PRIMARY CARE PHYSICIAN (PCP) ,IN-NETWORK,CO-PAY IN $,80,40,15,20,40,2,5,high,low,RISK,3
0,1,0,0,Bonus,2294,Yes,Owns,4,9,4,8,9,PRIMARY CARE PHYSICIAN (PCP) ,IN-NETWORK,CO-PAY IN $,40,15,80,20,40,2,5,high,low,RISK,3
0,0,1,0,Salaried,4592,Yes,Rents,9,7,9,8,9,PRIMARY CARE PHYSICIAN (PCP) ,IN-NETWORK,CO-PAY IN $,15,40,20,80,40,2,5,high,low,RISK,3
0,0,0,1,Hourly,2183,Yes,Owns,1,5,23,8,9,PRIMARY CARE PHYSICIAN (PCP) ,IN-NETWORK,CO-PAY IN $,80,40,20,15,40,2,5,high,low,RISK,3
0,0,1,0,Salaried,1622,Yes,Rents,2,1,9,8,9,PRIMARY CARE PHYSICIAN (PCP) ,IN-NETWORK,CO-PAY IN $,15,80,20,40,40,2,5,high,low,RISK,3
0,1,0,1,Salaried,4259,Yes,Rents,1,8,6,8,9,PRIMARY CARE PHYSICIAN (PCP) ,IN-NETWORK,CO-PAY IN $,15,40,80,20,40,2,5,high,low,RISK,3
1,0,0,1,Salaried,4138,No,Owns,9,2,1,8,9,PRIMARY CARE PHYSICIAN (PCP) ,IN-NETWORK,CO-PAY IN $,15,40,80,20,40,2,5,high,low,RISK,3
1,0,0,1,Bonus,2742,No,Owns,10,10,2,8,9,PRIMARY CARE PHYSICIAN (PCP) ,IN-NETWORK,CO-PAY IN $,40,80,20,15,40,2,5,high,low,RISK,3
0,0,0,1,Bonus,4027,Yes,Rents,3,4,3,8,9,PRIMARY CARE PHYSICIAN (PCP) ,IN-NETWORK,CO-PAY IN $,40,80,20,15,40,2,5,high,low,RISK,3
1,0,0,0,Bonus,3643,No,Rents,8,2,25,8,9,PRIMARY CARE PHYSICIAN (PCP) ,IN-NETWORK,CO-PAY IN $,40,80,20,15,40,2,5,high,low,RISK,3
1,0,1,0,Salaried,1855,No,Rents,9,10,10,8,9,PRIMARY CARE PHYSICIAN (PCP) ,IN-NETWORK,CO-PAY IN $,80,20,15,40,40,2,5,high,low,RISK,3
0,1,0,0,Bonus,4199,No,Owns,7,7,6,8,9,PRIMARY CARE PHYSICIAN (PCP) ,IN-NETWORK,CO-PAY IN $,15,40,80,20,40,2,5,high,low,RISK,3
0,1,0,0,Salaried,358,No,Rents,5,5,5,8,9,PRIMARY CARE PHYSICIAN (PCP) ,IN-NETWORK,CO-PAY IN $,80,20,15,40,40,2,5,high,low,RISK,3
0,0,1,0,Salaried,2175,No,Owns,8,10,8,8,9,PRIMARY CARE PHYSICIAN (PCP) ,IN-NETWORK,CO-PAY IN $,40,20,15,80,40,2,5,high,low,RISK,3
0,1,0,0,Bonus,2804,No,Owns,4,0,4,8,9,PRIMARY CARE PHYSICIAN (PCP) ,IN-NETWORK,CO-PAY IN $,15,80,40,20,40,2,5,high,low,RISK,3
1,1,1,0,Bonus,2793,Yes,Owns,9,9,1,8,9,PRIMARY CARE PHYSICIAN (PCP) ,IN-NETWORK,CO-PAY IN $,80,20,15,40,40,2,5,high,low,RISK,3
1,0,1,0,Salaried,1366,No,Owns,7,4,5,8,9,PRIMARY CARE PHYSICIAN (PCP) ,IN-NETWORK,CO-PAY IN $,80,40,15,20,40,2,5,high,low,RISK,3
0,1,1,1,Salaried,3990,No,Rents,6,1,2,8,9,PRIMARY CARE PHYSICIAN (PCP) ,IN-NETWORK,CO-PAY IN $,15,40,20,80,40,2,5,high,low,RISK,3
0,0,0,0,Salaried,1625,No,Owns,8,6,5,8,9,PRIMARY CARE PHYSICIAN (PCP) ,IN-NETWORK,CO-PAY IN $,80,20,40,15,40,2,5,high,low,RISK,3
1,1,0,0,Hourly,1178,No,Owns,0,1,13,8,9,PRIMARY CARE PHYSICIAN (PCP) ,IN-NETWORK,CO-PAY IN $,40,80,20,15,40,2,5,high,low,RISK,3
0,0,0,0,Hourly,2665,No,Rents,2,3,4,8,9,PRIMARY CARE PHYSICIAN (PCP) ,IN-NETWORK,CO-PAY IN $,20,15,80,40,40,2,5,high,low,RISK,3
1,1,1,0,Hourly,4144,No,Owns,3,2,0,8,9,PRIMARY CARE PHYSICIAN (PCP) ,IN-NETWORK,CO-PAY IN $,80,40,15,20,40,2,5,high,low,RISK,3
0,0,1,0,Hourly,2547,Yes,Owns,7,5,12,8,9,PRIMARY CARE PHYSICIAN (PCP) ,IN-NETWORK,CO-PAY IN $,15,80,40,20,40,2,5,high,low,RISK,3
1,0,1,0,Hourly,152,Yes,Owns,8,6,13,8,9,PRIMARY CARE PHYSICIAN (PCP) ,IN-NETWORK,CO-PAY IN $,15,20,80,40,40,2,5,high,low,RISK,3
0,0,0,0,Bonus,2909,Yes,Rents,3,4,5,8,9,PRIMARY CARE PHYSICIAN (PCP) ,IN-NETWORK,CO-PAY IN $,20,80,15,40,40,2,5,high,low,RISK,3
1,1,0,0,Bonus,2404,Yes,Owns,5,4,8,8,9,PRIMARY CARE PHYSICIAN (PCP) ,IN-NETWORK,CO-PAY IN $,40,20,80,15,40,2,5,high,low,RISK,3
1,0,1,1,Bonus,144,Yes,Owns,4,9,4,8,9,PRIMARY CARE PHYSICIAN (PCP) ,IN-NETWORK,CO-PAY IN $,20,80,40,15,40,2,5,high,low,RISK,3
1,0,1,0,Hourly,2250,No,Owns,4,7,9,8,9,PRIMARY CARE PHYSICIAN (PCP) ,IN-NETWORK,CO-PAY IN $,80,20,15,40,40,2,5,high,low,RISK,3
1,0,0,0,Hourly,4826,No,Owns,4,5,23,8,9,PRIMARY CARE PHYSICIAN (PCP) ,IN-NETWORK,CO-PAY IN $,40,15,20,80,40,2,5,high,low,RISK,3
1,1,0,0,Salaried,792,No,Owns,5,1,9,8,9,PRIMARY CARE PHYSICIAN (PCP) ,IN-NETWORK,CO-PAY IN $,40,80,20,15,40,2,5,high,low,RISK,3
0,1,0,0,Hourly,3429,No,Rents,8,8,6,8,9,PRIMARY CARE PHYSICIAN (PCP) ,IN-NETWORK,CO-PAY IN $,80,15,40,20,40,2,5,high,low,RISK,3
0,1,0,0,Hourly,1596,Yes,Owns,5,2,1,8,9,PRIMARY CARE PHYSICIAN (PCP) ,IN-NETWORK,CO-PAY IN $,15,20,80,40,40,2,5,high,low,RISK,3
1,1,1,0,Salaried,83,Yes,Owns,2,10,2,8,9,PRIMARY CARE PHYSICIAN (PCP) ,IN-NETWORK,CO-PAY IN $,15,40,80,20,40,2,5,high,low,RISK,3
1,1,0,1,Salaried,3601,No,Owns,1,4,3,8,9,PRIMARY CARE PHYSICIAN (PCP) ,IN-NETWORK,CO-PAY IN $,40,20,80,15,40,2,5,high,low,RISK,3
0,0,0,1,Bonus,861,No,Owns,8,2,25,8,9,PRIMARY CARE PHYSICIAN (PCP) ,IN-NETWORK,CO-PAY IN $,20,40,80,15,40,2,5,high,low,RISK,3
0,1,1,1,Salaried,2240,Yes,Rents,8,10,10,8,9,PRIMARY CARE PHYSICIAN (PCP) ,IN-NETWORK,CO-PAY IN $,80,40,15,20,40,2,5,high,low,RISK,3
0,0,0,0,Hourly,2384,No,Rents,1,7,6,8,9,PRIMARY CARE PHYSICIAN (PCP) ,IN-NETWORK,CO-PAY IN $,40,15,20,80,40,2,5,high,low,RISK,3
0,0,0,0,Bonus,2363,Yes,Rents,6,5,5,8,9,PRIMARY CARE PHYSICIAN (PCP) ,IN-NETWORK,CO-PAY IN $,40,20,15,80,40,2,5,high,low,RISK,3
0,0,1,0,Salaried,4539,No,Owns,3,10,8,8,9,PRIMARY CARE PHYSICIAN (PCP) ,IN-NETWORK,CO-PAY IN $,15,40,80,20,40,2,5,high,low,RISK,3
0,0,0,0,Bonus,489,No,Rents,3,0,4,8,9,PRIMARY CARE PHYSICIAN (PCP) ,IN-NETWORK,CO-PAY IN $,20,80,40,15,40,2,5,high,low,RISK,3
0,1,0,1,Bonus,4623,Yes,Owns,2,9,1,8,9,PRIMARY CARE PHYSICIAN (PCP) ,IN-NETWORK,CO-PAY IN $,40,15,80,20,40,2,5,high,low,RISK,3
0,0,0,0,Salaried,153,Yes,Owns,0,4,5,8,9,PRIMARY CARE PHYSICIAN (PCP) ,IN-NETWORK,CO-PAY IN $,15,80,20,40,40,2,5,high,low,RISK,3
0,1,1,0,Salaried,3954,No,Owns,1,1,2,8,9,PRIMARY CARE PHYSICIAN (PCP) ,IN-NETWORK,CO-PAY IN $,80,15,20,40,40,2,5,high,low,RISK,3
0,0,0,0,Salaried,4742,No,Rents,0,6,5,8,9,PRIMARY CARE PHYSICIAN (PCP) ,IN-NETWORK,CO-PAY IN $,80,15,40,20,40,2,5,high,low,RISK,3
0,0,0,0,Hourly,3289,No,Rents,8,1,13,8,9,PRIMARY CARE PHYSICIAN (PCP) ,IN-NETWORK,CO-PAY IN $,20,40,80,15,40,2,5,high,low,RISK,3
0,0,0,0,Bonus,3409,Yes,Rents,6,3,4,8,9,PRIMARY CARE PHYSICIAN (PCP) ,IN-NETWORK,CO-PAY IN $,15,20,40,80,40,2,5,high,low,RISK,3
0,0,1,0,Bonus,3179,No,Rents,2,2,0,8,9,PRIMARY CARE PHYSICIAN (PCP) ,IN-NETWORK,CO-PAY IN $,40,15,80,20,40,2,5,high,low,RISK,3
0,0,0,0,Bonus,4271,No,Rents,3,5,12,8,9,PRIMARY CARE PHYSICIAN (PCP) ,IN-NETWORK,CO-PAY IN $,15,80,40,20,40,2,5,high,low,RISK,3
0,0,0,0,Hourly,4605,Yes,Rents,4,6,13,8,9,PRIMARY CARE PHYSICIAN (PCP) ,IN-NETWORK,CO-PAY IN $,40,15,80,20,40,2,5,high,low,RISK,3
0,1,1,1,Salaried,3042,Yes,Rents,1,4,5,8,9,PRIMARY CARE PHYSICIAN (PCP) ,IN-NETWORK,CO-PAY IN $,20,40,15,80,40,2,5,high,low,RISK,3
0,1,1,0,Hourly,170,No,Rents,9,4,8,8,9,PRIMARY CARE PHYSICIAN (PCP) ,IN-NETWORK,CO-PAY IN $,80,40,20,15,40,2,5,high,low,RISK,3
0,0,0,1,Salaried,2062,No,Rents,2,9,4,8,9,PRIMARY CARE PHYSICIAN (PCP) ,IN-NETWORK,CO-PAY IN $,40,15,20,80,40,2,5,high,low,RISK,3
1,0,1,1,Bonus,1962,No,Rents,0,7,9,8,9,PRIMARY CARE PHYSICIAN (PCP) ,IN-NETWORK,CO-PAY IN $,15,20,80,40,40,2,5,high,low,RISK,3
0,0,0,0,Bonus,1006,No,Owns,5,5,23,8,9,PRIMARY CARE PHYSICIAN (PCP) ,IN-NETWORK,CO-PAY IN $,20,40,15,80,40,2,5,high,low,RISK,3
0,1,0,1,Salaried,4555,No,Rents,2,1,9,8,9,PRIMARY CARE PHYSICIAN (PCP) ,IN-NETWORK,CO-PAY IN $,80,15,20,40,40,2,5,high,low,RISK,3
1,0,1,0,Bonus,458,No,Rents,4,8,6,8,9,PRIMARY CARE PHYSICIAN (PCP) ,IN-NETWORK,CO-PAY IN $,40,20,80,15,40,2,5,high,low,RISK,3
1,0,1,0,Hourly,1593,No,Owns,0,2,1,8,9,PRIMARY CARE PHYSICIAN (PCP) ,IN-NETWORK,CO-PAY IN $,80,20,40,15,40,2,5,high,low,RISK,3
0,1,0,0,Hourly,4519,Yes,Owns,4,10,2,8,9,PRIMARY CARE PHYSICIAN (PCP) ,IN-NETWORK,CO-PAY IN $,20,40,15,80,40,2,5,high,low,RISK,3
0,1,0,0,Bonus,2639,No,Rents,0,4,3,8,9,PRIMARY CARE PHYSICIAN (PCP) ,IN-NETWORK,CO-PAY IN $,20,40,15,80,40,2,5,high,low,RISK,3
0,0,1,0,Hourly,2563,Yes,Rents,8,2,25,8,9,PRIMARY CARE PHYSICIAN (PCP) ,IN-NETWORK,CO-PAY IN $,20,15,40,80,40,2,5,high,low,RISK,3
0,0,1,1,Bonus,2810,Yes,Owns,8,10,10,8,9,PRIMARY CARE PHYSICIAN (PCP) ,IN-NETWORK,CO-PAY IN $,20,15,80,40,40,2,5,high,low,RISK,3
0,0,0,1,Hourly,2954,Yes,Owns,10,7,6,8,9,PRIMARY CARE PHYSICIAN (PCP) ,IN-NETWORK,CO-PAY IN $,20,15,80,40,40,2,5,high,low,RISK,3
0,0,1,0,Hourly,2299,Yes,Owns,6,5,5,8,9,PRIMARY CARE PHYSICIAN (PCP) ,IN-NETWORK,CO-PAY IN $,80,15,20,40,40,2,5,high,low,RISK,3
0,0,1,1,Hourly,1155,No,Rents,1,10,8,8,9,PRIMARY CARE PHYSICIAN (PCP) ,IN-NETWORK,CO-PAY IN $,80,20,40,15,40,2,5,high,low,RISK,3
1,0,1,0,Bonus,1856,Yes,Rents,7,0,4,8,9,PRIMARY CARE PHYSICIAN (PCP) ,IN-NETWORK,CO-PAY IN $,40,80,15,20,40,2,5,high,low,RISK,3
1,1,0,0,Salaried,3352,Yes,Rents,1,9,1,8,9,PRIMARY CARE PHYSICIAN (PCP) ,IN-NETWORK,CO-PAY IN $,40,80,15,20,40,2,5,high,low,RISK,3
1,0,0,0,Hourly,3735,Yes,Owns,8,4,5,8,9,PRIMARY CARE PHYSICIAN (PCP) ,IN-NETWORK,CO-PAY IN $,20,15,80,40,40,2,5,high,low,RISK,3
1,0,0,1,Salaried,1125,Yes,Rents,1,1,2,8,9,PRIMARY CARE PHYSICIAN (PCP) ,IN-NETWORK,CO-PAY IN $,80,20,15,40,40,2,5,high,low,RISK,3
1,0,1,0,Bonus,4695,No,Owns,0,6,5,8,9,PRIMARY CARE PHYSICIAN (PCP) ,IN-NETWORK,CO-PAY IN $,80,20,40,15,40,2,5,high,low,RISK,3
0,0,0,1,Salaried,1210,No,Rents,9,1,13,8,9,PRIMARY CARE PHYSICIAN (PCP) ,IN-NETWORK,CO-PAY IN $,15,20,40,80,40,2,5,high,low,RISK,3
1,0,0,0,Bonus,3757,No,Rents,1,2,0,8,9,PRIMARY CARE PHYSICIAN (PCP) ,IN-NETWORK,CO-PAY IN $,15,80,20,40,40,2,5,high,low,RISK,3
1,0,1,1,Salaried,4038,Yes,Rents,5,5,12,8,9,PRIMARY CARE PHYSICIAN (PCP) ,IN-NETWORK,CO-PAY IN $,20,15,40,80,40,2,5,high,low,RISK,3
0,0,0,1,Bonus,381,No,Owns,2,6,13,8,9,PRIMARY CARE PHYSICIAN (PCP) ,IN-NETWORK,CO-PAY IN $,40,80,20,15,40,2,5,high,low,RISK,3
0,0,0,0,Hourly,2879,Yes,Rents,9,4,5,8,9,PRIMARY CARE PHYSICIAN (PCP) ,IN-NETWORK,CO-PAY IN $,20,40,80,15,40,2,5,high,low,RISK,3
0,1,0,0,Hourly,2246,No,Owns,9,4,8,8,9,PRIMARY CARE PHYSICIAN (PCP) ,IN-NETWORK,CO-PAY IN $,20,40,15,80,40,2,5,high,low,RISK,3
0,1,0,0,Hourly,3337,No,Rents,1,9,4,8,9,PRIMARY CARE PHYSICIAN (PCP) ,IN-NETWORK,CO-PAY IN $,20,80,40,15,40,2,5,high,low,RISK,3
1,0,0,0,Hourly,874,No,Owns,9,7,9,8,9,PRIMARY CARE PHYSICIAN (PCP) ,IN-NETWORK,CO-PAY IN $,20,80,15,40,40,2,5,high,low,RISK,3
0,1,0,0,Hourly,4470,Yes,Owns,0,5,23,8,9,PRIMARY CARE PHYSICIAN (PCP) ,IN-NETWORK,CO-PAY IN $,80,20,40,15,40,2,5,high,low,RISK,3
1,0,1,0,Hourly,3252,Yes,Owns,4,1,9,8,9,PRIMARY CARE PHYSICIAN (PCP) ,IN-NETWORK,CO-PAY IN $,80,40,15,20,40,2,5,high,low,RISK,3
0,0,1,0,Hourly,3681,Yes,Owns,1,2,1,8,9,PRIMARY CARE PHYSICIAN (PCP) ,IN-NETWORK,CO-PAY IN $,20,80,40,15,40,2,5,high,low,RISK,3
0,1,1,1,Hourly,1019,Yes,Owns,8,10,2,8,9,PRIMARY CARE PHYSICIAN (PCP) ,IN-NETWORK,CO-PAY IN $,15,80,20,40,40,2,5,high,low,RISK,3
0,1,1,0,Bonus,4493,Yes,Owns,10,4,3,8,9,PRIMARY CARE PHYSICIAN (PCP) ,IN-NETWORK,CO-PAY IN $,20,40,15,80,40,2,5,high,low,RISK,3
0,1,1,0,Salaried,1012,Yes,Owns,8,2,25,8,9,PRIMARY CARE PHYSICIAN (PCP) ,IN-NETWORK,CO-PAY IN $,15,40,80,20,40,2,5,high,low,RISK,3
0,0,0,0,Bonus,1248,Yes,Rents,1,10,10,8,9,PRIMARY CARE PHYSICIAN (PCP) ,IN-NETWORK,CO-PAY IN $,15,20,40,80,40,2,5,high,low,RISK,3
0,0,0,0,Salaried,1214,No,Owns,1,7,6,8,9,PRIMARY CARE PHYSICIAN (PCP) ,IN-NETWORK,CO-PAY IN $,20,15,80,40,40,2,5,high,low,RISK,3
1,0,0,0,Salaried,2852,Yes,Rents,1,5,5,8,9,PRIMARY CARE PHYSICIAN (PCP) ,IN-NETWORK,CO-PAY IN $,80,15,40,20,40,2,5,high,low,RISK,3
0,0,0,0,Bonus,1440,Yes,Owns,4,10,8,8,9,PRIMARY CARE PHYSICIAN (PCP) ,IN-NETWORK,CO-PAY IN $,15,20,80,40,40,2,5,high,low,RISK,3
1,0,1,0,Bonus,2951,No,Owns,4,0,4,8,9,PRIMARY CARE PHYSICIAN (PCP) ,IN-NETWORK,CO-PAY IN $,40,80,20,15,40,2,5,high,low,RISK,3
2,1,0,2,Salaried,4377,No,Rents,10,19,27,8,10,PRIMARY CARE PHYSICIAN (PCP) ,IN-NETWORK,CO-PAY IN $,15,80,20,40,40,2,10,high,low,RISK,3
0,1,1,0,Salaried,1919,No,Owns,10,15,31,8,10,PRIMARY CARE PHYSICIAN (PCP) ,IN-NETWORK,CO-PAY IN $,40,80,20,15,40,2,10,high,low,RISK,3
1,1,0,0,Salaried,4671,Yes,Rents,15,12,28,8,10,PRIMARY CARE PHYSICIAN (PCP) ,IN-NETWORK,CO-PAY IN $,80,20,15,40,40,2,10,high,low,RISK,3
2,1,0,0,Bonus,1139,No,Owns,13,16,31,8,10,PRIMARY CARE PHYSICIAN (PCP) ,IN-NETWORK,CO-PAY IN $,40,80,15,20,40,2,10,high,low,RISK,3
1,1,2,1,Bonus,3085,No,Rents,9,12,39,8,10,PRIMARY CARE PHYSICIAN (PCP) ,IN-NETWORK,CO-PAY IN $,20,80,15,40,40,2,10,high,low,RISK,3
0,1,2,0,Salaried,912,Yes,Rents,16,14,30,8,10,PRIMARY CARE PHYSICIAN (PCP) ,IN-NETWORK,CO-PAY IN $,15,80,20,40,40,2,10,high,low,RISK,3
1,0,2,1,Hourly,3561,Yes,Owns,12,13,26,8,10,PRIMARY CARE PHYSICIAN (PCP) ,IN-NETWORK,CO-PAY IN $,15,20,80,40,40,2,10,high,low,RISK,3
1,2,0,0,Hourly,4350,No,Rents,7,16,37,8,10,PRIMARY CARE PHYSICIAN (PCP) ,IN-NETWORK,CO-PAY IN $,80,40,20,15,40,2,10,high,low,RISK,3
2,2,1,2,Salaried,3664,No,Owns,7,16,39,8,10,PRIMARY CARE PHYSICIAN (PCP) ,IN-NETWORK,CO-PAY IN $,40,80,20,15,40,2,10,high,low,RISK,3
0,0,0,1,Bonus,1972,Yes,Owns,17,14,30,8,10,PRIMARY CARE PHYSICIAN (PCP) ,IN-NETWORK,CO-PAY IN $,40,15,20,80,40,2,10,high,low,RISK,3
1,0,2,2,Salaried,1235,Yes,Rents,14,14,34,8,10,PRIMARY CARE PHYSICIAN (PCP) ,IN-NETWORK,CO-PAY IN $,40,15,20,80,40,2,10,high,low,RISK,3
0,2,0,1,Bonus,2294,Yes,Owns,10,19,30,8,10,PRIMARY CARE PHYSICIAN (PCP) ,IN-NETWORK,CO-PAY IN $,20,40,80,15,40,2,10,high,low,RISK,3
0,1,2,0,Salaried,4592,Yes,Rents,16,17,35,8,10,PRIMARY CARE PHYSICIAN (PCP) ,IN-NETWORK,CO-PAY IN $,40,15,20,80,40,2,10,high,low,RISK,3
0,0,1,1,Hourly,2183,Yes,Owns,6,15,48,8,10,PRIMARY CARE PHYSICIAN (PCP) ,IN-NETWORK,CO-PAY IN $,20,15,80,40,40,2,10,high,low,RISK,3
1,1,2,1,Salaried,1622,Yes,Rents,8,12,35,8,10,PRIMARY CARE PHYSICIAN (PCP) ,IN-NETWORK,CO-PAY IN $,20,40,15,80,40,2,10,high,low,RISK,3
1,2,1,2,Salaried,4259,Yes,Rents,6,18,32,8,10,PRIMARY CARE PHYSICIAN (PCP) ,IN-NETWORK,CO-PAY IN $,80,20,15,40,40,2,10,high,low,RISK,3
2,1,1,2,Salaried,4138,No,Owns,17,13,27,8,10,PRIMARY CARE PHYSICIAN (PCP) ,IN-NETWORK,CO-PAY IN $,15,20,40,80,40,2,10,high,low,RISK,3
2,0,1,2,Bonus,2742,No,Owns,17,20,28,8,10,PRIMARY CARE PHYSICIAN (PCP) ,IN-NETWORK,CO-PAY IN $,40,80,15,20,40,2,10,high,low,RISK,3
1,1,0,2,Bonus,4027,Yes,Rents,8,14,29,8,10,PRIMARY CARE PHYSICIAN (PCP) ,IN-NETWORK,CO-PAY IN $,80,40,20,15,40,2,10,high,low,RISK,3
1,1,0,0,Bonus,3643,No,Rents,16,13,50,8,10,PRIMARY CARE PHYSICIAN (PCP) ,IN-NETWORK,CO-PAY IN $,20,15,40,80,40,2,10,high,low,RISK,3
1,0,2,0,Salaried,1855,No,Rents,17,20,35,8,10,PRIMARY CARE PHYSICIAN (PCP) ,IN-NETWORK,CO-PAY IN $,15,40,80,20,40,2,10,high,low,RISK,3
1,2,0,1,Bonus,4199,No,Owns,14,17,32,8,10,PRIMARY CARE PHYSICIAN (PCP) ,IN-NETWORK,CO-PAY IN $,40,80,20,15,40,2,10,high,low,RISK,3
0,2,1,0,Salaried,358,No,Rents,12,16,31,8,10,PRIMARY CARE PHYSICIAN (PCP) ,IN-NETWORK,CO-PAY IN $,40,20,80,15,40,2,10,high,low,RISK,3
1,1,1,1,Salaried,2175,No,Owns,16,20,34,8,10,PRIMARY CARE PHYSICIAN (PCP) ,IN-NETWORK,CO-PAY IN $,40,15,20,80,40,2,10,high,low,RISK,3
1,1,0,0,Bonus,2804,No,Owns,11,11,30,8,10,PRIMARY CARE PHYSICIAN (PCP) ,IN-NETWORK,CO-PAY IN $,40,15,80,20,40,2,10,high,low,RISK,3
2,1,2,1,Bonus,2793,Yes,Owns,17,19,27,8,10,PRIMARY CARE PHYSICIAN (PCP) ,IN-NETWORK,CO-PAY IN $,20,40,80,15,40,2,10,high,low,RISK,3
2,0,2,0,Salaried,1366,No,Owns,14,15,31,8,10,PRIMARY CARE PHYSICIAN (PCP) ,IN-NETWORK,CO-PAY IN $,15,20,40,80,40,2,10,high,low,RISK,3
0,1,1,2,Salaried,3990,No,Rents,13,12,28,8,10,PRIMARY CARE PHYSICIAN (PCP) ,IN-NETWORK,CO-PAY IN $,40,80,20,15,40,2,10,high,low,RISK,3
0,1,1,0,Salaried,1625,No,Owns,16,16,31,8,10,PRIMARY CARE PHYSICIAN (PCP) ,IN-NETWORK,CO-PAY IN $,15,80,40,20,40,2,10,high,low,RISK,3
1,2,0,0,Hourly,1178,No,Owns,5,12,39,8,10,PRIMARY CARE PHYSICIAN (PCP) ,IN-NETWORK,CO-PAY IN $,15,20,40,80,40,2,10,high,low,RISK,3
1,1,0,0,Hourly,2665,No,Rents,8,14,30,8,10,PRIMARY CARE PHYSICIAN (PCP) ,IN-NETWORK,CO-PAY IN $,20,80,15,40,40,2,10,high,low,RISK,3
1,1,2,0,Hourly,4144,No,Owns,9,13,26,8,10,PRIMARY CARE PHYSICIAN (PCP) ,IN-NETWORK,CO-PAY IN $,20,40,15,80,40,2,10,high,low,RISK,3
1,1,2,0,Hourly,2547,Yes,Owns,14,16,37,8,10,PRIMARY CARE PHYSICIAN (PCP) ,IN-NETWORK,CO-PAY IN $,15,20,80,40,40,2,10,high,low,RISK,3
1,1,1,0,Hourly,152,Yes,Owns,15,16,39,8,10,PRIMARY CARE PHYSICIAN (PCP) ,IN-NETWORK,CO-PAY IN $,80,15,40,20,40,2,10,high,low,RISK,3
0,0,0,0,Bonus,2909,Yes,Rents,9,14,30,8,10,PRIMARY CARE PHYSICIAN (PCP) ,IN-NETWORK,CO-PAY IN $,20,80,40,15,40,2,10,high,low,RISK,3
2,2,1,1,Bonus,2404,Yes,Owns,11,14,34,8,10,PRIMARY CARE PHYSICIAN (PCP) ,IN-NETWORK,CO-PAY IN $,20,40,80,15,40,2,10,high,low,RISK,3
2,0,1,2,Bonus,144,Yes,Owns,10,19,30,8,10,PRIMARY CARE PHYSICIAN (PCP) ,IN-NETWORK,CO-PAY IN $,20,80,40,15,40,2,10,high,low,RISK,3
2,0,1,0,Hourly,2250,No,Owns,11,17,35,8,10,PRIMARY CARE PHYSICIAN (PCP) ,IN-NETWORK,CO-PAY IN $,80,15,40,20,40,2,10,high,low,RISK,3
2,0,0,0,Hourly,4826,No,Owns,10,15,48,8,10,PRIMARY CARE PHYSICIAN (PCP) ,IN-NETWORK,CO-PAY IN $,80,15,20,40,40,2,10,high,low,RISK,3
1,1,0,0,Salaried,792,No,Owns,12,12,35,8,10,PRIMARY CARE PHYSICIAN (PCP) ,IN-NETWORK,CO-PAY IN $,15,80,40,20,40,2,10,high,low,RISK,3
0,2,0,1,Hourly,3429,No,Rents,15,18,32,8,10,PRIMARY CARE PHYSICIAN (PCP) ,IN-NETWORK,CO-PAY IN $,15,20,40,80,40,2,10,high,low,RISK,3
0,2,0,1,Hourly,1596,Yes,Owns,11,13,27,8,10,PRIMARY CARE PHYSICIAN (PCP) ,IN-NETWORK,CO-PAY IN $,80,15,40,20,40,2,10,high,low,RISK,3
1,1,2,0,Salaried,83,Yes,Owns,7,20,28,8,10,PRIMARY CARE PHYSICIAN (PCP) ,IN-NETWORK,CO-PAY IN $,40,80,20,15,40,2,10,high,low,RISK,3
1,2,0,2,Salaried,3601,No,Owns,6,14,29,8,10,PRIMARY CARE PHYSICIAN (PCP) ,IN-NETWORK,CO-PAY IN $,80,20,15,40,40,2,10,high,low,RISK,3
1,1,0,1,Bonus,861,No,Owns,15,13,50,8,10,PRIMARY CARE PHYSICIAN (PCP) ,IN-NETWORK,CO-PAY IN $,80,15,20,40,40,2,10,high,low,RISK,3
0,2,2,2,Salaried,2240,Yes,Rents,15,20,35,8,10,PRIMARY CARE PHYSICIAN (PCP) ,IN-NETWORK,CO-PAY IN $,40,80,20,15,40,2,10,high,low,RISK,3
1,0,0,0,Hourly,2384,No,Rents,6,17,32,8,10,PRIMARY CARE PHYSICIAN (PCP) ,IN-NETWORK,CO-PAY IN $,80,15,20,40,40,2,10,high,low,RISK,3
0,0,0,0,Bonus,2363,Yes,Rents,12,16,31,8,10,PRIMARY CARE PHYSICIAN (PCP) ,IN-NETWORK,CO-PAY IN $,20,15,40,80,40,2,10,high,low,RISK,3
1,1,2,0,Salaried,4539,No,Owns,10,20,34,8,10,PRIMARY CARE PHYSICIAN (PCP) ,IN-NETWORK,CO-PAY IN $,80,40,20,15,40,2,10,high,low,RISK,3
1,1,0,0,Bonus,489,No,Rents,9,11,30,8,10,PRIMARY CARE PHYSICIAN (PCP) ,IN-NETWORK,CO-PAY IN $,80,15,40,20,40,2,10,high,low,RISK,3
1,2,0,2,Bonus,4623,Yes,Owns,7,19,27,8,10,PRIMARY CARE PHYSICIAN (PCP) ,IN-NETWORK,CO-PAY IN $,80,15,20,40,40,2,10,high,low,RISK,3
1,0,0,0,Salaried,153,Yes,Owns,5,15,31,8,10,PRIMARY CARE PHYSICIAN (PCP) ,IN-NETWORK,CO-PAY IN $,40,20,80,15,40,2,10,high,low,RISK,3
0,2,2,1,Salaried,3954,No,Owns,6,12,28,8,10,PRIMARY CARE PHYSICIAN (PCP) ,IN-NETWORK,CO-PAY IN $,80,20,40,15,40,2,10,high,low,RISK,3
0,1,0,0,Salaried,4742,No,Rents,5,16,31,8,10,PRIMARY CARE PHYSICIAN (PCP) ,IN-NETWORK,CO-PAY IN $,20,15,80,40,40,2,10,high,low,RISK,3
0,0,0,1,Hourly,3289,No,Rents,15,12,39,8,10,PRIMARY CARE PHYSICIAN (PCP) ,IN-NETWORK,CO-PAY IN $,80,15,40,20,40,2,10,high,low,RISK,3
0,0,1,1,Bonus,3409,Yes,Rents,13,14,30,8,10,PRIMARY CARE PHYSICIAN (PCP) ,IN-NETWORK,CO-PAY IN $,15,80,20,40,40,2,10,high,low,RISK,3
0,0,2,1,Bonus,3179,No,Rents,8,13,26,8,10,PRIMARY CARE PHYSICIAN (PCP) ,IN-NETWORK,CO-PAY IN $,20,80,15,40,40,2,10,high,low,RISK,3
0,0,0,1,Bonus,4271,No,Rents,9,16,37,8,10,PRIMARY CARE PHYSICIAN (PCP) ,IN-NETWORK,CO-PAY IN $,15,80,20,40,40,2,10,high,low,RISK,3
0,0,0,0,Hourly,4605,Yes,Rents,10,16,39,8,10,PRIMARY CARE PHYSICIAN (PCP) ,IN-NETWORK,CO-PAY IN $,80,20,15,40,40,2,10,high,low,RISK,3
0,2,2,2,Salaried,3042,Yes,Rents,6,14,30,8,10,PRIMARY CARE PHYSICIAN (PCP) ,IN-NETWORK,CO-PAY IN $,80,40,15,20,40,2,10,high,low,RISK,3
0,2,2,0,Hourly,170,No,Rents,16,14,34,8,10,PRIMARY CARE PHYSICIAN (PCP) ,IN-NETWORK,CO-PAY IN $,80,15,40,20,40,2,10,high,low,RISK,3
0,1,0,2,Salaried,2062,No,Rents,7,19,30,8,10,PRIMARY CARE PHYSICIAN (PCP) ,IN-NETWORK,CO-PAY IN $,20,40,80,15,40,2,10,high,low,RISK,3
1,1,2,2,Bonus,1962,No,Rents,5,17,35,8,10,PRIMARY CARE PHYSICIAN (PCP) ,IN-NETWORK,CO-PAY IN $,80,40,15,20,40,2,10,high,low,RISK,3
0,0,0,0,Bonus,1006,No,Owns,11,15,48,8,10,PRIMARY CARE PHYSICIAN (PCP) ,IN-NETWORK,CO-PAY IN $,15,40,20,80,40,2,10,high,low,RISK,3
0,2,1,2,Salaried,4555,No,Rents,8,12,35,8,10,PRIMARY CARE PHYSICIAN (PCP) ,IN-NETWORK,CO-PAY IN $,15,40,80,20,40,2,10,high,low,RISK,3
2,1,1,0,Bonus,458,No,Rents,10,18,32,8,10,PRIMARY CARE PHYSICIAN (PCP) ,IN-NETWORK,CO-PAY IN $,40,15,20,80,40,2,10,high,low,RISK,3
2,0,2,1,Hourly,1593,No,Owns,5,13,27,8,10,PRIMARY CARE PHYSICIAN (PCP) ,IN-NETWORK,CO-PAY IN $,15,40,20,80,40,2,10,high,low,RISK,3
0,2,0,1,Hourly,4519,Yes,Owns,11,20,28,8,10,PRIMARY CARE PHYSICIAN (PCP) ,IN-NETWORK,CO-PAY IN $,40,15,80,20,40,2,10,high,low,RISK,3
0,1,0,0,Bonus,2639,No,Rents,5,14,29,8,10,PRIMARY CARE PHYSICIAN (PCP) ,IN-NETWORK,CO-PAY IN $,15,20,80,40,40,2,10,high,low,RISK,3
0,0,2,1,Hourly,2563,Yes,Rents,15,13,50,8,10,PRIMARY CARE PHYSICIAN (PCP) ,IN-NETWORK,CO-PAY IN $,20,80,15,40,40,2,10,high,low,RISK,3
0,1,2,1,Bonus,2810,Yes,Owns,15,20,35,8,10,PRIMARY CARE PHYSICIAN (PCP) ,IN-NETWORK,CO-PAY IN $,20,15,80,40,40,2,10,high,low,RISK,3
1,1,0,1,Hourly,2954,Yes,Owns,18,17,32,8,10,PRIMARY CARE PHYSICIAN (PCP) ,IN-NETWORK,CO-PAY IN $,15,40,20,80,40,2,10,high,low,RISK,3
1,0,2,0,Hourly,2299,Yes,Owns,13,16,31,8,10,PRIMARY CARE PHYSICIAN (PCP) ,IN-NETWORK,CO-PAY IN $,15,80,40,20,40,2,10,high,low,RISK,3
0,0,1,2,Hourly,1155,No,Rents,6,20,34,8,10,PRIMARY CARE PHYSICIAN (PCP) ,IN-NETWORK,CO-PAY IN $,40,15,20,80,40,2,10,high,low,RISK,3
1,0,2,0,Bonus,1856,Yes,Rents,14,11,30,8,10,PRIMARY CARE PHYSICIAN (PCP) ,IN-NETWORK,CO-PAY IN $,20,15,80,40,40,2,10,high,low,RISK,3
2,1,1,0,Salaried,3352,Yes,Rents,6,19,27,8,10,PRIMARY CARE PHYSICIAN (PCP) ,IN-NETWORK,CO-PAY IN $,40,80,20,15,40,2,10,high,low,RISK,3
2,0,0,1,Hourly,3735,Yes,Owns,15,15,31,8,10,PRIMARY CARE PHYSICIAN (PCP) ,IN-NETWORK,CO-PAY IN $,20,80,15,40,40,2,10,high,low,RISK,3
2,1,0,2,Salaried,1125,Yes,Rents,6,12,28,8,10,PRIMARY CARE PHYSICIAN (PCP) ,IN-NETWORK,CO-PAY IN $,40,20,15,80,40,2,10,high,low,RISK,3
2,0,1,0,Bonus,4695,No,Owns,5,16,31,8,10,PRIMARY CARE PHYSICIAN (PCP) ,IN-NETWORK,CO-PAY IN $,80,40,20,15,40,2,10,high,low,RISK,3
1,1,1,1,Salaried,1210,No,Rents,17,12,39,8,10,PRIMARY CARE PHYSICIAN (PCP) ,IN-NETWORK,CO-PAY IN $,20,15,40,80,40,2,10,high,low,RISK,3
1,2,1,0,Bonus,3149,No,Owns,6,14,30,8,10,PRIMARY CARE PHYSICIAN (PCP) ,IN-NETWORK,CO-PAY IN $,15,80,40,20,40,2,10,high,low,RISK,3
1,1,1,1,Bonus,3757,No,Rents,6,13,26,8,10,PRIMARY CARE PHYSICIAN (PCP) ,IN-NETWORK,CO-PAY IN $,40,80,15,20,40,2,10,high,low,RISK,3
1,0,2,1,Salaried,4038,Yes,Rents,12,16,37,8,10,PRIMARY CARE PHYSICIAN (PCP) ,IN-NETWORK,CO-PAY IN $,20,40,80,15,40,2,10,high,low,RISK,3
0,0,0,2,Bonus,381,No,Owns,8,16,39,8,10,PRIMARY CARE PHYSICIAN (PCP) ,IN-NETWORK,CO-PAY IN $,40,20,80,15,40,2,10,high,low,RISK,3
0,0,1,1,Hourly,2879,Yes,Rents,16,14,30,8,10,PRIMARY CARE PHYSICIAN (PCP) ,IN-NETWORK,CO-PAY IN $,80,20,15,40,40,2,10,high,low,RISK,3
1,2,0,0,Hourly,2246,No,Owns,17,14,34,8,10,PRIMARY CARE PHYSICIAN (PCP) ,IN-NETWORK,CO-PAY IN $,40,15,80,20,40,2,10,high,low,RISK,3
0,2,1,0,Hourly,3337,No,Rents,7,19,30,8,10,PRIMARY CARE PHYSICIAN (PCP) ,IN-NETWORK,CO-PAY IN $,80,40,15,20,40,2,10,high,low,RISK,3
1,1,1,1,Hourly,874,No,Owns,17,17,35,8,10,PRIMARY CARE PHYSICIAN (PCP) ,IN-NETWORK,CO-PAY IN $,80,40,15,20,40,2,10,high,low,RISK,3
0,1,0,0,Hourly,4470,Yes,Owns,6,15,48,8,10,PRIMARY CARE PHYSICIAN (PCP) ,IN-NETWORK,CO-PAY IN $,80,20,15,40,40,2,10,high,low,RISK,3
2,0,1,1,Hourly,3252,Yes,Owns,10,12,35,8,10,PRIMARY CARE PHYSICIAN (PCP) ,IN-NETWORK,CO-PAY IN $,15,40,80,20,40,2,10,high,low,RISK,3
0,2,0,1,Hourly,176,Yes,Rents,9,18,32,8,10,PRIMARY CARE PHYSICIAN (PCP) ,IN-NETWORK,CO-PAY IN $,15,80,20,40,40,2,10,high,low,RISK,3
1,0,2,0,Hourly,3681,Yes,Owns,6,13,27,8,10,PRIMARY CARE PHYSICIAN (PCP) ,IN-NETWORK,CO-PAY IN $,80,40,20,15,40,2,10,high,low,RISK,3
1,2,1,2,Hourly,1019,Yes,Owns,15,20,28,8,10,PRIMARY CARE PHYSICIAN (PCP) ,IN-NETWORK,CO-PAY IN $,80,20,15,40,40,2,10,high,low,RISK,3
1,2,1,1,Bonus,4493,Yes,Owns,18,14,29,8,10,PRIMARY CARE PHYSICIAN (PCP) ,IN-NETWORK,CO-PAY IN $,40,80,15,20,40,2,10,high,low,RISK,3
1,2,2,0,Salaried,1012,Yes,Owns,15,13,50,8,10,PRIMARY CARE PHYSICIAN (PCP) ,IN-NETWORK,CO-PAY IN $,20,40,80,15,40,2,10,high,low,RISK,3
0,0,1,1,Bonus,1248,Yes,Rents,7,20,35,8,10,PRIMARY CARE PHYSICIAN (PCP) ,IN-NETWORK,CO-PAY IN $,80,40,15,20,40,2,10,high,low,RISK,3
0,0,1,0,Salaried,1214,No,Owns,6,17,32,8,10,PRIMARY CARE PHYSICIAN (PCP) ,IN-NETWORK,CO-PAY IN $,80,40,15,20,40,2,10,high,low,RISK,3
1,0,1,0,Salaried,2852,Yes,Rents,6,16,31,8,10,PRIMARY CARE PHYSICIAN (PCP) ,IN-NETWORK,CO-PAY IN $,80,20,40,15,40,2,10,high,low,RISK,3
1,0,0,0,Bonus,1440,Yes,Owns,10,20,34,8,10,PRIMARY CARE PHYSICIAN (PCP) ,IN-NETWORK,CO-PAY IN $,20,40,80,15,40,2,10,high,low,RISK,3
1,0,1,0,Bonus,2951,No,Owns,11,11,30,8,10,PRIMARY CARE PHYSICIAN (PCP) ,IN-NETWORK,CO-PAY IN $,40,15,20,80,40,2,10,high,low,RISK,3
3,2,1,3,Salaried,4377,No,Rents,24,48,52,8,11,PRIMARY CARE PHYSICIAN (PCP) ,IN-NETWORK,CO-PAY IN $,40,20,80,15,20,3,20,high,low,RISK,3
1,1,2,1,Salaried,1919,No,Owns,25,33,56,8,11,PRIMARY CARE PHYSICIAN (PCP) ,IN-NETWORK,CO-PAY IN $,15,40,80,20,20,3,20,high,low,RISK,3
2,2,1,1,Salaried,4671,Yes,Rents,33,23,53,8,11,PRIMARY CARE PHYSICIAN (PCP) ,IN-NETWORK,CO-PAY IN $,40,80,15,20,20,3,20,high,low,RISK,3
3,2,1,1,Bonus,1139,No,Owns,29,38,56,8,11,PRIMARY CARE PHYSICIAN (PCP) ,IN-NETWORK,CO-PAY IN $,40,20,80,15,20,3,20,high,low,RISK,3
1,2,3,2,Bonus,3085,No,Rents,23,24,64,8,11,PRIMARY CARE PHYSICIAN (PCP) ,IN-NETWORK,CO-PAY IN $,20,40,15,80,20,3,20,high,low,RISK,3
1,2,3,1,Salaried,912,Yes,Rents,37,29,55,8,11,PRIMARY CARE PHYSICIAN (PCP) ,IN-NETWORK,CO-PAY IN $,15,20,80,40,20,3,20,high,low,RISK,3
2,1,3,2,Hourly,3561,Yes,Owns,28,26,51,8,11,PRIMARY CARE PHYSICIAN (PCP) ,IN-NETWORK,CO-PAY IN $,15,80,20,40,20,3,20,high,low,RISK,3
2,3,1,1,Hourly,4350,No,Rents,19,36,62,8,11,PRIMARY CARE PHYSICIAN (PCP) ,IN-NETWORK,CO-PAY IN $,20,15,80,40,20,3,20,high,low,RISK,3
3,3,2,3,Salaried,3664,No,Owns,18,38,64,8,11,PRIMARY CARE PHYSICIAN (PCP) ,IN-NETWORK,CO-PAY IN $,15,20,40,80,20,3,20,high,low,RISK,3
1,1,1,1,Bonus,1972,Yes,Owns,38,31,55,8,11,PRIMARY CARE PHYSICIAN (PCP) ,IN-NETWORK,CO-PAY IN $,40,80,20,15,20,3,20,high,low,RISK,3
1,1,3,3,Salaried,1235,Yes,Rents,32,31,59,8,11,PRIMARY CARE PHYSICIAN (PCP) ,IN-NETWORK,CO-PAY IN $,20,15,80,40,20,3,20,high,low,RISK,3
1,3,1,2,Bonus,2294,Yes,Owns,25,47,55,8,11,PRIMARY CARE PHYSICIAN (PCP) ,IN-NETWORK,CO-PAY IN $,20,15,40,80,20,3,20,high,low,RISK,3
1,2,3,1,Salaried,4592,Yes,Rents,37,41,60,8,11,PRIMARY CARE PHYSICIAN (PCP) ,IN-NETWORK,CO-PAY IN $,80,15,20,40,20,3,20,high,low,RISK,3
1,1,1,2,Hourly,2183,Yes,Owns,16,35,73,8,11,PRIMARY CARE PHYSICIAN (PCP) ,IN-NETWORK,CO-PAY IN $,15,20,80,40,20,3,20,high,low,RISK,3
2,2,3,2,Salaried,1622,Yes,Rents,21,24,60,8,11,PRIMARY CARE PHYSICIAN (PCP) ,IN-NETWORK,CO-PAY IN $,20,15,80,40,20,3,20,high,low,RISK,3
2,3,1,3,Salaried,4259,Yes,Rents,17,43,57,8,11,PRIMARY CARE PHYSICIAN (PCP) ,IN-NETWORK,CO-PAY IN $,15,80,40,20,20,3,20,high,low,RISK,3
3,2,2,3,Salaried,4138,No,Owns,37,25,52,8,11,PRIMARY CARE PHYSICIAN (PCP) ,IN-NETWORK,CO-PAY IN $,80,15,20,40,20,3,20,high,low,RISK,3
3,1,2,3,Bonus,2742,No,Owns,39,50,53,8,11,PRIMARY CARE PHYSICIAN (PCP) ,IN-NETWORK,CO-PAY IN $,20,40,80,15,20,3,20,high,low,RISK,3
1,1,1,3,Bonus,4027,Yes,Rents,21,31,54,8,11,PRIMARY CARE PHYSICIAN (PCP) ,IN-NETWORK,CO-PAY IN $,40,15,80,20,20,3,20,high,low,RISK,3
2,2,1,1,Bonus,3643,No,Rents,35,26,75,8,11,PRIMARY CARE PHYSICIAN (PCP) ,IN-NETWORK,CO-PAY IN $,15,40,20,80,20,3,20,high,low,RISK,3
2,1,3,1,Salaried,1855,No,Rents,39,49,60,8,11,PRIMARY CARE PHYSICIAN (PCP) ,IN-NETWORK,CO-PAY IN $,15,40,20,80,20,3,20,high,low,RISK,3
1,3,1,1,Bonus,4199,No,Owns,33,40,57,8,11,PRIMARY CARE PHYSICIAN (PCP) ,IN-NETWORK,CO-PAY IN $,80,40,20,15,20,3,20,high,low,RISK,3
1,3,2,1,Salaried,358,No,Rents,28,36,56,8,11,PRIMARY CARE PHYSICIAN (PCP) ,IN-NETWORK,CO-PAY IN $,80,40,15,20,20,3,20,high,low,RISK,3
2,2,2,1,Salaried,2175,No,Owns,35,49,59,8,11,PRIMARY CARE PHYSICIAN (PCP) ,IN-NETWORK,CO-PAY IN $,15,40,80,20,20,3,20,high,low,RISK,3
2,2,1,1,Bonus,2804,No,Owns,26,20,55,8,11,PRIMARY CARE PHYSICIAN (PCP) ,IN-NETWORK,CO-PAY IN $,15,20,40,80,20,3,20,high,low,RISK,3
3,3,3,2,Bonus,2793,Yes,Owns,39,48,52,8,11,PRIMARY CARE PHYSICIAN (PCP) ,IN-NETWORK,CO-PAY IN $,80,40,15,20,20,3,20,high,low,RISK,3
3,1,3,1,Salaried,1366,No,Owns,32,33,56,8,11,PRIMARY CARE PHYSICIAN (PCP) ,IN-NETWORK,CO-PAY IN $,80,20,40,15,20,3,20,high,low,RISK,3
1,2,2,3,Salaried,3990,No,Rents,30,23,53,8,11,PRIMARY CARE PHYSICIAN (PCP) ,IN-NETWORK,CO-PAY IN $,40,15,20,80,20,3,20,high,low,RISK,3
1,2,2,1,Salaried,1625,No,Owns,36,38,56,8,11,PRIMARY CARE PHYSICIAN (PCP) ,IN-NETWORK,CO-PAY IN $,15,40,20,80,20,3,20,high,low,RISK,3
2,3,1,1,Hourly,1178,No,Owns,15,24,64,8,11,PRIMARY CARE PHYSICIAN (PCP) ,IN-NETWORK,CO-PAY IN $,80,20,40,15,20,3,20,high,low,RISK,3
2,1,1,1,Hourly,2665,No,Rents,20,29,55,8,11,PRIMARY CARE PHYSICIAN (PCP) ,IN-NETWORK,CO-PAY IN $,80,15,40,20,20,3,20,high,low,RISK,3
2,3,3,1,Hourly,4144,No,Owns,23,26,51,8,11,PRIMARY CARE PHYSICIAN (PCP) ,IN-NETWORK,CO-PAY IN $,20,40,80,15,20,3,20,high,low,RISK,3
2,2,3,1,Hourly,2547,Yes,Owns,32,36,62,8,11,PRIMARY CARE PHYSICIAN (PCP) ,IN-NETWORK,CO-PAY IN $,40,15,80,20,20,3,20,high,low,RISK,3
2,1,2,1,Hourly,152,Yes,Owns,34,38,64,8,11,PRIMARY CARE PHYSICIAN (PCP) ,IN-NETWORK,CO-PAY IN $,40,80,20,15,20,3,20,high,low,RISK,3
1,1,1,1,Bonus,2909,Yes,Rents,23,31,55,8,11,PRIMARY CARE PHYSICIAN (PCP) ,IN-NETWORK,CO-PAY IN $,20,40,15,80,20,3,20,high,low,RISK,3
3,3,2,2,Bonus,2404,Yes,Owns,27,31,59,8,11,PRIMARY CARE PHYSICIAN (PCP) ,IN-NETWORK,CO-PAY IN $,20,80,40,15,20,3,20,high,low,RISK,3
3,1,2,3,Bonus,144,Yes,Owns,24,47,55,8,11,PRIMARY CARE PHYSICIAN (PCP) ,IN-NETWORK,CO-PAY IN $,15,80,40,20,20,3,20,high,low,RISK,3
3,1,2,1,Hourly,2250,No,Owns,26,41,60,8,11,PRIMARY CARE PHYSICIAN (PCP) ,IN-NETWORK,CO-PAY IN $,20,80,15,40,20,3,20,high,low,RISK,3
3,1,1,1,Hourly,4826,No,Owns,25,35,73,8,11,PRIMARY CARE PHYSICIAN (PCP) ,IN-NETWORK,CO-PAY IN $,20,15,80,40,20,3,20,high,low,RISK,3
2,2,1,1,Salaried,792,No,Owns,28,24,60,8,11,PRIMARY CARE PHYSICIAN (PCP) ,IN-NETWORK,CO-PAY IN $,15,20,80,40,20,3,20,high,low,RISK,3
1,3,1,2,Hourly,3429,No,Rents,34,43,57,8,11,PRIMARY CARE PHYSICIAN (PCP) ,IN-NETWORK,CO-PAY IN $,20,40,80,15,20,3,20,high,low,RISK,3
1,3,1,2,Hourly,1596,Yes,Owns,27,25,52,8,11,PRIMARY CARE PHYSICIAN (PCP) ,IN-NETWORK,CO-PAY IN $,20,80,40,15,20,3,20,high,low,RISK,3
2,3,3,1,Salaried,83,Yes,Owns,19,50,53,8,11,PRIMARY CARE PHYSICIAN (PCP) ,IN-NETWORK,CO-PAY IN $,20,15,40,80,20,3,20,high,low,RISK,3
2,3,1,3,Salaried,3601,No,Owns,17,31,54,8,11,PRIMARY CARE PHYSICIAN (PCP) ,IN-NETWORK,CO-PAY IN $,15,20,80,40,20,3,20,high,low,RISK,3
2,2,1,2,Bonus,861,No,Owns,34,26,75,8,11,PRIMARY CARE PHYSICIAN (PCP) ,IN-NETWORK,CO-PAY IN $,15,20,40,80,20,3,20,high,low,RISK,3
1,3,3,3,Salaried,2240,Yes,Rents,35,49,60,8,11,PRIMARY CARE PHYSICIAN (PCP) ,IN-NETWORK,CO-PAY IN $,20,80,40,15,20,3,20,high,low,RISK,3
1,1,1,1,Hourly,2384,No,Rents,17,40,57,8,11,PRIMARY CARE PHYSICIAN (PCP) ,IN-NETWORK,CO-PAY IN $,20,80,15,40,20,3,20,high,low,RISK,3
1,1,1,1,Bonus,2363,Yes,Rents,29,36,56,8,11,PRIMARY CARE PHYSICIAN (PCP) ,IN-NETWORK,CO-PAY IN $,20,40,15,80,20,3,20,high,low,RISK,3
2,1,3,1,Salaried,4539,No,Owns,24,49,59,8,11,PRIMARY CARE PHYSICIAN (PCP) ,IN-NETWORK,CO-PAY IN $,40,15,20,80,20,3,20,high,low,RISK,3
2,1,1,1,Bonus,489,No,Rents,23,20,55,8,11,PRIMARY CARE PHYSICIAN (PCP) ,IN-NETWORK,CO-PAY IN $,20,15,80,40,20,3,20,high,low,RISK,3
2,3,1,3,Bonus,4623,Yes,Owns,19,48,52,8,11,PRIMARY CARE PHYSICIAN (PCP) ,IN-NETWORK,CO-PAY IN $,80,20,15,40,20,3,20,high,low,RISK,3
2,1,1,1,Salaried,153,Yes,Owns,15,33,56,8,11,PRIMARY CARE PHYSICIAN (PCP) ,IN-NETWORK,CO-PAY IN $,80,40,20,15,20,3,20,high,low,RISK,3
1,3,3,2,Salaried,3954,No,Owns,17,23,53,8,11,PRIMARY CARE PHYSICIAN (PCP) ,IN-NETWORK,CO-PAY IN $,40,15,20,80,20,3,20,high,low,RISK,3
1,2,1,1,Salaried,4742,No,Rents,15,38,56,8,11,PRIMARY CARE PHYSICIAN (PCP) ,IN-NETWORK,CO-PAY IN $,20,15,80,40,20,3,20,high,low,RISK,3
1,1,1,2,Hourly,3289,No,Rents,35,24,64,8,11,PRIMARY CARE PHYSICIAN (PCP) ,IN-NETWORK,CO-PAY IN $,40,15,20,80,20,3,20,high,low,RISK,3
1,1,2,2,Bonus,3409,Yes,Rents,30,29,55,8,11,PRIMARY CARE PHYSICIAN (PCP) ,IN-NETWORK,CO-PAY IN $,20,15,40,80,20,3,20,high,low,RISK,3
1,1,3,2,Bonus,3179,No,Rents,21,26,51,8,11,PRIMARY CARE PHYSICIAN (PCP) ,IN-NETWORK,CO-PAY IN $,20,40,15,80,20,3,20,high,low,RISK,3
1,1,1,2,Bonus,4271,No,Rents,22,36,62,8,11,PRIMARY CARE PHYSICIAN (PCP) ,IN-NETWORK,CO-PAY IN $,80,20,40,15,20,3,20,high,low,RISK,3
1,1,1,1,Hourly,4605,Yes,Rents,24,38,64,8,11,PRIMARY CARE PHYSICIAN (PCP) ,IN-NETWORK,CO-PAY IN $,40,15,20,80,20,3,20,high,low,RISK,3
1,3,3,3,Salaried,3042,Yes,Rents,16,31,55,8,11,PRIMARY CARE PHYSICIAN (PCP) ,IN-NETWORK,CO-PAY IN $,20,15,80,40,20,3,20,high,low,RISK,3
1,3,3,1,Hourly,170,No,Rents,37,31,59,8,11,PRIMARY CARE PHYSICIAN (PCP) ,IN-NETWORK,CO-PAY IN $,20,80,40,15,20,3,20,high,low,RISK,3
1,1,1,3,Salaried,2062,No,Rents,20,47,55,8,11,PRIMARY CARE PHYSICIAN (PCP) ,IN-NETWORK,CO-PAY IN $,80,15,20,40,20,3,20,high,low,RISK,3
2,2,3,3,Bonus,1962,No,Rents,15,41,60,8,11,PRIMARY CARE PHYSICIAN (PCP) ,IN-NETWORK,CO-PAY IN $,40,80,20,15,20,3,20,high,low,RISK,3
1,1,1,1,Bonus,1006,No,Owns,27,35,73,8,11,PRIMARY CARE PHYSICIAN (PCP) ,IN-NETWORK,CO-PAY IN $,15,20,80,40,20,3,20,high,low,RISK,3
1,3,2,3,Salaried,4555,No,Rents,20,24,60,8,11,PRIMARY CARE PHYSICIAN (PCP) ,IN-NETWORK,CO-PAY IN $,80,20,15,40,20,3,20,high,low,RISK,3
3,1,2,1,Bonus,458,No,Rents,25,43,57,8,11,PRIMARY CARE PHYSICIAN (PCP) ,IN-NETWORK,CO-PAY IN $,80,40,20,15,20,3,20,high,low,RISK,3
3,1,3,1,Hourly,1593,No,Owns,16,25,52,8,11,PRIMARY CARE PHYSICIAN (PCP) ,IN-NETWORK,CO-PAY IN $,80,40,15,20,20,3,20,high,low,RISK,3
1,3,1,2,Hourly,4519,Yes,Owns,26,50,53,8,11,PRIMARY CARE PHYSICIAN (PCP) ,IN-NETWORK,CO-PAY IN $,80,40,20,15,20,3,20,high,low,RISK,3
1,2,1,1,Bonus,2639,No,Rents,16,31,54,8,11,PRIMARY CARE PHYSICIAN (PCP) ,IN-NETWORK,CO-PAY IN $,15,40,20,80,20,3,20,high,low,RISK,3
1,1,3,1,Hourly,2563,Yes,Rents,35,26,75,8,11,PRIMARY CARE PHYSICIAN (PCP) ,IN-NETWORK,CO-PAY IN $,40,80,20,15,20,3,20,high,low,RISK,3
1,2,3,2,Bonus,2810,Yes,Owns,35,49,60,8,11,PRIMARY CARE PHYSICIAN (PCP) ,IN-NETWORK,CO-PAY IN $,20,40,80,15,20,3,20,high,low,RISK,3
2,2,1,2,Hourly,2954,Yes,Owns,39,40,57,8,11,PRIMARY CARE PHYSICIAN (PCP) ,IN-NETWORK,CO-PAY IN $,40,20,80,15,20,3,20,high,low,RISK,3
2,1,3,1,Hourly,2299,Yes,Owns,31,36,56,8,11,PRIMARY CARE PHYSICIAN (PCP) ,IN-NETWORK,CO-PAY IN $,15,40,20,80,20,3,20,high,low,RISK,3
1,1,2,3,Hourly,1155,No,Rents,16,49,59,8,11,PRIMARY CARE PHYSICIAN (PCP) ,IN-NETWORK,CO-PAY IN $,20,40,15,80,20,3,20,high,low,RISK,3
2,1,3,1,Bonus,1856,Yes,Rents,31,20,55,8,11,PRIMARY CARE PHYSICIAN (PCP) ,IN-NETWORK,CO-PAY IN $,80,20,40,15,20,3,20,high,low,RISK,3
3,2,2,1,Salaried,3352,Yes,Rents,18,48,52,8,11,PRIMARY CARE PHYSICIAN (PCP) ,IN-NETWORK,CO-PAY IN $,40,20,80,15,20,3,20,high,low,RISK,3
3,1,1,2,Hourly,3735,Yes,Owns,34,33,56,8,11,PRIMARY CARE PHYSICIAN (PCP) ,IN-NETWORK,CO-PAY IN $,15,40,80,20,20,3,20,high,low,RISK,3
3,2,1,3,Salaried,1125,Yes,Rents,18,23,53,8,11,PRIMARY CARE PHYSICIAN (PCP) ,IN-NETWORK,CO-PAY IN $,80,40,20,15,20,3,20,high,low,RISK,3
3,1,2,1,Bonus,4695,No,Owns,15,38,56,8,11,PRIMARY CARE PHYSICIAN (PCP) ,IN-NETWORK,CO-PAY IN $,20,40,80,15,20,3,20,high,low,RISK,3
2,2,2,2,Salaried,1210,No,Rents,38,24,64,8,11,PRIMARY CARE PHYSICIAN (PCP) ,IN-NETWORK,CO-PAY IN $,80,40,20,15,20,3,20,high,low,RISK,3
2,3,2,1,Bonus,3149,No,Owns,17,29,55,8,11,PRIMARY CARE PHYSICIAN (PCP) ,IN-NETWORK,CO-PAY IN $,20,40,80,15,20,3,20,high,low,RISK,3
2,2,2,2,Bonus,3757,No,Rents,18,26,51,8,11,PRIMARY CARE PHYSICIAN (PCP) ,IN-NETWORK,CO-PAY IN $,15,20,40,80,20,3,20,high,low,RISK,3
3,1,3,2,Salaried,4038,Yes,Rents,28,36,62,8,11,PRIMARY CARE PHYSICIAN (PCP) ,IN-NETWORK,CO-PAY IN $,40,15,80,20,20,3,20,high,low,RISK,3
1,1,1,3,Bonus,381,No,Owns,20,38,64,8,11,PRIMARY CARE PHYSICIAN (PCP) ,IN-NETWORK,CO-PAY IN $,40,80,15,20,20,3,20,high,low,RISK,3
1,1,1,2,Hourly,2879,Yes,Rents,37,31,55,8,11,PRIMARY CARE PHYSICIAN (PCP) ,IN-NETWORK,CO-PAY IN $,20,15,40,80,20,3,20,high,low,RISK,3
2,3,1,1,Hourly,2246,No,Owns,38,31,59,8,11,PRIMARY CARE PHYSICIAN (PCP) ,IN-NETWORK,CO-PAY IN $,80,40,20,15,20,3,20,high,low,RISK,3
1,3,2,1,Hourly,3337,No,Rents,18,47,55,8,11,PRIMARY CARE PHYSICIAN (PCP) ,IN-NETWORK,CO-PAY IN $,15,20,40,80,20,3,20,high,low,RISK,3
2,2,1,2,Hourly,874,No,Owns,38,41,60,8,11,PRIMARY CARE PHYSICIAN (PCP) ,IN-NETWORK,CO-PAY IN $,20,15,40,80,20,3,20,high,low,RISK,3
1,2,1,1,Hourly,4470,Yes,Owns,16,35,73,8,11,PRIMARY CARE PHYSICIAN (PCP) ,IN-NETWORK,CO-PAY IN $,15,80,40,20,20,3,20,high,low,RISK,3
3,1,3,1,Hourly,3252,Yes,Owns,24,24,60,8,11,PRIMARY CARE PHYSICIAN (PCP) ,IN-NETWORK,CO-PAY IN $,80,15,40,20,20,3,20,high,low,RISK,3
1,3,1,2,Hourly,176,Yes,Rents,23,43,57,8,11,PRIMARY CARE PHYSICIAN (PCP) ,IN-NETWORK,CO-PAY IN $,20,15,80,40,20,3,20,high,low,RISK,3
2,1,3,1,Hourly,3681,Yes,Owns,17,25,52,8,11,PRIMARY CARE PHYSICIAN (PCP) ,IN-NETWORK,CO-PAY IN $,20,80,40,15,20,3,20,high,low,RISK,3
1,3,2,3,Hourly,1019,Yes,Owns,35,50,53,8,11,PRIMARY CARE PHYSICIAN (PCP) ,IN-NETWORK,CO-PAY IN $,80,40,20,15,20,3,20,high,low,RISK,3
1,3,2,1,Bonus,4493,Yes,Owns,39,31,54,8,11,PRIMARY CARE PHYSICIAN (PCP) ,IN-NETWORK,CO-PAY IN $,80,15,20,40,20,3,20,high,low,RISK,3
1,3,3,1,Salaried,1012,Yes,Owns,34,26,75,8,11,PRIMARY CARE PHYSICIAN (PCP) ,IN-NETWORK,CO-PAY IN $,80,15,40,20,20,3,20,high,low,RISK,3
1,1,2,1,Bonus,1248,Yes,Rents,18,49,60,8,11,PRIMARY CARE PHYSICIAN (PCP) ,IN-NETWORK,CO-PAY IN $,20,80,40,15,20,3,20,high,low,RISK,3
1,1,2,1,Salaried,1214,No,Owns,17,40,57,8,11,PRIMARY CARE PHYSICIAN (PCP) ,IN-NETWORK,CO-PAY IN $,80,15,20,40,20,3,20,high,low,RISK,3
2,1,1,1,Salaried,2852,Yes,Rents,18,36,56,8,11,PRIMARY CARE PHYSICIAN (PCP) ,IN-NETWORK,CO-PAY IN $,80,20,40,15,20,3,20,high,low,RISK,3
2,1,1,1,Bonus,1440,Yes,Owns,24,49,59,8,11,PRIMARY CARE PHYSICIAN (PCP) ,IN-NETWORK,CO-PAY IN $,15,40,20,80,20,3,20,high,low,RISK,3
3,1,3,1,Bonus,2951,No,Owns,26,20,55,8,11,PRIMARY CARE PHYSICIAN (PCP) ,IN-NETWORK,CO-PAY IN $,40,80,20,15,20,3,20,high,low,RISK,3
4,3,2,4,Salaried,4377,No,Rents,46,73,76,8,12,PRIMARY CARE PHYSICIAN (PCP) ,IN-NETWORK,CO-PAY IN $,40,80,20,15,20,3,50,high,low,RISK,3
2,3,4,2,Salaried,1919,No,Owns,48,61,80,8,12,PRIMARY CARE PHYSICIAN (PCP) ,IN-NETWORK,CO-PAY IN $,80,40,15,20,20,3,50,high,low,RISK,3
4,4,3,2,Salaried,4671,Yes,Rents,57,53,77,8,12,PRIMARY CARE PHYSICIAN (PCP) ,IN-NETWORK,CO-PAY IN $,20,15,80,40,20,3,50,high,low,RISK,3
4,4,2,2,Bonus,1139,No,Owns,52,65,80,8,12,PRIMARY CARE PHYSICIAN (PCP) ,IN-NETWORK,CO-PAY IN $,15,20,40,80,20,3,50,high,low,RISK,3
3,4,4,3,Bonus,3085,No,Rents,45,54,88,8,12,PRIMARY CARE PHYSICIAN (PCP) ,IN-NETWORK,CO-PAY IN $,40,15,80,20,20,3,50,high,low,RISK,3
3,4,4,3,Salaried,912,Yes,Rents,61,58,79,8,12,PRIMARY CARE PHYSICIAN (PCP) ,IN-NETWORK,CO-PAY IN $,15,20,40,80,20,3,50,high,low,RISK,3
4,3,4,3,Hourly,3561,Yes,Owns,51,56,75,8,12,PRIMARY CARE PHYSICIAN (PCP) ,IN-NETWORK,CO-PAY IN $,40,80,20,15,20,3,50,high,low,RISK,3
4,4,2,2,Hourly,4350,No,Rents,40,64,87,8,12,PRIMARY CARE PHYSICIAN (PCP) ,IN-NETWORK,CO-PAY IN $,20,80,15,40,20,3,50,high,low,RISK,3
4,4,4,4,Salaried,3664,No,Owns,39,65,88,8,12,PRIMARY CARE PHYSICIAN (PCP) ,IN-NETWORK,CO-PAY IN $,15,40,80,20,20,3,50,high,low,RISK,3
2,3,3,3,Bonus,1972,Yes,Owns,62,60,80,8,12,PRIMARY CARE PHYSICIAN (PCP) ,IN-NETWORK,CO-PAY IN $,20,15,40,80,20,3,50,high,low,RISK,3
3,2,4,4,Salaried,1235,Yes,Rents,55,60,83,8,12,PRIMARY CARE PHYSICIAN (PCP) ,IN-NETWORK,CO-PAY IN $,20,80,40,15,20,3,50,high,low,RISK,3
2,3,4,3,Salaried,4592,Yes,Rents,62,68,84,8,12,PRIMARY CARE PHYSICIAN (PCP) ,IN-NETWORK,CO-PAY IN $,20,40,15,80,20,3,50,high,low,RISK,3
3,3,3,4,Hourly,2183,Yes,Owns,37,63,98,8,12,PRIMARY CARE PHYSICIAN (PCP) ,IN-NETWORK,CO-PAY IN $,80,15,40,20,20,3,50,high,low,RISK,3
3,3,4,3,Salaried,1622,Yes,Rents,42,55,84,8,12,PRIMARY CARE PHYSICIAN (PCP) ,IN-NETWORK,CO-PAY IN $,40,15,80,20,20,3,50,high,low,RISK,3
3,4,3,4,Salaried,4259,Yes,Rents,37,70,81,8,12,PRIMARY CARE PHYSICIAN (PCP) ,IN-NETWORK,CO-PAY IN $,40,15,80,20,20,3,50,high,low,RISK,3
4,3,3,4,Salaried,4138,No,Owns,62,55,76,8,12,PRIMARY CARE PHYSICIAN (PCP) ,IN-NETWORK,CO-PAY IN $,80,20,15,40,20,3,50,high,low,RISK,3
4,3,4,4,Bonus,2742,No,Owns,64,75,77,8,12,PRIMARY CARE PHYSICIAN (PCP) ,IN-NETWORK,CO-PAY IN $,40,80,20,15,20,3,50,high,low,RISK,3
3,3,3,4,Bonus,4027,Yes,Rents,43,60,78,8,12,PRIMARY CARE PHYSICIAN (PCP) ,IN-NETWORK,CO-PAY IN $,20,80,40,15,20,3,50,high,low,RISK,3
4,4,2,2,Bonus,3643,No,Rents,59,56,100,8,12,PRIMARY CARE PHYSICIAN (PCP) ,IN-NETWORK,CO-PAY IN $,15,80,40,20,20,3,50,high,low,RISK,3
4,2,4,2,Salaried,1855,No,Rents,63,74,85,8,12,PRIMARY CARE PHYSICIAN (PCP) ,IN-NETWORK,CO-PAY IN $,40,15,80,20,20,3,50,high,low,RISK,3
3,4,2,3,Bonus,4199,No,Owns,57,67,81,8,12,PRIMARY CARE PHYSICIAN (PCP) ,IN-NETWORK,CO-PAY IN $,20,40,80,15,20,3,50,high,low,RISK,3
3,4,3,2,Salaried,358,No,Rents,50,64,80,8,12,PRIMARY CARE PHYSICIAN (PCP) ,IN-NETWORK,CO-PAY IN $,80,40,15,20,20,3,50,high,low,RISK,3
4,3,4,3,Salaried,2175,No,Owns,59,75,83,8,12,PRIMARY CARE PHYSICIAN (PCP) ,IN-NETWORK,CO-PAY IN $,40,80,15,20,20,3,50,high,low,RISK,3
4,4,2,2,Bonus,2804,No,Owns,48,51,79,8,12,PRIMARY CARE PHYSICIAN (PCP) ,IN-NETWORK,CO-PAY IN $,15,20,40,80,20,3,50,high,low,RISK,3
4,4,4,4,Bonus,2793,Yes,Owns,63,73,76,8,12,PRIMARY CARE PHYSICIAN (PCP) ,IN-NETWORK,CO-PAY IN $,15,20,40,80,20,3,50,high,low,RISK,3
4,3,4,2,Salaried,1366,No,Owns,56,61,80,8,12,PRIMARY CARE PHYSICIAN (PCP) ,IN-NETWORK,CO-PAY IN $,20,15,40,80,20,3,50,high,low,RISK,3
2,4,4,4,Salaried,3990,No,Rents,53,53,77,8,12,PRIMARY CARE PHYSICIAN (PCP) ,IN-NETWORK,CO-PAY IN $,40,15,20,80,20,3,50,high,low,RISK,3
2,4,3,3,Salaried,1625,No,Owns,60,65,80,8,12,PRIMARY CARE PHYSICIAN (PCP) ,IN-NETWORK,CO-PAY IN $,40,20,80,15,20,3,50,high,low,RISK,3
4,4,3,3,Hourly,1178,No,Owns,35,54,88,8,12,PRIMARY CARE PHYSICIAN (PCP) ,IN-NETWORK,CO-PAY IN $,80,15,20,40,20,3,50,high,low,RISK,3
3,3,2,2,Hourly,2665,No,Rents,41,58,79,8,12,PRIMARY CARE PHYSICIAN (PCP) ,IN-NETWORK,CO-PAY IN $,20,15,80,40,20,3,50,high,low,RISK,3
4,4,4,2,Hourly,4144,No,Owns,44,56,75,8,12,PRIMARY CARE PHYSICIAN (PCP) ,IN-NETWORK,CO-PAY IN $,80,20,40,15,20,3,50,high,low,RISK,3
3,3,4,3,Hourly,2547,Yes,Owns,55,64,87,8,12,PRIMARY CARE PHYSICIAN (PCP) ,IN-NETWORK,CO-PAY IN $,40,15,20,80,20,3,50,high,low,RISK,3
4,3,4,2,Hourly,152,Yes,Owns,58,65,88,8,12,PRIMARY CARE PHYSICIAN (PCP) ,IN-NETWORK,CO-PAY IN $,40,15,80,20,20,3,50,high,low,RISK,3
3,2,2,3,Bonus,2909,Yes,Rents,45,60,80,8,12,PRIMARY CARE PHYSICIAN (PCP) ,IN-NETWORK,CO-PAY IN $,20,80,15,40,20,3,50,high,low,RISK,3
4,4,3,3,Bonus,2404,Yes,Owns,49,60,83,8,12,PRIMARY CARE PHYSICIAN (PCP) ,IN-NETWORK,CO-PAY IN $,40,80,20,15,20,3,50,high,low,RISK,3
4,2,4,4,Bonus,144,Yes,Owns,46,72,79,8,12,PRIMARY CARE PHYSICIAN (PCP) ,IN-NETWORK,CO-PAY IN $,80,15,20,40,20,3,50,high,low,RISK,3
4,2,4,2,Hourly,2250,No,Owns,48,68,84,8,12,PRIMARY CARE PHYSICIAN (PCP) ,IN-NETWORK,CO-PAY IN $,80,40,20,15,20,3,50,high,low,RISK,3
4,3,3,3,Hourly,4826,No,Owns,47,63,98,8,12,PRIMARY CARE PHYSICIAN (PCP) ,IN-NETWORK,CO-PAY IN $,15,40,20,80,20,3,50,high,low,RISK,3
4,4,2,3,Salaried,792,No,Owns,50,55,84,8,12,PRIMARY CARE PHYSICIAN (PCP) ,IN-NETWORK,CO-PAY IN $,15,20,40,80,20,3,50,high,low,RISK,3
2,4,2,3,Hourly,3429,No,Rents,58,70,81,8,12,PRIMARY CARE PHYSICIAN (PCP) ,IN-NETWORK,CO-PAY IN $,20,15,80,40,20,3,50,high,low,RISK,3
3,4,3,4,Hourly,1596,Yes,Owns,50,55,76,8,12,PRIMARY CARE PHYSICIAN (PCP) ,IN-NETWORK,CO-PAY IN $,80,15,20,40,20,3,50,high,low,RISK,3
4,4,4,3,Salaried,83,Yes,Owns,40,75,77,8,12,PRIMARY CARE PHYSICIAN (PCP) ,IN-NETWORK,CO-PAY IN $,40,15,80,20,20,3,50,high,low,RISK,3
4,4,3,4,Salaried,3601,No,Owns,38,60,78,8,12,PRIMARY CARE PHYSICIAN (PCP) ,IN-NETWORK,CO-PAY IN $,20,15,80,40,20,3,50,high,low,RISK,3
3,4,2,4,Bonus,861,No,Owns,58,56,100,8,12,PRIMARY CARE PHYSICIAN (PCP) ,IN-NETWORK,CO-PAY IN $,40,80,15,20,20,3,50,high,low,RISK,3
2,4,4,4,Salaried,2240,Yes,Rents,59,74,85,8,12,PRIMARY CARE PHYSICIAN (PCP) ,IN-NETWORK,CO-PAY IN $,40,20,15,80,20,3,50,high,low,RISK,3
3,3,2,2,Hourly,2384,No,Rents,37,67,81,8,12,PRIMARY CARE PHYSICIAN (PCP) ,IN-NETWORK,CO-PAY IN $,20,40,80,15,20,3,50,high,low,RISK,3
2,2,3,3,Bonus,2363,Yes,Rents,52,64,80,8,12,PRIMARY CARE PHYSICIAN (PCP) ,IN-NETWORK,CO-PAY IN $,40,80,20,15,20,3,50,high,low,RISK,3
3,3,4,2,Salaried,4539,No,Owns,45,75,83,8,12,PRIMARY CARE PHYSICIAN (PCP) ,IN-NETWORK,CO-PAY IN $,20,80,15,40,20,3,50,high,low,RISK,3
3,3,2,2,Bonus,489,No,Rents,45,51,79,8,12,PRIMARY CARE PHYSICIAN (PCP) ,IN-NETWORK,CO-PAY IN $,80,40,20,15,20,3,50,high,low,RISK,3
4,4,2,4,Bonus,4623,Yes,Owns,40,73,76,8,12,PRIMARY CARE PHYSICIAN (PCP) ,IN-NETWORK,CO-PAY IN $,15,20,80,40,20,3,50,high,low,RISK,3
3,3,3,2,Salaried,153,Yes,Owns,36,61,80,8,12,PRIMARY CARE PHYSICIAN (PCP) ,IN-NETWORK,CO-PAY IN $,80,40,20,15,20,3,50,high,low,RISK,3
3,4,4,4,Salaried,3954,No,Owns,38,53,77,8,12,PRIMARY CARE PHYSICIAN (PCP) ,IN-NETWORK,CO-PAY IN $,20,15,80,40,20,3,50,high,low,RISK,3
3,3,2,3,Salaried,4742,No,Rents,35,65,80,8,12,PRIMARY CARE PHYSICIAN (PCP) ,IN-NETWORK,CO-PAY IN $,80,40,20,15,20,3,50,high,low,RISK,3
2,2,2,3,Hourly,3289,No,Rents,59,54,88,8,12,PRIMARY CARE PHYSICIAN (PCP) ,IN-NETWORK,CO-PAY IN $,15,20,40,80,20,3,50,high,low,RISK,3
2,2,3,3,Bonus,3409,Yes,Rents,54,58,79,8,12,PRIMARY CARE PHYSICIAN (PCP) ,IN-NETWORK,CO-PAY IN $,40,20,80,15,20,3,50,high,low,RISK,3
3,3,4,3,Bonus,3179,No,Rents,42,56,75,8,12,PRIMARY CARE PHYSICIAN (PCP) ,IN-NETWORK,CO-PAY IN $,40,15,20,80,20,3,50,high,low,RISK,3
3,3,2,4,Bonus,4271,No,Rents,43,64,87,8,12,PRIMARY CARE PHYSICIAN (PCP) ,IN-NETWORK,CO-PAY IN $,80,20,15,40,20,3,50,high,low,RISK,3
3,3,3,2,Hourly,4605,Yes,Rents,46,65,88,8,12,PRIMARY CARE PHYSICIAN (PCP) ,IN-NETWORK,CO-PAY IN $,80,15,20,40,20,3,50,high,low,RISK,3
2,4,4,4,Salaried,3042,Yes,Rents,37,60,80,8,12,PRIMARY CARE PHYSICIAN (PCP) ,IN-NETWORK,CO-PAY IN $,80,20,40,15,20,3,50,high,low,RISK,3
2,4,4,3,Hourly,170,No,Rents,61,60,83,8,12,PRIMARY CARE PHYSICIAN (PCP) ,IN-NETWORK,CO-PAY IN $,15,40,20,80,20,3,50,high,low,RISK,3
2,3,3,4,Salaried,2062,No,Rents,40,72,79,8,12,PRIMARY CARE PHYSICIAN (PCP) ,IN-NETWORK,CO-PAY IN $,20,15,80,40,20,3,50,high,low,RISK,3
4,4,4,4,Bonus,1962,No,Rents,35,68,84,8,12,PRIMARY CARE PHYSICIAN (PCP) ,IN-NETWORK,CO-PAY IN $,15,40,80,20,20,3,50,high,low,RISK,3
2,2,3,2,Bonus,1006,No,Owns,50,63,98,8,12,PRIMARY CARE PHYSICIAN (PCP) ,IN-NETWORK,CO-PAY IN $,80,20,15,40,20,3,50,high,low,RISK,3
2,4,3,4,Salaried,4555,No,Rents,42,55,84,8,12,PRIMARY CARE PHYSICIAN (PCP) ,IN-NETWORK,CO-PAY IN $,15,80,40,20,20,3,50,high,low,RISK,3
4,3,4,3,Bonus,458,No,Rents,46,70,81,8,12,PRIMARY CARE PHYSICIAN (PCP) ,IN-NETWORK,CO-PAY IN $,40,20,80,15,20,3,50,high,low,RISK,3
4,3,4,3,Hourly,1593,No,Owns,36,55,76,8,12,PRIMARY CARE PHYSICIAN (PCP) ,IN-NETWORK,CO-PAY IN $,15,80,20,40,20,3,50,high,low,RISK,3
3,4,2,3,Hourly,4519,Yes,Owns,48,75,77,8,12,PRIMARY CARE PHYSICIAN (PCP) ,IN-NETWORK,CO-PAY IN $,15,40,80,20,20,3,50,high,low,RISK,3
2,4,3,3,Bonus,2639,No,Rents,36,60,78,8,12,PRIMARY CARE PHYSICIAN (PCP) ,IN-NETWORK,CO-PAY IN $,20,80,40,15,20,3,50,high,low,RISK,3
2,3,4,3,Hourly,2563,Yes,Rents,59,56,100,8,12,PRIMARY CARE PHYSICIAN (PCP) ,IN-NETWORK,CO-PAY IN $,15,20,40,80,20,3,50,high,low,RISK,3
3,4,4,4,Bonus,2810,Yes,Owns,58,74,85,8,12,PRIMARY CARE PHYSICIAN (PCP) ,IN-NETWORK,CO-PAY IN $,20,80,15,40,20,3,50,high,low,RISK,3
3,4,3,4,Hourly,2954,Yes,Owns,64,67,81,8,12,PRIMARY CARE PHYSICIAN (PCP) ,IN-NETWORK,CO-PAY IN $,80,40,20,15,20,3,50,high,low,RISK,3
3,2,4,3,Hourly,2299,Yes,Owns,54,64,80,8,12,PRIMARY CARE PHYSICIAN (PCP) ,IN-NETWORK,CO-PAY IN $,40,80,15,20,20,3,50,high,low,RISK,3
2,3,4,4,Hourly,1155,No,Rents,37,75,83,8,12,PRIMARY CARE PHYSICIAN (PCP) ,IN-NETWORK,CO-PAY IN $,15,80,20,40,20,3,50,high,low,RISK,3
4,2,4,3,Bonus,1856,Yes,Rents,55,51,79,8,12,PRIMARY CARE PHYSICIAN (PCP) ,IN-NETWORK,CO-PAY IN $,20,15,80,40,20,3,50,high,low,RISK,3
4,4,3,3,Salaried,3352,Yes,Rents,38,73,76,8,12,PRIMARY CARE PHYSICIAN (PCP) ,IN-NETWORK,CO-PAY IN $,80,20,15,40,20,3,50,high,low,RISK,3
4,3,2,3,Hourly,3735,Yes,Owns,58,61,80,8,12,PRIMARY CARE PHYSICIAN (PCP) ,IN-NETWORK,CO-PAY IN $,20,40,80,15,20,3,50,high,low,RISK,3
4,3,3,4,Salaried,1125,Yes,Rents,38,53,77,8,12,PRIMARY CARE PHYSICIAN (PCP) ,IN-NETWORK,CO-PAY IN $,40,15,80,20,20,3,50,high,low,RISK,3
4,2,4,2,Bonus,4695,No,Owns,35,65,80,8,12,PRIMARY CARE PHYSICIAN (PCP) ,IN-NETWORK,CO-PAY IN $,20,80,15,40,20,3,50,high,low,RISK,3
3,3,3,4,Salaried,1210,No,Rents,62,54,88,8,12,PRIMARY CARE PHYSICIAN (PCP) ,IN-NETWORK,CO-PAY IN $,40,20,80,15,20,3,50,high,low,RISK,3
4,4,4,2,Bonus,3149,No,Owns,37,58,79,8,12,PRIMARY CARE PHYSICIAN (PCP) ,IN-NETWORK,CO-PAY IN $,40,80,20,15,20,3,50,high,low,RISK,3
4,3,4,4,Bonus,3757,No,Rents,38,56,75,8,12,PRIMARY CARE PHYSICIAN (PCP) ,IN-NETWORK,CO-PAY IN $,15,40,20,80,20,3,50,high,low,RISK,3
4,3,4,4,Salaried,4038,Yes,Rents,51,64,87,8,12,PRIMARY CARE PHYSICIAN (PCP) ,IN-NETWORK,CO-PAY IN $,20,15,40,80,20,3,50,high,low,RISK,3
2,3,3,4,Bonus,381,No,Owns,41,65,88,8,12,PRIMARY CARE PHYSICIAN (PCP) ,IN-NETWORK,CO-PAY IN $,80,40,15,20,20,3,50,high,low,RISK,3
3,3,3,3,Hourly,2879,Yes,Rents,61,60,80,8,12,PRIMARY CARE PHYSICIAN (PCP) ,IN-NETWORK,CO-PAY IN $,15,80,20,40,20,3,50,high,low,RISK,3
4,4,3,2,Hourly,2246,No,Owns,62,60,83,8,12,PRIMARY CARE PHYSICIAN (PCP) ,IN-NETWORK,CO-PAY IN $,20,15,40,80,20,3,50,high,low,RISK,3
2,4,3,2,Hourly,3337,No,Rents,39,72,79,8,12,PRIMARY CARE PHYSICIAN (PCP) ,IN-NETWORK,CO-PAY IN $,40,20,15,80,20,3,50,high,low,RISK,3
4,3,3,4,Hourly,874,No,Owns,63,68,84,8,12,PRIMARY CARE PHYSICIAN (PCP) ,IN-NETWORK,CO-PAY IN $,15,40,80,20,20,3,50,high,low,RISK,3
3,4,2,3,Hourly,4470,Yes,Owns,36,63,98,8,12,PRIMARY CARE PHYSICIAN (PCP) ,IN-NETWORK,CO-PAY IN $,15,80,20,40,20,3,50,high,low,RISK,3
4,3,4,3,Hourly,3252,Yes,Owns,46,55,84,8,12,PRIMARY CARE PHYSICIAN (PCP) ,IN-NETWORK,CO-PAY IN $,20,80,40,15,20,3,50,high,low,RISK,3
3,4,2,3,Hourly,176,Yes,Rents,45,70,81,8,12,PRIMARY CARE PHYSICIAN (PCP) ,IN-NETWORK,CO-PAY IN $,80,15,20,40,20,3,50,high,low,RISK,3
4,3,4,2,Hourly,3681,Yes,Owns,38,55,76,8,12,PRIMARY CARE PHYSICIAN (PCP) ,IN-NETWORK,CO-PAY IN $,40,20,15,80,20,3,50,high,low,RISK,3
3,4,4,4,Hourly,1019,Yes,Owns,59,75,77,8,12,PRIMARY CARE PHYSICIAN (PCP) ,IN-NETWORK,CO-PAY IN $,40,15,80,20,20,3,50,high,low,RISK,3
3,4,4,3,Bonus,4493,Yes,Owns,64,60,78,8,12,PRIMARY CARE PHYSICIAN (PCP) ,IN-NETWORK,CO-PAY IN $,15,80,20,40,20,3,50,high,low,RISK,3
3,4,4,2,Salaried,1012,Yes,Owns,58,56,100,8,12,PRIMARY CARE PHYSICIAN (PCP) ,IN-NETWORK,CO-PAY IN $,20,40,15,80,20,3,50,high,low,RISK,3
2,2,4,3,Bonus,1248,Yes,Rents,39,74,85,8,12,PRIMARY CARE PHYSICIAN (PCP) ,IN-NETWORK,CO-PAY IN $,20,40,80,15,20,3,50,high,low,RISK,3
2,3,3,3,Salaried,1214,No,Owns,37,67,81,8,12,PRIMARY CARE PHYSICIAN (PCP) ,IN-NETWORK,CO-PAY IN $,20,40,80,15,20,3,50,high,low,RISK,3
4,3,3,2,Salaried,2852,Yes,Rents,38,64,80,8,12,PRIMARY CARE PHYSICIAN (PCP) ,IN-NETWORK,CO-PAY IN $,15,20,80,40,20,3,50,high,low,RISK,3
3,3,2,2,Bonus,1440,Yes,Owns,46,75,83,8,12,PRIMARY CARE PHYSICIAN (PCP) ,IN-NETWORK,CO-PAY IN $,80,20,40,15,20,3,50,high,low,RISK,3
4,2,4,3,Bonus,2951,No,Owns,48,51,79,8,12,PRIMARY CARE PHYSICIAN (PCP) ,IN-NETWORK,CO-PAY IN $,15,20,80,40,20,3,50,high,low,RISK,3
1,0,0,1,Salaried,4377,No,Rents,4,9,1,8,13,PRIMARY CARE PHYSICIAN (PCP) ,IN-NETWORK,CO-PAY IN $,80,15,20,40,20,3,5,high,high,RISK,4
0,0,1,0,Salaried,1919,No,Owns,4,4,5,8,13,PRIMARY CARE PHYSICIAN (PCP) ,IN-NETWORK,CO-PAY IN $,40,15,80,20,20,3,5,high,high,RISK,4
0,0,0,0,Salaried,4671,Yes,Rents,7,1,2,8,13,PRIMARY CARE PHYSICIAN (PCP) ,IN-NETWORK,CO-PAY IN $,40,15,20,80,20,3,5,high,high,RISK,4
1,1,0,0,Bonus,1139,No,Owns,6,6,5,8,13,PRIMARY CARE PHYSICIAN (PCP) ,IN-NETWORK,CO-PAY IN $,40,80,15,20,20,3,5,high,high,RISK,4
0,1,1,0,Bonus,3085,No,Rents,3,1,13,8,13,PRIMARY CARE PHYSICIAN (PCP) ,IN-NETWORK,CO-PAY IN $,80,20,15,40,20,3,5,high,high,RISK,4
0,1,1,0,Salaried,912,Yes,Rents,9,3,4,8,13,PRIMARY CARE PHYSICIAN (PCP) ,IN-NETWORK,CO-PAY IN $,20,40,15,80,20,3,5,high,high,RISK,4
1,0,1,0,Hourly,3561,Yes,Owns,5,2,0,8,13,PRIMARY CARE PHYSICIAN (PCP) ,IN-NETWORK,CO-PAY IN $,20,15,40,80,20,3,5,high,high,RISK,4
1,1,0,0,Hourly,4350,No,Rents,2,5,12,8,13,PRIMARY CARE PHYSICIAN (PCP) ,IN-NETWORK,CO-PAY IN $,80,40,20,15,20,3,5,high,high,RISK,4
1,1,0,1,Salaried,3664,No,Owns,1,6,13,8,13,PRIMARY CARE PHYSICIAN (PCP) ,IN-NETWORK,CO-PAY IN $,20,80,15,40,20,3,5,high,high,RISK,4
0,0,0,0,Bonus,1972,Yes,Owns,9,4,5,8,13,PRIMARY CARE PHYSICIAN (PCP) ,IN-NETWORK,CO-PAY IN $,20,15,80,40,20,3,5,high,high,RISK,4
0,0,1,1,Salaried,1235,Yes,Rents,7,4,8,8,13,PRIMARY CARE PHYSICIAN (PCP) ,IN-NETWORK,CO-PAY IN $,40,15,80,20,20,3,5,high,high,RISK,4
0,1,0,0,Bonus,2294,Yes,Owns,4,9,4,8,13,PRIMARY CARE PHYSICIAN (PCP) ,IN-NETWORK,CO-PAY IN $,20,80,15,40,20,3,5,high,high,RISK,4
0,0,1,0,Salaried,4592,Yes,Rents,9,7,9,8,13,PRIMARY CARE PHYSICIAN (PCP) ,IN-NETWORK,CO-PAY IN $,20,15,40,80,20,3,5,high,high,RISK,4
0,0,0,1,Hourly,2183,Yes,Owns,1,5,23,8,13,PRIMARY CARE PHYSICIAN (PCP) ,IN-NETWORK,CO-PAY IN $,80,20,40,15,20,3,5,high,high,RISK,4
0,0,1,0,Salaried,1622,Yes,Rents,2,1,9,8,13,PRIMARY CARE PHYSICIAN (PCP) ,IN-NETWORK,CO-PAY IN $,20,15,40,80,20,3,5,high,high,RISK,4
0,1,0,1,Salaried,4259,Yes,Rents,1,8,6,8,13,PRIMARY CARE PHYSICIAN (PCP) ,IN-NETWORK,CO-PAY IN $,20,40,80,15,20,3,5,high,high,RISK,4
1,0,0,1,Salaried,4138,No,Owns,9,2,1,8,13,PRIMARY CARE PHYSICIAN (PCP) ,IN-NETWORK,CO-PAY IN $,40,20,80,15,20,3,5,high,high,RISK,4
0,0,0,1,Bonus,4027,Yes,Rents,3,4,3,8,13,PRIMARY CARE PHYSICIAN (PCP) ,IN-NETWORK,CO-PAY IN $,20,15,40,80,20,3,5,high,high,RISK,4
1,0,0,0,Bonus,3643,No,Rents,8,2,25,8,13,PRIMARY CARE PHYSICIAN (PCP) ,IN-NETWORK,CO-PAY IN $,40,80,15,20,20,3,5,high,high,RISK,4
1,0,1,0,Salaried,1855,No,Rents,9,10,10,8,13,PRIMARY CARE PHYSICIAN (PCP) ,IN-NETWORK,CO-PAY IN $,40,80,20,15,20,3,5,high,high,RISK,4
0,1,0,0,Bonus,4199,No,Owns,7,7,6,8,13,PRIMARY CARE PHYSICIAN (PCP) ,IN-NETWORK,CO-PAY IN $,15,40,20,80,20,3,5,high,high,RISK,4
0,1,0,0,Salaried,358,No,Rents,5,5,5,8,13,PRIMARY CARE PHYSICIAN (PCP) ,IN-NETWORK,CO-PAY IN $,40,80,15,20,20,3,5,high,high,RISK,4
0,0,1,0,Salaried,2175,No,Owns,8,10,8,8,13,PRIMARY CARE PHYSICIAN (PCP) ,IN-NETWORK,CO-PAY IN $,80,40,15,20,20,3,5,high,high,RISK,4
0,1,0,0,Bonus,2804,No,Owns,4,0,4,8,13,PRIMARY CARE PHYSICIAN (PCP) ,IN-NETWORK,CO-PAY IN $,40,20,80,15,20,3,5,high,high,RISK,4
1,1,1,0,Bonus,2793,Yes,Owns,9,9,1,8,13,PRIMARY CARE PHYSICIAN (PCP) ,IN-NETWORK,CO-PAY IN $,15,40,80,20,20,3,5,high,high,RISK,4
1,0,1,0,Salaried,1366,No,Owns,7,4,5,8,13,PRIMARY CARE PHYSICIAN (PCP) ,IN-NETWORK,CO-PAY IN $,15,80,20,40,20,3,5,high,high,RISK,4
0,1,1,1,Salaried,3990,No,Rents,6,1,2,8,13,PRIMARY CARE PHYSICIAN (PCP) ,IN-NETWORK,CO-PAY IN $,20,40,80,15,20,3,5,high,high,RISK,4
0,0,0,0,Salaried,1625,No,Owns,8,6,5,8,13,PRIMARY CARE PHYSICIAN (PCP) ,IN-NETWORK,CO-PAY IN $,40,15,80,20,20,3,5,high,high,RISK,4
1,1,0,0,Hourly,1178,No,Owns,0,1,13,8,13,PRIMARY CARE PHYSICIAN (PCP) ,IN-NETWORK,CO-PAY IN $,20,40,15,80,20,3,5,high,high,RISK,4
0,0,0,0,Hourly,2665,No,Rents,2,3,4,8,13,PRIMARY CARE PHYSICIAN (PCP) ,IN-NETWORK,CO-PAY IN $,20,15,80,40,20,3,5,high,high,RISK,4
1,1,1,0,Hourly,4144,No,Owns,3,2,0,8,13,PRIMARY CARE PHYSICIAN (PCP) ,IN-NETWORK,CO-PAY IN $,80,15,40,20,20,3,5,high,high,RISK,4
0,0,1,0,Hourly,2547,Yes,Owns,7,5,12,8,13,PRIMARY CARE PHYSICIAN (PCP) ,IN-NETWORK,CO-PAY IN $,15,20,40,80,20,3,5,high,high,RISK,4
1,0,1,0,Hourly,152,Yes,Owns,8,6,13,8,13,PRIMARY CARE PHYSICIAN (PCP) ,IN-NETWORK,CO-PAY IN $,80,15,40,20,20,3,5,high,high,RISK,4
0,0,0,0,Bonus,2909,Yes,Rents,3,4,5,8,13,PRIMARY CARE PHYSICIAN (PCP) ,IN-NETWORK,CO-PAY IN $,40,15,80,20,20,3,5,high,high,RISK,4
1,1,0,0,Bonus,2404,Yes,Owns,5,4,8,8,13,PRIMARY CARE PHYSICIAN (PCP) ,IN-NETWORK,CO-PAY IN $,40,80,20,15,20,3,5,high,high,RISK,4
1,0,1,1,Bonus,144,Yes,Owns,4,9,4,8,13,PRIMARY CARE PHYSICIAN (PCP) ,IN-NETWORK,CO-PAY IN $,80,40,15,20,20,3,5,high,high,RISK,4
1,0,1,0,Hourly,2250,No,Owns,4,7,9,8,13,PRIMARY CARE PHYSICIAN (PCP) ,IN-NETWORK,CO-PAY IN $,80,15,20,40,20,3,5,high,high,RISK,4
1,0,0,0,Hourly,4826,No,Owns,4,5,23,8,13,PRIMARY CARE PHYSICIAN (PCP) ,IN-NETWORK,CO-PAY IN $,15,80,20,40,20,3,5,high,high,RISK,4
1,1,0,0,Salaried,792,No,Owns,5,1,9,8,13,PRIMARY CARE PHYSICIAN (PCP) ,IN-NETWORK,CO-PAY IN $,80,15,20,40,20,3,5,high,high,RISK,4
0,1,0,0,Hourly,3429,No,Rents,8,8,6,8,13,PRIMARY CARE PHYSICIAN (PCP) ,IN-NETWORK,CO-PAY IN $,40,80,15,20,20,3,5,high,high,RISK,4
0,1,0,0,Hourly,1596,Yes,Owns,5,2,1,8,13,PRIMARY CARE PHYSICIAN (PCP) ,IN-NETWORK,CO-PAY IN $,20,15,80,40,20,3,5,high,high,RISK,4
1,1,1,0,Salaried,83,Yes,Owns,2,10,2,8,13,PRIMARY CARE PHYSICIAN (PCP) ,IN-NETWORK,CO-PAY IN $,20,15,40,80,20,3,5,high,high,RISK,4
1,1,0,1,Salaried,3601,No,Owns,1,4,3,8,13,PRIMARY CARE PHYSICIAN (PCP) ,IN-NETWORK,CO-PAY IN $,15,80,40,20,20,3,5,high,high,RISK,4
0,0,0,1,Bonus,861,No,Owns,8,2,25,8,13,PRIMARY CARE PHYSICIAN (PCP) ,IN-NETWORK,CO-PAY IN $,40,80,20,15,20,3,5,high,high,RISK,4
0,1,1,1,Salaried,2240,Yes,Rents,8,10,10,8,13,PRIMARY CARE PHYSICIAN (PCP) ,IN-NETWORK,CO-PAY IN $,80,20,15,40,20,3,5,high,high,RISK,4
0,0,0,0,Hourly,2384,No,Rents,1,7,6,8,13,PRIMARY CARE PHYSICIAN (PCP) ,IN-NETWORK,CO-PAY IN $,40,20,15,80,20,3,5,high,high,RISK,4
0,0,0,0,Bonus,2363,Yes,Rents,6,5,5,8,13,PRIMARY CARE PHYSICIAN (PCP) ,IN-NETWORK,CO-PAY IN $,80,15,40,20,20,3,5,high,high,RISK,4
0,0,1,0,Salaried,4539,No,Owns,3,10,8,8,13,PRIMARY CARE PHYSICIAN (PCP) ,IN-NETWORK,CO-PAY IN $,15,40,20,80,20,3,5,high,high,RISK,4
0,0,0,0,Bonus,489,No,Rents,3,0,4,8,13,PRIMARY CARE PHYSICIAN (PCP) ,IN-NETWORK,CO-PAY IN $,15,40,20,80,20,3,5,high,high,RISK,4
0,1,0,1,Bonus,4623,Yes,Owns,2,9,1,8,13,PRIMARY CARE PHYSICIAN (PCP) ,IN-NETWORK,CO-PAY IN $,80,40,15,20,20,3,5,high,high,RISK,4
0,0,0,0,Salaried,153,Yes,Owns,0,4,5,8,13,PRIMARY CARE PHYSICIAN (PCP) ,IN-NETWORK,CO-PAY IN $,80,15,20,40,20,3,5,high,high,RISK,4
0,1,1,0,Salaried,3954,No,Owns,1,1,2,8,13,PRIMARY CARE PHYSICIAN (PCP) ,IN-NETWORK,CO-PAY IN $,20,15,80,40,20,3,5,high,high,RISK,4
0,0,0,0,Salaried,4742,No,Rents,0,6,5,8,13,PRIMARY CARE PHYSICIAN (PCP) ,IN-NETWORK,CO-PAY IN $,15,20,40,80,20,3,5,high,high,RISK,4
0,0,0,0,Hourly,3289,No,Rents,8,1,13,8,13,PRIMARY CARE PHYSICIAN (PCP) ,IN-NETWORK,CO-PAY IN $,40,15,80,20,20,3,5,high,high,RISK,4
0,0,0,0,Bonus,3409,Yes,Rents,6,3,4,8,13,PRIMARY CARE PHYSICIAN (PCP) ,IN-NETWORK,CO-PAY IN $,80,15,20,40,20,3,5,high,high,RISK,4
0,0,1,0,Bonus,3179,No,Rents,2,2,0,8,13,PRIMARY CARE PHYSICIAN (PCP) ,IN-NETWORK,CO-PAY IN $,40,80,15,20,20,3,5,high,high,RISK,4
0,0,0,0,Bonus,4271,No,Rents,3,5,12,8,13,PRIMARY CARE PHYSICIAN (PCP) ,IN-NETWORK,CO-PAY IN $,80,20,15,40,20,3,5,high,high,RISK,4
0,0,0,0,Hourly,4605,Yes,Rents,4,6,13,8,13,PRIMARY CARE PHYSICIAN (PCP) ,IN-NETWORK,CO-PAY IN $,15,20,40,80,20,3,5,high,high,RISK,4
0,1,1,1,Salaried,3042,Yes,Rents,1,4,5,8,13,PRIMARY CARE PHYSICIAN (PCP) ,IN-NETWORK,CO-PAY IN $,15,40,20,80,20,3,5,high,high,RISK,4
0,1,1,0,Hourly,170,No,Rents,9,4,8,8,13,PRIMARY CARE PHYSICIAN (PCP) ,IN-NETWORK,CO-PAY IN $,80,15,40,20,20,3,5,high,high,RISK,4
0,0,0,1,Salaried,2062,No,Rents,2,9,4,8,13,PRIMARY CARE PHYSICIAN (PCP) ,IN-NETWORK,CO-PAY IN $,15,40,80,20,20,3,5,high,high,RISK,4
1,0,1,1,Bonus,1962,No,Rents,0,7,9,8,13,PRIMARY CARE PHYSICIAN (PCP) ,IN-NETWORK,CO-PAY IN $,40,80,15,20,20,3,5,high,high,RISK,4
0,0,0,0,Bonus,1006,No,Owns,5,5,23,8,13,PRIMARY CARE PHYSICIAN (PCP) ,IN-NETWORK,CO-PAY IN $,80,15,40,20,20,3,5,high,high,RISK,4
0,1,0,1,Salaried,4555,No,Rents,2,1,9,8,13,PRIMARY CARE PHYSICIAN (PCP) ,IN-NETWORK,CO-PAY IN $,20,40,80,15,20,3,5,high,high,RISK,4
1,0,1,0,Bonus,458,No,Rents,4,8,6,8,13,PRIMARY CARE PHYSICIAN (PCP) ,IN-NETWORK,CO-PAY IN $,20,40,15,80,20,3,5,high,high,RISK,4
1,0,1,0,Hourly,1593,No,Owns,0,2,1,8,13,PRIMARY CARE PHYSICIAN (PCP) ,IN-NETWORK,CO-PAY IN $,80,20,40,15,20,3,5,high,high,RISK,4
0,1,0,0,Hourly,4519,Yes,Owns,4,10,2,8,13,PRIMARY CARE PHYSICIAN (PCP) ,IN-NETWORK,CO-PAY IN $,15,80,20,40,20,3,5,high,high,RISK,4
0,1,0,0,Bonus,2639,No,Rents,0,4,3,8,13,PRIMARY CARE PHYSICIAN (PCP) ,IN-NETWORK,CO-PAY IN $,40,20,80,15,20,3,5,high,high,RISK,4
0,0,1,0,Hourly,2563,Yes,Rents,8,2,25,8,13,PRIMARY CARE PHYSICIAN (PCP) ,IN-NETWORK,CO-PAY IN $,40,20,80,15,20,3,5,high,high,RISK,4
0,0,1,1,Bonus,2810,Yes,Owns,8,10,10,8,13,PRIMARY CARE PHYSICIAN (PCP) ,IN-NETWORK,CO-PAY IN $,80,20,40,15,20,3,5,high,high,RISK,4
0,0,0,1,Hourly,2954,Yes,Owns,10,7,6,8,13,PRIMARY CARE PHYSICIAN (PCP) ,IN-NETWORK,CO-PAY IN $,20,80,15,40,20,3,5,high,high,RISK,4
0,0,1,0,Hourly,2299,Yes,Owns,6,5,5,8,13,PRIMARY CARE PHYSICIAN (PCP) ,IN-NETWORK,CO-PAY IN $,80,15,40,20,20,3,5,high,high,RISK,4
0,0,1,1,Hourly,1155,No,Rents,1,10,8,8,13,PRIMARY CARE PHYSICIAN (PCP) ,IN-NETWORK,CO-PAY IN $,20,80,15,40,20,3,5,high,high,RISK,4
1,0,1,0,Bonus,1856,Yes,Rents,7,0,4,8,13,PRIMARY CARE PHYSICIAN (PCP) ,IN-NETWORK,CO-PAY IN $,80,20,40,15,20,3,5,high,high,RISK,4
1,1,0,0,Salaried,3352,Yes,Rents,1,9,1,8,13,PRIMARY CARE PHYSICIAN (PCP) ,IN-NETWORK,CO-PAY IN $,80,20,15,40,20,3,5,high,high,RISK,4
1,0,0,0,Hourly,3735,Yes,Owns,8,4,5,8,13,PRIMARY CARE PHYSICIAN (PCP) ,IN-NETWORK,CO-PAY IN $,20,40,80,15,20,3,5,high,high,RISK,4
1,0,0,1,Salaried,1125,Yes,Rents,1,1,2,8,13,PRIMARY CARE PHYSICIAN (PCP) ,IN-NETWORK,CO-PAY IN $,15,80,20,40,20,3,5,high,high,RISK,4
1,0,1,0,Bonus,4695,No,Owns,0,6,5,8,13,PRIMARY CARE PHYSICIAN (PCP) ,IN-NETWORK,CO-PAY IN $,15,80,40,20,20,3,5,high,high,RISK,4
0,0,0,1,Salaried,1210,No,Rents,9,1,13,8,13,PRIMARY CARE PHYSICIAN (PCP) ,IN-NETWORK,CO-PAY IN $,15,20,80,40,20,3,5,high,high,RISK,4
1,1,1,0,Bonus,3149,No,Owns,1,3,4,8,13,PRIMARY CARE PHYSICIAN (PCP) ,IN-NETWORK,CO-PAY IN $,15,20,40,80,20,3,5,high,high,RISK,4
1,0,0,0,Bonus,3757,No,Rents,1,2,0,8,13,PRIMARY CARE PHYSICIAN (PCP) ,IN-NETWORK,CO-PAY IN $,15,80,20,40,20,3,5,high,high,RISK,4
1,0,1,1,Salaried,4038,Yes,Rents,5,5,12,8,13,PRIMARY CARE PHYSICIAN (PCP) ,IN-NETWORK,CO-PAY IN $,15,40,80,20,20,3,5,high,high,RISK,4
0,0,0,1,Bonus,381,No,Owns,2,6,13,8,13,PRIMARY CARE PHYSICIAN (PCP) ,IN-NETWORK,CO-PAY IN $,40,15,20,80,20,3,5,high,high,RISK,4
0,0,0,0,Hourly,2879,Yes,Rents,9,4,5,8,13,PRIMARY CARE PHYSICIAN (PCP) ,IN-NETWORK,CO-PAY IN $,80,40,15,20,20,3,5,high,high,RISK,4
0,1,0,0,Hourly,2246,No,Owns,9,4,8,8,13,PRIMARY CARE PHYSICIAN (PCP) ,IN-NETWORK,CO-PAY IN $,15,20,80,40,20,3,5,high,high,RISK,4
0,1,0,0,Hourly,3337,No,Rents,1,9,4,8,13,PRIMARY CARE PHYSICIAN (PCP) ,IN-NETWORK,CO-PAY IN $,20,40,15,80,20,3,5,high,high,RISK,4
1,0,0,0,Hourly,874,No,Owns,9,7,9,8,13,PRIMARY CARE PHYSICIAN (PCP) ,IN-NETWORK,CO-PAY IN $,20,40,80,15,20,3,5,high,high,RISK,4
0,1,0,0,Hourly,4470,Yes,Owns,0,5,23,8,13,PRIMARY CARE PHYSICIAN (PCP) ,IN-NETWORK,CO-PAY IN $,40,15,20,80,20,3,5,high,high,RISK,4
1,0,1,0,Hourly,3252,Yes,Owns,4,1,9,8,13,PRIMARY CARE PHYSICIAN (PCP) ,IN-NETWORK,CO-PAY IN $,20,40,15,80,20,3,5,high,high,RISK,4
0,1,0,0,Hourly,176,Yes,Rents,3,8,6,8,13,PRIMARY CARE PHYSICIAN (PCP) ,IN-NETWORK,CO-PAY IN $,20,40,15,80,20,3,5,high,high,RISK,4
0,0,1,0,Hourly,3681,Yes,Owns,1,2,1,8,13,PRIMARY CARE PHYSICIAN (PCP) ,IN-NETWORK,CO-PAY IN $,15,20,80,40,20,3,5,high,high,RISK,4
0,1,1,1,Hourly,1019,Yes,Owns,8,10,2,8,13,PRIMARY CARE PHYSICIAN (PCP) ,IN-NETWORK,CO-PAY IN $,15,20,40,80,20,3,5,high,high,RISK,4
0,1,1,0,Bonus,4493,Yes,Owns,10,4,3,8,13,PRIMARY CARE PHYSICIAN (PCP) ,IN-NETWORK,CO-PAY IN $,80,20,15,40,20,3,5,high,high,RISK,4
0,1,1,0,Salaried,1012,Yes,Owns,8,2,25,8,13,PRIMARY CARE PHYSICIAN (PCP) ,IN-NETWORK,CO-PAY IN $,15,40,20,80,20,3,5,high,high,RISK,4
0,0,0,0,Bonus,1248,Yes,Rents,1,10,10,8,13,PRIMARY CARE PHYSICIAN (PCP) ,IN-NETWORK,CO-PAY IN $,15,80,20,40,20,3,5,high,high,RISK,4
0,0,0,0,Salaried,1214,No,Owns,1,7,6,8,13,PRIMARY CARE PHYSICIAN (PCP) ,IN-NETWORK,CO-PAY IN $,20,80,40,15,20,3,5,high,high,RISK,4
1,0,0,0,Salaried,2852,Yes,Rents,1,5,5,8,13,PRIMARY CARE PHYSICIAN (PCP) ,IN-NETWORK,CO-PAY IN $,40,15,20,80,20,3,5,high,high,RISK,4
0,0,0,0,Bonus,1440,Yes,Owns,4,10,8,8,13,PRIMARY CARE PHYSICIAN (PCP) ,IN-NETWORK,CO-PAY IN $,15,20,40,80,20,3,5,high,high,RISK,4
1,0,1,0,Bonus,2951,No,Owns,4,0,4,8,13,PRIMARY CARE PHYSICIAN (PCP) ,IN-NETWORK,CO-PAY IN $,15,80,40,20,20,3,5,high,high,RISK,4
2,1,0,2,Salaried,4377,No,Rents,10,19,27,8,14,PRIMARY CARE PHYSICIAN (PCP) ,IN-NETWORK,CO-PAY IN $,15,20,40,80,20,3,10,high,high,RISK,4
0,1,1,0,Salaried,1919,No,Owns,10,15,31,8,14,PRIMARY CARE PHYSICIAN (PCP) ,IN-NETWORK,CO-PAY IN $,40,20,80,15,20,3,10,high,high,RISK,4
1,1,0,0,Salaried,4671,Yes,Rents,15,12,28,8,14,PRIMARY CARE PHYSICIAN (PCP) ,IN-NETWORK,CO-PAY IN $,80,40,15,20,20,3,10,high,high,RISK,4
2,1,0,0,Bonus,1139,No,Owns,13,16,31,8,14,PRIMARY CARE PHYSICIAN (PCP) ,IN-NETWORK,CO-PAY IN $,15,20,40,80,20,3,10,high,high,RISK,4
1,1,2,1,Bonus,3085,No,Rents,9,12,39,8,14,PRIMARY CARE PHYSICIAN (PCP) ,IN-NETWORK,CO-PAY IN $,20,40,80,15,20,3,10,high,high,RISK,4
0,1,2,0,Salaried,912,Yes,Rents,16,14,30,8,14,PRIMARY CARE PHYSICIAN (PCP) ,IN-NETWORK,CO-PAY IN $,40,15,20,80,20,3,10,high,high,RISK,4
1,0,2,1,Hourly,3561,Yes,Owns,12,13,26,8,14,PRIMARY CARE PHYSICIAN (PCP) ,IN-NETWORK,CO-PAY IN $,15,80,40,20,20,3,10,high,high,RISK,4
1,2,0,0,Hourly,4350,No,Rents,7,16,37,8,14,PRIMARY CARE PHYSICIAN (PCP) ,IN-NETWORK,CO-PAY IN $,15,40,80,20,20,3,10,high,high,RISK,4
2,2,1,2,Salaried,3664,No,Owns,7,16,39,8,14,PRIMARY CARE PHYSICIAN (PCP) ,IN-NETWORK,CO-PAY IN $,20,80,40,15,20,3,10,high,high,RISK,4
0,0,0,1,Bonus,1972,Yes,Owns,17,14,30,8,14,PRIMARY CARE PHYSICIAN (PCP) ,IN-NETWORK,CO-PAY IN $,40,15,20,80,20,3,10,high,high,RISK,4
1,0,2,2,Salaried,1235,Yes,Rents,14,14,34,8,14,PRIMARY CARE PHYSICIAN (PCP) ,IN-NETWORK,CO-PAY IN $,40,20,80,15,20,3,10,high,high,RISK,4
0,1,2,0,Salaried,4592,Yes,Rents,16,17,35,8,14,PRIMARY CARE PHYSICIAN (PCP) ,IN-NETWORK,CO-PAY IN $,40,80,15,20,20,3,10,high,high,RISK,4
0,0,1,1,Hourly,2183,Yes,Owns,6,15,48,8,14,PRIMARY CARE PHYSICIAN (PCP) ,IN-NETWORK,CO-PAY IN $,15,40,20,80,20,3,10,high,high,RISK,4
1,1,2,1,Salaried,1622,Yes,Rents,8,12,35,8,14,PRIMARY CARE PHYSICIAN (PCP) ,IN-NETWORK,CO-PAY IN $,40,80,15,20,20,3,10,high,high,RISK,4
1,2,1,2,Salaried,4259,Yes,Rents,6,18,32,8,14,PRIMARY CARE PHYSICIAN (PCP) ,IN-NETWORK,CO-PAY IN $,40,80,15,20,20,3,10,high,high,RISK,4
2,1,1,2,Salaried,4138,No,Owns,17,13,27,8,14,PRIMARY CARE PHYSICIAN (PCP) ,IN-NETWORK,CO-PAY IN $,40,20,80,15,20,3,10,high,high,RISK,4
2,0,1,2,Bonus,2742,No,Owns,17,20,28,8,14,PRIMARY CARE PHYSICIAN (PCP) ,IN-NETWORK,CO-PAY IN $,20,40,80,15,20,3,10,high,high,RISK,4
1,1,0,2,Bonus,4027,Yes,Rents,8,14,29,8,14,PRIMARY CARE PHYSICIAN (PCP) ,IN-NETWORK,CO-PAY IN $,20,15,40,80,20,3,10,high,high,RISK,4
1,1,0,0,Bonus,3643,No,Rents,16,13,50,8,14,PRIMARY CARE PHYSICIAN (PCP) ,IN-NETWORK,CO-PAY IN $,40,20,80,15,20,3,10,high,high,RISK,4
1,0,2,0,Salaried,1855,No,Rents,17,20,35,8,14,PRIMARY CARE PHYSICIAN (PCP) ,IN-NETWORK,CO-PAY IN $,15,20,80,40,20,3,10,high,high,RISK,4
1,2,0,1,Bonus,4199,No,Owns,14,17,32,8,14,PRIMARY CARE PHYSICIAN (PCP) ,IN-NETWORK,CO-PAY IN $,40,15,20,80,20,3,10,high,high,RISK,4
0,2,1,0,Salaried,358,No,Rents,12,16,31,8,14,PRIMARY CARE PHYSICIAN (PCP) ,IN-NETWORK,CO-PAY IN $,80,40,20,15,20,3,10,high,high,RISK,4
1,1,1,1,Salaried,2175,No,Owns,16,20,34,8,14,PRIMARY CARE PHYSICIAN (PCP) ,IN-NETWORK,CO-PAY IN $,15,40,80,20,20,3,10,high,high,RISK,4
1,1,0,0,Bonus,2804,No,Owns,11,11,30,8,14,PRIMARY CARE PHYSICIAN (PCP) ,IN-NETWORK,CO-PAY IN $,40,15,80,20,20,3,10,high,high,RISK,4
2,1,2,1,Bonus,2793,Yes,Owns,17,19,27,8,14,PRIMARY CARE PHYSICIAN (PCP) ,IN-NETWORK,CO-PAY IN $,15,40,80,20,20,3,10,high,high,RISK,4
2,0,2,0,Salaried,1366,No,Owns,14,15,31,8,14,PRIMARY CARE PHYSICIAN (PCP) ,IN-NETWORK,CO-PAY IN $,40,15,80,20,20,3,10,high,high,RISK,4
0,1,1,2,Salaried,3990,No,Rents,13,12,28,8,14,PRIMARY CARE PHYSICIAN (PCP) ,IN-NETWORK,CO-PAY IN $,20,15,40,80,20,3,10,high,high,RISK,4
0,1,1,0,Salaried,1625,No,Owns,16,16,31,8,14,PRIMARY CARE PHYSICIAN (PCP) ,IN-NETWORK,CO-PAY IN $,80,20,15,40,20,3,10,high,high,RISK,4
1,2,0,0,Hourly,1178,No,Owns,5,12,39,8,14,PRIMARY CARE PHYSICIAN (PCP) ,IN-NETWORK,CO-PAY IN $,15,20,80,40,20,3,10,high,high,RISK,4
1,1,0,0,Hourly,2665,No,Rents,8,14,30,8,14,PRIMARY CARE PHYSICIAN (PCP) ,IN-NETWORK,CO-PAY IN $,15,40,20,80,20,3,10,high,high,RISK,4
1,1,2,0,Hourly,4144,No,Owns,9,13,26,8,14,PRIMARY CARE PHYSICIAN (PCP) ,IN-NETWORK,CO-PAY IN $,40,20,80,15,20,3,10,high,high,RISK,4
1,1,2,0,Hourly,2547,Yes,Owns,14,16,37,8,14,PRIMARY CARE PHYSICIAN (PCP) ,IN-NETWORK,CO-PAY IN $,15,80,20,40,20,3,10,high,high,RISK,4
1,1,1,0,Hourly,152,Yes,Owns,15,16,39,8,14,PRIMARY CARE PHYSICIAN (PCP) ,IN-NETWORK,CO-PAY IN $,80,20,40,15,20,3,10,high,high,RISK,4
0,0,0,0,Bonus,2909,Yes,Rents,9,14,30,8,14,PRIMARY CARE PHYSICIAN (PCP) ,IN-NETWORK,CO-PAY IN $,40,15,20,80,20,3,10,high,high,RISK,4
2,2,1,1,Bonus,2404,Yes,Owns,11,14,34,8,14,PRIMARY CARE PHYSICIAN (PCP) ,IN-NETWORK,CO-PAY IN $,40,15,20,80,20,3,10,high,high,RISK,4
2,0,1,2,Bonus,144,Yes,Owns,10,19,30,8,14,PRIMARY CARE PHYSICIAN (PCP) ,IN-NETWORK,CO-PAY IN $,20,80,40,15,20,3,10,high,high,RISK,4
2,0,1,0,Hourly,2250,No,Owns,11,17,35,8,14,PRIMARY CARE PHYSICIAN (PCP) ,IN-NETWORK,CO-PAY IN $,40,15,80,20,20,3,10,high,high,RISK,4
2,0,0,0,Hourly,4826,No,Owns,10,15,48,8,14,PRIMARY CARE PHYSICIAN (PCP) ,IN-NETWORK,CO-PAY IN $,40,15,80,20,20,3,10,high,high,RISK,4
1,1,0,0,Salaried,792,No,Owns,12,12,35,8,14,PRIMARY CARE PHYSICIAN (PCP) ,IN-NETWORK,CO-PAY IN $,80,15,40,20,20,3,10,high,high,RISK,4
0,2,0,1,Hourly,3429,No,Rents,15,18,32,8,14,PRIMARY CARE PHYSICIAN (PCP) ,IN-NETWORK,CO-PAY IN $,20,80,15,40,20,3,10,high,high,RISK,4
0,2,0,1,Hourly,1596,Yes,Owns,11,13,27,8,14,PRIMARY CARE PHYSICIAN (PCP) ,IN-NETWORK,CO-PAY IN $,80,40,20,15,20,3,10,high,high,RISK,4
1,1,2,0,Salaried,83,Yes,Owns,7,20,28,8,14,PRIMARY CARE PHYSICIAN (PCP) ,IN-NETWORK,CO-PAY IN $,80,20,15,40,20,3,10,high,high,RISK,4
1,2,0,2,Salaried,3601,No,Owns,6,14,29,8,14,PRIMARY CARE PHYSICIAN (PCP) ,IN-NETWORK,CO-PAY IN $,80,15,20,40,20,3,10,high,high,RISK,4
1,1,0,1,Bonus,861,No,Owns,15,13,50,8,14,PRIMARY CARE PHYSICIAN (PCP) ,IN-NETWORK,CO-PAY IN $,80,40,15,20,20,3,10,high,high,RISK,4
0,2,2,2,Salaried,2240,Yes,Rents,15,20,35,8,14,PRIMARY CARE PHYSICIAN (PCP) ,IN-NETWORK,CO-PAY IN $,15,40,80,20,20,3,10,high,high,RISK,4
1,0,0,0,Hourly,2384,No,Rents,6,17,32,8,14,PRIMARY CARE PHYSICIAN (PCP) ,IN-NETWORK,CO-PAY IN $,15,80,40,20,20,3,10,high,high,RISK,4
0,0,0,0,Bonus,2363,Yes,Rents,12,16,31,8,14,PRIMARY CARE PHYSICIAN (PCP) ,IN-NETWORK,CO-PAY IN $,20,15,40,80,20,3,10,high,high,RISK,4
1,1,2,0,Salaried,4539,No,Owns,10,20,34,8,14,PRIMARY CARE PHYSICIAN (PCP) ,IN-NETWORK,CO-PAY IN $,40,80,15,20,20,3,10,high,high,RISK,4
1,1,0,0,Bonus,489,No,Rents,9,11,30,8,14,PRIMARY CARE PHYSICIAN (PCP) ,IN-NETWORK,CO-PAY IN $,80,20,40,15,20,3,10,high,high,RISK,4
1,2,0,2,Bonus,4623,Yes,Owns,7,19,27,8,14,PRIMARY CARE PHYSICIAN (PCP) ,IN-NETWORK,CO-PAY IN $,15,80,20,40,20,3,10,high,high,RISK,4
1,0,0,0,Salaried,153,Yes,Owns,5,15,31,8,14,PRIMARY CARE PHYSICIAN (PCP) ,IN-NETWORK,CO-PAY IN $,40,80,15,20,20,3,10,high,high,RISK,4
0,2,2,1,Salaried,3954,No,Owns,6,12,28,8,14,PRIMARY CARE PHYSICIAN (PCP) ,IN-NETWORK,CO-PAY IN $,15,40,20,80,20,3,10,high,high,RISK,4
0,1,0,0,Salaried,4742,No,Rents,5,16,31,8,14,PRIMARY CARE PHYSICIAN (PCP) ,IN-NETWORK,CO-PAY IN $,15,20,80,40,20,3,10,high,high,RISK,4
0,0,0,1,Hourly,3289,No,Rents,15,12,39,8,14,PRIMARY CARE PHYSICIAN (PCP) ,IN-NETWORK,CO-PAY IN $,15,40,20,80,20,3,10,high,high,RISK,4
0,0,1,1,Bonus,3409,Yes,Rents,13,14,30,8,14,PRIMARY CARE PHYSICIAN (PCP) ,IN-NETWORK,CO-PAY IN $,15,80,40,20,20,3,10,high,high,RISK,4
0,0,2,1,Bonus,3179,No,Rents,8,13,26,8,14,PRIMARY CARE PHYSICIAN (PCP) ,IN-NETWORK,CO-PAY IN $,20,80,40,15,20,3,10,high,high,RISK,4
0,0,0,1,Bonus,4271,No,Rents,9,16,37,8,14,PRIMARY CARE PHYSICIAN (PCP) ,IN-NETWORK,CO-PAY IN $,15,40,80,20,20,3,10,high,high,RISK,4
0,0,0,0,Hourly,4605,Yes,Rents,10,16,39,8,14,PRIMARY CARE PHYSICIAN (PCP) ,IN-NETWORK,CO-PAY IN $,20,15,40,80,20,3,10,high,high,RISK,4
0,2,2,2,Salaried,3042,Yes,Rents,6,14,30,8,14,PRIMARY CARE PHYSICIAN (PCP) ,IN-NETWORK,CO-PAY IN $,40,80,15,20,20,3,10,high,high,RISK,4
0,2,2,0,Hourly,170,No,Rents,16,14,34,8,14,PRIMARY CARE PHYSICIAN (PCP) ,IN-NETWORK,CO-PAY IN $,40,15,80,20,20,3,10,high,high,RISK,4
0,1,0,2,Salaried,2062,No,Rents,7,19,30,8,14,PRIMARY CARE PHYSICIAN (PCP) ,IN-NETWORK,CO-PAY IN $,20,80,40,15,20,3,10,high,high,RISK,4
1,1,2,2,Bonus,1962,No,Rents,5,17,35,8,14,PRIMARY CARE PHYSICIAN (PCP) ,IN-NETWORK,CO-PAY IN $,20,15,40,80,20,3,10,high,high,RISK,4
0,0,0,0,Bonus,1006,No,Owns,11,15,48,8,14,PRIMARY CARE PHYSICIAN (PCP) ,IN-NETWORK,CO-PAY IN $,20,40,15,80,20,3,10,high,high,RISK,4
0,2,1,2,Salaried,4555,No,Rents,8,12,35,8,14,PRIMARY CARE PHYSICIAN (PCP) ,IN-NETWORK,CO-PAY IN $,20,15,80,40,20,3,10,high,high,RISK,4
2,1,1,0,Bonus,458,No,Rents,10,18,32,8,14,PRIMARY CARE PHYSICIAN (PCP) ,IN-NETWORK,CO-PAY IN $,15,80,40,20,20,3,10,high,high,RISK,4
2,0,2,1,Hourly,1593,No,Owns,5,13,27,8,14,PRIMARY CARE PHYSICIAN (PCP) ,IN-NETWORK,CO-PAY IN $,15,20,40,80,20,3,10,high,high,RISK,4
0,2,0,1,Hourly,4519,Yes,Owns,11,20,28,8,14,PRIMARY CARE PHYSICIAN (PCP) ,IN-NETWORK,CO-PAY IN $,20,40,80,15,20,3,10,high,high,RISK,4
0,1,0,0,Bonus,2639,No,Rents,5,14,29,8,14,PRIMARY CARE PHYSICIAN (PCP) ,IN-NETWORK,CO-PAY IN $,40,80,20,15,20,3,10,high,high,RISK,4
0,0,2,1,Hourly,2563,Yes,Rents,15,13,50,8,14,PRIMARY CARE PHYSICIAN (PCP) ,IN-NETWORK,CO-PAY IN $,80,15,40,20,20,3,10,high,high,RISK,4
0,1,2,1,Bonus,2810,Yes,Owns,15,20,35,8,14,PRIMARY CARE PHYSICIAN (PCP) ,IN-NETWORK,CO-PAY IN $,80,15,40,20,20,3,10,high,high,RISK,4
1,1,0,1,Hourly,2954,Yes,Owns,18,17,32,8,14,PRIMARY CARE PHYSICIAN (PCP) ,IN-NETWORK,CO-PAY IN $,80,20,15,40,20,3,10,high,high,RISK,4
1,0,2,0,Hourly,2299,Yes,Owns,13,16,31,8,14,PRIMARY CARE PHYSICIAN (PCP) ,IN-NETWORK,CO-PAY IN $,80,15,40,20,20,3,10,high,high,RISK,4
0,0,1,2,Hourly,1155,No,Rents,6,20,34,8,14,PRIMARY CARE PHYSICIAN (PCP) ,IN-NETWORK,CO-PAY IN $,15,80,20,40,20,3,10,high,high,RISK,4
1,0,2,0,Bonus,1856,Yes,Rents,14,11,30,8,14,PRIMARY CARE PHYSICIAN (PCP) ,IN-NETWORK,CO-PAY IN $,40,15,20,80,20,3,10,high,high,RISK,4
2,1,1,0,Salaried,3352,Yes,Rents,6,19,27,8,14,PRIMARY CARE PHYSICIAN (PCP) ,IN-NETWORK,CO-PAY IN $,20,80,15,40,20,3,10,high,high,RISK,4
2,0,0,1,Hourly,3735,Yes,Owns,15,15,31,8,14,PRIMARY CARE PHYSICIAN (PCP) ,IN-NETWORK,CO-PAY IN $,80,20,15,40,20,3,10,high,high,RISK,4
2,1,0,2,Salaried,1125,Yes,Rents,6,12,28,8,14,PRIMARY CARE PHYSICIAN (PCP) ,IN-NETWORK,CO-PAY IN $,20,80,15,40,20,3,10,high,high,RISK,4
2,0,1,0,Bonus,4695,No,Owns,5,16,31,8,14,PRIMARY CARE PHYSICIAN (PCP) ,IN-NETWORK,CO-PAY IN $,80,15,40,20,20,3,10,high,high,RISK,4
1,1,1,1,Salaried,1210,No,Rents,17,12,39,8,14,PRIMARY CARE PHYSICIAN (PCP) ,IN-NETWORK,CO-PAY IN $,15,40,20,80,20,3,10,high,high,RISK,4
1,2,1,0,Bonus,3149,No,Owns,6,14,30,8,14,PRIMARY CARE PHYSICIAN (PCP) ,IN-NETWORK,CO-PAY IN $,20,15,40,80,20,3,10,high,high,RISK,4
1,1,1,1,Bonus,3757,No,Rents,6,13,26,8,14,PRIMARY CARE PHYSICIAN (PCP) ,IN-NETWORK,CO-PAY IN $,20,15,80,40,20,3,10,high,high,RISK,4
1,0,2,1,Salaried,4038,Yes,Rents,12,16,37,8,14,PRIMARY CARE PHYSICIAN (PCP) ,IN-NETWORK,CO-PAY IN $,40,80,20,15,20,3,10,high,high,RISK,4
0,0,0,2,Bonus,381,No,Owns,8,16,39,8,14,PRIMARY CARE PHYSICIAN (PCP) ,IN-NETWORK,CO-PAY IN $,15,40,80,20,20,3,10,high,high,RISK,4
0,0,1,1,Hourly,2879,Yes,Rents,16,14,30,8,14,PRIMARY CARE PHYSICIAN (PCP) ,IN-NETWORK,CO-PAY IN $,80,40,15,20,20,3,10,high,high,RISK,4
1,2,0,0,Hourly,2246,No,Owns,17,14,34,8,14,PRIMARY CARE PHYSICIAN (PCP) ,IN-NETWORK,CO-PAY IN $,15,40,20,80,20,3,10,high,high,RISK,4
0,2,1,0,Hourly,3337,No,Rents,7,19,30,8,14,PRIMARY CARE PHYSICIAN (PCP) ,IN-NETWORK,CO-PAY IN $,80,40,15,20,20,3,10,high,high,RISK,4
1,1,1,1,Hourly,874,No,Owns,17,17,35,8,14,PRIMARY CARE PHYSICIAN (PCP) ,IN-NETWORK,CO-PAY IN $,80,15,20,40,20,3,10,high,high,RISK,4
0,1,0,0,Hourly,4470,Yes,Owns,6,15,48,8,14,PRIMARY CARE PHYSICIAN (PCP) ,IN-NETWORK,CO-PAY IN $,20,15,80,40,20,3,10,high,high,RISK,4
0,2,0,1,Hourly,176,Yes,Rents,9,18,32,8,14,PRIMARY CARE PHYSICIAN (PCP) ,IN-NETWORK,CO-PAY IN $,40,20,80,15,20,3,10,high,high,RISK,4
1,0,2,0,Hourly,3681,Yes,Owns,6,13,27,8,14,PRIMARY CARE PHYSICIAN (PCP) ,IN-NETWORK,CO-PAY IN $,80,20,40,15,20,3,10,high,high,RISK,4
1,2,1,2,Hourly,1019,Yes,Owns,15,20,28,8,14,PRIMARY CARE PHYSICIAN (PCP) ,IN-NETWORK,CO-PAY IN $,80,20,40,15,20,3,10,high,high,RISK,4
1,2,1,1,Bonus,4493,Yes,Owns,18,14,29,8,14,PRIMARY CARE PHYSICIAN (PCP) ,IN-NETWORK,CO-PAY IN $,20,80,40,15,20,3,10,high,high,RISK,4
1,2,2,0,Salaried,1012,Yes,Owns,15,13,50,8,14,PRIMARY CARE PHYSICIAN (PCP) ,IN-NETWORK,CO-PAY IN $,20,40,80,15,20,3,10,high,high,RISK,4
0,0,1,1,Bonus,1248,Yes,Rents,7,20,35,8,14,PRIMARY CARE PHYSICIAN (PCP) ,IN-NETWORK,CO-PAY IN $,40,80,15,20,20,3,10,high,high,RISK,4
0,0,1,0,Salaried,1214,No,Owns,6,17,32,8,14,PRIMARY CARE PHYSICIAN (PCP) ,IN-NETWORK,CO-PAY IN $,20,15,80,40,20,3,10,high,high,RISK,4
1,0,1,0,Salaried,2852,Yes,Rents,6,16,31,8,14,PRIMARY CARE PHYSICIAN (PCP) ,IN-NETWORK,CO-PAY IN $,80,40,15,20,20,3,10,high,high,RISK,4
1,0,0,0,Bonus,1440,Yes,Owns,10,20,34,8,14,PRIMARY CARE PHYSICIAN (PCP) ,IN-NETWORK,CO-PAY IN $,15,80,40,20,20,3,10,high,high,RISK,4
1,0,1,0,Bonus,2951,No,Owns,11,11,30,8,14,PRIMARY CARE PHYSICIAN (PCP) ,IN-NETWORK,CO-PAY IN $,20,40,15,80,20,3,10,high,high,RISK,4
3,2,1,3,Salaried,4377,No,Rents,24,48,52,8,15,PRIMARY CARE PHYSICIAN (PCP) ,IN-NETWORK,CO-PAY IN $,80,15,20,40,15,4,20,high,high,RISK,4
1,1,2,1,Salaried,1919,No,Owns,25,33,56,8,15,PRIMARY CARE PHYSICIAN (PCP) ,IN-NETWORK,CO-PAY IN $,15,40,80,20,15,4,20,high,high,RISK,4
2,2,1,1,Salaried,4671,Yes,Rents,33,23,53,8,15,PRIMARY CARE PHYSICIAN (PCP) ,IN-NETWORK,CO-PAY IN $,20,15,80,40,15,4,20,high,high,RISK,4
3,2,1,1,Bonus,1139,No,Owns,29,38,56,8,15,PRIMARY CARE PHYSICIAN (PCP) ,IN-NETWORK,CO-PAY IN $,80,20,40,15,15,4,20,high,high,RISK,4
1,2,3,2,Bonus,3085,No,Rents,23,24,64,8,15,PRIMARY CARE PHYSICIAN (PCP) ,IN-NETWORK,CO-PAY IN $,20,15,80,40,15,4,20,high,high,RISK,4
1,2,3,1,Salaried,912,Yes,Rents,37,29,55,8,15,PRIMARY CARE PHYSICIAN (PCP) ,IN-NETWORK,CO-PAY IN $,40,80,20,15,15,4,20,high,high,RISK,4
2,1,3,2,Hourly,3561,Yes,Owns,28,26,51,8,15,PRIMARY CARE PHYSICIAN (PCP) ,IN-NETWORK,CO-PAY IN $,20,15,40,80,15,4,20,high,high,RISK,4
2,3,1,1,Hourly,4350,No,Rents,19,36,62,8,15,PRIMARY CARE PHYSICIAN (PCP) ,IN-NETWORK,CO-PAY IN $,40,15,80,20,15,4,20,high,high,RISK,4
3,3,2,3,Salaried,3664,No,Owns,18,38,64,8,15,PRIMARY CARE PHYSICIAN (PCP) ,IN-NETWORK,CO-PAY IN $,20,80,15,40,15,4,20,high,high,RISK,4
1,1,1,1,Bonus,1972,Yes,Owns,38,31,55,8,15,PRIMARY CARE PHYSICIAN (PCP) ,IN-NETWORK,CO-PAY IN $,15,80,20,40,15,4,20,high,high,RISK,4
1,1,3,3,Salaried,1235,Yes,Rents,32,31,59,8,15,PRIMARY CARE PHYSICIAN (PCP) ,IN-NETWORK,CO-PAY IN $,80,20,15,40,15,4,20,high,high,RISK,4
1,3,1,2,Bonus,2294,Yes,Owns,25,47,55,8,15,PRIMARY CARE PHYSICIAN (PCP) ,IN-NETWORK,CO-PAY IN $,20,80,40,15,15,4,20,high,high,RISK,4
1,2,3,1,Salaried,4592,Yes,Rents,37,41,60,8,15,PRIMARY CARE PHYSICIAN (PCP) ,IN-NETWORK,CO-PAY IN $,80,20,40,15,15,4,20,high,high,RISK,4
1,1,1,2,Hourly,2183,Yes,Owns,16,35,73,8,15,PRIMARY CARE PHYSICIAN (PCP) ,IN-NETWORK,CO-PAY IN $,80,40,20,15,15,4,20,high,high,RISK,4
2,2,3,2,Salaried,1622,Yes,Rents,21,24,60,8,15,PRIMARY CARE PHYSICIAN (PCP) ,IN-NETWORK,CO-PAY IN $,40,15,20,80,15,4,20,high,high,RISK,4
2,3,1,3,Salaried,4259,Yes,Rents,17,43,57,8,15,PRIMARY CARE PHYSICIAN (PCP) ,IN-NETWORK,CO-PAY IN $,20,40,15,80,15,4,20,high,high,RISK,4
3,2,2,3,Salaried,4138,No,Owns,37,25,52,8,15,PRIMARY CARE PHYSICIAN (PCP) ,IN-NETWORK,CO-PAY IN $,80,40,20,15,15,4,20,high,high,RISK,4
3,1,2,3,Bonus,2742,No,Owns,39,50,53,8,15,PRIMARY CARE PHYSICIAN (PCP) ,IN-NETWORK,CO-PAY IN $,40,80,20,15,15,4,20,high,high,RISK,4
1,1,1,3,Bonus,4027,Yes,Rents,21,31,54,8,15,PRIMARY CARE PHYSICIAN (PCP) ,IN-NETWORK,CO-PAY IN $,15,80,20,40,15,4,20,high,high,RISK,4
2,2,1,1,Bonus,3643,No,Rents,35,26,75,8,15,PRIMARY CARE PHYSICIAN (PCP) ,IN-NETWORK,CO-PAY IN $,15,20,80,40,15,4,20,high,high,RISK,4
2,1,3,1,Salaried,1855,No,Rents,39,49,60,8,15,PRIMARY CARE PHYSICIAN (PCP) ,IN-NETWORK,CO-PAY IN $,40,80,15,20,15,4,20,high,high,RISK,4
1,3,1,1,Bonus,4199,No,Owns,33,40,57,8,15,PRIMARY CARE PHYSICIAN (PCP) ,IN-NETWORK,CO-PAY IN $,15,40,20,80,15,4,20,high,high,RISK,4
1,3,2,1,Salaried,358,No,Rents,28,36,56,8,15,PRIMARY CARE PHYSICIAN (PCP) ,IN-NETWORK,CO-PAY IN $,80,20,40,15,15,4,20,high,high,RISK,4
2,2,2,1,Salaried,2175,No,Owns,35,49,59,8,15,PRIMARY CARE PHYSICIAN (PCP) ,IN-NETWORK,CO-PAY IN $,20,15,40,80,15,4,20,high,high,RISK,4
2,2,1,1,Bonus,2804,No,Owns,26,20,55,8,15,PRIMARY CARE PHYSICIAN (PCP) ,IN-NETWORK,CO-PAY IN $,15,40,80,20,15,4,20,high,high,RISK,4
3,3,3,2,Bonus,2793,Yes,Owns,39,48,52,8,15,PRIMARY CARE PHYSICIAN (PCP) ,IN-NETWORK,CO-PAY IN $,80,40,20,15,15,4,20,high,high,RISK,4
3,1,3,1,Salaried,1366,No,Owns,32,33,56,8,15,PRIMARY CARE PHYSICIAN (PCP) ,IN-NETWORK,CO-PAY IN $,15,80,20,40,15,4,20,high,high,RISK,4
1,2,2,3,Salaried,3990,No,Rents,30,23,53,8,15,PRIMARY CARE PHYSICIAN (PCP) ,IN-NETWORK,CO-PAY IN $,20,80,15,40,15,4,20,high,high,RISK,4
1,2,2,1,Salaried,1625,No,Owns,36,38,56,8,15,PRIMARY CARE PHYSICIAN (PCP) ,IN-NETWORK,CO-PAY IN $,15,20,80,40,15,4,20,high,high,RISK,4
2,3,1,1,Hourly,1178,No,Owns,15,24,64,8,15,PRIMARY CARE PHYSICIAN (PCP) ,IN-NETWORK,CO-PAY IN $,15,20,80,40,15,4,20,high,high,RISK,4
2,1,1,1,Hourly,2665,No,Rents,20,29,55,8,15,PRIMARY CARE PHYSICIAN (PCP) ,IN-NETWORK,CO-PAY IN $,40,15,20,80,15,4,20,high,high,RISK,4
2,3,3,1,Hourly,4144,No,Owns,23,26,51,8,15,PRIMARY CARE PHYSICIAN (PCP) ,IN-NETWORK,CO-PAY IN $,80,40,15,20,15,4,20,high,high,RISK,4
2,2,3,1,Hourly,2547,Yes,Owns,32,36,62,8,15,PRIMARY CARE PHYSICIAN (PCP) ,IN-NETWORK,CO-PAY IN $,20,15,80,40,15,4,20,high,high,RISK,4
2,1,2,1,Hourly,152,Yes,Owns,34,38,64,8,15,PRIMARY CARE PHYSICIAN (PCP) ,IN-NETWORK,CO-PAY IN $,40,15,20,80,15,4,20,high,high,RISK,4
1,1,1,1,Bonus,2909,Yes,Rents,23,31,55,8,15,PRIMARY CARE PHYSICIAN (PCP) ,IN-NETWORK,CO-PAY IN $,40,15,20,80,15,4,20,high,high,RISK,4
3,3,2,2,Bonus,2404,Yes,Owns,27,31,59,8,15,PRIMARY CARE PHYSICIAN (PCP) ,IN-NETWORK,CO-PAY IN $,20,80,40,15,15,4,20,high,high,RISK,4
3,1,2,3,Bonus,144,Yes,Owns,24,47,55,8,15,PRIMARY CARE PHYSICIAN (PCP) ,IN-NETWORK,CO-PAY IN $,15,40,20,80,15,4,20,high,high,RISK,4
3,1,2,1,Hourly,2250,No,Owns,26,41,60,8,15,PRIMARY CARE PHYSICIAN (PCP) ,IN-NETWORK,CO-PAY IN $,40,80,20,15,15,4,20,high,high,RISK,4
3,1,1,1,Hourly,4826,No,Owns,25,35,73,8,15,PRIMARY CARE PHYSICIAN (PCP) ,IN-NETWORK,CO-PAY IN $,40,20,15,80,15,4,20,high,high,RISK,4
2,2,1,1,Salaried,792,No,Owns,28,24,60,8,15,PRIMARY CARE PHYSICIAN (PCP) ,IN-NETWORK,CO-PAY IN $,15,80,20,40,15,4,20,high,high,RISK,4
1,3,1,2,Hourly,3429,No,Rents,34,43,57,8,15,PRIMARY CARE PHYSICIAN (PCP) ,IN-NETWORK,CO-PAY IN $,80,40,20,15,15,4,20,high,high,RISK,4
1,3,1,2,Hourly,1596,Yes,Owns,27,25,52,8,15,PRIMARY CARE PHYSICIAN (PCP) ,IN-NETWORK,CO-PAY IN $,40,80,20,15,15,4,20,high,high,RISK,4
2,3,3,1,Salaried,83,Yes,Owns,19,50,53,8,15,PRIMARY CARE PHYSICIAN (PCP) ,IN-NETWORK,CO-PAY IN $,15,20,80,40,15,4,20,high,high,RISK,4
2,3,1,3,Salaried,3601,No,Owns,17,31,54,8,15,PRIMARY CARE PHYSICIAN (PCP) ,IN-NETWORK,CO-PAY IN $,40,20,80,15,15,4,20,high,high,RISK,4
2,2,1,2,Bonus,861,No,Owns,34,26,75,8,15,PRIMARY CARE PHYSICIAN (PCP) ,IN-NETWORK,CO-PAY IN $,15,20,40,80,15,4,20,high,high,RISK,4
1,3,3,3,Salaried,2240,Yes,Rents,35,49,60,8,15,PRIMARY CARE PHYSICIAN (PCP) ,IN-NETWORK,CO-PAY IN $,15,80,20,40,15,4,20,high,high,RISK,4
1,1,1,1,Hourly,2384,No,Rents,17,40,57,8,15,PRIMARY CARE PHYSICIAN (PCP) ,IN-NETWORK,CO-PAY IN $,20,15,80,40,15,4,20,high,high,RISK,4
1,1,1,1,Bonus,2363,Yes,Rents,29,36,56,8,15,PRIMARY CARE PHYSICIAN (PCP) ,IN-NETWORK,CO-PAY IN $,15,20,80,40,15,4,20,high,high,RISK,4
2,1,3,1,Salaried,4539,No,Owns,24,49,59,8,15,PRIMARY CARE PHYSICIAN (PCP) ,IN-NETWORK,CO-PAY IN $,80,20,40,15,15,4,20,high,high,RISK,4
2,1,1,1,Bonus,489,No,Rents,23,20,55,8,15,PRIMARY CARE PHYSICIAN (PCP) ,IN-NETWORK,CO-PAY IN $,20,40,15,80,15,4,20,high,high,RISK,4
2,3,1,3,Bonus,4623,Yes,Owns,19,48,52,8,15,PRIMARY CARE PHYSICIAN (PCP) ,IN-NETWORK,CO-PAY IN $,20,40,80,15,15,4,20,high,high,RISK,4
2,1,1,1,Salaried,153,Yes,Owns,15,33,56,8,15,PRIMARY CARE PHYSICIAN (PCP) ,IN-NETWORK,CO-PAY IN $,15,80,20,40,15,4,20,high,high,RISK,4
1,3,3,2,Salaried,3954,No,Owns,17,23,53,8,15,PRIMARY CARE PHYSICIAN (PCP) ,IN-NETWORK,CO-PAY IN $,40,80,20,15,15,4,20,high,high,RISK,4
1,2,1,1,Salaried,4742,No,Rents,15,38,56,8,15,PRIMARY CARE PHYSICIAN (PCP) ,IN-NETWORK,CO-PAY IN $,40,15,20,80,15,4,20,high,high,RISK,4
1,1,1,2,Hourly,3289,No,Rents,35,24,64,8,15,PRIMARY CARE PHYSICIAN (PCP) ,IN-NETWORK,CO-PAY IN $,40,80,15,20,15,4,20,high,high,RISK,4
1,1,2,2,Bonus,3409,Yes,Rents,30,29,55,8,15,PRIMARY CARE PHYSICIAN (PCP) ,IN-NETWORK,CO-PAY IN $,15,80,20,40,15,4,20,high,high,RISK,4
1,1,3,2,Bonus,3179,No,Rents,21,26,51,8,15,PRIMARY CARE PHYSICIAN (PCP) ,IN-NETWORK,CO-PAY IN $,40,15,20,80,15,4,20,high,high,RISK,4
1,1,1,2,Bonus,4271,No,Rents,22,36,62,8,15,PRIMARY CARE PHYSICIAN (PCP) ,IN-NETWORK,CO-PAY IN $,80,20,40,15,15,4,20,high,high,RISK,4
1,1,1,1,Hourly,4605,Yes,Rents,24,38,64,8,15,PRIMARY CARE PHYSICIAN (PCP) ,IN-NETWORK,CO-PAY IN $,20,40,15,80,15,4,20,high,high,RISK,4
1,3,3,3,Salaried,3042,Yes,Rents,16,31,55,8,15,PRIMARY CARE PHYSICIAN (PCP) ,IN-NETWORK,CO-PAY IN $,20,40,80,15,15,4,20,high,high,RISK,4
1,3,3,1,Hourly,170,No,Rents,37,31,59,8,15,PRIMARY CARE PHYSICIAN (PCP) ,IN-NETWORK,CO-PAY IN $,20,15,40,80,15,4,20,high,high,RISK,4
1,1,1,3,Salaried,2062,No,Rents,20,47,55,8,15,PRIMARY CARE PHYSICIAN (PCP) ,IN-NETWORK,CO-PAY IN $,40,15,20,80,15,4,20,high,high,RISK,4
2,2,3,3,Bonus,1962,No,Rents,15,41,60,8,15,PRIMARY CARE PHYSICIAN (PCP) ,IN-NETWORK,CO-PAY IN $,15,20,40,80,15,4,20,high,high,RISK,4
1,1,1,1,Bonus,1006,No,Owns,27,35,73,8,15,PRIMARY CARE PHYSICIAN (PCP) ,IN-NETWORK,CO-PAY IN $,20,40,80,15,15,4,20,high,high,RISK,4
1,3,2,3,Salaried,4555,No,Rents,20,24,60,8,15,PRIMARY CARE PHYSICIAN (PCP) ,IN-NETWORK,CO-PAY IN $,80,40,15,20,15,4,20,high,high,RISK,4
3,1,2,1,Bonus,458,No,Rents,25,43,57,8,15,PRIMARY CARE PHYSICIAN (PCP) ,IN-NETWORK,CO-PAY IN $,15,80,40,20,15,4,20,high,high,RISK,4
3,1,3,1,Hourly,1593,No,Owns,16,25,52,8,15,PRIMARY CARE PHYSICIAN (PCP) ,IN-NETWORK,CO-PAY IN $,80,15,20,40,15,4,20,high,high,RISK,4
1,3,1,2,Hourly,4519,Yes,Owns,26,50,53,8,15,PRIMARY CARE PHYSICIAN (PCP) ,IN-NETWORK,CO-PAY IN $,15,80,20,40,15,4,20,high,high,RISK,4
1,2,1,1,Bonus,2639,No,Rents,16,31,54,8,15,PRIMARY CARE PHYSICIAN (PCP) ,IN-NETWORK,CO-PAY IN $,20,40,80,15,15,4,20,high,high,RISK,4
1,1,3,1,Hourly,2563,Yes,Rents,35,26,75,8,15,PRIMARY CARE PHYSICIAN (PCP) ,IN-NETWORK,CO-PAY IN $,20,80,15,40,15,4,20,high,high,RISK,4
1,2,3,2,Bonus,2810,Yes,Owns,35,49,60,8,15,PRIMARY CARE PHYSICIAN (PCP) ,IN-NETWORK,CO-PAY IN $,80,20,40,15,15,4,20,high,high,RISK,4
2,2,1,2,Hourly,2954,Yes,Owns,39,40,57,8,15,PRIMARY CARE PHYSICIAN (PCP) ,IN-NETWORK,CO-PAY IN $,80,40,20,15,15,4,20,high,high,RISK,4
2,1,3,1,Hourly,2299,Yes,Owns,31,36,56,8,15,PRIMARY CARE PHYSICIAN (PCP) ,IN-NETWORK,CO-PAY IN $,40,20,80,15,15,4,20,high,high,RISK,4
1,1,2,3,Hourly,1155,No,Rents,16,49,59,8,15,PRIMARY CARE PHYSICIAN (PCP) ,IN-NETWORK,CO-PAY IN $,80,40,15,20,15,4,20,high,high,RISK,4
2,1,3,1,Bonus,1856,Yes,Rents,31,20,55,8,15,PRIMARY CARE PHYSICIAN (PCP) ,IN-NETWORK,CO-PAY IN $,40,20,80,15,15,4,20,high,high,RISK,4
3,2,2,1,Salaried,3352,Yes,Rents,18,48,52,8,15,PRIMARY CARE PHYSICIAN (PCP) ,IN-NETWORK,CO-PAY IN $,20,40,80,15,15,4,20,high,high,RISK,4
3,1,1,2,Hourly,3735,Yes,Owns,34,33,56,8,15,PRIMARY CARE PHYSICIAN (PCP) ,IN-NETWORK,CO-PAY IN $,15,40,20,80,15,4,20,high,high,RISK,4
3,2,1,3,Salaried,1125,Yes,Rents,18,23,53,8,15,PRIMARY CARE PHYSICIAN (PCP) ,IN-NETWORK,CO-PAY IN $,80,40,20,15,15,4,20,high,high,RISK,4
3,1,2,1,Bonus,4695,No,Owns,15,38,56,8,15,PRIMARY CARE PHYSICIAN (PCP) ,IN-NETWORK,CO-PAY IN $,80,40,15,20,15,4,20,high,high,RISK,4
2,2,2,2,Salaried,1210,No,Rents,38,24,64,8,15,PRIMARY CARE PHYSICIAN (PCP) ,IN-NETWORK,CO-PAY IN $,15,40,20,80,15,4,20,high,high,RISK,4
2,3,2,1,Bonus,3149,No,Owns,17,29,55,8,15,PRIMARY CARE PHYSICIAN (PCP) ,IN-NETWORK,CO-PAY IN $,20,40,15,80,15,4,20,high,high,RISK,4
2,2,2,2,Bonus,3757,No,Rents,18,26,51,8,15,PRIMARY CARE PHYSICIAN (PCP) ,IN-NETWORK,CO-PAY IN $,20,40,15,80,15,4,20,high,high,RISK,4
3,1,3,2,Salaried,4038,Yes,Rents,28,36,62,8,15,PRIMARY CARE PHYSICIAN (PCP) ,IN-NETWORK,CO-PAY IN $,15,20,80,40,15,4,20,high,high,RISK,4
1,1,1,3,Bonus,381,No,Owns,20,38,64,8,15,PRIMARY CARE PHYSICIAN (PCP) ,IN-NETWORK,CO-PAY IN $,20,15,80,40,15,4,20,high,high,RISK,4
1,1,1,2,Hourly,2879,Yes,Rents,37,31,55,8,15,PRIMARY CARE PHYSICIAN (PCP) ,IN-NETWORK,CO-PAY IN $,20,15,80,40,15,4,20,high,high,RISK,4
2,3,1,1,Hourly,2246,No,Owns,38,31,59,8,15,PRIMARY CARE PHYSICIAN (PCP) ,IN-NETWORK,CO-PAY IN $,20,15,80,40,15,4,20,high,high,RISK,4
1,3,2,1,Hourly,3337,No,Rents,18,47,55,8,15,PRIMARY CARE PHYSICIAN (PCP) ,IN-NETWORK,CO-PAY IN $,20,80,15,40,15,4,20,high,high,RISK,4
2,2,1,2,Hourly,874,No,Owns,38,41,60,8,15,PRIMARY CARE PHYSICIAN (PCP) ,IN-NETWORK,CO-PAY IN $,80,15,20,40,15,4,20,high,high,RISK,4
1,2,1,1,Hourly,4470,Yes,Owns,16,35,73,8,15,PRIMARY CARE PHYSICIAN (PCP) ,IN-NETWORK,CO-PAY IN $,80,15,20,40,15,4,20,high,high,RISK,4
3,1,3,1,Hourly,3252,Yes,Owns,24,24,60,8,15,PRIMARY CARE PHYSICIAN (PCP) ,IN-NETWORK,CO-PAY IN $,80,15,40,20,15,4,20,high,high,RISK,4
1,3,1,2,Hourly,176,Yes,Rents,23,43,57,8,15,PRIMARY CARE PHYSICIAN (PCP) ,IN-NETWORK,CO-PAY IN $,80,15,20,40,15,4,20,high,high,RISK,4
2,1,3,1,Hourly,3681,Yes,Owns,17,25,52,8,15,PRIMARY CARE PHYSICIAN (PCP) ,IN-NETWORK,CO-PAY IN $,40,15,20,80,15,4,20,high,high,RISK,4
1,3,2,3,Hourly,1019,Yes,Owns,35,50,53,8,15,PRIMARY CARE PHYSICIAN (PCP) ,IN-NETWORK,CO-PAY IN $,80,40,20,15,15,4,20,high,high,RISK,4
1,3,2,1,Bonus,4493,Yes,Owns,39,31,54,8,15,PRIMARY CARE PHYSICIAN (PCP) ,IN-NETWORK,CO-PAY IN $,40,20,15,80,15,4,20,high,high,RISK,4
1,3,3,1,Salaried,1012,Yes,Owns,34,26,75,8,15,PRIMARY CARE PHYSICIAN (PCP) ,IN-NETWORK,CO-PAY IN $,20,15,80,40,15,4,20,high,high,RISK,4
1,1,2,1,Bonus,1248,Yes,Rents,18,49,60,8,15,PRIMARY CARE PHYSICIAN (PCP) ,IN-NETWORK,CO-PAY IN $,20,15,40,80,15,4,20,high,high,RISK,4
1,1,2,1,Salaried,1214,No,Owns,17,40,57,8,15,PRIMARY CARE PHYSICIAN (PCP) ,IN-NETWORK,CO-PAY IN $,80,40,20,15,15,4,20,high,high,RISK,4
2,1,1,1,Salaried,2852,Yes,Rents,18,36,56,8,15,PRIMARY CARE PHYSICIAN (PCP) ,IN-NETWORK,CO-PAY IN $,40,80,15,20,15,4,20,high,high,RISK,4
2,1,1,1,Bonus,1440,Yes,Owns,24,49,59,8,15,PRIMARY CARE PHYSICIAN (PCP) ,IN-NETWORK,CO-PAY IN $,15,40,80,20,15,4,20,high,high,RISK,4
3,1,3,1,Bonus,2951,No,Owns,26,20,55,8,15,PRIMARY CARE PHYSICIAN (PCP) ,IN-NETWORK,CO-PAY IN $,40,20,15,80,15,4,20,high,high,RISK,4
4,3,2,4,Salaried,4377,No,Rents,46,73,76,8,16,PRIMARY CARE PHYSICIAN (PCP) ,IN-NETWORK,CO-PAY IN $,80,15,20,40,15,4,50,high,high,RISK,4
2,3,4,2,Salaried,1919,No,Owns,48,61,80,8,16,PRIMARY CARE PHYSICIAN (PCP) ,IN-NETWORK,CO-PAY IN $,20,80,15,40,15,4,50,high,high,RISK,4
4,4,3,2,Salaried,4671,Yes,Rents,57,53,77,8,16,PRIMARY CARE PHYSICIAN (PCP) ,IN-NETWORK,CO-PAY IN $,15,80,40,20,15,4,50,high,high,RISK,4
4,4,2,2,Bonus,1139,No,Owns,52,65,80,8,16,PRIMARY CARE PHYSICIAN (PCP) ,IN-NETWORK,CO-PAY IN $,15,20,40,80,15,4,50,high,high,RISK,4
3,4,4,3,Bonus,3085,No,Rents,45,54,88,8,16,PRIMARY CARE PHYSICIAN (PCP) ,IN-NETWORK,CO-PAY IN $,40,80,15,20,15,4,50,high,high,RISK,4
3,4,4,3,Salaried,912,Yes,Rents,61,58,79,8,16,PRIMARY CARE PHYSICIAN (PCP) ,IN-NETWORK,CO-PAY IN $,20,15,80,40,15,4,50,high,high,RISK,4
4,3,4,3,Hourly,3561,Yes,Owns,51,56,75,8,16,PRIMARY CARE PHYSICIAN (PCP) ,IN-NETWORK,CO-PAY IN $,80,15,40,20,15,4,50,high,high,RISK,4
4,4,2,2,Hourly,4350,No,Rents,40,64,87,8,16,PRIMARY CARE PHYSICIAN (PCP) ,IN-NETWORK,CO-PAY IN $,20,80,15,40,15,4,50,high,high,RISK,4
4,4,4,4,Salaried,3664,No,Owns,39,65,88,8,16,PRIMARY CARE PHYSICIAN (PCP) ,IN-NETWORK,CO-PAY IN $,20,15,40,80,15,4,50,high,high,RISK,4
2,3,3,3,Bonus,1972,Yes,Owns,62,60,80,8,16,PRIMARY CARE PHYSICIAN (PCP) ,IN-NETWORK,CO-PAY IN $,15,80,20,40,15,4,50,high,high,RISK,4
3,2,4,4,Salaried,1235,Yes,Rents,55,60,83,8,16,PRIMARY CARE PHYSICIAN (PCP) ,IN-NETWORK,CO-PAY IN $,80,20,40,15,15,4,50,high,high,RISK,4
2,4,3,3,Bonus,2294,Yes,Owns,47,72,79,8,16,PRIMARY CARE PHYSICIAN (PCP) ,IN-NETWORK,CO-PAY IN $,20,15,40,80,15,4,50,high,high,RISK,4
2,3,4,3,Salaried,4592,Yes,Rents,62,68,84,8,16,PRIMARY CARE PHYSICIAN (PCP) ,IN-NETWORK,CO-PAY IN $,15,40,80,20,15,4,50,high,high,RISK,4
3,3,3,4,Hourly,2183,Yes,Owns,37,63,98,8,16,PRIMARY CARE PHYSICIAN (PCP) ,IN-NETWORK,CO-PAY IN $,40,80,15,20,15,4,50,high,high,RISK,4
3,3,4,3,Salaried,1622,Yes,Rents,42,55,84,8,16,PRIMARY CARE PHYSICIAN (PCP) ,IN-NETWORK,CO-PAY IN $,20,40,80,15,15,4,50,high,high,RISK,4
3,4,3,4,Salaried,4259,Yes,Rents,37,70,81,8,16,PRIMARY CARE PHYSICIAN (PCP) ,IN-NETWORK,CO-PAY IN $,80,20,15,40,15,4,50,high,high,RISK,4
4,3,3,4,Salaried,4138,No,Owns,62,55,76,8,16,PRIMARY CARE PHYSICIAN (PCP) ,IN-NETWORK,CO-PAY IN $,20,15,40,80,15,4,50,high,high,RISK,4
4,3,4,4,Bonus,2742,No,Owns,64,75,77,8,16,PRIMARY CARE PHYSICIAN (PCP) ,IN-NETWORK,CO-PAY IN $,20,15,80,40,15,4,50,high,high,RISK,4
3,3,3,4,Bonus,4027,Yes,Rents,43,60,78,8,16,PRIMARY CARE PHYSICIAN (PCP) ,IN-NETWORK,CO-PAY IN $,40,15,80,20,15,4,50,high,high,RISK,4
4,4,2,2,Bonus,3643,No,Rents,59,56,100,8,16,PRIMARY CARE PHYSICIAN (PCP) ,IN-NETWORK,CO-PAY IN $,80,15,40,20,15,4,50,high,high,RISK,4
4,2,4,2,Salaried,1855,No,Rents,63,74,85,8,16,PRIMARY CARE PHYSICIAN (PCP) ,IN-NETWORK,CO-PAY IN $,40,15,20,80,15,4,50,high,high,RISK,4
3,4,2,3,Bonus,4199,No,Owns,57,67,81,8,16,PRIMARY CARE PHYSICIAN (PCP) ,IN-NETWORK,CO-PAY IN $,80,15,40,20,15,4,50,high,high,RISK,4
3,4,3,2,Salaried,358,No,Rents,50,64,80,8,16,PRIMARY CARE PHYSICIAN (PCP) ,IN-NETWORK,CO-PAY IN $,15,20,80,40,15,4,50,high,high,RISK,4
4,3,4,3,Salaried,2175,No,Owns,59,75,83,8,16,PRIMARY CARE PHYSICIAN (PCP) ,IN-NETWORK,CO-PAY IN $,20,15,40,80,15,4,50,high,high,RISK,4
4,4,2,2,Bonus,2804,No,Owns,48,51,79,8,16,PRIMARY CARE PHYSICIAN (PCP) ,IN-NETWORK,CO-PAY IN $,40,15,80,20,15,4,50,high,high,RISK,4
4,4,4,4,Bonus,2793,Yes,Owns,63,73,76,8,16,PRIMARY CARE PHYSICIAN (PCP) ,IN-NETWORK,CO-PAY IN $,80,15,40,20,15,4,50,high,high,RISK,4
4,3,4,2,Salaried,1366,No,Owns,56,61,80,8,16,PRIMARY CARE PHYSICIAN (PCP) ,IN-NETWORK,CO-PAY IN $,80,20,40,15,15,4,50,high,high,RISK,4
2,4,4,4,Salaried,3990,No,Rents,53,53,77,8,16,PRIMARY CARE PHYSICIAN (PCP) ,IN-NETWORK,CO-PAY IN $,80,15,40,20,15,4,50,high,high,RISK,4
2,4,3,3,Salaried,1625,No,Owns,60,65,80,8,16,PRIMARY CARE PHYSICIAN (PCP) ,IN-NETWORK,CO-PAY IN $,40,80,20,15,15,4,50,high,high,RISK,4
4,4,3,3,Hourly,1178,No,Owns,35,54,88,8,16,PRIMARY CARE PHYSICIAN (PCP) ,IN-NETWORK,CO-PAY IN $,15,20,80,40,15,4,50,high,high,RISK,4
3,3,2,2,Hourly,2665,No,Rents,41,58,79,8,16,PRIMARY CARE PHYSICIAN (PCP) ,IN-NETWORK,CO-PAY IN $,20,40,15,80,15,4,50,high,high,RISK,4
4,4,4,2,Hourly,4144,No,Owns,44,56,75,8,16,PRIMARY CARE PHYSICIAN (PCP) ,IN-NETWORK,CO-PAY IN $,15,80,40,20,15,4,50,high,high,RISK,4
3,3,4,3,Hourly,2547,Yes,Owns,55,64,87,8,16,PRIMARY CARE PHYSICIAN (PCP) ,IN-NETWORK,CO-PAY IN $,40,80,20,15,15,4,50,high,high,RISK,4
4,3,4,2,Hourly,152,Yes,Owns,58,65,88,8,16,PRIMARY CARE PHYSICIAN (PCP) ,IN-NETWORK,CO-PAY IN $,20,15,40,80,15,4,50,high,high,RISK,4
3,2,2,3,Bonus,2909,Yes,Rents,45,60,80,8,16,PRIMARY CARE PHYSICIAN (PCP) ,IN-NETWORK,CO-PAY IN $,20,40,80,15,15,4,50,high,high,RISK,4
4,4,3,3,Bonus,2404,Yes,Owns,49,60,83,8,16,PRIMARY CARE PHYSICIAN (PCP) ,IN-NETWORK,CO-PAY IN $,40,20,15,80,15,4,50,high,high,RISK,4
4,2,4,4,Bonus,144,Yes,Owns,46,72,79,8,16,PRIMARY CARE PHYSICIAN (PCP) ,IN-NETWORK,CO-PAY IN $,40,15,20,80,15,4,50,high,high,RISK,4
4,2,4,2,Hourly,2250,No,Owns,48,68,84,8,16,PRIMARY CARE PHYSICIAN (PCP) ,IN-NETWORK,CO-PAY IN $,20,15,80,40,15,4,50,high,high,RISK,4
4,3,3,3,Hourly,4826,No,Owns,47,63,98,8,16,PRIMARY CARE PHYSICIAN (PCP) ,IN-NETWORK,CO-PAY IN $,80,40,15,20,15,4,50,high,high,RISK,4
4,4,2,3,Salaried,792,No,Owns,50,55,84,8,16,PRIMARY CARE PHYSICIAN (PCP) ,IN-NETWORK,CO-PAY IN $,15,80,20,40,15,4,50,high,high,RISK,4
2,4,2,3,Hourly,3429,No,Rents,58,70,81,8,16,PRIMARY CARE PHYSICIAN (PCP) ,IN-NETWORK,CO-PAY IN $,40,15,80,20,15,4,50,high,high,RISK,4
3,4,3,4,Hourly,1596,Yes,Owns,50,55,76,8,16,PRIMARY CARE PHYSICIAN (PCP) ,IN-NETWORK,CO-PAY IN $,80,40,15,20,15,4,50,high,high,RISK,4
4,4,4,3,Salaried,83,Yes,Owns,40,75,77,8,16,PRIMARY CARE PHYSICIAN (PCP) ,IN-NETWORK,CO-PAY IN $,20,40,80,15,15,4,50,high,high,RISK,4
4,4,3,4,Salaried,3601,No,Owns,38,60,78,8,16,PRIMARY CARE PHYSICIAN (PCP) ,IN-NETWORK,CO-PAY IN $,20,80,15,40,15,4,50,high,high,RISK,4
3,4,2,4,Bonus,861,No,Owns,58,56,100,8,16,PRIMARY CARE PHYSICIAN (PCP) ,IN-NETWORK,CO-PAY IN $,40,20,15,80,15,4,50,high,high,RISK,4
2,4,4,4,Salaried,2240,Yes,Rents,59,74,85,8,16,PRIMARY CARE PHYSICIAN (PCP) ,IN-NETWORK,CO-PAY IN $,40,20,80,15,15,4,50,high,high,RISK,4
3,3,2,2,Hourly,2384,No,Rents,37,67,81,8,16,PRIMARY CARE PHYSICIAN (PCP) ,IN-NETWORK,CO-PAY IN $,20,15,40,80,15,4,50,high,high,RISK,4
2,2,3,3,Bonus,2363,Yes,Rents,52,64,80,8,16,PRIMARY CARE PHYSICIAN (PCP) ,IN-NETWORK,CO-PAY IN $,15,40,20,80,15,4,50,high,high,RISK,4
3,3,4,2,Salaried,4539,No,Owns,45,75,83,8,16,PRIMARY CARE PHYSICIAN (PCP) ,IN-NETWORK,CO-PAY IN $,80,40,15,20,15,4,50,high,high,RISK,4
3,3,2,2,Bonus,489,No,Rents,45,51,79,8,16,PRIMARY CARE PHYSICIAN (PCP) ,IN-NETWORK,CO-PAY IN $,40,80,20,15,15,4,50,high,high,RISK,4
4,4,2,4,Bonus,4623,Yes,Owns,40,73,76,8,16,PRIMARY CARE PHYSICIAN (PCP) ,IN-NETWORK,CO-PAY IN $,80,20,40,15,15,4,50,high,high,RISK,4
3,3,3,2,Salaried,153,Yes,Owns,36,61,80,8,16,PRIMARY CARE PHYSICIAN (PCP) ,IN-NETWORK,CO-PAY IN $,80,20,15,40,15,4,50,high,high,RISK,4
3,4,4,4,Salaried,3954,No,Owns,38,53,77,8,16,PRIMARY CARE PHYSICIAN (PCP) ,IN-NETWORK,CO-PAY IN $,80,15,40,20,15,4,50,high,high,RISK,4
3,3,2,3,Salaried,4742,No,Rents,35,65,80,8,16,PRIMARY CARE PHYSICIAN (PCP) ,IN-NETWORK,CO-PAY IN $,80,20,15,40,15,4,50,high,high,RISK,4
2,2,2,3,Hourly,3289,No,Rents,59,54,88,8,16,PRIMARY CARE PHYSICIAN (PCP) ,IN-NETWORK,CO-PAY IN $,80,40,15,20,15,4,50,high,high,RISK,4
2,2,3,3,Bonus,3409,Yes,Rents,54,58,79,8,16,PRIMARY CARE PHYSICIAN (PCP) ,IN-NETWORK,CO-PAY IN $,15,80,40,20,15,4,50,high,high,RISK,4
3,3,4,3,Bonus,3179,No,Rents,42,56,75,8,16,PRIMARY CARE PHYSICIAN (PCP) ,IN-NETWORK,CO-PAY IN $,40,20,80,15,15,4,50,high,high,RISK,4
3,3,2,4,Bonus,4271,No,Rents,43,64,87,8,16,PRIMARY CARE PHYSICIAN (PCP) ,IN-NETWORK,CO-PAY IN $,15,40,80,20,15,4,50,high,high,RISK,4
2,4,4,4,Salaried,3042,Yes,Rents,37,60,80,8,16,PRIMARY CARE PHYSICIAN (PCP) ,IN-NETWORK,CO-PAY IN $,40,80,20,15,15,4,50,high,high,RISK,4
2,4,4,3,Hourly,170,No,Rents,61,60,83,8,16,PRIMARY CARE PHYSICIAN (PCP) ,IN-NETWORK,CO-PAY IN $,80,20,40,15,15,4,50,high,high,RISK,4
2,3,3,4,Salaried,2062,No,Rents,40,72,79,8,16,PRIMARY CARE PHYSICIAN (PCP) ,IN-NETWORK,CO-PAY IN $,80,40,20,15,15,4,50,high,high,RISK,4
4,4,4,4,Bonus,1962,No,Rents,35,68,84,8,16,PRIMARY CARE PHYSICIAN (PCP) ,IN-NETWORK,CO-PAY IN $,40,20,80,15,15,4,50,high,high,RISK,4
2,2,3,2,Bonus,1006,No,Owns,50,63,98,8,16,PRIMARY CARE PHYSICIAN (PCP) ,IN-NETWORK,CO-PAY IN $,80,40,20,15,15,4,50,high,high,RISK,4
2,4,3,4,Salaried,4555,No,Rents,42,55,84,8,16,PRIMARY CARE PHYSICIAN (PCP) ,IN-NETWORK,CO-PAY IN $,80,40,15,20,15,4,50,high,high,RISK,4
4,3,4,3,Bonus,458,No,Rents,46,70,81,8,16,PRIMARY CARE PHYSICIAN (PCP) ,IN-NETWORK,CO-PAY IN $,40,15,20,80,15,4,50,high,high,RISK,4
4,3,4,3,Hourly,1593,No,Owns,36,55,76,8,16,PRIMARY CARE PHYSICIAN (PCP) ,IN-NETWORK,CO-PAY IN $,40,20,15,80,15,4,50,high,high,RISK,4
3,4,2,3,Hourly,4519,Yes,Owns,48,75,77,8,16,PRIMARY CARE PHYSICIAN (PCP) ,IN-NETWORK,CO-PAY IN $,15,80,40,20,15,4,50,high,high,RISK,4
2,4,3,3,Bonus,2639,No,Rents,36,60,78,8,16,PRIMARY CARE PHYSICIAN (PCP) ,IN-NETWORK,CO-PAY IN $,15,40,20,80,15,4,50,high,high,RISK,4
2,3,4,3,Hourly,2563,Yes,Rents,59,56,100,8,16,PRIMARY CARE PHYSICIAN (PCP) ,IN-NETWORK,CO-PAY IN $,40,15,80,20,15,4,50,high,high,RISK,4
3,4,4,4,Bonus,2810,Yes,Owns,58,74,85,8,16,PRIMARY CARE PHYSICIAN (PCP) ,IN-NETWORK,CO-PAY IN $,40,80,20,15,15,4,50,high,high,RISK,4
3,4,3,4,Hourly,2954,Yes,Owns,64,67,81,8,16,PRIMARY CARE PHYSICIAN (PCP) ,IN-NETWORK,CO-PAY IN $,40,80,15,20,15,4,50,high,high,RISK,4
3,2,4,3,Hourly,2299,Yes,Owns,54,64,80,8,16,PRIMARY CARE PHYSICIAN (PCP) ,IN-NETWORK,CO-PAY IN $,40,80,15,20,15,4,50,high,high,RISK,4
2,3,4,4,Hourly,1155,No,Rents,37,75,83,8,16,PRIMARY CARE PHYSICIAN (PCP) ,IN-NETWORK,CO-PAY IN $,15,80,40,20,15,4,50,high,high,RISK,4
4,2,4,3,Bonus,1856,Yes,Rents,55,51,79,8,16,PRIMARY CARE PHYSICIAN (PCP) ,IN-NETWORK,CO-PAY IN $,40,15,80,20,15,4,50,high,high,RISK,4
4,3,2,3,Hourly,3735,Yes,Owns,58,61,80,8,16,PRIMARY CARE PHYSICIAN (PCP) ,IN-NETWORK,CO-PAY IN $,80,40,15,20,15,4,50,high,high,RISK,4
4,3,3,4,Salaried,1125,Yes,Rents,38,53,77,8,16,PRIMARY CARE PHYSICIAN (PCP) ,IN-NETWORK,CO-PAY IN $,15,40,80,20,15,4,50,high,high,RISK,4
4,2,4,2,Bonus,4695,No,Owns,35,65,80,8,16,PRIMARY CARE PHYSICIAN (PCP) ,IN-NETWORK,CO-PAY IN $,20,15,40,80,15,4,50,high,high,RISK,4
3,3,3,4,Salaried,1210,No,Rents,62,54,88,8,16,PRIMARY CARE PHYSICIAN (PCP) ,IN-NETWORK,CO-PAY IN $,80,15,20,40,15,4,50,high,high,RISK,4
4,4,4,2,Bonus,3149,No,Owns,37,58,79,8,16,PRIMARY CARE PHYSICIAN (PCP) ,IN-NETWORK,CO-PAY IN $,15,80,20,40,15,4,50,high,high,RISK,4
4,3,4,4,Bonus,3757,No,Rents,38,56,75,8,16,PRIMARY CARE PHYSICIAN (PCP) ,IN-NETWORK,CO-PAY IN $,15,40,20,80,15,4,50,high,high,RISK,4
4,3,4,4,Salaried,4038,Yes,Rents,51,64,87,8,16,PRIMARY CARE PHYSICIAN (PCP) ,IN-NETWORK,CO-PAY IN $,80,15,20,40,15,4,50,high,high,RISK,4
2,3,3,4,Bonus,381,No,Owns,41,65,88,8,16,PRIMARY CARE PHYSICIAN (PCP) ,IN-NETWORK,CO-PAY IN $,20,80,40,15,15,4,50,high,high,RISK,4
3,3,3,3,Hourly,2879,Yes,Rents,61,60,80,8,16,PRIMARY CARE PHYSICIAN (PCP) ,IN-NETWORK,CO-PAY IN $,15,20,40,80,15,4,50,high,high,RISK,4
4,4,3,2,Hourly,2246,No,Owns,62,60,83,8,16,PRIMARY CARE PHYSICIAN (PCP) ,IN-NETWORK,CO-PAY IN $,40,15,80,20,15,4,50,high,high,RISK,4
2,4,3,2,Hourly,3337,No,Rents,39,72,79,8,16,PRIMARY CARE PHYSICIAN (PCP) ,IN-NETWORK,CO-PAY IN $,20,80,15,40,15,4,50,high,high,RISK,4
4,3,3,4,Hourly,874,No,Owns,63,68,84,8,16,PRIMARY CARE PHYSICIAN (PCP) ,IN-NETWORK,CO-PAY IN $,20,15,80,40,15,4,50,high,high,RISK,4
3,4,2,3,Hourly,4470,Yes,Owns,36,63,98,8,16,PRIMARY CARE PHYSICIAN (PCP) ,IN-NETWORK,CO-PAY IN $,20,80,15,40,15,4,50,high,high,RISK,4
4,3,4,3,Hourly,3252,Yes,Owns,46,55,84,8,16,PRIMARY CARE PHYSICIAN (PCP) ,IN-NETWORK,CO-PAY IN $,40,15,80,20,15,4,50,high,high,RISK,4
3,4,2,3,Hourly,176,Yes,Rents,45,70,81,8,16,PRIMARY CARE PHYSICIAN (PCP) ,IN-NETWORK,CO-PAY IN $,80,40,20,15,15,4,50,high,high,RISK,4
4,3,4,2,Hourly,3681,Yes,Owns,38,55,76,8,16,PRIMARY CARE PHYSICIAN (PCP) ,IN-NETWORK,CO-PAY IN $,80,15,40,20,15,4,50,high,high,RISK,4
3,4,4,4,Hourly,1019,Yes,Owns,59,75,77,8,16,PRIMARY CARE PHYSICIAN (PCP) ,IN-NETWORK,CO-PAY IN $,20,80,15,40,15,4,50,high,high,RISK,4
3,4,4,3,Bonus,4493,Yes,Owns,64,60,78,8,16,PRIMARY CARE PHYSICIAN (PCP) ,IN-NETWORK,CO-PAY IN $,40,80,20,15,15,4,50,high,high,RISK,4
3,4,4,2,Salaried,1012,Yes,Owns,58,56,100,8,16,PRIMARY CARE PHYSICIAN (PCP) ,IN-NETWORK,CO-PAY IN $,20,40,80,15,15,4,50,high,high,RISK,4
2,2,4,3,Bonus,1248,Yes,Rents,39,74,85,8,16,PRIMARY CARE PHYSICIAN (PCP) ,IN-NETWORK,CO-PAY IN $,80,20,40,15,15,4,50,high,high,RISK,4
2,3,3,3,Salaried,1214,No,Owns,37,67,81,8,16,PRIMARY CARE PHYSICIAN (PCP) ,IN-NETWORK,CO-PAY IN $,80,40,20,15,15,4,50,high,high,RISK,4
4,3,3,2,Salaried,2852,Yes,Rents,38,64,80,8,16,PRIMARY CARE PHYSICIAN (PCP) ,IN-NETWORK,CO-PAY IN $,15,40,20,80,15,4,50,high,high,RISK,4
3,3,2,2,Bonus,1440,Yes,Owns,46,75,83,8,16,PRIMARY CARE PHYSICIAN (PCP) ,IN-NETWORK,CO-PAY IN $,15,20,40,80,15,4,50,high,high,RISK,4
4,2,4,3,Bonus,2951,No,Owns,48,51,79,8,16,PRIMARY CARE PHYSICIAN (PCP) ,IN-NETWORK,CO-PAY IN $,40,20,15,80,15,4,50,high,high,RISK,4
1,0,0,1,Salaried,4377,No,Rents,4,9,1,10,1,TELE-MEDICINE,IN-NETWORK,CO-PAY IN $,0,100,120,60,120,1,5,low,low,RISK,1
0,0,1,0,Salaried,1919,No,Owns,4,4,5,10,1,TELE-MEDICINE,IN-NETWORK,CO-PAY IN $,100,0,120,60,120,1,5,low,low,RISK,1
0,0,0,0,Salaried,4671,Yes,Rents,7,1,2,10,1,TELE-MEDICINE,IN-NETWORK,CO-PAY IN $,0,120,60,100,120,1,5,low,low,RISK,1
1,1,0,0,Bonus,1139,No,Owns,6,6,5,10,1,TELE-MEDICINE,IN-NETWORK,CO-PAY IN $,100,60,120,0,120,1,5,low,low,RISK,1
0,1,1,0,Bonus,3085,No,Rents,3,1,13,10,1,TELE-MEDICINE,IN-NETWORK,CO-PAY IN $,0,60,120,100,120,1,5,low,low,RISK,1
0,1,1,0,Salaried,912,Yes,Rents,9,3,4,10,1,TELE-MEDICINE,IN-NETWORK,CO-PAY IN $,120,100,0,60,120,1,5,low,low,RISK,1
1,0,1,0,Hourly,3561,Yes,Owns,5,2,0,10,1,TELE-MEDICINE,IN-NETWORK,CO-PAY IN $,0,100,120,60,120,1,5,low,low,RISK,1
1,1,0,0,Hourly,4350,No,Rents,2,5,12,10,1,TELE-MEDICINE,IN-NETWORK,CO-PAY IN $,100,120,0,60,120,1,5,low,low,RISK,1
1,1,0,1,Salaried,3664,No,Owns,1,6,13,10,1,TELE-MEDICINE,IN-NETWORK,CO-PAY IN $,60,120,100,0,120,1,5,low,low,RISK,1
0,0,0,0,Bonus,1972,Yes,Owns,9,4,5,10,1,TELE-MEDICINE,IN-NETWORK,CO-PAY IN $,60,0,120,100,120,1,5,low,low,RISK,1
0,0,1,1,Salaried,1235,Yes,Rents,7,4,8,10,1,TELE-MEDICINE,IN-NETWORK,CO-PAY IN $,100,120,60,0,120,1,5,low,low,RISK,1
0,1,0,0,Bonus,2294,Yes,Owns,4,9,4,10,1,TELE-MEDICINE,IN-NETWORK,CO-PAY IN $,100,60,120,0,120,1,5,low,low,RISK,1
0,0,1,0,Salaried,4592,Yes,Rents,9,7,9,10,1,TELE-MEDICINE,IN-NETWORK,CO-PAY IN $,100,60,0,120,120,1,5,low,low,RISK,1
0,0,0,1,Hourly,2183,Yes,Owns,1,5,23,10,1,TELE-MEDICINE,IN-NETWORK,CO-PAY IN $,100,120,0,60,120,1,5,low,low,RISK,1
0,0,1,0,Salaried,1622,Yes,Rents,2,1,9,10,1,TELE-MEDICINE,IN-NETWORK,CO-PAY IN $,60,0,100,120,120,1,5,low,low,RISK,1
0,1,0,1,Salaried,4259,Yes,Rents,1,8,6,10,1,TELE-MEDICINE,IN-NETWORK,CO-PAY IN $,120,0,100,60,120,1,5,low,low,RISK,1
1,0,0,1,Salaried,4138,No,Owns,9,2,1,10,1,TELE-MEDICINE,IN-NETWORK,CO-PAY IN $,120,60,0,100,120,1,5,low,low,RISK,1
1,0,0,1,Bonus,2742,No,Owns,10,10,2,10,1,TELE-MEDICINE,IN-NETWORK,CO-PAY IN $,120,60,0,100,120,1,5,low,low,RISK,1
0,0,0,1,Bonus,4027,Yes,Rents,3,4,3,10,1,TELE-MEDICINE,IN-NETWORK,CO-PAY IN $,120,0,100,60,120,1,5,low,low,RISK,1
1,0,0,0,Bonus,3643,No,Rents,8,2,25,10,1,TELE-MEDICINE,IN-NETWORK,CO-PAY IN $,0,100,60,120,120,1,5,low,low,RISK,1
1,0,1,0,Salaried,1855,No,Rents,9,10,10,10,1,TELE-MEDICINE,IN-NETWORK,CO-PAY IN $,120,0,60,100,120,1,5,low,low,RISK,1
0,1,0,0,Bonus,4199,No,Owns,7,7,6,10,1,TELE-MEDICINE,IN-NETWORK,CO-PAY IN $,120,100,0,60,120,1,5,low,low,RISK,1
0,1,0,0,Salaried,358,No,Rents,5,5,5,10,1,TELE-MEDICINE,IN-NETWORK,CO-PAY IN $,100,60,120,0,120,1,5,low,low,RISK,1
0,0,1,0,Salaried,2175,No,Owns,8,10,8,10,1,TELE-MEDICINE,IN-NETWORK,CO-PAY IN $,120,100,60,0,120,1,5,low,low,RISK,1
0,1,0,0,Bonus,2804,No,Owns,4,0,4,10,1,TELE-MEDICINE,IN-NETWORK,CO-PAY IN $,0,120,60,100,120,1,5,low,low,RISK,1
1,1,1,0,Bonus,2793,Yes,Owns,9,9,1,10,1,TELE-MEDICINE,IN-NETWORK,CO-PAY IN $,120,100,60,0,120,1,5,low,low,RISK,1
1,0,1,0,Salaried,1366,No,Owns,7,4,5,10,1,TELE-MEDICINE,IN-NETWORK,CO-PAY IN $,60,120,0,100,120,1,5,low,low,RISK,1
0,1,1,1,Salaried,3990,No,Rents,6,1,2,10,1,TELE-MEDICINE,IN-NETWORK,CO-PAY IN $,100,120,60,0,120,1,5,low,low,RISK,1
0,0,0,0,Salaried,1625,No,Owns,8,6,5,10,1,TELE-MEDICINE,IN-NETWORK,CO-PAY IN $,100,120,60,0,120,1,5,low,low,RISK,1
1,1,0,0,Hourly,1178,No,Owns,0,1,13,10,1,TELE-MEDICINE,IN-NETWORK,CO-PAY IN $,100,120,0,60,120,1,5,low,low,RISK,1
0,0,0,0,Hourly,2665,No,Rents,2,3,4,10,1,TELE-MEDICINE,IN-NETWORK,CO-PAY IN $,100,0,120,60,120,1,5,low,low,RISK,1
1,1,1,0,Hourly,4144,No,Owns,3,2,0,10,1,TELE-MEDICINE,IN-NETWORK,CO-PAY IN $,120,100,0,60,120,1,5,low,low,RISK,1
0,0,1,0,Hourly,2547,Yes,Owns,7,5,12,10,1,TELE-MEDICINE,IN-NETWORK,CO-PAY IN $,0,100,120,60,120,1,5,low,low,RISK,1
1,0,1,0,Hourly,152,Yes,Owns,8,6,13,10,1,TELE-MEDICINE,IN-NETWORK,CO-PAY IN $,120,0,60,100,120,1,5,low,low,RISK,1
0,0,0,0,Bonus,2909,Yes,Rents,3,4,5,10,1,TELE-MEDICINE,IN-NETWORK,CO-PAY IN $,0,60,120,100,120,1,5,low,low,RISK,1
1,1,0,0,Bonus,2404,Yes,Owns,5,4,8,10,1,TELE-MEDICINE,IN-NETWORK,CO-PAY IN $,120,100,60,0,120,1,5,low,low,RISK,1
1,0,1,1,Bonus,144,Yes,Owns,4,9,4,10,1,TELE-MEDICINE,IN-NETWORK,CO-PAY IN $,0,60,100,120,120,1,5,low,low,RISK,1
1,0,1,0,Hourly,2250,No,Owns,4,7,9,10,1,TELE-MEDICINE,IN-NETWORK,CO-PAY IN $,60,100,0,120,120,1,5,low,low,RISK,1
1,0,0,0,Hourly,4826,No,Owns,4,5,23,10,1,TELE-MEDICINE,IN-NETWORK,CO-PAY IN $,120,60,0,100,120,1,5,low,low,RISK,1
0,1,0,0,Hourly,3429,No,Rents,8,8,6,10,1,TELE-MEDICINE,IN-NETWORK,CO-PAY IN $,0,100,120,60,120,1,5,low,low,RISK,1
0,1,0,0,Hourly,1596,Yes,Owns,5,2,1,10,1,TELE-MEDICINE,IN-NETWORK,CO-PAY IN $,100,120,60,0,120,1,5,low,low,RISK,1
1,1,1,0,Salaried,83,Yes,Owns,2,10,2,10,1,TELE-MEDICINE,IN-NETWORK,CO-PAY IN $,60,100,120,0,120,1,5,low,low,RISK,1
1,1,0,1,Salaried,3601,No,Owns,1,4,3,10,1,TELE-MEDICINE,IN-NETWORK,CO-PAY IN $,120,100,0,60,120,1,5,low,low,RISK,1
0,0,0,1,Bonus,861,No,Owns,8,2,25,10,1,TELE-MEDICINE,IN-NETWORK,CO-PAY IN $,120,60,0,100,120,1,5,low,low,RISK,1
0,1,1,1,Salaried,2240,Yes,Rents,8,10,10,10,1,TELE-MEDICINE,IN-NETWORK,CO-PAY IN $,120,0,60,100,120,1,5,low,low,RISK,1
0,0,0,0,Hourly,2384,No,Rents,1,7,6,10,1,TELE-MEDICINE,IN-NETWORK,CO-PAY IN $,60,120,100,0,120,1,5,low,low,RISK,1
0,0,0,0,Bonus,2363,Yes,Rents,6,5,5,10,1,TELE-MEDICINE,IN-NETWORK,CO-PAY IN $,100,0,60,120,120,1,5,low,low,RISK,1
0,0,1,0,Salaried,4539,No,Owns,3,10,8,10,1,TELE-MEDICINE,IN-NETWORK,CO-PAY IN $,60,120,0,100,120,1,5,low,low,RISK,1
0,0,0,0,Bonus,489,No,Rents,3,0,4,10,1,TELE-MEDICINE,IN-NETWORK,CO-PAY IN $,100,120,60,0,120,1,5,low,low,RISK,1
0,1,0,1,Bonus,4623,Yes,Owns,2,9,1,10,1,TELE-MEDICINE,IN-NETWORK,CO-PAY IN $,60,120,100,0,120,1,5,low,low,RISK,1
0,0,0,0,Salaried,153,Yes,Owns,0,4,5,10,1,TELE-MEDICINE,IN-NETWORK,CO-PAY IN $,60,0,100,120,120,1,5,low,low,RISK,1
0,1,1,0,Salaried,3954,No,Owns,1,1,2,10,1,TELE-MEDICINE,IN-NETWORK,CO-PAY IN $,0,100,60,120,120,1,5,low,low,RISK,1
0,0,0,0,Salaried,4742,No,Rents,0,6,5,10,1,TELE-MEDICINE,IN-NETWORK,CO-PAY IN $,60,100,0,120,120,1,5,low,low,RISK,1
0,0,0,0,Hourly,3289,No,Rents,8,1,13,10,1,TELE-MEDICINE,IN-NETWORK,CO-PAY IN $,120,100,0,60,120,1,5,low,low,RISK,1
0,0,0,0,Bonus,3409,Yes,Rents,6,3,4,10,1,TELE-MEDICINE,IN-NETWORK,CO-PAY IN $,0,100,60,120,120,1,5,low,low,RISK,1
0,0,1,0,Bonus,3179,No,Rents,2,2,0,10,1,TELE-MEDICINE,IN-NETWORK,CO-PAY IN $,60,100,120,0,120,1,5,low,low,RISK,1
0,0,0,0,Bonus,4271,No,Rents,3,5,12,10,1,TELE-MEDICINE,IN-NETWORK,CO-PAY IN $,60,120,100,0,120,1,5,low,low,RISK,1
0,0,0,0,Hourly,4605,Yes,Rents,4,6,13,10,1,TELE-MEDICINE,IN-NETWORK,CO-PAY IN $,0,60,120,100,120,1,5,low,low,RISK,1
0,1,1,1,Salaried,3042,Yes,Rents,1,4,5,10,1,TELE-MEDICINE,IN-NETWORK,CO-PAY IN $,60,120,100,0,120,1,5,low,low,RISK,1
0,1,1,0,Hourly,170,No,Rents,9,4,8,10,1,TELE-MEDICINE,IN-NETWORK,CO-PAY IN $,60,100,120,0,120,1,5,low,low,RISK,1
0,0,0,1,Salaried,2062,No,Rents,2,9,4,10,1,TELE-MEDICINE,IN-NETWORK,CO-PAY IN $,60,100,0,120,120,1,5,low,low,RISK,1
1,0,1,1,Bonus,1962,No,Rents,0,7,9,10,1,TELE-MEDICINE,IN-NETWORK,CO-PAY IN $,60,0,120,100,120,1,5,low,low,RISK,1
0,0,0,0,Bonus,1006,No,Owns,5,5,23,10,1,TELE-MEDICINE,IN-NETWORK,CO-PAY IN $,120,100,60,0,120,1,5,low,low,RISK,1
0,1,0,1,Salaried,4555,No,Rents,2,1,9,10,1,TELE-MEDICINE,IN-NETWORK,CO-PAY IN $,60,100,120,0,120,1,5,low,low,RISK,1
1,0,1,0,Bonus,458,No,Rents,4,8,6,10,1,TELE-MEDICINE,IN-NETWORK,CO-PAY IN $,60,120,0,100,120,1,5,low,low,RISK,1
1,0,1,0,Hourly,1593,No,Owns,0,2,1,10,1,TELE-MEDICINE,IN-NETWORK,CO-PAY IN $,120,0,60,100,120,1,5,low,low,RISK,1
0,1,0,0,Hourly,4519,Yes,Owns,4,10,2,10,1,TELE-MEDICINE,IN-NETWORK,CO-PAY IN $,0,100,60,120,120,1,5,low,low,RISK,1
0,1,0,0,Bonus,2639,No,Rents,0,4,3,10,1,TELE-MEDICINE,IN-NETWORK,CO-PAY IN $,0,60,120,100,120,1,5,low,low,RISK,1
0,0,1,0,Hourly,2563,Yes,Rents,8,2,25,10,1,TELE-MEDICINE,IN-NETWORK,CO-PAY IN $,120,100,0,60,120,1,5,low,low,RISK,1
0,0,1,1,Bonus,2810,Yes,Owns,8,10,10,10,1,TELE-MEDICINE,IN-NETWORK,CO-PAY IN $,60,120,100,0,120,1,5,low,low,RISK,1
0,0,0,1,Hourly,2954,Yes,Owns,10,7,6,10,1,TELE-MEDICINE,IN-NETWORK,CO-PAY IN $,100,60,120,0,120,1,5,low,low,RISK,1
0,0,1,0,Hourly,2299,Yes,Owns,6,5,5,10,1,TELE-MEDICINE,IN-NETWORK,CO-PAY IN $,60,100,120,0,120,1,5,low,low,RISK,1
0,0,1,1,Hourly,1155,No,Rents,1,10,8,10,1,TELE-MEDICINE,IN-NETWORK,CO-PAY IN $,120,100,60,0,120,1,5,low,low,RISK,1
1,0,1,0,Bonus,1856,Yes,Rents,7,0,4,10,1,TELE-MEDICINE,IN-NETWORK,CO-PAY IN $,0,120,60,100,120,1,5,low,low,RISK,1
1,1,0,0,Salaried,3352,Yes,Rents,1,9,1,10,1,TELE-MEDICINE,IN-NETWORK,CO-PAY IN $,0,120,60,100,120,1,5,low,low,RISK,1
1,0,0,0,Hourly,3735,Yes,Owns,8,4,5,10,1,TELE-MEDICINE,IN-NETWORK,CO-PAY IN $,60,120,0,100,120,1,5,low,low,RISK,1
1,0,0,1,Salaried,1125,Yes,Rents,1,1,2,10,1,TELE-MEDICINE,IN-NETWORK,CO-PAY IN $,120,100,60,0,120,1,5,low,low,RISK,1
1,0,1,0,Bonus,4695,No,Owns,0,6,5,10,1,TELE-MEDICINE,IN-NETWORK,CO-PAY IN $,100,120,0,60,120,1,5,low,low,RISK,1
0,0,0,1,Salaried,1210,No,Rents,9,1,13,10,1,TELE-MEDICINE,IN-NETWORK,CO-PAY IN $,60,120,0,100,120,1,5,low,low,RISK,1
1,1,1,0,Bonus,3149,No,Owns,1,3,4,10,1,TELE-MEDICINE,IN-NETWORK,CO-PAY IN $,60,120,100,0,120,1,5,low,low,RISK,1
1,0,0,0,Bonus,3757,No,Rents,1,2,0,10,1,TELE-MEDICINE,IN-NETWORK,CO-PAY IN $,120,100,60,0,120,1,5,low,low,RISK,1
1,0,1,1,Salaried,4038,Yes,Rents,5,5,12,10,1,TELE-MEDICINE,IN-NETWORK,CO-PAY IN $,100,60,120,0,120,1,5,low,low,RISK,1
0,0,0,1,Bonus,381,No,Owns,2,6,13,10,1,TELE-MEDICINE,IN-NETWORK,CO-PAY IN $,0,60,120,100,120,1,5,low,low,RISK,1
0,0,0,0,Hourly,2879,Yes,Rents,9,4,5,10,1,TELE-MEDICINE,IN-NETWORK,CO-PAY IN $,60,120,100,0,120,1,5,low,low,RISK,1
0,1,0,0,Hourly,2246,No,Owns,9,4,8,10,1,TELE-MEDICINE,IN-NETWORK,CO-PAY IN $,120,100,0,60,120,1,5,low,low,RISK,1
0,1,0,0,Hourly,3337,No,Rents,1,9,4,10,1,TELE-MEDICINE,IN-NETWORK,CO-PAY IN $,120,60,100,0,120,1,5,low,low,RISK,1
1,0,0,0,Hourly,874,No,Owns,9,7,9,10,1,TELE-MEDICINE,IN-NETWORK,CO-PAY IN $,60,0,120,100,120,1,5,low,low,RISK,1
0,1,0,0,Hourly,4470,Yes,Owns,0,5,23,10,1,TELE-MEDICINE,IN-NETWORK,CO-PAY IN $,60,0,100,120,120,1,5,low,low,RISK,1
1,0,1,0,Hourly,3252,Yes,Owns,4,1,9,10,1,TELE-MEDICINE,IN-NETWORK,CO-PAY IN $,0,100,120,60,120,1,5,low,low,RISK,1
0,1,0,0,Hourly,176,Yes,Rents,3,8,6,10,1,TELE-MEDICINE,IN-NETWORK,CO-PAY IN $,100,0,120,60,120,1,5,low,low,RISK,1
0,0,1,0,Hourly,3681,Yes,Owns,1,2,1,10,1,TELE-MEDICINE,IN-NETWORK,CO-PAY IN $,60,0,120,100,120,1,5,low,low,RISK,1
0,1,1,1,Hourly,1019,Yes,Owns,8,10,2,10,1,TELE-MEDICINE,IN-NETWORK,CO-PAY IN $,100,60,120,0,120,1,5,low,low,RISK,1
0,1,1,0,Salaried,1012,Yes,Owns,8,2,25,10,1,TELE-MEDICINE,IN-NETWORK,CO-PAY IN $,100,0,60,120,120,1,5,low,low,RISK,1
0,0,0,0,Bonus,1248,Yes,Rents,1,10,10,10,1,TELE-MEDICINE,IN-NETWORK,CO-PAY IN $,120,60,0,100,120,1,5,low,low,RISK,1
0,0,0,0,Salaried,1214,No,Owns,1,7,6,10,1,TELE-MEDICINE,IN-NETWORK,CO-PAY IN $,100,0,60,120,120,1,5,low,low,RISK,1
1,0,0,0,Salaried,2852,Yes,Rents,1,5,5,10,1,TELE-MEDICINE,IN-NETWORK,CO-PAY IN $,60,100,120,0,120,1,5,low,low,RISK,1
0,0,0,0,Bonus,1440,Yes,Owns,4,10,8,10,1,TELE-MEDICINE,IN-NETWORK,CO-PAY IN $,0,60,120,100,120,1,5,low,low,RISK,1
1,0,1,0,Bonus,2951,No,Owns,4,0,4,10,1,TELE-MEDICINE,IN-NETWORK,CO-PAY IN $,100,120,0,60,120,1,5,low,low,RISK,1
2,1,0,2,Salaried,4377,No,Rents,10,19,27,10,2,TELE-MEDICINE,IN-NETWORK,CO-PAY IN $,0,120,100,60,120,1,10,low,low,RISK,1
0,1,1,0,Salaried,1919,No,Owns,10,15,31,10,2,TELE-MEDICINE,IN-NETWORK,CO-PAY IN $,0,120,100,60,120,1,10,low,low,RISK,1
1,1,0,0,Salaried,4671,Yes,Rents,15,12,28,10,2,TELE-MEDICINE,IN-NETWORK,CO-PAY IN $,60,0,100,120,120,1,10,low,low,RISK,1
2,1,0,0,Bonus,1139,No,Owns,13,16,31,10,2,TELE-MEDICINE,IN-NETWORK,CO-PAY IN $,60,100,120,0,120,1,10,low,low,RISK,1
1,1,2,1,Bonus,3085,No,Rents,9,12,39,10,2,TELE-MEDICINE,IN-NETWORK,CO-PAY IN $,100,60,0,120,120,1,10,low,low,RISK,1
0,1,2,0,Salaried,912,Yes,Rents,16,14,30,10,2,TELE-MEDICINE,IN-NETWORK,CO-PAY IN $,100,0,120,60,120,1,10,low,low,RISK,1
1,0,2,1,Hourly,3561,Yes,Owns,12,13,26,10,2,TELE-MEDICINE,IN-NETWORK,CO-PAY IN $,100,0,60,120,120,1,10,low,low,RISK,1
1,2,0,0,Hourly,4350,No,Rents,7,16,37,10,2,TELE-MEDICINE,IN-NETWORK,CO-PAY IN $,100,0,120,60,120,1,10,low,low,RISK,1
2,2,1,2,Salaried,3664,No,Owns,7,16,39,10,2,TELE-MEDICINE,IN-NETWORK,CO-PAY IN $,100,0,120,60,120,1,10,low,low,RISK,1
0,0,0,1,Bonus,1972,Yes,Owns,17,14,30,10,2,TELE-MEDICINE,IN-NETWORK,CO-PAY IN $,60,0,100,120,120,1,10,low,low,RISK,1
1,0,2,2,Salaried,1235,Yes,Rents,14,14,34,10,2,TELE-MEDICINE,IN-NETWORK,CO-PAY IN $,0,120,60,100,120,1,10,low,low,RISK,1
0,2,0,1,Bonus,2294,Yes,Owns,10,19,30,10,2,TELE-MEDICINE,IN-NETWORK,CO-PAY IN $,120,60,0,100,120,1,10,low,low,RISK,1
0,1,2,0,Salaried,4592,Yes,Rents,16,17,35,10,2,TELE-MEDICINE,IN-NETWORK,CO-PAY IN $,60,120,100,0,120,1,10,low,low,RISK,1
0,0,1,1,Hourly,2183,Yes,Owns,6,15,48,10,2,TELE-MEDICINE,IN-NETWORK,CO-PAY IN $,100,0,60,120,120,1,10,low,low,RISK,1
1,1,2,1,Salaried,1622,Yes,Rents,8,12,35,10,2,TELE-MEDICINE,IN-NETWORK,CO-PAY IN $,60,100,0,120,120,1,10,low,low,RISK,1
1,2,1,2,Salaried,4259,Yes,Rents,6,18,32,10,2,TELE-MEDICINE,IN-NETWORK,CO-PAY IN $,100,0,120,60,120,1,10,low,low,RISK,1
2,1,1,2,Salaried,4138,No,Owns,17,13,27,10,2,TELE-MEDICINE,IN-NETWORK,CO-PAY IN $,100,60,0,120,120,1,10,low,low,RISK,1
2,0,1,2,Bonus,2742,No,Owns,17,20,28,10,2,TELE-MEDICINE,IN-NETWORK,CO-PAY IN $,120,0,100,60,120,1,10,low,low,RISK,1
1,1,0,2,Bonus,4027,Yes,Rents,8,14,29,10,2,TELE-MEDICINE,IN-NETWORK,CO-PAY IN $,60,0,120,100,120,1,10,low,low,RISK,1
1,1,0,0,Bonus,3643,No,Rents,16,13,50,10,2,TELE-MEDICINE,IN-NETWORK,CO-PAY IN $,0,60,120,100,120,1,10,low,low,RISK,1
1,0,2,0,Salaried,1855,No,Rents,17,20,35,10,2,TELE-MEDICINE,IN-NETWORK,CO-PAY IN $,120,0,60,100,120,1,10,low,low,RISK,1
1,2,0,1,Bonus,4199,No,Owns,14,17,32,10,2,TELE-MEDICINE,IN-NETWORK,CO-PAY IN $,120,0,100,60,120,1,10,low,low,RISK,1
0,2,1,0,Salaried,358,No,Rents,12,16,31,10,2,TELE-MEDICINE,IN-NETWORK,CO-PAY IN $,0,120,100,60,120,1,10,low,low,RISK,1
1,1,1,1,Salaried,2175,No,Owns,16,20,34,10,2,TELE-MEDICINE,IN-NETWORK,CO-PAY IN $,100,120,0,60,120,1,10,low,low,RISK,1
1,1,0,0,Bonus,2804,No,Owns,11,11,30,10,2,TELE-MEDICINE,IN-NETWORK,CO-PAY IN $,120,100,0,60,120,1,10,low,low,RISK,1
2,0,2,0,Salaried,1366,No,Owns,14,15,31,10,2,TELE-MEDICINE,IN-NETWORK,CO-PAY IN $,60,100,120,0,120,1,10,low,low,RISK,1
0,1,1,2,Salaried,3990,No,Rents,13,12,28,10,2,TELE-MEDICINE,IN-NETWORK,CO-PAY IN $,120,0,100,60,120,1,10,low,low,RISK,1
0,1,1,0,Salaried,1625,No,Owns,16,16,31,10,2,TELE-MEDICINE,IN-NETWORK,CO-PAY IN $,60,120,0,100,120,1,10,low,low,RISK,1
1,2,0,0,Hourly,1178,No,Owns,5,12,39,10,2,TELE-MEDICINE,IN-NETWORK,CO-PAY IN $,120,0,60,100,120,1,10,low,low,RISK,1
1,1,0,0,Hourly,2665,No,Rents,8,14,30,10,2,TELE-MEDICINE,IN-NETWORK,CO-PAY IN $,100,120,0,60,120,1,10,low,low,RISK,1
1,1,2,0,Hourly,4144,No,Owns,9,13,26,10,2,TELE-MEDICINE,IN-NETWORK,CO-PAY IN $,120,100,60,0,120,1,10,low,low,RISK,1
1,1,2,0,Hourly,2547,Yes,Owns,14,16,37,10,2,TELE-MEDICINE,IN-NETWORK,CO-PAY IN $,0,100,120,60,120,1,10,low,low,RISK,1
1,1,1,0,Hourly,152,Yes,Owns,15,16,39,10,2,TELE-MEDICINE,IN-NETWORK,CO-PAY IN $,0,60,100,120,120,1,10,low,low,RISK,1
0,0,0,0,Bonus,2909,Yes,Rents,9,14,30,10,2,TELE-MEDICINE,IN-NETWORK,CO-PAY IN $,0,120,100,60,120,1,10,low,low,RISK,1
2,2,1,1,Bonus,2404,Yes,Owns,11,14,34,10,2,TELE-MEDICINE,IN-NETWORK,CO-PAY IN $,120,100,0,60,120,1,10,low,low,RISK,1
2,0,1,2,Bonus,144,Yes,Owns,10,19,30,10,2,TELE-MEDICINE,IN-NETWORK,CO-PAY IN $,0,100,120,60,120,1,10,low,low,RISK,1
2,0,1,0,Hourly,2250,No,Owns,11,17,35,10,2,TELE-MEDICINE,IN-NETWORK,CO-PAY IN $,60,100,0,120,120,1,10,low,low,RISK,1
2,0,0,0,Hourly,4826,No,Owns,10,15,48,10,2,TELE-MEDICINE,IN-NETWORK,CO-PAY IN $,0,60,120,100,120,1,10,low,low,RISK,1
1,1,0,0,Salaried,792,No,Owns,12,12,35,10,2,TELE-MEDICINE,IN-NETWORK,CO-PAY IN $,100,120,60,0,120,1,10,low,low,RISK,1
0,2,0,1,Hourly,3429,No,Rents,15,18,32,10,2,TELE-MEDICINE,IN-NETWORK,CO-PAY IN $,60,0,100,120,120,1,10,low,low,RISK,1
0,2,0,1,Hourly,1596,Yes,Owns,11,13,27,10,2,TELE-MEDICINE,IN-NETWORK,CO-PAY IN $,120,0,100,60,120,1,10,low,low,RISK,1
1,1,2,0,Salaried,83,Yes,Owns,7,20,28,10,2,TELE-MEDICINE,IN-NETWORK,CO-PAY IN $,60,120,100,0,120,1,10,low,low,RISK,1
1,2,0,2,Salaried,3601,No,Owns,6,14,29,10,2,TELE-MEDICINE,IN-NETWORK,CO-PAY IN $,100,120,60,0,120,1,10,low,low,RISK,1
1,1,0,1,Bonus,861,No,Owns,15,13,50,10,2,TELE-MEDICINE,IN-NETWORK,CO-PAY IN $,0,120,100,60,120,1,10,low,low,RISK,1
0,2,2,2,Salaried,2240,Yes,Rents,15,20,35,10,2,TELE-MEDICINE,IN-NETWORK,CO-PAY IN $,100,60,120,0,120,1,10,low,low,RISK,1
1,0,0,0,Hourly,2384,No,Rents,6,17,32,10,2,TELE-MEDICINE,IN-NETWORK,CO-PAY IN $,0,120,100,60,120,1,10,low,low,RISK,1
0,0,0,0,Bonus,2363,Yes,Rents,12,16,31,10,2,TELE-MEDICINE,IN-NETWORK,CO-PAY IN $,60,100,0,120,120,1,10,low,low,RISK,1
1,1,2,0,Salaried,4539,No,Owns,10,20,34,10,2,TELE-MEDICINE,IN-NETWORK,CO-PAY IN $,100,60,0,120,120,1,10,low,low,RISK,1
1,1,0,0,Bonus,489,No,Rents,9,11,30,10,2,TELE-MEDICINE,IN-NETWORK,CO-PAY IN $,120,60,100,0,120,1,10,low,low,RISK,1
1,2,0,2,Bonus,4623,Yes,Owns,7,19,27,10,2,TELE-MEDICINE,IN-NETWORK,CO-PAY IN $,100,0,60,120,120,1,10,low,low,RISK,1
1,0,0,0,Salaried,153,Yes,Owns,5,15,31,10,2,TELE-MEDICINE,IN-NETWORK,CO-PAY IN $,120,100,0,60,120,1,10,low,low,RISK,1
0,2,2,1,Salaried,3954,No,Owns,6,12,28,10,2,TELE-MEDICINE,IN-NETWORK,CO-PAY IN $,60,120,100,0,120,1,10,low,low,RISK,1
0,1,0,0,Salaried,4742,No,Rents,5,16,31,10,2,TELE-MEDICINE,IN-NETWORK,CO-PAY IN $,60,100,120,0,120,1,10,low,low,RISK,1
0,0,0,1,Hourly,3289,No,Rents,15,12,39,10,2,TELE-MEDICINE,IN-NETWORK,CO-PAY IN $,120,100,60,0,120,1,10,low,low,RISK,1
0,0,1,1,Bonus,3409,Yes,Rents,13,14,30,10,2,TELE-MEDICINE,IN-NETWORK,CO-PAY IN $,100,0,60,120,120,1,10,low,low,RISK,1
0,0,2,1,Bonus,3179,No,Rents,8,13,26,10,2,TELE-MEDICINE,IN-NETWORK,CO-PAY IN $,100,0,120,60,120,1,10,low,low,RISK,1
0,0,0,1,Bonus,4271,No,Rents,9,16,37,10,2,TELE-MEDICINE,IN-NETWORK,CO-PAY IN $,60,120,0,100,120,1,10,low,low,RISK,1
0,0,0,0,Hourly,4605,Yes,Rents,10,16,39,10,2,TELE-MEDICINE,IN-NETWORK,CO-PAY IN $,0,60,120,100,120,1,10,low,low,RISK,1
0,2,2,2,Salaried,3042,Yes,Rents,6,14,30,10,2,TELE-MEDICINE,IN-NETWORK,CO-PAY IN $,0,60,120,100,120,1,10,low,low,RISK,1
0,2,2,0,Hourly,170,No,Rents,16,14,34,10,2,TELE-MEDICINE,IN-NETWORK,CO-PAY IN $,60,0,120,100,120,1,10,low,low,RISK,1
0,1,0,2,Salaried,2062,No,Rents,7,19,30,10,2,TELE-MEDICINE,IN-NETWORK,CO-PAY IN $,60,120,0,100,120,1,10,low,low,RISK,1
1,1,2,2,Bonus,1962,No,Rents,5,17,35,10,2,TELE-MEDICINE,IN-NETWORK,CO-PAY IN $,60,0,120,100,120,1,10,low,low,RISK,1
0,0,0,0,Bonus,1006,No,Owns,11,15,48,10,2,TELE-MEDICINE,IN-NETWORK,CO-PAY IN $,100,120,60,0,120,1,10,low,low,RISK,1
0,2,1,2,Salaried,4555,No,Rents,8,12,35,10,2,TELE-MEDICINE,IN-NETWORK,CO-PAY IN $,0,120,100,60,120,1,10,low,low,RISK,1
2,1,1,0,Bonus,458,No,Rents,10,18,32,10,2,TELE-MEDICINE,IN-NETWORK,CO-PAY IN $,0,120,60,100,120,1,10,low,low,RISK,1
2,0,2,1,Hourly,1593,No,Owns,5,13,27,10,2,TELE-MEDICINE,IN-NETWORK,CO-PAY IN $,60,120,0,100,120,1,10,low,low,RISK,1
0,2,0,1,Hourly,4519,Yes,Owns,11,20,28,10,2,TELE-MEDICINE,IN-NETWORK,CO-PAY IN $,100,120,0,60,120,1,10,low,low,RISK,1
0,1,0,0,Bonus,2639,No,Rents,5,14,29,10,2,TELE-MEDICINE,IN-NETWORK,CO-PAY IN $,0,100,60,120,120,1,10,low,low,RISK,1
0,0,2,1,Hourly,2563,Yes,Rents,15,13,50,10,2,TELE-MEDICINE,IN-NETWORK,CO-PAY IN $,0,60,100,120,120,1,10,low,low,RISK,1
0,1,2,1,Bonus,2810,Yes,Owns,15,20,35,10,2,TELE-MEDICINE,IN-NETWORK,CO-PAY IN $,100,0,60,120,120,1,10,low,low,RISK,1
1,1,0,1,Hourly,2954,Yes,Owns,18,17,32,10,2,TELE-MEDICINE,IN-NETWORK,CO-PAY IN $,100,0,60,120,120,1,10,low,low,RISK,1
1,0,2,0,Hourly,2299,Yes,Owns,13,16,31,10,2,TELE-MEDICINE,IN-NETWORK,CO-PAY IN $,100,0,120,60,120,1,10,low,low,RISK,1
0,0,1,2,Hourly,1155,No,Rents,6,20,34,10,2,TELE-MEDICINE,IN-NETWORK,CO-PAY IN $,120,0,100,60,120,1,10,low,low,RISK,1
1,0,2,0,Bonus,1856,Yes,Rents,14,11,30,10,2,TELE-MEDICINE,IN-NETWORK,CO-PAY IN $,60,100,120,0,120,1,10,low,low,RISK,1
2,1,1,0,Salaried,3352,Yes,Rents,6,19,27,10,2,TELE-MEDICINE,IN-NETWORK,CO-PAY IN $,60,120,100,0,120,1,10,low,low,RISK,1
2,0,0,1,Hourly,3735,Yes,Owns,15,15,31,10,2,TELE-MEDICINE,IN-NETWORK,CO-PAY IN $,60,100,120,0,120,1,10,low,low,RISK,1
2,1,0,2,Salaried,1125,Yes,Rents,6,12,28,10,2,TELE-MEDICINE,IN-NETWORK,CO-PAY IN $,100,60,120,0,120,1,10,low,low,RISK,1
2,0,1,0,Bonus,4695,No,Owns,5,16,31,10,2,TELE-MEDICINE,IN-NETWORK,CO-PAY IN $,100,0,120,60,120,1,10,low,low,RISK,1
1,1,1,1,Salaried,1210,No,Rents,17,12,39,10,2,TELE-MEDICINE,IN-NETWORK,CO-PAY IN $,100,60,120,0,120,1,10,low,low,RISK,1
1,2,1,0,Bonus,3149,No,Owns,6,14,30,10,2,TELE-MEDICINE,IN-NETWORK,CO-PAY IN $,60,120,100,0,120,1,10,low,low,RISK,1
1,1,1,1,Bonus,3757,No,Rents,6,13,26,10,2,TELE-MEDICINE,IN-NETWORK,CO-PAY IN $,100,120,60,0,120,1,10,low,low,RISK,1
1,0,2,1,Salaried,4038,Yes,Rents,12,16,37,10,2,TELE-MEDICINE,IN-NETWORK,CO-PAY IN $,120,60,0,100,120,1,10,low,low,RISK,1
0,0,0,2,Bonus,381,No,Owns,8,16,39,10,2,TELE-MEDICINE,IN-NETWORK,CO-PAY IN $,100,60,120,0,120,1,10,low,low,RISK,1
0,0,1,1,Hourly,2879,Yes,Rents,16,14,30,10,2,TELE-MEDICINE,IN-NETWORK,CO-PAY IN $,100,120,60,0,120,1,10,low,low,RISK,1
1,2,0,0,Hourly,2246,No,Owns,17,14,34,10,2,TELE-MEDICINE,IN-NETWORK,CO-PAY IN $,0,120,60,100,120,1,10,low,low,RISK,1
0,2,1,0,Hourly,3337,No,Rents,7,19,30,10,2,TELE-MEDICINE,IN-NETWORK,CO-PAY IN $,120,60,0,100,120,1,10,low,low,RISK,1
1,1,1,1,Hourly,874,No,Owns,17,17,35,10,2,TELE-MEDICINE,IN-NETWORK,CO-PAY IN $,60,120,0,100,120,1,10,low,low,RISK,1
0,1,0,0,Hourly,4470,Yes,Owns,6,15,48,10,2,TELE-MEDICINE,IN-NETWORK,CO-PAY IN $,0,100,120,60,120,1,10,low,low,RISK,1
2,0,1,1,Hourly,3252,Yes,Owns,10,12,35,10,2,TELE-MEDICINE,IN-NETWORK,CO-PAY IN $,120,100,60,0,120,1,10,low,low,RISK,1
0,2,0,1,Hourly,176,Yes,Rents,9,18,32,10,2,TELE-MEDICINE,IN-NETWORK,CO-PAY IN $,60,120,100,0,120,1,10,low,low,RISK,1
1,0,2,0,Hourly,3681,Yes,Owns,6,13,27,10,2,TELE-MEDICINE,IN-NETWORK,CO-PAY IN $,60,100,120,0,120,1,10,low,low,RISK,1
1,2,1,2,Hourly,1019,Yes,Owns,15,20,28,10,2,TELE-MEDICINE,IN-NETWORK,CO-PAY IN $,60,0,100,120,120,1,10,low,low,RISK,1
1,2,1,1,Bonus,4493,Yes,Owns,18,14,29,10,2,TELE-MEDICINE,IN-NETWORK,CO-PAY IN $,100,60,0,120,120,1,10,low,low,RISK,1
1,2,2,0,Salaried,1012,Yes,Owns,15,13,50,10,2,TELE-MEDICINE,IN-NETWORK,CO-PAY IN $,100,60,0,120,120,1,10,low,low,RISK,1
0,0,1,1,Bonus,1248,Yes,Rents,7,20,35,10,2,TELE-MEDICINE,IN-NETWORK,CO-PAY IN $,100,60,0,120,120,1,10,low,low,RISK,1
0,0,1,0,Salaried,1214,No,Owns,6,17,32,10,2,TELE-MEDICINE,IN-NETWORK,CO-PAY IN $,0,100,120,60,120,1,10,low,low,RISK,1
1,0,1,0,Salaried,2852,Yes,Rents,6,16,31,10,2,TELE-MEDICINE,IN-NETWORK,CO-PAY IN $,100,60,0,120,120,1,10,low,low,RISK,1
1,0,0,0,Bonus,1440,Yes,Owns,10,20,34,10,2,TELE-MEDICINE,IN-NETWORK,CO-PAY IN $,100,0,60,120,120,1,10,low,low,RISK,1
1,0,1,0,Bonus,2951,No,Owns,11,11,30,10,2,TELE-MEDICINE,IN-NETWORK,CO-PAY IN $,60,0,100,120,120,1,10,low,low,RISK,1
3,2,1,3,Salaried,4377,No,Rents,24,48,52,10,3,TELE-MEDICINE,IN-NETWORK,CO-PAY IN $,100,120,0,60,100,2,20,low,low,RISK,1
1,1,2,1,Salaried,1919,No,Owns,25,33,56,10,3,TELE-MEDICINE,IN-NETWORK,CO-PAY IN $,60,120,0,100,100,2,20,low,low,RISK,1
2,2,1,1,Salaried,4671,Yes,Rents,33,23,53,10,3,TELE-MEDICINE,IN-NETWORK,CO-PAY IN $,120,0,60,100,100,2,20,low,low,RISK,1
3,2,1,1,Bonus,1139,No,Owns,29,38,56,10,3,TELE-MEDICINE,IN-NETWORK,CO-PAY IN $,120,0,60,100,100,2,20,low,low,RISK,1
1,2,3,2,Bonus,3085,No,Rents,23,24,64,10,3,TELE-MEDICINE,IN-NETWORK,CO-PAY IN $,100,0,60,120,100,2,20,low,low,RISK,1
1,2,3,1,Salaried,912,Yes,Rents,37,29,55,10,3,TELE-MEDICINE,IN-NETWORK,CO-PAY IN $,60,100,0,120,100,2,20,low,low,RISK,1
2,1,3,2,Hourly,3561,Yes,Owns,28,26,51,10,3,TELE-MEDICINE,IN-NETWORK,CO-PAY IN $,60,100,0,120,100,2,20,low,low,RISK,1
2,3,1,1,Hourly,4350,No,Rents,19,36,62,10,3,TELE-MEDICINE,IN-NETWORK,CO-PAY IN $,0,60,120,100,100,2,20,low,low,RISK,1
3,3,2,3,Salaried,3664,No,Owns,18,38,64,10,3,TELE-MEDICINE,IN-NETWORK,CO-PAY IN $,100,60,0,120,100,2,20,low,low,RISK,1
1,1,1,1,Bonus,1972,Yes,Owns,38,31,55,10,3,TELE-MEDICINE,IN-NETWORK,CO-PAY IN $,120,100,0,60,100,2,20,low,low,RISK,1
1,1,3,3,Salaried,1235,Yes,Rents,32,31,59,10,3,TELE-MEDICINE,IN-NETWORK,CO-PAY IN $,120,0,60,100,100,2,20,low,low,RISK,1
1,3,1,2,Bonus,2294,Yes,Owns,25,47,55,10,3,TELE-MEDICINE,IN-NETWORK,CO-PAY IN $,120,60,100,0,100,2,20,low,low,RISK,1
1,2,3,1,Salaried,4592,Yes,Rents,37,41,60,10,3,TELE-MEDICINE,IN-NETWORK,CO-PAY IN $,120,100,0,60,100,2,20,low,low,RISK,1
1,1,1,2,Hourly,2183,Yes,Owns,16,35,73,10,3,TELE-MEDICINE,IN-NETWORK,CO-PAY IN $,120,0,60,100,100,2,20,low,low,RISK,1
2,2,3,2,Salaried,1622,Yes,Rents,21,24,60,10,3,TELE-MEDICINE,IN-NETWORK,CO-PAY IN $,0,60,120,100,100,2,20,low,low,RISK,1
2,3,1,3,Salaried,4259,Yes,Rents,17,43,57,10,3,TELE-MEDICINE,IN-NETWORK,CO-PAY IN $,60,120,0,100,100,2,20,low,low,RISK,1
3,2,2,3,Salaried,4138,No,Owns,37,25,52,10,3,TELE-MEDICINE,IN-NETWORK,CO-PAY IN $,120,100,60,0,100,2,20,low,low,RISK,1
3,1,2,3,Bonus,2742,No,Owns,39,50,53,10,3,TELE-MEDICINE,IN-NETWORK,CO-PAY IN $,120,60,100,0,100,2,20,low,low,RISK,1
1,1,1,3,Bonus,4027,Yes,Rents,21,31,54,10,3,TELE-MEDICINE,IN-NETWORK,CO-PAY IN $,0,120,60,100,100,2,20,low,low,RISK,1
2,2,1,1,Bonus,3643,No,Rents,35,26,75,10,3,TELE-MEDICINE,IN-NETWORK,CO-PAY IN $,60,120,0,100,100,2,20,low,low,RISK,1
2,1,3,1,Salaried,1855,No,Rents,39,49,60,10,3,TELE-MEDICINE,IN-NETWORK,CO-PAY IN $,100,60,120,0,100,2,20,low,low,RISK,1
1,3,1,1,Bonus,4199,No,Owns,33,40,57,10,3,TELE-MEDICINE,IN-NETWORK,CO-PAY IN $,60,120,100,0,100,2,20,low,low,RISK,1
1,3,2,1,Salaried,358,No,Rents,28,36,56,10,3,TELE-MEDICINE,IN-NETWORK,CO-PAY IN $,120,0,60,100,100,2,20,low,low,RISK,1
2,2,2,1,Salaried,2175,No,Owns,35,49,59,10,3,TELE-MEDICINE,IN-NETWORK,CO-PAY IN $,0,120,100,60,100,2,20,low,low,RISK,1
2,2,1,1,Bonus,2804,No,Owns,26,20,55,10,3,TELE-MEDICINE,IN-NETWORK,CO-PAY IN $,100,120,60,0,100,2,20,low,low,RISK,1
3,3,3,2,Bonus,2793,Yes,Owns,39,48,52,10,3,TELE-MEDICINE,IN-NETWORK,CO-PAY IN $,60,100,120,0,100,2,20,low,low,RISK,1
3,1,3,1,Salaried,1366,No,Owns,32,33,56,10,3,TELE-MEDICINE,IN-NETWORK,CO-PAY IN $,0,120,60,100,100,2,20,low,low,RISK,1
1,2,2,3,Salaried,3990,No,Rents,30,23,53,10,3,TELE-MEDICINE,IN-NETWORK,CO-PAY IN $,60,120,100,0,100,2,20,low,low,RISK,1
1,2,2,1,Salaried,1625,No,Owns,36,38,56,10,3,TELE-MEDICINE,IN-NETWORK,CO-PAY IN $,120,60,100,0,100,2,20,low,low,RISK,1
2,3,1,1,Hourly,1178,No,Owns,15,24,64,10,3,TELE-MEDICINE,IN-NETWORK,CO-PAY IN $,60,100,0,120,100,2,20,low,low,RISK,1
2,3,3,1,Hourly,4144,No,Owns,23,26,51,10,3,TELE-MEDICINE,IN-NETWORK,CO-PAY IN $,120,60,100,0,100,2,20,low,low,RISK,1
2,2,3,1,Hourly,2547,Yes,Owns,32,36,62,10,3,TELE-MEDICINE,IN-NETWORK,CO-PAY IN $,120,100,0,60,100,2,20,low,low,RISK,1
2,1,2,1,Hourly,152,Yes,Owns,34,38,64,10,3,TELE-MEDICINE,IN-NETWORK,CO-PAY IN $,120,100,60,0,100,2,20,low,low,RISK,1
1,1,1,1,Bonus,2909,Yes,Rents,23,31,55,10,3,TELE-MEDICINE,IN-NETWORK,CO-PAY IN $,0,60,120,100,100,2,20,low,low,RISK,1
3,3,2,2,Bonus,2404,Yes,Owns,27,31,59,10,3,TELE-MEDICINE,IN-NETWORK,CO-PAY IN $,120,60,100,0,100,2,20,low,low,RISK,1
3,1,2,3,Bonus,144,Yes,Owns,24,47,55,10,3,TELE-MEDICINE,IN-NETWORK,CO-PAY IN $,0,100,60,120,100,2,20,low,low,RISK,1
3,1,2,1,Hourly,2250,No,Owns,26,41,60,10,3,TELE-MEDICINE,IN-NETWORK,CO-PAY IN $,60,100,120,0,100,2,20,low,low,RISK,1
3,1,1,1,Hourly,4826,No,Owns,25,35,73,10,3,TELE-MEDICINE,IN-NETWORK,CO-PAY IN $,0,60,100,120,100,2,20,low,low,RISK,1
2,2,1,1,Salaried,792,No,Owns,28,24,60,10,3,TELE-MEDICINE,IN-NETWORK,CO-PAY IN $,0,100,120,60,100,2,20,low,low,RISK,1
1,3,1,2,Hourly,3429,No,Rents,34,43,57,10,3,TELE-MEDICINE,IN-NETWORK,CO-PAY IN $,100,60,0,120,100,2,20,low,low,RISK,1
1,3,1,2,Hourly,1596,Yes,Owns,27,25,52,10,3,TELE-MEDICINE,IN-NETWORK,CO-PAY IN $,120,100,0,60,100,2,20,low,low,RISK,1
2,3,3,1,Salaried,83,Yes,Owns,19,50,53,10,3,TELE-MEDICINE,IN-NETWORK,CO-PAY IN $,60,120,0,100,100,2,20,low,low,RISK,1
2,3,1,3,Salaried,3601,No,Owns,17,31,54,10,3,TELE-MEDICINE,IN-NETWORK,CO-PAY IN $,100,60,0,120,100,2,20,low,low,RISK,1
2,2,1,2,Bonus,861,No,Owns,34,26,75,10,3,TELE-MEDICINE,IN-NETWORK,CO-PAY IN $,100,0,120,60,100,2,20,low,low,RISK,1
1,3,3,3,Salaried,2240,Yes,Rents,35,49,60,10,3,TELE-MEDICINE,IN-NETWORK,CO-PAY IN $,120,0,60,100,100,2,20,low,low,RISK,1
1,1,1,1,Hourly,2384,No,Rents,17,40,57,10,3,TELE-MEDICINE,IN-NETWORK,CO-PAY IN $,100,0,60,120,100,2,20,low,low,RISK,1
1,1,1,1,Bonus,2363,Yes,Rents,29,36,56,10,3,TELE-MEDICINE,IN-NETWORK,CO-PAY IN $,0,100,120,60,100,2,20,low,low,RISK,1
2,1,3,1,Salaried,4539,No,Owns,24,49,59,10,3,TELE-MEDICINE,IN-NETWORK,CO-PAY IN $,60,100,120,0,100,2,20,low,low,RISK,1
2,1,1,1,Bonus,489,No,Rents,23,20,55,10,3,TELE-MEDICINE,IN-NETWORK,CO-PAY IN $,60,100,0,120,100,2,20,low,low,RISK,1
2,3,1,3,Bonus,4623,Yes,Owns,19,48,52,10,3,TELE-MEDICINE,IN-NETWORK,CO-PAY IN $,100,120,0,60,100,2,20,low,low,RISK,1
2,1,1,1,Salaried,153,Yes,Owns,15,33,56,10,3,TELE-MEDICINE,IN-NETWORK,CO-PAY IN $,120,100,60,0,100,2,20,low,low,RISK,1
1,3,3,2,Salaried,3954,No,Owns,17,23,53,10,3,TELE-MEDICINE,IN-NETWORK,CO-PAY IN $,0,120,60,100,100,2,20,low,low,RISK,1
1,2,1,1,Salaried,4742,No,Rents,15,38,56,10,3,TELE-MEDICINE,IN-NETWORK,CO-PAY IN $,100,60,120,0,100,2,20,low,low,RISK,1
1,1,1,2,Hourly,3289,No,Rents,35,24,64,10,3,TELE-MEDICINE,IN-NETWORK,CO-PAY IN $,120,60,0,100,100,2,20,low,low,RISK,1
1,1,2,2,Bonus,3409,Yes,Rents,30,29,55,10,3,TELE-MEDICINE,IN-NETWORK,CO-PAY IN $,120,0,100,60,100,2,20,low,low,RISK,1
1,1,3,2,Bonus,3179,No,Rents,21,26,51,10,3,TELE-MEDICINE,IN-NETWORK,CO-PAY IN $,0,120,60,100,100,2,20,low,low,RISK,1
1,1,1,2,Bonus,4271,No,Rents,22,36,62,10,3,TELE-MEDICINE,IN-NETWORK,CO-PAY IN $,120,60,100,0,100,2,20,low,low,RISK,1
1,1,1,1,Hourly,4605,Yes,Rents,24,38,64,10,3,TELE-MEDICINE,IN-NETWORK,CO-PAY IN $,0,60,100,120,100,2,20,low,low,RISK,1
1,3,3,3,Salaried,3042,Yes,Rents,16,31,55,10,3,TELE-MEDICINE,IN-NETWORK,CO-PAY IN $,100,120,0,60,100,2,20,low,low,RISK,1
1,3,3,1,Hourly,170,No,Rents,37,31,59,10,3,TELE-MEDICINE,IN-NETWORK,CO-PAY IN $,120,100,60,0,100,2,20,low,low,RISK,1
1,1,1,3,Salaried,2062,No,Rents,20,47,55,10,3,TELE-MEDICINE,IN-NETWORK,CO-PAY IN $,120,60,100,0,100,2,20,low,low,RISK,1
2,2,3,3,Bonus,1962,No,Rents,15,41,60,10,3,TELE-MEDICINE,IN-NETWORK,CO-PAY IN $,60,120,100,0,100,2,20,low,low,RISK,1
1,1,1,1,Bonus,1006,No,Owns,27,35,73,10,3,TELE-MEDICINE,IN-NETWORK,CO-PAY IN $,120,60,0,100,100,2,20,low,low,RISK,1
1,3,2,3,Salaried,4555,No,Rents,20,24,60,10,3,TELE-MEDICINE,IN-NETWORK,CO-PAY IN $,60,100,120,0,100,2,20,low,low,RISK,1
3,1,2,1,Bonus,458,No,Rents,25,43,57,10,3,TELE-MEDICINE,IN-NETWORK,CO-PAY IN $,60,0,100,120,100,2,20,low,low,RISK,1
3,1,3,1,Hourly,1593,No,Owns,16,25,52,10,3,TELE-MEDICINE,IN-NETWORK,CO-PAY IN $,120,100,0,60,100,2,20,low,low,RISK,1
1,3,1,2,Hourly,4519,Yes,Owns,26,50,53,10,3,TELE-MEDICINE,IN-NETWORK,CO-PAY IN $,60,120,0,100,100,2,20,low,low,RISK,1
1,2,1,1,Bonus,2639,No,Rents,16,31,54,10,3,TELE-MEDICINE,IN-NETWORK,CO-PAY IN $,0,60,100,120,100,2,20,low,low,RISK,1
1,1,3,1,Hourly,2563,Yes,Rents,35,26,75,10,3,TELE-MEDICINE,IN-NETWORK,CO-PAY IN $,120,60,100,0,100,2,20,low,low,RISK,1
1,2,3,2,Bonus,2810,Yes,Owns,35,49,60,10,3,TELE-MEDICINE,IN-NETWORK,CO-PAY IN $,60,120,100,0,100,2,20,low,low,RISK,1
2,2,1,2,Hourly,2954,Yes,Owns,39,40,57,10,3,TELE-MEDICINE,IN-NETWORK,CO-PAY IN $,60,0,120,100,100,2,20,low,low,RISK,1
2,1,3,1,Hourly,2299,Yes,Owns,31,36,56,10,3,TELE-MEDICINE,IN-NETWORK,CO-PAY IN $,0,60,120,100,100,2,20,low,low,RISK,1
1,1,2,3,Hourly,1155,No,Rents,16,49,59,10,3,TELE-MEDICINE,IN-NETWORK,CO-PAY IN $,120,100,0,60,100,2,20,low,low,RISK,1
2,1,3,1,Bonus,1856,Yes,Rents,31,20,55,10,3,TELE-MEDICINE,IN-NETWORK,CO-PAY IN $,60,100,120,0,100,2,20,low,low,RISK,1
3,2,2,1,Salaried,3352,Yes,Rents,18,48,52,10,3,TELE-MEDICINE,IN-NETWORK,CO-PAY IN $,60,120,100,0,100,2,20,low,low,RISK,1
3,1,1,2,Hourly,3735,Yes,Owns,34,33,56,10,3,TELE-MEDICINE,IN-NETWORK,CO-PAY IN $,60,0,120,100,100,2,20,low,low,RISK,1
3,2,1,3,Salaried,1125,Yes,Rents,18,23,53,10,3,TELE-MEDICINE,IN-NETWORK,CO-PAY IN $,0,60,120,100,100,2,20,low,low,RISK,1
3,1,2,1,Bonus,4695,No,Owns,15,38,56,10,3,TELE-MEDICINE,IN-NETWORK,CO-PAY IN $,120,60,100,0,100,2,20,low,low,RISK,1
2,2,2,2,Salaried,1210,No,Rents,38,24,64,10,3,TELE-MEDICINE,IN-NETWORK,CO-PAY IN $,60,100,120,0,100,2,20,low,low,RISK,1
2,3,2,1,Bonus,3149,No,Owns,17,29,55,10,3,TELE-MEDICINE,IN-NETWORK,CO-PAY IN $,0,120,60,100,100,2,20,low,low,RISK,1
2,2,2,2,Bonus,3757,No,Rents,18,26,51,10,3,TELE-MEDICINE,IN-NETWORK,CO-PAY IN $,60,120,100,0,100,2,20,low,low,RISK,1
3,1,3,2,Salaried,4038,Yes,Rents,28,36,62,10,3,TELE-MEDICINE,IN-NETWORK,CO-PAY IN $,100,120,0,60,100,2,20,low,low,RISK,1
1,1,1,3,Bonus,381,No,Owns,20,38,64,10,3,TELE-MEDICINE,IN-NETWORK,CO-PAY IN $,120,100,0,60,100,2,20,low,low,RISK,1
1,1,1,2,Hourly,2879,Yes,Rents,37,31,55,10,3,TELE-MEDICINE,IN-NETWORK,CO-PAY IN $,0,60,100,120,100,2,20,low,low,RISK,1
2,3,1,1,Hourly,2246,No,Owns,38,31,59,10,3,TELE-MEDICINE,IN-NETWORK,CO-PAY IN $,60,120,100,0,100,2,20,low,low,RISK,1
2,2,1,2,Hourly,874,No,Owns,38,41,60,10,3,TELE-MEDICINE,IN-NETWORK,CO-PAY IN $,120,60,100,0,100,2,20,low,low,RISK,1
1,2,1,1,Hourly,4470,Yes,Owns,16,35,73,10,3,TELE-MEDICINE,IN-NETWORK,CO-PAY IN $,100,60,120,0,100,2,20,low,low,RISK,1
3,1,3,1,Hourly,3252,Yes,Owns,24,24,60,10,3,TELE-MEDICINE,IN-NETWORK,CO-PAY IN $,100,120,0,60,100,2,20,low,low,RISK,1
1,3,1,2,Hourly,176,Yes,Rents,23,43,57,10,3,TELE-MEDICINE,IN-NETWORK,CO-PAY IN $,0,60,100,120,100,2,20,low,low,RISK,1
2,1,3,1,Hourly,3681,Yes,Owns,17,25,52,10,3,TELE-MEDICINE,IN-NETWORK,CO-PAY IN $,60,120,0,100,100,2,20,low,low,RISK,1
1,3,2,3,Hourly,1019,Yes,Owns,35,50,53,10,3,TELE-MEDICINE,IN-NETWORK,CO-PAY IN $,120,60,0,100,100,2,20,low,low,RISK,1
1,3,2,1,Bonus,4493,Yes,Owns,39,31,54,10,3,TELE-MEDICINE,IN-NETWORK,CO-PAY IN $,120,60,0,100,100,2,20,low,low,RISK,1
1,3,3,1,Salaried,1012,Yes,Owns,34,26,75,10,3,TELE-MEDICINE,IN-NETWORK,CO-PAY IN $,60,120,100,0,100,2,20,low,low,RISK,1
1,1,2,1,Bonus,1248,Yes,Rents,18,49,60,10,3,TELE-MEDICINE,IN-NETWORK,CO-PAY IN $,0,120,100,60,100,2,20,low,low,RISK,1
1,1,2,1,Salaried,1214,No,Owns,17,40,57,10,3,TELE-MEDICINE,IN-NETWORK,CO-PAY IN $,100,0,120,60,100,2,20,low,low,RISK,1
2,1,1,1,Salaried,2852,Yes,Rents,18,36,56,10,3,TELE-MEDICINE,IN-NETWORK,CO-PAY IN $,100,120,0,60,100,2,20,low,low,RISK,1
2,1,1,1,Bonus,1440,Yes,Owns,24,49,59,10,3,TELE-MEDICINE,IN-NETWORK,CO-PAY IN $,0,60,100,120,100,2,20,low,low,RISK,1
3,1,3,1,Bonus,2951,No,Owns,26,20,55,10,3,TELE-MEDICINE,IN-NETWORK,CO-PAY IN $,60,100,120,0,100,2,20,low,low,RISK,1
4,3,2,4,Salaried,4377,No,Rents,46,73,76,10,4,TELE-MEDICINE,IN-NETWORK,CO-PAY IN $,100,60,120,0,100,2,50,low,low,RISK,1
2,3,4,2,Salaried,1919,No,Owns,48,61,80,10,4,TELE-MEDICINE,IN-NETWORK,CO-PAY IN $,120,0,100,60,100,2,50,low,low,RISK,1
4,4,3,2,Salaried,4671,Yes,Rents,57,53,77,10,4,TELE-MEDICINE,IN-NETWORK,CO-PAY IN $,0,60,100,120,100,2,50,low,low,RISK,1
4,4,2,2,Bonus,1139,No,Owns,52,65,80,10,4,TELE-MEDICINE,IN-NETWORK,CO-PAY IN $,60,100,0,120,100,2,50,low,low,RISK,1
3,4,4,3,Bonus,3085,No,Rents,45,54,88,10,4,TELE-MEDICINE,IN-NETWORK,CO-PAY IN $,60,100,120,0,100,2,50,low,low,RISK,1
3,4,4,3,Salaried,912,Yes,Rents,61,58,79,10,4,TELE-MEDICINE,IN-NETWORK,CO-PAY IN $,0,120,100,60,100,2,50,low,low,RISK,1
4,3,4,3,Hourly,3561,Yes,Owns,51,56,75,10,4,TELE-MEDICINE,IN-NETWORK,CO-PAY IN $,60,0,100,120,100,2,50,low,low,RISK,1
4,4,2,2,Hourly,4350,No,Rents,40,64,87,10,4,TELE-MEDICINE,IN-NETWORK,CO-PAY IN $,0,60,100,120,100,2,50,low,low,RISK,1
4,4,4,4,Salaried,3664,No,Owns,39,65,88,10,4,TELE-MEDICINE,IN-NETWORK,CO-PAY IN $,100,60,0,120,100,2,50,low,low,RISK,1
2,3,3,3,Bonus,1972,Yes,Owns,62,60,80,10,4,TELE-MEDICINE,IN-NETWORK,CO-PAY IN $,120,100,0,60,100,2,50,low,low,RISK,1
3,2,4,4,Salaried,1235,Yes,Rents,55,60,83,10,4,TELE-MEDICINE,IN-NETWORK,CO-PAY IN $,0,120,100,60,100,2,50,low,low,RISK,1
2,4,3,3,Bonus,2294,Yes,Owns,47,72,79,10,4,TELE-MEDICINE,IN-NETWORK,CO-PAY IN $,100,0,120,60,100,2,50,low,low,RISK,1
2,3,4,3,Salaried,4592,Yes,Rents,62,68,84,10,4,TELE-MEDICINE,IN-NETWORK,CO-PAY IN $,100,0,120,60,100,2,50,low,low,RISK,1
3,3,3,4,Hourly,2183,Yes,Owns,37,63,98,10,4,TELE-MEDICINE,IN-NETWORK,CO-PAY IN $,0,120,60,100,100,2,50,low,low,RISK,1
3,3,4,3,Salaried,1622,Yes,Rents,42,55,84,10,4,TELE-MEDICINE,IN-NETWORK,CO-PAY IN $,60,0,120,100,100,2,50,low,low,RISK,1
3,4,3,4,Salaried,4259,Yes,Rents,37,70,81,10,4,TELE-MEDICINE,IN-NETWORK,CO-PAY IN $,60,0,120,100,100,2,50,low,low,RISK,1
4,3,3,4,Salaried,4138,No,Owns,62,55,76,10,4,TELE-MEDICINE,IN-NETWORK,CO-PAY IN $,60,100,120,0,100,2,50,low,low,RISK,1
4,3,4,4,Bonus,2742,No,Owns,64,75,77,10,4,TELE-MEDICINE,IN-NETWORK,CO-PAY IN $,60,0,120,100,100,2,50,low,low,RISK,1
3,3,3,4,Bonus,4027,Yes,Rents,43,60,78,10,4,TELE-MEDICINE,IN-NETWORK,CO-PAY IN $,0,120,60,100,100,2,50,low,low,RISK,1
4,4,2,2,Bonus,3643,No,Rents,59,56,100,10,4,TELE-MEDICINE,IN-NETWORK,CO-PAY IN $,60,0,120,100,100,2,50,low,low,RISK,1
4,2,4,2,Salaried,1855,No,Rents,63,74,85,10,4,TELE-MEDICINE,IN-NETWORK,CO-PAY IN $,100,60,120,0,100,2,50,low,low,RISK,1
3,4,2,3,Bonus,4199,No,Owns,57,67,81,10,4,TELE-MEDICINE,IN-NETWORK,CO-PAY IN $,0,60,100,120,100,2,50,low,low,RISK,1
3,4,3,2,Salaried,358,No,Rents,50,64,80,10,4,TELE-MEDICINE,IN-NETWORK,CO-PAY IN $,60,100,120,0,100,2,50,low,low,RISK,1
4,3,4,3,Salaried,2175,No,Owns,59,75,83,10,4,TELE-MEDICINE,IN-NETWORK,CO-PAY IN $,60,120,0,100,100,2,50,low,low,RISK,1
4,4,2,2,Bonus,2804,No,Owns,48,51,79,10,4,TELE-MEDICINE,IN-NETWORK,CO-PAY IN $,60,120,0,100,100,2,50,low,low,RISK,1
4,4,4,4,Bonus,2793,Yes,Owns,63,73,76,10,4,TELE-MEDICINE,IN-NETWORK,CO-PAY IN $,120,0,100,60,100,2,50,low,low,RISK,1
4,3,4,2,Salaried,1366,No,Owns,56,61,80,10,4,TELE-MEDICINE,IN-NETWORK,CO-PAY IN $,100,0,120,60,100,2,50,low,low,RISK,1
2,4,4,4,Salaried,3990,No,Rents,53,53,77,10,4,TELE-MEDICINE,IN-NETWORK,CO-PAY IN $,0,60,100,120,100,2,50,low,low,RISK,1
2,4,3,3,Salaried,1625,No,Owns,60,65,80,10,4,TELE-MEDICINE,IN-NETWORK,CO-PAY IN $,100,0,120,60,100,2,50,low,low,RISK,1
4,4,3,3,Hourly,1178,No,Owns,35,54,88,10,4,TELE-MEDICINE,IN-NETWORK,CO-PAY IN $,120,60,100,0,100,2,50,low,low,RISK,1
4,4,4,2,Hourly,4144,No,Owns,44,56,75,10,4,TELE-MEDICINE,IN-NETWORK,CO-PAY IN $,60,100,120,0,100,2,50,low,low,RISK,1
3,3,4,3,Hourly,2547,Yes,Owns,55,64,87,10,4,TELE-MEDICINE,IN-NETWORK,CO-PAY IN $,0,100,120,60,100,2,50,low,low,RISK,1
4,3,4,2,Hourly,152,Yes,Owns,58,65,88,10,4,TELE-MEDICINE,IN-NETWORK,CO-PAY IN $,0,100,120,60,100,2,50,low,low,RISK,1
3,2,2,3,Bonus,2909,Yes,Rents,45,60,80,10,4,TELE-MEDICINE,IN-NETWORK,CO-PAY IN $,60,100,0,120,100,2,50,low,low,RISK,1
4,4,3,3,Bonus,2404,Yes,Owns,49,60,83,10,4,TELE-MEDICINE,IN-NETWORK,CO-PAY IN $,0,120,100,60,100,2,50,low,low,RISK,1
4,2,4,4,Bonus,144,Yes,Owns,46,72,79,10,4,TELE-MEDICINE,IN-NETWORK,CO-PAY IN $,100,0,120,60,100,2,50,low,low,RISK,1
4,2,4,2,Hourly,2250,No,Owns,48,68,84,10,4,TELE-MEDICINE,IN-NETWORK,CO-PAY IN $,100,0,60,120,100,2,50,low,low,RISK,1
4,3,3,3,Hourly,4826,No,Owns,47,63,98,10,4,TELE-MEDICINE,IN-NETWORK,CO-PAY IN $,60,100,0,120,100,2,50,low,low,RISK,1
4,4,2,3,Salaried,792,No,Owns,50,55,84,10,4,TELE-MEDICINE,IN-NETWORK,CO-PAY IN $,60,120,100,0,100,2,50,low,low,RISK,1
2,4,2,3,Hourly,3429,No,Rents,58,70,81,10,4,TELE-MEDICINE,IN-NETWORK,CO-PAY IN $,60,100,120,0,100,2,50,low,low,RISK,1
3,4,3,4,Hourly,1596,Yes,Owns,50,55,76,10,4,TELE-MEDICINE,IN-NETWORK,CO-PAY IN $,0,120,100,60,100,2,50,low,low,RISK,1
4,4,4,3,Salaried,83,Yes,Owns,40,75,77,10,4,TELE-MEDICINE,IN-NETWORK,CO-PAY IN $,0,60,100,120,100,2,50,low,low,RISK,1
4,4,3,4,Salaried,3601,No,Owns,38,60,78,10,4,TELE-MEDICINE,IN-NETWORK,CO-PAY IN $,100,0,60,120,100,2,50,low,low,RISK,1
3,4,2,4,Bonus,861,No,Owns,58,56,100,10,4,TELE-MEDICINE,IN-NETWORK,CO-PAY IN $,100,0,60,120,100,2,50,low,low,RISK,1
3,3,2,2,Hourly,2384,No,Rents,37,67,81,10,4,TELE-MEDICINE,IN-NETWORK,CO-PAY IN $,0,100,60,120,100,2,50,low,low,RISK,1
2,2,3,3,Bonus,2363,Yes,Rents,52,64,80,10,4,TELE-MEDICINE,IN-NETWORK,CO-PAY IN $,120,100,60,0,100,2,50,low,low,RISK,1
3,3,4,2,Salaried,4539,No,Owns,45,75,83,10,4,TELE-MEDICINE,IN-NETWORK,CO-PAY IN $,0,120,60,100,100,2,50,low,low,RISK,1
3,3,2,2,Bonus,489,No,Rents,45,51,79,10,4,TELE-MEDICINE,IN-NETWORK,CO-PAY IN $,120,60,0,100,100,2,50,low,low,RISK,1
4,4,2,4,Bonus,4623,Yes,Owns,40,73,76,10,4,TELE-MEDICINE,IN-NETWORK,CO-PAY IN $,0,120,60,100,100,2,50,low,low,RISK,1
3,3,3,2,Salaried,153,Yes,Owns,36,61,80,10,4,TELE-MEDICINE,IN-NETWORK,CO-PAY IN $,0,100,60,120,100,2,50,low,low,RISK,1
3,4,4,4,Salaried,3954,No,Owns,38,53,77,10,4,TELE-MEDICINE,IN-NETWORK,CO-PAY IN $,0,60,120,100,100,2,50,low,low,RISK,1
3,3,2,3,Salaried,4742,No,Rents,35,65,80,10,4,TELE-MEDICINE,IN-NETWORK,CO-PAY IN $,120,0,100,60,100,2,50,low,low,RISK,1
2,2,2,3,Hourly,3289,No,Rents,59,54,88,10,4,TELE-MEDICINE,IN-NETWORK,CO-PAY IN $,60,120,100,0,100,2,50,low,low,RISK,1
2,2,3,3,Bonus,3409,Yes,Rents,54,58,79,10,4,TELE-MEDICINE,IN-NETWORK,CO-PAY IN $,100,0,120,60,100,2,50,low,low,RISK,1
3,3,4,3,Bonus,3179,No,Rents,42,56,75,10,4,TELE-MEDICINE,IN-NETWORK,CO-PAY IN $,100,120,60,0,100,2,50,low,low,RISK,1
3,3,2,4,Bonus,4271,No,Rents,43,64,87,10,4,TELE-MEDICINE,IN-NETWORK,CO-PAY IN $,0,120,60,100,100,2,50,low,low,RISK,1
3,3,3,2,Hourly,4605,Yes,Rents,46,65,88,10,4,TELE-MEDICINE,IN-NETWORK,CO-PAY IN $,60,100,0,120,100,2,50,low,low,RISK,1
2,4,4,4,Salaried,3042,Yes,Rents,37,60,80,10,4,TELE-MEDICINE,IN-NETWORK,CO-PAY IN $,120,100,60,0,100,2,50,low,low,RISK,1
2,4,4,3,Hourly,170,No,Rents,61,60,83,10,4,TELE-MEDICINE,IN-NETWORK,CO-PAY IN $,0,60,120,100,100,2,50,low,low,RISK,1
2,3,3,4,Salaried,2062,No,Rents,40,72,79,10,4,TELE-MEDICINE,IN-NETWORK,CO-PAY IN $,0,100,60,120,100,2,50,low,low,RISK,1
4,4,4,4,Bonus,1962,No,Rents,35,68,84,10,4,TELE-MEDICINE,IN-NETWORK,CO-PAY IN $,0,120,60,100,100,2,50,low,low,RISK,1
2,2,3,2,Bonus,1006,No,Owns,50,63,98,10,4,TELE-MEDICINE,IN-NETWORK,CO-PAY IN $,0,100,60,120,100,2,50,low,low,RISK,1
2,4,3,4,Salaried,4555,No,Rents,42,55,84,10,4,TELE-MEDICINE,IN-NETWORK,CO-PAY IN $,0,60,120,100,100,2,50,low,low,RISK,1
4,3,4,3,Bonus,458,No,Rents,46,70,81,10,4,TELE-MEDICINE,IN-NETWORK,CO-PAY IN $,120,0,60,100,100,2,50,low,low,RISK,1
4,3,4,3,Hourly,1593,No,Owns,36,55,76,10,4,TELE-MEDICINE,IN-NETWORK,CO-PAY IN $,0,120,100,60,100,2,50,low,low,RISK,1
3,4,2,3,Hourly,4519,Yes,Owns,48,75,77,10,4,TELE-MEDICINE,IN-NETWORK,CO-PAY IN $,100,120,60,0,100,2,50,low,low,RISK,1
2,4,3,3,Bonus,2639,No,Rents,36,60,78,10,4,TELE-MEDICINE,IN-NETWORK,CO-PAY IN $,0,100,60,120,100,2,50,low,low,RISK,1
2,3,4,3,Hourly,2563,Yes,Rents,59,56,100,10,4,TELE-MEDICINE,IN-NETWORK,CO-PAY IN $,100,60,120,0,100,2,50,low,low,RISK,1
3,4,4,4,Bonus,2810,Yes,Owns,58,74,85,10,4,TELE-MEDICINE,IN-NETWORK,CO-PAY IN $,120,100,60,0,100,2,50,low,low,RISK,1
3,4,3,4,Hourly,2954,Yes,Owns,64,67,81,10,4,TELE-MEDICINE,IN-NETWORK,CO-PAY IN $,0,60,120,100,100,2,50,low,low,RISK,1
3,2,4,3,Hourly,2299,Yes,Owns,54,64,80,10,4,TELE-MEDICINE,IN-NETWORK,CO-PAY IN $,120,100,0,60,100,2,50,low,low,RISK,1
2,3,4,4,Hourly,1155,No,Rents,37,75,83,10,4,TELE-MEDICINE,IN-NETWORK,CO-PAY IN $,100,60,120,0,100,2,50,low,low,RISK,1
4,2,4,3,Bonus,1856,Yes,Rents,55,51,79,10,4,TELE-MEDICINE,IN-NETWORK,CO-PAY IN $,120,60,0,100,100,2,50,low,low,RISK,1
4,4,3,3,Salaried,3352,Yes,Rents,38,73,76,10,4,TELE-MEDICINE,IN-NETWORK,CO-PAY IN $,60,120,0,100,100,2,50,low,low,RISK,1
4,3,2,3,Hourly,3735,Yes,Owns,58,61,80,10,4,TELE-MEDICINE,IN-NETWORK,CO-PAY IN $,120,100,0,60,100,2,50,low,low,RISK,1
4,3,3,4,Salaried,1125,Yes,Rents,38,53,77,10,4,TELE-MEDICINE,IN-NETWORK,CO-PAY IN $,0,60,100,120,100,2,50,low,low,RISK,1
4,2,4,2,Bonus,4695,No,Owns,35,65,80,10,4,TELE-MEDICINE,IN-NETWORK,CO-PAY IN $,60,120,100,0,100,2,50,low,low,RISK,1
3,3,3,4,Salaried,1210,No,Rents,62,54,88,10,4,TELE-MEDICINE,IN-NETWORK,CO-PAY IN $,60,100,120,0,100,2,50,low,low,RISK,1
4,4,4,2,Bonus,3149,No,Owns,37,58,79,10,4,TELE-MEDICINE,IN-NETWORK,CO-PAY IN $,120,0,100,60,100,2,50,low,low,RISK,1
4,3,4,4,Bonus,3757,No,Rents,38,56,75,10,4,TELE-MEDICINE,IN-NETWORK,CO-PAY IN $,100,60,0,120,100,2,50,low,low,RISK,1
4,3,4,4,Salaried,4038,Yes,Rents,51,64,87,10,4,TELE-MEDICINE,IN-NETWORK,CO-PAY IN $,100,120,0,60,100,2,50,low,low,RISK,1
2,3,3,4,Bonus,381,No,Owns,41,65,88,10,4,TELE-MEDICINE,IN-NETWORK,CO-PAY IN $,100,60,120,0,100,2,50,low,low,RISK,1
3,3,3,3,Hourly,2879,Yes,Rents,61,60,80,10,4,TELE-MEDICINE,IN-NETWORK,CO-PAY IN $,60,0,120,100,100,2,50,low,low,RISK,1
4,4,3,2,Hourly,2246,No,Owns,62,60,83,10,4,TELE-MEDICINE,IN-NETWORK,CO-PAY IN $,0,60,120,100,100,2,50,low,low,RISK,1
2,4,3,2,Hourly,3337,No,Rents,39,72,79,10,4,TELE-MEDICINE,IN-NETWORK,CO-PAY IN $,120,100,0,60,100,2,50,low,low,RISK,1
4,3,3,4,Hourly,874,No,Owns,63,68,84,10,4,TELE-MEDICINE,IN-NETWORK,CO-PAY IN $,60,120,100,0,100,2,50,low,low,RISK,1
4,3,4,3,Hourly,3252,Yes,Owns,46,55,84,10,4,TELE-MEDICINE,IN-NETWORK,CO-PAY IN $,100,0,60,120,100,2,50,low,low,RISK,1
3,4,2,3,Hourly,176,Yes,Rents,45,70,81,10,4,TELE-MEDICINE,IN-NETWORK,CO-PAY IN $,100,0,60,120,100,2,50,low,low,RISK,1
4,3,4,2,Hourly,3681,Yes,Owns,38,55,76,10,4,TELE-MEDICINE,IN-NETWORK,CO-PAY IN $,60,120,0,100,100,2,50,low,low,RISK,1
3,4,4,4,Hourly,1019,Yes,Owns,59,75,77,10,4,TELE-MEDICINE,IN-NETWORK,CO-PAY IN $,60,120,0,100,100,2,50,low,low,RISK,1
3,4,4,3,Bonus,4493,Yes,Owns,64,60,78,10,4,TELE-MEDICINE,IN-NETWORK,CO-PAY IN $,100,60,120,0,100,2,50,low,low,RISK,1
3,4,4,2,Salaried,1012,Yes,Owns,58,56,100,10,4,TELE-MEDICINE,IN-NETWORK,CO-PAY IN $,0,60,120,100,100,2,50,low,low,RISK,1
2,2,4,3,Bonus,1248,Yes,Rents,39,74,85,10,4,TELE-MEDICINE,IN-NETWORK,CO-PAY IN $,0,60,120,100,100,2,50,low,low,RISK,1
2,3,3,3,Salaried,1214,No,Owns,37,67,81,10,4,TELE-MEDICINE,IN-NETWORK,CO-PAY IN $,60,120,0,100,100,2,50,low,low,RISK,1
4,3,3,2,Salaried,2852,Yes,Rents,38,64,80,10,4,TELE-MEDICINE,IN-NETWORK,CO-PAY IN $,0,100,120,60,100,2,50,low,low,RISK,1
3,3,2,2,Bonus,1440,Yes,Owns,46,75,83,10,4,TELE-MEDICINE,IN-NETWORK,CO-PAY IN $,0,60,120,100,100,2,50,low,low,RISK,1
4,2,4,3,Bonus,2951,No,Owns,48,51,79,10,4,TELE-MEDICINE,IN-NETWORK,CO-PAY IN $,60,100,0,120,100,2,50,low,low,RISK,1
1,0,0,1,Salaried,4377,No,Rents,4,9,1,10,5,TELE-MEDICINE,IN-NETWORK,CO-PAY IN $,120,0,60,100,120,1,5,low,high,RISK,2
0,0,1,0,Salaried,1919,No,Owns,4,4,5,10,5,TELE-MEDICINE,IN-NETWORK,CO-PAY IN $,100,60,120,0,120,1,5,low,high,RISK,2
0,0,0,0,Salaried,4671,Yes,Rents,7,1,2,10,5,TELE-MEDICINE,IN-NETWORK,CO-PAY IN $,100,0,120,60,120,1,5,low,high,RISK,2
1,1,0,0,Bonus,1139,No,Owns,6,6,5,10,5,TELE-MEDICINE,IN-NETWORK,CO-PAY IN $,60,0,100,120,120,1,5,low,high,RISK,2
0,1,1,0,Bonus,3085,No,Rents,3,1,13,10,5,TELE-MEDICINE,IN-NETWORK,CO-PAY IN $,100,120,60,0,120,1,5,low,high,RISK,2
0,1,1,0,Salaried,912,Yes,Rents,9,3,4,10,5,TELE-MEDICINE,IN-NETWORK,CO-PAY IN $,60,0,100,120,120,1,5,low,high,RISK,2
1,0,1,0,Hourly,3561,Yes,Owns,5,2,0,10,5,TELE-MEDICINE,IN-NETWORK,CO-PAY IN $,120,60,0,100,120,1,5,low,high,RISK,2
1,1,0,0,Hourly,4350,No,Rents,2,5,12,10,5,TELE-MEDICINE,IN-NETWORK,CO-PAY IN $,0,60,100,120,120,1,5,low,high,RISK,2
1,1,0,1,Salaried,3664,No,Owns,1,6,13,10,5,TELE-MEDICINE,IN-NETWORK,CO-PAY IN $,0,120,60,100,120,1,5,low,high,RISK,2
0,0,0,0,Bonus,1972,Yes,Owns,9,4,5,10,5,TELE-MEDICINE,IN-NETWORK,CO-PAY IN $,100,120,0,60,120,1,5,low,high,RISK,2
0,0,1,1,Salaried,1235,Yes,Rents,7,4,8,10,5,TELE-MEDICINE,IN-NETWORK,CO-PAY IN $,100,120,0,60,120,1,5,low,high,RISK,2
0,1,0,0,Bonus,2294,Yes,Owns,4,9,4,10,5,TELE-MEDICINE,IN-NETWORK,CO-PAY IN $,0,100,60,120,120,1,5,low,high,RISK,2
0,0,1,0,Salaried,4592,Yes,Rents,9,7,9,10,5,TELE-MEDICINE,IN-NETWORK,CO-PAY IN $,60,120,0,100,120,1,5,low,high,RISK,2
0,0,0,1,Hourly,2183,Yes,Owns,1,5,23,10,5,TELE-MEDICINE,IN-NETWORK,CO-PAY IN $,60,100,120,0,120,1,5,low,high,RISK,2
0,0,1,0,Salaried,1622,Yes,Rents,2,1,9,10,5,TELE-MEDICINE,IN-NETWORK,CO-PAY IN $,100,60,120,0,120,1,5,low,high,RISK,2
0,1,0,1,Salaried,4259,Yes,Rents,1,8,6,10,5,TELE-MEDICINE,IN-NETWORK,CO-PAY IN $,100,0,120,60,120,1,5,low,high,RISK,2
1,0,0,1,Salaried,4138,No,Owns,9,2,1,10,5,TELE-MEDICINE,IN-NETWORK,CO-PAY IN $,0,60,120,100,120,1,5,low,high,RISK,2
1,0,0,1,Bonus,2742,No,Owns,10,10,2,10,5,TELE-MEDICINE,IN-NETWORK,CO-PAY IN $,0,100,60,120,120,1,5,low,high,RISK,2
0,0,0,1,Bonus,4027,Yes,Rents,3,4,3,10,5,TELE-MEDICINE,IN-NETWORK,CO-PAY IN $,100,60,0,120,120,1,5,low,high,RISK,2
1,0,0,0,Bonus,3643,No,Rents,8,2,25,10,5,TELE-MEDICINE,IN-NETWORK,CO-PAY IN $,120,100,0,60,120,1,5,low,high,RISK,2
1,0,1,0,Salaried,1855,No,Rents,9,10,10,10,5,TELE-MEDICINE,IN-NETWORK,CO-PAY IN $,120,0,60,100,120,1,5,low,high,RISK,2
0,1,0,0,Bonus,4199,No,Owns,7,7,6,10,5,TELE-MEDICINE,IN-NETWORK,CO-PAY IN $,120,100,60,0,120,1,5,low,high,RISK,2
0,1,0,0,Salaried,358,No,Rents,5,5,5,10,5,TELE-MEDICINE,IN-NETWORK,CO-PAY IN $,100,120,0,60,120,1,5,low,high,RISK,2
0,0,1,0,Salaried,2175,No,Owns,8,10,8,10,5,TELE-MEDICINE,IN-NETWORK,CO-PAY IN $,100,120,0,60,120,1,5,low,high,RISK,2
0,1,0,0,Bonus,2804,No,Owns,4,0,4,10,5,TELE-MEDICINE,IN-NETWORK,CO-PAY IN $,120,0,100,60,120,1,5,low,high,RISK,2
1,1,1,0,Bonus,2793,Yes,Owns,9,9,1,10,5,TELE-MEDICINE,IN-NETWORK,CO-PAY IN $,60,100,120,0,120,1,5,low,high,RISK,2
1,0,1,0,Salaried,1366,No,Owns,7,4,5,10,5,TELE-MEDICINE,IN-NETWORK,CO-PAY IN $,0,100,60,120,120,1,5,low,high,RISK,2
0,1,1,1,Salaried,3990,No,Rents,6,1,2,10,5,TELE-MEDICINE,IN-NETWORK,CO-PAY IN $,0,100,60,120,120,1,5,low,high,RISK,2
0,0,0,0,Salaried,1625,No,Owns,8,6,5,10,5,TELE-MEDICINE,IN-NETWORK,CO-PAY IN $,120,100,60,0,120,1,5,low,high,RISK,2
1,1,0,0,Hourly,1178,No,Owns,0,1,13,10,5,TELE-MEDICINE,IN-NETWORK,CO-PAY IN $,60,0,120,100,120,1,5,low,high,RISK,2
0,0,0,0,Hourly,2665,No,Rents,2,3,4,10,5,TELE-MEDICINE,IN-NETWORK,CO-PAY IN $,0,120,60,100,120,1,5,low,high,RISK,2
1,1,1,0,Hourly,4144,No,Owns,3,2,0,10,5,TELE-MEDICINE,IN-NETWORK,CO-PAY IN $,60,100,0,120,120,1,5,low,high,RISK,2
0,0,1,0,Hourly,2547,Yes,Owns,7,5,12,10,5,TELE-MEDICINE,IN-NETWORK,CO-PAY IN $,0,60,100,120,120,1,5,low,high,RISK,2
1,0,1,0,Hourly,152,Yes,Owns,8,6,13,10,5,TELE-MEDICINE,IN-NETWORK,CO-PAY IN $,0,60,100,120,120,1,5,low,high,RISK,2
0,0,0,0,Bonus,2909,Yes,Rents,3,4,5,10,5,TELE-MEDICINE,IN-NETWORK,CO-PAY IN $,120,0,100,60,120,1,5,low,high,RISK,2
1,1,0,0,Bonus,2404,Yes,Owns,5,4,8,10,5,TELE-MEDICINE,IN-NETWORK,CO-PAY IN $,120,60,0,100,120,1,5,low,high,RISK,2
1,0,1,1,Bonus,144,Yes,Owns,4,9,4,10,5,TELE-MEDICINE,IN-NETWORK,CO-PAY IN $,120,100,0,60,120,1,5,low,high,RISK,2
1,0,1,0,Hourly,2250,No,Owns,4,7,9,10,5,TELE-MEDICINE,IN-NETWORK,CO-PAY IN $,100,0,60,120,120,1,5,low,high,RISK,2
1,0,0,0,Hourly,4826,No,Owns,4,5,23,10,5,TELE-MEDICINE,IN-NETWORK,CO-PAY IN $,60,100,0,120,120,1,5,low,high,RISK,2
1,1,0,0,Salaried,792,No,Owns,5,1,9,10,5,TELE-MEDICINE,IN-NETWORK,CO-PAY IN $,120,0,60,100,120,1,5,low,high,RISK,2
0,1,0,0,Hourly,3429,No,Rents,8,8,6,10,5,TELE-MEDICINE,IN-NETWORK,CO-PAY IN $,120,100,60,0,120,1,5,low,high,RISK,2
0,1,0,0,Hourly,1596,Yes,Owns,5,2,1,10,5,TELE-MEDICINE,IN-NETWORK,CO-PAY IN $,60,0,120,100,120,1,5,low,high,RISK,2
1,1,1,0,Salaried,83,Yes,Owns,2,10,2,10,5,TELE-MEDICINE,IN-NETWORK,CO-PAY IN $,0,120,100,60,120,1,5,low,high,RISK,2
1,1,0,1,Salaried,3601,No,Owns,1,4,3,10,5,TELE-MEDICINE,IN-NETWORK,CO-PAY IN $,100,0,60,120,120,1,5,low,high,RISK,2
0,0,0,1,Bonus,861,No,Owns,8,2,25,10,5,TELE-MEDICINE,IN-NETWORK,CO-PAY IN $,0,120,100,60,120,1,5,low,high,RISK,2
0,1,1,1,Salaried,2240,Yes,Rents,8,10,10,10,5,TELE-MEDICINE,IN-NETWORK,CO-PAY IN $,0,60,100,120,120,1,5,low,high,RISK,2
0,0,0,0,Hourly,2384,No,Rents,1,7,6,10,5,TELE-MEDICINE,IN-NETWORK,CO-PAY IN $,100,120,60,0,120,1,5,low,high,RISK,2
0,0,0,0,Bonus,2363,Yes,Rents,6,5,5,10,5,TELE-MEDICINE,IN-NETWORK,CO-PAY IN $,120,100,60,0,120,1,5,low,high,RISK,2
0,0,1,0,Salaried,4539,No,Owns,3,10,8,10,5,TELE-MEDICINE,IN-NETWORK,CO-PAY IN $,0,100,120,60,120,1,5,low,high,RISK,2
0,0,0,0,Bonus,489,No,Rents,3,0,4,10,5,TELE-MEDICINE,IN-NETWORK,CO-PAY IN $,60,120,0,100,120,1,5,low,high,RISK,2
0,1,0,1,Bonus,4623,Yes,Owns,2,9,1,10,5,TELE-MEDICINE,IN-NETWORK,CO-PAY IN $,0,120,60,100,120,1,5,low,high,RISK,2
0,0,0,0,Salaried,153,Yes,Owns,0,4,5,10,5,TELE-MEDICINE,IN-NETWORK,CO-PAY IN $,0,60,120,100,120,1,5,low,high,RISK,2
0,0,0,0,Salaried,4742,No,Rents,0,6,5,10,5,TELE-MEDICINE,IN-NETWORK,CO-PAY IN $,0,60,120,100,120,1,5,low,high,RISK,2
0,0,0,0,Hourly,3289,No,Rents,8,1,13,10,5,TELE-MEDICINE,IN-NETWORK,CO-PAY IN $,0,60,120,100,120,1,5,low,high,RISK,2
0,0,0,0,Bonus,3409,Yes,Rents,6,3,4,10,5,TELE-MEDICINE,IN-NETWORK,CO-PAY IN $,120,60,0,100,120,1,5,low,high,RISK,2
0,0,1,0,Bonus,3179,No,Rents,2,2,0,10,5,TELE-MEDICINE,IN-NETWORK,CO-PAY IN $,120,60,100,0,120,1,5,low,high,RISK,2
0,0,0,0,Bonus,4271,No,Rents,3,5,12,10,5,TELE-MEDICINE,IN-NETWORK,CO-PAY IN $,100,120,60,0,120,1,5,low,high,RISK,2
0,0,0,0,Hourly,4605,Yes,Rents,4,6,13,10,5,TELE-MEDICINE,IN-NETWORK,CO-PAY IN $,120,60,100,0,120,1,5,low,high,RISK,2
0,1,1,1,Salaried,3042,Yes,Rents,1,4,5,10,5,TELE-MEDICINE,IN-NETWORK,CO-PAY IN $,60,0,120,100,120,1,5,low,high,RISK,2
0,1,1,0,Hourly,170,No,Rents,9,4,8,10,5,TELE-MEDICINE,IN-NETWORK,CO-PAY IN $,0,100,60,120,120,1,5,low,high,RISK,2
1,0,1,1,Bonus,1962,No,Rents,0,7,9,10,5,TELE-MEDICINE,IN-NETWORK,CO-PAY IN $,0,60,100,120,120,1,5,low,high,RISK,2
0,0,0,0,Bonus,1006,No,Owns,5,5,23,10,5,TELE-MEDICINE,IN-NETWORK,CO-PAY IN $,120,100,60,0,120,1,5,low,high,RISK,2
0,1,0,1,Salaried,4555,No,Rents,2,1,9,10,5,TELE-MEDICINE,IN-NETWORK,CO-PAY IN $,0,100,60,120,120,1,5,low,high,RISK,2
1,0,1,0,Bonus,458,No,Rents,4,8,6,10,5,TELE-MEDICINE,IN-NETWORK,CO-PAY IN $,100,120,60,0,120,1,5,low,high,RISK,2
1,0,1,0,Hourly,1593,No,Owns,0,2,1,10,5,TELE-MEDICINE,IN-NETWORK,CO-PAY IN $,100,120,0,60,120,1,5,low,high,RISK,2
0,1,0,0,Hourly,4519,Yes,Owns,4,10,2,10,5,TELE-MEDICINE,IN-NETWORK,CO-PAY IN $,0,120,100,60,120,1,5,low,high,RISK,2
0,1,0,0,Bonus,2639,No,Rents,0,4,3,10,5,TELE-MEDICINE,IN-NETWORK,CO-PAY IN $,120,60,100,0,120,1,5,low,high,RISK,2
0,0,1,0,Hourly,2563,Yes,Rents,8,2,25,10,5,TELE-MEDICINE,IN-NETWORK,CO-PAY IN $,0,120,100,60,120,1,5,low,high,RISK,2
0,0,1,1,Bonus,2810,Yes,Owns,8,10,10,10,5,TELE-MEDICINE,IN-NETWORK,CO-PAY IN $,60,100,120,0,120,1,5,low,high,RISK,2
0,0,0,1,Hourly,2954,Yes,Owns,10,7,6,10,5,TELE-MEDICINE,IN-NETWORK,CO-PAY IN $,100,120,60,0,120,1,5,low,high,RISK,2
0,0,1,0,Hourly,2299,Yes,Owns,6,5,5,10,5,TELE-MEDICINE,IN-NETWORK,CO-PAY IN $,100,60,0,120,120,1,5,low,high,RISK,2
0,0,1,1,Hourly,1155,No,Rents,1,10,8,10,5,TELE-MEDICINE,IN-NETWORK,CO-PAY IN $,100,0,120,60,120,1,5,low,high,RISK,2
1,0,1,0,Bonus,1856,Yes,Rents,7,0,4,10,5,TELE-MEDICINE,IN-NETWORK,CO-PAY IN $,120,100,60,0,120,1,5,low,high,RISK,2
1,1,0,0,Salaried,3352,Yes,Rents,1,9,1,10,5,TELE-MEDICINE,IN-NETWORK,CO-PAY IN $,0,100,120,60,120,1,5,low,high,RISK,2
1,0,0,0,Hourly,3735,Yes,Owns,8,4,5,10,5,TELE-MEDICINE,IN-NETWORK,CO-PAY IN $,100,60,0,120,120,1,5,low,high,RISK,2
1,0,0,1,Salaried,1125,Yes,Rents,1,1,2,10,5,TELE-MEDICINE,IN-NETWORK,CO-PAY IN $,60,100,120,0,120,1,5,low,high,RISK,2
1,0,1,0,Bonus,4695,No,Owns,0,6,5,10,5,TELE-MEDICINE,IN-NETWORK,CO-PAY IN $,100,120,0,60,120,1,5,low,high,RISK,2
0,0,0,1,Salaried,1210,No,Rents,9,1,13,10,5,TELE-MEDICINE,IN-NETWORK,CO-PAY IN $,120,60,100,0,120,1,5,low,high,RISK,2
1,1,1,0,Bonus,3149,No,Owns,1,3,4,10,5,TELE-MEDICINE,IN-NETWORK,CO-PAY IN $,60,120,0,100,120,1,5,low,high,RISK,2
1,0,0,0,Bonus,3757,No,Rents,1,2,0,10,5,TELE-MEDICINE,IN-NETWORK,CO-PAY IN $,60,0,120,100,120,1,5,low,high,RISK,2
1,0,1,1,Salaried,4038,Yes,Rents,5,5,12,10,5,TELE-MEDICINE,IN-NETWORK,CO-PAY IN $,0,100,60,120,120,1,5,low,high,RISK,2
0,0,0,1,Bonus,381,No,Owns,2,6,13,10,5,TELE-MEDICINE,IN-NETWORK,CO-PAY IN $,100,120,0,60,120,1,5,low,high,RISK,2
0,0,0,0,Hourly,2879,Yes,Rents,9,4,5,10,5,TELE-MEDICINE,IN-NETWORK,CO-PAY IN $,0,100,120,60,120,1,5,low,high,RISK,2
0,1,0,0,Hourly,2246,No,Owns,9,4,8,10,5,TELE-MEDICINE,IN-NETWORK,CO-PAY IN $,100,0,60,120,120,1,5,low,high,RISK,2
0,1,0,0,Hourly,3337,No,Rents,1,9,4,10,5,TELE-MEDICINE,IN-NETWORK,CO-PAY IN $,60,120,0,100,120,1,5,low,high,RISK,2
1,0,0,0,Hourly,874,No,Owns,9,7,9,10,5,TELE-MEDICINE,IN-NETWORK,CO-PAY IN $,60,0,120,100,120,1,5,low,high,RISK,2
0,1,0,0,Hourly,4470,Yes,Owns,0,5,23,10,5,TELE-MEDICINE,IN-NETWORK,CO-PAY IN $,60,120,100,0,120,1,5,low,high,RISK,2
1,0,1,0,Hourly,3252,Yes,Owns,4,1,9,10,5,TELE-MEDICINE,IN-NETWORK,CO-PAY IN $,100,0,120,60,120,1,5,low,high,RISK,2
0,1,0,0,Hourly,176,Yes,Rents,3,8,6,10,5,TELE-MEDICINE,IN-NETWORK,CO-PAY IN $,100,120,0,60,120,1,5,low,high,RISK,2
0,0,1,0,Hourly,3681,Yes,Owns,1,2,1,10,5,TELE-MEDICINE,IN-NETWORK,CO-PAY IN $,120,0,60,100,120,1,5,low,high,RISK,2
0,1,1,1,Hourly,1019,Yes,Owns,8,10,2,10,5,TELE-MEDICINE,IN-NETWORK,CO-PAY IN $,120,60,0,100,120,1,5,low,high,RISK,2
0,1,1,0,Bonus,4493,Yes,Owns,10,4,3,10,5,TELE-MEDICINE,IN-NETWORK,CO-PAY IN $,120,0,60,100,120,1,5,low,high,RISK,2
0,1,1,0,Salaried,1012,Yes,Owns,8,2,25,10,5,TELE-MEDICINE,IN-NETWORK,CO-PAY IN $,60,120,100,0,120,1,5,low,high,RISK,2
0,0,0,0,Bonus,1248,Yes,Rents,1,10,10,10,5,TELE-MEDICINE,IN-NETWORK,CO-PAY IN $,120,100,60,0,120,1,5,low,high,RISK,2
0,0,0,0,Salaried,1214,No,Owns,1,7,6,10,5,TELE-MEDICINE,IN-NETWORK,CO-PAY IN $,120,60,100,0,120,1,5,low,high,RISK,2
1,0,0,0,Salaried,2852,Yes,Rents,1,5,5,10,5,TELE-MEDICINE,IN-NETWORK,CO-PAY IN $,120,0,100,60,120,1,5,low,high,RISK,2
0,0,0,0,Bonus,1440,Yes,Owns,4,10,8,10,5,TELE-MEDICINE,IN-NETWORK,CO-PAY IN $,100,60,120,0,120,1,5,low,high,RISK,2
1,0,1,0,Bonus,2951,No,Owns,4,0,4,10,5,TELE-MEDICINE,IN-NETWORK,CO-PAY IN $,120,0,60,100,120,1,5,low,high,RISK,2
2,1,0,2,Salaried,4377,No,Rents,10,19,27,10,6,TELE-MEDICINE,IN-NETWORK,CO-PAY IN $,0,100,60,120,100,2,10,low,high,RISK,2
0,1,1,0,Salaried,1919,No,Owns,10,15,31,10,6,TELE-MEDICINE,IN-NETWORK,CO-PAY IN $,100,120,0,60,100,2,10,low,high,RISK,2
1,1,0,0,Salaried,4671,Yes,Rents,15,12,28,10,6,TELE-MEDICINE,IN-NETWORK,CO-PAY IN $,60,120,0,100,100,2,10,low,high,RISK,2
2,1,0,0,Bonus,1139,No,Owns,13,16,31,10,6,TELE-MEDICINE,IN-NETWORK,CO-PAY IN $,60,0,120,100,100,2,10,low,high,RISK,2
1,1,2,1,Bonus,3085,No,Rents,9,12,39,10,6,TELE-MEDICINE,IN-NETWORK,CO-PAY IN $,60,100,0,120,100,2,10,low,high,RISK,2
0,1,2,0,Salaried,912,Yes,Rents,16,14,30,10,6,TELE-MEDICINE,IN-NETWORK,CO-PAY IN $,120,60,0,100,100,2,10,low,high,RISK,2
1,0,2,1,Hourly,3561,Yes,Owns,12,13,26,10,6,TELE-MEDICINE,IN-NETWORK,CO-PAY IN $,0,100,120,60,100,2,10,low,high,RISK,2
1,2,0,0,Hourly,4350,No,Rents,7,16,37,10,6,TELE-MEDICINE,IN-NETWORK,CO-PAY IN $,120,100,60,0,100,2,10,low,high,RISK,2
2,2,1,2,Salaried,3664,No,Owns,7,16,39,10,6,TELE-MEDICINE,IN-NETWORK,CO-PAY IN $,120,100,60,0,100,2,10,low,high,RISK,2
0,0,0,1,Bonus,1972,Yes,Owns,17,14,30,10,6,TELE-MEDICINE,IN-NETWORK,CO-PAY IN $,100,0,120,60,100,2,10,low,high,RISK,2
1,0,2,2,Salaried,1235,Yes,Rents,14,14,34,10,6,TELE-MEDICINE,IN-NETWORK,CO-PAY IN $,100,120,0,60,100,2,10,low,high,RISK,2
0,2,0,1,Bonus,2294,Yes,Owns,10,19,30,10,6,TELE-MEDICINE,IN-NETWORK,CO-PAY IN $,0,100,60,120,100,2,10,low,high,RISK,2
0,1,2,0,Salaried,4592,Yes,Rents,16,17,35,10,6,TELE-MEDICINE,IN-NETWORK,CO-PAY IN $,100,0,120,60,100,2,10,low,high,RISK,2
0,0,1,1,Hourly,2183,Yes,Owns,6,15,48,10,6,TELE-MEDICINE,IN-NETWORK,CO-PAY IN $,100,0,60,120,100,2,10,low,high,RISK,2
1,1,2,1,Salaried,1622,Yes,Rents,8,12,35,10,6,TELE-MEDICINE,IN-NETWORK,CO-PAY IN $,120,0,100,60,100,2,10,low,high,RISK,2
1,2,1,2,Salaried,4259,Yes,Rents,6,18,32,10,6,TELE-MEDICINE,IN-NETWORK,CO-PAY IN $,60,120,0,100,100,2,10,low,high,RISK,2
2,1,1,2,Salaried,4138,No,Owns,17,13,27,10,6,TELE-MEDICINE,IN-NETWORK,CO-PAY IN $,60,100,0,120,100,2,10,low,high,RISK,2
2,0,1,2,Bonus,2742,No,Owns,17,20,28,10,6,TELE-MEDICINE,IN-NETWORK,CO-PAY IN $,0,100,60,120,100,2,10,low,high,RISK,2
1,1,0,2,Bonus,4027,Yes,Rents,8,14,29,10,6,TELE-MEDICINE,IN-NETWORK,CO-PAY IN $,120,60,0,100,100,2,10,low,high,RISK,2
1,1,0,0,Bonus,3643,No,Rents,16,13,50,10,6,TELE-MEDICINE,IN-NETWORK,CO-PAY IN $,100,120,0,60,100,2,10,low,high,RISK,2
1,0,2,0,Salaried,1855,No,Rents,17,20,35,10,6,TELE-MEDICINE,IN-NETWORK,CO-PAY IN $,60,100,0,120,100,2,10,low,high,RISK,2
1,2,0,1,Bonus,4199,No,Owns,14,17,32,10,6,TELE-MEDICINE,IN-NETWORK,CO-PAY IN $,120,100,0,60,100,2,10,low,high,RISK,2
0,2,1,0,Salaried,358,No,Rents,12,16,31,10,6,TELE-MEDICINE,IN-NETWORK,CO-PAY IN $,120,60,0,100,100,2,10,low,high,RISK,2
1,1,1,1,Salaried,2175,No,Owns,16,20,34,10,6,TELE-MEDICINE,IN-NETWORK,CO-PAY IN $,100,0,60,120,100,2,10,low,high,RISK,2
1,1,0,0,Bonus,2804,No,Owns,11,11,30,10,6,TELE-MEDICINE,IN-NETWORK,CO-PAY IN $,100,120,60,0,100,2,10,low,high,RISK,2
2,1,2,1,Bonus,2793,Yes,Owns,17,19,27,10,6,TELE-MEDICINE,IN-NETWORK,CO-PAY IN $,60,100,120,0,100,2,10,low,high,RISK,2
2,0,2,0,Salaried,1366,No,Owns,14,15,31,10,6,TELE-MEDICINE,IN-NETWORK,CO-PAY IN $,0,60,100,120,100,2,10,low,high,RISK,2
0,1,1,2,Salaried,3990,No,Rents,13,12,28,10,6,TELE-MEDICINE,IN-NETWORK,CO-PAY IN $,120,100,60,0,100,2,10,low,high,RISK,2
0,1,1,0,Salaried,1625,No,Owns,16,16,31,10,6,TELE-MEDICINE,IN-NETWORK,CO-PAY IN $,100,120,0,60,100,2,10,low,high,RISK,2
1,2,0,0,Hourly,1178,No,Owns,5,12,39,10,6,TELE-MEDICINE,IN-NETWORK,CO-PAY IN $,0,100,60,120,100,2,10,low,high,RISK,2
1,1,0,0,Hourly,2665,No,Rents,8,14,30,10,6,TELE-MEDICINE,IN-NETWORK,CO-PAY IN $,0,120,60,100,100,2,10,low,high,RISK,2
1,1,2,0,Hourly,4144,No,Owns,9,13,26,10,6,TELE-MEDICINE,IN-NETWORK,CO-PAY IN $,120,60,100,0,100,2,10,low,high,RISK,2
1,1,2,0,Hourly,2547,Yes,Owns,14,16,37,10,6,TELE-MEDICINE,IN-NETWORK,CO-PAY IN $,0,60,120,100,100,2,10,low,high,RISK,2
1,1,1,0,Hourly,152,Yes,Owns,15,16,39,10,6,TELE-MEDICINE,IN-NETWORK,CO-PAY IN $,120,100,0,60,100,2,10,low,high,RISK,2
0,0,0,0,Bonus,2909,Yes,Rents,9,14,30,10,6,TELE-MEDICINE,IN-NETWORK,CO-PAY IN $,120,100,0,60,100,2,10,low,high,RISK,2
2,2,1,1,Bonus,2404,Yes,Owns,11,14,34,10,6,TELE-MEDICINE,IN-NETWORK,CO-PAY IN $,100,0,60,120,100,2,10,low,high,RISK,2
2,0,1,2,Bonus,144,Yes,Owns,10,19,30,10,6,TELE-MEDICINE,IN-NETWORK,CO-PAY IN $,100,120,0,60,100,2,10,low,high,RISK,2
2,0,1,0,Hourly,2250,No,Owns,11,17,35,10,6,TELE-MEDICINE,IN-NETWORK,CO-PAY IN $,60,100,120,0,100,2,10,low,high,RISK,2
2,0,0,0,Hourly,4826,No,Owns,10,15,48,10,6,TELE-MEDICINE,IN-NETWORK,CO-PAY IN $,0,120,60,100,100,2,10,low,high,RISK,2
1,1,0,0,Salaried,792,No,Owns,12,12,35,10,6,TELE-MEDICINE,IN-NETWORK,CO-PAY IN $,60,120,0,100,100,2,10,low,high,RISK,2
0,2,0,1,Hourly,3429,No,Rents,15,18,32,10,6,TELE-MEDICINE,IN-NETWORK,CO-PAY IN $,120,60,0,100,100,2,10,low,high,RISK,2
0,2,0,1,Hourly,1596,Yes,Owns,11,13,27,10,6,TELE-MEDICINE,IN-NETWORK,CO-PAY IN $,120,60,100,0,100,2,10,low,high,RISK,2
1,1,2,0,Salaried,83,Yes,Owns,7,20,28,10,6,TELE-MEDICINE,IN-NETWORK,CO-PAY IN $,60,100,120,0,100,2,10,low,high,RISK,2
1,2,0,2,Salaried,3601,No,Owns,6,14,29,10,6,TELE-MEDICINE,IN-NETWORK,CO-PAY IN $,60,0,100,120,100,2,10,low,high,RISK,2
1,1,0,1,Bonus,861,No,Owns,15,13,50,10,6,TELE-MEDICINE,IN-NETWORK,CO-PAY IN $,100,120,60,0,100,2,10,low,high,RISK,2
0,2,2,2,Salaried,2240,Yes,Rents,15,20,35,10,6,TELE-MEDICINE,IN-NETWORK,CO-PAY IN $,60,100,120,0,100,2,10,low,high,RISK,2
1,0,0,0,Hourly,2384,No,Rents,6,17,32,10,6,TELE-MEDICINE,IN-NETWORK,CO-PAY IN $,0,120,60,100,100,2,10,low,high,RISK,2
0,0,0,0,Bonus,2363,Yes,Rents,12,16,31,10,6,TELE-MEDICINE,IN-NETWORK,CO-PAY IN $,120,100,60,0,100,2,10,low,high,RISK,2
1,1,2,0,Salaried,4539,No,Owns,10,20,34,10,6,TELE-MEDICINE,IN-NETWORK,CO-PAY IN $,0,100,120,60,100,2,10,low,high,RISK,2
1,1,0,0,Bonus,489,No,Rents,9,11,30,10,6,TELE-MEDICINE,IN-NETWORK,CO-PAY IN $,0,100,120,60,100,2,10,low,high,RISK,2
1,2,0,2,Bonus,4623,Yes,Owns,7,19,27,10,6,TELE-MEDICINE,IN-NETWORK,CO-PAY IN $,60,0,120,100,100,2,10,low,high,RISK,2
1,0,0,0,Salaried,153,Yes,Owns,5,15,31,10,6,TELE-MEDICINE,IN-NETWORK,CO-PAY IN $,100,120,60,0,100,2,10,low,high,RISK,2
0,2,2,1,Salaried,3954,No,Owns,6,12,28,10,6,TELE-MEDICINE,IN-NETWORK,CO-PAY IN $,0,120,60,100,100,2,10,low,high,RISK,2
0,1,0,0,Salaried,4742,No,Rents,5,16,31,10,6,TELE-MEDICINE,IN-NETWORK,CO-PAY IN $,60,0,100,120,100,2,10,low,high,RISK,2
0,0,0,1,Hourly,3289,No,Rents,15,12,39,10,6,TELE-MEDICINE,IN-NETWORK,CO-PAY IN $,120,60,100,0,100,2,10,low,high,RISK,2
0,0,1,1,Bonus,3409,Yes,Rents,13,14,30,10,6,TELE-MEDICINE,IN-NETWORK,CO-PAY IN $,120,100,0,60,100,2,10,low,high,RISK,2
0,0,2,1,Bonus,3179,No,Rents,8,13,26,10,6,TELE-MEDICINE,IN-NETWORK,CO-PAY IN $,0,60,100,120,100,2,10,low,high,RISK,2
0,0,0,1,Bonus,4271,No,Rents,9,16,37,10,6,TELE-MEDICINE,IN-NETWORK,CO-PAY IN $,60,0,120,100,100,2,10,low,high,RISK,2
0,0,0,0,Hourly,4605,Yes,Rents,10,16,39,10,6,TELE-MEDICINE,IN-NETWORK,CO-PAY IN $,60,120,0,100,100,2,10,low,high,RISK,2
0,2,2,2,Salaried,3042,Yes,Rents,6,14,30,10,6,TELE-MEDICINE,IN-NETWORK,CO-PAY IN $,0,60,120,100,100,2,10,low,high,RISK,2
0,2,2,0,Hourly,170,No,Rents,16,14,34,10,6,TELE-MEDICINE,IN-NETWORK,CO-PAY IN $,60,0,120,100,100,2,10,low,high,RISK,2
0,1,0,2,Salaried,2062,No,Rents,7,19,30,10,6,TELE-MEDICINE,IN-NETWORK,CO-PAY IN $,120,100,60,0,100,2,10,low,high,RISK,2
1,1,2,2,Bonus,1962,No,Rents,5,17,35,10,6,TELE-MEDICINE,IN-NETWORK,CO-PAY IN $,60,100,0,120,100,2,10,low,high,RISK,2
0,0,0,0,Bonus,1006,No,Owns,11,15,48,10,6,TELE-MEDICINE,IN-NETWORK,CO-PAY IN $,120,100,0,60,100,2,10,low,high,RISK,2
0,2,1,2,Salaried,4555,No,Rents,8,12,35,10,6,TELE-MEDICINE,IN-NETWORK,CO-PAY IN $,0,60,120,100,100,2,10,low,high,RISK,2
2,1,1,0,Bonus,458,No,Rents,10,18,32,10,6,TELE-MEDICINE,IN-NETWORK,CO-PAY IN $,120,0,60,100,100,2,10,low,high,RISK,2
2,0,2,1,Hourly,1593,No,Owns,5,13,27,10,6,TELE-MEDICINE,IN-NETWORK,CO-PAY IN $,120,60,100,0,100,2,10,low,high,RISK,2
0,2,0,1,Hourly,4519,Yes,Owns,11,20,28,10,6,TELE-MEDICINE,IN-NETWORK,CO-PAY IN $,60,120,100,0,100,2,10,low,high,RISK,2
0,1,0,0,Bonus,2639,No,Rents,5,14,29,10,6,TELE-MEDICINE,IN-NETWORK,CO-PAY IN $,0,60,100,120,100,2,10,low,high,RISK,2
0,0,2,1,Hourly,2563,Yes,Rents,15,13,50,10,6,TELE-MEDICINE,IN-NETWORK,CO-PAY IN $,60,120,100,0,100,2,10,low,high,RISK,2
0,1,2,1,Bonus,2810,Yes,Owns,15,20,35,10,6,TELE-MEDICINE,IN-NETWORK,CO-PAY IN $,60,0,120,100,100,2,10,low,high,RISK,2
1,1,0,1,Hourly,2954,Yes,Owns,18,17,32,10,6,TELE-MEDICINE,IN-NETWORK,CO-PAY IN $,0,100,120,60,100,2,10,low,high,RISK,2
1,0,2,0,Hourly,2299,Yes,Owns,13,16,31,10,6,TELE-MEDICINE,IN-NETWORK,CO-PAY IN $,120,100,0,60,100,2,10,low,high,RISK,2
0,0,1,2,Hourly,1155,No,Rents,6,20,34,10,6,TELE-MEDICINE,IN-NETWORK,CO-PAY IN $,120,100,60,0,100,2,10,low,high,RISK,2
1,0,2,0,Bonus,1856,Yes,Rents,14,11,30,10,6,TELE-MEDICINE,IN-NETWORK,CO-PAY IN $,100,0,60,120,100,2,10,low,high,RISK,2
2,1,1,0,Salaried,3352,Yes,Rents,6,19,27,10,6,TELE-MEDICINE,IN-NETWORK,CO-PAY IN $,60,100,120,0,100,2,10,low,high,RISK,2
2,0,0,1,Hourly,3735,Yes,Owns,15,15,31,10,6,TELE-MEDICINE,IN-NETWORK,CO-PAY IN $,100,60,120,0,100,2,10,low,high,RISK,2
2,1,0,2,Salaried,1125,Yes,Rents,6,12,28,10,6,TELE-MEDICINE,IN-NETWORK,CO-PAY IN $,60,0,120,100,100,2,10,low,high,RISK,2
2,0,1,0,Bonus,4695,No,Owns,5,16,31,10,6,TELE-MEDICINE,IN-NETWORK,CO-PAY IN $,120,100,60,0,100,2,10,low,high,RISK,2
1,1,1,1,Salaried,1210,No,Rents,17,12,39,10,6,TELE-MEDICINE,IN-NETWORK,CO-PAY IN $,60,0,100,120,100,2,10,low,high,RISK,2
1,2,1,0,Bonus,3149,No,Owns,6,14,30,10,6,TELE-MEDICINE,IN-NETWORK,CO-PAY IN $,60,120,0,100,100,2,10,low,high,RISK,2
1,1,1,1,Bonus,3757,No,Rents,6,13,26,10,6,TELE-MEDICINE,IN-NETWORK,CO-PAY IN $,100,0,120,60,100,2,10,low,high,RISK,2
1,0,2,1,Salaried,4038,Yes,Rents,12,16,37,10,6,TELE-MEDICINE,IN-NETWORK,CO-PAY IN $,60,0,120,100,100,2,10,low,high,RISK,2
0,0,0,2,Bonus,381,No,Owns,8,16,39,10,6,TELE-MEDICINE,IN-NETWORK,CO-PAY IN $,0,120,60,100,100,2,10,low,high,RISK,2
0,0,1,1,Hourly,2879,Yes,Rents,16,14,30,10,6,TELE-MEDICINE,IN-NETWORK,CO-PAY IN $,60,100,120,0,100,2,10,low,high,RISK,2
1,2,0,0,Hourly,2246,No,Owns,17,14,34,10,6,TELE-MEDICINE,IN-NETWORK,CO-PAY IN $,100,0,60,120,100,2,10,low,high,RISK,2
0,2,1,0,Hourly,3337,No,Rents,7,19,30,10,6,TELE-MEDICINE,IN-NETWORK,CO-PAY IN $,100,0,60,120,100,2,10,low,high,RISK,2
1,1,1,1,Hourly,874,No,Owns,17,17,35,10,6,TELE-MEDICINE,IN-NETWORK,CO-PAY IN $,120,100,60,0,100,2,10,low,high,RISK,2
0,1,0,0,Hourly,4470,Yes,Owns,6,15,48,10,6,TELE-MEDICINE,IN-NETWORK,CO-PAY IN $,120,60,100,0,100,2,10,low,high,RISK,2
2,0,1,1,Hourly,3252,Yes,Owns,10,12,35,10,6,TELE-MEDICINE,IN-NETWORK,CO-PAY IN $,60,0,120,100,100,2,10,low,high,RISK,2
0,2,0,1,Hourly,176,Yes,Rents,9,18,32,10,6,TELE-MEDICINE,IN-NETWORK,CO-PAY IN $,60,120,100,0,100,2,10,low,high,RISK,2
1,0,2,0,Hourly,3681,Yes,Owns,6,13,27,10,6,TELE-MEDICINE,IN-NETWORK,CO-PAY IN $,120,60,0,100,100,2,10,low,high,RISK,2
1,2,1,2,Hourly,1019,Yes,Owns,15,20,28,10,6,TELE-MEDICINE,IN-NETWORK,CO-PAY IN $,120,0,60,100,100,2,10,low,high,RISK,2
1,2,1,1,Bonus,4493,Yes,Owns,18,14,29,10,6,TELE-MEDICINE,IN-NETWORK,CO-PAY IN $,60,0,120,100,100,2,10,low,high,RISK,2
1,2,2,0,Salaried,1012,Yes,Owns,15,13,50,10,6,TELE-MEDICINE,IN-NETWORK,CO-PAY IN $,100,120,0,60,100,2,10,low,high,RISK,2
0,0,1,1,Bonus,1248,Yes,Rents,7,20,35,10,6,TELE-MEDICINE,IN-NETWORK,CO-PAY IN $,120,0,100,60,100,2,10,low,high,RISK,2
0,0,1,0,Salaried,1214,No,Owns,6,17,32,10,6,TELE-MEDICINE,IN-NETWORK,CO-PAY IN $,0,60,100,120,100,2,10,low,high,RISK,2
1,0,1,0,Salaried,2852,Yes,Rents,6,16,31,10,6,TELE-MEDICINE,IN-NETWORK,CO-PAY IN $,120,60,0,100,100,2,10,low,high,RISK,2
1,0,0,0,Bonus,1440,Yes,Owns,10,20,34,10,6,TELE-MEDICINE,IN-NETWORK,CO-PAY IN $,120,100,0,60,100,2,10,low,high,RISK,2
1,0,1,0,Bonus,2951,No,Owns,11,11,30,10,6,TELE-MEDICINE,IN-NETWORK,CO-PAY IN $,120,60,100,0,100,2,10,low,high,RISK,2
3,2,1,3,Salaried,4377,No,Rents,24,48,52,10,7,TELE-MEDICINE,IN-NETWORK,CO-PAY IN $,100,120,60,0,100,2,20,low,high,RISK,2
1,1,2,1,Salaried,1919,No,Owns,25,33,56,10,7,TELE-MEDICINE,IN-NETWORK,CO-PAY IN $,100,60,0,120,100,2,20,low,high,RISK,2
2,2,1,1,Salaried,4671,Yes,Rents,33,23,53,10,7,TELE-MEDICINE,IN-NETWORK,CO-PAY IN $,0,120,60,100,100,2,20,low,high,RISK,2
3,2,1,1,Bonus,1139,No,Owns,29,38,56,10,7,TELE-MEDICINE,IN-NETWORK,CO-PAY IN $,100,0,60,120,100,2,20,low,high,RISK,2
1,2,3,2,Bonus,3085,No,Rents,23,24,64,10,7,TELE-MEDICINE,IN-NETWORK,CO-PAY IN $,100,0,120,60,100,2,20,low,high,RISK,2
1,2,3,1,Salaried,912,Yes,Rents,37,29,55,10,7,TELE-MEDICINE,IN-NETWORK,CO-PAY IN $,60,100,120,0,100,2,20,low,high,RISK,2
2,1,3,2,Hourly,3561,Yes,Owns,28,26,51,10,7,TELE-MEDICINE,IN-NETWORK,CO-PAY IN $,60,100,0,120,100,2,20,low,high,RISK,2
2,3,1,1,Hourly,4350,No,Rents,19,36,62,10,7,TELE-MEDICINE,IN-NETWORK,CO-PAY IN $,0,60,120,100,100,2,20,low,high,RISK,2
3,3,2,3,Salaried,3664,No,Owns,18,38,64,10,7,TELE-MEDICINE,IN-NETWORK,CO-PAY IN $,60,120,100,0,100,2,20,low,high,RISK,2
1,1,1,1,Bonus,1972,Yes,Owns,38,31,55,10,7,TELE-MEDICINE,IN-NETWORK,CO-PAY IN $,100,0,120,60,100,2,20,low,high,RISK,2
1,1,3,3,Salaried,1235,Yes,Rents,32,31,59,10,7,TELE-MEDICINE,IN-NETWORK,CO-PAY IN $,100,120,60,0,100,2,20,low,high,RISK,2
1,3,1,2,Bonus,2294,Yes,Owns,25,47,55,10,7,TELE-MEDICINE,IN-NETWORK,CO-PAY IN $,0,100,60,120,100,2,20,low,high,RISK,2
1,2,3,1,Salaried,4592,Yes,Rents,37,41,60,10,7,TELE-MEDICINE,IN-NETWORK,CO-PAY IN $,100,60,120,0,100,2,20,low,high,RISK,2
1,1,1,2,Hourly,2183,Yes,Owns,16,35,73,10,7,TELE-MEDICINE,IN-NETWORK,CO-PAY IN $,100,0,60,120,100,2,20,low,high,RISK,2
2,2,3,2,Salaried,1622,Yes,Rents,21,24,60,10,7,TELE-MEDICINE,IN-NETWORK,CO-PAY IN $,60,120,100,0,100,2,20,low,high,RISK,2
2,3,1,3,Salaried,4259,Yes,Rents,17,43,57,10,7,TELE-MEDICINE,IN-NETWORK,CO-PAY IN $,100,60,0,120,100,2,20,low,high,RISK,2
3,2,2,3,Salaried,4138,No,Owns,37,25,52,10,7,TELE-MEDICINE,IN-NETWORK,CO-PAY IN $,0,60,120,100,100,2,20,low,high,RISK,2
3,1,2,3,Bonus,2742,No,Owns,39,50,53,10,7,TELE-MEDICINE,IN-NETWORK,CO-PAY IN $,0,60,100,120,100,2,20,low,high,RISK,2
1,1,1,3,Bonus,4027,Yes,Rents,21,31,54,10,7,TELE-MEDICINE,IN-NETWORK,CO-PAY IN $,60,0,120,100,100,2,20,low,high,RISK,2
2,2,1,1,Bonus,3643,No,Rents,35,26,75,10,7,TELE-MEDICINE,IN-NETWORK,CO-PAY IN $,100,60,120,0,100,2,20,low,high,RISK,2
2,1,3,1,Salaried,1855,No,Rents,39,49,60,10,7,TELE-MEDICINE,IN-NETWORK,CO-PAY IN $,60,120,0,100,100,2,20,low,high,RISK,2
1,3,1,1,Bonus,4199,No,Owns,33,40,57,10,7,TELE-MEDICINE,IN-NETWORK,CO-PAY IN $,60,100,120,0,100,2,20,low,high,RISK,2
1,3,2,1,Salaried,358,No,Rents,28,36,56,10,7,TELE-MEDICINE,IN-NETWORK,CO-PAY IN $,100,0,120,60,100,2,20,low,high,RISK,2
2,2,2,1,Salaried,2175,No,Owns,35,49,59,10,7,TELE-MEDICINE,IN-NETWORK,CO-PAY IN $,0,120,60,100,100,2,20,low,high,RISK,2
2,2,1,1,Bonus,2804,No,Owns,26,20,55,10,7,TELE-MEDICINE,IN-NETWORK,CO-PAY IN $,120,100,60,0,100,2,20,low,high,RISK,2
3,3,3,2,Bonus,2793,Yes,Owns,39,48,52,10,7,TELE-MEDICINE,IN-NETWORK,CO-PAY IN $,60,120,0,100,100,2,20,low,high,RISK,2
3,1,3,1,Salaried,1366,No,Owns,32,33,56,10,7,TELE-MEDICINE,IN-NETWORK,CO-PAY IN $,60,120,100,0,100,2,20,low,high,RISK,2
1,2,2,3,Salaried,3990,No,Rents,30,23,53,10,7,TELE-MEDICINE,IN-NETWORK,CO-PAY IN $,60,120,0,100,100,2,20,low,high,RISK,2
1,2,2,1,Salaried,1625,No,Owns,36,38,56,10,7,TELE-MEDICINE,IN-NETWORK,CO-PAY IN $,0,120,100,60,100,2,20,low,high,RISK,2
2,3,1,1,Hourly,1178,No,Owns,15,24,64,10,7,TELE-MEDICINE,IN-NETWORK,CO-PAY IN $,0,100,60,120,100,2,20,low,high,RISK,2
2,1,1,1,Hourly,2665,No,Rents,20,29,55,10,7,TELE-MEDICINE,IN-NETWORK,CO-PAY IN $,60,120,0,100,100,2,20,low,high,RISK,2
2,3,3,1,Hourly,4144,No,Owns,23,26,51,10,7,TELE-MEDICINE,IN-NETWORK,CO-PAY IN $,120,60,100,0,100,2,20,low,high,RISK,2
2,2,3,1,Hourly,2547,Yes,Owns,32,36,62,10,7,TELE-MEDICINE,IN-NETWORK,CO-PAY IN $,100,0,60,120,100,2,20,low,high,RISK,2
2,1,2,1,Hourly,152,Yes,Owns,34,38,64,10,7,TELE-MEDICINE,IN-NETWORK,CO-PAY IN $,100,0,60,120,100,2,20,low,high,RISK,2
1,1,1,1,Bonus,2909,Yes,Rents,23,31,55,10,7,TELE-MEDICINE,IN-NETWORK,CO-PAY IN $,60,100,0,120,100,2,20,low,high,RISK,2
3,3,2,2,Bonus,2404,Yes,Owns,27,31,59,10,7,TELE-MEDICINE,IN-NETWORK,CO-PAY IN $,120,0,60,100,100,2,20,low,high,RISK,2
3,1,2,3,Bonus,144,Yes,Owns,24,47,55,10,7,TELE-MEDICINE,IN-NETWORK,CO-PAY IN $,100,0,60,120,100,2,20,low,high,RISK,2
3,1,2,1,Hourly,2250,No,Owns,26,41,60,10,7,TELE-MEDICINE,IN-NETWORK,CO-PAY IN $,120,100,60,0,100,2,20,low,high,RISK,2
3,1,1,1,Hourly,4826,No,Owns,25,35,73,10,7,TELE-MEDICINE,IN-NETWORK,CO-PAY IN $,120,0,100,60,100,2,20,low,high,RISK,2
2,2,1,1,Salaried,792,No,Owns,28,24,60,10,7,TELE-MEDICINE,IN-NETWORK,CO-PAY IN $,120,100,0,60,100,2,20,low,high,RISK,2
1,3,1,2,Hourly,3429,No,Rents,34,43,57,10,7,TELE-MEDICINE,IN-NETWORK,CO-PAY IN $,100,0,120,60,100,2,20,low,high,RISK,2
1,3,1,2,Hourly,1596,Yes,Owns,27,25,52,10,7,TELE-MEDICINE,IN-NETWORK,CO-PAY IN $,120,100,60,0,100,2,20,low,high,RISK,2
2,3,3,1,Salaried,83,Yes,Owns,19,50,53,10,7,TELE-MEDICINE,IN-NETWORK,CO-PAY IN $,0,60,120,100,100,2,20,low,high,RISK,2
2,3,1,3,Salaried,3601,No,Owns,17,31,54,10,7,TELE-MEDICINE,IN-NETWORK,CO-PAY IN $,120,100,0,60,100,2,20,low,high,RISK,2
2,2,1,2,Bonus,861,No,Owns,34,26,75,10,7,TELE-MEDICINE,IN-NETWORK,CO-PAY IN $,100,120,60,0,100,2,20,low,high,RISK,2
1,3,3,3,Salaried,2240,Yes,Rents,35,49,60,10,7,TELE-MEDICINE,IN-NETWORK,CO-PAY IN $,0,100,120,60,100,2,20,low,high,RISK,2
1,1,1,1,Hourly,2384,No,Rents,17,40,57,10,7,TELE-MEDICINE,IN-NETWORK,CO-PAY IN $,60,100,0,120,100,2,20,low,high,RISK,2
1,1,1,1,Bonus,2363,Yes,Rents,29,36,56,10,7,TELE-MEDICINE,IN-NETWORK,CO-PAY IN $,60,0,120,100,100,2,20,low,high,RISK,2
2,1,3,1,Salaried,4539,No,Owns,24,49,59,10,7,TELE-MEDICINE,IN-NETWORK,CO-PAY IN $,60,100,0,120,100,2,20,low,high,RISK,2
2,1,1,1,Bonus,489,No,Rents,23,20,55,10,7,TELE-MEDICINE,IN-NETWORK,CO-PAY IN $,0,120,100,60,100,2,20,low,high,RISK,2
2,3,1,3,Bonus,4623,Yes,Owns,19,48,52,10,7,TELE-MEDICINE,IN-NETWORK,CO-PAY IN $,100,120,60,0,100,2,20,low,high,RISK,2
2,1,1,1,Salaried,153,Yes,Owns,15,33,56,10,7,TELE-MEDICINE,IN-NETWORK,CO-PAY IN $,120,60,0,100,100,2,20,low,high,RISK,2
1,3,3,2,Salaried,3954,No,Owns,17,23,53,10,7,TELE-MEDICINE,IN-NETWORK,CO-PAY IN $,120,100,0,60,100,2,20,low,high,RISK,2
1,2,1,1,Salaried,4742,No,Rents,15,38,56,10,7,TELE-MEDICINE,IN-NETWORK,CO-PAY IN $,120,100,0,60,100,2,20,low,high,RISK,2
1,1,1,2,Hourly,3289,No,Rents,35,24,64,10,7,TELE-MEDICINE,IN-NETWORK,CO-PAY IN $,0,60,100,120,100,2,20,low,high,RISK,2
1,1,2,2,Bonus,3409,Yes,Rents,30,29,55,10,7,TELE-MEDICINE,IN-NETWORK,CO-PAY IN $,0,60,100,120,100,2,20,low,high,RISK,2
1,1,3,2,Bonus,3179,No,Rents,21,26,51,10,7,TELE-MEDICINE,IN-NETWORK,CO-PAY IN $,0,120,100,60,100,2,20,low,high,RISK,2
1,1,1,2,Bonus,4271,No,Rents,22,36,62,10,7,TELE-MEDICINE,IN-NETWORK,CO-PAY IN $,100,120,60,0,100,2,20,low,high,RISK,2
1,1,1,1,Hourly,4605,Yes,Rents,24,38,64,10,7,TELE-MEDICINE,IN-NETWORK,CO-PAY IN $,0,60,100,120,100,2,20,low,high,RISK,2
1,3,3,3,Salaried,3042,Yes,Rents,16,31,55,10,7,TELE-MEDICINE,IN-NETWORK,CO-PAY IN $,120,0,60,100,100,2,20,low,high,RISK,2
1,3,3,1,Hourly,170,No,Rents,37,31,59,10,7,TELE-MEDICINE,IN-NETWORK,CO-PAY IN $,120,100,0,60,100,2,20,low,high,RISK,2
1,1,1,3,Salaried,2062,No,Rents,20,47,55,10,7,TELE-MEDICINE,IN-NETWORK,CO-PAY IN $,100,120,60,0,100,2,20,low,high,RISK,2
2,2,3,3,Bonus,1962,No,Rents,15,41,60,10,7,TELE-MEDICINE,IN-NETWORK,CO-PAY IN $,60,120,0,100,100,2,20,low,high,RISK,2
1,1,1,1,Bonus,1006,No,Owns,27,35,73,10,7,TELE-MEDICINE,IN-NETWORK,CO-PAY IN $,0,60,120,100,100,2,20,low,high,RISK,2
1,3,2,3,Salaried,4555,No,Rents,20,24,60,10,7,TELE-MEDICINE,IN-NETWORK,CO-PAY IN $,60,120,0,100,100,2,20,low,high,RISK,2
3,1,2,1,Bonus,458,No,Rents,25,43,57,10,7,TELE-MEDICINE,IN-NETWORK,CO-PAY IN $,60,120,100,0,100,2,20,low,high,RISK,2
3,1,3,1,Hourly,1593,No,Owns,16,25,52,10,7,TELE-MEDICINE,IN-NETWORK,CO-PAY IN $,120,0,60,100,100,2,20,low,high,RISK,2
1,3,1,2,Hourly,4519,Yes,Owns,26,50,53,10,7,TELE-MEDICINE,IN-NETWORK,CO-PAY IN $,100,120,0,60,100,2,20,low,high,RISK,2
1,2,1,1,Bonus,2639,No,Rents,16,31,54,10,7,TELE-MEDICINE,IN-NETWORK,CO-PAY IN $,60,120,100,0,100,2,20,low,high,RISK,2
1,1,3,1,Hourly,2563,Yes,Rents,35,26,75,10,7,TELE-MEDICINE,IN-NETWORK,CO-PAY IN $,60,0,100,120,100,2,20,low,high,RISK,2
1,2,3,2,Bonus,2810,Yes,Owns,35,49,60,10,7,TELE-MEDICINE,IN-NETWORK,CO-PAY IN $,120,0,60,100,100,2,20,low,high,RISK,2
2,2,1,2,Hourly,2954,Yes,Owns,39,40,57,10,7,TELE-MEDICINE,IN-NETWORK,CO-PAY IN $,0,120,100,60,100,2,20,low,high,RISK,2
2,1,3,1,Hourly,2299,Yes,Owns,31,36,56,10,7,TELE-MEDICINE,IN-NETWORK,CO-PAY IN $,120,0,60,100,100,2,20,low,high,RISK,2
1,1,2,3,Hourly,1155,No,Rents,16,49,59,10,7,TELE-MEDICINE,IN-NETWORK,CO-PAY IN $,100,120,0,60,100,2,20,low,high,RISK,2
2,1,3,1,Bonus,1856,Yes,Rents,31,20,55,10,7,TELE-MEDICINE,IN-NETWORK,CO-PAY IN $,0,120,100,60,100,2,20,low,high,RISK,2
3,2,2,1,Salaried,3352,Yes,Rents,18,48,52,10,7,TELE-MEDICINE,IN-NETWORK,CO-PAY IN $,120,60,100,0,100,2,20,low,high,RISK,2
3,1,1,2,Hourly,3735,Yes,Owns,34,33,56,10,7,TELE-MEDICINE,IN-NETWORK,CO-PAY IN $,60,100,120,0,100,2,20,low,high,RISK,2
3,2,1,3,Salaried,1125,Yes,Rents,18,23,53,10,7,TELE-MEDICINE,IN-NETWORK,CO-PAY IN $,0,100,120,60,100,2,20,low,high,RISK,2
3,1,2,1,Bonus,4695,No,Owns,15,38,56,10,7,TELE-MEDICINE,IN-NETWORK,CO-PAY IN $,100,0,120,60,100,2,20,low,high,RISK,2
2,2,2,2,Salaried,1210,No,Rents,38,24,64,10,7,TELE-MEDICINE,IN-NETWORK,CO-PAY IN $,100,0,120,60,100,2,20,low,high,RISK,2
2,3,2,1,Bonus,3149,No,Owns,17,29,55,10,7,TELE-MEDICINE,IN-NETWORK,CO-PAY IN $,120,60,100,0,100,2,20,low,high,RISK,2
2,2,2,2,Bonus,3757,No,Rents,18,26,51,10,7,TELE-MEDICINE,IN-NETWORK,CO-PAY IN $,100,60,0,120,100,2,20,low,high,RISK,2
3,1,3,2,Salaried,4038,Yes,Rents,28,36,62,10,7,TELE-MEDICINE,IN-NETWORK,CO-PAY IN $,0,100,60,120,100,2,20,low,high,RISK,2
1,1,1,3,Bonus,381,No,Owns,20,38,64,10,7,TELE-MEDICINE,IN-NETWORK,CO-PAY IN $,100,120,60,0,100,2,20,low,high,RISK,2
1,1,1,2,Hourly,2879,Yes,Rents,37,31,55,10,7,TELE-MEDICINE,IN-NETWORK,CO-PAY IN $,100,0,60,120,100,2,20,low,high,RISK,2
2,3,1,1,Hourly,2246,No,Owns,38,31,59,10,7,TELE-MEDICINE,IN-NETWORK,CO-PAY IN $,100,0,120,60,100,2,20,low,high,RISK,2
1,3,2,1,Hourly,3337,No,Rents,18,47,55,10,7,TELE-MEDICINE,IN-NETWORK,CO-PAY IN $,120,100,60,0,100,2,20,low,high,RISK,2
2,2,1,2,Hourly,874,No,Owns,38,41,60,10,7,TELE-MEDICINE,IN-NETWORK,CO-PAY IN $,120,100,0,60,100,2,20,low,high,RISK,2
1,2,1,1,Hourly,4470,Yes,Owns,16,35,73,10,7,TELE-MEDICINE,IN-NETWORK,CO-PAY IN $,60,0,120,100,100,2,20,low,high,RISK,2
3,1,3,1,Hourly,3252,Yes,Owns,24,24,60,10,7,TELE-MEDICINE,IN-NETWORK,CO-PAY IN $,60,120,0,100,100,2,20,low,high,RISK,2
1,3,1,2,Hourly,176,Yes,Rents,23,43,57,10,7,TELE-MEDICINE,IN-NETWORK,CO-PAY IN $,100,60,0,120,100,2,20,low,high,RISK,2
2,1,3,1,Hourly,3681,Yes,Owns,17,25,52,10,7,TELE-MEDICINE,IN-NETWORK,CO-PAY IN $,120,60,0,100,100,2,20,low,high,RISK,2
1,3,2,3,Hourly,1019,Yes,Owns,35,50,53,10,7,TELE-MEDICINE,IN-NETWORK,CO-PAY IN $,100,60,0,120,100,2,20,low,high,RISK,2
1,3,2,1,Bonus,4493,Yes,Owns,39,31,54,10,7,TELE-MEDICINE,IN-NETWORK,CO-PAY IN $,0,60,100,120,100,2,20,low,high,RISK,2
1,3,3,1,Salaried,1012,Yes,Owns,34,26,75,10,7,TELE-MEDICINE,IN-NETWORK,CO-PAY IN $,0,60,100,120,100,2,20,low,high,RISK,2
1,1,2,1,Bonus,1248,Yes,Rents,18,49,60,10,7,TELE-MEDICINE,IN-NETWORK,CO-PAY IN $,0,120,60,100,100,2,20,low,high,RISK,2
1,1,2,1,Salaried,1214,No,Owns,17,40,57,10,7,TELE-MEDICINE,IN-NETWORK,CO-PAY IN $,120,0,60,100,100,2,20,low,high,RISK,2
2,1,1,1,Salaried,2852,Yes,Rents,18,36,56,10,7,TELE-MEDICINE,IN-NETWORK,CO-PAY IN $,0,120,100,60,100,2,20,low,high,RISK,2
2,1,1,1,Bonus,1440,Yes,Owns,24,49,59,10,7,TELE-MEDICINE,IN-NETWORK,CO-PAY IN $,120,100,0,60,100,2,20,low,high,RISK,2
3,1,3,1,Bonus,2951,No,Owns,26,20,55,10,7,TELE-MEDICINE,IN-NETWORK,CO-PAY IN $,100,60,0,120,100,2,20,low,high,RISK,2
4,3,2,4,Salaried,4377,No,Rents,46,73,76,10,8,TELE-MEDICINE,IN-NETWORK,CO-PAY IN $,120,60,0,100,60,3,50,low,high,RISK,2
2,3,4,2,Salaried,1919,No,Owns,48,61,80,10,8,TELE-MEDICINE,IN-NETWORK,CO-PAY IN $,60,100,0,120,60,3,50,low,high,RISK,2
4,4,3,2,Salaried,4671,Yes,Rents,57,53,77,10,8,TELE-MEDICINE,IN-NETWORK,CO-PAY IN $,60,120,0,100,60,3,50,low,high,RISK,2
4,4,2,2,Bonus,1139,No,Owns,52,65,80,10,8,TELE-MEDICINE,IN-NETWORK,CO-PAY IN $,0,100,60,120,60,3,50,low,high,RISK,2
3,4,4,3,Bonus,3085,No,Rents,45,54,88,10,8,TELE-MEDICINE,IN-NETWORK,CO-PAY IN $,0,120,60,100,60,3,50,low,high,RISK,2
3,4,4,3,Salaried,912,Yes,Rents,61,58,79,10,8,TELE-MEDICINE,IN-NETWORK,CO-PAY IN $,0,60,100,120,60,3,50,low,high,RISK,2
4,3,4,3,Hourly,3561,Yes,Owns,51,56,75,10,8,TELE-MEDICINE,IN-NETWORK,CO-PAY IN $,100,120,0,60,60,3,50,low,high,RISK,2
4,4,2,2,Hourly,4350,No,Rents,40,64,87,10,8,TELE-MEDICINE,IN-NETWORK,CO-PAY IN $,0,60,100,120,60,3,50,low,high,RISK,2
4,4,4,4,Salaried,3664,No,Owns,39,65,88,10,8,TELE-MEDICINE,IN-NETWORK,CO-PAY IN $,100,120,60,0,60,3,50,low,high,RISK,2
2,3,3,3,Bonus,1972,Yes,Owns,62,60,80,10,8,TELE-MEDICINE,IN-NETWORK,CO-PAY IN $,120,100,0,60,60,3,50,low,high,RISK,2
3,2,4,4,Salaried,1235,Yes,Rents,55,60,83,10,8,TELE-MEDICINE,IN-NETWORK,CO-PAY IN $,0,100,120,60,60,3,50,low,high,RISK,2
2,4,3,3,Bonus,2294,Yes,Owns,47,72,79,10,8,TELE-MEDICINE,IN-NETWORK,CO-PAY IN $,0,60,120,100,60,3,50,low,high,RISK,2
2,3,4,3,Salaried,4592,Yes,Rents,62,68,84,10,8,TELE-MEDICINE,IN-NETWORK,CO-PAY IN $,100,60,0,120,60,3,50,low,high,RISK,2
3,3,3,4,Hourly,2183,Yes,Owns,37,63,98,10,8,TELE-MEDICINE,IN-NETWORK,CO-PAY IN $,100,120,0,60,60,3,50,low,high,RISK,2
3,3,4,3,Salaried,1622,Yes,Rents,42,55,84,10,8,TELE-MEDICINE,IN-NETWORK,CO-PAY IN $,100,0,60,120,60,3,50,low,high,RISK,2
3,4,3,4,Salaried,4259,Yes,Rents,37,70,81,10,8,TELE-MEDICINE,IN-NETWORK,CO-PAY IN $,60,120,100,0,60,3,50,low,high,RISK,2
4,3,3,4,Salaried,4138,No,Owns,62,55,76,10,8,TELE-MEDICINE,IN-NETWORK,CO-PAY IN $,120,100,0,60,60,3,50,low,high,RISK,2
4,3,4,4,Bonus,2742,No,Owns,64,75,77,10,8,TELE-MEDICINE,IN-NETWORK,CO-PAY IN $,60,100,120,0,60,3,50,low,high,RISK,2
3,3,3,4,Bonus,4027,Yes,Rents,43,60,78,10,8,TELE-MEDICINE,IN-NETWORK,CO-PAY IN $,60,120,100,0,60,3,50,low,high,RISK,2
4,4,2,2,Bonus,3643,No,Rents,59,56,100,10,8,TELE-MEDICINE,IN-NETWORK,CO-PAY IN $,120,100,60,0,60,3,50,low,high,RISK,2
4,2,4,2,Salaried,1855,No,Rents,63,74,85,10,8,TELE-MEDICINE,IN-NETWORK,CO-PAY IN $,60,0,100,120,60,3,50,low,high,RISK,2
3,4,2,3,Bonus,4199,No,Owns,57,67,81,10,8,TELE-MEDICINE,IN-NETWORK,CO-PAY IN $,100,120,60,0,60,3,50,low,high,RISK,2
3,4,3,2,Salaried,358,No,Rents,50,64,80,10,8,TELE-MEDICINE,IN-NETWORK,CO-PAY IN $,0,100,120,60,60,3,50,low,high,RISK,2
4,3,4,3,Salaried,2175,No,Owns,59,75,83,10,8,TELE-MEDICINE,IN-NETWORK,CO-PAY IN $,60,120,100,0,60,3,50,low,high,RISK,2
4,4,2,2,Bonus,2804,No,Owns,48,51,79,10,8,TELE-MEDICINE,IN-NETWORK,CO-PAY IN $,100,60,120,0,60,3,50,low,high,RISK,2
4,4,4,4,Bonus,2793,Yes,Owns,63,73,76,10,8,TELE-MEDICINE,IN-NETWORK,CO-PAY IN $,100,60,0,120,60,3,50,low,high,RISK,2
4,3,4,2,Salaried,1366,No,Owns,56,61,80,10,8,TELE-MEDICINE,IN-NETWORK,CO-PAY IN $,60,120,100,0,60,3,50,low,high,RISK,2
2,4,4,4,Salaried,3990,No,Rents,53,53,77,10,8,TELE-MEDICINE,IN-NETWORK,CO-PAY IN $,120,0,60,100,60,3,50,low,high,RISK,2
2,4,3,3,Salaried,1625,No,Owns,60,65,80,10,8,TELE-MEDICINE,IN-NETWORK,CO-PAY IN $,100,0,120,60,60,3,50,low,high,RISK,2
4,4,3,3,Hourly,1178,No,Owns,35,54,88,10,8,TELE-MEDICINE,IN-NETWORK,CO-PAY IN $,120,100,60,0,60,3,50,low,high,RISK,2
3,3,2,2,Hourly,2665,No,Rents,41,58,79,10,8,TELE-MEDICINE,IN-NETWORK,CO-PAY IN $,100,60,120,0,60,3,50,low,high,RISK,2
4,4,4,2,Hourly,4144,No,Owns,44,56,75,10,8,TELE-MEDICINE,IN-NETWORK,CO-PAY IN $,120,100,60,0,60,3,50,low,high,RISK,2
3,3,4,3,Hourly,2547,Yes,Owns,55,64,87,10,8,TELE-MEDICINE,IN-NETWORK,CO-PAY IN $,60,0,120,100,60,3,50,low,high,RISK,2
4,3,4,2,Hourly,152,Yes,Owns,58,65,88,10,8,TELE-MEDICINE,IN-NETWORK,CO-PAY IN $,0,100,120,60,60,3,50,low,high,RISK,2
3,2,2,3,Bonus,2909,Yes,Rents,45,60,80,10,8,TELE-MEDICINE,IN-NETWORK,CO-PAY IN $,0,100,120,60,60,3,50,low,high,RISK,2
4,4,3,3,Bonus,2404,Yes,Owns,49,60,83,10,8,TELE-MEDICINE,IN-NETWORK,CO-PAY IN $,100,120,60,0,60,3,50,low,high,RISK,2
4,2,4,4,Bonus,144,Yes,Owns,46,72,79,10,8,TELE-MEDICINE,IN-NETWORK,CO-PAY IN $,100,60,120,0,60,3,50,low,high,RISK,2
4,2,4,2,Hourly,2250,No,Owns,48,68,84,10,8,TELE-MEDICINE,IN-NETWORK,CO-PAY IN $,0,100,60,120,60,3,50,low,high,RISK,2
4,3,3,3,Hourly,4826,No,Owns,47,63,98,10,8,TELE-MEDICINE,IN-NETWORK,CO-PAY IN $,0,100,120,60,60,3,50,low,high,RISK,2
4,4,2,3,Salaried,792,No,Owns,50,55,84,10,8,TELE-MEDICINE,IN-NETWORK,CO-PAY IN $,120,0,60,100,60,3,50,low,high,RISK,2
2,4,2,3,Hourly,3429,No,Rents,58,70,81,10,8,TELE-MEDICINE,IN-NETWORK,CO-PAY IN $,60,120,0,100,60,3,50,low,high,RISK,2
3,4,3,4,Hourly,1596,Yes,Owns,50,55,76,10,8,TELE-MEDICINE,IN-NETWORK,CO-PAY IN $,120,100,0,60,60,3,50,low,high,RISK,2
4,4,4,3,Salaried,83,Yes,Owns,40,75,77,10,8,TELE-MEDICINE,IN-NETWORK,CO-PAY IN $,100,120,0,60,60,3,50,low,high,RISK,2
4,4,3,4,Salaried,3601,No,Owns,38,60,78,10,8,TELE-MEDICINE,IN-NETWORK,CO-PAY IN $,60,120,0,100,60,3,50,low,high,RISK,2
3,4,2,4,Bonus,861,No,Owns,58,56,100,10,8,TELE-MEDICINE,IN-NETWORK,CO-PAY IN $,0,120,100,60,60,3,50,low,high,RISK,2
2,4,4,4,Salaried,2240,Yes,Rents,59,74,85,10,8,TELE-MEDICINE,IN-NETWORK,CO-PAY IN $,100,120,0,60,60,3,50,low,high,RISK,2
3,3,2,2,Hourly,2384,No,Rents,37,67,81,10,8,TELE-MEDICINE,IN-NETWORK,CO-PAY IN $,100,0,60,120,60,3,50,low,high,RISK,2
2,2,3,3,Bonus,2363,Yes,Rents,52,64,80,10,8,TELE-MEDICINE,IN-NETWORK,CO-PAY IN $,60,120,0,100,60,3,50,low,high,RISK,2
3,3,4,2,Salaried,4539,No,Owns,45,75,83,10,8,TELE-MEDICINE,IN-NETWORK,CO-PAY IN $,60,0,100,120,60,3,50,low,high,RISK,2
3,3,2,2,Bonus,489,No,Rents,45,51,79,10,8,TELE-MEDICINE,IN-NETWORK,CO-PAY IN $,120,100,60,0,60,3,50,low,high,RISK,2
4,4,2,4,Bonus,4623,Yes,Owns,40,73,76,10,8,TELE-MEDICINE,IN-NETWORK,CO-PAY IN $,120,100,60,0,60,3,50,low,high,RISK,2
3,3,3,2,Salaried,153,Yes,Owns,36,61,80,10,8,TELE-MEDICINE,IN-NETWORK,CO-PAY IN $,60,100,120,0,60,3,50,low,high,RISK,2
3,4,4,4,Salaried,3954,No,Owns,38,53,77,10,8,TELE-MEDICINE,IN-NETWORK,CO-PAY IN $,60,100,0,120,60,3,50,low,high,RISK,2
3,3,2,3,Salaried,4742,No,Rents,35,65,80,10,8,TELE-MEDICINE,IN-NETWORK,CO-PAY IN $,120,60,0,100,60,3,50,low,high,RISK,2
2,2,2,3,Hourly,3289,No,Rents,59,54,88,10,8,TELE-MEDICINE,IN-NETWORK,CO-PAY IN $,0,120,60,100,60,3,50,low,high,RISK,2
2,2,3,3,Bonus,3409,Yes,Rents,54,58,79,10,8,TELE-MEDICINE,IN-NETWORK,CO-PAY IN $,120,0,60,100,60,3,50,low,high,RISK,2
3,3,4,3,Bonus,3179,No,Rents,42,56,75,10,8,TELE-MEDICINE,IN-NETWORK,CO-PAY IN $,120,100,60,0,60,3,50,low,high,RISK,2
3,3,2,4,Bonus,4271,No,Rents,43,64,87,10,8,TELE-MEDICINE,IN-NETWORK,CO-PAY IN $,120,100,0,60,60,3,50,low,high,RISK,2
3,3,3,2,Hourly,4605,Yes,Rents,46,65,88,10,8,TELE-MEDICINE,IN-NETWORK,CO-PAY IN $,0,60,120,100,60,3,50,low,high,RISK,2
2,4,4,4,Salaried,3042,Yes,Rents,37,60,80,10,8,TELE-MEDICINE,IN-NETWORK,CO-PAY IN $,0,60,120,100,60,3,50,low,high,RISK,2
2,4,4,3,Hourly,170,No,Rents,61,60,83,10,8,TELE-MEDICINE,IN-NETWORK,CO-PAY IN $,100,0,120,60,60,3,50,low,high,RISK,2
2,3,3,4,Salaried,2062,No,Rents,40,72,79,10,8,TELE-MEDICINE,IN-NETWORK,CO-PAY IN $,120,0,60,100,60,3,50,low,high,RISK,2
4,4,4,4,Bonus,1962,No,Rents,35,68,84,10,8,TELE-MEDICINE,IN-NETWORK,CO-PAY IN $,120,0,100,60,60,3,50,low,high,RISK,2
2,2,3,2,Bonus,1006,No,Owns,50,63,98,10,8,TELE-MEDICINE,IN-NETWORK,CO-PAY IN $,120,0,100,60,60,3,50,low,high,RISK,2
2,4,3,4,Salaried,4555,No,Rents,42,55,84,10,8,TELE-MEDICINE,IN-NETWORK,CO-PAY IN $,100,0,60,120,60,3,50,low,high,RISK,2
4,3,4,3,Bonus,458,No,Rents,46,70,81,10,8,TELE-MEDICINE,IN-NETWORK,CO-PAY IN $,120,60,100,0,60,3,50,low,high,RISK,2
4,3,4,3,Hourly,1593,No,Owns,36,55,76,10,8,TELE-MEDICINE,IN-NETWORK,CO-PAY IN $,60,100,120,0,60,3,50,low,high,RISK,2
3,4,2,3,Hourly,4519,Yes,Owns,48,75,77,10,8,TELE-MEDICINE,IN-NETWORK,CO-PAY IN $,100,120,0,60,60,3,50,low,high,RISK,2
2,4,3,3,Bonus,2639,No,Rents,36,60,78,10,8,TELE-MEDICINE,IN-NETWORK,CO-PAY IN $,120,100,60,0,60,3,50,low,high,RISK,2
2,3,4,3,Hourly,2563,Yes,Rents,59,56,100,10,8,TELE-MEDICINE,IN-NETWORK,CO-PAY IN $,120,100,60,0,60,3,50,low,high,RISK,2
3,4,4,4,Bonus,2810,Yes,Owns,58,74,85,10,8,TELE-MEDICINE,IN-NETWORK,CO-PAY IN $,60,120,0,100,60,3,50,low,high,RISK,2
3,4,3,4,Hourly,2954,Yes,Owns,64,67,81,10,8,TELE-MEDICINE,IN-NETWORK,CO-PAY IN $,120,100,0,60,60,3,50,low,high,RISK,2
3,2,4,3,Hourly,2299,Yes,Owns,54,64,80,10,8,TELE-MEDICINE,IN-NETWORK,CO-PAY IN $,120,100,0,60,60,3,50,low,high,RISK,2
2,3,4,4,Hourly,1155,No,Rents,37,75,83,10,8,TELE-MEDICINE,IN-NETWORK,CO-PAY IN $,100,120,0,60,60,3,50,low,high,RISK,2
4,2,4,3,Bonus,1856,Yes,Rents,55,51,79,10,8,TELE-MEDICINE,IN-NETWORK,CO-PAY IN $,60,100,120,0,60,3,50,low,high,RISK,2
4,4,3,3,Salaried,3352,Yes,Rents,38,73,76,10,8,TELE-MEDICINE,IN-NETWORK,CO-PAY IN $,120,60,0,100,60,3,50,low,high,RISK,2
4,3,2,3,Hourly,3735,Yes,Owns,58,61,80,10,8,TELE-MEDICINE,IN-NETWORK,CO-PAY IN $,100,60,120,0,60,3,50,low,high,RISK,2
4,3,3,4,Salaried,1125,Yes,Rents,38,53,77,10,8,TELE-MEDICINE,IN-NETWORK,CO-PAY IN $,100,60,120,0,60,3,50,low,high,RISK,2
4,2,4,2,Bonus,4695,No,Owns,35,65,80,10,8,TELE-MEDICINE,IN-NETWORK,CO-PAY IN $,0,120,60,100,60,3,50,low,high,RISK,2
3,3,3,4,Salaried,1210,No,Rents,62,54,88,10,8,TELE-MEDICINE,IN-NETWORK,CO-PAY IN $,60,120,100,0,60,3,50,low,high,RISK,2
4,3,4,4,Bonus,3757,No,Rents,38,56,75,10,8,TELE-MEDICINE,IN-NETWORK,CO-PAY IN $,60,0,120,100,60,3,50,low,high,RISK,2
4,3,4,4,Salaried,4038,Yes,Rents,51,64,87,10,8,TELE-MEDICINE,IN-NETWORK,CO-PAY IN $,120,100,60,0,60,3,50,low,high,RISK,2
2,3,3,4,Bonus,381,No,Owns,41,65,88,10,8,TELE-MEDICINE,IN-NETWORK,CO-PAY IN $,100,120,0,60,60,3,50,low,high,RISK,2
3,3,3,3,Hourly,2879,Yes,Rents,61,60,80,10,8,TELE-MEDICINE,IN-NETWORK,CO-PAY IN $,100,60,120,0,60,3,50,low,high,RISK,2
4,4,3,2,Hourly,2246,No,Owns,62,60,83,10,8,TELE-MEDICINE,IN-NETWORK,CO-PAY IN $,120,100,60,0,60,3,50,low,high,RISK,2
2,4,3,2,Hourly,3337,No,Rents,39,72,79,10,8,TELE-MEDICINE,IN-NETWORK,CO-PAY IN $,120,60,0,100,60,3,50,low,high,RISK,2
4,3,3,4,Hourly,874,No,Owns,63,68,84,10,8,TELE-MEDICINE,IN-NETWORK,CO-PAY IN $,120,100,0,60,60,3,50,low,high,RISK,2
3,4,2,3,Hourly,4470,Yes,Owns,36,63,98,10,8,TELE-MEDICINE,IN-NETWORK,CO-PAY IN $,0,120,100,60,60,3,50,low,high,RISK,2
4,3,4,3,Hourly,3252,Yes,Owns,46,55,84,10,8,TELE-MEDICINE,IN-NETWORK,CO-PAY IN $,100,60,120,0,60,3,50,low,high,RISK,2
3,4,2,3,Hourly,176,Yes,Rents,45,70,81,10,8,TELE-MEDICINE,IN-NETWORK,CO-PAY IN $,60,120,0,100,60,3,50,low,high,RISK,2
4,3,4,2,Hourly,3681,Yes,Owns,38,55,76,10,8,TELE-MEDICINE,IN-NETWORK,CO-PAY IN $,100,0,60,120,60,3,50,low,high,RISK,2
3,4,4,4,Hourly,1019,Yes,Owns,59,75,77,10,8,TELE-MEDICINE,IN-NETWORK,CO-PAY IN $,120,60,0,100,60,3,50,low,high,RISK,2
3,4,4,3,Bonus,4493,Yes,Owns,64,60,78,10,8,TELE-MEDICINE,IN-NETWORK,CO-PAY IN $,0,100,60,120,60,3,50,low,high,RISK,2
3,4,4,2,Salaried,1012,Yes,Owns,58,56,100,10,8,TELE-MEDICINE,IN-NETWORK,CO-PAY IN $,100,120,0,60,60,3,50,low,high,RISK,2
2,2,4,3,Bonus,1248,Yes,Rents,39,74,85,10,8,TELE-MEDICINE,IN-NETWORK,CO-PAY IN $,120,0,100,60,60,3,50,low,high,RISK,2
2,3,3,3,Salaried,1214,No,Owns,37,67,81,10,8,TELE-MEDICINE,IN-NETWORK,CO-PAY IN $,100,60,120,0,60,3,50,low,high,RISK,2
4,3,3,2,Salaried,2852,Yes,Rents,38,64,80,10,8,TELE-MEDICINE,IN-NETWORK,CO-PAY IN $,100,0,60,120,60,3,50,low,high,RISK,2
3,3,2,2,Bonus,1440,Yes,Owns,46,75,83,10,8,TELE-MEDICINE,IN-NETWORK,CO-PAY IN $,120,60,0,100,60,3,50,low,high,RISK,2
4,2,4,3,Bonus,2951,No,Owns,48,51,79,10,8,TELE-MEDICINE,IN-NETWORK,CO-PAY IN $,120,60,0,100,60,3,50,low,high,RISK,2
0,0,1,0,Salaried,1919,No,Owns,4,4,5,10,9,TELE-MEDICINE,IN-NETWORK,CO-PAY IN $,0,60,100,120,100,2,5,high,low,RISK,3
0,0,0,0,Salaried,4671,Yes,Rents,7,1,2,10,9,TELE-MEDICINE,IN-NETWORK,CO-PAY IN $,60,120,100,0,100,2,5,high,low,RISK,3
1,1,0,0,Bonus,1139,No,Owns,6,6,5,10,9,TELE-MEDICINE,IN-NETWORK,CO-PAY IN $,100,120,60,0,100,2,5,high,low,RISK,3
0,1,1,0,Bonus,3085,No,Rents,3,1,13,10,9,TELE-MEDICINE,IN-NETWORK,CO-PAY IN $,0,120,60,100,100,2,5,high,low,RISK,3
0,1,1,0,Salaried,912,Yes,Rents,9,3,4,10,9,TELE-MEDICINE,IN-NETWORK,CO-PAY IN $,0,60,100,120,100,2,5,high,low,RISK,3
1,0,1,0,Hourly,3561,Yes,Owns,5,2,0,10,9,TELE-MEDICINE,IN-NETWORK,CO-PAY IN $,0,60,120,100,100,2,5,high,low,RISK,3
1,1,0,0,Hourly,4350,No,Rents,2,5,12,10,9,TELE-MEDICINE,IN-NETWORK,CO-PAY IN $,0,100,60,120,100,2,5,high,low,RISK,3
1,1,0,1,Salaried,3664,No,Owns,1,6,13,10,9,TELE-MEDICINE,IN-NETWORK,CO-PAY IN $,0,60,100,120,100,2,5,high,low,RISK,3
0,0,0,0,Bonus,1972,Yes,Owns,9,4,5,10,9,TELE-MEDICINE,IN-NETWORK,CO-PAY IN $,100,60,120,0,100,2,5,high,low,RISK,3
0,0,1,1,Salaried,1235,Yes,Rents,7,4,8,10,9,TELE-MEDICINE,IN-NETWORK,CO-PAY IN $,0,60,100,120,100,2,5,high,low,RISK,3
0,1,0,0,Bonus,2294,Yes,Owns,4,9,4,10,9,TELE-MEDICINE,IN-NETWORK,CO-PAY IN $,100,0,120,60,100,2,5,high,low,RISK,3
0,0,1,0,Salaried,4592,Yes,Rents,9,7,9,10,9,TELE-MEDICINE,IN-NETWORK,CO-PAY IN $,120,0,60,100,100,2,5,high,low,RISK,3
0,0,0,1,Hourly,2183,Yes,Owns,1,5,23,10,9,TELE-MEDICINE,IN-NETWORK,CO-PAY IN $,0,120,100,60,100,2,5,high,low,RISK,3
0,0,1,0,Salaried,1622,Yes,Rents,2,1,9,10,9,TELE-MEDICINE,IN-NETWORK,CO-PAY IN $,100,0,60,120,100,2,5,high,low,RISK,3
0,1,0,1,Salaried,4259,Yes,Rents,1,8,6,10,9,TELE-MEDICINE,IN-NETWORK,CO-PAY IN $,0,120,60,100,100,2,5,high,low,RISK,3
1,0,0,1,Salaried,4138,No,Owns,9,2,1,10,9,TELE-MEDICINE,IN-NETWORK,CO-PAY IN $,60,100,120,0,100,2,5,high,low,RISK,3
1,0,0,1,Bonus,2742,No,Owns,10,10,2,10,9,TELE-MEDICINE,IN-NETWORK,CO-PAY IN $,0,60,120,100,100,2,5,high,low,RISK,3
0,0,0,1,Bonus,4027,Yes,Rents,3,4,3,10,9,TELE-MEDICINE,IN-NETWORK,CO-PAY IN $,120,60,100,0,100,2,5,high,low,RISK,3
1,0,0,0,Bonus,3643,No,Rents,8,2,25,10,9,TELE-MEDICINE,IN-NETWORK,CO-PAY IN $,0,100,60,120,100,2,5,high,low,RISK,3
1,0,1,0,Salaried,1855,No,Rents,9,10,10,10,9,TELE-MEDICINE,IN-NETWORK,CO-PAY IN $,60,120,0,100,100,2,5,high,low,RISK,3
0,1,0,0,Bonus,4199,No,Owns,7,7,6,10,9,TELE-MEDICINE,IN-NETWORK,CO-PAY IN $,120,100,60,0,100,2,5,high,low,RISK,3
0,1,0,0,Salaried,358,No,Rents,5,5,5,10,9,TELE-MEDICINE,IN-NETWORK,CO-PAY IN $,0,100,60,120,100,2,5,high,low,RISK,3
0,0,1,0,Salaried,2175,No,Owns,8,10,8,10,9,TELE-MEDICINE,IN-NETWORK,CO-PAY IN $,0,60,120,100,100,2,5,high,low,RISK,3
0,1,0,0,Bonus,2804,No,Owns,4,0,4,10,9,TELE-MEDICINE,IN-NETWORK,CO-PAY IN $,60,120,100,0,100,2,5,high,low,RISK,3
1,1,1,0,Bonus,2793,Yes,Owns,9,9,1,10,9,TELE-MEDICINE,IN-NETWORK,CO-PAY IN $,120,100,0,60,100,2,5,high,low,RISK,3
1,0,1,0,Salaried,1366,No,Owns,7,4,5,10,9,TELE-MEDICINE,IN-NETWORK,CO-PAY IN $,100,120,60,0,100,2,5,high,low,RISK,3
0,1,1,1,Salaried,3990,No,Rents,6,1,2,10,9,TELE-MEDICINE,IN-NETWORK,CO-PAY IN $,100,120,60,0,100,2,5,high,low,RISK,3
0,0,0,0,Salaried,1625,No,Owns,8,6,5,10,9,TELE-MEDICINE,IN-NETWORK,CO-PAY IN $,120,0,60,100,100,2,5,high,low,RISK,3
1,1,0,0,Hourly,1178,No,Owns,0,1,13,10,9,TELE-MEDICINE,IN-NETWORK,CO-PAY IN $,0,120,100,60,100,2,5,high,low,RISK,3
0,0,0,0,Hourly,2665,No,Rents,2,3,4,10,9,TELE-MEDICINE,IN-NETWORK,CO-PAY IN $,100,120,60,0,100,2,5,high,low,RISK,3
1,1,1,0,Hourly,4144,No,Owns,3,2,0,10,9,TELE-MEDICINE,IN-NETWORK,CO-PAY IN $,60,100,120,0,100,2,5,high,low,RISK,3
0,0,1,0,Hourly,2547,Yes,Owns,7,5,12,10,9,TELE-MEDICINE,IN-NETWORK,CO-PAY IN $,0,60,120,100,100,2,5,high,low,RISK,3
1,0,1,0,Hourly,152,Yes,Owns,8,6,13,10,9,TELE-MEDICINE,IN-NETWORK,CO-PAY IN $,100,120,0,60,100,2,5,high,low,RISK,3
0,0,0,0,Bonus,2909,Yes,Rents,3,4,5,10,9,TELE-MEDICINE,IN-NETWORK,CO-PAY IN $,0,60,120,100,100,2,5,high,low,RISK,3
1,1,0,0,Bonus,2404,Yes,Owns,5,4,8,10,9,TELE-MEDICINE,IN-NETWORK,CO-PAY IN $,120,60,0,100,100,2,5,high,low,RISK,3
1,0,1,1,Bonus,144,Yes,Owns,4,9,4,10,9,TELE-MEDICINE,IN-NETWORK,CO-PAY IN $,0,120,100,60,100,2,5,high,low,RISK,3
1,0,1,0,Hourly,2250,No,Owns,4,7,9,10,9,TELE-MEDICINE,IN-NETWORK,CO-PAY IN $,100,120,0,60,100,2,5,high,low,RISK,3
1,0,0,0,Hourly,4826,No,Owns,4,5,23,10,9,TELE-MEDICINE,IN-NETWORK,CO-PAY IN $,0,100,120,60,100,2,5,high,low,RISK,3
1,1,0,0,Salaried,792,No,Owns,5,1,9,10,9,TELE-MEDICINE,IN-NETWORK,CO-PAY IN $,60,100,120,0,100,2,5,high,low,RISK,3
0,1,0,0,Hourly,3429,No,Rents,8,8,6,10,9,TELE-MEDICINE,IN-NETWORK,CO-PAY IN $,0,120,100,60,100,2,5,high,low,RISK,3
0,1,0,0,Hourly,1596,Yes,Owns,5,2,1,10,9,TELE-MEDICINE,IN-NETWORK,CO-PAY IN $,0,120,100,60,100,2,5,high,low,RISK,3
1,1,1,0,Salaried,83,Yes,Owns,2,10,2,10,9,TELE-MEDICINE,IN-NETWORK,CO-PAY IN $,100,120,0,60,100,2,5,high,low,RISK,3
1,1,0,1,Salaried,3601,No,Owns,1,4,3,10,9,TELE-MEDICINE,IN-NETWORK,CO-PAY IN $,100,120,60,0,100,2,5,high,low,RISK,3
0,0,0,1,Bonus,861,No,Owns,8,2,25,10,9,TELE-MEDICINE,IN-NETWORK,CO-PAY IN $,120,0,100,60,100,2,5,high,low,RISK,3
0,1,1,1,Salaried,2240,Yes,Rents,8,10,10,10,9,TELE-MEDICINE,IN-NETWORK,CO-PAY IN $,100,120,60,0,100,2,5,high,low,RISK,3
0,0,0,0,Hourly,2384,No,Rents,1,7,6,10,9,TELE-MEDICINE,IN-NETWORK,CO-PAY IN $,120,60,100,0,100,2,5,high,low,RISK,3
0,0,0,0,Bonus,2363,Yes,Rents,6,5,5,10,9,TELE-MEDICINE,IN-NETWORK,CO-PAY IN $,60,0,100,120,100,2,5,high,low,RISK,3
0,0,1,0,Salaried,4539,No,Owns,3,10,8,10,9,TELE-MEDICINE,IN-NETWORK,CO-PAY IN $,120,0,100,60,100,2,5,high,low,RISK,3
0,0,0,0,Bonus,489,No,Rents,3,0,4,10,9,TELE-MEDICINE,IN-NETWORK,CO-PAY IN $,0,60,100,120,100,2,5,high,low,RISK,3
0,1,0,1,Bonus,4623,Yes,Owns,2,9,1,10,9,TELE-MEDICINE,IN-NETWORK,CO-PAY IN $,0,60,100,120,100,2,5,high,low,RISK,3
0,0,0,0,Salaried,153,Yes,Owns,0,4,5,10,9,TELE-MEDICINE,IN-NETWORK,CO-PAY IN $,120,100,60,0,100,2,5,high,low,RISK,3
0,1,1,0,Salaried,3954,No,Owns,1,1,2,10,9,TELE-MEDICINE,IN-NETWORK,CO-PAY IN $,60,100,120,0,100,2,5,high,low,RISK,3
0,0,0,0,Salaried,4742,No,Rents,0,6,5,10,9,TELE-MEDICINE,IN-NETWORK,CO-PAY IN $,100,60,120,0,100,2,5,high,low,RISK,3
0,0,0,0,Hourly,3289,No,Rents,8,1,13,10,9,TELE-MEDICINE,IN-NETWORK,CO-PAY IN $,60,0,100,120,100,2,5,high,low,RISK,3
0,0,0,0,Bonus,3409,Yes,Rents,6,3,4,10,9,TELE-MEDICINE,IN-NETWORK,CO-PAY IN $,0,60,120,100,100,2,5,high,low,RISK,3
0,0,0,0,Hourly,4605,Yes,Rents,4,6,13,10,9,TELE-MEDICINE,IN-NETWORK,CO-PAY IN $,120,60,0,100,100,2,5,high,low,RISK,3
0,1,1,1,Salaried,3042,Yes,Rents,1,4,5,10,9,TELE-MEDICINE,IN-NETWORK,CO-PAY IN $,60,100,0,120,100,2,5,high,low,RISK,3
0,1,1,0,Hourly,170,No,Rents,9,4,8,10,9,TELE-MEDICINE,IN-NETWORK,CO-PAY IN $,0,60,100,120,100,2,5,high,low,RISK,3
0,0,0,1,Salaried,2062,No,Rents,2,9,4,10,9,TELE-MEDICINE,IN-NETWORK,CO-PAY IN $,60,100,0,120,100,2,5,high,low,RISK,3
1,0,1,1,Bonus,1962,No,Rents,0,7,9,10,9,TELE-MEDICINE,IN-NETWORK,CO-PAY IN $,100,0,60,120,100,2,5,high,low,RISK,3
0,0,0,0,Bonus,1006,No,Owns,5,5,23,10,9,TELE-MEDICINE,IN-NETWORK,CO-PAY IN $,100,0,60,120,100,2,5,high,low,RISK,3
0,1,0,1,Salaried,4555,No,Rents,2,1,9,10,9,TELE-MEDICINE,IN-NETWORK,CO-PAY IN $,100,120,0,60,100,2,5,high,low,RISK,3
1,0,1,0,Bonus,458,No,Rents,4,8,6,10,9,TELE-MEDICINE,IN-NETWORK,CO-PAY IN $,60,120,0,100,100,2,5,high,low,RISK,3
1,0,1,0,Hourly,1593,No,Owns,0,2,1,10,9,TELE-MEDICINE,IN-NETWORK,CO-PAY IN $,60,100,0,120,100,2,5,high,low,RISK,3
0,1,0,0,Hourly,4519,Yes,Owns,4,10,2,10,9,TELE-MEDICINE,IN-NETWORK,CO-PAY IN $,0,60,100,120,100,2,5,high,low,RISK,3
0,1,0,0,Bonus,2639,No,Rents,0,4,3,10,9,TELE-MEDICINE,IN-NETWORK,CO-PAY IN $,0,120,100,60,100,2,5,high,low,RISK,3
0,0,1,0,Hourly,2563,Yes,Rents,8,2,25,10,9,TELE-MEDICINE,IN-NETWORK,CO-PAY IN $,120,0,100,60,100,2,5,high,low,RISK,3
0,0,1,1,Bonus,2810,Yes,Owns,8,10,10,10,9,TELE-MEDICINE,IN-NETWORK,CO-PAY IN $,60,120,100,0,100,2,5,high,low,RISK,3
0,0,0,1,Hourly,2954,Yes,Owns,10,7,6,10,9,TELE-MEDICINE,IN-NETWORK,CO-PAY IN $,0,60,120,100,100,2,5,high,low,RISK,3
0,0,1,0,Hourly,2299,Yes,Owns,6,5,5,10,9,TELE-MEDICINE,IN-NETWORK,CO-PAY IN $,0,100,120,60,100,2,5,high,low,RISK,3
0,0,1,1,Hourly,1155,No,Rents,1,10,8,10,9,TELE-MEDICINE,IN-NETWORK,CO-PAY IN $,100,60,0,120,100,2,5,high,low,RISK,3
1,0,1,0,Bonus,1856,Yes,Rents,7,0,4,10,9,TELE-MEDICINE,IN-NETWORK,CO-PAY IN $,0,60,120,100,100,2,5,high,low,RISK,3
1,1,0,0,Salaried,3352,Yes,Rents,1,9,1,10,9,TELE-MEDICINE,IN-NETWORK,CO-PAY IN $,100,120,0,60,100,2,5,high,low,RISK,3
1,0,0,0,Hourly,3735,Yes,Owns,8,4,5,10,9,TELE-MEDICINE,IN-NETWORK,CO-PAY IN $,100,60,0,120,100,2,5,high,low,RISK,3
1,0,0,1,Salaried,1125,Yes,Rents,1,1,2,10,9,TELE-MEDICINE,IN-NETWORK,CO-PAY IN $,120,60,100,0,100,2,5,high,low,RISK,3
1,0,1,0,Bonus,4695,No,Owns,0,6,5,10,9,TELE-MEDICINE,IN-NETWORK,CO-PAY IN $,100,0,60,120,100,2,5,high,low,RISK,3
0,0,0,1,Salaried,1210,No,Rents,9,1,13,10,9,TELE-MEDICINE,IN-NETWORK,CO-PAY IN $,0,100,60,120,100,2,5,high,low,RISK,3
1,1,1,0,Bonus,3149,No,Owns,1,3,4,10,9,TELE-MEDICINE,IN-NETWORK,CO-PAY IN $,60,120,0,100,100,2,5,high,low,RISK,3
1,0,0,0,Bonus,3757,No,Rents,1,2,0,10,9,TELE-MEDICINE,IN-NETWORK,CO-PAY IN $,0,100,60,120,100,2,5,high,low,RISK,3
1,0,1,1,Salaried,4038,Yes,Rents,5,5,12,10,9,TELE-MEDICINE,IN-NETWORK,CO-PAY IN $,100,0,120,60,100,2,5,high,low,RISK,3
0,0,0,1,Bonus,381,No,Owns,2,6,13,10,9,TELE-MEDICINE,IN-NETWORK,CO-PAY IN $,0,120,60,100,100,2,5,high,low,RISK,3
0,0,0,0,Hourly,2879,Yes,Rents,9,4,5,10,9,TELE-MEDICINE,IN-NETWORK,CO-PAY IN $,0,100,60,120,100,2,5,high,low,RISK,3
0,1,0,0,Hourly,2246,No,Owns,9,4,8,10,9,TELE-MEDICINE,IN-NETWORK,CO-PAY IN $,120,0,100,60,100,2,5,high,low,RISK,3
0,1,0,0,Hourly,3337,No,Rents,1,9,4,10,9,TELE-MEDICINE,IN-NETWORK,CO-PAY IN $,120,60,100,0,100,2,5,high,low,RISK,3
1,0,0,0,Hourly,874,No,Owns,9,7,9,10,9,TELE-MEDICINE,IN-NETWORK,CO-PAY IN $,0,100,120,60,100,2,5,high,low,RISK,3
0,1,0,0,Hourly,4470,Yes,Owns,0,5,23,10,9,TELE-MEDICINE,IN-NETWORK,CO-PAY IN $,60,100,0,120,100,2,5,high,low,RISK,3
1,0,1,0,Hourly,3252,Yes,Owns,4,1,9,10,9,TELE-MEDICINE,IN-NETWORK,CO-PAY IN $,60,0,120,100,100,2,5,high,low,RISK,3
0,1,0,0,Hourly,176,Yes,Rents,3,8,6,10,9,TELE-MEDICINE,IN-NETWORK,CO-PAY IN $,0,120,60,100,100,2,5,high,low,RISK,3
0,0,1,0,Hourly,3681,Yes,Owns,1,2,1,10,9,TELE-MEDICINE,IN-NETWORK,CO-PAY IN $,100,60,0,120,100,2,5,high,low,RISK,3
0,1,1,1,Hourly,1019,Yes,Owns,8,10,2,10,9,TELE-MEDICINE,IN-NETWORK,CO-PAY IN $,120,60,0,100,100,2,5,high,low,RISK,3
0,1,1,0,Bonus,4493,Yes,Owns,10,4,3,10,9,TELE-MEDICINE,IN-NETWORK,CO-PAY IN $,100,120,60,0,100,2,5,high,low,RISK,3
0,1,1,0,Salaried,1012,Yes,Owns,8,2,25,10,9,TELE-MEDICINE,IN-NETWORK,CO-PAY IN $,100,120,0,60,100,2,5,high,low,RISK,3
0,0,0,0,Bonus,1248,Yes,Rents,1,10,10,10,9,TELE-MEDICINE,IN-NETWORK,CO-PAY IN $,60,100,0,120,100,2,5,high,low,RISK,3
0,0,0,0,Salaried,1214,No,Owns,1,7,6,10,9,TELE-MEDICINE,IN-NETWORK,CO-PAY IN $,60,100,120,0,100,2,5,high,low,RISK,3
1,0,0,0,Salaried,2852,Yes,Rents,1,5,5,10,9,TELE-MEDICINE,IN-NETWORK,CO-PAY IN $,120,100,0,60,100,2,5,high,low,RISK,3
0,0,0,0,Bonus,1440,Yes,Owns,4,10,8,10,9,TELE-MEDICINE,IN-NETWORK,CO-PAY IN $,0,100,60,120,100,2,5,high,low,RISK,3
1,0,1,0,Bonus,2951,No,Owns,4,0,4,10,9,TELE-MEDICINE,IN-NETWORK,CO-PAY IN $,120,0,60,100,100,2,5,high,low,RISK,3
2,1,0,2,Salaried,4377,No,Rents,10,19,27,10,10,TELE-MEDICINE,IN-NETWORK,CO-PAY IN $,60,100,0,120,100,2,10,high,low,RISK,3
0,1,1,0,Salaried,1919,No,Owns,10,15,31,10,10,TELE-MEDICINE,IN-NETWORK,CO-PAY IN $,0,120,60,100,100,2,10,high,low,RISK,3
1,1,0,0,Salaried,4671,Yes,Rents,15,12,28,10,10,TELE-MEDICINE,IN-NETWORK,CO-PAY IN $,60,0,120,100,100,2,10,high,low,RISK,3
2,1,0,0,Bonus,1139,No,Owns,13,16,31,10,10,TELE-MEDICINE,IN-NETWORK,CO-PAY IN $,100,0,120,60,100,2,10,high,low,RISK,3
1,1,2,1,Bonus,3085,No,Rents,9,12,39,10,10,TELE-MEDICINE,IN-NETWORK,CO-PAY IN $,60,100,120,0,100,2,10,high,low,RISK,3
0,1,2,0,Salaried,912,Yes,Rents,16,14,30,10,10,TELE-MEDICINE,IN-NETWORK,CO-PAY IN $,120,60,100,0,100,2,10,high,low,RISK,3
1,0,2,1,Hourly,3561,Yes,Owns,12,13,26,10,10,TELE-MEDICINE,IN-NETWORK,CO-PAY IN $,60,0,100,120,100,2,10,high,low,RISK,3
1,2,0,0,Hourly,4350,No,Rents,7,16,37,10,10,TELE-MEDICINE,IN-NETWORK,CO-PAY IN $,60,120,0,100,100,2,10,high,low,RISK,3
2,2,1,2,Salaried,3664,No,Owns,7,16,39,10,10,TELE-MEDICINE,IN-NETWORK,CO-PAY IN $,0,100,120,60,100,2,10,high,low,RISK,3
0,0,0,1,Bonus,1972,Yes,Owns,17,14,30,10,10,TELE-MEDICINE,IN-NETWORK,CO-PAY IN $,60,120,100,0,100,2,10,high,low,RISK,3
1,0,2,2,Salaried,1235,Yes,Rents,14,14,34,10,10,TELE-MEDICINE,IN-NETWORK,CO-PAY IN $,0,60,100,120,100,2,10,high,low,RISK,3
0,2,0,1,Bonus,2294,Yes,Owns,10,19,30,10,10,TELE-MEDICINE,IN-NETWORK,CO-PAY IN $,100,0,120,60,100,2,10,high,low,RISK,3
0,1,2,0,Salaried,4592,Yes,Rents,16,17,35,10,10,TELE-MEDICINE,IN-NETWORK,CO-PAY IN $,100,120,60,0,100,2,10,high,low,RISK,3
0,0,1,1,Hourly,2183,Yes,Owns,6,15,48,10,10,TELE-MEDICINE,IN-NETWORK,CO-PAY IN $,100,0,60,120,100,2,10,high,low,RISK,3
1,1,2,1,Salaried,1622,Yes,Rents,8,12,35,10,10,TELE-MEDICINE,IN-NETWORK,CO-PAY IN $,120,100,60,0,100,2,10,high,low,RISK,3
1,2,1,2,Salaried,4259,Yes,Rents,6,18,32,10,10,TELE-MEDICINE,IN-NETWORK,CO-PAY IN $,0,60,120,100,100,2,10,high,low,RISK,3
2,1,1,2,Salaried,4138,No,Owns,17,13,27,10,10,TELE-MEDICINE,IN-NETWORK,CO-PAY IN $,120,100,0,60,100,2,10,high,low,RISK,3
2,0,1,2,Bonus,2742,No,Owns,17,20,28,10,10,TELE-MEDICINE,IN-NETWORK,CO-PAY IN $,120,60,0,100,100,2,10,high,low,RISK,3
1,1,0,2,Bonus,4027,Yes,Rents,8,14,29,10,10,TELE-MEDICINE,IN-NETWORK,CO-PAY IN $,100,60,0,120,100,2,10,high,low,RISK,3
1,1,0,0,Bonus,3643,No,Rents,16,13,50,10,10,TELE-MEDICINE,IN-NETWORK,CO-PAY IN $,60,0,100,120,100,2,10,high,low,RISK,3
1,0,2,0,Salaried,1855,No,Rents,17,20,35,10,10,TELE-MEDICINE,IN-NETWORK,CO-PAY IN $,100,120,0,60,100,2,10,high,low,RISK,3
1,2,0,1,Bonus,4199,No,Owns,14,17,32,10,10,TELE-MEDICINE,IN-NETWORK,CO-PAY IN $,120,0,100,60,100,2,10,high,low,RISK,3
0,2,1,0,Salaried,358,No,Rents,12,16,31,10,10,TELE-MEDICINE,IN-NETWORK,CO-PAY IN $,60,100,0,120,100,2,10,high,low,RISK,3
1,1,1,1,Salaried,2175,No,Owns,16,20,34,10,10,TELE-MEDICINE,IN-NETWORK,CO-PAY IN $,100,60,120,0,100,2,10,high,low,RISK,3
1,1,0,0,Bonus,2804,No,Owns,11,11,30,10,10,TELE-MEDICINE,IN-NETWORK,CO-PAY IN $,120,60,0,100,100,2,10,high,low,RISK,3
2,1,2,1,Bonus,2793,Yes,Owns,17,19,27,10,10,TELE-MEDICINE,IN-NETWORK,CO-PAY IN $,100,120,0,60,100,2,10,high,low,RISK,3
2,0,2,0,Salaried,1366,No,Owns,14,15,31,10,10,TELE-MEDICINE,IN-NETWORK,CO-PAY IN $,0,120,100,60,100,2,10,high,low,RISK,3
0,1,1,2,Salaried,3990,No,Rents,13,12,28,10,10,TELE-MEDICINE,IN-NETWORK,CO-PAY IN $,60,120,100,0,100,2,10,high,low,RISK,3
0,1,1,0,Salaried,1625,No,Owns,16,16,31,10,10,TELE-MEDICINE,IN-NETWORK,CO-PAY IN $,100,60,120,0,100,2,10,high,low,RISK,3
1,2,0,0,Hourly,1178,No,Owns,5,12,39,10,10,TELE-MEDICINE,IN-NETWORK,CO-PAY IN $,100,0,120,60,100,2,10,high,low,RISK,3
1,1,0,0,Hourly,2665,No,Rents,8,14,30,10,10,TELE-MEDICINE,IN-NETWORK,CO-PAY IN $,120,0,100,60,100,2,10,high,low,RISK,3
1,1,2,0,Hourly,4144,No,Owns,9,13,26,10,10,TELE-MEDICINE,IN-NETWORK,CO-PAY IN $,60,100,120,0,100,2,10,high,low,RISK,3
1,1,2,0,Hourly,2547,Yes,Owns,14,16,37,10,10,TELE-MEDICINE,IN-NETWORK,CO-PAY IN $,60,0,100,120,100,2,10,high,low,RISK,3
1,1,1,0,Hourly,152,Yes,Owns,15,16,39,10,10,TELE-MEDICINE,IN-NETWORK,CO-PAY IN $,60,120,0,100,100,2,10,high,low,RISK,3
0,0,0,0,Bonus,2909,Yes,Rents,9,14,30,10,10,TELE-MEDICINE,IN-NETWORK,CO-PAY IN $,100,60,0,120,100,2,10,high,low,RISK,3
2,2,1,1,Bonus,2404,Yes,Owns,11,14,34,10,10,TELE-MEDICINE,IN-NETWORK,CO-PAY IN $,100,60,120,0,100,2,10,high,low,RISK,3
2,0,1,2,Bonus,144,Yes,Owns,10,19,30,10,10,TELE-MEDICINE,IN-NETWORK,CO-PAY IN $,100,60,120,0,100,2,10,high,low,RISK,3
2,0,1,0,Hourly,2250,No,Owns,11,17,35,10,10,TELE-MEDICINE,IN-NETWORK,CO-PAY IN $,120,60,0,100,100,2,10,high,low,RISK,3
2,0,0,0,Hourly,4826,No,Owns,10,15,48,10,10,TELE-MEDICINE,IN-NETWORK,CO-PAY IN $,60,120,100,0,100,2,10,high,low,RISK,3
1,1,0,0,Salaried,792,No,Owns,12,12,35,10,10,TELE-MEDICINE,IN-NETWORK,CO-PAY IN $,0,120,60,100,100,2,10,high,low,RISK,3
0,2,0,1,Hourly,3429,No,Rents,15,18,32,10,10,TELE-MEDICINE,IN-NETWORK,CO-PAY IN $,100,120,60,0,100,2,10,high,low,RISK,3
0,2,0,1,Hourly,1596,Yes,Owns,11,13,27,10,10,TELE-MEDICINE,IN-NETWORK,CO-PAY IN $,0,100,120,60,100,2,10,high,low,RISK,3
1,1,2,0,Salaried,83,Yes,Owns,7,20,28,10,10,TELE-MEDICINE,IN-NETWORK,CO-PAY IN $,100,60,0,120,100,2,10,high,low,RISK,3
1,2,0,2,Salaried,3601,No,Owns,6,14,29,10,10,TELE-MEDICINE,IN-NETWORK,CO-PAY IN $,60,100,0,120,100,2,10,high,low,RISK,3
1,1,0,1,Bonus,861,No,Owns,15,13,50,10,10,TELE-MEDICINE,IN-NETWORK,CO-PAY IN $,100,0,60,120,100,2,10,high,low,RISK,3
0,2,2,2,Salaried,2240,Yes,Rents,15,20,35,10,10,TELE-MEDICINE,IN-NETWORK,CO-PAY IN $,120,0,60,100,100,2,10,high,low,RISK,3
1,0,0,0,Hourly,2384,No,Rents,6,17,32,10,10,TELE-MEDICINE,IN-NETWORK,CO-PAY IN $,120,60,0,100,100,2,10,high,low,RISK,3
0,0,0,0,Bonus,2363,Yes,Rents,12,16,31,10,10,TELE-MEDICINE,IN-NETWORK,CO-PAY IN $,120,60,100,0,100,2,10,high,low,RISK,3
1,1,2,0,Salaried,4539,No,Owns,10,20,34,10,10,TELE-MEDICINE,IN-NETWORK,CO-PAY IN $,0,60,100,120,100,2,10,high,low,RISK,3
1,1,0,0,Bonus,489,No,Rents,9,11,30,10,10,TELE-MEDICINE,IN-NETWORK,CO-PAY IN $,120,0,100,60,100,2,10,high,low,RISK,3
1,2,0,2,Bonus,4623,Yes,Owns,7,19,27,10,10,TELE-MEDICINE,IN-NETWORK,CO-PAY IN $,60,120,0,100,100,2,10,high,low,RISK,3
1,0,0,0,Salaried,153,Yes,Owns,5,15,31,10,10,TELE-MEDICINE,IN-NETWORK,CO-PAY IN $,120,0,100,60,100,2,10,high,low,RISK,3
0,2,2,1,Salaried,3954,No,Owns,6,12,28,10,10,TELE-MEDICINE,IN-NETWORK,CO-PAY IN $,0,100,60,120,100,2,10,high,low,RISK,3
0,1,0,0,Salaried,4742,No,Rents,5,16,31,10,10,TELE-MEDICINE,IN-NETWORK,CO-PAY IN $,100,60,120,0,100,2,10,high,low,RISK,3
0,0,0,1,Hourly,3289,No,Rents,15,12,39,10,10,TELE-MEDICINE,IN-NETWORK,CO-PAY IN $,120,60,100,0,100,2,10,high,low,RISK,3
0,0,1,1,Bonus,3409,Yes,Rents,13,14,30,10,10,TELE-MEDICINE,IN-NETWORK,CO-PAY IN $,120,100,0,60,100,2,10,high,low,RISK,3
0,0,2,1,Bonus,3179,No,Rents,8,13,26,10,10,TELE-MEDICINE,IN-NETWORK,CO-PAY IN $,100,120,60,0,100,2,10,high,low,RISK,3
0,0,0,1,Bonus,4271,No,Rents,9,16,37,10,10,TELE-MEDICINE,IN-NETWORK,CO-PAY IN $,60,120,100,0,100,2,10,high,low,RISK,3
0,0,0,0,Hourly,4605,Yes,Rents,10,16,39,10,10,TELE-MEDICINE,IN-NETWORK,CO-PAY IN $,100,60,120,0,100,2,10,high,low,RISK,3
0,2,2,2,Salaried,3042,Yes,Rents,6,14,30,10,10,TELE-MEDICINE,IN-NETWORK,CO-PAY IN $,100,60,0,120,100,2,10,high,low,RISK,3
0,2,2,0,Hourly,170,No,Rents,16,14,34,10,10,TELE-MEDICINE,IN-NETWORK,CO-PAY IN $,0,60,100,120,100,2,10,high,low,RISK,3
0,1,0,2,Salaried,2062,No,Rents,7,19,30,10,10,TELE-MEDICINE,IN-NETWORK,CO-PAY IN $,60,0,100,120,100,2,10,high,low,RISK,3
1,1,2,2,Bonus,1962,No,Rents,5,17,35,10,10,TELE-MEDICINE,IN-NETWORK,CO-PAY IN $,0,60,120,100,100,2,10,high,low,RISK,3
0,0,0,0,Bonus,1006,No,Owns,11,15,48,10,10,TELE-MEDICINE,IN-NETWORK,CO-PAY IN $,60,120,0,100,100,2,10,high,low,RISK,3
0,2,1,2,Salaried,4555,No,Rents,8,12,35,10,10,TELE-MEDICINE,IN-NETWORK,CO-PAY IN $,120,0,60,100,100,2,10,high,low,RISK,3
2,1,1,0,Bonus,458,No,Rents,10,18,32,10,10,TELE-MEDICINE,IN-NETWORK,CO-PAY IN $,0,60,120,100,100,2,10,high,low,RISK,3
2,0,2,1,Hourly,1593,No,Owns,5,13,27,10,10,TELE-MEDICINE,IN-NETWORK,CO-PAY IN $,0,60,100,120,100,2,10,high,low,RISK,3
0,2,0,1,Hourly,4519,Yes,Owns,11,20,28,10,10,TELE-MEDICINE,IN-NETWORK,CO-PAY IN $,120,60,0,100,100,2,10,high,low,RISK,3
0,1,0,0,Bonus,2639,No,Rents,5,14,29,10,10,TELE-MEDICINE,IN-NETWORK,CO-PAY IN $,0,60,120,100,100,2,10,high,low,RISK,3
0,0,2,1,Hourly,2563,Yes,Rents,15,13,50,10,10,TELE-MEDICINE,IN-NETWORK,CO-PAY IN $,60,0,120,100,100,2,10,high,low,RISK,3
0,1,2,1,Bonus,2810,Yes,Owns,15,20,35,10,10,TELE-MEDICINE,IN-NETWORK,CO-PAY IN $,100,60,0,120,100,2,10,high,low,RISK,3
1,1,0,1,Hourly,2954,Yes,Owns,18,17,32,10,10,TELE-MEDICINE,IN-NETWORK,CO-PAY IN $,120,0,60,100,100,2,10,high,low,RISK,3
1,0,2,0,Hourly,2299,Yes,Owns,13,16,31,10,10,TELE-MEDICINE,IN-NETWORK,CO-PAY IN $,0,120,60,100,100,2,10,high,low,RISK,3
0,0,1,2,Hourly,1155,No,Rents,6,20,34,10,10,TELE-MEDICINE,IN-NETWORK,CO-PAY IN $,0,120,60,100,100,2,10,high,low,RISK,3
1,0,2,0,Bonus,1856,Yes,Rents,14,11,30,10,10,TELE-MEDICINE,IN-NETWORK,CO-PAY IN $,120,100,60,0,100,2,10,high,low,RISK,3
2,1,1,0,Salaried,3352,Yes,Rents,6,19,27,10,10,TELE-MEDICINE,IN-NETWORK,CO-PAY IN $,120,100,0,60,100,2,10,high,low,RISK,3
2,1,0,2,Salaried,1125,Yes,Rents,6,12,28,10,10,TELE-MEDICINE,IN-NETWORK,CO-PAY IN $,120,60,100,0,100,2,10,high,low,RISK,3
2,0,1,0,Bonus,4695,No,Owns,5,16,31,10,10,TELE-MEDICINE,IN-NETWORK,CO-PAY IN $,60,120,100,0,100,2,10,high,low,RISK,3
1,1,1,1,Salaried,1210,No,Rents,17,12,39,10,10,TELE-MEDICINE,IN-NETWORK,CO-PAY IN $,120,0,60,100,100,2,10,high,low,RISK,3
1,2,1,0,Bonus,3149,No,Owns,6,14,30,10,10,TELE-MEDICINE,IN-NETWORK,CO-PAY IN $,100,120,60,0,100,2,10,high,low,RISK,3
1,1,1,1,Bonus,3757,No,Rents,6,13,26,10,10,TELE-MEDICINE,IN-NETWORK,CO-PAY IN $,100,60,0,120,100,2,10,high,low,RISK,3
1,0,2,1,Salaried,4038,Yes,Rents,12,16,37,10,10,TELE-MEDICINE,IN-NETWORK,CO-PAY IN $,120,100,60,0,100,2,10,high,low,RISK,3
0,0,0,2,Bonus,381,No,Owns,8,16,39,10,10,TELE-MEDICINE,IN-NETWORK,CO-PAY IN $,60,100,0,120,100,2,10,high,low,RISK,3
0,0,1,1,Hourly,2879,Yes,Rents,16,14,30,10,10,TELE-MEDICINE,IN-NETWORK,CO-PAY IN $,0,60,120,100,100,2,10,high,low,RISK,3
1,2,0,0,Hourly,2246,No,Owns,17,14,34,10,10,TELE-MEDICINE,IN-NETWORK,CO-PAY IN $,120,60,0,100,100,2,10,high,low,RISK,3
0,2,1,0,Hourly,3337,No,Rents,7,19,30,10,10,TELE-MEDICINE,IN-NETWORK,CO-PAY IN $,60,120,100,0,100,2,10,high,low,RISK,3
0,1,0,0,Hourly,4470,Yes,Owns,6,15,48,10,10,TELE-MEDICINE,IN-NETWORK,CO-PAY IN $,100,120,0,60,100,2,10,high,low,RISK,3
2,0,1,1,Hourly,3252,Yes,Owns,10,12,35,10,10,TELE-MEDICINE,IN-NETWORK,CO-PAY IN $,100,0,120,60,100,2,10,high,low,RISK,3
0,2,0,1,Hourly,176,Yes,Rents,9,18,32,10,10,TELE-MEDICINE,IN-NETWORK,CO-PAY IN $,120,60,0,100,100,2,10,high,low,RISK,3
1,0,2,0,Hourly,3681,Yes,Owns,6,13,27,10,10,TELE-MEDICINE,IN-NETWORK,CO-PAY IN $,0,120,100,60,100,2,10,high,low,RISK,3
1,2,1,2,Hourly,1019,Yes,Owns,15,20,28,10,10,TELE-MEDICINE,IN-NETWORK,CO-PAY IN $,0,100,60,120,100,2,10,high,low,RISK,3
1,2,1,1,Bonus,4493,Yes,Owns,18,14,29,10,10,TELE-MEDICINE,IN-NETWORK,CO-PAY IN $,120,60,0,100,100,2,10,high,low,RISK,3
1,2,2,0,Salaried,1012,Yes,Owns,15,13,50,10,10,TELE-MEDICINE,IN-NETWORK,CO-PAY IN $,0,120,60,100,100,2,10,high,low,RISK,3
0,0,1,1,Bonus,1248,Yes,Rents,7,20,35,10,10,TELE-MEDICINE,IN-NETWORK,CO-PAY IN $,0,120,100,60,100,2,10,high,low,RISK,3
0,0,1,0,Salaried,1214,No,Owns,6,17,32,10,10,TELE-MEDICINE,IN-NETWORK,CO-PAY IN $,100,60,120,0,100,2,10,high,low,RISK,3
1,0,1,0,Salaried,2852,Yes,Rents,6,16,31,10,10,TELE-MEDICINE,IN-NETWORK,CO-PAY IN $,0,60,100,120,100,2,10,high,low,RISK,3
1,0,0,0,Bonus,1440,Yes,Owns,10,20,34,10,10,TELE-MEDICINE,IN-NETWORK,CO-PAY IN $,120,100,0,60,100,2,10,high,low,RISK,3
1,0,1,0,Bonus,2951,No,Owns,11,11,30,10,10,TELE-MEDICINE,IN-NETWORK,CO-PAY IN $,120,100,60,0,100,2,10,high,low,RISK,3
3,2,1,3,Salaried,4377,No,Rents,24,48,52,10,11,TELE-MEDICINE,IN-NETWORK,CO-PAY IN $,0,100,60,120,60,3,20,high,low,RISK,3
1,1,2,1,Salaried,1919,No,Owns,25,33,56,10,11,TELE-MEDICINE,IN-NETWORK,CO-PAY IN $,60,0,120,100,60,3,20,high,low,RISK,3
2,2,1,1,Salaried,4671,Yes,Rents,33,23,53,10,11,TELE-MEDICINE,IN-NETWORK,CO-PAY IN $,60,100,120,0,60,3,20,high,low,RISK,3
3,2,1,1,Bonus,1139,No,Owns,29,38,56,10,11,TELE-MEDICINE,IN-NETWORK,CO-PAY IN $,60,100,120,0,60,3,20,high,low,RISK,3
1,2,3,2,Bonus,3085,No,Rents,23,24,64,10,11,TELE-MEDICINE,IN-NETWORK,CO-PAY IN $,60,120,0,100,60,3,20,high,low,RISK,3
1,2,3,1,Salaried,912,Yes,Rents,37,29,55,10,11,TELE-MEDICINE,IN-NETWORK,CO-PAY IN $,0,120,100,60,60,3,20,high,low,RISK,3
2,1,3,2,Hourly,3561,Yes,Owns,28,26,51,10,11,TELE-MEDICINE,IN-NETWORK,CO-PAY IN $,100,0,120,60,60,3,20,high,low,RISK,3
2,3,1,1,Hourly,4350,No,Rents,19,36,62,10,11,TELE-MEDICINE,IN-NETWORK,CO-PAY IN $,60,120,100,0,60,3,20,high,low,RISK,3
3,3,2,3,Salaried,3664,No,Owns,18,38,64,10,11,TELE-MEDICINE,IN-NETWORK,CO-PAY IN $,100,120,0,60,60,3,20,high,low,RISK,3
1,1,1,1,Bonus,1972,Yes,Owns,38,31,55,10,11,TELE-MEDICINE,IN-NETWORK,CO-PAY IN $,120,60,0,100,60,3,20,high,low,RISK,3
1,1,3,3,Salaried,1235,Yes,Rents,32,31,59,10,11,TELE-MEDICINE,IN-NETWORK,CO-PAY IN $,120,60,0,100,60,3,20,high,low,RISK,3
1,3,1,2,Bonus,2294,Yes,Owns,25,47,55,10,11,TELE-MEDICINE,IN-NETWORK,CO-PAY IN $,100,0,120,60,60,3,20,high,low,RISK,3
1,2,3,1,Salaried,4592,Yes,Rents,37,41,60,10,11,TELE-MEDICINE,IN-NETWORK,CO-PAY IN $,0,60,120,100,60,3,20,high,low,RISK,3
1,1,1,2,Hourly,2183,Yes,Owns,16,35,73,10,11,TELE-MEDICINE,IN-NETWORK,CO-PAY IN $,120,60,0,100,60,3,20,high,low,RISK,3
2,2,3,2,Salaried,1622,Yes,Rents,21,24,60,10,11,TELE-MEDICINE,IN-NETWORK,CO-PAY IN $,0,100,120,60,60,3,20,high,low,RISK,3
2,3,1,3,Salaried,4259,Yes,Rents,17,43,57,10,11,TELE-MEDICINE,IN-NETWORK,CO-PAY IN $,100,120,0,60,60,3,20,high,low,RISK,3
3,2,2,3,Salaried,4138,No,Owns,37,25,52,10,11,TELE-MEDICINE,IN-NETWORK,CO-PAY IN $,100,0,120,60,60,3,20,high,low,RISK,3
3,1,2,3,Bonus,2742,No,Owns,39,50,53,10,11,TELE-MEDICINE,IN-NETWORK,CO-PAY IN $,0,120,60,100,60,3,20,high,low,RISK,3
1,1,1,3,Bonus,4027,Yes,Rents,21,31,54,10,11,TELE-MEDICINE,IN-NETWORK,CO-PAY IN $,60,120,0,100,60,3,20,high,low,RISK,3
2,2,1,1,Bonus,3643,No,Rents,35,26,75,10,11,TELE-MEDICINE,IN-NETWORK,CO-PAY IN $,60,0,100,120,60,3,20,high,low,RISK,3
2,1,3,1,Salaried,1855,No,Rents,39,49,60,10,11,TELE-MEDICINE,IN-NETWORK,CO-PAY IN $,60,120,0,100,60,3,20,high,low,RISK,3
1,3,1,1,Bonus,4199,No,Owns,33,40,57,10,11,TELE-MEDICINE,IN-NETWORK,CO-PAY IN $,100,0,60,120,60,3,20,high,low,RISK,3
1,3,2,1,Salaried,358,No,Rents,28,36,56,10,11,TELE-MEDICINE,IN-NETWORK,CO-PAY IN $,60,100,120,0,60,3,20,high,low,RISK,3
2,2,2,1,Salaried,2175,No,Owns,35,49,59,10,11,TELE-MEDICINE,IN-NETWORK,CO-PAY IN $,100,0,120,60,60,3,20,high,low,RISK,3
2,2,1,1,Bonus,2804,No,Owns,26,20,55,10,11,TELE-MEDICINE,IN-NETWORK,CO-PAY IN $,120,100,60,0,60,3,20,high,low,RISK,3
3,3,3,2,Bonus,2793,Yes,Owns,39,48,52,10,11,TELE-MEDICINE,IN-NETWORK,CO-PAY IN $,100,0,120,60,60,3,20,high,low,RISK,3
1,2,2,3,Salaried,3990,No,Rents,30,23,53,10,11,TELE-MEDICINE,IN-NETWORK,CO-PAY IN $,120,0,60,100,60,3,20,high,low,RISK,3
1,2,2,1,Salaried,1625,No,Owns,36,38,56,10,11,TELE-MEDICINE,IN-NETWORK,CO-PAY IN $,120,0,100,60,60,3,20,high,low,RISK,3
2,3,1,1,Hourly,1178,No,Owns,15,24,64,10,11,TELE-MEDICINE,IN-NETWORK,CO-PAY IN $,100,60,120,0,60,3,20,high,low,RISK,3
2,1,1,1,Hourly,2665,No,Rents,20,29,55,10,11,TELE-MEDICINE,IN-NETWORK,CO-PAY IN $,120,60,0,100,60,3,20,high,low,RISK,3
2,3,3,1,Hourly,4144,No,Owns,23,26,51,10,11,TELE-MEDICINE,IN-NETWORK,CO-PAY IN $,100,120,0,60,60,3,20,high,low,RISK,3
2,2,3,1,Hourly,2547,Yes,Owns,32,36,62,10,11,TELE-MEDICINE,IN-NETWORK,CO-PAY IN $,120,0,100,60,60,3,20,high,low,RISK,3
2,1,2,1,Hourly,152,Yes,Owns,34,38,64,10,11,TELE-MEDICINE,IN-NETWORK,CO-PAY IN $,60,120,0,100,60,3,20,high,low,RISK,3
1,1,1,1,Bonus,2909,Yes,Rents,23,31,55,10,11,TELE-MEDICINE,IN-NETWORK,CO-PAY IN $,100,0,120,60,60,3,20,high,low,RISK,3
3,3,2,2,Bonus,2404,Yes,Owns,27,31,59,10,11,TELE-MEDICINE,IN-NETWORK,CO-PAY IN $,0,60,120,100,60,3,20,high,low,RISK,3
3,1,2,3,Bonus,144,Yes,Owns,24,47,55,10,11,TELE-MEDICINE,IN-NETWORK,CO-PAY IN $,60,120,100,0,60,3,20,high,low,RISK,3
3,1,2,1,Hourly,2250,No,Owns,26,41,60,10,11,TELE-MEDICINE,IN-NETWORK,CO-PAY IN $,0,100,60,120,60,3,20,high,low,RISK,3
3,1,1,1,Hourly,4826,No,Owns,25,35,73,10,11,TELE-MEDICINE,IN-NETWORK,CO-PAY IN $,100,0,120,60,60,3,20,high,low,RISK,3
2,2,1,1,Salaried,792,No,Owns,28,24,60,10,11,TELE-MEDICINE,IN-NETWORK,CO-PAY IN $,120,0,60,100,60,3,20,high,low,RISK,3
1,3,1,2,Hourly,3429,No,Rents,34,43,57,10,11,TELE-MEDICINE,IN-NETWORK,CO-PAY IN $,100,60,0,120,60,3,20,high,low,RISK,3
1,3,1,2,Hourly,1596,Yes,Owns,27,25,52,10,11,TELE-MEDICINE,IN-NETWORK,CO-PAY IN $,100,120,0,60,60,3,20,high,low,RISK,3
2,3,3,1,Salaried,83,Yes,Owns,19,50,53,10,11,TELE-MEDICINE,IN-NETWORK,CO-PAY IN $,0,100,120,60,60,3,20,high,low,RISK,3
2,3,1,3,Salaried,3601,No,Owns,17,31,54,10,11,TELE-MEDICINE,IN-NETWORK,CO-PAY IN $,120,100,0,60,60,3,20,high,low,RISK,3
2,2,1,2,Bonus,861,No,Owns,34,26,75,10,11,TELE-MEDICINE,IN-NETWORK,CO-PAY IN $,0,100,60,120,60,3,20,high,low,RISK,3
1,3,3,3,Salaried,2240,Yes,Rents,35,49,60,10,11,TELE-MEDICINE,IN-NETWORK,CO-PAY IN $,0,60,100,120,60,3,20,high,low,RISK,3
1,1,1,1,Hourly,2384,No,Rents,17,40,57,10,11,TELE-MEDICINE,IN-NETWORK,CO-PAY IN $,120,100,60,0,60,3,20,high,low,RISK,3
1,1,1,1,Bonus,2363,Yes,Rents,29,36,56,10,11,TELE-MEDICINE,IN-NETWORK,CO-PAY IN $,0,100,120,60,60,3,20,high,low,RISK,3
2,1,3,1,Salaried,4539,No,Owns,24,49,59,10,11,TELE-MEDICINE,IN-NETWORK,CO-PAY IN $,100,0,120,60,60,3,20,high,low,RISK,3
2,1,1,1,Bonus,489,No,Rents,23,20,55,10,11,TELE-MEDICINE,IN-NETWORK,CO-PAY IN $,60,0,100,120,60,3,20,high,low,RISK,3
2,3,1,3,Bonus,4623,Yes,Owns,19,48,52,10,11,TELE-MEDICINE,IN-NETWORK,CO-PAY IN $,120,0,100,60,60,3,20,high,low,RISK,3
2,1,1,1,Salaried,153,Yes,Owns,15,33,56,10,11,TELE-MEDICINE,IN-NETWORK,CO-PAY IN $,0,120,100,60,60,3,20,high,low,RISK,3
1,3,3,2,Salaried,3954,No,Owns,17,23,53,10,11,TELE-MEDICINE,IN-NETWORK,CO-PAY IN $,100,0,60,120,60,3,20,high,low,RISK,3
1,2,1,1,Salaried,4742,No,Rents,15,38,56,10,11,TELE-MEDICINE,IN-NETWORK,CO-PAY IN $,120,100,0,60,60,3,20,high,low,RISK,3
1,1,1,2,Hourly,3289,No,Rents,35,24,64,10,11,TELE-MEDICINE,IN-NETWORK,CO-PAY IN $,0,60,100,120,60,3,20,high,low,RISK,3
1,1,2,2,Bonus,3409,Yes,Rents,30,29,55,10,11,TELE-MEDICINE,IN-NETWORK,CO-PAY IN $,100,0,60,120,60,3,20,high,low,RISK,3
1,1,3,2,Bonus,3179,No,Rents,21,26,51,10,11,TELE-MEDICINE,IN-NETWORK,CO-PAY IN $,60,100,120,0,60,3,20,high,low,RISK,3
1,1,1,2,Bonus,4271,No,Rents,22,36,62,10,11,TELE-MEDICINE,IN-NETWORK,CO-PAY IN $,100,60,0,120,60,3,20,high,low,RISK,3
1,1,1,1,Hourly,4605,Yes,Rents,24,38,64,10,11,TELE-MEDICINE,IN-NETWORK,CO-PAY IN $,100,60,120,0,60,3,20,high,low,RISK,3
1,3,3,3,Salaried,3042,Yes,Rents,16,31,55,10,11,TELE-MEDICINE,IN-NETWORK,CO-PAY IN $,120,0,60,100,60,3,20,high,low,RISK,3
1,3,3,1,Hourly,170,No,Rents,37,31,59,10,11,TELE-MEDICINE,IN-NETWORK,CO-PAY IN $,100,0,60,120,60,3,20,high,low,RISK,3
1,1,1,3,Salaried,2062,No,Rents,20,47,55,10,11,TELE-MEDICINE,IN-NETWORK,CO-PAY IN $,100,0,60,120,60,3,20,high,low,RISK,3
2,2,3,3,Bonus,1962,No,Rents,15,41,60,10,11,TELE-MEDICINE,IN-NETWORK,CO-PAY IN $,120,0,60,100,60,3,20,high,low,RISK,3
1,1,1,1,Bonus,1006,No,Owns,27,35,73,10,11,TELE-MEDICINE,IN-NETWORK,CO-PAY IN $,120,0,60,100,60,3,20,high,low,RISK,3
1,3,2,3,Salaried,4555,No,Rents,20,24,60,10,11,TELE-MEDICINE,IN-NETWORK,CO-PAY IN $,60,120,0,100,60,3,20,high,low,RISK,3
3,1,2,1,Bonus,458,No,Rents,25,43,57,10,11,TELE-MEDICINE,IN-NETWORK,CO-PAY IN $,100,0,120,60,60,3,20,high,low,RISK,3
3,1,3,1,Hourly,1593,No,Owns,16,25,52,10,11,TELE-MEDICINE,IN-NETWORK,CO-PAY IN $,120,100,60,0,60,3,20,high,low,RISK,3
1,3,1,2,Hourly,4519,Yes,Owns,26,50,53,10,11,TELE-MEDICINE,IN-NETWORK,CO-PAY IN $,100,0,60,120,60,3,20,high,low,RISK,3
1,2,1,1,Bonus,2639,No,Rents,16,31,54,10,11,TELE-MEDICINE,IN-NETWORK,CO-PAY IN $,100,60,0,120,60,3,20,high,low,RISK,3
1,1,3,1,Hourly,2563,Yes,Rents,35,26,75,10,11,TELE-MEDICINE,IN-NETWORK,CO-PAY IN $,0,120,100,60,60,3,20,high,low,RISK,3
1,2,3,2,Bonus,2810,Yes,Owns,35,49,60,10,11,TELE-MEDICINE,IN-NETWORK,CO-PAY IN $,60,120,100,0,60,3,20,high,low,RISK,3
2,2,1,2,Hourly,2954,Yes,Owns,39,40,57,10,11,TELE-MEDICINE,IN-NETWORK,CO-PAY IN $,100,120,0,60,60,3,20,high,low,RISK,3
2,1,3,1,Hourly,2299,Yes,Owns,31,36,56,10,11,TELE-MEDICINE,IN-NETWORK,CO-PAY IN $,120,0,60,100,60,3,20,high,low,RISK,3
1,1,2,3,Hourly,1155,No,Rents,16,49,59,10,11,TELE-MEDICINE,IN-NETWORK,CO-PAY IN $,60,0,120,100,60,3,20,high,low,RISK,3
2,1,3,1,Bonus,1856,Yes,Rents,31,20,55,10,11,TELE-MEDICINE,IN-NETWORK,CO-PAY IN $,120,100,60,0,60,3,20,high,low,RISK,3
3,2,2,1,Salaried,3352,Yes,Rents,18,48,52,10,11,TELE-MEDICINE,IN-NETWORK,CO-PAY IN $,100,120,0,60,60,3,20,high,low,RISK,3
3,1,1,2,Hourly,3735,Yes,Owns,34,33,56,10,11,TELE-MEDICINE,IN-NETWORK,CO-PAY IN $,0,120,100,60,60,3,20,high,low,RISK,3
3,2,1,3,Salaried,1125,Yes,Rents,18,23,53,10,11,TELE-MEDICINE,IN-NETWORK,CO-PAY IN $,60,100,0,120,60,3,20,high,low,RISK,3
3,1,2,1,Bonus,4695,No,Owns,15,38,56,10,11,TELE-MEDICINE,IN-NETWORK,CO-PAY IN $,120,60,100,0,60,3,20,high,low,RISK,3
2,2,2,2,Salaried,1210,No,Rents,38,24,64,10,11,TELE-MEDICINE,IN-NETWORK,CO-PAY IN $,120,100,60,0,60,3,20,high,low,RISK,3
2,3,2,1,Bonus,3149,No,Owns,17,29,55,10,11,TELE-MEDICINE,IN-NETWORK,CO-PAY IN $,120,0,60,100,60,3,20,high,low,RISK,3
2,2,2,2,Bonus,3757,No,Rents,18,26,51,10,11,TELE-MEDICINE,IN-NETWORK,CO-PAY IN $,0,120,60,100,60,3,20,high,low,RISK,3
3,1,3,2,Salaried,4038,Yes,Rents,28,36,62,10,11,TELE-MEDICINE,IN-NETWORK,CO-PAY IN $,60,100,0,120,60,3,20,high,low,RISK,3
1,1,1,3,Bonus,381,No,Owns,20,38,64,10,11,TELE-MEDICINE,IN-NETWORK,CO-PAY IN $,120,0,100,60,60,3,20,high,low,RISK,3
1,1,1,2,Hourly,2879,Yes,Rents,37,31,55,10,11,TELE-MEDICINE,IN-NETWORK,CO-PAY IN $,60,0,120,100,60,3,20,high,low,RISK,3
2,3,1,1,Hourly,2246,No,Owns,38,31,59,10,11,TELE-MEDICINE,IN-NETWORK,CO-PAY IN $,120,100,60,0,60,3,20,high,low,RISK,3
1,3,2,1,Hourly,3337,No,Rents,18,47,55,10,11,TELE-MEDICINE,IN-NETWORK,CO-PAY IN $,120,0,100,60,60,3,20,high,low,RISK,3
2,2,1,2,Hourly,874,No,Owns,38,41,60,10,11,TELE-MEDICINE,IN-NETWORK,CO-PAY IN $,120,60,100,0,60,3,20,high,low,RISK,3
1,2,1,1,Hourly,4470,Yes,Owns,16,35,73,10,11,TELE-MEDICINE,IN-NETWORK,CO-PAY IN $,60,100,120,0,60,3,20,high,low,RISK,3
3,1,3,1,Hourly,3252,Yes,Owns,24,24,60,10,11,TELE-MEDICINE,IN-NETWORK,CO-PAY IN $,60,120,0,100,60,3,20,high,low,RISK,3
1,3,1,2,Hourly,176,Yes,Rents,23,43,57,10,11,TELE-MEDICINE,IN-NETWORK,CO-PAY IN $,0,60,120,100,60,3,20,high,low,RISK,3
2,1,3,1,Hourly,3681,Yes,Owns,17,25,52,10,11,TELE-MEDICINE,IN-NETWORK,CO-PAY IN $,60,0,100,120,60,3,20,high,low,RISK,3
1,3,2,3,Hourly,1019,Yes,Owns,35,50,53,10,11,TELE-MEDICINE,IN-NETWORK,CO-PAY IN $,100,60,120,0,60,3,20,high,low,RISK,3
1,3,2,1,Bonus,4493,Yes,Owns,39,31,54,10,11,TELE-MEDICINE,IN-NETWORK,CO-PAY IN $,100,0,120,60,60,3,20,high,low,RISK,3
1,3,3,1,Salaried,1012,Yes,Owns,34,26,75,10,11,TELE-MEDICINE,IN-NETWORK,CO-PAY IN $,120,0,100,60,60,3,20,high,low,RISK,3
1,1,2,1,Bonus,1248,Yes,Rents,18,49,60,10,11,TELE-MEDICINE,IN-NETWORK,CO-PAY IN $,120,100,60,0,60,3,20,high,low,RISK,3
1,1,2,1,Salaried,1214,No,Owns,17,40,57,10,11,TELE-MEDICINE,IN-NETWORK,CO-PAY IN $,60,100,120,0,60,3,20,high,low,RISK,3
2,1,1,1,Salaried,2852,Yes,Rents,18,36,56,10,11,TELE-MEDICINE,IN-NETWORK,CO-PAY IN $,120,60,0,100,60,3,20,high,low,RISK,3
2,1,1,1,Bonus,1440,Yes,Owns,24,49,59,10,11,TELE-MEDICINE,IN-NETWORK,CO-PAY IN $,0,120,60,100,60,3,20,high,low,RISK,3
3,1,3,1,Bonus,2951,No,Owns,26,20,55,10,11,TELE-MEDICINE,IN-NETWORK,CO-PAY IN $,0,120,100,60,60,3,20,high,low,RISK,3
4,3,2,4,Salaried,4377,No,Rents,46,73,76,10,12,TELE-MEDICINE,IN-NETWORK,CO-PAY IN $,0,60,120,100,60,3,50,high,low,RISK,3
2,3,4,2,Salaried,1919,No,Owns,48,61,80,10,12,TELE-MEDICINE,IN-NETWORK,CO-PAY IN $,0,120,60,100,60,3,50,high,low,RISK,3
4,4,3,2,Salaried,4671,Yes,Rents,57,53,77,10,12,TELE-MEDICINE,IN-NETWORK,CO-PAY IN $,0,120,100,60,60,3,50,high,low,RISK,3
4,4,2,2,Bonus,1139,No,Owns,52,65,80,10,12,TELE-MEDICINE,IN-NETWORK,CO-PAY IN $,120,0,100,60,60,3,50,high,low,RISK,3
3,4,4,3,Bonus,3085,No,Rents,45,54,88,10,12,TELE-MEDICINE,IN-NETWORK,CO-PAY IN $,0,100,120,60,60,3,50,high,low,RISK,3
3,4,4,3,Salaried,912,Yes,Rents,61,58,79,10,12,TELE-MEDICINE,IN-NETWORK,CO-PAY IN $,0,120,60,100,60,3,50,high,low,RISK,3
4,3,4,3,Hourly,3561,Yes,Owns,51,56,75,10,12,TELE-MEDICINE,IN-NETWORK,CO-PAY IN $,0,100,60,120,60,3,50,high,low,RISK,3
4,4,2,2,Hourly,4350,No,Rents,40,64,87,10,12,TELE-MEDICINE,IN-NETWORK,CO-PAY IN $,60,120,0,100,60,3,50,high,low,RISK,3
4,4,4,4,Salaried,3664,No,Owns,39,65,88,10,12,TELE-MEDICINE,IN-NETWORK,CO-PAY IN $,100,0,120,60,60,3,50,high,low,RISK,3
2,3,3,3,Bonus,1972,Yes,Owns,62,60,80,10,12,TELE-MEDICINE,IN-NETWORK,CO-PAY IN $,60,0,120,100,60,3,50,high,low,RISK,3
3,2,4,4,Salaried,1235,Yes,Rents,55,60,83,10,12,TELE-MEDICINE,IN-NETWORK,CO-PAY IN $,120,0,60,100,60,3,50,high,low,RISK,3
2,4,3,3,Bonus,2294,Yes,Owns,47,72,79,10,12,TELE-MEDICINE,IN-NETWORK,CO-PAY IN $,100,120,0,60,60,3,50,high,low,RISK,3
2,3,4,3,Salaried,4592,Yes,Rents,62,68,84,10,12,TELE-MEDICINE,IN-NETWORK,CO-PAY IN $,120,100,60,0,60,3,50,high,low,RISK,3
3,3,3,4,Hourly,2183,Yes,Owns,37,63,98,10,12,TELE-MEDICINE,IN-NETWORK,CO-PAY IN $,120,60,0,100,60,3,50,high,low,RISK,3
3,3,4,3,Salaried,1622,Yes,Rents,42,55,84,10,12,TELE-MEDICINE,IN-NETWORK,CO-PAY IN $,120,60,100,0,60,3,50,high,low,RISK,3
3,4,3,4,Salaried,4259,Yes,Rents,37,70,81,10,12,TELE-MEDICINE,IN-NETWORK,CO-PAY IN $,0,60,120,100,60,3,50,high,low,RISK,3
4,3,3,4,Salaried,4138,No,Owns,62,55,76,10,12,TELE-MEDICINE,IN-NETWORK,CO-PAY IN $,100,120,60,0,60,3,50,high,low,RISK,3
4,3,4,4,Bonus,2742,No,Owns,64,75,77,10,12,TELE-MEDICINE,IN-NETWORK,CO-PAY IN $,60,0,100,120,60,3,50,high,low,RISK,3
3,3,3,4,Bonus,4027,Yes,Rents,43,60,78,10,12,TELE-MEDICINE,IN-NETWORK,CO-PAY IN $,120,0,60,100,60,3,50,high,low,RISK,3
4,4,2,2,Bonus,3643,No,Rents,59,56,100,10,12,TELE-MEDICINE,IN-NETWORK,CO-PAY IN $,0,100,120,60,60,3,50,high,low,RISK,3
4,2,4,2,Salaried,1855,No,Rents,63,74,85,10,12,TELE-MEDICINE,IN-NETWORK,CO-PAY IN $,60,0,120,100,60,3,50,high,low,RISK,3
3,4,2,3,Bonus,4199,No,Owns,57,67,81,10,12,TELE-MEDICINE,IN-NETWORK,CO-PAY IN $,100,0,120,60,60,3,50,high,low,RISK,3
3,4,3,2,Salaried,358,No,Rents,50,64,80,10,12,TELE-MEDICINE,IN-NETWORK,CO-PAY IN $,100,60,120,0,60,3,50,high,low,RISK,3
4,3,4,3,Salaried,2175,No,Owns,59,75,83,10,12,TELE-MEDICINE,IN-NETWORK,CO-PAY IN $,60,0,100,120,60,3,50,high,low,RISK,3
4,4,2,2,Bonus,2804,No,Owns,48,51,79,10,12,TELE-MEDICINE,IN-NETWORK,CO-PAY IN $,120,60,0,100,60,3,50,high,low,RISK,3
4,4,4,4,Bonus,2793,Yes,Owns,63,73,76,10,12,TELE-MEDICINE,IN-NETWORK,CO-PAY IN $,120,0,100,60,60,3,50,high,low,RISK,3
4,3,4,2,Salaried,1366,No,Owns,56,61,80,10,12,TELE-MEDICINE,IN-NETWORK,CO-PAY IN $,60,100,120,0,60,3,50,high,low,RISK,3
2,4,4,4,Salaried,3990,No,Rents,53,53,77,10,12,TELE-MEDICINE,IN-NETWORK,CO-PAY IN $,0,120,60,100,60,3,50,high,low,RISK,3
2,4,3,3,Salaried,1625,No,Owns,60,65,80,10,12,TELE-MEDICINE,IN-NETWORK,CO-PAY IN $,120,0,60,100,60,3,50,high,low,RISK,3
4,4,3,3,Hourly,1178,No,Owns,35,54,88,10,12,TELE-MEDICINE,IN-NETWORK,CO-PAY IN $,120,60,100,0,60,3,50,high,low,RISK,3
3,3,2,2,Hourly,2665,No,Rents,41,58,79,10,12,TELE-MEDICINE,IN-NETWORK,CO-PAY IN $,100,120,0,60,60,3,50,high,low,RISK,3
4,4,4,2,Hourly,4144,No,Owns,44,56,75,10,12,TELE-MEDICINE,IN-NETWORK,CO-PAY IN $,60,0,120,100,60,3,50,high,low,RISK,3
3,3,4,3,Hourly,2547,Yes,Owns,55,64,87,10,12,TELE-MEDICINE,IN-NETWORK,CO-PAY IN $,60,120,100,0,60,3,50,high,low,RISK,3
4,3,4,2,Hourly,152,Yes,Owns,58,65,88,10,12,TELE-MEDICINE,IN-NETWORK,CO-PAY IN $,120,60,100,0,60,3,50,high,low,RISK,3
3,2,2,3,Bonus,2909,Yes,Rents,45,60,80,10,12,TELE-MEDICINE,IN-NETWORK,CO-PAY IN $,0,60,120,100,60,3,50,high,low,RISK,3
4,4,3,3,Bonus,2404,Yes,Owns,49,60,83,10,12,TELE-MEDICINE,IN-NETWORK,CO-PAY IN $,100,60,0,120,60,3,50,high,low,RISK,3
4,2,4,4,Bonus,144,Yes,Owns,46,72,79,10,12,TELE-MEDICINE,IN-NETWORK,CO-PAY IN $,100,60,120,0,60,3,50,high,low,RISK,3
4,2,4,2,Hourly,2250,No,Owns,48,68,84,10,12,TELE-MEDICINE,IN-NETWORK,CO-PAY IN $,60,120,100,0,60,3,50,high,low,RISK,3
4,3,3,3,Hourly,4826,No,Owns,47,63,98,10,12,TELE-MEDICINE,IN-NETWORK,CO-PAY IN $,100,120,60,0,60,3,50,high,low,RISK,3
4,4,2,3,Salaried,792,No,Owns,50,55,84,10,12,TELE-MEDICINE,IN-NETWORK,CO-PAY IN $,100,0,60,120,60,3,50,high,low,RISK,3
2,4,2,3,Hourly,3429,No,Rents,58,70,81,10,12,TELE-MEDICINE,IN-NETWORK,CO-PAY IN $,60,100,0,120,60,3,50,high,low,RISK,3
3,4,3,4,Hourly,1596,Yes,Owns,50,55,76,10,12,TELE-MEDICINE,IN-NETWORK,CO-PAY IN $,0,100,120,60,60,3,50,high,low,RISK,3
4,4,4,3,Salaried,83,Yes,Owns,40,75,77,10,12,TELE-MEDICINE,IN-NETWORK,CO-PAY IN $,60,0,100,120,60,3,50,high,low,RISK,3
4,4,3,4,Salaried,3601,No,Owns,38,60,78,10,12,TELE-MEDICINE,IN-NETWORK,CO-PAY IN $,120,100,60,0,60,3,50,high,low,RISK,3
3,4,2,4,Bonus,861,No,Owns,58,56,100,10,12,TELE-MEDICINE,IN-NETWORK,CO-PAY IN $,60,0,120,100,60,3,50,high,low,RISK,3
2,4,4,4,Salaried,2240,Yes,Rents,59,74,85,10,12,TELE-MEDICINE,IN-NETWORK,CO-PAY IN $,0,100,60,120,60,3,50,high,low,RISK,3
3,3,2,2,Hourly,2384,No,Rents,37,67,81,10,12,TELE-MEDICINE,IN-NETWORK,CO-PAY IN $,0,60,120,100,60,3,50,high,low,RISK,3
2,2,3,3,Bonus,2363,Yes,Rents,52,64,80,10,12,TELE-MEDICINE,IN-NETWORK,CO-PAY IN $,0,120,60,100,60,3,50,high,low,RISK,3
3,3,4,2,Salaried,4539,No,Owns,45,75,83,10,12,TELE-MEDICINE,IN-NETWORK,CO-PAY IN $,60,120,100,0,60,3,50,high,low,RISK,3
3,3,2,2,Bonus,489,No,Rents,45,51,79,10,12,TELE-MEDICINE,IN-NETWORK,CO-PAY IN $,100,60,0,120,60,3,50,high,low,RISK,3
4,4,2,4,Bonus,4623,Yes,Owns,40,73,76,10,12,TELE-MEDICINE,IN-NETWORK,CO-PAY IN $,120,0,60,100,60,3,50,high,low,RISK,3
3,3,3,2,Salaried,153,Yes,Owns,36,61,80,10,12,TELE-MEDICINE,IN-NETWORK,CO-PAY IN $,100,60,0,120,60,3,50,high,low,RISK,3
3,4,4,4,Salaried,3954,No,Owns,38,53,77,10,12,TELE-MEDICINE,IN-NETWORK,CO-PAY IN $,0,60,100,120,60,3,50,high,low,RISK,3
3,3,2,3,Salaried,4742,No,Rents,35,65,80,10,12,TELE-MEDICINE,IN-NETWORK,CO-PAY IN $,100,60,0,120,60,3,50,high,low,RISK,3
2,2,2,3,Hourly,3289,No,Rents,59,54,88,10,12,TELE-MEDICINE,IN-NETWORK,CO-PAY IN $,60,0,120,100,60,3,50,high,low,RISK,3
2,2,3,3,Bonus,3409,Yes,Rents,54,58,79,10,12,TELE-MEDICINE,IN-NETWORK,CO-PAY IN $,0,120,100,60,60,3,50,high,low,RISK,3
3,3,4,3,Bonus,3179,No,Rents,42,56,75,10,12,TELE-MEDICINE,IN-NETWORK,CO-PAY IN $,100,60,120,0,60,3,50,high,low,RISK,3
3,3,2,4,Bonus,4271,No,Rents,43,64,87,10,12,TELE-MEDICINE,IN-NETWORK,CO-PAY IN $,0,100,120,60,60,3,50,high,low,RISK,3
3,3,3,2,Hourly,4605,Yes,Rents,46,65,88,10,12,TELE-MEDICINE,IN-NETWORK,CO-PAY IN $,100,60,0,120,60,3,50,high,low,RISK,3
2,4,4,4,Salaried,3042,Yes,Rents,37,60,80,10,12,TELE-MEDICINE,IN-NETWORK,CO-PAY IN $,0,60,120,100,60,3,50,high,low,RISK,3
2,4,4,3,Hourly,170,No,Rents,61,60,83,10,12,TELE-MEDICINE,IN-NETWORK,CO-PAY IN $,60,0,100,120,60,3,50,high,low,RISK,3
2,3,3,4,Salaried,2062,No,Rents,40,72,79,10,12,TELE-MEDICINE,IN-NETWORK,CO-PAY IN $,60,100,0,120,60,3,50,high,low,RISK,3
4,4,4,4,Bonus,1962,No,Rents,35,68,84,10,12,TELE-MEDICINE,IN-NETWORK,CO-PAY IN $,100,0,60,120,60,3,50,high,low,RISK,3
2,2,3,2,Bonus,1006,No,Owns,50,63,98,10,12,TELE-MEDICINE,IN-NETWORK,CO-PAY IN $,60,0,120,100,60,3,50,high,low,RISK,3
2,4,3,4,Salaried,4555,No,Rents,42,55,84,10,12,TELE-MEDICINE,IN-NETWORK,CO-PAY IN $,0,100,120,60,60,3,50,high,low,RISK,3
4,3,4,3,Bonus,458,No,Rents,46,70,81,10,12,TELE-MEDICINE,IN-NETWORK,CO-PAY IN $,100,120,60,0,60,3,50,high,low,RISK,3
4,3,4,3,Hourly,1593,No,Owns,36,55,76,10,12,TELE-MEDICINE,IN-NETWORK,CO-PAY IN $,120,0,60,100,60,3,50,high,low,RISK,3
3,4,2,3,Hourly,4519,Yes,Owns,48,75,77,10,12,TELE-MEDICINE,IN-NETWORK,CO-PAY IN $,0,120,60,100,60,3,50,high,low,RISK,3
2,4,3,3,Bonus,2639,No,Rents,36,60,78,10,12,TELE-MEDICINE,IN-NETWORK,CO-PAY IN $,100,0,60,120,60,3,50,high,low,RISK,3
2,3,4,3,Hourly,2563,Yes,Rents,59,56,100,10,12,TELE-MEDICINE,IN-NETWORK,CO-PAY IN $,60,0,120,100,60,3,50,high,low,RISK,3
3,4,4,4,Bonus,2810,Yes,Owns,58,74,85,10,12,TELE-MEDICINE,IN-NETWORK,CO-PAY IN $,0,100,120,60,60,3,50,high,low,RISK,3
3,4,3,4,Hourly,2954,Yes,Owns,64,67,81,10,12,TELE-MEDICINE,IN-NETWORK,CO-PAY IN $,0,100,120,60,60,3,50,high,low,RISK,3
3,2,4,3,Hourly,2299,Yes,Owns,54,64,80,10,12,TELE-MEDICINE,IN-NETWORK,CO-PAY IN $,0,100,60,120,60,3,50,high,low,RISK,3
2,3,4,4,Hourly,1155,No,Rents,37,75,83,10,12,TELE-MEDICINE,IN-NETWORK,CO-PAY IN $,0,60,100,120,60,3,50,high,low,RISK,3
4,2,4,3,Bonus,1856,Yes,Rents,55,51,79,10,12,TELE-MEDICINE,IN-NETWORK,CO-PAY IN $,100,60,120,0,60,3,50,high,low,RISK,3
4,4,3,3,Salaried,3352,Yes,Rents,38,73,76,10,12,TELE-MEDICINE,IN-NETWORK,CO-PAY IN $,100,60,120,0,60,3,50,high,low,RISK,3
4,3,3,4,Salaried,1125,Yes,Rents,38,53,77,10,12,TELE-MEDICINE,IN-NETWORK,CO-PAY IN $,0,120,100,60,60,3,50,high,low,RISK,3
4,2,4,2,Bonus,4695,No,Owns,35,65,80,10,12,TELE-MEDICINE,IN-NETWORK,CO-PAY IN $,0,100,120,60,60,3,50,high,low,RISK,3
3,3,3,4,Salaried,1210,No,Rents,62,54,88,10,12,TELE-MEDICINE,IN-NETWORK,CO-PAY IN $,120,60,100,0,60,3,50,high,low,RISK,3
4,4,4,2,Bonus,3149,No,Owns,37,58,79,10,12,TELE-MEDICINE,IN-NETWORK,CO-PAY IN $,60,0,100,120,60,3,50,high,low,RISK,3
4,3,4,4,Bonus,3757,No,Rents,38,56,75,10,12,TELE-MEDICINE,IN-NETWORK,CO-PAY IN $,120,60,100,0,60,3,50,high,low,RISK,3
4,3,4,4,Salaried,4038,Yes,Rents,51,64,87,10,12,TELE-MEDICINE,IN-NETWORK,CO-PAY IN $,60,0,120,100,60,3,50,high,low,RISK,3
2,3,3,4,Bonus,381,No,Owns,41,65,88,10,12,TELE-MEDICINE,IN-NETWORK,CO-PAY IN $,60,120,100,0,60,3,50,high,low,RISK,3
3,3,3,3,Hourly,2879,Yes,Rents,61,60,80,10,12,TELE-MEDICINE,IN-NETWORK,CO-PAY IN $,0,60,120,100,60,3,50,high,low,RISK,3
4,4,3,2,Hourly,2246,No,Owns,62,60,83,10,12,TELE-MEDICINE,IN-NETWORK,CO-PAY IN $,60,0,100,120,60,3,50,high,low,RISK,3
2,4,3,2,Hourly,3337,No,Rents,39,72,79,10,12,TELE-MEDICINE,IN-NETWORK,CO-PAY IN $,0,60,100,120,60,3,50,high,low,RISK,3
4,3,3,4,Hourly,874,No,Owns,63,68,84,10,12,TELE-MEDICINE,IN-NETWORK,CO-PAY IN $,100,120,60,0,60,3,50,high,low,RISK,3
3,4,2,3,Hourly,4470,Yes,Owns,36,63,98,10,12,TELE-MEDICINE,IN-NETWORK,CO-PAY IN $,100,120,60,0,60,3,50,high,low,RISK,3
4,3,4,3,Hourly,3252,Yes,Owns,46,55,84,10,12,TELE-MEDICINE,IN-NETWORK,CO-PAY IN $,100,0,60,120,60,3,50,high,low,RISK,3
3,4,2,3,Hourly,176,Yes,Rents,45,70,81,10,12,TELE-MEDICINE,IN-NETWORK,CO-PAY IN $,60,120,100,0,60,3,50,high,low,RISK,3
4,3,4,2,Hourly,3681,Yes,Owns,38,55,76,10,12,TELE-MEDICINE,IN-NETWORK,CO-PAY IN $,120,60,100,0,60,3,50,high,low,RISK,3
3,4,4,4,Hourly,1019,Yes,Owns,59,75,77,10,12,TELE-MEDICINE,IN-NETWORK,CO-PAY IN $,100,60,120,0,60,3,50,high,low,RISK,3
3,4,4,3,Bonus,4493,Yes,Owns,64,60,78,10,12,TELE-MEDICINE,IN-NETWORK,CO-PAY IN $,60,120,0,100,60,3,50,high,low,RISK,3
3,4,4,2,Salaried,1012,Yes,Owns,58,56,100,10,12,TELE-MEDICINE,IN-NETWORK,CO-PAY IN $,100,120,60,0,60,3,50,high,low,RISK,3
2,2,4,3,Bonus,1248,Yes,Rents,39,74,85,10,12,TELE-MEDICINE,IN-NETWORK,CO-PAY IN $,100,60,0,120,60,3,50,high,low,RISK,3
2,3,3,3,Salaried,1214,No,Owns,37,67,81,10,12,TELE-MEDICINE,IN-NETWORK,CO-PAY IN $,100,0,60,120,60,3,50,high,low,RISK,3
4,3,3,2,Salaried,2852,Yes,Rents,38,64,80,10,12,TELE-MEDICINE,IN-NETWORK,CO-PAY IN $,60,0,100,120,60,3,50,high,low,RISK,3
3,3,2,2,Bonus,1440,Yes,Owns,46,75,83,10,12,TELE-MEDICINE,IN-NETWORK,CO-PAY IN $,120,60,0,100,60,3,50,high,low,RISK,3
4,2,4,3,Bonus,2951,No,Owns,48,51,79,10,12,TELE-MEDICINE,IN-NETWORK,CO-PAY IN $,0,120,100,60,60,3,50,high,low,RISK,3
1,0,0,1,Salaried,4377,No,Rents,4,9,1,10,13,TELE-MEDICINE,IN-NETWORK,CO-PAY IN $,120,60,100,0,60,3,5,high,high,RISK,4
0,0,1,0,Salaried,1919,No,Owns,4,4,5,10,13,TELE-MEDICINE,IN-NETWORK,CO-PAY IN $,100,0,120,60,60,3,5,high,high,RISK,4
0,0,0,0,Salaried,4671,Yes,Rents,7,1,2,10,13,TELE-MEDICINE,IN-NETWORK,CO-PAY IN $,60,120,0,100,60,3,5,high,high,RISK,4
1,1,0,0,Bonus,1139,No,Owns,6,6,5,10,13,TELE-MEDICINE,IN-NETWORK,CO-PAY IN $,0,100,60,120,60,3,5,high,high,RISK,4
0,1,1,0,Bonus,3085,No,Rents,3,1,13,10,13,TELE-MEDICINE,IN-NETWORK,CO-PAY IN $,0,120,100,60,60,3,5,high,high,RISK,4
0,1,1,0,Salaried,912,Yes,Rents,9,3,4,10,13,TELE-MEDICINE,IN-NETWORK,CO-PAY IN $,60,100,120,0,60,3,5,high,high,RISK,4
1,0,1,0,Hourly,3561,Yes,Owns,5,2,0,10,13,TELE-MEDICINE,IN-NETWORK,CO-PAY IN $,100,60,120,0,60,3,5,high,high,RISK,4
1,1,0,0,Hourly,4350,No,Rents,2,5,12,10,13,TELE-MEDICINE,IN-NETWORK,CO-PAY IN $,0,100,60,120,60,3,5,high,high,RISK,4
1,1,0,1,Salaried,3664,No,Owns,1,6,13,10,13,TELE-MEDICINE,IN-NETWORK,CO-PAY IN $,60,0,100,120,60,3,5,high,high,RISK,4
0,0,0,0,Bonus,1972,Yes,Owns,9,4,5,10,13,TELE-MEDICINE,IN-NETWORK,CO-PAY IN $,120,0,100,60,60,3,5,high,high,RISK,4
0,0,1,1,Salaried,1235,Yes,Rents,7,4,8,10,13,TELE-MEDICINE,IN-NETWORK,CO-PAY IN $,0,100,60,120,60,3,5,high,high,RISK,4
0,1,0,0,Bonus,2294,Yes,Owns,4,9,4,10,13,TELE-MEDICINE,IN-NETWORK,CO-PAY IN $,120,0,60,100,60,3,5,high,high,RISK,4
0,0,1,0,Salaried,4592,Yes,Rents,9,7,9,10,13,TELE-MEDICINE,IN-NETWORK,CO-PAY IN $,100,120,0,60,60,3,5,high,high,RISK,4
0,0,0,1,Hourly,2183,Yes,Owns,1,5,23,10,13,TELE-MEDICINE,IN-NETWORK,CO-PAY IN $,0,120,60,100,60,3,5,high,high,RISK,4
0,0,1,0,Salaried,1622,Yes,Rents,2,1,9,10,13,TELE-MEDICINE,IN-NETWORK,CO-PAY IN $,60,120,0,100,60,3,5,high,high,RISK,4
0,1,0,1,Salaried,4259,Yes,Rents,1,8,6,10,13,TELE-MEDICINE,IN-NETWORK,CO-PAY IN $,0,100,120,60,60,3,5,high,high,RISK,4
1,0,0,1,Salaried,4138,No,Owns,9,2,1,10,13,TELE-MEDICINE,IN-NETWORK,CO-PAY IN $,120,100,0,60,60,3,5,high,high,RISK,4
1,0,0,1,Bonus,2742,No,Owns,10,10,2,10,13,TELE-MEDICINE,IN-NETWORK,CO-PAY IN $,0,100,60,120,60,3,5,high,high,RISK,4
1,0,0,0,Bonus,3643,No,Rents,8,2,25,10,13,TELE-MEDICINE,IN-NETWORK,CO-PAY IN $,100,0,120,60,60,3,5,high,high,RISK,4
1,0,1,0,Salaried,1855,No,Rents,9,10,10,10,13,TELE-MEDICINE,IN-NETWORK,CO-PAY IN $,60,100,120,0,60,3,5,high,high,RISK,4
0,1,0,0,Bonus,4199,No,Owns,7,7,6,10,13,TELE-MEDICINE,IN-NETWORK,CO-PAY IN $,100,120,60,0,60,3,5,high,high,RISK,4
0,1,0,0,Salaried,358,No,Rents,5,5,5,10,13,TELE-MEDICINE,IN-NETWORK,CO-PAY IN $,120,100,0,60,60,3,5,high,high,RISK,4
0,0,1,0,Salaried,2175,No,Owns,8,10,8,10,13,TELE-MEDICINE,IN-NETWORK,CO-PAY IN $,60,120,0,100,60,3,5,high,high,RISK,4
0,1,0,0,Bonus,2804,No,Owns,4,0,4,10,13,TELE-MEDICINE,IN-NETWORK,CO-PAY IN $,100,0,120,60,60,3,5,high,high,RISK,4
1,1,1,0,Bonus,2793,Yes,Owns,9,9,1,10,13,TELE-MEDICINE,IN-NETWORK,CO-PAY IN $,120,100,60,0,60,3,5,high,high,RISK,4
1,0,1,0,Salaried,1366,No,Owns,7,4,5,10,13,TELE-MEDICINE,IN-NETWORK,CO-PAY IN $,60,0,100,120,60,3,5,high,high,RISK,4
0,1,1,1,Salaried,3990,No,Rents,6,1,2,10,13,TELE-MEDICINE,IN-NETWORK,CO-PAY IN $,100,0,60,120,60,3,5,high,high,RISK,4
0,0,0,0,Salaried,1625,No,Owns,8,6,5,10,13,TELE-MEDICINE,IN-NETWORK,CO-PAY IN $,60,100,0,120,60,3,5,high,high,RISK,4
1,1,0,0,Hourly,1178,No,Owns,0,1,13,10,13,TELE-MEDICINE,IN-NETWORK,CO-PAY IN $,100,0,120,60,60,3,5,high,high,RISK,4
0,0,0,0,Hourly,2665,No,Rents,2,3,4,10,13,TELE-MEDICINE,IN-NETWORK,CO-PAY IN $,120,0,100,60,60,3,5,high,high,RISK,4
1,1,1,0,Hourly,4144,No,Owns,3,2,0,10,13,TELE-MEDICINE,IN-NETWORK,CO-PAY IN $,60,100,120,0,60,3,5,high,high,RISK,4
0,0,1,0,Hourly,2547,Yes,Owns,7,5,12,10,13,TELE-MEDICINE,IN-NETWORK,CO-PAY IN $,120,60,0,100,60,3,5,high,high,RISK,4
1,0,1,0,Hourly,152,Yes,Owns,8,6,13,10,13,TELE-MEDICINE,IN-NETWORK,CO-PAY IN $,60,0,120,100,60,3,5,high,high,RISK,4
0,0,0,0,Bonus,2909,Yes,Rents,3,4,5,10,13,TELE-MEDICINE,IN-NETWORK,CO-PAY IN $,60,100,120,0,60,3,5,high,high,RISK,4
1,1,0,0,Bonus,2404,Yes,Owns,5,4,8,10,13,TELE-MEDICINE,IN-NETWORK,CO-PAY IN $,0,120,100,60,60,3,5,high,high,RISK,4
1,0,1,1,Bonus,144,Yes,Owns,4,9,4,10,13,TELE-MEDICINE,IN-NETWORK,CO-PAY IN $,60,100,0,120,60,3,5,high,high,RISK,4
1,0,1,0,Hourly,2250,No,Owns,4,7,9,10,13,TELE-MEDICINE,IN-NETWORK,CO-PAY IN $,60,0,100,120,60,3,5,high,high,RISK,4
1,0,0,0,Hourly,4826,No,Owns,4,5,23,10,13,TELE-MEDICINE,IN-NETWORK,CO-PAY IN $,100,0,60,120,60,3,5,high,high,RISK,4
1,1,0,0,Salaried,792,No,Owns,5,1,9,10,13,TELE-MEDICINE,IN-NETWORK,CO-PAY IN $,120,0,60,100,60,3,5,high,high,RISK,4
0,1,0,0,Hourly,3429,No,Rents,8,8,6,10,13,TELE-MEDICINE,IN-NETWORK,CO-PAY IN $,0,120,60,100,60,3,5,high,high,RISK,4
0,1,0,0,Hourly,1596,Yes,Owns,5,2,1,10,13,TELE-MEDICINE,IN-NETWORK,CO-PAY IN $,100,120,60,0,60,3,5,high,high,RISK,4
1,1,1,0,Salaried,83,Yes,Owns,2,10,2,10,13,TELE-MEDICINE,IN-NETWORK,CO-PAY IN $,120,0,100,60,60,3,5,high,high,RISK,4
1,1,0,1,Salaried,3601,No,Owns,1,4,3,10,13,TELE-MEDICINE,IN-NETWORK,CO-PAY IN $,100,0,60,120,60,3,5,high,high,RISK,4
0,0,0,1,Bonus,861,No,Owns,8,2,25,10,13,TELE-MEDICINE,IN-NETWORK,CO-PAY IN $,100,0,60,120,60,3,5,high,high,RISK,4
0,1,1,1,Salaried,2240,Yes,Rents,8,10,10,10,13,TELE-MEDICINE,IN-NETWORK,CO-PAY IN $,120,60,100,0,60,3,5,high,high,RISK,4
0,0,0,0,Hourly,2384,No,Rents,1,7,6,10,13,TELE-MEDICINE,IN-NETWORK,CO-PAY IN $,120,100,60,0,60,3,5,high,high,RISK,4
0,0,0,0,Bonus,2363,Yes,Rents,6,5,5,10,13,TELE-MEDICINE,IN-NETWORK,CO-PAY IN $,60,120,100,0,60,3,5,high,high,RISK,4
0,0,1,0,Salaried,4539,No,Owns,3,10,8,10,13,TELE-MEDICINE,IN-NETWORK,CO-PAY IN $,0,120,100,60,60,3,5,high,high,RISK,4
0,0,0,0,Bonus,489,No,Rents,3,0,4,10,13,TELE-MEDICINE,IN-NETWORK,CO-PAY IN $,60,120,100,0,60,3,5,high,high,RISK,4
0,1,0,1,Bonus,4623,Yes,Owns,2,9,1,10,13,TELE-MEDICINE,IN-NETWORK,CO-PAY IN $,0,100,60,120,60,3,5,high,high,RISK,4
0,0,0,0,Salaried,153,Yes,Owns,0,4,5,10,13,TELE-MEDICINE,IN-NETWORK,CO-PAY IN $,120,60,0,100,60,3,5,high,high,RISK,4
0,1,1,0,Salaried,3954,No,Owns,1,1,2,10,13,TELE-MEDICINE,IN-NETWORK,CO-PAY IN $,100,0,120,60,60,3,5,high,high,RISK,4
0,0,0,0,Salaried,4742,No,Rents,0,6,5,10,13,TELE-MEDICINE,IN-NETWORK,CO-PAY IN $,0,60,100,120,60,3,5,high,high,RISK,4
0,0,0,0,Hourly,3289,No,Rents,8,1,13,10,13,TELE-MEDICINE,IN-NETWORK,CO-PAY IN $,120,60,100,0,60,3,5,high,high,RISK,4
0,0,0,0,Bonus,3409,Yes,Rents,6,3,4,10,13,TELE-MEDICINE,IN-NETWORK,CO-PAY IN $,100,120,60,0,60,3,5,high,high,RISK,4
0,0,1,0,Bonus,3179,No,Rents,2,2,0,10,13,TELE-MEDICINE,IN-NETWORK,CO-PAY IN $,60,120,100,0,60,3,5,high,high,RISK,4
0,0,0,0,Bonus,4271,No,Rents,3,5,12,10,13,TELE-MEDICINE,IN-NETWORK,CO-PAY IN $,60,120,0,100,60,3,5,high,high,RISK,4
0,0,0,0,Hourly,4605,Yes,Rents,4,6,13,10,13,TELE-MEDICINE,IN-NETWORK,CO-PAY IN $,120,60,100,0,60,3,5,high,high,RISK,4
0,1,1,1,Salaried,3042,Yes,Rents,1,4,5,10,13,TELE-MEDICINE,IN-NETWORK,CO-PAY IN $,100,60,120,0,60,3,5,high,high,RISK,4
0,1,1,0,Hourly,170,No,Rents,9,4,8,10,13,TELE-MEDICINE,IN-NETWORK,CO-PAY IN $,100,60,0,120,60,3,5,high,high,RISK,4
0,0,0,1,Salaried,2062,No,Rents,2,9,4,10,13,TELE-MEDICINE,IN-NETWORK,CO-PAY IN $,100,120,0,60,60,3,5,high,high,RISK,4
1,0,1,1,Bonus,1962,No,Rents,0,7,9,10,13,TELE-MEDICINE,IN-NETWORK,CO-PAY IN $,120,0,60,100,60,3,5,high,high,RISK,4
0,0,0,0,Bonus,1006,No,Owns,5,5,23,10,13,TELE-MEDICINE,IN-NETWORK,CO-PAY IN $,0,120,60,100,60,3,5,high,high,RISK,4
0,1,0,1,Salaried,4555,No,Rents,2,1,9,10,13,TELE-MEDICINE,IN-NETWORK,CO-PAY IN $,60,120,100,0,60,3,5,high,high,RISK,4
1,0,1,0,Bonus,458,No,Rents,4,8,6,10,13,TELE-MEDICINE,IN-NETWORK,CO-PAY IN $,120,60,0,100,60,3,5,high,high,RISK,4
1,0,1,0,Hourly,1593,No,Owns,0,2,1,10,13,TELE-MEDICINE,IN-NETWORK,CO-PAY IN $,120,100,60,0,60,3,5,high,high,RISK,4
0,1,0,0,Hourly,4519,Yes,Owns,4,10,2,10,13,TELE-MEDICINE,IN-NETWORK,CO-PAY IN $,100,0,60,120,60,3,5,high,high,RISK,4
0,1,0,0,Bonus,2639,No,Rents,0,4,3,10,13,TELE-MEDICINE,IN-NETWORK,CO-PAY IN $,100,0,120,60,60,3,5,high,high,RISK,4
0,0,1,0,Hourly,2563,Yes,Rents,8,2,25,10,13,TELE-MEDICINE,IN-NETWORK,CO-PAY IN $,0,60,100,120,60,3,5,high,high,RISK,4
0,0,1,1,Bonus,2810,Yes,Owns,8,10,10,10,13,TELE-MEDICINE,IN-NETWORK,CO-PAY IN $,0,120,60,100,60,3,5,high,high,RISK,4
0,0,0,1,Hourly,2954,Yes,Owns,10,7,6,10,13,TELE-MEDICINE,IN-NETWORK,CO-PAY IN $,60,0,120,100,60,3,5,high,high,RISK,4
0,0,1,0,Hourly,2299,Yes,Owns,6,5,5,10,13,TELE-MEDICINE,IN-NETWORK,CO-PAY IN $,60,100,0,120,60,3,5,high,high,RISK,4
0,0,1,1,Hourly,1155,No,Rents,1,10,8,10,13,TELE-MEDICINE,IN-NETWORK,CO-PAY IN $,120,100,60,0,60,3,5,high,high,RISK,4
1,0,1,0,Bonus,1856,Yes,Rents,7,0,4,10,13,TELE-MEDICINE,IN-NETWORK,CO-PAY IN $,100,60,120,0,60,3,5,high,high,RISK,4
1,1,0,0,Salaried,3352,Yes,Rents,1,9,1,10,13,TELE-MEDICINE,IN-NETWORK,CO-PAY IN $,60,0,120,100,60,3,5,high,high,RISK,4
1,0,0,0,Hourly,3735,Yes,Owns,8,4,5,10,13,TELE-MEDICINE,IN-NETWORK,CO-PAY IN $,0,60,100,120,60,3,5,high,high,RISK,4
1,0,0,1,Salaried,1125,Yes,Rents,1,1,2,10,13,TELE-MEDICINE,IN-NETWORK,CO-PAY IN $,120,60,0,100,60,3,5,high,high,RISK,4
1,0,1,0,Bonus,4695,No,Owns,0,6,5,10,13,TELE-MEDICINE,IN-NETWORK,CO-PAY IN $,0,100,120,60,60,3,5,high,high,RISK,4
0,0,0,1,Salaried,1210,No,Rents,9,1,13,10,13,TELE-MEDICINE,IN-NETWORK,CO-PAY IN $,100,120,0,60,60,3,5,high,high,RISK,4
1,1,1,0,Bonus,3149,No,Owns,1,3,4,10,13,TELE-MEDICINE,IN-NETWORK,CO-PAY IN $,120,60,100,0,60,3,5,high,high,RISK,4
1,0,0,0,Bonus,3757,No,Rents,1,2,0,10,13,TELE-MEDICINE,IN-NETWORK,CO-PAY IN $,60,0,100,120,60,3,5,high,high,RISK,4
1,0,1,1,Salaried,4038,Yes,Rents,5,5,12,10,13,TELE-MEDICINE,IN-NETWORK,CO-PAY IN $,100,120,0,60,60,3,5,high,high,RISK,4
0,0,0,1,Bonus,381,No,Owns,2,6,13,10,13,TELE-MEDICINE,IN-NETWORK,CO-PAY IN $,100,0,120,60,60,3,5,high,high,RISK,4
0,0,0,0,Hourly,2879,Yes,Rents,9,4,5,10,13,TELE-MEDICINE,IN-NETWORK,CO-PAY IN $,0,100,60,120,60,3,5,high,high,RISK,4
0,1,0,0,Hourly,2246,No,Owns,9,4,8,10,13,TELE-MEDICINE,IN-NETWORK,CO-PAY IN $,0,100,120,60,60,3,5,high,high,RISK,4
0,1,0,0,Hourly,3337,No,Rents,1,9,4,10,13,TELE-MEDICINE,IN-NETWORK,CO-PAY IN $,120,100,60,0,60,3,5,high,high,RISK,4
1,0,0,0,Hourly,874,No,Owns,9,7,9,10,13,TELE-MEDICINE,IN-NETWORK,CO-PAY IN $,100,0,60,120,60,3,5,high,high,RISK,4
0,1,0,0,Hourly,4470,Yes,Owns,0,5,23,10,13,TELE-MEDICINE,IN-NETWORK,CO-PAY IN $,100,120,0,60,60,3,5,high,high,RISK,4
1,0,1,0,Hourly,3252,Yes,Owns,4,1,9,10,13,TELE-MEDICINE,IN-NETWORK,CO-PAY IN $,100,120,60,0,60,3,5,high,high,RISK,4
0,1,0,0,Hourly,176,Yes,Rents,3,8,6,10,13,TELE-MEDICINE,IN-NETWORK,CO-PAY IN $,60,120,0,100,60,3,5,high,high,RISK,4
0,0,1,0,Hourly,3681,Yes,Owns,1,2,1,10,13,TELE-MEDICINE,IN-NETWORK,CO-PAY IN $,100,60,0,120,60,3,5,high,high,RISK,4
0,1,1,1,Hourly,1019,Yes,Owns,8,10,2,10,13,TELE-MEDICINE,IN-NETWORK,CO-PAY IN $,120,100,0,60,60,3,5,high,high,RISK,4
0,1,1,0,Bonus,4493,Yes,Owns,10,4,3,10,13,TELE-MEDICINE,IN-NETWORK,CO-PAY IN $,100,60,120,0,60,3,5,high,high,RISK,4
0,1,1,0,Salaried,1012,Yes,Owns,8,2,25,10,13,TELE-MEDICINE,IN-NETWORK,CO-PAY IN $,120,60,100,0,60,3,5,high,high,RISK,4
0,0,0,0,Bonus,1248,Yes,Rents,1,10,10,10,13,TELE-MEDICINE,IN-NETWORK,CO-PAY IN $,100,60,120,0,60,3,5,high,high,RISK,4
0,0,0,0,Salaried,1214,No,Owns,1,7,6,10,13,TELE-MEDICINE,IN-NETWORK,CO-PAY IN $,100,120,0,60,60,3,5,high,high,RISK,4
1,0,0,0,Salaried,2852,Yes,Rents,1,5,5,10,13,TELE-MEDICINE,IN-NETWORK,CO-PAY IN $,60,100,0,120,60,3,5,high,high,RISK,4
0,0,0,0,Bonus,1440,Yes,Owns,4,10,8,10,13,TELE-MEDICINE,IN-NETWORK,CO-PAY IN $,0,100,120,60,60,3,5,high,high,RISK,4
1,0,1,0,Bonus,2951,No,Owns,4,0,4,10,13,TELE-MEDICINE,IN-NETWORK,CO-PAY IN $,60,120,0,100,60,3,5,high,high,RISK,4
0,1,1,0,Salaried,1919,No,Owns,10,15,31,10,14,TELE-MEDICINE,IN-NETWORK,CO-PAY IN $,120,100,0,60,60,3,10,high,high,RISK,4
1,1,0,0,Salaried,4671,Yes,Rents,15,12,28,10,14,TELE-MEDICINE,IN-NETWORK,CO-PAY IN $,0,100,120,60,60,3,10,high,high,RISK,4
2,1,0,0,Bonus,1139,No,Owns,13,16,31,10,14,TELE-MEDICINE,IN-NETWORK,CO-PAY IN $,0,100,60,120,60,3,10,high,high,RISK,4
1,1,2,1,Bonus,3085,No,Rents,9,12,39,10,14,TELE-MEDICINE,IN-NETWORK,CO-PAY IN $,0,120,100,60,60,3,10,high,high,RISK,4
0,1,2,0,Salaried,912,Yes,Rents,16,14,30,10,14,TELE-MEDICINE,IN-NETWORK,CO-PAY IN $,120,0,60,100,60,3,10,high,high,RISK,4
1,0,2,1,Hourly,3561,Yes,Owns,12,13,26,10,14,TELE-MEDICINE,IN-NETWORK,CO-PAY IN $,0,120,100,60,60,3,10,high,high,RISK,4
1,2,0,0,Hourly,4350,No,Rents,7,16,37,10,14,TELE-MEDICINE,IN-NETWORK,CO-PAY IN $,0,120,60,100,60,3,10,high,high,RISK,4
2,2,1,2,Salaried,3664,No,Owns,7,16,39,10,14,TELE-MEDICINE,IN-NETWORK,CO-PAY IN $,120,0,60,100,60,3,10,high,high,RISK,4
0,0,0,1,Bonus,1972,Yes,Owns,17,14,30,10,14,TELE-MEDICINE,IN-NETWORK,CO-PAY IN $,0,60,100,120,60,3,10,high,high,RISK,4
1,0,2,2,Salaried,1235,Yes,Rents,14,14,34,10,14,TELE-MEDICINE,IN-NETWORK,CO-PAY IN $,100,120,0,60,60,3,10,high,high,RISK,4
0,2,0,1,Bonus,2294,Yes,Owns,10,19,30,10,14,TELE-MEDICINE,IN-NETWORK,CO-PAY IN $,60,0,100,120,60,3,10,high,high,RISK,4
0,1,2,0,Salaried,4592,Yes,Rents,16,17,35,10,14,TELE-MEDICINE,IN-NETWORK,CO-PAY IN $,0,100,120,60,60,3,10,high,high,RISK,4
0,0,1,1,Hourly,2183,Yes,Owns,6,15,48,10,14,TELE-MEDICINE,IN-NETWORK,CO-PAY IN $,100,0,60,120,60,3,10,high,high,RISK,4
1,1,2,1,Salaried,1622,Yes,Rents,8,12,35,10,14,TELE-MEDICINE,IN-NETWORK,CO-PAY IN $,100,60,120,0,60,3,10,high,high,RISK,4
1,2,1,2,Salaried,4259,Yes,Rents,6,18,32,10,14,TELE-MEDICINE,IN-NETWORK,CO-PAY IN $,0,100,60,120,60,3,10,high,high,RISK,4
2,1,1,2,Salaried,4138,No,Owns,17,13,27,10,14,TELE-MEDICINE,IN-NETWORK,CO-PAY IN $,60,120,0,100,60,3,10,high,high,RISK,4
2,0,1,2,Bonus,2742,No,Owns,17,20,28,10,14,TELE-MEDICINE,IN-NETWORK,CO-PAY IN $,0,120,100,60,60,3,10,high,high,RISK,4
1,1,0,2,Bonus,4027,Yes,Rents,8,14,29,10,14,TELE-MEDICINE,IN-NETWORK,CO-PAY IN $,60,0,100,120,60,3,10,high,high,RISK,4
1,1,0,0,Bonus,3643,No,Rents,16,13,50,10,14,TELE-MEDICINE,IN-NETWORK,CO-PAY IN $,0,60,100,120,60,3,10,high,high,RISK,4
1,0,2,0,Salaried,1855,No,Rents,17,20,35,10,14,TELE-MEDICINE,IN-NETWORK,CO-PAY IN $,60,0,120,100,60,3,10,high,high,RISK,4
1,2,0,1,Bonus,4199,No,Owns,14,17,32,10,14,TELE-MEDICINE,IN-NETWORK,CO-PAY IN $,120,0,60,100,60,3,10,high,high,RISK,4
0,2,1,0,Salaried,358,No,Rents,12,16,31,10,14,TELE-MEDICINE,IN-NETWORK,CO-PAY IN $,100,0,120,60,60,3,10,high,high,RISK,4
1,1,1,1,Salaried,2175,No,Owns,16,20,34,10,14,TELE-MEDICINE,IN-NETWORK,CO-PAY IN $,60,100,120,0,60,3,10,high,high,RISK,4
1,1,0,0,Bonus,2804,No,Owns,11,11,30,10,14,TELE-MEDICINE,IN-NETWORK,CO-PAY IN $,0,100,60,120,60,3,10,high,high,RISK,4
2,1,2,1,Bonus,2793,Yes,Owns,17,19,27,10,14,TELE-MEDICINE,IN-NETWORK,CO-PAY IN $,60,100,120,0,60,3,10,high,high,RISK,4
2,0,2,0,Salaried,1366,No,Owns,14,15,31,10,14,TELE-MEDICINE,IN-NETWORK,CO-PAY IN $,60,100,0,120,60,3,10,high,high,RISK,4
0,1,1,2,Salaried,3990,No,Rents,13,12,28,10,14,TELE-MEDICINE,IN-NETWORK,CO-PAY IN $,0,100,120,60,60,3,10,high,high,RISK,4
0,1,1,0,Salaried,1625,No,Owns,16,16,31,10,14,TELE-MEDICINE,IN-NETWORK,CO-PAY IN $,0,60,120,100,60,3,10,high,high,RISK,4
1,2,0,0,Hourly,1178,No,Owns,5,12,39,10,14,TELE-MEDICINE,IN-NETWORK,CO-PAY IN $,0,60,120,100,60,3,10,high,high,RISK,4
1,1,0,0,Hourly,2665,No,Rents,8,14,30,10,14,TELE-MEDICINE,IN-NETWORK,CO-PAY IN $,100,60,0,120,60,3,10,high,high,RISK,4
1,1,2,0,Hourly,4144,No,Owns,9,13,26,10,14,TELE-MEDICINE,IN-NETWORK,CO-PAY IN $,120,100,60,0,60,3,10,high,high,RISK,4
1,1,2,0,Hourly,2547,Yes,Owns,14,16,37,10,14,TELE-MEDICINE,IN-NETWORK,CO-PAY IN $,0,100,120,60,60,3,10,high,high,RISK,4
1,1,1,0,Hourly,152,Yes,Owns,15,16,39,10,14,TELE-MEDICINE,IN-NETWORK,CO-PAY IN $,120,60,100,0,60,3,10,high,high,RISK,4
0,0,0,0,Bonus,2909,Yes,Rents,9,14,30,10,14,TELE-MEDICINE,IN-NETWORK,CO-PAY IN $,100,120,0,60,60,3,10,high,high,RISK,4
2,2,1,1,Bonus,2404,Yes,Owns,11,14,34,10,14,TELE-MEDICINE,IN-NETWORK,CO-PAY IN $,60,0,120,100,60,3,10,high,high,RISK,4
2,0,1,2,Bonus,144,Yes,Owns,10,19,30,10,14,TELE-MEDICINE,IN-NETWORK,CO-PAY IN $,120,0,100,60,60,3,10,high,high,RISK,4
2,0,1,0,Hourly,2250,No,Owns,11,17,35,10,14,TELE-MEDICINE,IN-NETWORK,CO-PAY IN $,100,60,120,0,60,3,10,high,high,RISK,4
2,0,0,0,Hourly,4826,No,Owns,10,15,48,10,14,TELE-MEDICINE,IN-NETWORK,CO-PAY IN $,120,0,100,60,60,3,10,high,high,RISK,4
1,1,0,0,Salaried,792,No,Owns,12,12,35,10,14,TELE-MEDICINE,IN-NETWORK,CO-PAY IN $,100,60,120,0,60,3,10,high,high,RISK,4
0,2,0,1,Hourly,3429,No,Rents,15,18,32,10,14,TELE-MEDICINE,IN-NETWORK,CO-PAY IN $,0,100,60,120,60,3,10,high,high,RISK,4
0,2,0,1,Hourly,1596,Yes,Owns,11,13,27,10,14,TELE-MEDICINE,IN-NETWORK,CO-PAY IN $,120,0,100,60,60,3,10,high,high,RISK,4
1,1,2,0,Salaried,83,Yes,Owns,7,20,28,10,14,TELE-MEDICINE,IN-NETWORK,CO-PAY IN $,0,60,100,120,60,3,10,high,high,RISK,4
1,2,0,2,Salaried,3601,No,Owns,6,14,29,10,14,TELE-MEDICINE,IN-NETWORK,CO-PAY IN $,0,120,100,60,60,3,10,high,high,RISK,4
1,1,0,1,Bonus,861,No,Owns,15,13,50,10,14,TELE-MEDICINE,IN-NETWORK,CO-PAY IN $,60,100,0,120,60,3,10,high,high,RISK,4
0,2,2,2,Salaried,2240,Yes,Rents,15,20,35,10,14,TELE-MEDICINE,IN-NETWORK,CO-PAY IN $,60,120,100,0,60,3,10,high,high,RISK,4
1,0,0,0,Hourly,2384,No,Rents,6,17,32,10,14,TELE-MEDICINE,IN-NETWORK,CO-PAY IN $,0,120,100,60,60,3,10,high,high,RISK,4
0,0,0,0,Bonus,2363,Yes,Rents,12,16,31,10,14,TELE-MEDICINE,IN-NETWORK,CO-PAY IN $,0,120,100,60,60,3,10,high,high,RISK,4
1,1,2,0,Salaried,4539,No,Owns,10,20,34,10,14,TELE-MEDICINE,IN-NETWORK,CO-PAY IN $,60,0,120,100,60,3,10,high,high,RISK,4
1,1,0,0,Bonus,489,No,Rents,9,11,30,10,14,TELE-MEDICINE,IN-NETWORK,CO-PAY IN $,0,100,60,120,60,3,10,high,high,RISK,4
1,2,0,2,Bonus,4623,Yes,Owns,7,19,27,10,14,TELE-MEDICINE,IN-NETWORK,CO-PAY IN $,60,120,0,100,60,3,10,high,high,RISK,4
1,0,0,0,Salaried,153,Yes,Owns,5,15,31,10,14,TELE-MEDICINE,IN-NETWORK,CO-PAY IN $,0,120,60,100,60,3,10,high,high,RISK,4
0,2,2,1,Salaried,3954,No,Owns,6,12,28,10,14,TELE-MEDICINE,IN-NETWORK,CO-PAY IN $,60,120,100,0,60,3,10,high,high,RISK,4
0,1,0,0,Salaried,4742,No,Rents,5,16,31,10,14,TELE-MEDICINE,IN-NETWORK,CO-PAY IN $,100,60,120,0,60,3,10,high,high,RISK,4
0,0,0,1,Hourly,3289,No,Rents,15,12,39,10,14,TELE-MEDICINE,IN-NETWORK,CO-PAY IN $,60,0,100,120,60,3,10,high,high,RISK,4
0,0,1,1,Bonus,3409,Yes,Rents,13,14,30,10,14,TELE-MEDICINE,IN-NETWORK,CO-PAY IN $,60,0,100,120,60,3,10,high,high,RISK,4
0,0,2,1,Bonus,3179,No,Rents,8,13,26,10,14,TELE-MEDICINE,IN-NETWORK,CO-PAY IN $,0,100,120,60,60,3,10,high,high,RISK,4
0,0,0,1,Bonus,4271,No,Rents,9,16,37,10,14,TELE-MEDICINE,IN-NETWORK,CO-PAY IN $,0,100,60,120,60,3,10,high,high,RISK,4
0,0,0,0,Hourly,4605,Yes,Rents,10,16,39,10,14,TELE-MEDICINE,IN-NETWORK,CO-PAY IN $,0,120,100,60,60,3,10,high,high,RISK,4
0,2,2,2,Salaried,3042,Yes,Rents,6,14,30,10,14,TELE-MEDICINE,IN-NETWORK,CO-PAY IN $,120,0,60,100,60,3,10,high,high,RISK,4
0,2,2,0,Hourly,170,No,Rents,16,14,34,10,14,TELE-MEDICINE,IN-NETWORK,CO-PAY IN $,0,100,60,120,60,3,10,high,high,RISK,4
0,1,0,2,Salaried,2062,No,Rents,7,19,30,10,14,TELE-MEDICINE,IN-NETWORK,CO-PAY IN $,120,0,100,60,60,3,10,high,high,RISK,4
1,1,2,2,Bonus,1962,No,Rents,5,17,35,10,14,TELE-MEDICINE,IN-NETWORK,CO-PAY IN $,100,120,0,60,60,3,10,high,high,RISK,4
0,0,0,0,Bonus,1006,No,Owns,11,15,48,10,14,TELE-MEDICINE,IN-NETWORK,CO-PAY IN $,60,0,100,120,60,3,10,high,high,RISK,4
0,2,1,2,Salaried,4555,No,Rents,8,12,35,10,14,TELE-MEDICINE,IN-NETWORK,CO-PAY IN $,0,120,100,60,60,3,10,high,high,RISK,4
2,1,1,0,Bonus,458,No,Rents,10,18,32,10,14,TELE-MEDICINE,IN-NETWORK,CO-PAY IN $,100,0,120,60,60,3,10,high,high,RISK,4
2,0,2,1,Hourly,1593,No,Owns,5,13,27,10,14,TELE-MEDICINE,IN-NETWORK,CO-PAY IN $,60,0,100,120,60,3,10,high,high,RISK,4
0,2,0,1,Hourly,4519,Yes,Owns,11,20,28,10,14,TELE-MEDICINE,IN-NETWORK,CO-PAY IN $,60,100,0,120,60,3,10,high,high,RISK,4
0,1,0,0,Bonus,2639,No,Rents,5,14,29,10,14,TELE-MEDICINE,IN-NETWORK,CO-PAY IN $,120,60,0,100,60,3,10,high,high,RISK,4
0,0,2,1,Hourly,2563,Yes,Rents,15,13,50,10,14,TELE-MEDICINE,IN-NETWORK,CO-PAY IN $,0,60,120,100,60,3,10,high,high,RISK,4
0,1,2,1,Bonus,2810,Yes,Owns,15,20,35,10,14,TELE-MEDICINE,IN-NETWORK,CO-PAY IN $,0,100,120,60,60,3,10,high,high,RISK,4
1,1,0,1,Hourly,2954,Yes,Owns,18,17,32,10,14,TELE-MEDICINE,IN-NETWORK,CO-PAY IN $,100,0,60,120,60,3,10,high,high,RISK,4
1,0,2,0,Hourly,2299,Yes,Owns,13,16,31,10,14,TELE-MEDICINE,IN-NETWORK,CO-PAY IN $,120,0,100,60,60,3,10,high,high,RISK,4
0,0,1,2,Hourly,1155,No,Rents,6,20,34,10,14,TELE-MEDICINE,IN-NETWORK,CO-PAY IN $,60,120,0,100,60,3,10,high,high,RISK,4
1,0,2,0,Bonus,1856,Yes,Rents,14,11,30,10,14,TELE-MEDICINE,IN-NETWORK,CO-PAY IN $,100,60,120,0,60,3,10,high,high,RISK,4
2,1,1,0,Salaried,3352,Yes,Rents,6,19,27,10,14,TELE-MEDICINE,IN-NETWORK,CO-PAY IN $,60,100,120,0,60,3,10,high,high,RISK,4
2,0,0,1,Hourly,3735,Yes,Owns,15,15,31,10,14,TELE-MEDICINE,IN-NETWORK,CO-PAY IN $,0,60,120,100,60,3,10,high,high,RISK,4
2,1,0,2,Salaried,1125,Yes,Rents,6,12,28,10,14,TELE-MEDICINE,IN-NETWORK,CO-PAY IN $,120,0,100,60,60,3,10,high,high,RISK,4
2,0,1,0,Bonus,4695,No,Owns,5,16,31,10,14,TELE-MEDICINE,IN-NETWORK,CO-PAY IN $,100,0,120,60,60,3,10,high,high,RISK,4
1,1,1,1,Salaried,1210,No,Rents,17,12,39,10,14,TELE-MEDICINE,IN-NETWORK,CO-PAY IN $,60,0,120,100,60,3,10,high,high,RISK,4
1,2,1,0,Bonus,3149,No,Owns,6,14,30,10,14,TELE-MEDICINE,IN-NETWORK,CO-PAY IN $,0,120,60,100,60,3,10,high,high,RISK,4
1,1,1,1,Bonus,3757,No,Rents,6,13,26,10,14,TELE-MEDICINE,IN-NETWORK,CO-PAY IN $,0,120,100,60,60,3,10,high,high,RISK,4
1,0,2,1,Salaried,4038,Yes,Rents,12,16,37,10,14,TELE-MEDICINE,IN-NETWORK,CO-PAY IN $,60,0,120,100,60,3,10,high,high,RISK,4
0,0,0,2,Bonus,381,No,Owns,8,16,39,10,14,TELE-MEDICINE,IN-NETWORK,CO-PAY IN $,0,120,60,100,60,3,10,high,high,RISK,4
0,0,1,1,Hourly,2879,Yes,Rents,16,14,30,10,14,TELE-MEDICINE,IN-NETWORK,CO-PAY IN $,60,120,100,0,60,3,10,high,high,RISK,4
1,2,0,0,Hourly,2246,No,Owns,17,14,34,10,14,TELE-MEDICINE,IN-NETWORK,CO-PAY IN $,60,0,100,120,60,3,10,high,high,RISK,4
0,2,1,0,Hourly,3337,No,Rents,7,19,30,10,14,TELE-MEDICINE,IN-NETWORK,CO-PAY IN $,60,100,0,120,60,3,10,high,high,RISK,4
1,1,1,1,Hourly,874,No,Owns,17,17,35,10,14,TELE-MEDICINE,IN-NETWORK,CO-PAY IN $,120,100,0,60,60,3,10,high,high,RISK,4
0,1,0,0,Hourly,4470,Yes,Owns,6,15,48,10,14,TELE-MEDICINE,IN-NETWORK,CO-PAY IN $,0,60,120,100,60,3,10,high,high,RISK,4
2,0,1,1,Hourly,3252,Yes,Owns,10,12,35,10,14,TELE-MEDICINE,IN-NETWORK,CO-PAY IN $,120,0,100,60,60,3,10,high,high,RISK,4
0,2,0,1,Hourly,176,Yes,Rents,9,18,32,10,14,TELE-MEDICINE,IN-NETWORK,CO-PAY IN $,120,60,100,0,60,3,10,high,high,RISK,4
1,0,2,0,Hourly,3681,Yes,Owns,6,13,27,10,14,TELE-MEDICINE,IN-NETWORK,CO-PAY IN $,60,100,120,0,60,3,10,high,high,RISK,4
1,2,1,2,Hourly,1019,Yes,Owns,15,20,28,10,14,TELE-MEDICINE,IN-NETWORK,CO-PAY IN $,60,0,120,100,60,3,10,high,high,RISK,4
1,2,1,1,Bonus,4493,Yes,Owns,18,14,29,10,14,TELE-MEDICINE,IN-NETWORK,CO-PAY IN $,100,120,60,0,60,3,10,high,high,RISK,4
1,2,2,0,Salaried,1012,Yes,Owns,15,13,50,10,14,TELE-MEDICINE,IN-NETWORK,CO-PAY IN $,100,0,60,120,60,3,10,high,high,RISK,4
0,0,1,1,Bonus,1248,Yes,Rents,7,20,35,10,14,TELE-MEDICINE,IN-NETWORK,CO-PAY IN $,120,100,0,60,60,3,10,high,high,RISK,4
0,0,1,0,Salaried,1214,No,Owns,6,17,32,10,14,TELE-MEDICINE,IN-NETWORK,CO-PAY IN $,100,120,0,60,60,3,10,high,high,RISK,4
1,0,1,0,Salaried,2852,Yes,Rents,6,16,31,10,14,TELE-MEDICINE,IN-NETWORK,CO-PAY IN $,60,120,0,100,60,3,10,high,high,RISK,4
1,0,0,0,Bonus,1440,Yes,Owns,10,20,34,10,14,TELE-MEDICINE,IN-NETWORK,CO-PAY IN $,100,0,60,120,60,3,10,high,high,RISK,4
1,0,1,0,Bonus,2951,No,Owns,11,11,30,10,14,TELE-MEDICINE,IN-NETWORK,CO-PAY IN $,60,100,120,0,60,3,10,high,high,RISK,4
3,2,1,3,Salaried,4377,No,Rents,24,48,52,10,15,TELE-MEDICINE,IN-NETWORK,CO-PAY IN $,120,100,60,0,0,4,20,high,high,RISK,4
1,1,2,1,Salaried,1919,No,Owns,25,33,56,10,15,TELE-MEDICINE,IN-NETWORK,CO-PAY IN $,100,120,0,60,0,4,20,high,high,RISK,4
2,2,1,1,Salaried,4671,Yes,Rents,33,23,53,10,15,TELE-MEDICINE,IN-NETWORK,CO-PAY IN $,0,100,120,60,0,4,20,high,high,RISK,4
3,2,1,1,Bonus,1139,No,Owns,29,38,56,10,15,TELE-MEDICINE,IN-NETWORK,CO-PAY IN $,120,100,60,0,0,4,20,high,high,RISK,4
1,2,3,2,Bonus,3085,No,Rents,23,24,64,10,15,TELE-MEDICINE,IN-NETWORK,CO-PAY IN $,0,120,100,60,0,4,20,high,high,RISK,4
1,2,3,1,Salaried,912,Yes,Rents,37,29,55,10,15,TELE-MEDICINE,IN-NETWORK,CO-PAY IN $,120,0,100,60,0,4,20,high,high,RISK,4
2,1,3,2,Hourly,3561,Yes,Owns,28,26,51,10,15,TELE-MEDICINE,IN-NETWORK,CO-PAY IN $,60,120,100,0,0,4,20,high,high,RISK,4
2,3,1,1,Hourly,4350,No,Rents,19,36,62,10,15,TELE-MEDICINE,IN-NETWORK,CO-PAY IN $,60,100,0,120,0,4,20,high,high,RISK,4
3,3,2,3,Salaried,3664,No,Owns,18,38,64,10,15,TELE-MEDICINE,IN-NETWORK,CO-PAY IN $,120,100,0,60,0,4,20,high,high,RISK,4
1,1,1,1,Bonus,1972,Yes,Owns,38,31,55,10,15,TELE-MEDICINE,IN-NETWORK,CO-PAY IN $,100,0,120,60,0,4,20,high,high,RISK,4
1,1,3,3,Salaried,1235,Yes,Rents,32,31,59,10,15,TELE-MEDICINE,IN-NETWORK,CO-PAY IN $,0,60,120,100,0,4,20,high,high,RISK,4
1,3,1,2,Bonus,2294,Yes,Owns,25,47,55,10,15,TELE-MEDICINE,IN-NETWORK,CO-PAY IN $,0,100,120,60,0,4,20,high,high,RISK,4
1,2,3,1,Salaried,4592,Yes,Rents,37,41,60,10,15,TELE-MEDICINE,IN-NETWORK,CO-PAY IN $,100,120,0,60,0,4,20,high,high,RISK,4
1,1,1,2,Hourly,2183,Yes,Owns,16,35,73,10,15,TELE-MEDICINE,IN-NETWORK,CO-PAY IN $,0,60,100,120,0,4,20,high,high,RISK,4
2,2,3,2,Salaried,1622,Yes,Rents,21,24,60,10,15,TELE-MEDICINE,IN-NETWORK,CO-PAY IN $,120,60,100,0,0,4,20,high,high,RISK,4
2,3,1,3,Salaried,4259,Yes,Rents,17,43,57,10,15,TELE-MEDICINE,IN-NETWORK,CO-PAY IN $,0,60,100,120,0,4,20,high,high,RISK,4
3,2,2,3,Salaried,4138,No,Owns,37,25,52,10,15,TELE-MEDICINE,IN-NETWORK,CO-PAY IN $,0,100,120,60,0,4,20,high,high,RISK,4
3,1,2,3,Bonus,2742,No,Owns,39,50,53,10,15,TELE-MEDICINE,IN-NETWORK,CO-PAY IN $,120,60,100,0,0,4,20,high,high,RISK,4
1,1,1,3,Bonus,4027,Yes,Rents,21,31,54,10,15,TELE-MEDICINE,IN-NETWORK,CO-PAY IN $,0,60,100,120,0,4,20,high,high,RISK,4
2,2,1,1,Bonus,3643,No,Rents,35,26,75,10,15,TELE-MEDICINE,IN-NETWORK,CO-PAY IN $,0,100,60,120,0,4,20,high,high,RISK,4
2,1,3,1,Salaried,1855,No,Rents,39,49,60,10,15,TELE-MEDICINE,IN-NETWORK,CO-PAY IN $,120,100,0,60,0,4,20,high,high,RISK,4
1,3,1,1,Bonus,4199,No,Owns,33,40,57,10,15,TELE-MEDICINE,IN-NETWORK,CO-PAY IN $,60,0,120,100,0,4,20,high,high,RISK,4
1,3,2,1,Salaried,358,No,Rents,28,36,56,10,15,TELE-MEDICINE,IN-NETWORK,CO-PAY IN $,0,120,60,100,0,4,20,high,high,RISK,4
2,2,2,1,Salaried,2175,No,Owns,35,49,59,10,15,TELE-MEDICINE,IN-NETWORK,CO-PAY IN $,0,120,100,60,0,4,20,high,high,RISK,4
2,2,1,1,Bonus,2804,No,Owns,26,20,55,10,15,TELE-MEDICINE,IN-NETWORK,CO-PAY IN $,0,120,100,60,0,4,20,high,high,RISK,4
3,1,3,1,Salaried,1366,No,Owns,32,33,56,10,15,TELE-MEDICINE,IN-NETWORK,CO-PAY IN $,120,100,0,60,0,4,20,high,high,RISK,4
1,2,2,3,Salaried,3990,No,Rents,30,23,53,10,15,TELE-MEDICINE,IN-NETWORK,CO-PAY IN $,60,120,0,100,0,4,20,high,high,RISK,4
1,2,2,1,Salaried,1625,No,Owns,36,38,56,10,15,TELE-MEDICINE,IN-NETWORK,CO-PAY IN $,100,0,120,60,0,4,20,high,high,RISK,4
2,3,1,1,Hourly,1178,No,Owns,15,24,64,10,15,TELE-MEDICINE,IN-NETWORK,CO-PAY IN $,0,60,100,120,0,4,20,high,high,RISK,4
2,1,1,1,Hourly,2665,No,Rents,20,29,55,10,15,TELE-MEDICINE,IN-NETWORK,CO-PAY IN $,0,60,100,120,0,4,20,high,high,RISK,4
2,3,3,1,Hourly,4144,No,Owns,23,26,51,10,15,TELE-MEDICINE,IN-NETWORK,CO-PAY IN $,0,60,100,120,0,4,20,high,high,RISK,4
2,2,3,1,Hourly,2547,Yes,Owns,32,36,62,10,15,TELE-MEDICINE,IN-NETWORK,CO-PAY IN $,0,120,60,100,0,4,20,high,high,RISK,4
2,1,2,1,Hourly,152,Yes,Owns,34,38,64,10,15,TELE-MEDICINE,IN-NETWORK,CO-PAY IN $,0,60,120,100,0,4,20,high,high,RISK,4
1,1,1,1,Bonus,2909,Yes,Rents,23,31,55,10,15,TELE-MEDICINE,IN-NETWORK,CO-PAY IN $,60,120,100,0,0,4,20,high,high,RISK,4
3,3,2,2,Bonus,2404,Yes,Owns,27,31,59,10,15,TELE-MEDICINE,IN-NETWORK,CO-PAY IN $,120,100,60,0,0,4,20,high,high,RISK,4
3,1,2,3,Bonus,144,Yes,Owns,24,47,55,10,15,TELE-MEDICINE,IN-NETWORK,CO-PAY IN $,120,60,0,100,0,4,20,high,high,RISK,4
3,1,2,1,Hourly,2250,No,Owns,26,41,60,10,15,TELE-MEDICINE,IN-NETWORK,CO-PAY IN $,0,100,120,60,0,4,20,high,high,RISK,4
3,1,1,1,Hourly,4826,No,Owns,25,35,73,10,15,TELE-MEDICINE,IN-NETWORK,CO-PAY IN $,60,120,0,100,0,4,20,high,high,RISK,4
2,2,1,1,Salaried,792,No,Owns,28,24,60,10,15,TELE-MEDICINE,IN-NETWORK,CO-PAY IN $,60,0,120,100,0,4,20,high,high,RISK,4
1,3,1,2,Hourly,3429,No,Rents,34,43,57,10,15,TELE-MEDICINE,IN-NETWORK,CO-PAY IN $,100,0,120,60,0,4,20,high,high,RISK,4
1,3,1,2,Hourly,1596,Yes,Owns,27,25,52,10,15,TELE-MEDICINE,IN-NETWORK,CO-PAY IN $,100,0,60,120,0,4,20,high,high,RISK,4
2,3,3,1,Salaried,83,Yes,Owns,19,50,53,10,15,TELE-MEDICINE,IN-NETWORK,CO-PAY IN $,100,60,120,0,0,4,20,high,high,RISK,4
2,3,1,3,Salaried,3601,No,Owns,17,31,54,10,15,TELE-MEDICINE,IN-NETWORK,CO-PAY IN $,0,100,120,60,0,4,20,high,high,RISK,4
2,2,1,2,Bonus,861,No,Owns,34,26,75,10,15,TELE-MEDICINE,IN-NETWORK,CO-PAY IN $,60,100,0,120,0,4,20,high,high,RISK,4
1,3,3,3,Salaried,2240,Yes,Rents,35,49,60,10,15,TELE-MEDICINE,IN-NETWORK,CO-PAY IN $,60,0,100,120,0,4,20,high,high,RISK,4
1,1,1,1,Hourly,2384,No,Rents,17,40,57,10,15,TELE-MEDICINE,IN-NETWORK,CO-PAY IN $,60,120,100,0,0,4,20,high,high,RISK,4
1,1,1,1,Bonus,2363,Yes,Rents,29,36,56,10,15,TELE-MEDICINE,IN-NETWORK,CO-PAY IN $,120,100,60,0,0,4,20,high,high,RISK,4
2,1,3,1,Salaried,4539,No,Owns,24,49,59,10,15,TELE-MEDICINE,IN-NETWORK,CO-PAY IN $,60,0,120,100,0,4,20,high,high,RISK,4
2,1,1,1,Bonus,489,No,Rents,23,20,55,10,15,TELE-MEDICINE,IN-NETWORK,CO-PAY IN $,120,100,60,0,0,4,20,high,high,RISK,4
2,3,1,3,Bonus,4623,Yes,Owns,19,48,52,10,15,TELE-MEDICINE,IN-NETWORK,CO-PAY IN $,100,60,0,120,0,4,20,high,high,RISK,4
2,1,1,1,Salaried,153,Yes,Owns,15,33,56,10,15,TELE-MEDICINE,IN-NETWORK,CO-PAY IN $,0,100,60,120,0,4,20,high,high,RISK,4
1,3,3,2,Salaried,3954,No,Owns,17,23,53,10,15,TELE-MEDICINE,IN-NETWORK,CO-PAY IN $,120,0,60,100,0,4,20,high,high,RISK,4
1,2,1,1,Salaried,4742,No,Rents,15,38,56,10,15,TELE-MEDICINE,IN-NETWORK,CO-PAY IN $,120,60,0,100,0,4,20,high,high,RISK,4
1,1,1,2,Hourly,3289,No,Rents,35,24,64,10,15,TELE-MEDICINE,IN-NETWORK,CO-PAY IN $,0,120,100,60,0,4,20,high,high,RISK,4
1,1,2,2,Bonus,3409,Yes,Rents,30,29,55,10,15,TELE-MEDICINE,IN-NETWORK,CO-PAY IN $,100,0,120,60,0,4,20,high,high,RISK,4
1,1,3,2,Bonus,3179,No,Rents,21,26,51,10,15,TELE-MEDICINE,IN-NETWORK,CO-PAY IN $,60,100,0,120,0,4,20,high,high,RISK,4
1,1,1,2,Bonus,4271,No,Rents,22,36,62,10,15,TELE-MEDICINE,IN-NETWORK,CO-PAY IN $,100,60,0,120,0,4,20,high,high,RISK,4
1,1,1,1,Hourly,4605,Yes,Rents,24,38,64,10,15,TELE-MEDICINE,IN-NETWORK,CO-PAY IN $,60,100,120,0,0,4,20,high,high,RISK,4
1,3,3,3,Salaried,3042,Yes,Rents,16,31,55,10,15,TELE-MEDICINE,IN-NETWORK,CO-PAY IN $,0,100,60,120,0,4,20,high,high,RISK,4
1,3,3,1,Hourly,170,No,Rents,37,31,59,10,15,TELE-MEDICINE,IN-NETWORK,CO-PAY IN $,120,0,60,100,0,4,20,high,high,RISK,4
1,1,1,3,Salaried,2062,No,Rents,20,47,55,10,15,TELE-MEDICINE,IN-NETWORK,CO-PAY IN $,60,0,100,120,0,4,20,high,high,RISK,4
2,2,3,3,Bonus,1962,No,Rents,15,41,60,10,15,TELE-MEDICINE,IN-NETWORK,CO-PAY IN $,0,60,120,100,0,4,20,high,high,RISK,4
1,1,1,1,Bonus,1006,No,Owns,27,35,73,10,15,TELE-MEDICINE,IN-NETWORK,CO-PAY IN $,0,120,60,100,0,4,20,high,high,RISK,4
1,3,2,3,Salaried,4555,No,Rents,20,24,60,10,15,TELE-MEDICINE,IN-NETWORK,CO-PAY IN $,0,100,60,120,0,4,20,high,high,RISK,4
3,1,2,1,Bonus,458,No,Rents,25,43,57,10,15,TELE-MEDICINE,IN-NETWORK,CO-PAY IN $,120,60,0,100,0,4,20,high,high,RISK,4
3,1,3,1,Hourly,1593,No,Owns,16,25,52,10,15,TELE-MEDICINE,IN-NETWORK,CO-PAY IN $,60,100,0,120,0,4,20,high,high,RISK,4
1,3,1,2,Hourly,4519,Yes,Owns,26,50,53,10,15,TELE-MEDICINE,IN-NETWORK,CO-PAY IN $,60,120,100,0,0,4,20,high,high,RISK,4
1,2,1,1,Bonus,2639,No,Rents,16,31,54,10,15,TELE-MEDICINE,IN-NETWORK,CO-PAY IN $,0,60,120,100,0,4,20,high,high,RISK,4
1,1,3,1,Hourly,2563,Yes,Rents,35,26,75,10,15,TELE-MEDICINE,IN-NETWORK,CO-PAY IN $,60,100,0,120,0,4,20,high,high,RISK,4
1,2,3,2,Bonus,2810,Yes,Owns,35,49,60,10,15,TELE-MEDICINE,IN-NETWORK,CO-PAY IN $,60,100,120,0,0,4,20,high,high,RISK,4
2,2,1,2,Hourly,2954,Yes,Owns,39,40,57,10,15,TELE-MEDICINE,IN-NETWORK,CO-PAY IN $,0,100,60,120,0,4,20,high,high,RISK,4
2,1,3,1,Hourly,2299,Yes,Owns,31,36,56,10,15,TELE-MEDICINE,IN-NETWORK,CO-PAY IN $,100,60,120,0,0,4,20,high,high,RISK,4
1,1,2,3,Hourly,1155,No,Rents,16,49,59,10,15,TELE-MEDICINE,IN-NETWORK,CO-PAY IN $,60,0,100,120,0,4,20,high,high,RISK,4
2,1,3,1,Bonus,1856,Yes,Rents,31,20,55,10,15,TELE-MEDICINE,IN-NETWORK,CO-PAY IN $,120,0,100,60,0,4,20,high,high,RISK,4
3,2,2,1,Salaried,3352,Yes,Rents,18,48,52,10,15,TELE-MEDICINE,IN-NETWORK,CO-PAY IN $,120,100,60,0,0,4,20,high,high,RISK,4
3,1,1,2,Hourly,3735,Yes,Owns,34,33,56,10,15,TELE-MEDICINE,IN-NETWORK,CO-PAY IN $,120,0,60,100,0,4,20,high,high,RISK,4
3,2,1,3,Salaried,1125,Yes,Rents,18,23,53,10,15,TELE-MEDICINE,IN-NETWORK,CO-PAY IN $,60,120,0,100,0,4,20,high,high,RISK,4
3,1,2,1,Bonus,4695,No,Owns,15,38,56,10,15,TELE-MEDICINE,IN-NETWORK,CO-PAY IN $,100,120,0,60,0,4,20,high,high,RISK,4
2,2,2,2,Salaried,1210,No,Rents,38,24,64,10,15,TELE-MEDICINE,IN-NETWORK,CO-PAY IN $,0,100,120,60,0,4,20,high,high,RISK,4
2,3,2,1,Bonus,3149,No,Owns,17,29,55,10,15,TELE-MEDICINE,IN-NETWORK,CO-PAY IN $,100,0,120,60,0,4,20,high,high,RISK,4
2,2,2,2,Bonus,3757,No,Rents,18,26,51,10,15,TELE-MEDICINE,IN-NETWORK,CO-PAY IN $,60,0,120,100,0,4,20,high,high,RISK,4
3,1,3,2,Salaried,4038,Yes,Rents,28,36,62,10,15,TELE-MEDICINE,IN-NETWORK,CO-PAY IN $,100,0,120,60,0,4,20,high,high,RISK,4
1,1,1,3,Bonus,381,No,Owns,20,38,64,10,15,TELE-MEDICINE,IN-NETWORK,CO-PAY IN $,100,120,60,0,0,4,20,high,high,RISK,4
1,1,1,2,Hourly,2879,Yes,Rents,37,31,55,10,15,TELE-MEDICINE,IN-NETWORK,CO-PAY IN $,60,100,120,0,0,4,20,high,high,RISK,4
2,3,1,1,Hourly,2246,No,Owns,38,31,59,10,15,TELE-MEDICINE,IN-NETWORK,CO-PAY IN $,0,120,60,100,0,4,20,high,high,RISK,4
1,3,2,1,Hourly,3337,No,Rents,18,47,55,10,15,TELE-MEDICINE,IN-NETWORK,CO-PAY IN $,60,120,0,100,0,4,20,high,high,RISK,4
2,2,1,2,Hourly,874,No,Owns,38,41,60,10,15,TELE-MEDICINE,IN-NETWORK,CO-PAY IN $,0,60,120,100,0,4,20,high,high,RISK,4
1,2,1,1,Hourly,4470,Yes,Owns,16,35,73,10,15,TELE-MEDICINE,IN-NETWORK,CO-PAY IN $,100,60,120,0,0,4,20,high,high,RISK,4
3,1,3,1,Hourly,3252,Yes,Owns,24,24,60,10,15,TELE-MEDICINE,IN-NETWORK,CO-PAY IN $,100,0,120,60,0,4,20,high,high,RISK,4
1,3,1,2,Hourly,176,Yes,Rents,23,43,57,10,15,TELE-MEDICINE,IN-NETWORK,CO-PAY IN $,120,60,100,0,0,4,20,high,high,RISK,4
2,1,3,1,Hourly,3681,Yes,Owns,17,25,52,10,15,TELE-MEDICINE,IN-NETWORK,CO-PAY IN $,100,0,120,60,0,4,20,high,high,RISK,4
1,3,2,3,Hourly,1019,Yes,Owns,35,50,53,10,15,TELE-MEDICINE,IN-NETWORK,CO-PAY IN $,0,60,120,100,0,4,20,high,high,RISK,4
1,3,2,1,Bonus,4493,Yes,Owns,39,31,54,10,15,TELE-MEDICINE,IN-NETWORK,CO-PAY IN $,100,120,60,0,0,4,20,high,high,RISK,4
1,3,3,1,Salaried,1012,Yes,Owns,34,26,75,10,15,TELE-MEDICINE,IN-NETWORK,CO-PAY IN $,0,120,60,100,0,4,20,high,high,RISK,4
1,1,2,1,Bonus,1248,Yes,Rents,18,49,60,10,15,TELE-MEDICINE,IN-NETWORK,CO-PAY IN $,120,100,60,0,0,4,20,high,high,RISK,4
1,1,2,1,Salaried,1214,No,Owns,17,40,57,10,15,TELE-MEDICINE,IN-NETWORK,CO-PAY IN $,0,120,100,60,0,4,20,high,high,RISK,4
2,1,1,1,Salaried,2852,Yes,Rents,18,36,56,10,15,TELE-MEDICINE,IN-NETWORK,CO-PAY IN $,120,100,0,60,0,4,20,high,high,RISK,4
2,1,1,1,Bonus,1440,Yes,Owns,24,49,59,10,15,TELE-MEDICINE,IN-NETWORK,CO-PAY IN $,0,120,60,100,0,4,20,high,high,RISK,4
3,1,3,1,Bonus,2951,No,Owns,26,20,55,10,15,TELE-MEDICINE,IN-NETWORK,CO-PAY IN $,60,120,0,100,0,4,20,high,high,RISK,4
4,3,2,4,Salaried,4377,No,Rents,46,73,76,10,16,TELE-MEDICINE,IN-NETWORK,CO-PAY IN $,120,60,100,0,0,4,50,high,high,RISK,4
2,3,4,2,Salaried,1919,No,Owns,48,61,80,10,16,TELE-MEDICINE,IN-NETWORK,CO-PAY IN $,120,100,60,0,0,4,50,high,high,RISK,4
4,4,3,2,Salaried,4671,Yes,Rents,57,53,77,10,16,TELE-MEDICINE,IN-NETWORK,CO-PAY IN $,100,60,0,120,0,4,50,high,high,RISK,4
4,4,2,2,Bonus,1139,No,Owns,52,65,80,10,16,TELE-MEDICINE,IN-NETWORK,CO-PAY IN $,0,120,100,60,0,4,50,high,high,RISK,4
3,4,4,3,Bonus,3085,No,Rents,45,54,88,10,16,TELE-MEDICINE,IN-NETWORK,CO-PAY IN $,120,100,60,0,0,4,50,high,high,RISK,4
3,4,4,3,Salaried,912,Yes,Rents,61,58,79,10,16,TELE-MEDICINE,IN-NETWORK,CO-PAY IN $,120,100,0,60,0,4,50,high,high,RISK,4
4,3,4,3,Hourly,3561,Yes,Owns,51,56,75,10,16,TELE-MEDICINE,IN-NETWORK,CO-PAY IN $,120,100,60,0,0,4,50,high,high,RISK,4
4,4,2,2,Hourly,4350,No,Rents,40,64,87,10,16,TELE-MEDICINE,IN-NETWORK,CO-PAY IN $,0,60,120,100,0,4,50,high,high,RISK,4
4,4,4,4,Salaried,3664,No,Owns,39,65,88,10,16,TELE-MEDICINE,IN-NETWORK,CO-PAY IN $,0,120,60,100,0,4,50,high,high,RISK,4
2,3,3,3,Bonus,1972,Yes,Owns,62,60,80,10,16,TELE-MEDICINE,IN-NETWORK,CO-PAY IN $,100,60,120,0,0,4,50,high,high,RISK,4
3,2,4,4,Salaried,1235,Yes,Rents,55,60,83,10,16,TELE-MEDICINE,IN-NETWORK,CO-PAY IN $,0,60,120,100,0,4,50,high,high,RISK,4
2,4,3,3,Bonus,2294,Yes,Owns,47,72,79,10,16,TELE-MEDICINE,IN-NETWORK,CO-PAY IN $,60,100,120,0,0,4,50,high,high,RISK,4
2,3,4,3,Salaried,4592,Yes,Rents,62,68,84,10,16,TELE-MEDICINE,IN-NETWORK,CO-PAY IN $,120,60,100,0,0,4,50,high,high,RISK,4
3,3,3,4,Hourly,2183,Yes,Owns,37,63,98,10,16,TELE-MEDICINE,IN-NETWORK,CO-PAY IN $,60,0,120,100,0,4,50,high,high,RISK,4
3,3,4,3,Salaried,1622,Yes,Rents,42,55,84,10,16,TELE-MEDICINE,IN-NETWORK,CO-PAY IN $,100,120,60,0,0,4,50,high,high,RISK,4
3,4,3,4,Salaried,4259,Yes,Rents,37,70,81,10,16,TELE-MEDICINE,IN-NETWORK,CO-PAY IN $,0,120,100,60,0,4,50,high,high,RISK,4
4,3,3,4,Salaried,4138,No,Owns,62,55,76,10,16,TELE-MEDICINE,IN-NETWORK,CO-PAY IN $,100,0,120,60,0,4,50,high,high,RISK,4
4,3,4,4,Bonus,2742,No,Owns,64,75,77,10,16,TELE-MEDICINE,IN-NETWORK,CO-PAY IN $,100,120,0,60,0,4,50,high,high,RISK,4
3,3,3,4,Bonus,4027,Yes,Rents,43,60,78,10,16,TELE-MEDICINE,IN-NETWORK,CO-PAY IN $,60,100,0,120,0,4,50,high,high,RISK,4
4,4,2,2,Bonus,3643,No,Rents,59,56,100,10,16,TELE-MEDICINE,IN-NETWORK,CO-PAY IN $,120,0,60,100,0,4,50,high,high,RISK,4
4,2,4,2,Salaried,1855,No,Rents,63,74,85,10,16,TELE-MEDICINE,IN-NETWORK,CO-PAY IN $,0,120,60,100,0,4,50,high,high,RISK,4
3,4,2,3,Bonus,4199,No,Owns,57,67,81,10,16,TELE-MEDICINE,IN-NETWORK,CO-PAY IN $,60,0,100,120,0,4,50,high,high,RISK,4
3,4,3,2,Salaried,358,No,Rents,50,64,80,10,16,TELE-MEDICINE,IN-NETWORK,CO-PAY IN $,60,120,0,100,0,4,50,high,high,RISK,4
4,3,4,3,Salaried,2175,No,Owns,59,75,83,10,16,TELE-MEDICINE,IN-NETWORK,CO-PAY IN $,120,0,100,60,0,4,50,high,high,RISK,4
4,4,2,2,Bonus,2804,No,Owns,48,51,79,10,16,TELE-MEDICINE,IN-NETWORK,CO-PAY IN $,100,0,120,60,0,4,50,high,high,RISK,4
4,4,4,4,Bonus,2793,Yes,Owns,63,73,76,10,16,TELE-MEDICINE,IN-NETWORK,CO-PAY IN $,100,0,120,60,0,4,50,high,high,RISK,4
4,3,4,2,Salaried,1366,No,Owns,56,61,80,10,16,TELE-MEDICINE,IN-NETWORK,CO-PAY IN $,120,60,0,100,0,4,50,high,high,RISK,4
2,4,4,4,Salaried,3990,No,Rents,53,53,77,10,16,TELE-MEDICINE,IN-NETWORK,CO-PAY IN $,60,0,100,120,0,4,50,high,high,RISK,4
2,4,3,3,Salaried,1625,No,Owns,60,65,80,10,16,TELE-MEDICINE,IN-NETWORK,CO-PAY IN $,0,120,60,100,0,4,50,high,high,RISK,4
4,4,3,3,Hourly,1178,No,Owns,35,54,88,10,16,TELE-MEDICINE,IN-NETWORK,CO-PAY IN $,100,60,120,0,0,4,50,high,high,RISK,4
3,3,2,2,Hourly,2665,No,Rents,41,58,79,10,16,TELE-MEDICINE,IN-NETWORK,CO-PAY IN $,120,60,0,100,0,4,50,high,high,RISK,4
4,4,4,2,Hourly,4144,No,Owns,44,56,75,10,16,TELE-MEDICINE,IN-NETWORK,CO-PAY IN $,0,60,120,100,0,4,50,high,high,RISK,4
3,3,4,3,Hourly,2547,Yes,Owns,55,64,87,10,16,TELE-MEDICINE,IN-NETWORK,CO-PAY IN $,100,60,120,0,0,4,50,high,high,RISK,4
4,3,4,2,Hourly,152,Yes,Owns,58,65,88,10,16,TELE-MEDICINE,IN-NETWORK,CO-PAY IN $,100,120,60,0,0,4,50,high,high,RISK,4
3,2,2,3,Bonus,2909,Yes,Rents,45,60,80,10,16,TELE-MEDICINE,IN-NETWORK,CO-PAY IN $,0,120,60,100,0,4,50,high,high,RISK,4
4,4,3,3,Bonus,2404,Yes,Owns,49,60,83,10,16,TELE-MEDICINE,IN-NETWORK,CO-PAY IN $,100,120,60,0,0,4,50,high,high,RISK,4
4,2,4,4,Bonus,144,Yes,Owns,46,72,79,10,16,TELE-MEDICINE,IN-NETWORK,CO-PAY IN $,0,60,100,120,0,4,50,high,high,RISK,4
4,2,4,2,Hourly,2250,No,Owns,48,68,84,10,16,TELE-MEDICINE,IN-NETWORK,CO-PAY IN $,0,120,60,100,0,4,50,high,high,RISK,4
4,3,3,3,Hourly,4826,No,Owns,47,63,98,10,16,TELE-MEDICINE,IN-NETWORK,CO-PAY IN $,0,120,60,100,0,4,50,high,high,RISK,4
4,4,2,3,Salaried,792,No,Owns,50,55,84,10,16,TELE-MEDICINE,IN-NETWORK,CO-PAY IN $,120,0,60,100,0,4,50,high,high,RISK,4
2,4,2,3,Hourly,3429,No,Rents,58,70,81,10,16,TELE-MEDICINE,IN-NETWORK,CO-PAY IN $,120,60,100,0,0,4,50,high,high,RISK,4
3,4,3,4,Hourly,1596,Yes,Owns,50,55,76,10,16,TELE-MEDICINE,IN-NETWORK,CO-PAY IN $,100,0,120,60,0,4,50,high,high,RISK,4
4,4,4,3,Salaried,83,Yes,Owns,40,75,77,10,16,TELE-MEDICINE,IN-NETWORK,CO-PAY IN $,60,0,120,100,0,4,50,high,high,RISK,4
4,4,3,4,Salaried,3601,No,Owns,38,60,78,10,16,TELE-MEDICINE,IN-NETWORK,CO-PAY IN $,120,100,0,60,0,4,50,high,high,RISK,4
3,4,2,4,Bonus,861,No,Owns,58,56,100,10,16,TELE-MEDICINE,IN-NETWORK,CO-PAY IN $,120,0,60,100,0,4,50,high,high,RISK,4
2,4,4,4,Salaried,2240,Yes,Rents,59,74,85,10,16,TELE-MEDICINE,IN-NETWORK,CO-PAY IN $,60,0,100,120,0,4,50,high,high,RISK,4
3,3,2,2,Hourly,2384,No,Rents,37,67,81,10,16,TELE-MEDICINE,IN-NETWORK,CO-PAY IN $,60,120,100,0,0,4,50,high,high,RISK,4
2,2,3,3,Bonus,2363,Yes,Rents,52,64,80,10,16,TELE-MEDICINE,IN-NETWORK,CO-PAY IN $,60,120,100,0,0,4,50,high,high,RISK,4
3,3,4,2,Salaried,4539,No,Owns,45,75,83,10,16,TELE-MEDICINE,IN-NETWORK,CO-PAY IN $,0,60,100,120,0,4,50,high,high,RISK,4
3,3,2,2,Bonus,489,No,Rents,45,51,79,10,16,TELE-MEDICINE,IN-NETWORK,CO-PAY IN $,120,60,100,0,0,4,50,high,high,RISK,4
4,4,2,4,Bonus,4623,Yes,Owns,40,73,76,10,16,TELE-MEDICINE,IN-NETWORK,CO-PAY IN $,60,120,100,0,0,4,50,high,high,RISK,4
3,3,3,2,Salaried,153,Yes,Owns,36,61,80,10,16,TELE-MEDICINE,IN-NETWORK,CO-PAY IN $,0,100,120,60,0,4,50,high,high,RISK,4
3,4,4,4,Salaried,3954,No,Owns,38,53,77,10,16,TELE-MEDICINE,IN-NETWORK,CO-PAY IN $,100,0,60,120,0,4,50,high,high,RISK,4
3,3,2,3,Salaried,4742,No,Rents,35,65,80,10,16,TELE-MEDICINE,IN-NETWORK,CO-PAY IN $,100,60,0,120,0,4,50,high,high,RISK,4
2,2,2,3,Hourly,3289,No,Rents,59,54,88,10,16,TELE-MEDICINE,IN-NETWORK,CO-PAY IN $,0,100,120,60,0,4,50,high,high,RISK,4
2,2,3,3,Bonus,3409,Yes,Rents,54,58,79,10,16,TELE-MEDICINE,IN-NETWORK,CO-PAY IN $,120,60,0,100,0,4,50,high,high,RISK,4
3,3,4,3,Bonus,3179,No,Rents,42,56,75,10,16,TELE-MEDICINE,IN-NETWORK,CO-PAY IN $,0,100,60,120,0,4,50,high,high,RISK,4
3,3,2,4,Bonus,4271,No,Rents,43,64,87,10,16,TELE-MEDICINE,IN-NETWORK,CO-PAY IN $,120,0,60,100,0,4,50,high,high,RISK,4
3,3,3,2,Hourly,4605,Yes,Rents,46,65,88,10,16,TELE-MEDICINE,IN-NETWORK,CO-PAY IN $,120,0,100,60,0,4,50,high,high,RISK,4
2,4,4,4,Salaried,3042,Yes,Rents,37,60,80,10,16,TELE-MEDICINE,IN-NETWORK,CO-PAY IN $,0,60,100,120,0,4,50,high,high,RISK,4
2,4,4,3,Hourly,170,No,Rents,61,60,83,10,16,TELE-MEDICINE,IN-NETWORK,CO-PAY IN $,100,120,60,0,0,4,50,high,high,RISK,4
2,3,3,4,Salaried,2062,No,Rents,40,72,79,10,16,TELE-MEDICINE,IN-NETWORK,CO-PAY IN $,60,100,120,0,0,4,50,high,high,RISK,4
4,4,4,4,Bonus,1962,No,Rents,35,68,84,10,16,TELE-MEDICINE,IN-NETWORK,CO-PAY IN $,60,100,0,120,0,4,50,high,high,RISK,4
2,2,3,2,Bonus,1006,No,Owns,50,63,98,10,16,TELE-MEDICINE,IN-NETWORK,CO-PAY IN $,60,120,100,0,0,4,50,high,high,RISK,4
2,4,3,4,Salaried,4555,No,Rents,42,55,84,10,16,TELE-MEDICINE,IN-NETWORK,CO-PAY IN $,100,60,0,120,0,4,50,high,high,RISK,4
4,3,4,3,Bonus,458,No,Rents,46,70,81,10,16,TELE-MEDICINE,IN-NETWORK,CO-PAY IN $,0,120,60,100,0,4,50,high,high,RISK,4
4,3,4,3,Hourly,1593,No,Owns,36,55,76,10,16,TELE-MEDICINE,IN-NETWORK,CO-PAY IN $,100,120,0,60,0,4,50,high,high,RISK,4
3,4,2,3,Hourly,4519,Yes,Owns,48,75,77,10,16,TELE-MEDICINE,IN-NETWORK,CO-PAY IN $,0,100,120,60,0,4,50,high,high,RISK,4
2,4,3,3,Bonus,2639,No,Rents,36,60,78,10,16,TELE-MEDICINE,IN-NETWORK,CO-PAY IN $,100,60,120,0,0,4,50,high,high,RISK,4
2,3,4,3,Hourly,2563,Yes,Rents,59,56,100,10,16,TELE-MEDICINE,IN-NETWORK,CO-PAY IN $,120,0,60,100,0,4,50,high,high,RISK,4
3,4,4,4,Bonus,2810,Yes,Owns,58,74,85,10,16,TELE-MEDICINE,IN-NETWORK,CO-PAY IN $,60,120,0,100,0,4,50,high,high,RISK,4
3,4,3,4,Hourly,2954,Yes,Owns,64,67,81,10,16,TELE-MEDICINE,IN-NETWORK,CO-PAY IN $,120,100,60,0,0,4,50,high,high,RISK,4
3,2,4,3,Hourly,2299,Yes,Owns,54,64,80,10,16,TELE-MEDICINE,IN-NETWORK,CO-PAY IN $,0,100,60,120,0,4,50,high,high,RISK,4
2,3,4,4,Hourly,1155,No,Rents,37,75,83,10,16,TELE-MEDICINE,IN-NETWORK,CO-PAY IN $,120,0,100,60,0,4,50,high,high,RISK,4
4,2,4,3,Bonus,1856,Yes,Rents,55,51,79,10,16,TELE-MEDICINE,IN-NETWORK,CO-PAY IN $,100,0,120,60,0,4,50,high,high,RISK,4
4,4,3,3,Salaried,3352,Yes,Rents,38,73,76,10,16,TELE-MEDICINE,IN-NETWORK,CO-PAY IN $,60,0,100,120,0,4,50,high,high,RISK,4
4,3,2,3,Hourly,3735,Yes,Owns,58,61,80,10,16,TELE-MEDICINE,IN-NETWORK,CO-PAY IN $,0,100,60,120,0,4,50,high,high,RISK,4
4,3,3,4,Salaried,1125,Yes,Rents,38,53,77,10,16,TELE-MEDICINE,IN-NETWORK,CO-PAY IN $,100,0,120,60,0,4,50,high,high,RISK,4
4,2,4,2,Bonus,4695,No,Owns,35,65,80,10,16,TELE-MEDICINE,IN-NETWORK,CO-PAY IN $,100,120,0,60,0,4,50,high,high,RISK,4
3,3,3,4,Salaried,1210,No,Rents,62,54,88,10,16,TELE-MEDICINE,IN-NETWORK,CO-PAY IN $,100,0,60,120,0,4,50,high,high,RISK,4
4,4,4,2,Bonus,3149,No,Owns,37,58,79,10,16,TELE-MEDICINE,IN-NETWORK,CO-PAY IN $,100,120,0,60,0,4,50,high,high,RISK,4
4,3,4,4,Bonus,3757,No,Rents,38,56,75,10,16,TELE-MEDICINE,IN-NETWORK,CO-PAY IN $,100,120,0,60,0,4,50,high,high,RISK,4
4,3,4,4,Salaried,4038,Yes,Rents,51,64,87,10,16,TELE-MEDICINE,IN-NETWORK,CO-PAY IN $,0,100,120,60,0,4,50,high,high,RISK,4
2,3,3,4,Bonus,381,No,Owns,41,65,88,10,16,TELE-MEDICINE,IN-NETWORK,CO-PAY IN $,0,60,120,100,0,4,50,high,high,RISK,4
3,3,3,3,Hourly,2879,Yes,Rents,61,60,80,10,16,TELE-MEDICINE,IN-NETWORK,CO-PAY IN $,60,0,100,120,0,4,50,high,high,RISK,4
4,4,3,2,Hourly,2246,No,Owns,62,60,83,10,16,TELE-MEDICINE,IN-NETWORK,CO-PAY IN $,0,120,100,60,0,4,50,high,high,RISK,4
2,4,3,2,Hourly,3337,No,Rents,39,72,79,10,16,TELE-MEDICINE,IN-NETWORK,CO-PAY IN $,120,0,100,60,0,4,50,high,high,RISK,4
4,3,3,4,Hourly,874,No,Owns,63,68,84,10,16,TELE-MEDICINE,IN-NETWORK,CO-PAY IN $,0,60,100,120,0,4,50,high,high,RISK,4
3,4,2,3,Hourly,4470,Yes,Owns,36,63,98,10,16,TELE-MEDICINE,IN-NETWORK,CO-PAY IN $,60,100,120,0,0,4,50,high,high,RISK,4
4,3,4,3,Hourly,3252,Yes,Owns,46,55,84,10,16,TELE-MEDICINE,IN-NETWORK,CO-PAY IN $,120,0,100,60,0,4,50,high,high,RISK,4
3,4,2,3,Hourly,176,Yes,Rents,45,70,81,10,16,TELE-MEDICINE,IN-NETWORK,CO-PAY IN $,100,120,0,60,0,4,50,high,high,RISK,4
4,3,4,2,Hourly,3681,Yes,Owns,38,55,76,10,16,TELE-MEDICINE,IN-NETWORK,CO-PAY IN $,120,0,60,100,0,4,50,high,high,RISK,4
3,4,4,4,Hourly,1019,Yes,Owns,59,75,77,10,16,TELE-MEDICINE,IN-NETWORK,CO-PAY IN $,60,100,120,0,0,4,50,high,high,RISK,4
3,4,4,3,Bonus,4493,Yes,Owns,64,60,78,10,16,TELE-MEDICINE,IN-NETWORK,CO-PAY IN $,60,0,120,100,0,4,50,high,high,RISK,4
3,4,4,2,Salaried,1012,Yes,Owns,58,56,100,10,16,TELE-MEDICINE,IN-NETWORK,CO-PAY IN $,100,120,0,60,0,4,50,high,high,RISK,4
2,2,4,3,Bonus,1248,Yes,Rents,39,74,85,10,16,TELE-MEDICINE,IN-NETWORK,CO-PAY IN $,60,120,0,100,0,4,50,high,high,RISK,4
2,3,3,3,Salaried,1214,No,Owns,37,67,81,10,16,TELE-MEDICINE,IN-NETWORK,CO-PAY IN $,100,120,60,0,0,4,50,high,high,RISK,4
4,3,3,2,Salaried,2852,Yes,Rents,38,64,80,10,16,TELE-MEDICINE,IN-NETWORK,CO-PAY IN $,100,120,0,60,0,4,50,high,high,RISK,4
3,3,2,2,Bonus,1440,Yes,Owns,46,75,83,10,16,TELE-MEDICINE,IN-NETWORK,CO-PAY IN $,60,120,0,100,0,4,50,high,high,RISK,4
4,2,4,3,Bonus,2951,No,Owns,48,51,79,10,16,TELE-MEDICINE,IN-NETWORK,CO-PAY IN $,120,100,0,60,0,4,50,high,high,RISK,4
1,0,0,1,Salaried,4377,No,Rents,4,9,1,11,1,SPECIALIST OFFICE VISIT,TIER 1 NETWORK,CO-PAY IN $,0,100,10,200,200,1,5,low,low,RISK,1
0,0,1,0,Salaried,1919,No,Owns,4,4,5,11,1,SPECIALIST OFFICE VISIT,TIER 1 NETWORK,CO-PAY IN $,0,10,100,200,200,1,5,low,low,RISK,1
0,0,0,0,Salaried,4671,Yes,Rents,7,1,2,11,1,SPECIALIST OFFICE VISIT,TIER 1 NETWORK,CO-PAY IN $,100,10,0,200,200,1,5,low,low,RISK,1
0,1,1,0,Bonus,3085,No,Rents,3,1,13,11,1,SPECIALIST OFFICE VISIT,TIER 1 NETWORK,CO-PAY IN $,0,10,200,100,200,1,5,low,low,RISK,1
0,1,1,0,Salaried,912,Yes,Rents,9,3,4,11,1,SPECIALIST OFFICE VISIT,TIER 1 NETWORK,CO-PAY IN $,100,0,200,10,200,1,5,low,low,RISK,1
1,0,1,0,Hourly,3561,Yes,Owns,5,2,0,11,1,SPECIALIST OFFICE VISIT,TIER 1 NETWORK,CO-PAY IN $,200,100,10,0,200,1,5,low,low,RISK,1
1,1,0,0,Hourly,4350,No,Rents,2,5,12,11,1,SPECIALIST OFFICE VISIT,TIER 1 NETWORK,CO-PAY IN $,10,0,200,100,200,1,5,low,low,RISK,1
1,1,0,1,Salaried,3664,No,Owns,1,6,13,11,1,SPECIALIST OFFICE VISIT,TIER 1 NETWORK,CO-PAY IN $,0,200,100,10,200,1,5,low,low,RISK,1
0,0,0,0,Bonus,1972,Yes,Owns,9,4,5,11,1,SPECIALIST OFFICE VISIT,TIER 1 NETWORK,CO-PAY IN $,10,100,0,200,200,1,5,low,low,RISK,1
0,0,1,1,Salaried,1235,Yes,Rents,7,4,8,11,1,SPECIALIST OFFICE VISIT,TIER 1 NETWORK,CO-PAY IN $,100,10,200,0,200,1,5,low,low,RISK,1
0,1,0,0,Bonus,2294,Yes,Owns,4,9,4,11,1,SPECIALIST OFFICE VISIT,TIER 1 NETWORK,CO-PAY IN $,100,10,200,0,200,1,5,low,low,RISK,1
0,0,1,0,Salaried,4592,Yes,Rents,9,7,9,11,1,SPECIALIST OFFICE VISIT,TIER 1 NETWORK,CO-PAY IN $,0,200,10,100,200,1,5,low,low,RISK,1
0,0,0,1,Hourly,2183,Yes,Owns,1,5,23,11,1,SPECIALIST OFFICE VISIT,TIER 1 NETWORK,CO-PAY IN $,0,100,10,200,200,1,5,low,low,RISK,1
0,0,1,0,Salaried,1622,Yes,Rents,2,1,9,11,1,SPECIALIST OFFICE VISIT,TIER 1 NETWORK,CO-PAY IN $,10,0,200,100,200,1,5,low,low,RISK,1
0,1,0,1,Salaried,4259,Yes,Rents,1,8,6,11,1,SPECIALIST OFFICE VISIT,TIER 1 NETWORK,CO-PAY IN $,0,200,10,100,200,1,5,low,low,RISK,1
1,0,0,1,Salaried,4138,No,Owns,9,2,1,11,1,SPECIALIST OFFICE VISIT,TIER 1 NETWORK,CO-PAY IN $,200,100,0,10,200,1,5,low,low,RISK,1
1,0,0,1,Bonus,2742,No,Owns,10,10,2,11,1,SPECIALIST OFFICE VISIT,TIER 1 NETWORK,CO-PAY IN $,0,100,200,10,200,1,5,low,low,RISK,1
0,0,0,1,Bonus,4027,Yes,Rents,3,4,3,11,1,SPECIALIST OFFICE VISIT,TIER 1 NETWORK,CO-PAY IN $,10,200,0,100,200,1,5,low,low,RISK,1
1,0,0,0,Bonus,3643,No,Rents,8,2,25,11,1,SPECIALIST OFFICE VISIT,TIER 1 NETWORK,CO-PAY IN $,0,200,10,100,200,1,5,low,low,RISK,1
1,0,1,0,Salaried,1855,No,Rents,9,10,10,11,1,SPECIALIST OFFICE VISIT,TIER 1 NETWORK,CO-PAY IN $,100,200,10,0,200,1,5,low,low,RISK,1
0,1,0,0,Bonus,4199,No,Owns,7,7,6,11,1,SPECIALIST OFFICE VISIT,TIER 1 NETWORK,CO-PAY IN $,200,100,10,0,200,1,5,low,low,RISK,1
0,1,0,0,Salaried,358,No,Rents,5,5,5,11,1,SPECIALIST OFFICE VISIT,TIER 1 NETWORK,CO-PAY IN $,0,10,100,200,200,1,5,low,low,RISK,1
0,0,1,0,Salaried,2175,No,Owns,8,10,8,11,1,SPECIALIST OFFICE VISIT,TIER 1 NETWORK,CO-PAY IN $,10,0,200,100,200,1,5,low,low,RISK,1
0,1,0,0,Bonus,2804,No,Owns,4,0,4,11,1,SPECIALIST OFFICE VISIT,TIER 1 NETWORK,CO-PAY IN $,0,100,10,200,200,1,5,low,low,RISK,1
1,1,1,0,Bonus,2793,Yes,Owns,9,9,1,11,1,SPECIALIST OFFICE VISIT,TIER 1 NETWORK,CO-PAY IN $,200,10,100,0,200,1,5,low,low,RISK,1
1,0,1,0,Salaried,1366,No,Owns,7,4,5,11,1,SPECIALIST OFFICE VISIT,TIER 1 NETWORK,CO-PAY IN $,100,200,10,0,200,1,5,low,low,RISK,1
0,1,1,1,Salaried,3990,No,Rents,6,1,2,11,1,SPECIALIST OFFICE VISIT,TIER 1 NETWORK,CO-PAY IN $,10,100,200,0,200,1,5,low,low,RISK,1
0,0,0,0,Salaried,1625,No,Owns,8,6,5,11,1,SPECIALIST OFFICE VISIT,TIER 1 NETWORK,CO-PAY IN $,0,200,100,10,200,1,5,low,low,RISK,1
1,1,0,0,Hourly,1178,No,Owns,0,1,13,11,1,SPECIALIST OFFICE VISIT,TIER 1 NETWORK,CO-PAY IN $,200,100,10,0,200,1,5,low,low,RISK,1
0,0,0,0,Hourly,2665,No,Rents,2,3,4,11,1,SPECIALIST OFFICE VISIT,TIER 1 NETWORK,CO-PAY IN $,0,10,200,100,200,1,5,low,low,RISK,1
1,1,1,0,Hourly,4144,No,Owns,3,2,0,11,1,SPECIALIST OFFICE VISIT,TIER 1 NETWORK,CO-PAY IN $,10,200,100,0,200,1,5,low,low,RISK,1
0,0,1,0,Hourly,2547,Yes,Owns,7,5,12,11,1,SPECIALIST OFFICE VISIT,TIER 1 NETWORK,CO-PAY IN $,100,200,0,10,200,1,5,low,low,RISK,1
1,0,1,0,Hourly,152,Yes,Owns,8,6,13,11,1,SPECIALIST OFFICE VISIT,TIER 1 NETWORK,CO-PAY IN $,0,100,10,200,200,1,5,low,low,RISK,1
0,0,0,0,Bonus,2909,Yes,Rents,3,4,5,11,1,SPECIALIST OFFICE VISIT,TIER 1 NETWORK,CO-PAY IN $,10,200,100,0,200,1,5,low,low,RISK,1
1,1,0,0,Bonus,2404,Yes,Owns,5,4,8,11,1,SPECIALIST OFFICE VISIT,TIER 1 NETWORK,CO-PAY IN $,200,100,10,0,200,1,5,low,low,RISK,1
1,0,1,1,Bonus,144,Yes,Owns,4,9,4,11,1,SPECIALIST OFFICE VISIT,TIER 1 NETWORK,CO-PAY IN $,200,100,10,0,200,1,5,low,low,RISK,1
1,0,1,0,Hourly,2250,No,Owns,4,7,9,11,1,SPECIALIST OFFICE VISIT,TIER 1 NETWORK,CO-PAY IN $,100,200,10,0,200,1,5,low,low,RISK,1
1,0,0,0,Hourly,4826,No,Owns,4,5,23,11,1,SPECIALIST OFFICE VISIT,TIER 1 NETWORK,CO-PAY IN $,10,100,200,0,200,1,5,low,low,RISK,1
1,1,0,0,Salaried,792,No,Owns,5,1,9,11,1,SPECIALIST OFFICE VISIT,TIER 1 NETWORK,CO-PAY IN $,100,10,200,0,200,1,5,low,low,RISK,1
0,1,0,0,Hourly,3429,No,Rents,8,8,6,11,1,SPECIALIST OFFICE VISIT,TIER 1 NETWORK,CO-PAY IN $,100,0,200,10,200,1,5,low,low,RISK,1
0,1,0,0,Hourly,1596,Yes,Owns,5,2,1,11,1,SPECIALIST OFFICE VISIT,TIER 1 NETWORK,CO-PAY IN $,10,0,200,100,200,1,5,low,low,RISK,1
1,1,1,0,Salaried,83,Yes,Owns,2,10,2,11,1,SPECIALIST OFFICE VISIT,TIER 1 NETWORK,CO-PAY IN $,100,0,200,10,200,1,5,low,low,RISK,1
1,1,0,1,Salaried,3601,No,Owns,1,4,3,11,1,SPECIALIST OFFICE VISIT,TIER 1 NETWORK,CO-PAY IN $,100,200,10,0,200,1,5,low,low,RISK,1
0,0,0,1,Bonus,861,No,Owns,8,2,25,11,1,SPECIALIST OFFICE VISIT,TIER 1 NETWORK,CO-PAY IN $,100,10,0,200,200,1,5,low,low,RISK,1
0,1,1,1,Salaried,2240,Yes,Rents,8,10,10,11,1,SPECIALIST OFFICE VISIT,TIER 1 NETWORK,CO-PAY IN $,0,200,100,10,200,1,5,low,low,RISK,1
0,0,0,0,Hourly,2384,No,Rents,1,7,6,11,1,SPECIALIST OFFICE VISIT,TIER 1 NETWORK,CO-PAY IN $,200,10,0,100,200,1,5,low,low,RISK,1
0,0,0,0,Bonus,2363,Yes,Rents,6,5,5,11,1,SPECIALIST OFFICE VISIT,TIER 1 NETWORK,CO-PAY IN $,200,100,0,10,200,1,5,low,low,RISK,1
0,0,1,0,Salaried,4539,No,Owns,3,10,8,11,1,SPECIALIST OFFICE VISIT,TIER 1 NETWORK,CO-PAY IN $,0,10,100,200,200,1,5,low,low,RISK,1
0,0,0,0,Bonus,489,No,Rents,3,0,4,11,1,SPECIALIST OFFICE VISIT,TIER 1 NETWORK,CO-PAY IN $,0,200,100,10,200,1,5,low,low,RISK,1
0,1,0,1,Bonus,4623,Yes,Owns,2,9,1,11,1,SPECIALIST OFFICE VISIT,TIER 1 NETWORK,CO-PAY IN $,0,100,200,10,200,1,5,low,low,RISK,1
0,0,0,0,Salaried,153,Yes,Owns,0,4,5,11,1,SPECIALIST OFFICE VISIT,TIER 1 NETWORK,CO-PAY IN $,0,10,200,100,200,1,5,low,low,RISK,1
0,1,1,0,Salaried,3954,No,Owns,1,1,2,11,1,SPECIALIST OFFICE VISIT,TIER 1 NETWORK,CO-PAY IN $,100,200,0,10,200,1,5,low,low,RISK,1
0,0,0,0,Salaried,4742,No,Rents,0,6,5,11,1,SPECIALIST OFFICE VISIT,TIER 1 NETWORK,CO-PAY IN $,200,0,100,10,200,1,5,low,low,RISK,1
0,0,0,0,Hourly,3289,No,Rents,8,1,13,11,1,SPECIALIST OFFICE VISIT,TIER 1 NETWORK,CO-PAY IN $,100,10,200,0,200,1,5,low,low,RISK,1
0,0,0,0,Bonus,3409,Yes,Rents,6,3,4,11,1,SPECIALIST OFFICE VISIT,TIER 1 NETWORK,CO-PAY IN $,200,10,0,100,200,1,5,low,low,RISK,1
0,0,1,0,Bonus,3179,No,Rents,2,2,0,11,1,SPECIALIST OFFICE VISIT,TIER 1 NETWORK,CO-PAY IN $,200,100,0,10,200,1,5,low,low,RISK,1
0,0,0,0,Bonus,4271,No,Rents,3,5,12,11,1,SPECIALIST OFFICE VISIT,TIER 1 NETWORK,CO-PAY IN $,200,100,0,10,200,1,5,low,low,RISK,1
0,0,0,0,Hourly,4605,Yes,Rents,4,6,13,11,1,SPECIALIST OFFICE VISIT,TIER 1 NETWORK,CO-PAY IN $,200,10,0,100,200,1,5,low,low,RISK,1
0,1,1,1,Salaried,3042,Yes,Rents,1,4,5,11,1,SPECIALIST OFFICE VISIT,TIER 1 NETWORK,CO-PAY IN $,10,100,200,0,200,1,5,low,low,RISK,1
0,1,1,0,Hourly,170,No,Rents,9,4,8,11,1,SPECIALIST OFFICE VISIT,TIER 1 NETWORK,CO-PAY IN $,100,0,200,10,200,1,5,low,low,RISK,1
0,0,0,1,Salaried,2062,No,Rents,2,9,4,11,1,SPECIALIST OFFICE VISIT,TIER 1 NETWORK,CO-PAY IN $,10,200,0,100,200,1,5,low,low,RISK,1
1,0,1,1,Bonus,1962,No,Rents,0,7,9,11,1,SPECIALIST OFFICE VISIT,TIER 1 NETWORK,CO-PAY IN $,100,200,0,10,200,1,5,low,low,RISK,1
0,0,0,0,Bonus,1006,No,Owns,5,5,23,11,1,SPECIALIST OFFICE VISIT,TIER 1 NETWORK,CO-PAY IN $,0,200,100,10,200,1,5,low,low,RISK,1
0,1,0,1,Salaried,4555,No,Rents,2,1,9,11,1,SPECIALIST OFFICE VISIT,TIER 1 NETWORK,CO-PAY IN $,100,10,0,200,200,1,5,low,low,RISK,1
1,0,1,0,Bonus,458,No,Rents,4,8,6,11,1,SPECIALIST OFFICE VISIT,TIER 1 NETWORK,CO-PAY IN $,0,200,10,100,200,1,5,low,low,RISK,1
1,0,1,0,Hourly,1593,No,Owns,0,2,1,11,1,SPECIALIST OFFICE VISIT,TIER 1 NETWORK,CO-PAY IN $,100,200,0,10,200,1,5,low,low,RISK,1
0,1,0,0,Hourly,4519,Yes,Owns,4,10,2,11,1,SPECIALIST OFFICE VISIT,TIER 1 NETWORK,CO-PAY IN $,100,200,0,10,200,1,5,low,low,RISK,1
0,1,0,0,Bonus,2639,No,Rents,0,4,3,11,1,SPECIALIST OFFICE VISIT,TIER 1 NETWORK,CO-PAY IN $,100,200,10,0,200,1,5,low,low,RISK,1
0,0,1,0,Hourly,2563,Yes,Rents,8,2,25,11,1,SPECIALIST OFFICE VISIT,TIER 1 NETWORK,CO-PAY IN $,200,0,100,10,200,1,5,low,low,RISK,1
0,0,1,1,Bonus,2810,Yes,Owns,8,10,10,11,1,SPECIALIST OFFICE VISIT,TIER 1 NETWORK,CO-PAY IN $,0,100,200,10,200,1,5,low,low,RISK,1
0,0,0,1,Hourly,2954,Yes,Owns,10,7,6,11,1,SPECIALIST OFFICE VISIT,TIER 1 NETWORK,CO-PAY IN $,0,100,200,10,200,1,5,low,low,RISK,1
0,0,1,0,Hourly,2299,Yes,Owns,6,5,5,11,1,SPECIALIST OFFICE VISIT,TIER 1 NETWORK,CO-PAY IN $,0,10,100,200,200,1,5,low,low,RISK,1
0,0,1,1,Hourly,1155,No,Rents,1,10,8,11,1,SPECIALIST OFFICE VISIT,TIER 1 NETWORK,CO-PAY IN $,10,0,200,100,200,1,5,low,low,RISK,1
1,0,1,0,Bonus,1856,Yes,Rents,7,0,4,11,1,SPECIALIST OFFICE VISIT,TIER 1 NETWORK,CO-PAY IN $,200,100,10,0,200,1,5,low,low,RISK,1
1,1,0,0,Salaried,3352,Yes,Rents,1,9,1,11,1,SPECIALIST OFFICE VISIT,TIER 1 NETWORK,CO-PAY IN $,10,0,200,100,200,1,5,low,low,RISK,1
1,0,0,0,Hourly,3735,Yes,Owns,8,4,5,11,1,SPECIALIST OFFICE VISIT,TIER 1 NETWORK,CO-PAY IN $,100,0,200,10,200,1,5,low,low,RISK,1
1,0,1,0,Bonus,4695,No,Owns,0,6,5,11,1,SPECIALIST OFFICE VISIT,TIER 1 NETWORK,CO-PAY IN $,10,100,200,0,200,1,5,low,low,RISK,1
0,0,0,1,Salaried,1210,No,Rents,9,1,13,11,1,SPECIALIST OFFICE VISIT,TIER 1 NETWORK,CO-PAY IN $,200,10,100,0,200,1,5,low,low,RISK,1
1,1,1,0,Bonus,3149,No,Owns,1,3,4,11,1,SPECIALIST OFFICE VISIT,TIER 1 NETWORK,CO-PAY IN $,200,0,100,10,200,1,5,low,low,RISK,1
1,0,0,0,Bonus,3757,No,Rents,1,2,0,11,1,SPECIALIST OFFICE VISIT,TIER 1 NETWORK,CO-PAY IN $,100,200,0,10,200,1,5,low,low,RISK,1
1,0,1,1,Salaried,4038,Yes,Rents,5,5,12,11,1,SPECIALIST OFFICE VISIT,TIER 1 NETWORK,CO-PAY IN $,10,100,0,200,200,1,5,low,low,RISK,1
0,0,0,1,Bonus,381,No,Owns,2,6,13,11,1,SPECIALIST OFFICE VISIT,TIER 1 NETWORK,CO-PAY IN $,0,200,10,100,200,1,5,low,low,RISK,1
0,1,0,0,Hourly,2246,No,Owns,9,4,8,11,1,SPECIALIST OFFICE VISIT,TIER 1 NETWORK,CO-PAY IN $,10,100,0,200,200,1,5,low,low,RISK,1
0,1,0,0,Hourly,3337,No,Rents,1,9,4,11,1,SPECIALIST OFFICE VISIT,TIER 1 NETWORK,CO-PAY IN $,10,0,100,200,200,1,5,low,low,RISK,1
1,0,0,0,Hourly,874,No,Owns,9,7,9,11,1,SPECIALIST OFFICE VISIT,TIER 1 NETWORK,CO-PAY IN $,100,200,10,0,200,1,5,low,low,RISK,1
0,1,0,0,Hourly,4470,Yes,Owns,0,5,23,11,1,SPECIALIST OFFICE VISIT,TIER 1 NETWORK,CO-PAY IN $,10,200,0,100,200,1,5,low,low,RISK,1
1,0,1,0,Hourly,3252,Yes,Owns,4,1,9,11,1,SPECIALIST OFFICE VISIT,TIER 1 NETWORK,CO-PAY IN $,200,100,10,0,200,1,5,low,low,RISK,1
0,1,0,0,Hourly,176,Yes,Rents,3,8,6,11,1,SPECIALIST OFFICE VISIT,TIER 1 NETWORK,CO-PAY IN $,10,100,200,0,200,1,5,low,low,RISK,1
0,0,1,0,Hourly,3681,Yes,Owns,1,2,1,11,1,SPECIALIST OFFICE VISIT,TIER 1 NETWORK,CO-PAY IN $,100,200,0,10,200,1,5,low,low,RISK,1
0,1,1,1,Hourly,1019,Yes,Owns,8,10,2,11,1,SPECIALIST OFFICE VISIT,TIER 1 NETWORK,CO-PAY IN $,10,200,100,0,200,1,5,low,low,RISK,1
0,1,1,0,Bonus,4493,Yes,Owns,10,4,3,11,1,SPECIALIST OFFICE VISIT,TIER 1 NETWORK,CO-PAY IN $,10,0,100,200,200,1,5,low,low,RISK,1
0,1,1,0,Salaried,1012,Yes,Owns,8,2,25,11,1,SPECIALIST OFFICE VISIT,TIER 1 NETWORK,CO-PAY IN $,200,100,10,0,200,1,5,low,low,RISK,1
0,0,0,0,Bonus,1248,Yes,Rents,1,10,10,11,1,SPECIALIST OFFICE VISIT,TIER 1 NETWORK,CO-PAY IN $,100,10,0,200,200,1,5,low,low,RISK,1
0,0,0,0,Salaried,1214,No,Owns,1,7,6,11,1,SPECIALIST OFFICE VISIT,TIER 1 NETWORK,CO-PAY IN $,0,10,200,100,200,1,5,low,low,RISK,1
1,0,0,0,Salaried,2852,Yes,Rents,1,5,5,11,1,SPECIALIST OFFICE VISIT,TIER 1 NETWORK,CO-PAY IN $,100,200,0,10,200,1,5,low,low,RISK,1
0,0,0,0,Bonus,1440,Yes,Owns,4,10,8,11,1,SPECIALIST OFFICE VISIT,TIER 1 NETWORK,CO-PAY IN $,100,200,10,0,200,1,5,low,low,RISK,1
1,0,1,0,Bonus,2951,No,Owns,4,0,4,11,1,SPECIALIST OFFICE VISIT,TIER 1 NETWORK,CO-PAY IN $,0,100,10,200,200,1,5,low,low,RISK,1
2,1,0,2,Salaried,4377,No,Rents,10,19,27,11,2,SPECIALIST OFFICE VISIT,TIER 1 NETWORK,CO-PAY IN $,0,200,10,100,200,1,10,low,low,RISK,1
0,1,1,0,Salaried,1919,No,Owns,10,15,31,11,2,SPECIALIST OFFICE VISIT,TIER 1 NETWORK,CO-PAY IN $,0,10,200,100,200,1,10,low,low,RISK,1
1,1,0,0,Salaried,4671,Yes,Rents,15,12,28,11,2,SPECIALIST OFFICE VISIT,TIER 1 NETWORK,CO-PAY IN $,200,10,100,0,200,1,10,low,low,RISK,1
2,1,0,0,Bonus,1139,No,Owns,13,16,31,11,2,SPECIALIST OFFICE VISIT,TIER 1 NETWORK,CO-PAY IN $,0,100,200,10,200,1,10,low,low,RISK,1
1,1,2,1,Bonus,3085,No,Rents,9,12,39,11,2,SPECIALIST OFFICE VISIT,TIER 1 NETWORK,CO-PAY IN $,200,0,10,100,200,1,10,low,low,RISK,1
0,1,2,0,Salaried,912,Yes,Rents,16,14,30,11,2,SPECIALIST OFFICE VISIT,TIER 1 NETWORK,CO-PAY IN $,10,200,0,100,200,1,10,low,low,RISK,1
1,0,2,1,Hourly,3561,Yes,Owns,12,13,26,11,2,SPECIALIST OFFICE VISIT,TIER 1 NETWORK,CO-PAY IN $,100,0,10,200,200,1,10,low,low,RISK,1
1,2,0,0,Hourly,4350,No,Rents,7,16,37,11,2,SPECIALIST OFFICE VISIT,TIER 1 NETWORK,CO-PAY IN $,100,10,0,200,200,1,10,low,low,RISK,1
2,2,1,2,Salaried,3664,No,Owns,7,16,39,11,2,SPECIALIST OFFICE VISIT,TIER 1 NETWORK,CO-PAY IN $,100,0,10,200,200,1,10,low,low,RISK,1
0,0,0,1,Bonus,1972,Yes,Owns,17,14,30,11,2,SPECIALIST OFFICE VISIT,TIER 1 NETWORK,CO-PAY IN $,10,0,100,200,200,1,10,low,low,RISK,1
1,0,2,2,Salaried,1235,Yes,Rents,14,14,34,11,2,SPECIALIST OFFICE VISIT,TIER 1 NETWORK,CO-PAY IN $,10,100,0,200,200,1,10,low,low,RISK,1
0,2,0,1,Bonus,2294,Yes,Owns,10,19,30,11,2,SPECIALIST OFFICE VISIT,TIER 1 NETWORK,CO-PAY IN $,200,100,10,0,200,1,10,low,low,RISK,1
0,1,2,0,Salaried,4592,Yes,Rents,16,17,35,11,2,SPECIALIST OFFICE VISIT,TIER 1 NETWORK,CO-PAY IN $,0,10,200,100,200,1,10,low,low,RISK,1
0,0,1,1,Hourly,2183,Yes,Owns,6,15,48,11,2,SPECIALIST OFFICE VISIT,TIER 1 NETWORK,CO-PAY IN $,100,10,0,200,200,1,10,low,low,RISK,1
1,1,2,1,Salaried,1622,Yes,Rents,8,12,35,11,2,SPECIALIST OFFICE VISIT,TIER 1 NETWORK,CO-PAY IN $,100,200,10,0,200,1,10,low,low,RISK,1
1,2,1,2,Salaried,4259,Yes,Rents,6,18,32,11,2,SPECIALIST OFFICE VISIT,TIER 1 NETWORK,CO-PAY IN $,200,0,10,100,200,1,10,low,low,RISK,1
2,1,1,2,Salaried,4138,No,Owns,17,13,27,11,2,SPECIALIST OFFICE VISIT,TIER 1 NETWORK,CO-PAY IN $,10,200,100,0,200,1,10,low,low,RISK,1
2,0,1,2,Bonus,2742,No,Owns,17,20,28,11,2,SPECIALIST OFFICE VISIT,TIER 1 NETWORK,CO-PAY IN $,0,10,100,200,200,1,10,low,low,RISK,1
1,1,0,2,Bonus,4027,Yes,Rents,8,14,29,11,2,SPECIALIST OFFICE VISIT,TIER 1 NETWORK,CO-PAY IN $,100,0,200,10,200,1,10,low,low,RISK,1
1,1,0,0,Bonus,3643,No,Rents,16,13,50,11,2,SPECIALIST OFFICE VISIT,TIER 1 NETWORK,CO-PAY IN $,10,100,0,200,200,1,10,low,low,RISK,1
1,0,2,0,Salaried,1855,No,Rents,17,20,35,11,2,SPECIALIST OFFICE VISIT,TIER 1 NETWORK,CO-PAY IN $,0,100,200,10,200,1,10,low,low,RISK,1
1,2,0,1,Bonus,4199,No,Owns,14,17,32,11,2,SPECIALIST OFFICE VISIT,TIER 1 NETWORK,CO-PAY IN $,10,200,0,100,200,1,10,low,low,RISK,1
0,2,1,0,Salaried,358,No,Rents,12,16,31,11,2,SPECIALIST OFFICE VISIT,TIER 1 NETWORK,CO-PAY IN $,200,100,10,0,200,1,10,low,low,RISK,1
1,1,1,1,Salaried,2175,No,Owns,16,20,34,11,2,SPECIALIST OFFICE VISIT,TIER 1 NETWORK,CO-PAY IN $,100,10,0,200,200,1,10,low,low,RISK,1
1,1,0,0,Bonus,2804,No,Owns,11,11,30,11,2,SPECIALIST OFFICE VISIT,TIER 1 NETWORK,CO-PAY IN $,200,10,0,100,200,1,10,low,low,RISK,1
2,1,2,1,Bonus,2793,Yes,Owns,17,19,27,11,2,SPECIALIST OFFICE VISIT,TIER 1 NETWORK,CO-PAY IN $,10,0,200,100,200,1,10,low,low,RISK,1
2,0,2,0,Salaried,1366,No,Owns,14,15,31,11,2,SPECIALIST OFFICE VISIT,TIER 1 NETWORK,CO-PAY IN $,200,10,100,0,200,1,10,low,low,RISK,1
0,1,1,2,Salaried,3990,No,Rents,13,12,28,11,2,SPECIALIST OFFICE VISIT,TIER 1 NETWORK,CO-PAY IN $,100,10,0,200,200,1,10,low,low,RISK,1
0,1,1,0,Salaried,1625,No,Owns,16,16,31,11,2,SPECIALIST OFFICE VISIT,TIER 1 NETWORK,CO-PAY IN $,0,100,10,200,200,1,10,low,low,RISK,1
1,2,0,0,Hourly,1178,No,Owns,5,12,39,11,2,SPECIALIST OFFICE VISIT,TIER 1 NETWORK,CO-PAY IN $,100,10,200,0,200,1,10,low,low,RISK,1
1,1,0,0,Hourly,2665,No,Rents,8,14,30,11,2,SPECIALIST OFFICE VISIT,TIER 1 NETWORK,CO-PAY IN $,100,10,200,0,200,1,10,low,low,RISK,1
1,1,2,0,Hourly,4144,No,Owns,9,13,26,11,2,SPECIALIST OFFICE VISIT,TIER 1 NETWORK,CO-PAY IN $,100,200,10,0,200,1,10,low,low,RISK,1
1,1,2,0,Hourly,2547,Yes,Owns,14,16,37,11,2,SPECIALIST OFFICE VISIT,TIER 1 NETWORK,CO-PAY IN $,10,100,0,200,200,1,10,low,low,RISK,1
1,1,1,0,Hourly,152,Yes,Owns,15,16,39,11,2,SPECIALIST OFFICE VISIT,TIER 1 NETWORK,CO-PAY IN $,200,10,100,0,200,1,10,low,low,RISK,1
0,0,0,0,Bonus,2909,Yes,Rents,9,14,30,11,2,SPECIALIST OFFICE VISIT,TIER 1 NETWORK,CO-PAY IN $,10,0,200,100,200,1,10,low,low,RISK,1
2,2,1,1,Bonus,2404,Yes,Owns,11,14,34,11,2,SPECIALIST OFFICE VISIT,TIER 1 NETWORK,CO-PAY IN $,0,10,100,200,200,1,10,low,low,RISK,1
2,0,1,2,Bonus,144,Yes,Owns,10,19,30,11,2,SPECIALIST OFFICE VISIT,TIER 1 NETWORK,CO-PAY IN $,0,200,10,100,200,1,10,low,low,RISK,1
2,0,1,0,Hourly,2250,No,Owns,11,17,35,11,2,SPECIALIST OFFICE VISIT,TIER 1 NETWORK,CO-PAY IN $,10,200,100,0,200,1,10,low,low,RISK,1
2,0,0,0,Hourly,4826,No,Owns,10,15,48,11,2,SPECIALIST OFFICE VISIT,TIER 1 NETWORK,CO-PAY IN $,200,0,100,10,200,1,10,low,low,RISK,1
1,1,0,0,Salaried,792,No,Owns,12,12,35,11,2,SPECIALIST OFFICE VISIT,TIER 1 NETWORK,CO-PAY IN $,100,10,200,0,200,1,10,low,low,RISK,1
0,2,0,1,Hourly,3429,No,Rents,15,18,32,11,2,SPECIALIST OFFICE VISIT,TIER 1 NETWORK,CO-PAY IN $,100,200,0,10,200,1,10,low,low,RISK,1
0,2,0,1,Hourly,1596,Yes,Owns,11,13,27,11,2,SPECIALIST OFFICE VISIT,TIER 1 NETWORK,CO-PAY IN $,10,0,200,100,200,1,10,low,low,RISK,1
1,1,2,0,Salaried,83,Yes,Owns,7,20,28,11,2,SPECIALIST OFFICE VISIT,TIER 1 NETWORK,CO-PAY IN $,100,10,0,200,200,1,10,low,low,RISK,1
1,2,0,2,Salaried,3601,No,Owns,6,14,29,11,2,SPECIALIST OFFICE VISIT,TIER 1 NETWORK,CO-PAY IN $,10,0,100,200,200,1,10,low,low,RISK,1
1,1,0,1,Bonus,861,No,Owns,15,13,50,11,2,SPECIALIST OFFICE VISIT,TIER 1 NETWORK,CO-PAY IN $,0,200,10,100,200,1,10,low,low,RISK,1
0,2,2,2,Salaried,2240,Yes,Rents,15,20,35,11,2,SPECIALIST OFFICE VISIT,TIER 1 NETWORK,CO-PAY IN $,100,200,10,0,200,1,10,low,low,RISK,1
1,0,0,0,Hourly,2384,No,Rents,6,17,32,11,2,SPECIALIST OFFICE VISIT,TIER 1 NETWORK,CO-PAY IN $,0,10,200,100,200,1,10,low,low,RISK,1
0,0,0,0,Bonus,2363,Yes,Rents,12,16,31,11,2,SPECIALIST OFFICE VISIT,TIER 1 NETWORK,CO-PAY IN $,10,200,100,0,200,1,10,low,low,RISK,1
1,1,2,0,Salaried,4539,No,Owns,10,20,34,11,2,SPECIALIST OFFICE VISIT,TIER 1 NETWORK,CO-PAY IN $,0,100,10,200,200,1,10,low,low,RISK,1
1,1,0,0,Bonus,489,No,Rents,9,11,30,11,2,SPECIALIST OFFICE VISIT,TIER 1 NETWORK,CO-PAY IN $,0,200,100,10,200,1,10,low,low,RISK,1
1,2,0,2,Bonus,4623,Yes,Owns,7,19,27,11,2,SPECIALIST OFFICE VISIT,TIER 1 NETWORK,CO-PAY IN $,100,200,10,0,200,1,10,low,low,RISK,1
1,0,0,0,Salaried,153,Yes,Owns,5,15,31,11,2,SPECIALIST OFFICE VISIT,TIER 1 NETWORK,CO-PAY IN $,100,10,200,0,200,1,10,low,low,RISK,1
0,2,2,1,Salaried,3954,No,Owns,6,12,28,11,2,SPECIALIST OFFICE VISIT,TIER 1 NETWORK,CO-PAY IN $,0,10,200,100,200,1,10,low,low,RISK,1
0,1,0,0,Salaried,4742,No,Rents,5,16,31,11,2,SPECIALIST OFFICE VISIT,TIER 1 NETWORK,CO-PAY IN $,200,100,0,10,200,1,10,low,low,RISK,1
0,0,0,1,Hourly,3289,No,Rents,15,12,39,11,2,SPECIALIST OFFICE VISIT,TIER 1 NETWORK,CO-PAY IN $,10,100,0,200,200,1,10,low,low,RISK,1
0,0,1,1,Bonus,3409,Yes,Rents,13,14,30,11,2,SPECIALIST OFFICE VISIT,TIER 1 NETWORK,CO-PAY IN $,10,100,0,200,200,1,10,low,low,RISK,1
0,0,2,1,Bonus,3179,No,Rents,8,13,26,11,2,SPECIALIST OFFICE VISIT,TIER 1 NETWORK,CO-PAY IN $,100,10,0,200,200,1,10,low,low,RISK,1
0,0,0,1,Bonus,4271,No,Rents,9,16,37,11,2,SPECIALIST OFFICE VISIT,TIER 1 NETWORK,CO-PAY IN $,10,200,100,0,200,1,10,low,low,RISK,1
0,0,0,0,Hourly,4605,Yes,Rents,10,16,39,11,2,SPECIALIST OFFICE VISIT,TIER 1 NETWORK,CO-PAY IN $,100,0,200,10,200,1,10,low,low,RISK,1
0,2,2,2,Salaried,3042,Yes,Rents,6,14,30,11,2,SPECIALIST OFFICE VISIT,TIER 1 NETWORK,CO-PAY IN $,10,200,100,0,200,1,10,low,low,RISK,1
0,2,2,0,Hourly,170,No,Rents,16,14,34,11,2,SPECIALIST OFFICE VISIT,TIER 1 NETWORK,CO-PAY IN $,100,200,10,0,200,1,10,low,low,RISK,1
0,1,0,2,Salaried,2062,No,Rents,7,19,30,11,2,SPECIALIST OFFICE VISIT,TIER 1 NETWORK,CO-PAY IN $,10,100,0,200,200,1,10,low,low,RISK,1
1,1,2,2,Bonus,1962,No,Rents,5,17,35,11,2,SPECIALIST OFFICE VISIT,TIER 1 NETWORK,CO-PAY IN $,200,100,10,0,200,1,10,low,low,RISK,1
0,0,0,0,Bonus,1006,No,Owns,11,15,48,11,2,SPECIALIST OFFICE VISIT,TIER 1 NETWORK,CO-PAY IN $,100,0,200,10,200,1,10,low,low,RISK,1
0,2,1,2,Salaried,4555,No,Rents,8,12,35,11,2,SPECIALIST OFFICE VISIT,TIER 1 NETWORK,CO-PAY IN $,0,10,100,200,200,1,10,low,low,RISK,1
2,1,1,0,Bonus,458,No,Rents,10,18,32,11,2,SPECIALIST OFFICE VISIT,TIER 1 NETWORK,CO-PAY IN $,0,200,100,10,200,1,10,low,low,RISK,1
2,0,2,1,Hourly,1593,No,Owns,5,13,27,11,2,SPECIALIST OFFICE VISIT,TIER 1 NETWORK,CO-PAY IN $,0,10,200,100,200,1,10,low,low,RISK,1
0,2,0,1,Hourly,4519,Yes,Owns,11,20,28,11,2,SPECIALIST OFFICE VISIT,TIER 1 NETWORK,CO-PAY IN $,0,10,200,100,200,1,10,low,low,RISK,1
0,1,0,0,Bonus,2639,No,Rents,5,14,29,11,2,SPECIALIST OFFICE VISIT,TIER 1 NETWORK,CO-PAY IN $,10,200,0,100,200,1,10,low,low,RISK,1
0,0,2,1,Hourly,2563,Yes,Rents,15,13,50,11,2,SPECIALIST OFFICE VISIT,TIER 1 NETWORK,CO-PAY IN $,0,200,10,100,200,1,10,low,low,RISK,1
0,1,2,1,Bonus,2810,Yes,Owns,15,20,35,11,2,SPECIALIST OFFICE VISIT,TIER 1 NETWORK,CO-PAY IN $,10,0,100,200,200,1,10,low,low,RISK,1
1,1,0,1,Hourly,2954,Yes,Owns,18,17,32,11,2,SPECIALIST OFFICE VISIT,TIER 1 NETWORK,CO-PAY IN $,100,10,0,200,200,1,10,low,low,RISK,1
1,0,2,0,Hourly,2299,Yes,Owns,13,16,31,11,2,SPECIALIST OFFICE VISIT,TIER 1 NETWORK,CO-PAY IN $,100,0,200,10,200,1,10,low,low,RISK,1
0,0,1,2,Hourly,1155,No,Rents,6,20,34,11,2,SPECIALIST OFFICE VISIT,TIER 1 NETWORK,CO-PAY IN $,200,10,100,0,200,1,10,low,low,RISK,1
1,0,2,0,Bonus,1856,Yes,Rents,14,11,30,11,2,SPECIALIST OFFICE VISIT,TIER 1 NETWORK,CO-PAY IN $,10,100,200,0,200,1,10,low,low,RISK,1
2,1,1,0,Salaried,3352,Yes,Rents,6,19,27,11,2,SPECIALIST OFFICE VISIT,TIER 1 NETWORK,CO-PAY IN $,0,100,200,10,200,1,10,low,low,RISK,1
2,0,0,1,Hourly,3735,Yes,Owns,15,15,31,11,2,SPECIALIST OFFICE VISIT,TIER 1 NETWORK,CO-PAY IN $,0,200,100,10,200,1,10,low,low,RISK,1
2,1,0,2,Salaried,1125,Yes,Rents,6,12,28,11,2,SPECIALIST OFFICE VISIT,TIER 1 NETWORK,CO-PAY IN $,100,10,200,0,200,1,10,low,low,RISK,1
2,0,1,0,Bonus,4695,No,Owns,5,16,31,11,2,SPECIALIST OFFICE VISIT,TIER 1 NETWORK,CO-PAY IN $,10,0,100,200,200,1,10,low,low,RISK,1
1,1,1,1,Salaried,1210,No,Rents,17,12,39,11,2,SPECIALIST OFFICE VISIT,TIER 1 NETWORK,CO-PAY IN $,100,200,10,0,200,1,10,low,low,RISK,1
1,2,1,0,Bonus,3149,No,Owns,6,14,30,11,2,SPECIALIST OFFICE VISIT,TIER 1 NETWORK,CO-PAY IN $,200,100,0,10,200,1,10,low,low,RISK,1
1,1,1,1,Bonus,3757,No,Rents,6,13,26,11,2,SPECIALIST OFFICE VISIT,TIER 1 NETWORK,CO-PAY IN $,0,200,10,100,200,1,10,low,low,RISK,1
1,0,2,1,Salaried,4038,Yes,Rents,12,16,37,11,2,SPECIALIST OFFICE VISIT,TIER 1 NETWORK,CO-PAY IN $,10,200,100,0,200,1,10,low,low,RISK,1
0,0,0,2,Bonus,381,No,Owns,8,16,39,11,2,SPECIALIST OFFICE VISIT,TIER 1 NETWORK,CO-PAY IN $,10,100,200,0,200,1,10,low,low,RISK,1
0,0,1,1,Hourly,2879,Yes,Rents,16,14,30,11,2,SPECIALIST OFFICE VISIT,TIER 1 NETWORK,CO-PAY IN $,100,200,10,0,200,1,10,low,low,RISK,1
1,2,0,0,Hourly,2246,No,Owns,17,14,34,11,2,SPECIALIST OFFICE VISIT,TIER 1 NETWORK,CO-PAY IN $,100,200,0,10,200,1,10,low,low,RISK,1
0,2,1,0,Hourly,3337,No,Rents,7,19,30,11,2,SPECIALIST OFFICE VISIT,TIER 1 NETWORK,CO-PAY IN $,0,10,200,100,200,1,10,low,low,RISK,1
1,1,1,1,Hourly,874,No,Owns,17,17,35,11,2,SPECIALIST OFFICE VISIT,TIER 1 NETWORK,CO-PAY IN $,100,200,10,0,200,1,10,low,low,RISK,1
0,1,0,0,Hourly,4470,Yes,Owns,6,15,48,11,2,SPECIALIST OFFICE VISIT,TIER 1 NETWORK,CO-PAY IN $,200,10,100,0,200,1,10,low,low,RISK,1
2,0,1,1,Hourly,3252,Yes,Owns,10,12,35,11,2,SPECIALIST OFFICE VISIT,TIER 1 NETWORK,CO-PAY IN $,0,200,100,10,200,1,10,low,low,RISK,1
0,2,0,1,Hourly,176,Yes,Rents,9,18,32,11,2,SPECIALIST OFFICE VISIT,TIER 1 NETWORK,CO-PAY IN $,100,200,0,10,200,1,10,low,low,RISK,1
1,0,2,0,Hourly,3681,Yes,Owns,6,13,27,11,2,SPECIALIST OFFICE VISIT,TIER 1 NETWORK,CO-PAY IN $,100,200,10,0,200,1,10,low,low,RISK,1
1,2,1,2,Hourly,1019,Yes,Owns,15,20,28,11,2,SPECIALIST OFFICE VISIT,TIER 1 NETWORK,CO-PAY IN $,100,0,10,200,200,1,10,low,low,RISK,1
1,2,1,1,Bonus,4493,Yes,Owns,18,14,29,11,2,SPECIALIST OFFICE VISIT,TIER 1 NETWORK,CO-PAY IN $,10,100,0,200,200,1,10,low,low,RISK,1
1,2,2,0,Salaried,1012,Yes,Owns,15,13,50,11,2,SPECIALIST OFFICE VISIT,TIER 1 NETWORK,CO-PAY IN $,200,10,100,0,200,1,10,low,low,RISK,1
0,0,1,1,Bonus,1248,Yes,Rents,7,20,35,11,2,SPECIALIST OFFICE VISIT,TIER 1 NETWORK,CO-PAY IN $,200,10,100,0,200,1,10,low,low,RISK,1
0,0,1,0,Salaried,1214,No,Owns,6,17,32,11,2,SPECIALIST OFFICE VISIT,TIER 1 NETWORK,CO-PAY IN $,200,0,10,100,200,1,10,low,low,RISK,1
1,0,1,0,Salaried,2852,Yes,Rents,6,16,31,11,2,SPECIALIST OFFICE VISIT,TIER 1 NETWORK,CO-PAY IN $,0,10,200,100,200,1,10,low,low,RISK,1
1,0,0,0,Bonus,1440,Yes,Owns,10,20,34,11,2,SPECIALIST OFFICE VISIT,TIER 1 NETWORK,CO-PAY IN $,0,10,200,100,200,1,10,low,low,RISK,1
1,0,1,0,Bonus,2951,No,Owns,11,11,30,11,2,SPECIALIST OFFICE VISIT,TIER 1 NETWORK,CO-PAY IN $,10,200,100,0,200,1,10,low,low,RISK,1
3,2,1,3,Salaried,4377,No,Rents,24,48,52,11,3,SPECIALIST OFFICE VISIT,TIER 1 NETWORK,CO-PAY IN $,0,200,10,100,100,2,20,low,low,RISK,1
1,1,2,1,Salaried,1919,No,Owns,25,33,56,11,3,SPECIALIST OFFICE VISIT,TIER 1 NETWORK,CO-PAY IN $,200,10,0,100,100,2,20,low,low,RISK,1
2,2,1,1,Salaried,4671,Yes,Rents,33,23,53,11,3,SPECIALIST OFFICE VISIT,TIER 1 NETWORK,CO-PAY IN $,0,10,200,100,100,2,20,low,low,RISK,1
3,2,1,1,Bonus,1139,No,Owns,29,38,56,11,3,SPECIALIST OFFICE VISIT,TIER 1 NETWORK,CO-PAY IN $,10,0,100,200,100,2,20,low,low,RISK,1
1,2,3,2,Bonus,3085,No,Rents,23,24,64,11,3,SPECIALIST OFFICE VISIT,TIER 1 NETWORK,CO-PAY IN $,100,0,10,200,100,2,20,low,low,RISK,1
1,2,3,1,Salaried,912,Yes,Rents,37,29,55,11,3,SPECIALIST OFFICE VISIT,TIER 1 NETWORK,CO-PAY IN $,0,200,100,10,100,2,20,low,low,RISK,1
2,1,3,2,Hourly,3561,Yes,Owns,28,26,51,11,3,SPECIALIST OFFICE VISIT,TIER 1 NETWORK,CO-PAY IN $,200,0,100,10,100,2,20,low,low,RISK,1
2,3,1,1,Hourly,4350,No,Rents,19,36,62,11,3,SPECIALIST OFFICE VISIT,TIER 1 NETWORK,CO-PAY IN $,100,200,0,10,100,2,20,low,low,RISK,1
3,3,2,3,Salaried,3664,No,Owns,18,38,64,11,3,SPECIALIST OFFICE VISIT,TIER 1 NETWORK,CO-PAY IN $,0,100,10,200,100,2,20,low,low,RISK,1
1,1,1,1,Bonus,1972,Yes,Owns,38,31,55,11,3,SPECIALIST OFFICE VISIT,TIER 1 NETWORK,CO-PAY IN $,10,0,200,100,100,2,20,low,low,RISK,1
1,1,3,3,Salaried,1235,Yes,Rents,32,31,59,11,3,SPECIALIST OFFICE VISIT,TIER 1 NETWORK,CO-PAY IN $,100,0,200,10,100,2,20,low,low,RISK,1
1,3,1,2,Bonus,2294,Yes,Owns,25,47,55,11,3,SPECIALIST OFFICE VISIT,TIER 1 NETWORK,CO-PAY IN $,100,10,0,200,100,2,20,low,low,RISK,1
1,2,3,1,Salaried,4592,Yes,Rents,37,41,60,11,3,SPECIALIST OFFICE VISIT,TIER 1 NETWORK,CO-PAY IN $,100,0,200,10,100,2,20,low,low,RISK,1
1,1,1,2,Hourly,2183,Yes,Owns,16,35,73,11,3,SPECIALIST OFFICE VISIT,TIER 1 NETWORK,CO-PAY IN $,0,100,200,10,100,2,20,low,low,RISK,1
2,2,3,2,Salaried,1622,Yes,Rents,21,24,60,11,3,SPECIALIST OFFICE VISIT,TIER 1 NETWORK,CO-PAY IN $,200,0,100,10,100,2,20,low,low,RISK,1
2,3,1,3,Salaried,4259,Yes,Rents,17,43,57,11,3,SPECIALIST OFFICE VISIT,TIER 1 NETWORK,CO-PAY IN $,0,200,100,10,100,2,20,low,low,RISK,1
3,2,2,3,Salaried,4138,No,Owns,37,25,52,11,3,SPECIALIST OFFICE VISIT,TIER 1 NETWORK,CO-PAY IN $,100,0,10,200,100,2,20,low,low,RISK,1
3,1,2,3,Bonus,2742,No,Owns,39,50,53,11,3,SPECIALIST OFFICE VISIT,TIER 1 NETWORK,CO-PAY IN $,10,0,100,200,100,2,20,low,low,RISK,1
1,1,1,3,Bonus,4027,Yes,Rents,21,31,54,11,3,SPECIALIST OFFICE VISIT,TIER 1 NETWORK,CO-PAY IN $,0,200,10,100,100,2,20,low,low,RISK,1
2,2,1,1,Bonus,3643,No,Rents,35,26,75,11,3,SPECIALIST OFFICE VISIT,TIER 1 NETWORK,CO-PAY IN $,10,200,100,0,100,2,20,low,low,RISK,1
2,1,3,1,Salaried,1855,No,Rents,39,49,60,11,3,SPECIALIST OFFICE VISIT,TIER 1 NETWORK,CO-PAY IN $,200,100,0,10,100,2,20,low,low,RISK,1
1,3,1,1,Bonus,4199,No,Owns,33,40,57,11,3,SPECIALIST OFFICE VISIT,TIER 1 NETWORK,CO-PAY IN $,10,100,0,200,100,2,20,low,low,RISK,1
1,3,2,1,Salaried,358,No,Rents,28,36,56,11,3,SPECIALIST OFFICE VISIT,TIER 1 NETWORK,CO-PAY IN $,100,10,200,0,100,2,20,low,low,RISK,1
2,2,2,1,Salaried,2175,No,Owns,35,49,59,11,3,SPECIALIST OFFICE VISIT,TIER 1 NETWORK,CO-PAY IN $,0,100,200,10,100,2,20,low,low,RISK,1
2,2,1,1,Bonus,2804,No,Owns,26,20,55,11,3,SPECIALIST OFFICE VISIT,TIER 1 NETWORK,CO-PAY IN $,0,200,100,10,100,2,20,low,low,RISK,1
3,3,3,2,Bonus,2793,Yes,Owns,39,48,52,11,3,SPECIALIST OFFICE VISIT,TIER 1 NETWORK,CO-PAY IN $,100,0,200,10,100,2,20,low,low,RISK,1
3,1,3,1,Salaried,1366,No,Owns,32,33,56,11,3,SPECIALIST OFFICE VISIT,TIER 1 NETWORK,CO-PAY IN $,10,200,0,100,100,2,20,low,low,RISK,1
1,2,2,1,Salaried,1625,No,Owns,36,38,56,11,3,SPECIALIST OFFICE VISIT,TIER 1 NETWORK,CO-PAY IN $,0,100,10,200,100,2,20,low,low,RISK,1
2,3,1,1,Hourly,1178,No,Owns,15,24,64,11,3,SPECIALIST OFFICE VISIT,TIER 1 NETWORK,CO-PAY IN $,10,200,0,100,100,2,20,low,low,RISK,1
2,1,1,1,Hourly,2665,No,Rents,20,29,55,11,3,SPECIALIST OFFICE VISIT,TIER 1 NETWORK,CO-PAY IN $,10,0,200,100,100,2,20,low,low,RISK,1
2,3,3,1,Hourly,4144,No,Owns,23,26,51,11,3,SPECIALIST OFFICE VISIT,TIER 1 NETWORK,CO-PAY IN $,0,10,100,200,100,2,20,low,low,RISK,1
2,2,3,1,Hourly,2547,Yes,Owns,32,36,62,11,3,SPECIALIST OFFICE VISIT,TIER 1 NETWORK,CO-PAY IN $,0,200,10,100,100,2,20,low,low,RISK,1
2,1,2,1,Hourly,152,Yes,Owns,34,38,64,11,3,SPECIALIST OFFICE VISIT,TIER 1 NETWORK,CO-PAY IN $,200,0,100,10,100,2,20,low,low,RISK,1
1,1,1,1,Bonus,2909,Yes,Rents,23,31,55,11,3,SPECIALIST OFFICE VISIT,TIER 1 NETWORK,CO-PAY IN $,100,10,0,200,100,2,20,low,low,RISK,1
3,3,2,2,Bonus,2404,Yes,Owns,27,31,59,11,3,SPECIALIST OFFICE VISIT,TIER 1 NETWORK,CO-PAY IN $,200,0,10,100,100,2,20,low,low,RISK,1
3,1,2,3,Bonus,144,Yes,Owns,24,47,55,11,3,SPECIALIST OFFICE VISIT,TIER 1 NETWORK,CO-PAY IN $,0,10,200,100,100,2,20,low,low,RISK,1
3,1,2,1,Hourly,2250,No,Owns,26,41,60,11,3,SPECIALIST OFFICE VISIT,TIER 1 NETWORK,CO-PAY IN $,0,100,200,10,100,2,20,low,low,RISK,1
3,1,1,1,Hourly,4826,No,Owns,25,35,73,11,3,SPECIALIST OFFICE VISIT,TIER 1 NETWORK,CO-PAY IN $,200,100,10,0,100,2,20,low,low,RISK,1
2,2,1,1,Salaried,792,No,Owns,28,24,60,11,3,SPECIALIST OFFICE VISIT,TIER 1 NETWORK,CO-PAY IN $,10,0,200,100,100,2,20,low,low,RISK,1
1,3,1,2,Hourly,3429,No,Rents,34,43,57,11,3,SPECIALIST OFFICE VISIT,TIER 1 NETWORK,CO-PAY IN $,100,0,200,10,100,2,20,low,low,RISK,1
1,3,1,2,Hourly,1596,Yes,Owns,27,25,52,11,3,SPECIALIST OFFICE VISIT,TIER 1 NETWORK,CO-PAY IN $,200,0,10,100,100,2,20,low,low,RISK,1
2,3,3,1,Salaried,83,Yes,Owns,19,50,53,11,3,SPECIALIST OFFICE VISIT,TIER 1 NETWORK,CO-PAY IN $,0,200,100,10,100,2,20,low,low,RISK,1
2,3,1,3,Salaried,3601,No,Owns,17,31,54,11,3,SPECIALIST OFFICE VISIT,TIER 1 NETWORK,CO-PAY IN $,10,0,100,200,100,2,20,low,low,RISK,1
2,2,1,2,Bonus,861,No,Owns,34,26,75,11,3,SPECIALIST OFFICE VISIT,TIER 1 NETWORK,CO-PAY IN $,100,10,0,200,100,2,20,low,low,RISK,1
1,3,3,3,Salaried,2240,Yes,Rents,35,49,60,11,3,SPECIALIST OFFICE VISIT,TIER 1 NETWORK,CO-PAY IN $,0,100,200,10,100,2,20,low,low,RISK,1
1,1,1,1,Hourly,2384,No,Rents,17,40,57,11,3,SPECIALIST OFFICE VISIT,TIER 1 NETWORK,CO-PAY IN $,100,200,0,10,100,2,20,low,low,RISK,1
1,1,1,1,Bonus,2363,Yes,Rents,29,36,56,11,3,SPECIALIST OFFICE VISIT,TIER 1 NETWORK,CO-PAY IN $,200,100,10,0,100,2,20,low,low,RISK,1
2,1,3,1,Salaried,4539,No,Owns,24,49,59,11,3,SPECIALIST OFFICE VISIT,TIER 1 NETWORK,CO-PAY IN $,10,200,100,0,100,2,20,low,low,RISK,1
2,1,1,1,Bonus,489,No,Rents,23,20,55,11,3,SPECIALIST OFFICE VISIT,TIER 1 NETWORK,CO-PAY IN $,10,200,100,0,100,2,20,low,low,RISK,1
2,3,1,3,Bonus,4623,Yes,Owns,19,48,52,11,3,SPECIALIST OFFICE VISIT,TIER 1 NETWORK,CO-PAY IN $,0,200,100,10,100,2,20,low,low,RISK,1
2,1,1,1,Salaried,153,Yes,Owns,15,33,56,11,3,SPECIALIST OFFICE VISIT,TIER 1 NETWORK,CO-PAY IN $,200,100,0,10,100,2,20,low,low,RISK,1
1,3,3,2,Salaried,3954,No,Owns,17,23,53,11,3,SPECIALIST OFFICE VISIT,TIER 1 NETWORK,CO-PAY IN $,0,100,10,200,100,2,20,low,low,RISK,1
1,2,1,1,Salaried,4742,No,Rents,15,38,56,11,3,SPECIALIST OFFICE VISIT,TIER 1 NETWORK,CO-PAY IN $,200,0,10,100,100,2,20,low,low,RISK,1
1,1,1,2,Hourly,3289,No,Rents,35,24,64,11,3,SPECIALIST OFFICE VISIT,TIER 1 NETWORK,CO-PAY IN $,100,10,0,200,100,2,20,low,low,RISK,1
1,1,2,2,Bonus,3409,Yes,Rents,30,29,55,11,3,SPECIALIST OFFICE VISIT,TIER 1 NETWORK,CO-PAY IN $,100,0,200,10,100,2,20,low,low,RISK,1
1,1,3,2,Bonus,3179,No,Rents,21,26,51,11,3,SPECIALIST OFFICE VISIT,TIER 1 NETWORK,CO-PAY IN $,100,200,0,10,100,2,20,low,low,RISK,1
1,1,1,2,Bonus,4271,No,Rents,22,36,62,11,3,SPECIALIST OFFICE VISIT,TIER 1 NETWORK,CO-PAY IN $,200,0,10,100,100,2,20,low,low,RISK,1
1,1,1,1,Hourly,4605,Yes,Rents,24,38,64,11,3,SPECIALIST OFFICE VISIT,TIER 1 NETWORK,CO-PAY IN $,0,200,100,10,100,2,20,low,low,RISK,1
1,3,3,3,Salaried,3042,Yes,Rents,16,31,55,11,3,SPECIALIST OFFICE VISIT,TIER 1 NETWORK,CO-PAY IN $,10,0,100,200,100,2,20,low,low,RISK,1
1,3,3,1,Hourly,170,No,Rents,37,31,59,11,3,SPECIALIST OFFICE VISIT,TIER 1 NETWORK,CO-PAY IN $,10,200,0,100,100,2,20,low,low,RISK,1
1,1,1,3,Salaried,2062,No,Rents,20,47,55,11,3,SPECIALIST OFFICE VISIT,TIER 1 NETWORK,CO-PAY IN $,200,100,0,10,100,2,20,low,low,RISK,1
2,2,3,3,Bonus,1962,No,Rents,15,41,60,11,3,SPECIALIST OFFICE VISIT,TIER 1 NETWORK,CO-PAY IN $,200,10,100,0,100,2,20,low,low,RISK,1
1,1,1,1,Bonus,1006,No,Owns,27,35,73,11,3,SPECIALIST OFFICE VISIT,TIER 1 NETWORK,CO-PAY IN $,100,0,200,10,100,2,20,low,low,RISK,1
1,3,2,3,Salaried,4555,No,Rents,20,24,60,11,3,SPECIALIST OFFICE VISIT,TIER 1 NETWORK,CO-PAY IN $,10,100,200,0,100,2,20,low,low,RISK,1
3,1,2,1,Bonus,458,No,Rents,25,43,57,11,3,SPECIALIST OFFICE VISIT,TIER 1 NETWORK,CO-PAY IN $,0,100,200,10,100,2,20,low,low,RISK,1
3,1,3,1,Hourly,1593,No,Owns,16,25,52,11,3,SPECIALIST OFFICE VISIT,TIER 1 NETWORK,CO-PAY IN $,0,200,10,100,100,2,20,low,low,RISK,1
1,3,1,2,Hourly,4519,Yes,Owns,26,50,53,11,3,SPECIALIST OFFICE VISIT,TIER 1 NETWORK,CO-PAY IN $,200,10,100,0,100,2,20,low,low,RISK,1
1,2,1,1,Bonus,2639,No,Rents,16,31,54,11,3,SPECIALIST OFFICE VISIT,TIER 1 NETWORK,CO-PAY IN $,100,200,10,0,100,2,20,low,low,RISK,1
1,1,3,1,Hourly,2563,Yes,Rents,35,26,75,11,3,SPECIALIST OFFICE VISIT,TIER 1 NETWORK,CO-PAY IN $,10,100,200,0,100,2,20,low,low,RISK,1
1,2,3,2,Bonus,2810,Yes,Owns,35,49,60,11,3,SPECIALIST OFFICE VISIT,TIER 1 NETWORK,CO-PAY IN $,100,200,0,10,100,2,20,low,low,RISK,1
2,2,1,2,Hourly,2954,Yes,Owns,39,40,57,11,3,SPECIALIST OFFICE VISIT,TIER 1 NETWORK,CO-PAY IN $,100,0,10,200,100,2,20,low,low,RISK,1
2,1,3,1,Hourly,2299,Yes,Owns,31,36,56,11,3,SPECIALIST OFFICE VISIT,TIER 1 NETWORK,CO-PAY IN $,10,0,100,200,100,2,20,low,low,RISK,1
1,1,2,3,Hourly,1155,No,Rents,16,49,59,11,3,SPECIALIST OFFICE VISIT,TIER 1 NETWORK,CO-PAY IN $,100,200,10,0,100,2,20,low,low,RISK,1
2,1,3,1,Bonus,1856,Yes,Rents,31,20,55,11,3,SPECIALIST OFFICE VISIT,TIER 1 NETWORK,CO-PAY IN $,0,10,100,200,100,2,20,low,low,RISK,1
3,2,2,1,Salaried,3352,Yes,Rents,18,48,52,11,3,SPECIALIST OFFICE VISIT,TIER 1 NETWORK,CO-PAY IN $,100,10,200,0,100,2,20,low,low,RISK,1
3,1,1,2,Hourly,3735,Yes,Owns,34,33,56,11,3,SPECIALIST OFFICE VISIT,TIER 1 NETWORK,CO-PAY IN $,100,10,200,0,100,2,20,low,low,RISK,1
3,2,1,3,Salaried,1125,Yes,Rents,18,23,53,11,3,SPECIALIST OFFICE VISIT,TIER 1 NETWORK,CO-PAY IN $,100,200,0,10,100,2,20,low,low,RISK,1
3,1,2,1,Bonus,4695,No,Owns,15,38,56,11,3,SPECIALIST OFFICE VISIT,TIER 1 NETWORK,CO-PAY IN $,0,200,100,10,100,2,20,low,low,RISK,1
2,2,2,2,Salaried,1210,No,Rents,38,24,64,11,3,SPECIALIST OFFICE VISIT,TIER 1 NETWORK,CO-PAY IN $,0,100,10,200,100,2,20,low,low,RISK,1
2,3,2,1,Bonus,3149,No,Owns,17,29,55,11,3,SPECIALIST OFFICE VISIT,TIER 1 NETWORK,CO-PAY IN $,200,10,0,100,100,2,20,low,low,RISK,1
2,2,2,2,Bonus,3757,No,Rents,18,26,51,11,3,SPECIALIST OFFICE VISIT,TIER 1 NETWORK,CO-PAY IN $,100,200,0,10,100,2,20,low,low,RISK,1
3,1,3,2,Salaried,4038,Yes,Rents,28,36,62,11,3,SPECIALIST OFFICE VISIT,TIER 1 NETWORK,CO-PAY IN $,10,200,100,0,100,2,20,low,low,RISK,1
1,1,1,3,Bonus,381,No,Owns,20,38,64,11,3,SPECIALIST OFFICE VISIT,TIER 1 NETWORK,CO-PAY IN $,10,0,100,200,100,2,20,low,low,RISK,1
1,1,1,2,Hourly,2879,Yes,Rents,37,31,55,11,3,SPECIALIST OFFICE VISIT,TIER 1 NETWORK,CO-PAY IN $,200,10,100,0,100,2,20,low,low,RISK,1
2,3,1,1,Hourly,2246,No,Owns,38,31,59,11,3,SPECIALIST OFFICE VISIT,TIER 1 NETWORK,CO-PAY IN $,10,0,200,100,100,2,20,low,low,RISK,1
1,3,2,1,Hourly,3337,No,Rents,18,47,55,11,3,SPECIALIST OFFICE VISIT,TIER 1 NETWORK,CO-PAY IN $,0,10,100,200,100,2,20,low,low,RISK,1
2,2,1,2,Hourly,874,No,Owns,38,41,60,11,3,SPECIALIST OFFICE VISIT,TIER 1 NETWORK,CO-PAY IN $,100,0,200,10,100,2,20,low,low,RISK,1
1,2,1,1,Hourly,4470,Yes,Owns,16,35,73,11,3,SPECIALIST OFFICE VISIT,TIER 1 NETWORK,CO-PAY IN $,10,200,100,0,100,2,20,low,low,RISK,1
3,1,3,1,Hourly,3252,Yes,Owns,24,24,60,11,3,SPECIALIST OFFICE VISIT,TIER 1 NETWORK,CO-PAY IN $,0,10,100,200,100,2,20,low,low,RISK,1
1,3,1,2,Hourly,176,Yes,Rents,23,43,57,11,3,SPECIALIST OFFICE VISIT,TIER 1 NETWORK,CO-PAY IN $,0,10,200,100,100,2,20,low,low,RISK,1
2,1,3,1,Hourly,3681,Yes,Owns,17,25,52,11,3,SPECIALIST OFFICE VISIT,TIER 1 NETWORK,CO-PAY IN $,0,10,100,200,100,2,20,low,low,RISK,1
1,3,2,3,Hourly,1019,Yes,Owns,35,50,53,11,3,SPECIALIST OFFICE VISIT,TIER 1 NETWORK,CO-PAY IN $,10,0,200,100,100,2,20,low,low,RISK,1
1,3,2,1,Bonus,4493,Yes,Owns,39,31,54,11,3,SPECIALIST OFFICE VISIT,TIER 1 NETWORK,CO-PAY IN $,100,0,10,200,100,2,20,low,low,RISK,1
1,3,3,1,Salaried,1012,Yes,Owns,34,26,75,11,3,SPECIALIST OFFICE VISIT,TIER 1 NETWORK,CO-PAY IN $,0,100,10,200,100,2,20,low,low,RISK,1
1,1,2,1,Bonus,1248,Yes,Rents,18,49,60,11,3,SPECIALIST OFFICE VISIT,TIER 1 NETWORK,CO-PAY IN $,200,100,10,0,100,2,20,low,low,RISK,1
1,1,2,1,Salaried,1214,No,Owns,17,40,57,11,3,SPECIALIST OFFICE VISIT,TIER 1 NETWORK,CO-PAY IN $,200,10,0,100,100,2,20,low,low,RISK,1
2,1,1,1,Salaried,2852,Yes,Rents,18,36,56,11,3,SPECIALIST OFFICE VISIT,TIER 1 NETWORK,CO-PAY IN $,0,100,10,200,100,2,20,low,low,RISK,1
2,1,1,1,Bonus,1440,Yes,Owns,24,49,59,11,3,SPECIALIST OFFICE VISIT,TIER 1 NETWORK,CO-PAY IN $,100,200,0,10,100,2,20,low,low,RISK,1
3,1,3,1,Bonus,2951,No,Owns,26,20,55,11,3,SPECIALIST OFFICE VISIT,TIER 1 NETWORK,CO-PAY IN $,10,0,200,100,100,2,20,low,low,RISK,1
4,3,2,4,Salaried,4377,No,Rents,46,73,76,11,4,SPECIALIST OFFICE VISIT,TIER 1 NETWORK,CO-PAY IN $,100,10,200,0,100,2,50,low,low,RISK,1
2,3,4,2,Salaried,1919,No,Owns,48,61,80,11,4,SPECIALIST OFFICE VISIT,TIER 1 NETWORK,CO-PAY IN $,100,200,0,10,100,2,50,low,low,RISK,1
4,4,3,2,Salaried,4671,Yes,Rents,57,53,77,11,4,SPECIALIST OFFICE VISIT,TIER 1 NETWORK,CO-PAY IN $,0,200,100,10,100,2,50,low,low,RISK,1
4,4,2,2,Bonus,1139,No,Owns,52,65,80,11,4,SPECIALIST OFFICE VISIT,TIER 1 NETWORK,CO-PAY IN $,100,0,10,200,100,2,50,low,low,RISK,1
3,4,4,3,Bonus,3085,No,Rents,45,54,88,11,4,SPECIALIST OFFICE VISIT,TIER 1 NETWORK,CO-PAY IN $,0,200,100,10,100,2,50,low,low,RISK,1
3,4,4,3,Salaried,912,Yes,Rents,61,58,79,11,4,SPECIALIST OFFICE VISIT,TIER 1 NETWORK,CO-PAY IN $,0,10,100,200,100,2,50,low,low,RISK,1
4,3,4,3,Hourly,3561,Yes,Owns,51,56,75,11,4,SPECIALIST OFFICE VISIT,TIER 1 NETWORK,CO-PAY IN $,100,0,10,200,100,2,50,low,low,RISK,1
4,4,2,2,Hourly,4350,No,Rents,40,64,87,11,4,SPECIALIST OFFICE VISIT,TIER 1 NETWORK,CO-PAY IN $,100,0,10,200,100,2,50,low,low,RISK,1
4,4,4,4,Salaried,3664,No,Owns,39,65,88,11,4,SPECIALIST OFFICE VISIT,TIER 1 NETWORK,CO-PAY IN $,200,10,0,100,100,2,50,low,low,RISK,1
2,3,3,3,Bonus,1972,Yes,Owns,62,60,80,11,4,SPECIALIST OFFICE VISIT,TIER 1 NETWORK,CO-PAY IN $,200,10,100,0,100,2,50,low,low,RISK,1
3,2,4,4,Salaried,1235,Yes,Rents,55,60,83,11,4,SPECIALIST OFFICE VISIT,TIER 1 NETWORK,CO-PAY IN $,0,200,100,10,100,2,50,low,low,RISK,1
2,4,3,3,Bonus,2294,Yes,Owns,47,72,79,11,4,SPECIALIST OFFICE VISIT,TIER 1 NETWORK,CO-PAY IN $,0,200,100,10,100,2,50,low,low,RISK,1
2,3,4,3,Salaried,4592,Yes,Rents,62,68,84,11,4,SPECIALIST OFFICE VISIT,TIER 1 NETWORK,CO-PAY IN $,100,10,200,0,100,2,50,low,low,RISK,1
3,3,3,4,Hourly,2183,Yes,Owns,37,63,98,11,4,SPECIALIST OFFICE VISIT,TIER 1 NETWORK,CO-PAY IN $,200,100,10,0,100,2,50,low,low,RISK,1
3,3,4,3,Salaried,1622,Yes,Rents,42,55,84,11,4,SPECIALIST OFFICE VISIT,TIER 1 NETWORK,CO-PAY IN $,100,200,0,10,100,2,50,low,low,RISK,1
3,4,3,4,Salaried,4259,Yes,Rents,37,70,81,11,4,SPECIALIST OFFICE VISIT,TIER 1 NETWORK,CO-PAY IN $,0,200,100,10,100,2,50,low,low,RISK,1
4,3,3,4,Salaried,4138,No,Owns,62,55,76,11,4,SPECIALIST OFFICE VISIT,TIER 1 NETWORK,CO-PAY IN $,10,0,100,200,100,2,50,low,low,RISK,1
4,3,4,4,Bonus,2742,No,Owns,64,75,77,11,4,SPECIALIST OFFICE VISIT,TIER 1 NETWORK,CO-PAY IN $,100,0,10,200,100,2,50,low,low,RISK,1
3,3,3,4,Bonus,4027,Yes,Rents,43,60,78,11,4,SPECIALIST OFFICE VISIT,TIER 1 NETWORK,CO-PAY IN $,0,200,100,10,100,2,50,low,low,RISK,1
4,4,2,2,Bonus,3643,No,Rents,59,56,100,11,4,SPECIALIST OFFICE VISIT,TIER 1 NETWORK,CO-PAY IN $,10,0,200,100,100,2,50,low,low,RISK,1
4,2,4,2,Salaried,1855,No,Rents,63,74,85,11,4,SPECIALIST OFFICE VISIT,TIER 1 NETWORK,CO-PAY IN $,200,10,0,100,100,2,50,low,low,RISK,1
3,4,2,3,Bonus,4199,No,Owns,57,67,81,11,4,SPECIALIST OFFICE VISIT,TIER 1 NETWORK,CO-PAY IN $,0,10,200,100,100,2,50,low,low,RISK,1
3,4,3,2,Salaried,358,No,Rents,50,64,80,11,4,SPECIALIST OFFICE VISIT,TIER 1 NETWORK,CO-PAY IN $,200,10,100,0,100,2,50,low,low,RISK,1
4,3,4,3,Salaried,2175,No,Owns,59,75,83,11,4,SPECIALIST OFFICE VISIT,TIER 1 NETWORK,CO-PAY IN $,200,0,10,100,100,2,50,low,low,RISK,1
4,4,2,2,Bonus,2804,No,Owns,48,51,79,11,4,SPECIALIST OFFICE VISIT,TIER 1 NETWORK,CO-PAY IN $,0,10,100,200,100,2,50,low,low,RISK,1
4,4,4,4,Bonus,2793,Yes,Owns,63,73,76,11,4,SPECIALIST OFFICE VISIT,TIER 1 NETWORK,CO-PAY IN $,200,0,10,100,100,2,50,low,low,RISK,1
4,3,4,2,Salaried,1366,No,Owns,56,61,80,11,4,SPECIALIST OFFICE VISIT,TIER 1 NETWORK,CO-PAY IN $,0,200,100,10,100,2,50,low,low,RISK,1
2,4,4,4,Salaried,3990,No,Rents,53,53,77,11,4,SPECIALIST OFFICE VISIT,TIER 1 NETWORK,CO-PAY IN $,200,0,10,100,100,2,50,low,low,RISK,1
2,4,3,3,Salaried,1625,No,Owns,60,65,80,11,4,SPECIALIST OFFICE VISIT,TIER 1 NETWORK,CO-PAY IN $,10,100,200,0,100,2,50,low,low,RISK,1
4,4,3,3,Hourly,1178,No,Owns,35,54,88,11,4,SPECIALIST OFFICE VISIT,TIER 1 NETWORK,CO-PAY IN $,100,200,10,0,100,2,50,low,low,RISK,1
3,3,2,2,Hourly,2665,No,Rents,41,58,79,11,4,SPECIALIST OFFICE VISIT,TIER 1 NETWORK,CO-PAY IN $,0,100,200,10,100,2,50,low,low,RISK,1
4,4,4,2,Hourly,4144,No,Owns,44,56,75,11,4,SPECIALIST OFFICE VISIT,TIER 1 NETWORK,CO-PAY IN $,0,10,100,200,100,2,50,low,low,RISK,1
3,3,4,3,Hourly,2547,Yes,Owns,55,64,87,11,4,SPECIALIST OFFICE VISIT,TIER 1 NETWORK,CO-PAY IN $,0,100,200,10,100,2,50,low,low,RISK,1
4,3,4,2,Hourly,152,Yes,Owns,58,65,88,11,4,SPECIALIST OFFICE VISIT,TIER 1 NETWORK,CO-PAY IN $,0,10,200,100,100,2,50,low,low,RISK,1
3,2,2,3,Bonus,2909,Yes,Rents,45,60,80,11,4,SPECIALIST OFFICE VISIT,TIER 1 NETWORK,CO-PAY IN $,0,100,10,200,100,2,50,low,low,RISK,1
4,4,3,3,Bonus,2404,Yes,Owns,49,60,83,11,4,SPECIALIST OFFICE VISIT,TIER 1 NETWORK,CO-PAY IN $,10,0,100,200,100,2,50,low,low,RISK,1
4,2,4,2,Hourly,2250,No,Owns,48,68,84,11,4,SPECIALIST OFFICE VISIT,TIER 1 NETWORK,CO-PAY IN $,0,100,10,200,100,2,50,low,low,RISK,1
4,3,3,3,Hourly,4826,No,Owns,47,63,98,11,4,SPECIALIST OFFICE VISIT,TIER 1 NETWORK,CO-PAY IN $,0,200,10,100,100,2,50,low,low,RISK,1
4,4,2,3,Salaried,792,No,Owns,50,55,84,11,4,SPECIALIST OFFICE VISIT,TIER 1 NETWORK,CO-PAY IN $,100,0,200,10,100,2,50,low,low,RISK,1
2,4,2,3,Hourly,3429,No,Rents,58,70,81,11,4,SPECIALIST OFFICE VISIT,TIER 1 NETWORK,CO-PAY IN $,0,100,200,10,100,2,50,low,low,RISK,1
3,4,3,4,Hourly,1596,Yes,Owns,50,55,76,11,4,SPECIALIST OFFICE VISIT,TIER 1 NETWORK,CO-PAY IN $,10,100,0,200,100,2,50,low,low,RISK,1
4,4,4,3,Salaried,83,Yes,Owns,40,75,77,11,4,SPECIALIST OFFICE VISIT,TIER 1 NETWORK,CO-PAY IN $,10,100,0,200,100,2,50,low,low,RISK,1
4,4,3,4,Salaried,3601,No,Owns,38,60,78,11,4,SPECIALIST OFFICE VISIT,TIER 1 NETWORK,CO-PAY IN $,100,200,10,0,100,2,50,low,low,RISK,1
3,4,2,4,Bonus,861,No,Owns,58,56,100,11,4,SPECIALIST OFFICE VISIT,TIER 1 NETWORK,CO-PAY IN $,200,100,0,10,100,2,50,low,low,RISK,1
2,4,4,4,Salaried,2240,Yes,Rents,59,74,85,11,4,SPECIALIST OFFICE VISIT,TIER 1 NETWORK,CO-PAY IN $,0,100,200,10,100,2,50,low,low,RISK,1
3,3,2,2,Hourly,2384,No,Rents,37,67,81,11,4,SPECIALIST OFFICE VISIT,TIER 1 NETWORK,CO-PAY IN $,0,200,100,10,100,2,50,low,low,RISK,1
2,2,3,3,Bonus,2363,Yes,Rents,52,64,80,11,4,SPECIALIST OFFICE VISIT,TIER 1 NETWORK,CO-PAY IN $,200,10,100,0,100,2,50,low,low,RISK,1
3,3,4,2,Salaried,4539,No,Owns,45,75,83,11,4,SPECIALIST OFFICE VISIT,TIER 1 NETWORK,CO-PAY IN $,200,0,100,10,100,2,50,low,low,RISK,1
3,3,2,2,Bonus,489,No,Rents,45,51,79,11,4,SPECIALIST OFFICE VISIT,TIER 1 NETWORK,CO-PAY IN $,10,200,100,0,100,2,50,low,low,RISK,1
4,4,2,4,Bonus,4623,Yes,Owns,40,73,76,11,4,SPECIALIST OFFICE VISIT,TIER 1 NETWORK,CO-PAY IN $,10,200,0,100,100,2,50,low,low,RISK,1
3,3,3,2,Salaried,153,Yes,Owns,36,61,80,11,4,SPECIALIST OFFICE VISIT,TIER 1 NETWORK,CO-PAY IN $,100,0,200,10,100,2,50,low,low,RISK,1
3,4,4,4,Salaried,3954,No,Owns,38,53,77,11,4,SPECIALIST OFFICE VISIT,TIER 1 NETWORK,CO-PAY IN $,0,100,10,200,100,2,50,low,low,RISK,1
3,3,2,3,Salaried,4742,No,Rents,35,65,80,11,4,SPECIALIST OFFICE VISIT,TIER 1 NETWORK,CO-PAY IN $,10,200,0,100,100,2,50,low,low,RISK,1
2,2,2,3,Hourly,3289,No,Rents,59,54,88,11,4,SPECIALIST OFFICE VISIT,TIER 1 NETWORK,CO-PAY IN $,100,200,10,0,100,2,50,low,low,RISK,1
2,2,3,3,Bonus,3409,Yes,Rents,54,58,79,11,4,SPECIALIST OFFICE VISIT,TIER 1 NETWORK,CO-PAY IN $,10,100,0,200,100,2,50,low,low,RISK,1
3,3,4,3,Bonus,3179,No,Rents,42,56,75,11,4,SPECIALIST OFFICE VISIT,TIER 1 NETWORK,CO-PAY IN $,200,100,10,0,100,2,50,low,low,RISK,1
3,3,2,4,Bonus,4271,No,Rents,43,64,87,11,4,SPECIALIST OFFICE VISIT,TIER 1 NETWORK,CO-PAY IN $,100,200,0,10,100,2,50,low,low,RISK,1
3,3,3,2,Hourly,4605,Yes,Rents,46,65,88,11,4,SPECIALIST OFFICE VISIT,TIER 1 NETWORK,CO-PAY IN $,100,10,0,200,100,2,50,low,low,RISK,1
2,4,4,4,Salaried,3042,Yes,Rents,37,60,80,11,4,SPECIALIST OFFICE VISIT,TIER 1 NETWORK,CO-PAY IN $,0,10,100,200,100,2,50,low,low,RISK,1
2,4,4,3,Hourly,170,No,Rents,61,60,83,11,4,SPECIALIST OFFICE VISIT,TIER 1 NETWORK,CO-PAY IN $,10,200,0,100,100,2,50,low,low,RISK,1
2,3,3,4,Salaried,2062,No,Rents,40,72,79,11,4,SPECIALIST OFFICE VISIT,TIER 1 NETWORK,CO-PAY IN $,200,100,10,0,100,2,50,low,low,RISK,1
4,4,4,4,Bonus,1962,No,Rents,35,68,84,11,4,SPECIALIST OFFICE VISIT,TIER 1 NETWORK,CO-PAY IN $,100,10,0,200,100,2,50,low,low,RISK,1
2,2,3,2,Bonus,1006,No,Owns,50,63,98,11,4,SPECIALIST OFFICE VISIT,TIER 1 NETWORK,CO-PAY IN $,200,0,10,100,100,2,50,low,low,RISK,1
2,4,3,4,Salaried,4555,No,Rents,42,55,84,11,4,SPECIALIST OFFICE VISIT,TIER 1 NETWORK,CO-PAY IN $,200,10,100,0,100,2,50,low,low,RISK,1
4,3,4,3,Bonus,458,No,Rents,46,70,81,11,4,SPECIALIST OFFICE VISIT,TIER 1 NETWORK,CO-PAY IN $,200,0,100,10,100,2,50,low,low,RISK,1
3,4,2,3,Hourly,4519,Yes,Owns,48,75,77,11,4,SPECIALIST OFFICE VISIT,TIER 1 NETWORK,CO-PAY IN $,0,100,10,200,100,2,50,low,low,RISK,1
2,4,3,3,Bonus,2639,No,Rents,36,60,78,11,4,SPECIALIST OFFICE VISIT,TIER 1 NETWORK,CO-PAY IN $,200,10,100,0,100,2,50,low,low,RISK,1
2,3,4,3,Hourly,2563,Yes,Rents,59,56,100,11,4,SPECIALIST OFFICE VISIT,TIER 1 NETWORK,CO-PAY IN $,10,0,100,200,100,2,50,low,low,RISK,1
3,4,4,4,Bonus,2810,Yes,Owns,58,74,85,11,4,SPECIALIST OFFICE VISIT,TIER 1 NETWORK,CO-PAY IN $,200,0,10,100,100,2,50,low,low,RISK,1
3,4,3,4,Hourly,2954,Yes,Owns,64,67,81,11,4,SPECIALIST OFFICE VISIT,TIER 1 NETWORK,CO-PAY IN $,0,200,10,100,100,2,50,low,low,RISK,1
3,2,4,3,Hourly,2299,Yes,Owns,54,64,80,11,4,SPECIALIST OFFICE VISIT,TIER 1 NETWORK,CO-PAY IN $,100,200,0,10,100,2,50,low,low,RISK,1
2,3,4,4,Hourly,1155,No,Rents,37,75,83,11,4,SPECIALIST OFFICE VISIT,TIER 1 NETWORK,CO-PAY IN $,200,10,0,100,100,2,50,low,low,RISK,1
4,2,4,3,Bonus,1856,Yes,Rents,55,51,79,11,4,SPECIALIST OFFICE VISIT,TIER 1 NETWORK,CO-PAY IN $,0,200,10,100,100,2,50,low,low,RISK,1
4,4,3,3,Salaried,3352,Yes,Rents,38,73,76,11,4,SPECIALIST OFFICE VISIT,TIER 1 NETWORK,CO-PAY IN $,10,0,200,100,100,2,50,low,low,RISK,1
4,3,2,3,Hourly,3735,Yes,Owns,58,61,80,11,4,SPECIALIST OFFICE VISIT,TIER 1 NETWORK,CO-PAY IN $,200,10,100,0,100,2,50,low,low,RISK,1
4,3,3,4,Salaried,1125,Yes,Rents,38,53,77,11,4,SPECIALIST OFFICE VISIT,TIER 1 NETWORK,CO-PAY IN $,0,100,10,200,100,2,50,low,low,RISK,1
4,2,4,2,Bonus,4695,No,Owns,35,65,80,11,4,SPECIALIST OFFICE VISIT,TIER 1 NETWORK,CO-PAY IN $,100,200,0,10,100,2,50,low,low,RISK,1
3,3,3,4,Salaried,1210,No,Rents,62,54,88,11,4,SPECIALIST OFFICE VISIT,TIER 1 NETWORK,CO-PAY IN $,200,10,100,0,100,2,50,low,low,RISK,1
4,4,4,2,Bonus,3149,No,Owns,37,58,79,11,4,SPECIALIST OFFICE VISIT,TIER 1 NETWORK,CO-PAY IN $,0,100,10,200,100,2,50,low,low,RISK,1
4,3,4,4,Bonus,3757,No,Rents,38,56,75,11,4,SPECIALIST OFFICE VISIT,TIER 1 NETWORK,CO-PAY IN $,0,200,10,100,100,2,50,low,low,RISK,1
4,3,4,4,Salaried,4038,Yes,Rents,51,64,87,11,4,SPECIALIST OFFICE VISIT,TIER 1 NETWORK,CO-PAY IN $,100,200,10,0,100,2,50,low,low,RISK,1
2,3,3,4,Bonus,381,No,Owns,41,65,88,11,4,SPECIALIST OFFICE VISIT,TIER 1 NETWORK,CO-PAY IN $,10,0,100,200,100,2,50,low,low,RISK,1
3,3,3,3,Hourly,2879,Yes,Rents,61,60,80,11,4,SPECIALIST OFFICE VISIT,TIER 1 NETWORK,CO-PAY IN $,10,0,100,200,100,2,50,low,low,RISK,1
4,4,3,2,Hourly,2246,No,Owns,62,60,83,11,4,SPECIALIST OFFICE VISIT,TIER 1 NETWORK,CO-PAY IN $,200,100,0,10,100,2,50,low,low,RISK,1
2,4,3,2,Hourly,3337,No,Rents,39,72,79,11,4,SPECIALIST OFFICE VISIT,TIER 1 NETWORK,CO-PAY IN $,100,10,0,200,100,2,50,low,low,RISK,1
4,3,3,4,Hourly,874,No,Owns,63,68,84,11,4,SPECIALIST OFFICE VISIT,TIER 1 NETWORK,CO-PAY IN $,0,200,10,100,100,2,50,low,low,RISK,1
3,4,2,3,Hourly,4470,Yes,Owns,36,63,98,11,4,SPECIALIST OFFICE VISIT,TIER 1 NETWORK,CO-PAY IN $,0,100,10,200,100,2,50,low,low,RISK,1
4,3,4,3,Hourly,3252,Yes,Owns,46,55,84,11,4,SPECIALIST OFFICE VISIT,TIER 1 NETWORK,CO-PAY IN $,0,200,100,10,100,2,50,low,low,RISK,1
3,4,2,3,Hourly,176,Yes,Rents,45,70,81,11,4,SPECIALIST OFFICE VISIT,TIER 1 NETWORK,CO-PAY IN $,200,10,0,100,100,2,50,low,low,RISK,1
4,3,4,2,Hourly,3681,Yes,Owns,38,55,76,11,4,SPECIALIST OFFICE VISIT,TIER 1 NETWORK,CO-PAY IN $,0,10,100,200,100,2,50,low,low,RISK,1
3,4,4,4,Hourly,1019,Yes,Owns,59,75,77,11,4,SPECIALIST OFFICE VISIT,TIER 1 NETWORK,CO-PAY IN $,200,10,100,0,100,2,50,low,low,RISK,1
3,4,4,3,Bonus,4493,Yes,Owns,64,60,78,11,4,SPECIALIST OFFICE VISIT,TIER 1 NETWORK,CO-PAY IN $,10,200,100,0,100,2,50,low,low,RISK,1
3,4,4,2,Salaried,1012,Yes,Owns,58,56,100,11,4,SPECIALIST OFFICE VISIT,TIER 1 NETWORK,CO-PAY IN $,0,200,10,100,100,2,50,low,low,RISK,1
2,2,4,3,Bonus,1248,Yes,Rents,39,74,85,11,4,SPECIALIST OFFICE VISIT,TIER 1 NETWORK,CO-PAY IN $,200,0,10,100,100,2,50,low,low,RISK,1
2,3,3,3,Salaried,1214,No,Owns,37,67,81,11,4,SPECIALIST OFFICE VISIT,TIER 1 NETWORK,CO-PAY IN $,100,10,200,0,100,2,50,low,low,RISK,1
4,3,3,2,Salaried,2852,Yes,Rents,38,64,80,11,4,SPECIALIST OFFICE VISIT,TIER 1 NETWORK,CO-PAY IN $,10,100,200,0,100,2,50,low,low,RISK,1
3,3,2,2,Bonus,1440,Yes,Owns,46,75,83,11,4,SPECIALIST OFFICE VISIT,TIER 1 NETWORK,CO-PAY IN $,10,0,200,100,100,2,50,low,low,RISK,1
4,2,4,3,Bonus,2951,No,Owns,48,51,79,11,4,SPECIALIST OFFICE VISIT,TIER 1 NETWORK,CO-PAY IN $,10,200,0,100,100,2,50,low,low,RISK,1
1,0,0,1,Salaried,4377,No,Rents,4,9,1,11,5,SPECIALIST OFFICE VISIT,TIER 1 NETWORK,CO-PAY IN $,200,0,100,10,200,1,5,low,high,RISK,2
0,0,1,0,Salaried,1919,No,Owns,4,4,5,11,5,SPECIALIST OFFICE VISIT,TIER 1 NETWORK,CO-PAY IN $,100,0,200,10,200,1,5,low,high,RISK,2
0,0,0,0,Salaried,4671,Yes,Rents,7,1,2,11,5,SPECIALIST OFFICE VISIT,TIER 1 NETWORK,CO-PAY IN $,100,0,200,10,200,1,5,low,high,RISK,2
1,1,0,0,Bonus,1139,No,Owns,6,6,5,11,5,SPECIALIST OFFICE VISIT,TIER 1 NETWORK,CO-PAY IN $,0,10,200,100,200,1,5,low,high,RISK,2
0,1,1,0,Bonus,3085,No,Rents,3,1,13,11,5,SPECIALIST OFFICE VISIT,TIER 1 NETWORK,CO-PAY IN $,10,200,100,0,200,1,5,low,high,RISK,2
0,1,1,0,Salaried,912,Yes,Rents,9,3,4,11,5,SPECIALIST OFFICE VISIT,TIER 1 NETWORK,CO-PAY IN $,0,100,200,10,200,1,5,low,high,RISK,2
1,0,1,0,Hourly,3561,Yes,Owns,5,2,0,11,5,SPECIALIST OFFICE VISIT,TIER 1 NETWORK,CO-PAY IN $,0,100,200,10,200,1,5,low,high,RISK,2
1,1,0,0,Hourly,4350,No,Rents,2,5,12,11,5,SPECIALIST OFFICE VISIT,TIER 1 NETWORK,CO-PAY IN $,10,0,100,200,200,1,5,low,high,RISK,2
1,1,0,1,Salaried,3664,No,Owns,1,6,13,11,5,SPECIALIST OFFICE VISIT,TIER 1 NETWORK,CO-PAY IN $,10,0,100,200,200,1,5,low,high,RISK,2
0,0,0,0,Bonus,1972,Yes,Owns,9,4,5,11,5,SPECIALIST OFFICE VISIT,TIER 1 NETWORK,CO-PAY IN $,200,0,100,10,200,1,5,low,high,RISK,2
0,0,1,1,Salaried,1235,Yes,Rents,7,4,8,11,5,SPECIALIST OFFICE VISIT,TIER 1 NETWORK,CO-PAY IN $,10,0,100,200,200,1,5,low,high,RISK,2
0,1,0,0,Bonus,2294,Yes,Owns,4,9,4,11,5,SPECIALIST OFFICE VISIT,TIER 1 NETWORK,CO-PAY IN $,100,0,10,200,200,1,5,low,high,RISK,2
0,0,1,0,Salaried,4592,Yes,Rents,9,7,9,11,5,SPECIALIST OFFICE VISIT,TIER 1 NETWORK,CO-PAY IN $,100,10,0,200,200,1,5,low,high,RISK,2
0,0,0,1,Hourly,2183,Yes,Owns,1,5,23,11,5,SPECIALIST OFFICE VISIT,TIER 1 NETWORK,CO-PAY IN $,0,200,10,100,200,1,5,low,high,RISK,2
0,0,1,0,Salaried,1622,Yes,Rents,2,1,9,11,5,SPECIALIST OFFICE VISIT,TIER 1 NETWORK,CO-PAY IN $,200,100,10,0,200,1,5,low,high,RISK,2
0,1,0,1,Salaried,4259,Yes,Rents,1,8,6,11,5,SPECIALIST OFFICE VISIT,TIER 1 NETWORK,CO-PAY IN $,100,200,10,0,200,1,5,low,high,RISK,2
1,0,0,1,Salaried,4138,No,Owns,9,2,1,11,5,SPECIALIST OFFICE VISIT,TIER 1 NETWORK,CO-PAY IN $,200,100,10,0,200,1,5,low,high,RISK,2
1,0,0,1,Bonus,2742,No,Owns,10,10,2,11,5,SPECIALIST OFFICE VISIT,TIER 1 NETWORK,CO-PAY IN $,200,10,100,0,200,1,5,low,high,RISK,2
0,0,0,1,Bonus,4027,Yes,Rents,3,4,3,11,5,SPECIALIST OFFICE VISIT,TIER 1 NETWORK,CO-PAY IN $,100,200,0,10,200,1,5,low,high,RISK,2
1,0,0,0,Bonus,3643,No,Rents,8,2,25,11,5,SPECIALIST OFFICE VISIT,TIER 1 NETWORK,CO-PAY IN $,10,200,0,100,200,1,5,low,high,RISK,2
1,0,1,0,Salaried,1855,No,Rents,9,10,10,11,5,SPECIALIST OFFICE VISIT,TIER 1 NETWORK,CO-PAY IN $,10,0,100,200,200,1,5,low,high,RISK,2
0,1,0,0,Bonus,4199,No,Owns,7,7,6,11,5,SPECIALIST OFFICE VISIT,TIER 1 NETWORK,CO-PAY IN $,200,10,100,0,200,1,5,low,high,RISK,2
0,1,0,0,Salaried,358,No,Rents,5,5,5,11,5,SPECIALIST OFFICE VISIT,TIER 1 NETWORK,CO-PAY IN $,0,100,200,10,200,1,5,low,high,RISK,2
0,0,1,0,Salaried,2175,No,Owns,8,10,8,11,5,SPECIALIST OFFICE VISIT,TIER 1 NETWORK,CO-PAY IN $,200,10,0,100,200,1,5,low,high,RISK,2
0,1,0,0,Bonus,2804,No,Owns,4,0,4,11,5,SPECIALIST OFFICE VISIT,TIER 1 NETWORK,CO-PAY IN $,0,10,100,200,200,1,5,low,high,RISK,2
1,1,1,0,Bonus,2793,Yes,Owns,9,9,1,11,5,SPECIALIST OFFICE VISIT,TIER 1 NETWORK,CO-PAY IN $,200,100,10,0,200,1,5,low,high,RISK,2
1,0,1,0,Salaried,1366,No,Owns,7,4,5,11,5,SPECIALIST OFFICE VISIT,TIER 1 NETWORK,CO-PAY IN $,100,200,0,10,200,1,5,low,high,RISK,2
0,1,1,1,Salaried,3990,No,Rents,6,1,2,11,5,SPECIALIST OFFICE VISIT,TIER 1 NETWORK,CO-PAY IN $,10,200,100,0,200,1,5,low,high,RISK,2
0,0,0,0,Salaried,1625,No,Owns,8,6,5,11,5,SPECIALIST OFFICE VISIT,TIER 1 NETWORK,CO-PAY IN $,200,100,10,0,200,1,5,low,high,RISK,2
1,1,0,0,Hourly,1178,No,Owns,0,1,13,11,5,SPECIALIST OFFICE VISIT,TIER 1 NETWORK,CO-PAY IN $,100,0,200,10,200,1,5,low,high,RISK,2
0,0,0,0,Hourly,2665,No,Rents,2,3,4,11,5,SPECIALIST OFFICE VISIT,TIER 1 NETWORK,CO-PAY IN $,0,200,10,100,200,1,5,low,high,RISK,2
1,1,1,0,Hourly,4144,No,Owns,3,2,0,11,5,SPECIALIST OFFICE VISIT,TIER 1 NETWORK,CO-PAY IN $,200,0,100,10,200,1,5,low,high,RISK,2
0,0,1,0,Hourly,2547,Yes,Owns,7,5,12,11,5,SPECIALIST OFFICE VISIT,TIER 1 NETWORK,CO-PAY IN $,200,10,100,0,200,1,5,low,high,RISK,2
1,0,1,0,Hourly,152,Yes,Owns,8,6,13,11,5,SPECIALIST OFFICE VISIT,TIER 1 NETWORK,CO-PAY IN $,10,200,100,0,200,1,5,low,high,RISK,2
0,0,0,0,Bonus,2909,Yes,Rents,3,4,5,11,5,SPECIALIST OFFICE VISIT,TIER 1 NETWORK,CO-PAY IN $,0,10,100,200,200,1,5,low,high,RISK,2
1,1,0,0,Bonus,2404,Yes,Owns,5,4,8,11,5,SPECIALIST OFFICE VISIT,TIER 1 NETWORK,CO-PAY IN $,200,100,0,10,200,1,5,low,high,RISK,2
1,0,1,1,Bonus,144,Yes,Owns,4,9,4,11,5,SPECIALIST OFFICE VISIT,TIER 1 NETWORK,CO-PAY IN $,200,10,100,0,200,1,5,low,high,RISK,2
1,0,1,0,Hourly,2250,No,Owns,4,7,9,11,5,SPECIALIST OFFICE VISIT,TIER 1 NETWORK,CO-PAY IN $,10,200,100,0,200,1,5,low,high,RISK,2
1,0,0,0,Hourly,4826,No,Owns,4,5,23,11,5,SPECIALIST OFFICE VISIT,TIER 1 NETWORK,CO-PAY IN $,100,200,10,0,200,1,5,low,high,RISK,2
1,1,0,0,Salaried,792,No,Owns,5,1,9,11,5,SPECIALIST OFFICE VISIT,TIER 1 NETWORK,CO-PAY IN $,200,0,10,100,200,1,5,low,high,RISK,2
0,1,0,0,Hourly,3429,No,Rents,8,8,6,11,5,SPECIALIST OFFICE VISIT,TIER 1 NETWORK,CO-PAY IN $,100,200,10,0,200,1,5,low,high,RISK,2
0,1,0,0,Hourly,1596,Yes,Owns,5,2,1,11,5,SPECIALIST OFFICE VISIT,TIER 1 NETWORK,CO-PAY IN $,0,200,100,10,200,1,5,low,high,RISK,2
1,1,1,0,Salaried,83,Yes,Owns,2,10,2,11,5,SPECIALIST OFFICE VISIT,TIER 1 NETWORK,CO-PAY IN $,10,0,100,200,200,1,5,low,high,RISK,2
1,1,0,1,Salaried,3601,No,Owns,1,4,3,11,5,SPECIALIST OFFICE VISIT,TIER 1 NETWORK,CO-PAY IN $,100,0,10,200,200,1,5,low,high,RISK,2
0,0,0,1,Bonus,861,No,Owns,8,2,25,11,5,SPECIALIST OFFICE VISIT,TIER 1 NETWORK,CO-PAY IN $,200,10,0,100,200,1,5,low,high,RISK,2
0,1,1,1,Salaried,2240,Yes,Rents,8,10,10,11,5,SPECIALIST OFFICE VISIT,TIER 1 NETWORK,CO-PAY IN $,10,100,200,0,200,1,5,low,high,RISK,2
0,0,0,0,Hourly,2384,No,Rents,1,7,6,11,5,SPECIALIST OFFICE VISIT,TIER 1 NETWORK,CO-PAY IN $,10,100,200,0,200,1,5,low,high,RISK,2
0,0,0,0,Bonus,2363,Yes,Rents,6,5,5,11,5,SPECIALIST OFFICE VISIT,TIER 1 NETWORK,CO-PAY IN $,200,0,100,10,200,1,5,low,high,RISK,2
0,0,1,0,Salaried,4539,No,Owns,3,10,8,11,5,SPECIALIST OFFICE VISIT,TIER 1 NETWORK,CO-PAY IN $,100,0,200,10,200,1,5,low,high,RISK,2
0,0,0,0,Bonus,489,No,Rents,3,0,4,11,5,SPECIALIST OFFICE VISIT,TIER 1 NETWORK,CO-PAY IN $,10,200,100,0,200,1,5,low,high,RISK,2
0,1,0,1,Bonus,4623,Yes,Owns,2,9,1,11,5,SPECIALIST OFFICE VISIT,TIER 1 NETWORK,CO-PAY IN $,10,100,200,0,200,1,5,low,high,RISK,2
0,0,0,0,Salaried,153,Yes,Owns,0,4,5,11,5,SPECIALIST OFFICE VISIT,TIER 1 NETWORK,CO-PAY IN $,10,100,0,200,200,1,5,low,high,RISK,2
0,1,1,0,Salaried,3954,No,Owns,1,1,2,11,5,SPECIALIST OFFICE VISIT,TIER 1 NETWORK,CO-PAY IN $,10,200,0,100,200,1,5,low,high,RISK,2
0,0,0,0,Salaried,4742,No,Rents,0,6,5,11,5,SPECIALIST OFFICE VISIT,TIER 1 NETWORK,CO-PAY IN $,100,200,0,10,200,1,5,low,high,RISK,2
0,0,0,0,Hourly,3289,No,Rents,8,1,13,11,5,SPECIALIST OFFICE VISIT,TIER 1 NETWORK,CO-PAY IN $,0,10,200,100,200,1,5,low,high,RISK,2
0,0,0,0,Bonus,3409,Yes,Rents,6,3,4,11,5,SPECIALIST OFFICE VISIT,TIER 1 NETWORK,CO-PAY IN $,200,10,100,0,200,1,5,low,high,RISK,2
0,0,1,0,Bonus,3179,No,Rents,2,2,0,11,5,SPECIALIST OFFICE VISIT,TIER 1 NETWORK,CO-PAY IN $,10,100,200,0,200,1,5,low,high,RISK,2
0,0,0,0,Bonus,4271,No,Rents,3,5,12,11,5,SPECIALIST OFFICE VISIT,TIER 1 NETWORK,CO-PAY IN $,0,10,200,100,200,1,5,low,high,RISK,2
0,0,0,0,Hourly,4605,Yes,Rents,4,6,13,11,5,SPECIALIST OFFICE VISIT,TIER 1 NETWORK,CO-PAY IN $,10,0,200,100,200,1,5,low,high,RISK,2
0,1,1,1,Salaried,3042,Yes,Rents,1,4,5,11,5,SPECIALIST OFFICE VISIT,TIER 1 NETWORK,CO-PAY IN $,200,0,100,10,200,1,5,low,high,RISK,2
0,0,0,1,Salaried,2062,No,Rents,2,9,4,11,5,SPECIALIST OFFICE VISIT,TIER 1 NETWORK,CO-PAY IN $,10,0,200,100,200,1,5,low,high,RISK,2
1,0,1,1,Bonus,1962,No,Rents,0,7,9,11,5,SPECIALIST OFFICE VISIT,TIER 1 NETWORK,CO-PAY IN $,200,0,10,100,200,1,5,low,high,RISK,2
0,0,0,0,Bonus,1006,No,Owns,5,5,23,11,5,SPECIALIST OFFICE VISIT,TIER 1 NETWORK,CO-PAY IN $,100,10,200,0,200,1,5,low,high,RISK,2
0,1,0,1,Salaried,4555,No,Rents,2,1,9,11,5,SPECIALIST OFFICE VISIT,TIER 1 NETWORK,CO-PAY IN $,10,0,100,200,200,1,5,low,high,RISK,2
1,0,1,0,Bonus,458,No,Rents,4,8,6,11,5,SPECIALIST OFFICE VISIT,TIER 1 NETWORK,CO-PAY IN $,200,100,10,0,200,1,5,low,high,RISK,2
1,0,1,0,Hourly,1593,No,Owns,0,2,1,11,5,SPECIALIST OFFICE VISIT,TIER 1 NETWORK,CO-PAY IN $,10,200,0,100,200,1,5,low,high,RISK,2
0,1,0,0,Hourly,4519,Yes,Owns,4,10,2,11,5,SPECIALIST OFFICE VISIT,TIER 1 NETWORK,CO-PAY IN $,100,200,0,10,200,1,5,low,high,RISK,2
0,1,0,0,Bonus,2639,No,Rents,0,4,3,11,5,SPECIALIST OFFICE VISIT,TIER 1 NETWORK,CO-PAY IN $,100,10,0,200,200,1,5,low,high,RISK,2
0,0,1,0,Hourly,2563,Yes,Rents,8,2,25,11,5,SPECIALIST OFFICE VISIT,TIER 1 NETWORK,CO-PAY IN $,0,100,10,200,200,1,5,low,high,RISK,2
0,0,1,1,Bonus,2810,Yes,Owns,8,10,10,11,5,SPECIALIST OFFICE VISIT,TIER 1 NETWORK,CO-PAY IN $,100,0,10,200,200,1,5,low,high,RISK,2
0,0,0,1,Hourly,2954,Yes,Owns,10,7,6,11,5,SPECIALIST OFFICE VISIT,TIER 1 NETWORK,CO-PAY IN $,10,0,100,200,200,1,5,low,high,RISK,2
0,0,1,0,Hourly,2299,Yes,Owns,6,5,5,11,5,SPECIALIST OFFICE VISIT,TIER 1 NETWORK,CO-PAY IN $,10,0,200,100,200,1,5,low,high,RISK,2
0,0,1,1,Hourly,1155,No,Rents,1,10,8,11,5,SPECIALIST OFFICE VISIT,TIER 1 NETWORK,CO-PAY IN $,10,200,100,0,200,1,5,low,high,RISK,2
1,0,1,0,Bonus,1856,Yes,Rents,7,0,4,11,5,SPECIALIST OFFICE VISIT,TIER 1 NETWORK,CO-PAY IN $,200,0,10,100,200,1,5,low,high,RISK,2
1,1,0,0,Salaried,3352,Yes,Rents,1,9,1,11,5,SPECIALIST OFFICE VISIT,TIER 1 NETWORK,CO-PAY IN $,0,200,100,10,200,1,5,low,high,RISK,2
1,0,0,0,Hourly,3735,Yes,Owns,8,4,5,11,5,SPECIALIST OFFICE VISIT,TIER 1 NETWORK,CO-PAY IN $,200,10,0,100,200,1,5,low,high,RISK,2
1,0,0,1,Salaried,1125,Yes,Rents,1,1,2,11,5,SPECIALIST OFFICE VISIT,TIER 1 NETWORK,CO-PAY IN $,0,200,10,100,200,1,5,low,high,RISK,2
1,0,1,0,Bonus,4695,No,Owns,0,6,5,11,5,SPECIALIST OFFICE VISIT,TIER 1 NETWORK,CO-PAY IN $,100,200,10,0,200,1,5,low,high,RISK,2
0,0,0,1,Salaried,1210,No,Rents,9,1,13,11,5,SPECIALIST OFFICE VISIT,TIER 1 NETWORK,CO-PAY IN $,10,0,200,100,200,1,5,low,high,RISK,2
1,1,1,0,Bonus,3149,No,Owns,1,3,4,11,5,SPECIALIST OFFICE VISIT,TIER 1 NETWORK,CO-PAY IN $,100,0,200,10,200,1,5,low,high,RISK,2
1,0,0,0,Bonus,3757,No,Rents,1,2,0,11,5,SPECIALIST OFFICE VISIT,TIER 1 NETWORK,CO-PAY IN $,200,0,100,10,200,1,5,low,high,RISK,2
1,0,1,1,Salaried,4038,Yes,Rents,5,5,12,11,5,SPECIALIST OFFICE VISIT,TIER 1 NETWORK,CO-PAY IN $,0,100,200,10,200,1,5,low,high,RISK,2
0,0,0,1,Bonus,381,No,Owns,2,6,13,11,5,SPECIALIST OFFICE VISIT,TIER 1 NETWORK,CO-PAY IN $,100,200,10,0,200,1,5,low,high,RISK,2
0,0,0,0,Hourly,2879,Yes,Rents,9,4,5,11,5,SPECIALIST OFFICE VISIT,TIER 1 NETWORK,CO-PAY IN $,200,10,0,100,200,1,5,low,high,RISK,2
0,1,0,0,Hourly,2246,No,Owns,9,4,8,11,5,SPECIALIST OFFICE VISIT,TIER 1 NETWORK,CO-PAY IN $,200,100,10,0,200,1,5,low,high,RISK,2
0,1,0,0,Hourly,3337,No,Rents,1,9,4,11,5,SPECIALIST OFFICE VISIT,TIER 1 NETWORK,CO-PAY IN $,200,10,100,0,200,1,5,low,high,RISK,2
1,0,0,0,Hourly,874,No,Owns,9,7,9,11,5,SPECIALIST OFFICE VISIT,TIER 1 NETWORK,CO-PAY IN $,200,0,100,10,200,1,5,low,high,RISK,2
0,1,0,0,Hourly,4470,Yes,Owns,0,5,23,11,5,SPECIALIST OFFICE VISIT,TIER 1 NETWORK,CO-PAY IN $,200,100,10,0,200,1,5,low,high,RISK,2
1,0,1,0,Hourly,3252,Yes,Owns,4,1,9,11,5,SPECIALIST OFFICE VISIT,TIER 1 NETWORK,CO-PAY IN $,200,10,0,100,200,1,5,low,high,RISK,2
0,1,0,0,Hourly,176,Yes,Rents,3,8,6,11,5,SPECIALIST OFFICE VISIT,TIER 1 NETWORK,CO-PAY IN $,200,100,0,10,200,1,5,low,high,RISK,2
0,0,1,0,Hourly,3681,Yes,Owns,1,2,1,11,5,SPECIALIST OFFICE VISIT,TIER 1 NETWORK,CO-PAY IN $,0,10,100,200,200,1,5,low,high,RISK,2
0,1,1,1,Hourly,1019,Yes,Owns,8,10,2,11,5,SPECIALIST OFFICE VISIT,TIER 1 NETWORK,CO-PAY IN $,10,100,200,0,200,1,5,low,high,RISK,2
0,1,1,0,Bonus,4493,Yes,Owns,10,4,3,11,5,SPECIALIST OFFICE VISIT,TIER 1 NETWORK,CO-PAY IN $,200,0,100,10,200,1,5,low,high,RISK,2
0,1,1,0,Salaried,1012,Yes,Owns,8,2,25,11,5,SPECIALIST OFFICE VISIT,TIER 1 NETWORK,CO-PAY IN $,100,0,200,10,200,1,5,low,high,RISK,2
0,0,0,0,Bonus,1248,Yes,Rents,1,10,10,11,5,SPECIALIST OFFICE VISIT,TIER 1 NETWORK,CO-PAY IN $,200,10,0,100,200,1,5,low,high,RISK,2
0,0,0,0,Salaried,1214,No,Owns,1,7,6,11,5,SPECIALIST OFFICE VISIT,TIER 1 NETWORK,CO-PAY IN $,200,10,0,100,200,1,5,low,high,RISK,2
1,0,0,0,Salaried,2852,Yes,Rents,1,5,5,11,5,SPECIALIST OFFICE VISIT,TIER 1 NETWORK,CO-PAY IN $,200,10,100,0,200,1,5,low,high,RISK,2
0,0,0,0,Bonus,1440,Yes,Owns,4,10,8,11,5,SPECIALIST OFFICE VISIT,TIER 1 NETWORK,CO-PAY IN $,100,0,10,200,200,1,5,low,high,RISK,2
1,0,1,0,Bonus,2951,No,Owns,4,0,4,11,5,SPECIALIST OFFICE VISIT,TIER 1 NETWORK,CO-PAY IN $,0,10,200,100,200,1,5,low,high,RISK,2
2,1,0,2,Salaried,4377,No,Rents,10,19,27,11,6,SPECIALIST OFFICE VISIT,TIER 1 NETWORK,CO-PAY IN $,10,100,0,200,100,2,10,low,high,RISK,2
0,1,1,0,Salaried,1919,No,Owns,10,15,31,11,6,SPECIALIST OFFICE VISIT,TIER 1 NETWORK,CO-PAY IN $,10,100,200,0,100,2,10,low,high,RISK,2
1,1,0,0,Salaried,4671,Yes,Rents,15,12,28,11,6,SPECIALIST OFFICE VISIT,TIER 1 NETWORK,CO-PAY IN $,200,10,0,100,100,2,10,low,high,RISK,2
2,1,0,0,Bonus,1139,No,Owns,13,16,31,11,6,SPECIALIST OFFICE VISIT,TIER 1 NETWORK,CO-PAY IN $,100,10,0,200,100,2,10,low,high,RISK,2
1,1,2,1,Bonus,3085,No,Rents,9,12,39,11,6,SPECIALIST OFFICE VISIT,TIER 1 NETWORK,CO-PAY IN $,200,10,100,0,100,2,10,low,high,RISK,2
0,1,2,0,Salaried,912,Yes,Rents,16,14,30,11,6,SPECIALIST OFFICE VISIT,TIER 1 NETWORK,CO-PAY IN $,200,100,0,10,100,2,10,low,high,RISK,2
1,0,2,1,Hourly,3561,Yes,Owns,12,13,26,11,6,SPECIALIST OFFICE VISIT,TIER 1 NETWORK,CO-PAY IN $,100,200,10,0,100,2,10,low,high,RISK,2
1,2,0,0,Hourly,4350,No,Rents,7,16,37,11,6,SPECIALIST OFFICE VISIT,TIER 1 NETWORK,CO-PAY IN $,10,100,200,0,100,2,10,low,high,RISK,2
2,2,1,2,Salaried,3664,No,Owns,7,16,39,11,6,SPECIALIST OFFICE VISIT,TIER 1 NETWORK,CO-PAY IN $,10,0,100,200,100,2,10,low,high,RISK,2
0,0,0,1,Bonus,1972,Yes,Owns,17,14,30,11,6,SPECIALIST OFFICE VISIT,TIER 1 NETWORK,CO-PAY IN $,10,0,200,100,100,2,10,low,high,RISK,2
1,0,2,2,Salaried,1235,Yes,Rents,14,14,34,11,6,SPECIALIST OFFICE VISIT,TIER 1 NETWORK,CO-PAY IN $,100,200,0,10,100,2,10,low,high,RISK,2
0,2,0,1,Bonus,2294,Yes,Owns,10,19,30,11,6,SPECIALIST OFFICE VISIT,TIER 1 NETWORK,CO-PAY IN $,10,0,200,100,100,2,10,low,high,RISK,2
0,1,2,0,Salaried,4592,Yes,Rents,16,17,35,11,6,SPECIALIST OFFICE VISIT,TIER 1 NETWORK,CO-PAY IN $,100,0,200,10,100,2,10,low,high,RISK,2
0,0,1,1,Hourly,2183,Yes,Owns,6,15,48,11,6,SPECIALIST OFFICE VISIT,TIER 1 NETWORK,CO-PAY IN $,100,200,10,0,100,2,10,low,high,RISK,2
1,1,2,1,Salaried,1622,Yes,Rents,8,12,35,11,6,SPECIALIST OFFICE VISIT,TIER 1 NETWORK,CO-PAY IN $,0,200,10,100,100,2,10,low,high,RISK,2
1,2,1,2,Salaried,4259,Yes,Rents,6,18,32,11,6,SPECIALIST OFFICE VISIT,TIER 1 NETWORK,CO-PAY IN $,0,100,200,10,100,2,10,low,high,RISK,2
2,1,1,2,Salaried,4138,No,Owns,17,13,27,11,6,SPECIALIST OFFICE VISIT,TIER 1 NETWORK,CO-PAY IN $,100,10,200,0,100,2,10,low,high,RISK,2
2,0,1,2,Bonus,2742,No,Owns,17,20,28,11,6,SPECIALIST OFFICE VISIT,TIER 1 NETWORK,CO-PAY IN $,100,10,0,200,100,2,10,low,high,RISK,2
1,1,0,2,Bonus,4027,Yes,Rents,8,14,29,11,6,SPECIALIST OFFICE VISIT,TIER 1 NETWORK,CO-PAY IN $,10,100,0,200,100,2,10,low,high,RISK,2
1,1,0,0,Bonus,3643,No,Rents,16,13,50,11,6,SPECIALIST OFFICE VISIT,TIER 1 NETWORK,CO-PAY IN $,0,100,200,10,100,2,10,low,high,RISK,2
1,0,2,0,Salaried,1855,No,Rents,17,20,35,11,6,SPECIALIST OFFICE VISIT,TIER 1 NETWORK,CO-PAY IN $,100,10,0,200,100,2,10,low,high,RISK,2
1,2,0,1,Bonus,4199,No,Owns,14,17,32,11,6,SPECIALIST OFFICE VISIT,TIER 1 NETWORK,CO-PAY IN $,10,100,0,200,100,2,10,low,high,RISK,2
0,2,1,0,Salaried,358,No,Rents,12,16,31,11,6,SPECIALIST OFFICE VISIT,TIER 1 NETWORK,CO-PAY IN $,200,10,0,100,100,2,10,low,high,RISK,2
1,1,1,1,Salaried,2175,No,Owns,16,20,34,11,6,SPECIALIST OFFICE VISIT,TIER 1 NETWORK,CO-PAY IN $,10,100,200,0,100,2,10,low,high,RISK,2
1,1,0,0,Bonus,2804,No,Owns,11,11,30,11,6,SPECIALIST OFFICE VISIT,TIER 1 NETWORK,CO-PAY IN $,100,200,0,10,100,2,10,low,high,RISK,2
2,1,2,1,Bonus,2793,Yes,Owns,17,19,27,11,6,SPECIALIST OFFICE VISIT,TIER 1 NETWORK,CO-PAY IN $,0,200,10,100,100,2,10,low,high,RISK,2
2,0,2,0,Salaried,1366,No,Owns,14,15,31,11,6,SPECIALIST OFFICE VISIT,TIER 1 NETWORK,CO-PAY IN $,0,10,200,100,100,2,10,low,high,RISK,2
0,1,1,2,Salaried,3990,No,Rents,13,12,28,11,6,SPECIALIST OFFICE VISIT,TIER 1 NETWORK,CO-PAY IN $,10,200,100,0,100,2,10,low,high,RISK,2
0,1,1,0,Salaried,1625,No,Owns,16,16,31,11,6,SPECIALIST OFFICE VISIT,TIER 1 NETWORK,CO-PAY IN $,0,200,10,100,100,2,10,low,high,RISK,2
1,2,0,0,Hourly,1178,No,Owns,5,12,39,11,6,SPECIALIST OFFICE VISIT,TIER 1 NETWORK,CO-PAY IN $,10,200,0,100,100,2,10,low,high,RISK,2
1,1,0,0,Hourly,2665,No,Rents,8,14,30,11,6,SPECIALIST OFFICE VISIT,TIER 1 NETWORK,CO-PAY IN $,0,100,200,10,100,2,10,low,high,RISK,2
1,1,2,0,Hourly,4144,No,Owns,9,13,26,11,6,SPECIALIST OFFICE VISIT,TIER 1 NETWORK,CO-PAY IN $,0,100,10,200,100,2,10,low,high,RISK,2
1,1,2,0,Hourly,2547,Yes,Owns,14,16,37,11,6,SPECIALIST OFFICE VISIT,TIER 1 NETWORK,CO-PAY IN $,100,200,10,0,100,2,10,low,high,RISK,2
1,1,1,0,Hourly,152,Yes,Owns,15,16,39,11,6,SPECIALIST OFFICE VISIT,TIER 1 NETWORK,CO-PAY IN $,200,100,0,10,100,2,10,low,high,RISK,2
0,0,0,0,Bonus,2909,Yes,Rents,9,14,30,11,6,SPECIALIST OFFICE VISIT,TIER 1 NETWORK,CO-PAY IN $,10,100,0,200,100,2,10,low,high,RISK,2
2,2,1,1,Bonus,2404,Yes,Owns,11,14,34,11,6,SPECIALIST OFFICE VISIT,TIER 1 NETWORK,CO-PAY IN $,10,100,0,200,100,2,10,low,high,RISK,2
2,0,1,2,Bonus,144,Yes,Owns,10,19,30,11,6,SPECIALIST OFFICE VISIT,TIER 1 NETWORK,CO-PAY IN $,100,10,0,200,100,2,10,low,high,RISK,2
2,0,1,0,Hourly,2250,No,Owns,11,17,35,11,6,SPECIALIST OFFICE VISIT,TIER 1 NETWORK,CO-PAY IN $,100,10,200,0,100,2,10,low,high,RISK,2
2,0,0,0,Hourly,4826,No,Owns,10,15,48,11,6,SPECIALIST OFFICE VISIT,TIER 1 NETWORK,CO-PAY IN $,10,100,200,0,100,2,10,low,high,RISK,2
1,1,0,0,Salaried,792,No,Owns,12,12,35,11,6,SPECIALIST OFFICE VISIT,TIER 1 NETWORK,CO-PAY IN $,200,0,100,10,100,2,10,low,high,RISK,2
0,2,0,1,Hourly,3429,No,Rents,15,18,32,11,6,SPECIALIST OFFICE VISIT,TIER 1 NETWORK,CO-PAY IN $,0,200,100,10,100,2,10,low,high,RISK,2
0,2,0,1,Hourly,1596,Yes,Owns,11,13,27,11,6,SPECIALIST OFFICE VISIT,TIER 1 NETWORK,CO-PAY IN $,100,0,10,200,100,2,10,low,high,RISK,2
1,1,2,0,Salaried,83,Yes,Owns,7,20,28,11,6,SPECIALIST OFFICE VISIT,TIER 1 NETWORK,CO-PAY IN $,10,0,200,100,100,2,10,low,high,RISK,2
1,2,0,2,Salaried,3601,No,Owns,6,14,29,11,6,SPECIALIST OFFICE VISIT,TIER 1 NETWORK,CO-PAY IN $,200,10,100,0,100,2,10,low,high,RISK,2
1,1,0,1,Bonus,861,No,Owns,15,13,50,11,6,SPECIALIST OFFICE VISIT,TIER 1 NETWORK,CO-PAY IN $,0,10,200,100,100,2,10,low,high,RISK,2
0,2,2,2,Salaried,2240,Yes,Rents,15,20,35,11,6,SPECIALIST OFFICE VISIT,TIER 1 NETWORK,CO-PAY IN $,0,200,10,100,100,2,10,low,high,RISK,2
1,0,0,0,Hourly,2384,No,Rents,6,17,32,11,6,SPECIALIST OFFICE VISIT,TIER 1 NETWORK,CO-PAY IN $,0,100,10,200,100,2,10,low,high,RISK,2
0,0,0,0,Bonus,2363,Yes,Rents,12,16,31,11,6,SPECIALIST OFFICE VISIT,TIER 1 NETWORK,CO-PAY IN $,10,200,0,100,100,2,10,low,high,RISK,2
1,1,2,0,Salaried,4539,No,Owns,10,20,34,11,6,SPECIALIST OFFICE VISIT,TIER 1 NETWORK,CO-PAY IN $,10,100,200,0,100,2,10,low,high,RISK,2
1,1,0,0,Bonus,489,No,Rents,9,11,30,11,6,SPECIALIST OFFICE VISIT,TIER 1 NETWORK,CO-PAY IN $,10,0,200,100,100,2,10,low,high,RISK,2
1,2,0,2,Bonus,4623,Yes,Owns,7,19,27,11,6,SPECIALIST OFFICE VISIT,TIER 1 NETWORK,CO-PAY IN $,100,0,10,200,100,2,10,low,high,RISK,2
1,0,0,0,Salaried,153,Yes,Owns,5,15,31,11,6,SPECIALIST OFFICE VISIT,TIER 1 NETWORK,CO-PAY IN $,100,0,10,200,100,2,10,low,high,RISK,2
0,2,2,1,Salaried,3954,No,Owns,6,12,28,11,6,SPECIALIST OFFICE VISIT,TIER 1 NETWORK,CO-PAY IN $,200,100,0,10,100,2,10,low,high,RISK,2
0,1,0,0,Salaried,4742,No,Rents,5,16,31,11,6,SPECIALIST OFFICE VISIT,TIER 1 NETWORK,CO-PAY IN $,200,10,0,100,100,2,10,low,high,RISK,2
0,0,0,1,Hourly,3289,No,Rents,15,12,39,11,6,SPECIALIST OFFICE VISIT,TIER 1 NETWORK,CO-PAY IN $,200,0,10,100,100,2,10,low,high,RISK,2
0,0,1,1,Bonus,3409,Yes,Rents,13,14,30,11,6,SPECIALIST OFFICE VISIT,TIER 1 NETWORK,CO-PAY IN $,10,0,200,100,100,2,10,low,high,RISK,2
0,0,2,1,Bonus,3179,No,Rents,8,13,26,11,6,SPECIALIST OFFICE VISIT,TIER 1 NETWORK,CO-PAY IN $,200,100,10,0,100,2,10,low,high,RISK,2
0,0,0,1,Bonus,4271,No,Rents,9,16,37,11,6,SPECIALIST OFFICE VISIT,TIER 1 NETWORK,CO-PAY IN $,10,0,100,200,100,2,10,low,high,RISK,2
0,0,0,0,Hourly,4605,Yes,Rents,10,16,39,11,6,SPECIALIST OFFICE VISIT,TIER 1 NETWORK,CO-PAY IN $,100,10,0,200,100,2,10,low,high,RISK,2
0,2,2,2,Salaried,3042,Yes,Rents,6,14,30,11,6,SPECIALIST OFFICE VISIT,TIER 1 NETWORK,CO-PAY IN $,200,10,0,100,100,2,10,low,high,RISK,2
0,2,2,0,Hourly,170,No,Rents,16,14,34,11,6,SPECIALIST OFFICE VISIT,TIER 1 NETWORK,CO-PAY IN $,10,0,200,100,100,2,10,low,high,RISK,2
0,1,0,2,Salaried,2062,No,Rents,7,19,30,11,6,SPECIALIST OFFICE VISIT,TIER 1 NETWORK,CO-PAY IN $,0,10,100,200,100,2,10,low,high,RISK,2
1,1,2,2,Bonus,1962,No,Rents,5,17,35,11,6,SPECIALIST OFFICE VISIT,TIER 1 NETWORK,CO-PAY IN $,0,100,200,10,100,2,10,low,high,RISK,2
0,0,0,0,Bonus,1006,No,Owns,11,15,48,11,6,SPECIALIST OFFICE VISIT,TIER 1 NETWORK,CO-PAY IN $,200,10,0,100,100,2,10,low,high,RISK,2
0,2,1,2,Salaried,4555,No,Rents,8,12,35,11,6,SPECIALIST OFFICE VISIT,TIER 1 NETWORK,CO-PAY IN $,100,200,0,10,100,2,10,low,high,RISK,2
2,1,1,0,Bonus,458,No,Rents,10,18,32,11,6,SPECIALIST OFFICE VISIT,TIER 1 NETWORK,CO-PAY IN $,100,10,0,200,100,2,10,low,high,RISK,2
2,0,2,1,Hourly,1593,No,Owns,5,13,27,11,6,SPECIALIST OFFICE VISIT,TIER 1 NETWORK,CO-PAY IN $,10,0,100,200,100,2,10,low,high,RISK,2
0,2,0,1,Hourly,4519,Yes,Owns,11,20,28,11,6,SPECIALIST OFFICE VISIT,TIER 1 NETWORK,CO-PAY IN $,200,100,10,0,100,2,10,low,high,RISK,2
0,1,0,0,Bonus,2639,No,Rents,5,14,29,11,6,SPECIALIST OFFICE VISIT,TIER 1 NETWORK,CO-PAY IN $,0,200,100,10,100,2,10,low,high,RISK,2
0,0,2,1,Hourly,2563,Yes,Rents,15,13,50,11,6,SPECIALIST OFFICE VISIT,TIER 1 NETWORK,CO-PAY IN $,100,0,10,200,100,2,10,low,high,RISK,2
0,1,2,1,Bonus,2810,Yes,Owns,15,20,35,11,6,SPECIALIST OFFICE VISIT,TIER 1 NETWORK,CO-PAY IN $,200,0,100,10,100,2,10,low,high,RISK,2
1,1,0,1,Hourly,2954,Yes,Owns,18,17,32,11,6,SPECIALIST OFFICE VISIT,TIER 1 NETWORK,CO-PAY IN $,0,100,200,10,100,2,10,low,high,RISK,2
1,0,2,0,Hourly,2299,Yes,Owns,13,16,31,11,6,SPECIALIST OFFICE VISIT,TIER 1 NETWORK,CO-PAY IN $,10,0,100,200,100,2,10,low,high,RISK,2
0,0,1,2,Hourly,1155,No,Rents,6,20,34,11,6,SPECIALIST OFFICE VISIT,TIER 1 NETWORK,CO-PAY IN $,200,0,100,10,100,2,10,low,high,RISK,2
1,0,2,0,Bonus,1856,Yes,Rents,14,11,30,11,6,SPECIALIST OFFICE VISIT,TIER 1 NETWORK,CO-PAY IN $,0,200,10,100,100,2,10,low,high,RISK,2
2,1,1,0,Salaried,3352,Yes,Rents,6,19,27,11,6,SPECIALIST OFFICE VISIT,TIER 1 NETWORK,CO-PAY IN $,10,200,0,100,100,2,10,low,high,RISK,2
2,0,0,1,Hourly,3735,Yes,Owns,15,15,31,11,6,SPECIALIST OFFICE VISIT,TIER 1 NETWORK,CO-PAY IN $,0,200,100,10,100,2,10,low,high,RISK,2
2,1,0,2,Salaried,1125,Yes,Rents,6,12,28,11,6,SPECIALIST OFFICE VISIT,TIER 1 NETWORK,CO-PAY IN $,200,10,0,100,100,2,10,low,high,RISK,2
2,0,1,0,Bonus,4695,No,Owns,5,16,31,11,6,SPECIALIST OFFICE VISIT,TIER 1 NETWORK,CO-PAY IN $,200,10,100,0,100,2,10,low,high,RISK,2
1,1,1,1,Salaried,1210,No,Rents,17,12,39,11,6,SPECIALIST OFFICE VISIT,TIER 1 NETWORK,CO-PAY IN $,200,10,100,0,100,2,10,low,high,RISK,2
1,2,1,0,Bonus,3149,No,Owns,6,14,30,11,6,SPECIALIST OFFICE VISIT,TIER 1 NETWORK,CO-PAY IN $,10,200,100,0,100,2,10,low,high,RISK,2
1,1,1,1,Bonus,3757,No,Rents,6,13,26,11,6,SPECIALIST OFFICE VISIT,TIER 1 NETWORK,CO-PAY IN $,0,100,10,200,100,2,10,low,high,RISK,2
1,0,2,1,Salaried,4038,Yes,Rents,12,16,37,11,6,SPECIALIST OFFICE VISIT,TIER 1 NETWORK,CO-PAY IN $,0,10,200,100,100,2,10,low,high,RISK,2
0,0,0,2,Bonus,381,No,Owns,8,16,39,11,6,SPECIALIST OFFICE VISIT,TIER 1 NETWORK,CO-PAY IN $,0,200,100,10,100,2,10,low,high,RISK,2
0,0,1,1,Hourly,2879,Yes,Rents,16,14,30,11,6,SPECIALIST OFFICE VISIT,TIER 1 NETWORK,CO-PAY IN $,10,0,200,100,100,2,10,low,high,RISK,2
1,2,0,0,Hourly,2246,No,Owns,17,14,34,11,6,SPECIALIST OFFICE VISIT,TIER 1 NETWORK,CO-PAY IN $,100,200,0,10,100,2,10,low,high,RISK,2
0,2,1,0,Hourly,3337,No,Rents,7,19,30,11,6,SPECIALIST OFFICE VISIT,TIER 1 NETWORK,CO-PAY IN $,100,200,10,0,100,2,10,low,high,RISK,2
1,1,1,1,Hourly,874,No,Owns,17,17,35,11,6,SPECIALIST OFFICE VISIT,TIER 1 NETWORK,CO-PAY IN $,100,200,0,10,100,2,10,low,high,RISK,2
0,1,0,0,Hourly,4470,Yes,Owns,6,15,48,11,6,SPECIALIST OFFICE VISIT,TIER 1 NETWORK,CO-PAY IN $,200,0,10,100,100,2,10,low,high,RISK,2
2,0,1,1,Hourly,3252,Yes,Owns,10,12,35,11,6,SPECIALIST OFFICE VISIT,TIER 1 NETWORK,CO-PAY IN $,100,10,200,0,100,2,10,low,high,RISK,2
0,2,0,1,Hourly,176,Yes,Rents,9,18,32,11,6,SPECIALIST OFFICE VISIT,TIER 1 NETWORK,CO-PAY IN $,200,0,100,10,100,2,10,low,high,RISK,2
1,0,2,0,Hourly,3681,Yes,Owns,6,13,27,11,6,SPECIALIST OFFICE VISIT,TIER 1 NETWORK,CO-PAY IN $,100,0,10,200,100,2,10,low,high,RISK,2
1,2,1,2,Hourly,1019,Yes,Owns,15,20,28,11,6,SPECIALIST OFFICE VISIT,TIER 1 NETWORK,CO-PAY IN $,10,200,0,100,100,2,10,low,high,RISK,2
1,2,1,1,Bonus,4493,Yes,Owns,18,14,29,11,6,SPECIALIST OFFICE VISIT,TIER 1 NETWORK,CO-PAY IN $,200,0,10,100,100,2,10,low,high,RISK,2
1,2,2,0,Salaried,1012,Yes,Owns,15,13,50,11,6,SPECIALIST OFFICE VISIT,TIER 1 NETWORK,CO-PAY IN $,10,200,0,100,100,2,10,low,high,RISK,2
0,0,1,1,Bonus,1248,Yes,Rents,7,20,35,11,6,SPECIALIST OFFICE VISIT,TIER 1 NETWORK,CO-PAY IN $,100,0,10,200,100,2,10,low,high,RISK,2
0,0,1,0,Salaried,1214,No,Owns,6,17,32,11,6,SPECIALIST OFFICE VISIT,TIER 1 NETWORK,CO-PAY IN $,200,10,100,0,100,2,10,low,high,RISK,2
1,0,1,0,Salaried,2852,Yes,Rents,6,16,31,11,6,SPECIALIST OFFICE VISIT,TIER 1 NETWORK,CO-PAY IN $,0,100,200,10,100,2,10,low,high,RISK,2
1,0,0,0,Bonus,1440,Yes,Owns,10,20,34,11,6,SPECIALIST OFFICE VISIT,TIER 1 NETWORK,CO-PAY IN $,100,0,10,200,100,2,10,low,high,RISK,2
1,0,1,0,Bonus,2951,No,Owns,11,11,30,11,6,SPECIALIST OFFICE VISIT,TIER 1 NETWORK,CO-PAY IN $,200,10,100,0,100,2,10,low,high,RISK,2
3,2,1,3,Salaried,4377,No,Rents,24,48,52,11,7,SPECIALIST OFFICE VISIT,TIER 1 NETWORK,CO-PAY IN $,200,10,0,100,100,2,20,low,high,RISK,2
1,1,2,1,Salaried,1919,No,Owns,25,33,56,11,7,SPECIALIST OFFICE VISIT,TIER 1 NETWORK,CO-PAY IN $,200,100,0,10,100,2,20,low,high,RISK,2
2,2,1,1,Salaried,4671,Yes,Rents,33,23,53,11,7,SPECIALIST OFFICE VISIT,TIER 1 NETWORK,CO-PAY IN $,200,100,10,0,100,2,20,low,high,RISK,2
3,2,1,1,Bonus,1139,No,Owns,29,38,56,11,7,SPECIALIST OFFICE VISIT,TIER 1 NETWORK,CO-PAY IN $,200,10,100,0,100,2,20,low,high,RISK,2
1,2,3,2,Bonus,3085,No,Rents,23,24,64,11,7,SPECIALIST OFFICE VISIT,TIER 1 NETWORK,CO-PAY IN $,10,100,200,0,100,2,20,low,high,RISK,2
1,2,3,1,Salaried,912,Yes,Rents,37,29,55,11,7,SPECIALIST OFFICE VISIT,TIER 1 NETWORK,CO-PAY IN $,100,200,10,0,100,2,20,low,high,RISK,2
2,1,3,2,Hourly,3561,Yes,Owns,28,26,51,11,7,SPECIALIST OFFICE VISIT,TIER 1 NETWORK,CO-PAY IN $,200,100,0,10,100,2,20,low,high,RISK,2
2,3,1,1,Hourly,4350,No,Rents,19,36,62,11,7,SPECIALIST OFFICE VISIT,TIER 1 NETWORK,CO-PAY IN $,0,10,200,100,100,2,20,low,high,RISK,2
3,3,2,3,Salaried,3664,No,Owns,18,38,64,11,7,SPECIALIST OFFICE VISIT,TIER 1 NETWORK,CO-PAY IN $,200,10,100,0,100,2,20,low,high,RISK,2
1,1,1,1,Bonus,1972,Yes,Owns,38,31,55,11,7,SPECIALIST OFFICE VISIT,TIER 1 NETWORK,CO-PAY IN $,0,100,200,10,100,2,20,low,high,RISK,2
1,1,3,3,Salaried,1235,Yes,Rents,32,31,59,11,7,SPECIALIST OFFICE VISIT,TIER 1 NETWORK,CO-PAY IN $,100,10,0,200,100,2,20,low,high,RISK,2
1,3,1,2,Bonus,2294,Yes,Owns,25,47,55,11,7,SPECIALIST OFFICE VISIT,TIER 1 NETWORK,CO-PAY IN $,10,0,200,100,100,2,20,low,high,RISK,2
1,2,3,1,Salaried,4592,Yes,Rents,37,41,60,11,7,SPECIALIST OFFICE VISIT,TIER 1 NETWORK,CO-PAY IN $,200,10,0,100,100,2,20,low,high,RISK,2
1,1,1,2,Hourly,2183,Yes,Owns,16,35,73,11,7,SPECIALIST OFFICE VISIT,TIER 1 NETWORK,CO-PAY IN $,10,0,100,200,100,2,20,low,high,RISK,2
2,2,3,2,Salaried,1622,Yes,Rents,21,24,60,11,7,SPECIALIST OFFICE VISIT,TIER 1 NETWORK,CO-PAY IN $,0,10,100,200,100,2,20,low,high,RISK,2
2,3,1,3,Salaried,4259,Yes,Rents,17,43,57,11,7,SPECIALIST OFFICE VISIT,TIER 1 NETWORK,CO-PAY IN $,100,0,10,200,100,2,20,low,high,RISK,2
3,2,2,3,Salaried,4138,No,Owns,37,25,52,11,7,SPECIALIST OFFICE VISIT,TIER 1 NETWORK,CO-PAY IN $,200,100,0,10,100,2,20,low,high,RISK,2
3,1,2,3,Bonus,2742,No,Owns,39,50,53,11,7,SPECIALIST OFFICE VISIT,TIER 1 NETWORK,CO-PAY IN $,100,10,0,200,100,2,20,low,high,RISK,2
1,1,1,3,Bonus,4027,Yes,Rents,21,31,54,11,7,SPECIALIST OFFICE VISIT,TIER 1 NETWORK,CO-PAY IN $,0,200,100,10,100,2,20,low,high,RISK,2
2,2,1,1,Bonus,3643,No,Rents,35,26,75,11,7,SPECIALIST OFFICE VISIT,TIER 1 NETWORK,CO-PAY IN $,10,200,100,0,100,2,20,low,high,RISK,2
2,1,3,1,Salaried,1855,No,Rents,39,49,60,11,7,SPECIALIST OFFICE VISIT,TIER 1 NETWORK,CO-PAY IN $,10,0,200,100,100,2,20,low,high,RISK,2
1,3,1,1,Bonus,4199,No,Owns,33,40,57,11,7,SPECIALIST OFFICE VISIT,TIER 1 NETWORK,CO-PAY IN $,0,200,100,10,100,2,20,low,high,RISK,2
1,3,2,1,Salaried,358,No,Rents,28,36,56,11,7,SPECIALIST OFFICE VISIT,TIER 1 NETWORK,CO-PAY IN $,0,10,200,100,100,2,20,low,high,RISK,2
2,2,2,1,Salaried,2175,No,Owns,35,49,59,11,7,SPECIALIST OFFICE VISIT,TIER 1 NETWORK,CO-PAY IN $,0,100,200,10,100,2,20,low,high,RISK,2
2,2,1,1,Bonus,2804,No,Owns,26,20,55,11,7,SPECIALIST OFFICE VISIT,TIER 1 NETWORK,CO-PAY IN $,100,200,10,0,100,2,20,low,high,RISK,2
3,3,3,2,Bonus,2793,Yes,Owns,39,48,52,11,7,SPECIALIST OFFICE VISIT,TIER 1 NETWORK,CO-PAY IN $,200,0,100,10,100,2,20,low,high,RISK,2
3,1,3,1,Salaried,1366,No,Owns,32,33,56,11,7,SPECIALIST OFFICE VISIT,TIER 1 NETWORK,CO-PAY IN $,0,100,10,200,100,2,20,low,high,RISK,2
1,2,2,3,Salaried,3990,No,Rents,30,23,53,11,7,SPECIALIST OFFICE VISIT,TIER 1 NETWORK,CO-PAY IN $,10,200,0,100,100,2,20,low,high,RISK,2
1,2,2,1,Salaried,1625,No,Owns,36,38,56,11,7,SPECIALIST OFFICE VISIT,TIER 1 NETWORK,CO-PAY IN $,200,100,10,0,100,2,20,low,high,RISK,2
2,3,1,1,Hourly,1178,No,Owns,15,24,64,11,7,SPECIALIST OFFICE VISIT,TIER 1 NETWORK,CO-PAY IN $,200,10,0,100,100,2,20,low,high,RISK,2
2,1,1,1,Hourly,2665,No,Rents,20,29,55,11,7,SPECIALIST OFFICE VISIT,TIER 1 NETWORK,CO-PAY IN $,10,100,200,0,100,2,20,low,high,RISK,2
2,3,3,1,Hourly,4144,No,Owns,23,26,51,11,7,SPECIALIST OFFICE VISIT,TIER 1 NETWORK,CO-PAY IN $,0,200,10,100,100,2,20,low,high,RISK,2
2,2,3,1,Hourly,2547,Yes,Owns,32,36,62,11,7,SPECIALIST OFFICE VISIT,TIER 1 NETWORK,CO-PAY IN $,100,0,200,10,100,2,20,low,high,RISK,2
2,1,2,1,Hourly,152,Yes,Owns,34,38,64,11,7,SPECIALIST OFFICE VISIT,TIER 1 NETWORK,CO-PAY IN $,100,10,200,0,100,2,20,low,high,RISK,2
1,1,1,1,Bonus,2909,Yes,Rents,23,31,55,11,7,SPECIALIST OFFICE VISIT,TIER 1 NETWORK,CO-PAY IN $,100,200,0,10,100,2,20,low,high,RISK,2
3,3,2,2,Bonus,2404,Yes,Owns,27,31,59,11,7,SPECIALIST OFFICE VISIT,TIER 1 NETWORK,CO-PAY IN $,0,10,100,200,100,2,20,low,high,RISK,2
3,1,2,3,Bonus,144,Yes,Owns,24,47,55,11,7,SPECIALIST OFFICE VISIT,TIER 1 NETWORK,CO-PAY IN $,10,100,0,200,100,2,20,low,high,RISK,2
3,1,2,1,Hourly,2250,No,Owns,26,41,60,11,7,SPECIALIST OFFICE VISIT,TIER 1 NETWORK,CO-PAY IN $,0,100,200,10,100,2,20,low,high,RISK,2
3,1,1,1,Hourly,4826,No,Owns,25,35,73,11,7,SPECIALIST OFFICE VISIT,TIER 1 NETWORK,CO-PAY IN $,200,0,10,100,100,2,20,low,high,RISK,2
2,2,1,1,Salaried,792,No,Owns,28,24,60,11,7,SPECIALIST OFFICE VISIT,TIER 1 NETWORK,CO-PAY IN $,100,10,200,0,100,2,20,low,high,RISK,2
1,3,1,2,Hourly,3429,No,Rents,34,43,57,11,7,SPECIALIST OFFICE VISIT,TIER 1 NETWORK,CO-PAY IN $,200,0,10,100,100,2,20,low,high,RISK,2
1,3,1,2,Hourly,1596,Yes,Owns,27,25,52,11,7,SPECIALIST OFFICE VISIT,TIER 1 NETWORK,CO-PAY IN $,10,200,100,0,100,2,20,low,high,RISK,2
2,3,3,1,Salaried,83,Yes,Owns,19,50,53,11,7,SPECIALIST OFFICE VISIT,TIER 1 NETWORK,CO-PAY IN $,200,100,0,10,100,2,20,low,high,RISK,2
2,3,1,3,Salaried,3601,No,Owns,17,31,54,11,7,SPECIALIST OFFICE VISIT,TIER 1 NETWORK,CO-PAY IN $,100,10,200,0,100,2,20,low,high,RISK,2
2,2,1,2,Bonus,861,No,Owns,34,26,75,11,7,SPECIALIST OFFICE VISIT,TIER 1 NETWORK,CO-PAY IN $,0,100,200,10,100,2,20,low,high,RISK,2
1,3,3,3,Salaried,2240,Yes,Rents,35,49,60,11,7,SPECIALIST OFFICE VISIT,TIER 1 NETWORK,CO-PAY IN $,10,200,100,0,100,2,20,low,high,RISK,2
1,1,1,1,Hourly,2384,No,Rents,17,40,57,11,7,SPECIALIST OFFICE VISIT,TIER 1 NETWORK,CO-PAY IN $,100,0,10,200,100,2,20,low,high,RISK,2
1,1,1,1,Bonus,2363,Yes,Rents,29,36,56,11,7,SPECIALIST OFFICE VISIT,TIER 1 NETWORK,CO-PAY IN $,10,200,0,100,100,2,20,low,high,RISK,2
2,1,3,1,Salaried,4539,No,Owns,24,49,59,11,7,SPECIALIST OFFICE VISIT,TIER 1 NETWORK,CO-PAY IN $,100,0,10,200,100,2,20,low,high,RISK,2
2,1,1,1,Bonus,489,No,Rents,23,20,55,11,7,SPECIALIST OFFICE VISIT,TIER 1 NETWORK,CO-PAY IN $,10,200,100,0,100,2,20,low,high,RISK,2
2,3,1,3,Bonus,4623,Yes,Owns,19,48,52,11,7,SPECIALIST OFFICE VISIT,TIER 1 NETWORK,CO-PAY IN $,100,10,200,0,100,2,20,low,high,RISK,2
2,1,1,1,Salaried,153,Yes,Owns,15,33,56,11,7,SPECIALIST OFFICE VISIT,TIER 1 NETWORK,CO-PAY IN $,10,100,200,0,100,2,20,low,high,RISK,2
1,3,3,2,Salaried,3954,No,Owns,17,23,53,11,7,SPECIALIST OFFICE VISIT,TIER 1 NETWORK,CO-PAY IN $,100,0,10,200,100,2,20,low,high,RISK,2
1,2,1,1,Salaried,4742,No,Rents,15,38,56,11,7,SPECIALIST OFFICE VISIT,TIER 1 NETWORK,CO-PAY IN $,200,0,100,10,100,2,20,low,high,RISK,2
1,1,1,2,Hourly,3289,No,Rents,35,24,64,11,7,SPECIALIST OFFICE VISIT,TIER 1 NETWORK,CO-PAY IN $,10,0,200,100,100,2,20,low,high,RISK,2
1,1,2,2,Bonus,3409,Yes,Rents,30,29,55,11,7,SPECIALIST OFFICE VISIT,TIER 1 NETWORK,CO-PAY IN $,10,200,0,100,100,2,20,low,high,RISK,2
1,1,3,2,Bonus,3179,No,Rents,21,26,51,11,7,SPECIALIST OFFICE VISIT,TIER 1 NETWORK,CO-PAY IN $,100,200,0,10,100,2,20,low,high,RISK,2
1,1,1,2,Bonus,4271,No,Rents,22,36,62,11,7,SPECIALIST OFFICE VISIT,TIER 1 NETWORK,CO-PAY IN $,200,0,100,10,100,2,20,low,high,RISK,2
1,1,1,1,Hourly,4605,Yes,Rents,24,38,64,11,7,SPECIALIST OFFICE VISIT,TIER 1 NETWORK,CO-PAY IN $,200,10,0,100,100,2,20,low,high,RISK,2
1,3,3,3,Salaried,3042,Yes,Rents,16,31,55,11,7,SPECIALIST OFFICE VISIT,TIER 1 NETWORK,CO-PAY IN $,0,10,100,200,100,2,20,low,high,RISK,2
1,3,3,1,Hourly,170,No,Rents,37,31,59,11,7,SPECIALIST OFFICE VISIT,TIER 1 NETWORK,CO-PAY IN $,0,200,10,100,100,2,20,low,high,RISK,2
1,1,1,3,Salaried,2062,No,Rents,20,47,55,11,7,SPECIALIST OFFICE VISIT,TIER 1 NETWORK,CO-PAY IN $,100,0,200,10,100,2,20,low,high,RISK,2
2,2,3,3,Bonus,1962,No,Rents,15,41,60,11,7,SPECIALIST OFFICE VISIT,TIER 1 NETWORK,CO-PAY IN $,10,100,200,0,100,2,20,low,high,RISK,2
1,1,1,1,Bonus,1006,No,Owns,27,35,73,11,7,SPECIALIST OFFICE VISIT,TIER 1 NETWORK,CO-PAY IN $,0,100,10,200,100,2,20,low,high,RISK,2
1,3,2,3,Salaried,4555,No,Rents,20,24,60,11,7,SPECIALIST OFFICE VISIT,TIER 1 NETWORK,CO-PAY IN $,0,100,200,10,100,2,20,low,high,RISK,2
3,1,2,1,Bonus,458,No,Rents,25,43,57,11,7,SPECIALIST OFFICE VISIT,TIER 1 NETWORK,CO-PAY IN $,100,10,200,0,100,2,20,low,high,RISK,2
3,1,3,1,Hourly,1593,No,Owns,16,25,52,11,7,SPECIALIST OFFICE VISIT,TIER 1 NETWORK,CO-PAY IN $,100,200,10,0,100,2,20,low,high,RISK,2
1,3,1,2,Hourly,4519,Yes,Owns,26,50,53,11,7,SPECIALIST OFFICE VISIT,TIER 1 NETWORK,CO-PAY IN $,200,0,10,100,100,2,20,low,high,RISK,2
1,2,1,1,Bonus,2639,No,Rents,16,31,54,11,7,SPECIALIST OFFICE VISIT,TIER 1 NETWORK,CO-PAY IN $,100,10,0,200,100,2,20,low,high,RISK,2
1,1,3,1,Hourly,2563,Yes,Rents,35,26,75,11,7,SPECIALIST OFFICE VISIT,TIER 1 NETWORK,CO-PAY IN $,100,10,0,200,100,2,20,low,high,RISK,2
1,2,3,2,Bonus,2810,Yes,Owns,35,49,60,11,7,SPECIALIST OFFICE VISIT,TIER 1 NETWORK,CO-PAY IN $,200,10,100,0,100,2,20,low,high,RISK,2
2,2,1,2,Hourly,2954,Yes,Owns,39,40,57,11,7,SPECIALIST OFFICE VISIT,TIER 1 NETWORK,CO-PAY IN $,100,200,0,10,100,2,20,low,high,RISK,2
2,1,3,1,Hourly,2299,Yes,Owns,31,36,56,11,7,SPECIALIST OFFICE VISIT,TIER 1 NETWORK,CO-PAY IN $,0,100,200,10,100,2,20,low,high,RISK,2
1,1,2,3,Hourly,1155,No,Rents,16,49,59,11,7,SPECIALIST OFFICE VISIT,TIER 1 NETWORK,CO-PAY IN $,200,100,0,10,100,2,20,low,high,RISK,2
2,1,3,1,Bonus,1856,Yes,Rents,31,20,55,11,7,SPECIALIST OFFICE VISIT,TIER 1 NETWORK,CO-PAY IN $,10,200,100,0,100,2,20,low,high,RISK,2
3,2,2,1,Salaried,3352,Yes,Rents,18,48,52,11,7,SPECIALIST OFFICE VISIT,TIER 1 NETWORK,CO-PAY IN $,10,0,200,100,100,2,20,low,high,RISK,2
3,1,1,2,Hourly,3735,Yes,Owns,34,33,56,11,7,SPECIALIST OFFICE VISIT,TIER 1 NETWORK,CO-PAY IN $,0,200,100,10,100,2,20,low,high,RISK,2
3,2,1,3,Salaried,1125,Yes,Rents,18,23,53,11,7,SPECIALIST OFFICE VISIT,TIER 1 NETWORK,CO-PAY IN $,10,100,0,200,100,2,20,low,high,RISK,2
3,1,2,1,Bonus,4695,No,Owns,15,38,56,11,7,SPECIALIST OFFICE VISIT,TIER 1 NETWORK,CO-PAY IN $,200,0,10,100,100,2,20,low,high,RISK,2
2,2,2,2,Salaried,1210,No,Rents,38,24,64,11,7,SPECIALIST OFFICE VISIT,TIER 1 NETWORK,CO-PAY IN $,0,200,100,10,100,2,20,low,high,RISK,2
2,3,2,1,Bonus,3149,No,Owns,17,29,55,11,7,SPECIALIST OFFICE VISIT,TIER 1 NETWORK,CO-PAY IN $,100,200,10,0,100,2,20,low,high,RISK,2
2,2,2,2,Bonus,3757,No,Rents,18,26,51,11,7,SPECIALIST OFFICE VISIT,TIER 1 NETWORK,CO-PAY IN $,0,10,200,100,100,2,20,low,high,RISK,2
3,1,3,2,Salaried,4038,Yes,Rents,28,36,62,11,7,SPECIALIST OFFICE VISIT,TIER 1 NETWORK,CO-PAY IN $,0,100,10,200,100,2,20,low,high,RISK,2
1,1,1,3,Bonus,381,No,Owns,20,38,64,11,7,SPECIALIST OFFICE VISIT,TIER 1 NETWORK,CO-PAY IN $,10,200,0,100,100,2,20,low,high,RISK,2
1,1,1,2,Hourly,2879,Yes,Rents,37,31,55,11,7,SPECIALIST OFFICE VISIT,TIER 1 NETWORK,CO-PAY IN $,200,100,10,0,100,2,20,low,high,RISK,2
2,3,1,1,Hourly,2246,No,Owns,38,31,59,11,7,SPECIALIST OFFICE VISIT,TIER 1 NETWORK,CO-PAY IN $,0,100,200,10,100,2,20,low,high,RISK,2
1,3,2,1,Hourly,3337,No,Rents,18,47,55,11,7,SPECIALIST OFFICE VISIT,TIER 1 NETWORK,CO-PAY IN $,0,10,200,100,100,2,20,low,high,RISK,2
2,2,1,2,Hourly,874,No,Owns,38,41,60,11,7,SPECIALIST OFFICE VISIT,TIER 1 NETWORK,CO-PAY IN $,200,100,10,0,100,2,20,low,high,RISK,2
1,2,1,1,Hourly,4470,Yes,Owns,16,35,73,11,7,SPECIALIST OFFICE VISIT,TIER 1 NETWORK,CO-PAY IN $,100,0,200,10,100,2,20,low,high,RISK,2
3,1,3,1,Hourly,3252,Yes,Owns,24,24,60,11,7,SPECIALIST OFFICE VISIT,TIER 1 NETWORK,CO-PAY IN $,200,10,0,100,100,2,20,low,high,RISK,2
1,3,1,2,Hourly,176,Yes,Rents,23,43,57,11,7,SPECIALIST OFFICE VISIT,TIER 1 NETWORK,CO-PAY IN $,0,10,200,100,100,2,20,low,high,RISK,2
2,1,3,1,Hourly,3681,Yes,Owns,17,25,52,11,7,SPECIALIST OFFICE VISIT,TIER 1 NETWORK,CO-PAY IN $,200,100,0,10,100,2,20,low,high,RISK,2
1,3,2,3,Hourly,1019,Yes,Owns,35,50,53,11,7,SPECIALIST OFFICE VISIT,TIER 1 NETWORK,CO-PAY IN $,10,200,0,100,100,2,20,low,high,RISK,2
1,3,2,1,Bonus,4493,Yes,Owns,39,31,54,11,7,SPECIALIST OFFICE VISIT,TIER 1 NETWORK,CO-PAY IN $,10,200,100,0,100,2,20,low,high,RISK,2
1,3,3,1,Salaried,1012,Yes,Owns,34,26,75,11,7,SPECIALIST OFFICE VISIT,TIER 1 NETWORK,CO-PAY IN $,0,100,200,10,100,2,20,low,high,RISK,2
1,1,2,1,Bonus,1248,Yes,Rents,18,49,60,11,7,SPECIALIST OFFICE VISIT,TIER 1 NETWORK,CO-PAY IN $,0,200,10,100,100,2,20,low,high,RISK,2
1,1,2,1,Salaried,1214,No,Owns,17,40,57,11,7,SPECIALIST OFFICE VISIT,TIER 1 NETWORK,CO-PAY IN $,10,100,0,200,100,2,20,low,high,RISK,2
2,1,1,1,Salaried,2852,Yes,Rents,18,36,56,11,7,SPECIALIST OFFICE VISIT,TIER 1 NETWORK,CO-PAY IN $,200,100,10,0,100,2,20,low,high,RISK,2
2,1,1,1,Bonus,1440,Yes,Owns,24,49,59,11,7,SPECIALIST OFFICE VISIT,TIER 1 NETWORK,CO-PAY IN $,200,10,100,0,100,2,20,low,high,RISK,2
3,1,3,1,Bonus,2951,No,Owns,26,20,55,11,7,SPECIALIST OFFICE VISIT,TIER 1 NETWORK,CO-PAY IN $,200,0,100,10,100,2,20,low,high,RISK,2
4,3,2,4,Salaried,4377,No,Rents,46,73,76,11,8,SPECIALIST OFFICE VISIT,TIER 1 NETWORK,CO-PAY IN $,0,10,200,100,10,3,50,low,high,RISK,2
2,3,4,2,Salaried,1919,No,Owns,48,61,80,11,8,SPECIALIST OFFICE VISIT,TIER 1 NETWORK,CO-PAY IN $,200,10,0,100,10,3,50,low,high,RISK,2
4,4,3,2,Salaried,4671,Yes,Rents,57,53,77,11,8,SPECIALIST OFFICE VISIT,TIER 1 NETWORK,CO-PAY IN $,10,0,100,200,10,3,50,low,high,RISK,2
4,4,2,2,Bonus,1139,No,Owns,52,65,80,11,8,SPECIALIST OFFICE VISIT,TIER 1 NETWORK,CO-PAY IN $,0,200,10,100,10,3,50,low,high,RISK,2
3,4,4,3,Bonus,3085,No,Rents,45,54,88,11,8,SPECIALIST OFFICE VISIT,TIER 1 NETWORK,CO-PAY IN $,0,100,200,10,10,3,50,low,high,RISK,2
3,4,4,3,Salaried,912,Yes,Rents,61,58,79,11,8,SPECIALIST OFFICE VISIT,TIER 1 NETWORK,CO-PAY IN $,200,10,100,0,10,3,50,low,high,RISK,2
4,3,4,3,Hourly,3561,Yes,Owns,51,56,75,11,8,SPECIALIST OFFICE VISIT,TIER 1 NETWORK,CO-PAY IN $,0,200,10,100,10,3,50,low,high,RISK,2
4,4,2,2,Hourly,4350,No,Rents,40,64,87,11,8,SPECIALIST OFFICE VISIT,TIER 1 NETWORK,CO-PAY IN $,100,10,200,0,10,3,50,low,high,RISK,2
4,4,4,4,Salaried,3664,No,Owns,39,65,88,11,8,SPECIALIST OFFICE VISIT,TIER 1 NETWORK,CO-PAY IN $,10,100,200,0,10,3,50,low,high,RISK,2
2,3,3,3,Bonus,1972,Yes,Owns,62,60,80,11,8,SPECIALIST OFFICE VISIT,TIER 1 NETWORK,CO-PAY IN $,100,0,10,200,10,3,50,low,high,RISK,2
3,2,4,4,Salaried,1235,Yes,Rents,55,60,83,11,8,SPECIALIST OFFICE VISIT,TIER 1 NETWORK,CO-PAY IN $,100,0,200,10,10,3,50,low,high,RISK,2
2,4,3,3,Bonus,2294,Yes,Owns,47,72,79,11,8,SPECIALIST OFFICE VISIT,TIER 1 NETWORK,CO-PAY IN $,200,10,100,0,10,3,50,low,high,RISK,2
2,3,4,3,Salaried,4592,Yes,Rents,62,68,84,11,8,SPECIALIST OFFICE VISIT,TIER 1 NETWORK,CO-PAY IN $,0,200,100,10,10,3,50,low,high,RISK,2
3,3,3,4,Hourly,2183,Yes,Owns,37,63,98,11,8,SPECIALIST OFFICE VISIT,TIER 1 NETWORK,CO-PAY IN $,0,10,100,200,10,3,50,low,high,RISK,2
3,3,4,3,Salaried,1622,Yes,Rents,42,55,84,11,8,SPECIALIST OFFICE VISIT,TIER 1 NETWORK,CO-PAY IN $,100,0,10,200,10,3,50,low,high,RISK,2
3,4,3,4,Salaried,4259,Yes,Rents,37,70,81,11,8,SPECIALIST OFFICE VISIT,TIER 1 NETWORK,CO-PAY IN $,200,0,100,10,10,3,50,low,high,RISK,2
4,3,3,4,Salaried,4138,No,Owns,62,55,76,11,8,SPECIALIST OFFICE VISIT,TIER 1 NETWORK,CO-PAY IN $,100,200,0,10,10,3,50,low,high,RISK,2
4,3,4,4,Bonus,2742,No,Owns,64,75,77,11,8,SPECIALIST OFFICE VISIT,TIER 1 NETWORK,CO-PAY IN $,0,10,200,100,10,3,50,low,high,RISK,2
3,3,3,4,Bonus,4027,Yes,Rents,43,60,78,11,8,SPECIALIST OFFICE VISIT,TIER 1 NETWORK,CO-PAY IN $,100,200,10,0,10,3,50,low,high,RISK,2
4,4,2,2,Bonus,3643,No,Rents,59,56,100,11,8,SPECIALIST OFFICE VISIT,TIER 1 NETWORK,CO-PAY IN $,200,0,100,10,10,3,50,low,high,RISK,2
4,2,4,2,Salaried,1855,No,Rents,63,74,85,11,8,SPECIALIST OFFICE VISIT,TIER 1 NETWORK,CO-PAY IN $,200,10,100,0,10,3,50,low,high,RISK,2
3,4,2,3,Bonus,4199,No,Owns,57,67,81,11,8,SPECIALIST OFFICE VISIT,TIER 1 NETWORK,CO-PAY IN $,100,10,0,200,10,3,50,low,high,RISK,2
3,4,3,2,Salaried,358,No,Rents,50,64,80,11,8,SPECIALIST OFFICE VISIT,TIER 1 NETWORK,CO-PAY IN $,100,200,10,0,10,3,50,low,high,RISK,2
4,3,4,3,Salaried,2175,No,Owns,59,75,83,11,8,SPECIALIST OFFICE VISIT,TIER 1 NETWORK,CO-PAY IN $,0,200,10,100,10,3,50,low,high,RISK,2
4,4,2,2,Bonus,2804,No,Owns,48,51,79,11,8,SPECIALIST OFFICE VISIT,TIER 1 NETWORK,CO-PAY IN $,10,100,0,200,10,3,50,low,high,RISK,2
4,4,4,4,Bonus,2793,Yes,Owns,63,73,76,11,8,SPECIALIST OFFICE VISIT,TIER 1 NETWORK,CO-PAY IN $,200,10,100,0,10,3,50,low,high,RISK,2
4,3,4,2,Salaried,1366,No,Owns,56,61,80,11,8,SPECIALIST OFFICE VISIT,TIER 1 NETWORK,CO-PAY IN $,0,10,200,100,10,3,50,low,high,RISK,2
2,4,4,4,Salaried,3990,No,Rents,53,53,77,11,8,SPECIALIST OFFICE VISIT,TIER 1 NETWORK,CO-PAY IN $,200,10,100,0,10,3,50,low,high,RISK,2
2,4,3,3,Salaried,1625,No,Owns,60,65,80,11,8,SPECIALIST OFFICE VISIT,TIER 1 NETWORK,CO-PAY IN $,200,100,0,10,10,3,50,low,high,RISK,2
4,4,3,3,Hourly,1178,No,Owns,35,54,88,11,8,SPECIALIST OFFICE VISIT,TIER 1 NETWORK,CO-PAY IN $,10,0,200,100,10,3,50,low,high,RISK,2
3,3,2,2,Hourly,2665,No,Rents,41,58,79,11,8,SPECIALIST OFFICE VISIT,TIER 1 NETWORK,CO-PAY IN $,10,200,0,100,10,3,50,low,high,RISK,2
4,4,4,2,Hourly,4144,No,Owns,44,56,75,11,8,SPECIALIST OFFICE VISIT,TIER 1 NETWORK,CO-PAY IN $,100,0,200,10,10,3,50,low,high,RISK,2
3,3,4,3,Hourly,2547,Yes,Owns,55,64,87,11,8,SPECIALIST OFFICE VISIT,TIER 1 NETWORK,CO-PAY IN $,200,100,10,0,10,3,50,low,high,RISK,2
4,3,4,2,Hourly,152,Yes,Owns,58,65,88,11,8,SPECIALIST OFFICE VISIT,TIER 1 NETWORK,CO-PAY IN $,0,10,200,100,10,3,50,low,high,RISK,2
3,2,2,3,Bonus,2909,Yes,Rents,45,60,80,11,8,SPECIALIST OFFICE VISIT,TIER 1 NETWORK,CO-PAY IN $,100,0,200,10,10,3,50,low,high,RISK,2
4,4,3,3,Bonus,2404,Yes,Owns,49,60,83,11,8,SPECIALIST OFFICE VISIT,TIER 1 NETWORK,CO-PAY IN $,0,100,200,10,10,3,50,low,high,RISK,2
4,2,4,4,Bonus,144,Yes,Owns,46,72,79,11,8,SPECIALIST OFFICE VISIT,TIER 1 NETWORK,CO-PAY IN $,10,100,0,200,10,3,50,low,high,RISK,2
4,2,4,2,Hourly,2250,No,Owns,48,68,84,11,8,SPECIALIST OFFICE VISIT,TIER 1 NETWORK,CO-PAY IN $,200,0,10,100,10,3,50,low,high,RISK,2
4,3,3,3,Hourly,4826,No,Owns,47,63,98,11,8,SPECIALIST OFFICE VISIT,TIER 1 NETWORK,CO-PAY IN $,0,10,200,100,10,3,50,low,high,RISK,2
4,4,2,3,Salaried,792,No,Owns,50,55,84,11,8,SPECIALIST OFFICE VISIT,TIER 1 NETWORK,CO-PAY IN $,200,10,0,100,10,3,50,low,high,RISK,2
2,4,2,3,Hourly,3429,No,Rents,58,70,81,11,8,SPECIALIST OFFICE VISIT,TIER 1 NETWORK,CO-PAY IN $,100,200,0,10,10,3,50,low,high,RISK,2
3,4,3,4,Hourly,1596,Yes,Owns,50,55,76,11,8,SPECIALIST OFFICE VISIT,TIER 1 NETWORK,CO-PAY IN $,0,100,10,200,10,3,50,low,high,RISK,2
4,4,4,3,Salaried,83,Yes,Owns,40,75,77,11,8,SPECIALIST OFFICE VISIT,TIER 1 NETWORK,CO-PAY IN $,10,100,0,200,10,3,50,low,high,RISK,2
4,4,3,4,Salaried,3601,No,Owns,38,60,78,11,8,SPECIALIST OFFICE VISIT,TIER 1 NETWORK,CO-PAY IN $,100,200,0,10,10,3,50,low,high,RISK,2
3,4,2,4,Bonus,861,No,Owns,58,56,100,11,8,SPECIALIST OFFICE VISIT,TIER 1 NETWORK,CO-PAY IN $,200,0,10,100,10,3,50,low,high,RISK,2
2,4,4,4,Salaried,2240,Yes,Rents,59,74,85,11,8,SPECIALIST OFFICE VISIT,TIER 1 NETWORK,CO-PAY IN $,200,0,100,10,10,3,50,low,high,RISK,2
3,3,2,2,Hourly,2384,No,Rents,37,67,81,11,8,SPECIALIST OFFICE VISIT,TIER 1 NETWORK,CO-PAY IN $,10,200,0,100,10,3,50,low,high,RISK,2
2,2,3,3,Bonus,2363,Yes,Rents,52,64,80,11,8,SPECIALIST OFFICE VISIT,TIER 1 NETWORK,CO-PAY IN $,100,10,0,200,10,3,50,low,high,RISK,2
3,3,4,2,Salaried,4539,No,Owns,45,75,83,11,8,SPECIALIST OFFICE VISIT,TIER 1 NETWORK,CO-PAY IN $,10,0,100,200,10,3,50,low,high,RISK,2
3,3,2,2,Bonus,489,No,Rents,45,51,79,11,8,SPECIALIST OFFICE VISIT,TIER 1 NETWORK,CO-PAY IN $,0,200,10,100,10,3,50,low,high,RISK,2
4,4,2,4,Bonus,4623,Yes,Owns,40,73,76,11,8,SPECIALIST OFFICE VISIT,TIER 1 NETWORK,CO-PAY IN $,200,10,100,0,10,3,50,low,high,RISK,2
3,3,3,2,Salaried,153,Yes,Owns,36,61,80,11,8,SPECIALIST OFFICE VISIT,TIER 1 NETWORK,CO-PAY IN $,100,10,200,0,10,3,50,low,high,RISK,2
3,4,4,4,Salaried,3954,No,Owns,38,53,77,11,8,SPECIALIST OFFICE VISIT,TIER 1 NETWORK,CO-PAY IN $,100,0,200,10,10,3,50,low,high,RISK,2
3,3,2,3,Salaried,4742,No,Rents,35,65,80,11,8,SPECIALIST OFFICE VISIT,TIER 1 NETWORK,CO-PAY IN $,10,100,200,0,10,3,50,low,high,RISK,2
2,2,2,3,Hourly,3289,No,Rents,59,54,88,11,8,SPECIALIST OFFICE VISIT,TIER 1 NETWORK,CO-PAY IN $,200,10,0,100,10,3,50,low,high,RISK,2
2,2,3,3,Bonus,3409,Yes,Rents,54,58,79,11,8,SPECIALIST OFFICE VISIT,TIER 1 NETWORK,CO-PAY IN $,100,10,200,0,10,3,50,low,high,RISK,2
3,3,4,3,Bonus,3179,No,Rents,42,56,75,11,8,SPECIALIST OFFICE VISIT,TIER 1 NETWORK,CO-PAY IN $,100,10,200,0,10,3,50,low,high,RISK,2
3,3,2,4,Bonus,4271,No,Rents,43,64,87,11,8,SPECIALIST OFFICE VISIT,TIER 1 NETWORK,CO-PAY IN $,100,10,200,0,10,3,50,low,high,RISK,2
3,3,3,2,Hourly,4605,Yes,Rents,46,65,88,11,8,SPECIALIST OFFICE VISIT,TIER 1 NETWORK,CO-PAY IN $,100,10,200,0,10,3,50,low,high,RISK,2
2,4,4,4,Salaried,3042,Yes,Rents,37,60,80,11,8,SPECIALIST OFFICE VISIT,TIER 1 NETWORK,CO-PAY IN $,100,10,0,200,10,3,50,low,high,RISK,2
2,4,4,3,Hourly,170,No,Rents,61,60,83,11,8,SPECIALIST OFFICE VISIT,TIER 1 NETWORK,CO-PAY IN $,0,200,10,100,10,3,50,low,high,RISK,2
2,3,3,4,Salaried,2062,No,Rents,40,72,79,11,8,SPECIALIST OFFICE VISIT,TIER 1 NETWORK,CO-PAY IN $,200,10,0,100,10,3,50,low,high,RISK,2
4,4,4,4,Bonus,1962,No,Rents,35,68,84,11,8,SPECIALIST OFFICE VISIT,TIER 1 NETWORK,CO-PAY IN $,10,100,200,0,10,3,50,low,high,RISK,2
2,2,3,2,Bonus,1006,No,Owns,50,63,98,11,8,SPECIALIST OFFICE VISIT,TIER 1 NETWORK,CO-PAY IN $,100,0,200,10,10,3,50,low,high,RISK,2
2,4,3,4,Salaried,4555,No,Rents,42,55,84,11,8,SPECIALIST OFFICE VISIT,TIER 1 NETWORK,CO-PAY IN $,100,10,0,200,10,3,50,low,high,RISK,2
4,3,4,3,Bonus,458,No,Rents,46,70,81,11,8,SPECIALIST OFFICE VISIT,TIER 1 NETWORK,CO-PAY IN $,100,10,0,200,10,3,50,low,high,RISK,2
4,3,4,3,Hourly,1593,No,Owns,36,55,76,11,8,SPECIALIST OFFICE VISIT,TIER 1 NETWORK,CO-PAY IN $,100,0,10,200,10,3,50,low,high,RISK,2
3,4,2,3,Hourly,4519,Yes,Owns,48,75,77,11,8,SPECIALIST OFFICE VISIT,TIER 1 NETWORK,CO-PAY IN $,200,10,0,100,10,3,50,low,high,RISK,2
2,4,3,3,Bonus,2639,No,Rents,36,60,78,11,8,SPECIALIST OFFICE VISIT,TIER 1 NETWORK,CO-PAY IN $,200,10,100,0,10,3,50,low,high,RISK,2
2,3,4,3,Hourly,2563,Yes,Rents,59,56,100,11,8,SPECIALIST OFFICE VISIT,TIER 1 NETWORK,CO-PAY IN $,200,100,0,10,10,3,50,low,high,RISK,2
3,4,4,4,Bonus,2810,Yes,Owns,58,74,85,11,8,SPECIALIST OFFICE VISIT,TIER 1 NETWORK,CO-PAY IN $,200,0,100,10,10,3,50,low,high,RISK,2
3,4,3,4,Hourly,2954,Yes,Owns,64,67,81,11,8,SPECIALIST OFFICE VISIT,TIER 1 NETWORK,CO-PAY IN $,0,100,10,200,10,3,50,low,high,RISK,2
3,2,4,3,Hourly,2299,Yes,Owns,54,64,80,11,8,SPECIALIST OFFICE VISIT,TIER 1 NETWORK,CO-PAY IN $,200,10,0,100,10,3,50,low,high,RISK,2
2,3,4,4,Hourly,1155,No,Rents,37,75,83,11,8,SPECIALIST OFFICE VISIT,TIER 1 NETWORK,CO-PAY IN $,200,10,100,0,10,3,50,low,high,RISK,2
4,2,4,3,Bonus,1856,Yes,Rents,55,51,79,11,8,SPECIALIST OFFICE VISIT,TIER 1 NETWORK,CO-PAY IN $,200,0,10,100,10,3,50,low,high,RISK,2
4,4,3,3,Salaried,3352,Yes,Rents,38,73,76,11,8,SPECIALIST OFFICE VISIT,TIER 1 NETWORK,CO-PAY IN $,0,10,100,200,10,3,50,low,high,RISK,2
4,3,2,3,Hourly,3735,Yes,Owns,58,61,80,11,8,SPECIALIST OFFICE VISIT,TIER 1 NETWORK,CO-PAY IN $,0,100,10,200,10,3,50,low,high,RISK,2
4,3,3,4,Salaried,1125,Yes,Rents,38,53,77,11,8,SPECIALIST OFFICE VISIT,TIER 1 NETWORK,CO-PAY IN $,100,10,200,0,10,3,50,low,high,RISK,2
4,2,4,2,Bonus,4695,No,Owns,35,65,80,11,8,SPECIALIST OFFICE VISIT,TIER 1 NETWORK,CO-PAY IN $,0,10,100,200,10,3,50,low,high,RISK,2
3,3,3,4,Salaried,1210,No,Rents,62,54,88,11,8,SPECIALIST OFFICE VISIT,TIER 1 NETWORK,CO-PAY IN $,10,200,100,0,10,3,50,low,high,RISK,2
4,4,4,2,Bonus,3149,No,Owns,37,58,79,11,8,SPECIALIST OFFICE VISIT,TIER 1 NETWORK,CO-PAY IN $,100,10,200,0,10,3,50,low,high,RISK,2
4,3,4,4,Bonus,3757,No,Rents,38,56,75,11,8,SPECIALIST OFFICE VISIT,TIER 1 NETWORK,CO-PAY IN $,200,0,100,10,10,3,50,low,high,RISK,2
4,3,4,4,Salaried,4038,Yes,Rents,51,64,87,11,8,SPECIALIST OFFICE VISIT,TIER 1 NETWORK,CO-PAY IN $,10,200,0,100,10,3,50,low,high,RISK,2
2,3,3,4,Bonus,381,No,Owns,41,65,88,11,8,SPECIALIST OFFICE VISIT,TIER 1 NETWORK,CO-PAY IN $,10,0,200,100,10,3,50,low,high,RISK,2
3,3,3,3,Hourly,2879,Yes,Rents,61,60,80,11,8,SPECIALIST OFFICE VISIT,TIER 1 NETWORK,CO-PAY IN $,10,0,200,100,10,3,50,low,high,RISK,2
4,4,3,2,Hourly,2246,No,Owns,62,60,83,11,8,SPECIALIST OFFICE VISIT,TIER 1 NETWORK,CO-PAY IN $,200,10,0,100,10,3,50,low,high,RISK,2
2,4,3,2,Hourly,3337,No,Rents,39,72,79,11,8,SPECIALIST OFFICE VISIT,TIER 1 NETWORK,CO-PAY IN $,10,200,0,100,10,3,50,low,high,RISK,2
4,3,3,4,Hourly,874,No,Owns,63,68,84,11,8,SPECIALIST OFFICE VISIT,TIER 1 NETWORK,CO-PAY IN $,200,0,10,100,10,3,50,low,high,RISK,2
3,4,2,3,Hourly,4470,Yes,Owns,36,63,98,11,8,SPECIALIST OFFICE VISIT,TIER 1 NETWORK,CO-PAY IN $,100,200,10,0,10,3,50,low,high,RISK,2
4,3,4,3,Hourly,3252,Yes,Owns,46,55,84,11,8,SPECIALIST OFFICE VISIT,TIER 1 NETWORK,CO-PAY IN $,200,0,100,10,10,3,50,low,high,RISK,2
3,4,2,3,Hourly,176,Yes,Rents,45,70,81,11,8,SPECIALIST OFFICE VISIT,TIER 1 NETWORK,CO-PAY IN $,200,0,100,10,10,3,50,low,high,RISK,2
4,3,4,2,Hourly,3681,Yes,Owns,38,55,76,11,8,SPECIALIST OFFICE VISIT,TIER 1 NETWORK,CO-PAY IN $,10,0,200,100,10,3,50,low,high,RISK,2
3,4,4,4,Hourly,1019,Yes,Owns,59,75,77,11,8,SPECIALIST OFFICE VISIT,TIER 1 NETWORK,CO-PAY IN $,0,10,100,200,10,3,50,low,high,RISK,2
3,4,4,3,Bonus,4493,Yes,Owns,64,60,78,11,8,SPECIALIST OFFICE VISIT,TIER 1 NETWORK,CO-PAY IN $,10,100,0,200,10,3,50,low,high,RISK,2
3,4,4,2,Salaried,1012,Yes,Owns,58,56,100,11,8,SPECIALIST OFFICE VISIT,TIER 1 NETWORK,CO-PAY IN $,100,200,10,0,10,3,50,low,high,RISK,2
2,2,4,3,Bonus,1248,Yes,Rents,39,74,85,11,8,SPECIALIST OFFICE VISIT,TIER 1 NETWORK,CO-PAY IN $,0,100,10,200,10,3,50,low,high,RISK,2
2,3,3,3,Salaried,1214,No,Owns,37,67,81,11,8,SPECIALIST OFFICE VISIT,TIER 1 NETWORK,CO-PAY IN $,100,200,10,0,10,3,50,low,high,RISK,2
4,3,3,2,Salaried,2852,Yes,Rents,38,64,80,11,8,SPECIALIST OFFICE VISIT,TIER 1 NETWORK,CO-PAY IN $,10,0,200,100,10,3,50,low,high,RISK,2
3,3,2,2,Bonus,1440,Yes,Owns,46,75,83,11,8,SPECIALIST OFFICE VISIT,TIER 1 NETWORK,CO-PAY IN $,0,100,200,10,10,3,50,low,high,RISK,2
4,2,4,3,Bonus,2951,No,Owns,48,51,79,11,8,SPECIALIST OFFICE VISIT,TIER 1 NETWORK,CO-PAY IN $,200,10,0,100,10,3,50,low,high,RISK,2
1,0,0,1,Salaried,4377,No,Rents,4,9,1,11,9,SPECIALIST OFFICE VISIT,TIER 1 NETWORK,CO-PAY IN $,200,10,100,0,100,2,5,high,low,RISK,3
0,0,1,0,Salaried,1919,No,Owns,4,4,5,11,9,SPECIALIST OFFICE VISIT,TIER 1 NETWORK,CO-PAY IN $,10,0,200,100,100,2,5,high,low,RISK,3
0,0,0,0,Salaried,4671,Yes,Rents,7,1,2,11,9,SPECIALIST OFFICE VISIT,TIER 1 NETWORK,CO-PAY IN $,0,100,200,10,100,2,5,high,low,RISK,3
1,1,0,0,Bonus,1139,No,Owns,6,6,5,11,9,SPECIALIST OFFICE VISIT,TIER 1 NETWORK,CO-PAY IN $,200,0,100,10,100,2,5,high,low,RISK,3
0,1,1,0,Bonus,3085,No,Rents,3,1,13,11,9,SPECIALIST OFFICE VISIT,TIER 1 NETWORK,CO-PAY IN $,0,100,10,200,100,2,5,high,low,RISK,3
0,1,1,0,Salaried,912,Yes,Rents,9,3,4,11,9,SPECIALIST OFFICE VISIT,TIER 1 NETWORK,CO-PAY IN $,10,200,100,0,100,2,5,high,low,RISK,3
1,0,1,0,Hourly,3561,Yes,Owns,5,2,0,11,9,SPECIALIST OFFICE VISIT,TIER 1 NETWORK,CO-PAY IN $,10,0,100,200,100,2,5,high,low,RISK,3
1,1,0,0,Hourly,4350,No,Rents,2,5,12,11,9,SPECIALIST OFFICE VISIT,TIER 1 NETWORK,CO-PAY IN $,200,10,100,0,100,2,5,high,low,RISK,3
1,1,0,1,Salaried,3664,No,Owns,1,6,13,11,9,SPECIALIST OFFICE VISIT,TIER 1 NETWORK,CO-PAY IN $,200,10,0,100,100,2,5,high,low,RISK,3
0,0,0,0,Bonus,1972,Yes,Owns,9,4,5,11,9,SPECIALIST OFFICE VISIT,TIER 1 NETWORK,CO-PAY IN $,10,100,200,0,100,2,5,high,low,RISK,3
0,0,1,1,Salaried,1235,Yes,Rents,7,4,8,11,9,SPECIALIST OFFICE VISIT,TIER 1 NETWORK,CO-PAY IN $,100,10,200,0,100,2,5,high,low,RISK,3
0,1,0,0,Bonus,2294,Yes,Owns,4,9,4,11,9,SPECIALIST OFFICE VISIT,TIER 1 NETWORK,CO-PAY IN $,100,10,0,200,100,2,5,high,low,RISK,3
0,0,1,0,Salaried,4592,Yes,Rents,9,7,9,11,9,SPECIALIST OFFICE VISIT,TIER 1 NETWORK,CO-PAY IN $,200,0,10,100,100,2,5,high,low,RISK,3
0,0,0,1,Hourly,2183,Yes,Owns,1,5,23,11,9,SPECIALIST OFFICE VISIT,TIER 1 NETWORK,CO-PAY IN $,0,100,10,200,100,2,5,high,low,RISK,3
0,0,1,0,Salaried,1622,Yes,Rents,2,1,9,11,9,SPECIALIST OFFICE VISIT,TIER 1 NETWORK,CO-PAY IN $,10,100,0,200,100,2,5,high,low,RISK,3
0,1,0,1,Salaried,4259,Yes,Rents,1,8,6,11,9,SPECIALIST OFFICE VISIT,TIER 1 NETWORK,CO-PAY IN $,0,200,10,100,100,2,5,high,low,RISK,3
1,0,0,1,Salaried,4138,No,Owns,9,2,1,11,9,SPECIALIST OFFICE VISIT,TIER 1 NETWORK,CO-PAY IN $,200,0,10,100,100,2,5,high,low,RISK,3
1,0,0,1,Bonus,2742,No,Owns,10,10,2,11,9,SPECIALIST OFFICE VISIT,TIER 1 NETWORK,CO-PAY IN $,10,0,100,200,100,2,5,high,low,RISK,3
0,0,0,1,Bonus,4027,Yes,Rents,3,4,3,11,9,SPECIALIST OFFICE VISIT,TIER 1 NETWORK,CO-PAY IN $,10,0,200,100,100,2,5,high,low,RISK,3
1,0,0,0,Bonus,3643,No,Rents,8,2,25,11,9,SPECIALIST OFFICE VISIT,TIER 1 NETWORK,CO-PAY IN $,10,100,0,200,100,2,5,high,low,RISK,3
1,0,1,0,Salaried,1855,No,Rents,9,10,10,11,9,SPECIALIST OFFICE VISIT,TIER 1 NETWORK,CO-PAY IN $,100,0,200,10,100,2,5,high,low,RISK,3
0,1,0,0,Bonus,4199,No,Owns,7,7,6,11,9,SPECIALIST OFFICE VISIT,TIER 1 NETWORK,CO-PAY IN $,10,0,100,200,100,2,5,high,low,RISK,3
0,1,0,0,Salaried,358,No,Rents,5,5,5,11,9,SPECIALIST OFFICE VISIT,TIER 1 NETWORK,CO-PAY IN $,100,200,10,0,100,2,5,high,low,RISK,3
0,0,1,0,Salaried,2175,No,Owns,8,10,8,11,9,SPECIALIST OFFICE VISIT,TIER 1 NETWORK,CO-PAY IN $,100,10,0,200,100,2,5,high,low,RISK,3
0,1,0,0,Bonus,2804,No,Owns,4,0,4,11,9,SPECIALIST OFFICE VISIT,TIER 1 NETWORK,CO-PAY IN $,0,10,100,200,100,2,5,high,low,RISK,3
1,1,1,0,Bonus,2793,Yes,Owns,9,9,1,11,9,SPECIALIST OFFICE VISIT,TIER 1 NETWORK,CO-PAY IN $,200,0,100,10,100,2,5,high,low,RISK,3
1,0,1,0,Salaried,1366,No,Owns,7,4,5,11,9,SPECIALIST OFFICE VISIT,TIER 1 NETWORK,CO-PAY IN $,0,10,200,100,100,2,5,high,low,RISK,3
0,1,1,1,Salaried,3990,No,Rents,6,1,2,11,9,SPECIALIST OFFICE VISIT,TIER 1 NETWORK,CO-PAY IN $,200,0,100,10,100,2,5,high,low,RISK,3
0,0,0,0,Salaried,1625,No,Owns,8,6,5,11,9,SPECIALIST OFFICE VISIT,TIER 1 NETWORK,CO-PAY IN $,200,10,0,100,100,2,5,high,low,RISK,3
1,1,0,0,Hourly,1178,No,Owns,0,1,13,11,9,SPECIALIST OFFICE VISIT,TIER 1 NETWORK,CO-PAY IN $,0,200,100,10,100,2,5,high,low,RISK,3
0,0,0,0,Hourly,2665,No,Rents,2,3,4,11,9,SPECIALIST OFFICE VISIT,TIER 1 NETWORK,CO-PAY IN $,200,10,100,0,100,2,5,high,low,RISK,3
1,1,1,0,Hourly,4144,No,Owns,3,2,0,11,9,SPECIALIST OFFICE VISIT,TIER 1 NETWORK,CO-PAY IN $,0,100,200,10,100,2,5,high,low,RISK,3
0,0,1,0,Hourly,2547,Yes,Owns,7,5,12,11,9,SPECIALIST OFFICE VISIT,TIER 1 NETWORK,CO-PAY IN $,10,200,0,100,100,2,5,high,low,RISK,3
1,0,1,0,Hourly,152,Yes,Owns,8,6,13,11,9,SPECIALIST OFFICE VISIT,TIER 1 NETWORK,CO-PAY IN $,200,10,100,0,100,2,5,high,low,RISK,3
0,0,0,0,Bonus,2909,Yes,Rents,3,4,5,11,9,SPECIALIST OFFICE VISIT,TIER 1 NETWORK,CO-PAY IN $,10,200,100,0,100,2,5,high,low,RISK,3
1,1,0,0,Bonus,2404,Yes,Owns,5,4,8,11,9,SPECIALIST OFFICE VISIT,TIER 1 NETWORK,CO-PAY IN $,0,200,10,100,100,2,5,high,low,RISK,3
1,0,1,1,Bonus,144,Yes,Owns,4,9,4,11,9,SPECIALIST OFFICE VISIT,TIER 1 NETWORK,CO-PAY IN $,10,100,0,200,100,2,5,high,low,RISK,3
1,0,1,0,Hourly,2250,No,Owns,4,7,9,11,9,SPECIALIST OFFICE VISIT,TIER 1 NETWORK,CO-PAY IN $,10,0,100,200,100,2,5,high,low,RISK,3
1,0,0,0,Hourly,4826,No,Owns,4,5,23,11,9,SPECIALIST OFFICE VISIT,TIER 1 NETWORK,CO-PAY IN $,0,200,100,10,100,2,5,high,low,RISK,3
1,1,0,0,Salaried,792,No,Owns,5,1,9,11,9,SPECIALIST OFFICE VISIT,TIER 1 NETWORK,CO-PAY IN $,100,200,10,0,100,2,5,high,low,RISK,3
0,1,0,0,Hourly,3429,No,Rents,8,8,6,11,9,SPECIALIST OFFICE VISIT,TIER 1 NETWORK,CO-PAY IN $,100,200,0,10,100,2,5,high,low,RISK,3
0,1,0,0,Hourly,1596,Yes,Owns,5,2,1,11,9,SPECIALIST OFFICE VISIT,TIER 1 NETWORK,CO-PAY IN $,0,100,200,10,100,2,5,high,low,RISK,3
1,1,1,0,Salaried,83,Yes,Owns,2,10,2,11,9,SPECIALIST OFFICE VISIT,TIER 1 NETWORK,CO-PAY IN $,0,200,10,100,100,2,5,high,low,RISK,3
1,1,0,1,Salaried,3601,No,Owns,1,4,3,11,9,SPECIALIST OFFICE VISIT,TIER 1 NETWORK,CO-PAY IN $,200,0,100,10,100,2,5,high,low,RISK,3
0,0,0,1,Bonus,861,No,Owns,8,2,25,11,9,SPECIALIST OFFICE VISIT,TIER 1 NETWORK,CO-PAY IN $,10,100,0,200,100,2,5,high,low,RISK,3
0,1,1,1,Salaried,2240,Yes,Rents,8,10,10,11,9,SPECIALIST OFFICE VISIT,TIER 1 NETWORK,CO-PAY IN $,10,200,0,100,100,2,5,high,low,RISK,3
0,0,0,0,Hourly,2384,No,Rents,1,7,6,11,9,SPECIALIST OFFICE VISIT,TIER 1 NETWORK,CO-PAY IN $,0,200,100,10,100,2,5,high,low,RISK,3
0,0,0,0,Bonus,2363,Yes,Rents,6,5,5,11,9,SPECIALIST OFFICE VISIT,TIER 1 NETWORK,CO-PAY IN $,10,200,100,0,100,2,5,high,low,RISK,3
0,0,1,0,Salaried,4539,No,Owns,3,10,8,11,9,SPECIALIST OFFICE VISIT,TIER 1 NETWORK,CO-PAY IN $,200,0,100,10,100,2,5,high,low,RISK,3
0,0,0,0,Bonus,489,No,Rents,3,0,4,11,9,SPECIALIST OFFICE VISIT,TIER 1 NETWORK,CO-PAY IN $,100,0,10,200,100,2,5,high,low,RISK,3
0,1,0,1,Bonus,4623,Yes,Owns,2,9,1,11,9,SPECIALIST OFFICE VISIT,TIER 1 NETWORK,CO-PAY IN $,100,200,10,0,100,2,5,high,low,RISK,3
0,0,0,0,Salaried,153,Yes,Owns,0,4,5,11,9,SPECIALIST OFFICE VISIT,TIER 1 NETWORK,CO-PAY IN $,200,0,100,10,100,2,5,high,low,RISK,3
0,1,1,0,Salaried,3954,No,Owns,1,1,2,11,9,SPECIALIST OFFICE VISIT,TIER 1 NETWORK,CO-PAY IN $,0,10,100,200,100,2,5,high,low,RISK,3
0,0,0,0,Salaried,4742,No,Rents,0,6,5,11,9,SPECIALIST OFFICE VISIT,TIER 1 NETWORK,CO-PAY IN $,10,200,0,100,100,2,5,high,low,RISK,3
0,0,0,0,Hourly,3289,No,Rents,8,1,13,11,9,SPECIALIST OFFICE VISIT,TIER 1 NETWORK,CO-PAY IN $,10,0,200,100,100,2,5,high,low,RISK,3
0,0,0,0,Bonus,3409,Yes,Rents,6,3,4,11,9,SPECIALIST OFFICE VISIT,TIER 1 NETWORK,CO-PAY IN $,200,100,0,10,100,2,5,high,low,RISK,3
0,0,1,0,Bonus,3179,No,Rents,2,2,0,11,9,SPECIALIST OFFICE VISIT,TIER 1 NETWORK,CO-PAY IN $,10,200,100,0,100,2,5,high,low,RISK,3
0,0,0,0,Bonus,4271,No,Rents,3,5,12,11,9,SPECIALIST OFFICE VISIT,TIER 1 NETWORK,CO-PAY IN $,10,0,200,100,100,2,5,high,low,RISK,3
0,0,0,0,Hourly,4605,Yes,Rents,4,6,13,11,9,SPECIALIST OFFICE VISIT,TIER 1 NETWORK,CO-PAY IN $,200,0,10,100,100,2,5,high,low,RISK,3
0,1,1,1,Salaried,3042,Yes,Rents,1,4,5,11,9,SPECIALIST OFFICE VISIT,TIER 1 NETWORK,CO-PAY IN $,100,10,200,0,100,2,5,high,low,RISK,3
0,1,1,0,Hourly,170,No,Rents,9,4,8,11,9,SPECIALIST OFFICE VISIT,TIER 1 NETWORK,CO-PAY IN $,0,100,10,200,100,2,5,high,low,RISK,3
0,0,0,1,Salaried,2062,No,Rents,2,9,4,11,9,SPECIALIST OFFICE VISIT,TIER 1 NETWORK,CO-PAY IN $,100,10,0,200,100,2,5,high,low,RISK,3
1,0,1,1,Bonus,1962,No,Rents,0,7,9,11,9,SPECIALIST OFFICE VISIT,TIER 1 NETWORK,CO-PAY IN $,0,10,200,100,100,2,5,high,low,RISK,3
0,0,0,0,Bonus,1006,No,Owns,5,5,23,11,9,SPECIALIST OFFICE VISIT,TIER 1 NETWORK,CO-PAY IN $,0,200,100,10,100,2,5,high,low,RISK,3
0,1,0,1,Salaried,4555,No,Rents,2,1,9,11,9,SPECIALIST OFFICE VISIT,TIER 1 NETWORK,CO-PAY IN $,10,200,100,0,100,2,5,high,low,RISK,3
1,0,1,0,Bonus,458,No,Rents,4,8,6,11,9,SPECIALIST OFFICE VISIT,TIER 1 NETWORK,CO-PAY IN $,10,0,200,100,100,2,5,high,low,RISK,3
1,0,1,0,Hourly,1593,No,Owns,0,2,1,11,9,SPECIALIST OFFICE VISIT,TIER 1 NETWORK,CO-PAY IN $,200,10,100,0,100,2,5,high,low,RISK,3
0,1,0,0,Hourly,4519,Yes,Owns,4,10,2,11,9,SPECIALIST OFFICE VISIT,TIER 1 NETWORK,CO-PAY IN $,200,10,100,0,100,2,5,high,low,RISK,3
0,1,0,0,Bonus,2639,No,Rents,0,4,3,11,9,SPECIALIST OFFICE VISIT,TIER 1 NETWORK,CO-PAY IN $,10,100,200,0,100,2,5,high,low,RISK,3
0,0,1,0,Hourly,2563,Yes,Rents,8,2,25,11,9,SPECIALIST OFFICE VISIT,TIER 1 NETWORK,CO-PAY IN $,10,100,0,200,100,2,5,high,low,RISK,3
0,0,1,1,Bonus,2810,Yes,Owns,8,10,10,11,9,SPECIALIST OFFICE VISIT,TIER 1 NETWORK,CO-PAY IN $,0,200,100,10,100,2,5,high,low,RISK,3
0,0,1,0,Hourly,2299,Yes,Owns,6,5,5,11,9,SPECIALIST OFFICE VISIT,TIER 1 NETWORK,CO-PAY IN $,200,0,10,100,100,2,5,high,low,RISK,3
0,0,1,1,Hourly,1155,No,Rents,1,10,8,11,9,SPECIALIST OFFICE VISIT,TIER 1 NETWORK,CO-PAY IN $,0,10,100,200,100,2,5,high,low,RISK,3
1,0,1,0,Bonus,1856,Yes,Rents,7,0,4,11,9,SPECIALIST OFFICE VISIT,TIER 1 NETWORK,CO-PAY IN $,0,100,200,10,100,2,5,high,low,RISK,3
1,1,0,0,Salaried,3352,Yes,Rents,1,9,1,11,9,SPECIALIST OFFICE VISIT,TIER 1 NETWORK,CO-PAY IN $,0,100,200,10,100,2,5,high,low,RISK,3
1,0,0,0,Hourly,3735,Yes,Owns,8,4,5,11,9,SPECIALIST OFFICE VISIT,TIER 1 NETWORK,CO-PAY IN $,10,200,0,100,100,2,5,high,low,RISK,3
1,0,0,1,Salaried,1125,Yes,Rents,1,1,2,11,9,SPECIALIST OFFICE VISIT,TIER 1 NETWORK,CO-PAY IN $,10,100,0,200,100,2,5,high,low,RISK,3
1,0,1,0,Bonus,4695,No,Owns,0,6,5,11,9,SPECIALIST OFFICE VISIT,TIER 1 NETWORK,CO-PAY IN $,10,100,200,0,100,2,5,high,low,RISK,3
0,0,0,1,Salaried,1210,No,Rents,9,1,13,11,9,SPECIALIST OFFICE VISIT,TIER 1 NETWORK,CO-PAY IN $,100,10,200,0,100,2,5,high,low,RISK,3
1,1,1,0,Bonus,3149,No,Owns,1,3,4,11,9,SPECIALIST OFFICE VISIT,TIER 1 NETWORK,CO-PAY IN $,100,200,0,10,100,2,5,high,low,RISK,3
1,0,0,0,Bonus,3757,No,Rents,1,2,0,11,9,SPECIALIST OFFICE VISIT,TIER 1 NETWORK,CO-PAY IN $,100,200,0,10,100,2,5,high,low,RISK,3
1,0,1,1,Salaried,4038,Yes,Rents,5,5,12,11,9,SPECIALIST OFFICE VISIT,TIER 1 NETWORK,CO-PAY IN $,100,200,10,0,100,2,5,high,low,RISK,3
0,0,0,1,Bonus,381,No,Owns,2,6,13,11,9,SPECIALIST OFFICE VISIT,TIER 1 NETWORK,CO-PAY IN $,10,200,0,100,100,2,5,high,low,RISK,3
0,0,0,0,Hourly,2879,Yes,Rents,9,4,5,11,9,SPECIALIST OFFICE VISIT,TIER 1 NETWORK,CO-PAY IN $,100,200,0,10,100,2,5,high,low,RISK,3
0,1,0,0,Hourly,2246,No,Owns,9,4,8,11,9,SPECIALIST OFFICE VISIT,TIER 1 NETWORK,CO-PAY IN $,200,100,10,0,100,2,5,high,low,RISK,3
0,1,0,0,Hourly,3337,No,Rents,1,9,4,11,9,SPECIALIST OFFICE VISIT,TIER 1 NETWORK,CO-PAY IN $,200,10,0,100,100,2,5,high,low,RISK,3
1,0,0,0,Hourly,874,No,Owns,9,7,9,11,9,SPECIALIST OFFICE VISIT,TIER 1 NETWORK,CO-PAY IN $,0,10,200,100,100,2,5,high,low,RISK,3
0,1,0,0,Hourly,4470,Yes,Owns,0,5,23,11,9,SPECIALIST OFFICE VISIT,TIER 1 NETWORK,CO-PAY IN $,10,200,0,100,100,2,5,high,low,RISK,3
1,0,1,0,Hourly,3252,Yes,Owns,4,1,9,11,9,SPECIALIST OFFICE VISIT,TIER 1 NETWORK,CO-PAY IN $,0,100,10,200,100,2,5,high,low,RISK,3
0,1,0,0,Hourly,176,Yes,Rents,3,8,6,11,9,SPECIALIST OFFICE VISIT,TIER 1 NETWORK,CO-PAY IN $,0,100,10,200,100,2,5,high,low,RISK,3
0,0,1,0,Hourly,3681,Yes,Owns,1,2,1,11,9,SPECIALIST OFFICE VISIT,TIER 1 NETWORK,CO-PAY IN $,10,200,100,0,100,2,5,high,low,RISK,3
0,1,1,1,Hourly,1019,Yes,Owns,8,10,2,11,9,SPECIALIST OFFICE VISIT,TIER 1 NETWORK,CO-PAY IN $,10,200,100,0,100,2,5,high,low,RISK,3
0,1,1,0,Bonus,4493,Yes,Owns,10,4,3,11,9,SPECIALIST OFFICE VISIT,TIER 1 NETWORK,CO-PAY IN $,10,200,100,0,100,2,5,high,low,RISK,3
0,1,1,0,Salaried,1012,Yes,Owns,8,2,25,11,9,SPECIALIST OFFICE VISIT,TIER 1 NETWORK,CO-PAY IN $,0,200,10,100,100,2,5,high,low,RISK,3
0,0,0,0,Bonus,1248,Yes,Rents,1,10,10,11,9,SPECIALIST OFFICE VISIT,TIER 1 NETWORK,CO-PAY IN $,10,100,200,0,100,2,5,high,low,RISK,3
0,0,0,0,Salaried,1214,No,Owns,1,7,6,11,9,SPECIALIST OFFICE VISIT,TIER 1 NETWORK,CO-PAY IN $,200,10,0,100,100,2,5,high,low,RISK,3
1,0,0,0,Salaried,2852,Yes,Rents,1,5,5,11,9,SPECIALIST OFFICE VISIT,TIER 1 NETWORK,CO-PAY IN $,0,100,10,200,100,2,5,high,low,RISK,3
0,0,0,0,Bonus,1440,Yes,Owns,4,10,8,11,9,SPECIALIST OFFICE VISIT,TIER 1 NETWORK,CO-PAY IN $,100,200,10,0,100,2,5,high,low,RISK,3
1,0,1,0,Bonus,2951,No,Owns,4,0,4,11,9,SPECIALIST OFFICE VISIT,TIER 1 NETWORK,CO-PAY IN $,200,100,0,10,100,2,5,high,low,RISK,3
2,1,0,2,Salaried,4377,No,Rents,10,19,27,11,10,SPECIALIST OFFICE VISIT,TIER 1 NETWORK,CO-PAY IN $,10,0,200,100,100,2,10,high,low,RISK,3
0,1,1,0,Salaried,1919,No,Owns,10,15,31,11,10,SPECIALIST OFFICE VISIT,TIER 1 NETWORK,CO-PAY IN $,100,200,0,10,100,2,10,high,low,RISK,3
1,1,0,0,Salaried,4671,Yes,Rents,15,12,28,11,10,SPECIALIST OFFICE VISIT,TIER 1 NETWORK,CO-PAY IN $,100,10,0,200,100,2,10,high,low,RISK,3
2,1,0,0,Bonus,1139,No,Owns,13,16,31,11,10,SPECIALIST OFFICE VISIT,TIER 1 NETWORK,CO-PAY IN $,200,10,100,0,100,2,10,high,low,RISK,3
1,1,2,1,Bonus,3085,No,Rents,9,12,39,11,10,SPECIALIST OFFICE VISIT,TIER 1 NETWORK,CO-PAY IN $,0,200,100,10,100,2,10,high,low,RISK,3
0,1,2,0,Salaried,912,Yes,Rents,16,14,30,11,10,SPECIALIST OFFICE VISIT,TIER 1 NETWORK,CO-PAY IN $,0,100,10,200,100,2,10,high,low,RISK,3
1,0,2,1,Hourly,3561,Yes,Owns,12,13,26,11,10,SPECIALIST OFFICE VISIT,TIER 1 NETWORK,CO-PAY IN $,200,0,10,100,100,2,10,high,low,RISK,3
1,2,0,0,Hourly,4350,No,Rents,7,16,37,11,10,SPECIALIST OFFICE VISIT,TIER 1 NETWORK,CO-PAY IN $,200,100,10,0,100,2,10,high,low,RISK,3
2,2,1,2,Salaried,3664,No,Owns,7,16,39,11,10,SPECIALIST OFFICE VISIT,TIER 1 NETWORK,CO-PAY IN $,10,0,100,200,100,2,10,high,low,RISK,3
0,0,0,1,Bonus,1972,Yes,Owns,17,14,30,11,10,SPECIALIST OFFICE VISIT,TIER 1 NETWORK,CO-PAY IN $,200,10,0,100,100,2,10,high,low,RISK,3
1,0,2,2,Salaried,1235,Yes,Rents,14,14,34,11,10,SPECIALIST OFFICE VISIT,TIER 1 NETWORK,CO-PAY IN $,0,200,100,10,100,2,10,high,low,RISK,3
0,2,0,1,Bonus,2294,Yes,Owns,10,19,30,11,10,SPECIALIST OFFICE VISIT,TIER 1 NETWORK,CO-PAY IN $,100,0,10,200,100,2,10,high,low,RISK,3
0,1,2,0,Salaried,4592,Yes,Rents,16,17,35,11,10,SPECIALIST OFFICE VISIT,TIER 1 NETWORK,CO-PAY IN $,10,100,200,0,100,2,10,high,low,RISK,3
0,0,1,1,Hourly,2183,Yes,Owns,6,15,48,11,10,SPECIALIST OFFICE VISIT,TIER 1 NETWORK,CO-PAY IN $,100,0,200,10,100,2,10,high,low,RISK,3
1,1,2,1,Salaried,1622,Yes,Rents,8,12,35,11,10,SPECIALIST OFFICE VISIT,TIER 1 NETWORK,CO-PAY IN $,0,100,10,200,100,2,10,high,low,RISK,3
1,2,1,2,Salaried,4259,Yes,Rents,6,18,32,11,10,SPECIALIST OFFICE VISIT,TIER 1 NETWORK,CO-PAY IN $,10,100,200,0,100,2,10,high,low,RISK,3
2,1,1,2,Salaried,4138,No,Owns,17,13,27,11,10,SPECIALIST OFFICE VISIT,TIER 1 NETWORK,CO-PAY IN $,100,10,200,0,100,2,10,high,low,RISK,3
2,0,1,2,Bonus,2742,No,Owns,17,20,28,11,10,SPECIALIST OFFICE VISIT,TIER 1 NETWORK,CO-PAY IN $,10,0,200,100,100,2,10,high,low,RISK,3
1,1,0,2,Bonus,4027,Yes,Rents,8,14,29,11,10,SPECIALIST OFFICE VISIT,TIER 1 NETWORK,CO-PAY IN $,0,100,10,200,100,2,10,high,low,RISK,3
1,1,0,0,Bonus,3643,No,Rents,16,13,50,11,10,SPECIALIST OFFICE VISIT,TIER 1 NETWORK,CO-PAY IN $,0,100,10,200,100,2,10,high,low,RISK,3
1,0,2,0,Salaried,1855,No,Rents,17,20,35,11,10,SPECIALIST OFFICE VISIT,TIER 1 NETWORK,CO-PAY IN $,100,0,10,200,100,2,10,high,low,RISK,3
1,2,0,1,Bonus,4199,No,Owns,14,17,32,11,10,SPECIALIST OFFICE VISIT,TIER 1 NETWORK,CO-PAY IN $,200,100,0,10,100,2,10,high,low,RISK,3
0,2,1,0,Salaried,358,No,Rents,12,16,31,11,10,SPECIALIST OFFICE VISIT,TIER 1 NETWORK,CO-PAY IN $,0,10,100,200,100,2,10,high,low,RISK,3
1,1,1,1,Salaried,2175,No,Owns,16,20,34,11,10,SPECIALIST OFFICE VISIT,TIER 1 NETWORK,CO-PAY IN $,200,10,0,100,100,2,10,high,low,RISK,3
1,1,0,0,Bonus,2804,No,Owns,11,11,30,11,10,SPECIALIST OFFICE VISIT,TIER 1 NETWORK,CO-PAY IN $,100,200,10,0,100,2,10,high,low,RISK,3
2,1,2,1,Bonus,2793,Yes,Owns,17,19,27,11,10,SPECIALIST OFFICE VISIT,TIER 1 NETWORK,CO-PAY IN $,0,10,100,200,100,2,10,high,low,RISK,3
2,0,2,0,Salaried,1366,No,Owns,14,15,31,11,10,SPECIALIST OFFICE VISIT,TIER 1 NETWORK,CO-PAY IN $,100,0,200,10,100,2,10,high,low,RISK,3
0,1,1,2,Salaried,3990,No,Rents,13,12,28,11,10,SPECIALIST OFFICE VISIT,TIER 1 NETWORK,CO-PAY IN $,10,0,200,100,100,2,10,high,low,RISK,3
0,1,1,0,Salaried,1625,No,Owns,16,16,31,11,10,SPECIALIST OFFICE VISIT,TIER 1 NETWORK,CO-PAY IN $,10,200,0,100,100,2,10,high,low,RISK,3
1,2,0,0,Hourly,1178,No,Owns,5,12,39,11,10,SPECIALIST OFFICE VISIT,TIER 1 NETWORK,CO-PAY IN $,200,0,100,10,100,2,10,high,low,RISK,3
1,1,0,0,Hourly,2665,No,Rents,8,14,30,11,10,SPECIALIST OFFICE VISIT,TIER 1 NETWORK,CO-PAY IN $,100,10,0,200,100,2,10,high,low,RISK,3
1,1,2,0,Hourly,4144,No,Owns,9,13,26,11,10,SPECIALIST OFFICE VISIT,TIER 1 NETWORK,CO-PAY IN $,10,0,200,100,100,2,10,high,low,RISK,3
1,1,2,0,Hourly,2547,Yes,Owns,14,16,37,11,10,SPECIALIST OFFICE VISIT,TIER 1 NETWORK,CO-PAY IN $,10,0,100,200,100,2,10,high,low,RISK,3
1,1,1,0,Hourly,152,Yes,Owns,15,16,39,11,10,SPECIALIST OFFICE VISIT,TIER 1 NETWORK,CO-PAY IN $,100,200,10,0,100,2,10,high,low,RISK,3
0,0,0,0,Bonus,2909,Yes,Rents,9,14,30,11,10,SPECIALIST OFFICE VISIT,TIER 1 NETWORK,CO-PAY IN $,10,200,100,0,100,2,10,high,low,RISK,3
2,2,1,1,Bonus,2404,Yes,Owns,11,14,34,11,10,SPECIALIST OFFICE VISIT,TIER 1 NETWORK,CO-PAY IN $,200,10,100,0,100,2,10,high,low,RISK,3
2,0,1,2,Bonus,144,Yes,Owns,10,19,30,11,10,SPECIALIST OFFICE VISIT,TIER 1 NETWORK,CO-PAY IN $,0,10,100,200,100,2,10,high,low,RISK,3
2,0,1,0,Hourly,2250,No,Owns,11,17,35,11,10,SPECIALIST OFFICE VISIT,TIER 1 NETWORK,CO-PAY IN $,0,100,10,200,100,2,10,high,low,RISK,3
2,0,0,0,Hourly,4826,No,Owns,10,15,48,11,10,SPECIALIST OFFICE VISIT,TIER 1 NETWORK,CO-PAY IN $,10,0,200,100,100,2,10,high,low,RISK,3
1,1,0,0,Salaried,792,No,Owns,12,12,35,11,10,SPECIALIST OFFICE VISIT,TIER 1 NETWORK,CO-PAY IN $,200,10,100,0,100,2,10,high,low,RISK,3
0,2,0,1,Hourly,3429,No,Rents,15,18,32,11,10,SPECIALIST OFFICE VISIT,TIER 1 NETWORK,CO-PAY IN $,200,100,10,0,100,2,10,high,low,RISK,3
0,2,0,1,Hourly,1596,Yes,Owns,11,13,27,11,10,SPECIALIST OFFICE VISIT,TIER 1 NETWORK,CO-PAY IN $,0,200,10,100,100,2,10,high,low,RISK,3
1,1,2,0,Salaried,83,Yes,Owns,7,20,28,11,10,SPECIALIST OFFICE VISIT,TIER 1 NETWORK,CO-PAY IN $,100,0,200,10,100,2,10,high,low,RISK,3
1,2,0,2,Salaried,3601,No,Owns,6,14,29,11,10,SPECIALIST OFFICE VISIT,TIER 1 NETWORK,CO-PAY IN $,200,10,100,0,100,2,10,high,low,RISK,3
1,1,0,1,Bonus,861,No,Owns,15,13,50,11,10,SPECIALIST OFFICE VISIT,TIER 1 NETWORK,CO-PAY IN $,0,10,200,100,100,2,10,high,low,RISK,3
0,2,2,2,Salaried,2240,Yes,Rents,15,20,35,11,10,SPECIALIST OFFICE VISIT,TIER 1 NETWORK,CO-PAY IN $,10,0,200,100,100,2,10,high,low,RISK,3
1,0,0,0,Hourly,2384,No,Rents,6,17,32,11,10,SPECIALIST OFFICE VISIT,TIER 1 NETWORK,CO-PAY IN $,200,100,10,0,100,2,10,high,low,RISK,3
0,0,0,0,Bonus,2363,Yes,Rents,12,16,31,11,10,SPECIALIST OFFICE VISIT,TIER 1 NETWORK,CO-PAY IN $,0,200,100,10,100,2,10,high,low,RISK,3
1,1,2,0,Salaried,4539,No,Owns,10,20,34,11,10,SPECIALIST OFFICE VISIT,TIER 1 NETWORK,CO-PAY IN $,0,100,200,10,100,2,10,high,low,RISK,3
1,1,0,0,Bonus,489,No,Rents,9,11,30,11,10,SPECIALIST OFFICE VISIT,TIER 1 NETWORK,CO-PAY IN $,100,10,200,0,100,2,10,high,low,RISK,3
1,2,0,2,Bonus,4623,Yes,Owns,7,19,27,11,10,SPECIALIST OFFICE VISIT,TIER 1 NETWORK,CO-PAY IN $,0,10,100,200,100,2,10,high,low,RISK,3
1,0,0,0,Salaried,153,Yes,Owns,5,15,31,11,10,SPECIALIST OFFICE VISIT,TIER 1 NETWORK,CO-PAY IN $,100,0,200,10,100,2,10,high,low,RISK,3
0,2,2,1,Salaried,3954,No,Owns,6,12,28,11,10,SPECIALIST OFFICE VISIT,TIER 1 NETWORK,CO-PAY IN $,10,0,100,200,100,2,10,high,low,RISK,3
0,1,0,0,Salaried,4742,No,Rents,5,16,31,11,10,SPECIALIST OFFICE VISIT,TIER 1 NETWORK,CO-PAY IN $,100,0,200,10,100,2,10,high,low,RISK,3
0,0,0,1,Hourly,3289,No,Rents,15,12,39,11,10,SPECIALIST OFFICE VISIT,TIER 1 NETWORK,CO-PAY IN $,0,200,10,100,100,2,10,high,low,RISK,3
0,0,1,1,Bonus,3409,Yes,Rents,13,14,30,11,10,SPECIALIST OFFICE VISIT,TIER 1 NETWORK,CO-PAY IN $,0,10,200,100,100,2,10,high,low,RISK,3
0,0,2,1,Bonus,3179,No,Rents,8,13,26,11,10,SPECIALIST OFFICE VISIT,TIER 1 NETWORK,CO-PAY IN $,200,10,0,100,100,2,10,high,low,RISK,3
0,0,0,1,Bonus,4271,No,Rents,9,16,37,11,10,SPECIALIST OFFICE VISIT,TIER 1 NETWORK,CO-PAY IN $,200,0,10,100,100,2,10,high,low,RISK,3
0,0,0,0,Hourly,4605,Yes,Rents,10,16,39,11,10,SPECIALIST OFFICE VISIT,TIER 1 NETWORK,CO-PAY IN $,10,100,0,200,100,2,10,high,low,RISK,3
0,2,2,2,Salaried,3042,Yes,Rents,6,14,30,11,10,SPECIALIST OFFICE VISIT,TIER 1 NETWORK,CO-PAY IN $,100,0,200,10,100,2,10,high,low,RISK,3
0,2,2,0,Hourly,170,No,Rents,16,14,34,11,10,SPECIALIST OFFICE VISIT,TIER 1 NETWORK,CO-PAY IN $,0,200,10,100,100,2,10,high,low,RISK,3
0,1,0,2,Salaried,2062,No,Rents,7,19,30,11,10,SPECIALIST OFFICE VISIT,TIER 1 NETWORK,CO-PAY IN $,10,0,100,200,100,2,10,high,low,RISK,3
1,1,2,2,Bonus,1962,No,Rents,5,17,35,11,10,SPECIALIST OFFICE VISIT,TIER 1 NETWORK,CO-PAY IN $,200,10,100,0,100,2,10,high,low,RISK,3
0,0,0,0,Bonus,1006,No,Owns,11,15,48,11,10,SPECIALIST OFFICE VISIT,TIER 1 NETWORK,CO-PAY IN $,100,200,10,0,100,2,10,high,low,RISK,3
0,2,1,2,Salaried,4555,No,Rents,8,12,35,11,10,SPECIALIST OFFICE VISIT,TIER 1 NETWORK,CO-PAY IN $,10,200,100,0,100,2,10,high,low,RISK,3
2,1,1,0,Bonus,458,No,Rents,10,18,32,11,10,SPECIALIST OFFICE VISIT,TIER 1 NETWORK,CO-PAY IN $,200,100,10,0,100,2,10,high,low,RISK,3
2,0,2,1,Hourly,1593,No,Owns,5,13,27,11,10,SPECIALIST OFFICE VISIT,TIER 1 NETWORK,CO-PAY IN $,100,200,10,0,100,2,10,high,low,RISK,3
0,2,0,1,Hourly,4519,Yes,Owns,11,20,28,11,10,SPECIALIST OFFICE VISIT,TIER 1 NETWORK,CO-PAY IN $,0,100,10,200,100,2,10,high,low,RISK,3
0,1,0,0,Bonus,2639,No,Rents,5,14,29,11,10,SPECIALIST OFFICE VISIT,TIER 1 NETWORK,CO-PAY IN $,0,200,10,100,100,2,10,high,low,RISK,3
0,0,2,1,Hourly,2563,Yes,Rents,15,13,50,11,10,SPECIALIST OFFICE VISIT,TIER 1 NETWORK,CO-PAY IN $,0,200,10,100,100,2,10,high,low,RISK,3
0,1,2,1,Bonus,2810,Yes,Owns,15,20,35,11,10,SPECIALIST OFFICE VISIT,TIER 1 NETWORK,CO-PAY IN $,200,0,100,10,100,2,10,high,low,RISK,3
1,1,0,1,Hourly,2954,Yes,Owns,18,17,32,11,10,SPECIALIST OFFICE VISIT,TIER 1 NETWORK,CO-PAY IN $,0,200,100,10,100,2,10,high,low,RISK,3
1,0,2,0,Hourly,2299,Yes,Owns,13,16,31,11,10,SPECIALIST OFFICE VISIT,TIER 1 NETWORK,CO-PAY IN $,0,10,100,200,100,2,10,high,low,RISK,3
0,0,1,2,Hourly,1155,No,Rents,6,20,34,11,10,SPECIALIST OFFICE VISIT,TIER 1 NETWORK,CO-PAY IN $,10,100,0,200,100,2,10,high,low,RISK,3
1,0,2,0,Bonus,1856,Yes,Rents,14,11,30,11,10,SPECIALIST OFFICE VISIT,TIER 1 NETWORK,CO-PAY IN $,10,0,100,200,100,2,10,high,low,RISK,3
2,1,1,0,Salaried,3352,Yes,Rents,6,19,27,11,10,SPECIALIST OFFICE VISIT,TIER 1 NETWORK,CO-PAY IN $,0,10,100,200,100,2,10,high,low,RISK,3
2,0,0,1,Hourly,3735,Yes,Owns,15,15,31,11,10,SPECIALIST OFFICE VISIT,TIER 1 NETWORK,CO-PAY IN $,200,100,10,0,100,2,10,high,low,RISK,3
2,1,0,2,Salaried,1125,Yes,Rents,6,12,28,11,10,SPECIALIST OFFICE VISIT,TIER 1 NETWORK,CO-PAY IN $,0,10,200,100,100,2,10,high,low,RISK,3
2,0,1,0,Bonus,4695,No,Owns,5,16,31,11,10,SPECIALIST OFFICE VISIT,TIER 1 NETWORK,CO-PAY IN $,10,200,100,0,100,2,10,high,low,RISK,3
1,1,1,1,Salaried,1210,No,Rents,17,12,39,11,10,SPECIALIST OFFICE VISIT,TIER 1 NETWORK,CO-PAY IN $,0,10,100,200,100,2,10,high,low,RISK,3
1,2,1,0,Bonus,3149,No,Owns,6,14,30,11,10,SPECIALIST OFFICE VISIT,TIER 1 NETWORK,CO-PAY IN $,0,10,200,100,100,2,10,high,low,RISK,3
1,1,1,1,Bonus,3757,No,Rents,6,13,26,11,10,SPECIALIST OFFICE VISIT,TIER 1 NETWORK,CO-PAY IN $,100,10,0,200,100,2,10,high,low,RISK,3
1,0,2,1,Salaried,4038,Yes,Rents,12,16,37,11,10,SPECIALIST OFFICE VISIT,TIER 1 NETWORK,CO-PAY IN $,0,10,200,100,100,2,10,high,low,RISK,3
0,0,0,2,Bonus,381,No,Owns,8,16,39,11,10,SPECIALIST OFFICE VISIT,TIER 1 NETWORK,CO-PAY IN $,100,10,0,200,100,2,10,high,low,RISK,3
0,0,1,1,Hourly,2879,Yes,Rents,16,14,30,11,10,SPECIALIST OFFICE VISIT,TIER 1 NETWORK,CO-PAY IN $,100,0,200,10,100,2,10,high,low,RISK,3
1,2,0,0,Hourly,2246,No,Owns,17,14,34,11,10,SPECIALIST OFFICE VISIT,TIER 1 NETWORK,CO-PAY IN $,0,200,100,10,100,2,10,high,low,RISK,3
0,2,1,0,Hourly,3337,No,Rents,7,19,30,11,10,SPECIALIST OFFICE VISIT,TIER 1 NETWORK,CO-PAY IN $,100,10,0,200,100,2,10,high,low,RISK,3
0,1,0,0,Hourly,4470,Yes,Owns,6,15,48,11,10,SPECIALIST OFFICE VISIT,TIER 1 NETWORK,CO-PAY IN $,200,0,100,10,100,2,10,high,low,RISK,3
2,0,1,1,Hourly,3252,Yes,Owns,10,12,35,11,10,SPECIALIST OFFICE VISIT,TIER 1 NETWORK,CO-PAY IN $,0,200,10,100,100,2,10,high,low,RISK,3
0,2,0,1,Hourly,176,Yes,Rents,9,18,32,11,10,SPECIALIST OFFICE VISIT,TIER 1 NETWORK,CO-PAY IN $,100,10,0,200,100,2,10,high,low,RISK,3
1,0,2,0,Hourly,3681,Yes,Owns,6,13,27,11,10,SPECIALIST OFFICE VISIT,TIER 1 NETWORK,CO-PAY IN $,100,10,0,200,100,2,10,high,low,RISK,3
1,2,1,2,Hourly,1019,Yes,Owns,15,20,28,11,10,SPECIALIST OFFICE VISIT,TIER 1 NETWORK,CO-PAY IN $,200,100,10,0,100,2,10,high,low,RISK,3
1,2,1,1,Bonus,4493,Yes,Owns,18,14,29,11,10,SPECIALIST OFFICE VISIT,TIER 1 NETWORK,CO-PAY IN $,10,200,100,0,100,2,10,high,low,RISK,3
1,2,2,0,Salaried,1012,Yes,Owns,15,13,50,11,10,SPECIALIST OFFICE VISIT,TIER 1 NETWORK,CO-PAY IN $,100,200,10,0,100,2,10,high,low,RISK,3
0,0,1,1,Bonus,1248,Yes,Rents,7,20,35,11,10,SPECIALIST OFFICE VISIT,TIER 1 NETWORK,CO-PAY IN $,10,100,0,200,100,2,10,high,low,RISK,3
0,0,1,0,Salaried,1214,No,Owns,6,17,32,11,10,SPECIALIST OFFICE VISIT,TIER 1 NETWORK,CO-PAY IN $,100,10,0,200,100,2,10,high,low,RISK,3
1,0,0,0,Bonus,1440,Yes,Owns,10,20,34,11,10,SPECIALIST OFFICE VISIT,TIER 1 NETWORK,CO-PAY IN $,100,10,200,0,100,2,10,high,low,RISK,3
1,0,1,0,Bonus,2951,No,Owns,11,11,30,11,10,SPECIALIST OFFICE VISIT,TIER 1 NETWORK,CO-PAY IN $,200,100,0,10,100,2,10,high,low,RISK,3
3,2,1,3,Salaried,4377,No,Rents,24,48,52,11,11,SPECIALIST OFFICE VISIT,TIER 1 NETWORK,CO-PAY IN $,100,10,0,200,10,3,20,high,low,RISK,3
1,1,2,1,Salaried,1919,No,Owns,25,33,56,11,11,SPECIALIST OFFICE VISIT,TIER 1 NETWORK,CO-PAY IN $,100,0,200,10,10,3,20,high,low,RISK,3
2,2,1,1,Salaried,4671,Yes,Rents,33,23,53,11,11,SPECIALIST OFFICE VISIT,TIER 1 NETWORK,CO-PAY IN $,100,10,200,0,10,3,20,high,low,RISK,3
3,2,1,1,Bonus,1139,No,Owns,29,38,56,11,11,SPECIALIST OFFICE VISIT,TIER 1 NETWORK,CO-PAY IN $,0,100,10,200,10,3,20,high,low,RISK,3
1,2,3,2,Bonus,3085,No,Rents,23,24,64,11,11,SPECIALIST OFFICE VISIT,TIER 1 NETWORK,CO-PAY IN $,0,100,10,200,10,3,20,high,low,RISK,3
1,2,3,1,Salaried,912,Yes,Rents,37,29,55,11,11,SPECIALIST OFFICE VISIT,TIER 1 NETWORK,CO-PAY IN $,10,200,0,100,10,3,20,high,low,RISK,3
2,1,3,2,Hourly,3561,Yes,Owns,28,26,51,11,11,SPECIALIST OFFICE VISIT,TIER 1 NETWORK,CO-PAY IN $,10,200,100,0,10,3,20,high,low,RISK,3
2,3,1,1,Hourly,4350,No,Rents,19,36,62,11,11,SPECIALIST OFFICE VISIT,TIER 1 NETWORK,CO-PAY IN $,100,0,200,10,10,3,20,high,low,RISK,3
3,3,2,3,Salaried,3664,No,Owns,18,38,64,11,11,SPECIALIST OFFICE VISIT,TIER 1 NETWORK,CO-PAY IN $,10,200,0,100,10,3,20,high,low,RISK,3
1,1,1,1,Bonus,1972,Yes,Owns,38,31,55,11,11,SPECIALIST OFFICE VISIT,TIER 1 NETWORK,CO-PAY IN $,100,200,10,0,10,3,20,high,low,RISK,3
1,1,3,3,Salaried,1235,Yes,Rents,32,31,59,11,11,SPECIALIST OFFICE VISIT,TIER 1 NETWORK,CO-PAY IN $,200,0,100,10,10,3,20,high,low,RISK,3
1,3,1,2,Bonus,2294,Yes,Owns,25,47,55,11,11,SPECIALIST OFFICE VISIT,TIER 1 NETWORK,CO-PAY IN $,0,200,10,100,10,3,20,high,low,RISK,3
1,2,3,1,Salaried,4592,Yes,Rents,37,41,60,11,11,SPECIALIST OFFICE VISIT,TIER 1 NETWORK,CO-PAY IN $,0,10,100,200,10,3,20,high,low,RISK,3
1,1,1,2,Hourly,2183,Yes,Owns,16,35,73,11,11,SPECIALIST OFFICE VISIT,TIER 1 NETWORK,CO-PAY IN $,100,10,0,200,10,3,20,high,low,RISK,3
2,2,3,2,Salaried,1622,Yes,Rents,21,24,60,11,11,SPECIALIST OFFICE VISIT,TIER 1 NETWORK,CO-PAY IN $,200,0,10,100,10,3,20,high,low,RISK,3
2,3,1,3,Salaried,4259,Yes,Rents,17,43,57,11,11,SPECIALIST OFFICE VISIT,TIER 1 NETWORK,CO-PAY IN $,100,200,10,0,10,3,20,high,low,RISK,3
3,2,2,3,Salaried,4138,No,Owns,37,25,52,11,11,SPECIALIST OFFICE VISIT,TIER 1 NETWORK,CO-PAY IN $,0,10,200,100,10,3,20,high,low,RISK,3
3,1,2,3,Bonus,2742,No,Owns,39,50,53,11,11,SPECIALIST OFFICE VISIT,TIER 1 NETWORK,CO-PAY IN $,200,0,100,10,10,3,20,high,low,RISK,3
1,1,1,3,Bonus,4027,Yes,Rents,21,31,54,11,11,SPECIALIST OFFICE VISIT,TIER 1 NETWORK,CO-PAY IN $,200,100,10,0,10,3,20,high,low,RISK,3
2,2,1,1,Bonus,3643,No,Rents,35,26,75,11,11,SPECIALIST OFFICE VISIT,TIER 1 NETWORK,CO-PAY IN $,10,200,0,100,10,3,20,high,low,RISK,3
2,1,3,1,Salaried,1855,No,Rents,39,49,60,11,11,SPECIALIST OFFICE VISIT,TIER 1 NETWORK,CO-PAY IN $,200,10,100,0,10,3,20,high,low,RISK,3
1,3,2,1,Salaried,358,No,Rents,28,36,56,11,11,SPECIALIST OFFICE VISIT,TIER 1 NETWORK,CO-PAY IN $,10,100,200,0,10,3,20,high,low,RISK,3
2,2,2,1,Salaried,2175,No,Owns,35,49,59,11,11,SPECIALIST OFFICE VISIT,TIER 1 NETWORK,CO-PAY IN $,10,0,100,200,10,3,20,high,low,RISK,3
2,2,1,1,Bonus,2804,No,Owns,26,20,55,11,11,SPECIALIST OFFICE VISIT,TIER 1 NETWORK,CO-PAY IN $,0,200,100,10,10,3,20,high,low,RISK,3
3,3,3,2,Bonus,2793,Yes,Owns,39,48,52,11,11,SPECIALIST OFFICE VISIT,TIER 1 NETWORK,CO-PAY IN $,100,200,10,0,10,3,20,high,low,RISK,3
3,1,3,1,Salaried,1366,No,Owns,32,33,56,11,11,SPECIALIST OFFICE VISIT,TIER 1 NETWORK,CO-PAY IN $,200,0,100,10,10,3,20,high,low,RISK,3
1,2,2,3,Salaried,3990,No,Rents,30,23,53,11,11,SPECIALIST OFFICE VISIT,TIER 1 NETWORK,CO-PAY IN $,0,100,200,10,10,3,20,high,low,RISK,3
1,2,2,1,Salaried,1625,No,Owns,36,38,56,11,11,SPECIALIST OFFICE VISIT,TIER 1 NETWORK,CO-PAY IN $,100,200,10,0,10,3,20,high,low,RISK,3
2,3,1,1,Hourly,1178,No,Owns,15,24,64,11,11,SPECIALIST OFFICE VISIT,TIER 1 NETWORK,CO-PAY IN $,100,0,200,10,10,3,20,high,low,RISK,3
2,1,1,1,Hourly,2665,No,Rents,20,29,55,11,11,SPECIALIST OFFICE VISIT,TIER 1 NETWORK,CO-PAY IN $,200,0,10,100,10,3,20,high,low,RISK,3
2,3,3,1,Hourly,4144,No,Owns,23,26,51,11,11,SPECIALIST OFFICE VISIT,TIER 1 NETWORK,CO-PAY IN $,200,0,100,10,10,3,20,high,low,RISK,3
2,2,3,1,Hourly,2547,Yes,Owns,32,36,62,11,11,SPECIALIST OFFICE VISIT,TIER 1 NETWORK,CO-PAY IN $,100,10,200,0,10,3,20,high,low,RISK,3
2,1,2,1,Hourly,152,Yes,Owns,34,38,64,11,11,SPECIALIST OFFICE VISIT,TIER 1 NETWORK,CO-PAY IN $,10,200,100,0,10,3,20,high,low,RISK,3
1,1,1,1,Bonus,2909,Yes,Rents,23,31,55,11,11,SPECIALIST OFFICE VISIT,TIER 1 NETWORK,CO-PAY IN $,100,200,10,0,10,3,20,high,low,RISK,3
3,3,2,2,Bonus,2404,Yes,Owns,27,31,59,11,11,SPECIALIST OFFICE VISIT,TIER 1 NETWORK,CO-PAY IN $,10,100,0,200,10,3,20,high,low,RISK,3
3,1,2,3,Bonus,144,Yes,Owns,24,47,55,11,11,SPECIALIST OFFICE VISIT,TIER 1 NETWORK,CO-PAY IN $,0,200,10,100,10,3,20,high,low,RISK,3
3,1,2,1,Hourly,2250,No,Owns,26,41,60,11,11,SPECIALIST OFFICE VISIT,TIER 1 NETWORK,CO-PAY IN $,0,10,100,200,10,3,20,high,low,RISK,3
3,1,1,1,Hourly,4826,No,Owns,25,35,73,11,11,SPECIALIST OFFICE VISIT,TIER 1 NETWORK,CO-PAY IN $,0,10,100,200,10,3,20,high,low,RISK,3
2,2,1,1,Salaried,792,No,Owns,28,24,60,11,11,SPECIALIST OFFICE VISIT,TIER 1 NETWORK,CO-PAY IN $,0,100,200,10,10,3,20,high,low,RISK,3
1,3,1,2,Hourly,3429,No,Rents,34,43,57,11,11,SPECIALIST OFFICE VISIT,TIER 1 NETWORK,CO-PAY IN $,200,100,0,10,10,3,20,high,low,RISK,3
1,3,1,2,Hourly,1596,Yes,Owns,27,25,52,11,11,SPECIALIST OFFICE VISIT,TIER 1 NETWORK,CO-PAY IN $,0,100,10,200,10,3,20,high,low,RISK,3
2,3,3,1,Salaried,83,Yes,Owns,19,50,53,11,11,SPECIALIST OFFICE VISIT,TIER 1 NETWORK,CO-PAY IN $,0,10,200,100,10,3,20,high,low,RISK,3
2,3,1,3,Salaried,3601,No,Owns,17,31,54,11,11,SPECIALIST OFFICE VISIT,TIER 1 NETWORK,CO-PAY IN $,0,200,100,10,10,3,20,high,low,RISK,3
2,2,1,2,Bonus,861,No,Owns,34,26,75,11,11,SPECIALIST OFFICE VISIT,TIER 1 NETWORK,CO-PAY IN $,10,0,200,100,10,3,20,high,low,RISK,3
1,3,3,3,Salaried,2240,Yes,Rents,35,49,60,11,11,SPECIALIST OFFICE VISIT,TIER 1 NETWORK,CO-PAY IN $,100,10,0,200,10,3,20,high,low,RISK,3
1,1,1,1,Hourly,2384,No,Rents,17,40,57,11,11,SPECIALIST OFFICE VISIT,TIER 1 NETWORK,CO-PAY IN $,200,100,10,0,10,3,20,high,low,RISK,3
1,1,1,1,Bonus,2363,Yes,Rents,29,36,56,11,11,SPECIALIST OFFICE VISIT,TIER 1 NETWORK,CO-PAY IN $,200,100,0,10,10,3,20,high,low,RISK,3
2,1,3,1,Salaried,4539,No,Owns,24,49,59,11,11,SPECIALIST OFFICE VISIT,TIER 1 NETWORK,CO-PAY IN $,0,100,200,10,10,3,20,high,low,RISK,3
2,1,1,1,Bonus,489,No,Rents,23,20,55,11,11,SPECIALIST OFFICE VISIT,TIER 1 NETWORK,CO-PAY IN $,0,10,200,100,10,3,20,high,low,RISK,3
2,3,1,3,Bonus,4623,Yes,Owns,19,48,52,11,11,SPECIALIST OFFICE VISIT,TIER 1 NETWORK,CO-PAY IN $,0,10,200,100,10,3,20,high,low,RISK,3
2,1,1,1,Salaried,153,Yes,Owns,15,33,56,11,11,SPECIALIST OFFICE VISIT,TIER 1 NETWORK,CO-PAY IN $,200,10,0,100,10,3,20,high,low,RISK,3
1,3,3,2,Salaried,3954,No,Owns,17,23,53,11,11,SPECIALIST OFFICE VISIT,TIER 1 NETWORK,CO-PAY IN $,0,100,10,200,10,3,20,high,low,RISK,3
1,2,1,1,Salaried,4742,No,Rents,15,38,56,11,11,SPECIALIST OFFICE VISIT,TIER 1 NETWORK,CO-PAY IN $,200,0,10,100,10,3,20,high,low,RISK,3
1,1,1,2,Hourly,3289,No,Rents,35,24,64,11,11,SPECIALIST OFFICE VISIT,TIER 1 NETWORK,CO-PAY IN $,200,10,0,100,10,3,20,high,low,RISK,3
1,1,2,2,Bonus,3409,Yes,Rents,30,29,55,11,11,SPECIALIST OFFICE VISIT,TIER 1 NETWORK,CO-PAY IN $,100,0,10,200,10,3,20,high,low,RISK,3
1,1,3,2,Bonus,3179,No,Rents,21,26,51,11,11,SPECIALIST OFFICE VISIT,TIER 1 NETWORK,CO-PAY IN $,0,10,100,200,10,3,20,high,low,RISK,3
1,1,1,2,Bonus,4271,No,Rents,22,36,62,11,11,SPECIALIST OFFICE VISIT,TIER 1 NETWORK,CO-PAY IN $,0,100,200,10,10,3,20,high,low,RISK,3
1,1,1,1,Hourly,4605,Yes,Rents,24,38,64,11,11,SPECIALIST OFFICE VISIT,TIER 1 NETWORK,CO-PAY IN $,100,200,10,0,10,3,20,high,low,RISK,3
1,3,3,3,Salaried,3042,Yes,Rents,16,31,55,11,11,SPECIALIST OFFICE VISIT,TIER 1 NETWORK,CO-PAY IN $,100,200,0,10,10,3,20,high,low,RISK,3
1,3,3,1,Hourly,170,No,Rents,37,31,59,11,11,SPECIALIST OFFICE VISIT,TIER 1 NETWORK,CO-PAY IN $,0,100,10,200,10,3,20,high,low,RISK,3
1,1,1,3,Salaried,2062,No,Rents,20,47,55,11,11,SPECIALIST OFFICE VISIT,TIER 1 NETWORK,CO-PAY IN $,200,10,100,0,10,3,20,high,low,RISK,3
2,2,3,3,Bonus,1962,No,Rents,15,41,60,11,11,SPECIALIST OFFICE VISIT,TIER 1 NETWORK,CO-PAY IN $,100,200,10,0,10,3,20,high,low,RISK,3
1,1,1,1,Bonus,1006,No,Owns,27,35,73,11,11,SPECIALIST OFFICE VISIT,TIER 1 NETWORK,CO-PAY IN $,10,0,100,200,10,3,20,high,low,RISK,3
1,3,2,3,Salaried,4555,No,Rents,20,24,60,11,11,SPECIALIST OFFICE VISIT,TIER 1 NETWORK,CO-PAY IN $,100,10,0,200,10,3,20,high,low,RISK,3
3,1,2,1,Bonus,458,No,Rents,25,43,57,11,11,SPECIALIST OFFICE VISIT,TIER 1 NETWORK,CO-PAY IN $,10,200,100,0,10,3,20,high,low,RISK,3
3,1,3,1,Hourly,1593,No,Owns,16,25,52,11,11,SPECIALIST OFFICE VISIT,TIER 1 NETWORK,CO-PAY IN $,10,100,0,200,10,3,20,high,low,RISK,3
1,3,1,2,Hourly,4519,Yes,Owns,26,50,53,11,11,SPECIALIST OFFICE VISIT,TIER 1 NETWORK,CO-PAY IN $,10,200,100,0,10,3,20,high,low,RISK,3
1,2,1,1,Bonus,2639,No,Rents,16,31,54,11,11,SPECIALIST OFFICE VISIT,TIER 1 NETWORK,CO-PAY IN $,0,100,10,200,10,3,20,high,low,RISK,3
1,1,3,1,Hourly,2563,Yes,Rents,35,26,75,11,11,SPECIALIST OFFICE VISIT,TIER 1 NETWORK,CO-PAY IN $,200,10,0,100,10,3,20,high,low,RISK,3
1,2,3,2,Bonus,2810,Yes,Owns,35,49,60,11,11,SPECIALIST OFFICE VISIT,TIER 1 NETWORK,CO-PAY IN $,0,100,200,10,10,3,20,high,low,RISK,3
2,2,1,2,Hourly,2954,Yes,Owns,39,40,57,11,11,SPECIALIST OFFICE VISIT,TIER 1 NETWORK,CO-PAY IN $,0,10,200,100,10,3,20,high,low,RISK,3
2,1,3,1,Hourly,2299,Yes,Owns,31,36,56,11,11,SPECIALIST OFFICE VISIT,TIER 1 NETWORK,CO-PAY IN $,100,10,0,200,10,3,20,high,low,RISK,3
1,1,2,3,Hourly,1155,No,Rents,16,49,59,11,11,SPECIALIST OFFICE VISIT,TIER 1 NETWORK,CO-PAY IN $,0,200,100,10,10,3,20,high,low,RISK,3
2,1,3,1,Bonus,1856,Yes,Rents,31,20,55,11,11,SPECIALIST OFFICE VISIT,TIER 1 NETWORK,CO-PAY IN $,200,10,0,100,10,3,20,high,low,RISK,3
3,2,2,1,Salaried,3352,Yes,Rents,18,48,52,11,11,SPECIALIST OFFICE VISIT,TIER 1 NETWORK,CO-PAY IN $,200,10,0,100,10,3,20,high,low,RISK,3
3,1,1,2,Hourly,3735,Yes,Owns,34,33,56,11,11,SPECIALIST OFFICE VISIT,TIER 1 NETWORK,CO-PAY IN $,10,100,200,0,10,3,20,high,low,RISK,3
3,2,1,3,Salaried,1125,Yes,Rents,18,23,53,11,11,SPECIALIST OFFICE VISIT,TIER 1 NETWORK,CO-PAY IN $,100,10,0,200,10,3,20,high,low,RISK,3
3,1,2,1,Bonus,4695,No,Owns,15,38,56,11,11,SPECIALIST OFFICE VISIT,TIER 1 NETWORK,CO-PAY IN $,100,200,0,10,10,3,20,high,low,RISK,3
2,2,2,2,Salaried,1210,No,Rents,38,24,64,11,11,SPECIALIST OFFICE VISIT,TIER 1 NETWORK,CO-PAY IN $,10,200,0,100,10,3,20,high,low,RISK,3
2,3,2,1,Bonus,3149,No,Owns,17,29,55,11,11,SPECIALIST OFFICE VISIT,TIER 1 NETWORK,CO-PAY IN $,200,100,0,10,10,3,20,high,low,RISK,3
2,2,2,2,Bonus,3757,No,Rents,18,26,51,11,11,SPECIALIST OFFICE VISIT,TIER 1 NETWORK,CO-PAY IN $,100,200,10,0,10,3,20,high,low,RISK,3
3,1,3,2,Salaried,4038,Yes,Rents,28,36,62,11,11,SPECIALIST OFFICE VISIT,TIER 1 NETWORK,CO-PAY IN $,100,200,10,0,10,3,20,high,low,RISK,3
1,1,1,3,Bonus,381,No,Owns,20,38,64,11,11,SPECIALIST OFFICE VISIT,TIER 1 NETWORK,CO-PAY IN $,10,0,200,100,10,3,20,high,low,RISK,3
1,1,1,2,Hourly,2879,Yes,Rents,37,31,55,11,11,SPECIALIST OFFICE VISIT,TIER 1 NETWORK,CO-PAY IN $,200,10,100,0,10,3,20,high,low,RISK,3
2,3,1,1,Hourly,2246,No,Owns,38,31,59,11,11,SPECIALIST OFFICE VISIT,TIER 1 NETWORK,CO-PAY IN $,0,100,10,200,10,3,20,high,low,RISK,3
1,3,2,1,Hourly,3337,No,Rents,18,47,55,11,11,SPECIALIST OFFICE VISIT,TIER 1 NETWORK,CO-PAY IN $,200,100,0,10,10,3,20,high,low,RISK,3
1,2,1,1,Hourly,4470,Yes,Owns,16,35,73,11,11,SPECIALIST OFFICE VISIT,TIER 1 NETWORK,CO-PAY IN $,10,0,100,200,10,3,20,high,low,RISK,3
3,1,3,1,Hourly,3252,Yes,Owns,24,24,60,11,11,SPECIALIST OFFICE VISIT,TIER 1 NETWORK,CO-PAY IN $,10,0,200,100,10,3,20,high,low,RISK,3
1,3,1,2,Hourly,176,Yes,Rents,23,43,57,11,11,SPECIALIST OFFICE VISIT,TIER 1 NETWORK,CO-PAY IN $,200,0,100,10,10,3,20,high,low,RISK,3
2,1,3,1,Hourly,3681,Yes,Owns,17,25,52,11,11,SPECIALIST OFFICE VISIT,TIER 1 NETWORK,CO-PAY IN $,200,10,0,100,10,3,20,high,low,RISK,3
1,3,2,3,Hourly,1019,Yes,Owns,35,50,53,11,11,SPECIALIST OFFICE VISIT,TIER 1 NETWORK,CO-PAY IN $,10,0,100,200,10,3,20,high,low,RISK,3
1,3,2,1,Bonus,4493,Yes,Owns,39,31,54,11,11,SPECIALIST OFFICE VISIT,TIER 1 NETWORK,CO-PAY IN $,10,100,200,0,10,3,20,high,low,RISK,3
1,3,3,1,Salaried,1012,Yes,Owns,34,26,75,11,11,SPECIALIST OFFICE VISIT,TIER 1 NETWORK,CO-PAY IN $,100,0,200,10,10,3,20,high,low,RISK,3
1,1,2,1,Salaried,1214,No,Owns,17,40,57,11,11,SPECIALIST OFFICE VISIT,TIER 1 NETWORK,CO-PAY IN $,0,100,10,200,10,3,20,high,low,RISK,3
2,1,1,1,Salaried,2852,Yes,Rents,18,36,56,11,11,SPECIALIST OFFICE VISIT,TIER 1 NETWORK,CO-PAY IN $,10,100,0,200,10,3,20,high,low,RISK,3
2,1,1,1,Bonus,1440,Yes,Owns,24,49,59,11,11,SPECIALIST OFFICE VISIT,TIER 1 NETWORK,CO-PAY IN $,10,200,100,0,10,3,20,high,low,RISK,3
3,1,3,1,Bonus,2951,No,Owns,26,20,55,11,11,SPECIALIST OFFICE VISIT,TIER 1 NETWORK,CO-PAY IN $,200,100,10,0,10,3,20,high,low,RISK,3
4,3,2,4,Salaried,4377,No,Rents,46,73,76,11,12,SPECIALIST OFFICE VISIT,TIER 1 NETWORK,CO-PAY IN $,100,10,0,200,10,3,50,high,low,RISK,3
2,3,4,2,Salaried,1919,No,Owns,48,61,80,11,12,SPECIALIST OFFICE VISIT,TIER 1 NETWORK,CO-PAY IN $,0,10,200,100,10,3,50,high,low,RISK,3
4,4,3,2,Salaried,4671,Yes,Rents,57,53,77,11,12,SPECIALIST OFFICE VISIT,TIER 1 NETWORK,CO-PAY IN $,100,200,10,0,10,3,50,high,low,RISK,3
4,4,2,2,Bonus,1139,No,Owns,52,65,80,11,12,SPECIALIST OFFICE VISIT,TIER 1 NETWORK,CO-PAY IN $,200,10,0,100,10,3,50,high,low,RISK,3
3,4,4,3,Bonus,3085,No,Rents,45,54,88,11,12,SPECIALIST OFFICE VISIT,TIER 1 NETWORK,CO-PAY IN $,200,10,0,100,10,3,50,high,low,RISK,3
3,4,4,3,Salaried,912,Yes,Rents,61,58,79,11,12,SPECIALIST OFFICE VISIT,TIER 1 NETWORK,CO-PAY IN $,10,0,200,100,10,3,50,high,low,RISK,3
4,3,4,3,Hourly,3561,Yes,Owns,51,56,75,11,12,SPECIALIST OFFICE VISIT,TIER 1 NETWORK,CO-PAY IN $,0,200,100,10,10,3,50,high,low,RISK,3
4,4,2,2,Hourly,4350,No,Rents,40,64,87,11,12,SPECIALIST OFFICE VISIT,TIER 1 NETWORK,CO-PAY IN $,0,200,10,100,10,3,50,high,low,RISK,3
4,4,4,4,Salaried,3664,No,Owns,39,65,88,11,12,SPECIALIST OFFICE VISIT,TIER 1 NETWORK,CO-PAY IN $,200,100,10,0,10,3,50,high,low,RISK,3
2,3,3,3,Bonus,1972,Yes,Owns,62,60,80,11,12,SPECIALIST OFFICE VISIT,TIER 1 NETWORK,CO-PAY IN $,0,100,200,10,10,3,50,high,low,RISK,3
3,2,4,4,Salaried,1235,Yes,Rents,55,60,83,11,12,SPECIALIST OFFICE VISIT,TIER 1 NETWORK,CO-PAY IN $,100,10,0,200,10,3,50,high,low,RISK,3
2,4,3,3,Bonus,2294,Yes,Owns,47,72,79,11,12,SPECIALIST OFFICE VISIT,TIER 1 NETWORK,CO-PAY IN $,10,0,200,100,10,3,50,high,low,RISK,3
2,3,4,3,Salaried,4592,Yes,Rents,62,68,84,11,12,SPECIALIST OFFICE VISIT,TIER 1 NETWORK,CO-PAY IN $,10,0,100,200,10,3,50,high,low,RISK,3
3,3,3,4,Hourly,2183,Yes,Owns,37,63,98,11,12,SPECIALIST OFFICE VISIT,TIER 1 NETWORK,CO-PAY IN $,100,10,200,0,10,3,50,high,low,RISK,3
3,3,4,3,Salaried,1622,Yes,Rents,42,55,84,11,12,SPECIALIST OFFICE VISIT,TIER 1 NETWORK,CO-PAY IN $,200,10,100,0,10,3,50,high,low,RISK,3
3,4,3,4,Salaried,4259,Yes,Rents,37,70,81,11,12,SPECIALIST OFFICE VISIT,TIER 1 NETWORK,CO-PAY IN $,0,10,200,100,10,3,50,high,low,RISK,3
4,3,3,4,Salaried,4138,No,Owns,62,55,76,11,12,SPECIALIST OFFICE VISIT,TIER 1 NETWORK,CO-PAY IN $,100,0,10,200,10,3,50,high,low,RISK,3
4,3,4,4,Bonus,2742,No,Owns,64,75,77,11,12,SPECIALIST OFFICE VISIT,TIER 1 NETWORK,CO-PAY IN $,100,200,0,10,10,3,50,high,low,RISK,3
3,3,3,4,Bonus,4027,Yes,Rents,43,60,78,11,12,SPECIALIST OFFICE VISIT,TIER 1 NETWORK,CO-PAY IN $,0,10,200,100,10,3,50,high,low,RISK,3
4,4,2,2,Bonus,3643,No,Rents,59,56,100,11,12,SPECIALIST OFFICE VISIT,TIER 1 NETWORK,CO-PAY IN $,100,0,200,10,10,3,50,high,low,RISK,3
4,2,4,2,Salaried,1855,No,Rents,63,74,85,11,12,SPECIALIST OFFICE VISIT,TIER 1 NETWORK,CO-PAY IN $,200,100,10,0,10,3,50,high,low,RISK,3
3,4,2,3,Bonus,4199,No,Owns,57,67,81,11,12,SPECIALIST OFFICE VISIT,TIER 1 NETWORK,CO-PAY IN $,100,10,0,200,10,3,50,high,low,RISK,3
3,4,3,2,Salaried,358,No,Rents,50,64,80,11,12,SPECIALIST OFFICE VISIT,TIER 1 NETWORK,CO-PAY IN $,200,10,0,100,10,3,50,high,low,RISK,3
4,3,4,3,Salaried,2175,No,Owns,59,75,83,11,12,SPECIALIST OFFICE VISIT,TIER 1 NETWORK,CO-PAY IN $,10,0,100,200,10,3,50,high,low,RISK,3
4,4,2,2,Bonus,2804,No,Owns,48,51,79,11,12,SPECIALIST OFFICE VISIT,TIER 1 NETWORK,CO-PAY IN $,0,10,200,100,10,3,50,high,low,RISK,3
4,4,4,4,Bonus,2793,Yes,Owns,63,73,76,11,12,SPECIALIST OFFICE VISIT,TIER 1 NETWORK,CO-PAY IN $,0,10,200,100,10,3,50,high,low,RISK,3
4,3,4,2,Salaried,1366,No,Owns,56,61,80,11,12,SPECIALIST OFFICE VISIT,TIER 1 NETWORK,CO-PAY IN $,0,10,200,100,10,3,50,high,low,RISK,3
2,4,4,4,Salaried,3990,No,Rents,53,53,77,11,12,SPECIALIST OFFICE VISIT,TIER 1 NETWORK,CO-PAY IN $,0,100,200,10,10,3,50,high,low,RISK,3
2,4,3,3,Salaried,1625,No,Owns,60,65,80,11,12,SPECIALIST OFFICE VISIT,TIER 1 NETWORK,CO-PAY IN $,200,10,0,100,10,3,50,high,low,RISK,3
3,3,2,2,Hourly,2665,No,Rents,41,58,79,11,12,SPECIALIST OFFICE VISIT,TIER 1 NETWORK,CO-PAY IN $,10,0,200,100,10,3,50,high,low,RISK,3
4,4,4,2,Hourly,4144,No,Owns,44,56,75,11,12,SPECIALIST OFFICE VISIT,TIER 1 NETWORK,CO-PAY IN $,10,100,0,200,10,3,50,high,low,RISK,3
3,3,4,3,Hourly,2547,Yes,Owns,55,64,87,11,12,SPECIALIST OFFICE VISIT,TIER 1 NETWORK,CO-PAY IN $,0,200,100,10,10,3,50,high,low,RISK,3
4,3,4,2,Hourly,152,Yes,Owns,58,65,88,11,12,SPECIALIST OFFICE VISIT,TIER 1 NETWORK,CO-PAY IN $,200,0,10,100,10,3,50,high,low,RISK,3
3,2,2,3,Bonus,2909,Yes,Rents,45,60,80,11,12,SPECIALIST OFFICE VISIT,TIER 1 NETWORK,CO-PAY IN $,0,10,200,100,10,3,50,high,low,RISK,3
4,4,3,3,Bonus,2404,Yes,Owns,49,60,83,11,12,SPECIALIST OFFICE VISIT,TIER 1 NETWORK,CO-PAY IN $,10,0,200,100,10,3,50,high,low,RISK,3
4,2,4,4,Bonus,144,Yes,Owns,46,72,79,11,12,SPECIALIST OFFICE VISIT,TIER 1 NETWORK,CO-PAY IN $,100,0,200,10,10,3,50,high,low,RISK,3
4,2,4,2,Hourly,2250,No,Owns,48,68,84,11,12,SPECIALIST OFFICE VISIT,TIER 1 NETWORK,CO-PAY IN $,10,200,0,100,10,3,50,high,low,RISK,3
4,3,3,3,Hourly,4826,No,Owns,47,63,98,11,12,SPECIALIST OFFICE VISIT,TIER 1 NETWORK,CO-PAY IN $,100,10,0,200,10,3,50,high,low,RISK,3
4,4,2,3,Salaried,792,No,Owns,50,55,84,11,12,SPECIALIST OFFICE VISIT,TIER 1 NETWORK,CO-PAY IN $,100,10,0,200,10,3,50,high,low,RISK,3
2,4,2,3,Hourly,3429,No,Rents,58,70,81,11,12,SPECIALIST OFFICE VISIT,TIER 1 NETWORK,CO-PAY IN $,200,0,10,100,10,3,50,high,low,RISK,3
3,4,3,4,Hourly,1596,Yes,Owns,50,55,76,11,12,SPECIALIST OFFICE VISIT,TIER 1 NETWORK,CO-PAY IN $,10,200,0,100,10,3,50,high,low,RISK,3
4,4,4,3,Salaried,83,Yes,Owns,40,75,77,11,12,SPECIALIST OFFICE VISIT,TIER 1 NETWORK,CO-PAY IN $,100,0,200,10,10,3,50,high,low,RISK,3
4,4,3,4,Salaried,3601,No,Owns,38,60,78,11,12,SPECIALIST OFFICE VISIT,TIER 1 NETWORK,CO-PAY IN $,0,10,100,200,10,3,50,high,low,RISK,3
3,4,2,4,Bonus,861,No,Owns,58,56,100,11,12,SPECIALIST OFFICE VISIT,TIER 1 NETWORK,CO-PAY IN $,200,10,100,0,10,3,50,high,low,RISK,3
2,4,4,4,Salaried,2240,Yes,Rents,59,74,85,11,12,SPECIALIST OFFICE VISIT,TIER 1 NETWORK,CO-PAY IN $,0,200,10,100,10,3,50,high,low,RISK,3
3,3,2,2,Hourly,2384,No,Rents,37,67,81,11,12,SPECIALIST OFFICE VISIT,TIER 1 NETWORK,CO-PAY IN $,200,100,0,10,10,3,50,high,low,RISK,3
2,2,3,3,Bonus,2363,Yes,Rents,52,64,80,11,12,SPECIALIST OFFICE VISIT,TIER 1 NETWORK,CO-PAY IN $,0,200,100,10,10,3,50,high,low,RISK,3
3,3,4,2,Salaried,4539,No,Owns,45,75,83,11,12,SPECIALIST OFFICE VISIT,TIER 1 NETWORK,CO-PAY IN $,10,0,200,100,10,3,50,high,low,RISK,3
3,3,2,2,Bonus,489,No,Rents,45,51,79,11,12,SPECIALIST OFFICE VISIT,TIER 1 NETWORK,CO-PAY IN $,0,100,10,200,10,3,50,high,low,RISK,3
4,4,2,4,Bonus,4623,Yes,Owns,40,73,76,11,12,SPECIALIST OFFICE VISIT,TIER 1 NETWORK,CO-PAY IN $,10,200,100,0,10,3,50,high,low,RISK,3
3,3,3,2,Salaried,153,Yes,Owns,36,61,80,11,12,SPECIALIST OFFICE VISIT,TIER 1 NETWORK,CO-PAY IN $,200,100,10,0,10,3,50,high,low,RISK,3
3,4,4,4,Salaried,3954,No,Owns,38,53,77,11,12,SPECIALIST OFFICE VISIT,TIER 1 NETWORK,CO-PAY IN $,200,10,100,0,10,3,50,high,low,RISK,3
3,3,2,3,Salaried,4742,No,Rents,35,65,80,11,12,SPECIALIST OFFICE VISIT,TIER 1 NETWORK,CO-PAY IN $,200,0,10,100,10,3,50,high,low,RISK,3
2,2,2,3,Hourly,3289,No,Rents,59,54,88,11,12,SPECIALIST OFFICE VISIT,TIER 1 NETWORK,CO-PAY IN $,200,100,0,10,10,3,50,high,low,RISK,3
2,2,3,3,Bonus,3409,Yes,Rents,54,58,79,11,12,SPECIALIST OFFICE VISIT,TIER 1 NETWORK,CO-PAY IN $,100,10,0,200,10,3,50,high,low,RISK,3
3,3,4,3,Bonus,3179,No,Rents,42,56,75,11,12,SPECIALIST OFFICE VISIT,TIER 1 NETWORK,CO-PAY IN $,200,10,0,100,10,3,50,high,low,RISK,3
3,3,2,4,Bonus,4271,No,Rents,43,64,87,11,12,SPECIALIST OFFICE VISIT,TIER 1 NETWORK,CO-PAY IN $,200,0,10,100,10,3,50,high,low,RISK,3
3,3,3,2,Hourly,4605,Yes,Rents,46,65,88,11,12,SPECIALIST OFFICE VISIT,TIER 1 NETWORK,CO-PAY IN $,0,100,200,10,10,3,50,high,low,RISK,3
2,4,4,4,Salaried,3042,Yes,Rents,37,60,80,11,12,SPECIALIST OFFICE VISIT,TIER 1 NETWORK,CO-PAY IN $,0,200,100,10,10,3,50,high,low,RISK,3
2,4,4,3,Hourly,170,No,Rents,61,60,83,11,12,SPECIALIST OFFICE VISIT,TIER 1 NETWORK,CO-PAY IN $,200,100,10,0,10,3,50,high,low,RISK,3
2,3,3,4,Salaried,2062,No,Rents,40,72,79,11,12,SPECIALIST OFFICE VISIT,TIER 1 NETWORK,CO-PAY IN $,100,0,10,200,10,3,50,high,low,RISK,3
4,4,4,4,Bonus,1962,No,Rents,35,68,84,11,12,SPECIALIST OFFICE VISIT,TIER 1 NETWORK,CO-PAY IN $,200,10,100,0,10,3,50,high,low,RISK,3
2,2,3,2,Bonus,1006,No,Owns,50,63,98,11,12,SPECIALIST OFFICE VISIT,TIER 1 NETWORK,CO-PAY IN $,10,0,100,200,10,3,50,high,low,RISK,3
2,4,3,4,Salaried,4555,No,Rents,42,55,84,11,12,SPECIALIST OFFICE VISIT,TIER 1 NETWORK,CO-PAY IN $,10,200,0,100,10,3,50,high,low,RISK,3
4,3,4,3,Bonus,458,No,Rents,46,70,81,11,12,SPECIALIST OFFICE VISIT,TIER 1 NETWORK,CO-PAY IN $,100,0,10,200,10,3,50,high,low,RISK,3
4,3,4,3,Hourly,1593,No,Owns,36,55,76,11,12,SPECIALIST OFFICE VISIT,TIER 1 NETWORK,CO-PAY IN $,200,100,0,10,10,3,50,high,low,RISK,3
3,4,2,3,Hourly,4519,Yes,Owns,48,75,77,11,12,SPECIALIST OFFICE VISIT,TIER 1 NETWORK,CO-PAY IN $,10,200,100,0,10,3,50,high,low,RISK,3
2,4,3,3,Bonus,2639,No,Rents,36,60,78,11,12,SPECIALIST OFFICE VISIT,TIER 1 NETWORK,CO-PAY IN $,10,200,0,100,10,3,50,high,low,RISK,3
2,3,4,3,Hourly,2563,Yes,Rents,59,56,100,11,12,SPECIALIST OFFICE VISIT,TIER 1 NETWORK,CO-PAY IN $,10,0,200,100,10,3,50,high,low,RISK,3
3,4,4,4,Bonus,2810,Yes,Owns,58,74,85,11,12,SPECIALIST OFFICE VISIT,TIER 1 NETWORK,CO-PAY IN $,100,10,0,200,10,3,50,high,low,RISK,3
3,4,3,4,Hourly,2954,Yes,Owns,64,67,81,11,12,SPECIALIST OFFICE VISIT,TIER 1 NETWORK,CO-PAY IN $,200,100,0,10,10,3,50,high,low,RISK,3
3,2,4,3,Hourly,2299,Yes,Owns,54,64,80,11,12,SPECIALIST OFFICE VISIT,TIER 1 NETWORK,CO-PAY IN $,200,0,100,10,10,3,50,high,low,RISK,3
2,3,4,4,Hourly,1155,No,Rents,37,75,83,11,12,SPECIALIST OFFICE VISIT,TIER 1 NETWORK,CO-PAY IN $,0,10,100,200,10,3,50,high,low,RISK,3
4,2,4,3,Bonus,1856,Yes,Rents,55,51,79,11,12,SPECIALIST OFFICE VISIT,TIER 1 NETWORK,CO-PAY IN $,100,200,0,10,10,3,50,high,low,RISK,3
4,4,3,3,Salaried,3352,Yes,Rents,38,73,76,11,12,SPECIALIST OFFICE VISIT,TIER 1 NETWORK,CO-PAY IN $,10,0,100,200,10,3,50,high,low,RISK,3
4,3,2,3,Hourly,3735,Yes,Owns,58,61,80,11,12,SPECIALIST OFFICE VISIT,TIER 1 NETWORK,CO-PAY IN $,10,0,100,200,10,3,50,high,low,RISK,3
4,3,3,4,Salaried,1125,Yes,Rents,38,53,77,11,12,SPECIALIST OFFICE VISIT,TIER 1 NETWORK,CO-PAY IN $,100,200,10,0,10,3,50,high,low,RISK,3
4,2,4,2,Bonus,4695,No,Owns,35,65,80,11,12,SPECIALIST OFFICE VISIT,TIER 1 NETWORK,CO-PAY IN $,200,0,100,10,10,3,50,high,low,RISK,3
3,3,3,4,Salaried,1210,No,Rents,62,54,88,11,12,SPECIALIST OFFICE VISIT,TIER 1 NETWORK,CO-PAY IN $,200,10,100,0,10,3,50,high,low,RISK,3
4,4,4,2,Bonus,3149,No,Owns,37,58,79,11,12,SPECIALIST OFFICE VISIT,TIER 1 NETWORK,CO-PAY IN $,200,0,100,10,10,3,50,high,low,RISK,3
4,3,4,4,Bonus,3757,No,Rents,38,56,75,11,12,SPECIALIST OFFICE VISIT,TIER 1 NETWORK,CO-PAY IN $,100,0,200,10,10,3,50,high,low,RISK,3
4,3,4,4,Salaried,4038,Yes,Rents,51,64,87,11,12,SPECIALIST OFFICE VISIT,TIER 1 NETWORK,CO-PAY IN $,10,100,0,200,10,3,50,high,low,RISK,3
2,3,3,4,Bonus,381,No,Owns,41,65,88,11,12,SPECIALIST OFFICE VISIT,TIER 1 NETWORK,CO-PAY IN $,200,0,10,100,10,3,50,high,low,RISK,3
3,3,3,3,Hourly,2879,Yes,Rents,61,60,80,11,12,SPECIALIST OFFICE VISIT,TIER 1 NETWORK,CO-PAY IN $,100,0,10,200,10,3,50,high,low,RISK,3
4,4,3,2,Hourly,2246,No,Owns,62,60,83,11,12,SPECIALIST OFFICE VISIT,TIER 1 NETWORK,CO-PAY IN $,0,100,200,10,10,3,50,high,low,RISK,3
2,4,3,2,Hourly,3337,No,Rents,39,72,79,11,12,SPECIALIST OFFICE VISIT,TIER 1 NETWORK,CO-PAY IN $,10,200,100,0,10,3,50,high,low,RISK,3
4,3,3,4,Hourly,874,No,Owns,63,68,84,11,12,SPECIALIST OFFICE VISIT,TIER 1 NETWORK,CO-PAY IN $,10,100,200,0,10,3,50,high,low,RISK,3
3,4,2,3,Hourly,4470,Yes,Owns,36,63,98,11,12,SPECIALIST OFFICE VISIT,TIER 1 NETWORK,CO-PAY IN $,0,200,100,10,10,3,50,high,low,RISK,3
4,3,4,3,Hourly,3252,Yes,Owns,46,55,84,11,12,SPECIALIST OFFICE VISIT,TIER 1 NETWORK,CO-PAY IN $,200,100,10,0,10,3,50,high,low,RISK,3
3,4,2,3,Hourly,176,Yes,Rents,45,70,81,11,12,SPECIALIST OFFICE VISIT,TIER 1 NETWORK,CO-PAY IN $,10,200,0,100,10,3,50,high,low,RISK,3
4,3,4,2,Hourly,3681,Yes,Owns,38,55,76,11,12,SPECIALIST OFFICE VISIT,TIER 1 NETWORK,CO-PAY IN $,200,10,0,100,10,3,50,high,low,RISK,3
3,4,4,4,Hourly,1019,Yes,Owns,59,75,77,11,12,SPECIALIST OFFICE VISIT,TIER 1 NETWORK,CO-PAY IN $,10,200,100,0,10,3,50,high,low,RISK,3
3,4,4,2,Salaried,1012,Yes,Owns,58,56,100,11,12,SPECIALIST OFFICE VISIT,TIER 1 NETWORK,CO-PAY IN $,0,100,200,10,10,3,50,high,low,RISK,3
2,2,4,3,Bonus,1248,Yes,Rents,39,74,85,11,12,SPECIALIST OFFICE VISIT,TIER 1 NETWORK,CO-PAY IN $,200,0,10,100,10,3,50,high,low,RISK,3
2,3,3,3,Salaried,1214,No,Owns,37,67,81,11,12,SPECIALIST OFFICE VISIT,TIER 1 NETWORK,CO-PAY IN $,200,10,100,0,10,3,50,high,low,RISK,3
4,3,3,2,Salaried,2852,Yes,Rents,38,64,80,11,12,SPECIALIST OFFICE VISIT,TIER 1 NETWORK,CO-PAY IN $,0,10,100,200,10,3,50,high,low,RISK,3
3,3,2,2,Bonus,1440,Yes,Owns,46,75,83,11,12,SPECIALIST OFFICE VISIT,TIER 1 NETWORK,CO-PAY IN $,100,0,10,200,10,3,50,high,low,RISK,3
4,2,4,3,Bonus,2951,No,Owns,48,51,79,11,12,SPECIALIST OFFICE VISIT,TIER 1 NETWORK,CO-PAY IN $,200,100,0,10,10,3,50,high,low,RISK,3
1,0,0,1,Salaried,4377,No,Rents,4,9,1,11,13,SPECIALIST OFFICE VISIT,TIER 1 NETWORK,CO-PAY IN $,10,0,200,100,10,3,5,high,high,RISK,4
0,0,1,0,Salaried,1919,No,Owns,4,4,5,11,13,SPECIALIST OFFICE VISIT,TIER 1 NETWORK,CO-PAY IN $,100,0,200,10,10,3,5,high,high,RISK,4
0,0,0,0,Salaried,4671,Yes,Rents,7,1,2,11,13,SPECIALIST OFFICE VISIT,TIER 1 NETWORK,CO-PAY IN $,0,100,10,200,10,3,5,high,high,RISK,4
1,1,0,0,Bonus,1139,No,Owns,6,6,5,11,13,SPECIALIST OFFICE VISIT,TIER 1 NETWORK,CO-PAY IN $,10,0,200,100,10,3,5,high,high,RISK,4
0,1,1,0,Bonus,3085,No,Rents,3,1,13,11,13,SPECIALIST OFFICE VISIT,TIER 1 NETWORK,CO-PAY IN $,0,10,200,100,10,3,5,high,high,RISK,4
0,1,1,0,Salaried,912,Yes,Rents,9,3,4,11,13,SPECIALIST OFFICE VISIT,TIER 1 NETWORK,CO-PAY IN $,200,0,100,10,10,3,5,high,high,RISK,4
1,0,1,0,Hourly,3561,Yes,Owns,5,2,0,11,13,SPECIALIST OFFICE VISIT,TIER 1 NETWORK,CO-PAY IN $,10,100,0,200,10,3,5,high,high,RISK,4
1,1,0,0,Hourly,4350,No,Rents,2,5,12,11,13,SPECIALIST OFFICE VISIT,TIER 1 NETWORK,CO-PAY IN $,0,200,100,10,10,3,5,high,high,RISK,4
1,1,0,1,Salaried,3664,No,Owns,1,6,13,11,13,SPECIALIST OFFICE VISIT,TIER 1 NETWORK,CO-PAY IN $,10,100,200,0,10,3,5,high,high,RISK,4
0,0,0,0,Bonus,1972,Yes,Owns,9,4,5,11,13,SPECIALIST OFFICE VISIT,TIER 1 NETWORK,CO-PAY IN $,0,200,10,100,10,3,5,high,high,RISK,4
0,0,1,1,Salaried,1235,Yes,Rents,7,4,8,11,13,SPECIALIST OFFICE VISIT,TIER 1 NETWORK,CO-PAY IN $,10,100,200,0,10,3,5,high,high,RISK,4
0,1,0,0,Bonus,2294,Yes,Owns,4,9,4,11,13,SPECIALIST OFFICE VISIT,TIER 1 NETWORK,CO-PAY IN $,10,0,200,100,10,3,5,high,high,RISK,4
0,0,1,0,Salaried,4592,Yes,Rents,9,7,9,11,13,SPECIALIST OFFICE VISIT,TIER 1 NETWORK,CO-PAY IN $,0,200,100,10,10,3,5,high,high,RISK,4
0,0,0,1,Hourly,2183,Yes,Owns,1,5,23,11,13,SPECIALIST OFFICE VISIT,TIER 1 NETWORK,CO-PAY IN $,0,100,10,200,10,3,5,high,high,RISK,4
0,0,1,0,Salaried,1622,Yes,Rents,2,1,9,11,13,SPECIALIST OFFICE VISIT,TIER 1 NETWORK,CO-PAY IN $,0,10,100,200,10,3,5,high,high,RISK,4
0,1,0,1,Salaried,4259,Yes,Rents,1,8,6,11,13,SPECIALIST OFFICE VISIT,TIER 1 NETWORK,CO-PAY IN $,200,0,100,10,10,3,5,high,high,RISK,4
1,0,0,1,Salaried,4138,No,Owns,9,2,1,11,13,SPECIALIST OFFICE VISIT,TIER 1 NETWORK,CO-PAY IN $,100,0,10,200,10,3,5,high,high,RISK,4
1,0,0,1,Bonus,2742,No,Owns,10,10,2,11,13,SPECIALIST OFFICE VISIT,TIER 1 NETWORK,CO-PAY IN $,0,200,100,10,10,3,5,high,high,RISK,4
0,0,0,1,Bonus,4027,Yes,Rents,3,4,3,11,13,SPECIALIST OFFICE VISIT,TIER 1 NETWORK,CO-PAY IN $,0,10,100,200,10,3,5,high,high,RISK,4
1,0,0,0,Bonus,3643,No,Rents,8,2,25,11,13,SPECIALIST OFFICE VISIT,TIER 1 NETWORK,CO-PAY IN $,10,200,0,100,10,3,5,high,high,RISK,4
1,0,1,0,Salaried,1855,No,Rents,9,10,10,11,13,SPECIALIST OFFICE VISIT,TIER 1 NETWORK,CO-PAY IN $,10,200,100,0,10,3,5,high,high,RISK,4
0,1,0,0,Bonus,4199,No,Owns,7,7,6,11,13,SPECIALIST OFFICE VISIT,TIER 1 NETWORK,CO-PAY IN $,200,10,100,0,10,3,5,high,high,RISK,4
0,1,0,0,Salaried,358,No,Rents,5,5,5,11,13,SPECIALIST OFFICE VISIT,TIER 1 NETWORK,CO-PAY IN $,200,10,100,0,10,3,5,high,high,RISK,4
0,0,1,0,Salaried,2175,No,Owns,8,10,8,11,13,SPECIALIST OFFICE VISIT,TIER 1 NETWORK,CO-PAY IN $,100,0,10,200,10,3,5,high,high,RISK,4
0,1,0,0,Bonus,2804,No,Owns,4,0,4,11,13,SPECIALIST OFFICE VISIT,TIER 1 NETWORK,CO-PAY IN $,10,100,200,0,10,3,5,high,high,RISK,4
1,1,1,0,Bonus,2793,Yes,Owns,9,9,1,11,13,SPECIALIST OFFICE VISIT,TIER 1 NETWORK,CO-PAY IN $,10,0,100,200,10,3,5,high,high,RISK,4
1,0,1,0,Salaried,1366,No,Owns,7,4,5,11,13,SPECIALIST OFFICE VISIT,TIER 1 NETWORK,CO-PAY IN $,10,200,100,0,10,3,5,high,high,RISK,4
0,1,1,1,Salaried,3990,No,Rents,6,1,2,11,13,SPECIALIST OFFICE VISIT,TIER 1 NETWORK,CO-PAY IN $,10,200,0,100,10,3,5,high,high,RISK,4
0,0,0,0,Salaried,1625,No,Owns,8,6,5,11,13,SPECIALIST OFFICE VISIT,TIER 1 NETWORK,CO-PAY IN $,0,100,10,200,10,3,5,high,high,RISK,4
1,1,0,0,Hourly,1178,No,Owns,0,1,13,11,13,SPECIALIST OFFICE VISIT,TIER 1 NETWORK,CO-PAY IN $,100,10,0,200,10,3,5,high,high,RISK,4
0,0,0,0,Hourly,2665,No,Rents,2,3,4,11,13,SPECIALIST OFFICE VISIT,TIER 1 NETWORK,CO-PAY IN $,100,200,10,0,10,3,5,high,high,RISK,4
1,1,1,0,Hourly,4144,No,Owns,3,2,0,11,13,SPECIALIST OFFICE VISIT,TIER 1 NETWORK,CO-PAY IN $,10,200,100,0,10,3,5,high,high,RISK,4
0,0,1,0,Hourly,2547,Yes,Owns,7,5,12,11,13,SPECIALIST OFFICE VISIT,TIER 1 NETWORK,CO-PAY IN $,100,10,200,0,10,3,5,high,high,RISK,4
1,0,1,0,Hourly,152,Yes,Owns,8,6,13,11,13,SPECIALIST OFFICE VISIT,TIER 1 NETWORK,CO-PAY IN $,10,0,100,200,10,3,5,high,high,RISK,4
0,0,0,0,Bonus,2909,Yes,Rents,3,4,5,11,13,SPECIALIST OFFICE VISIT,TIER 1 NETWORK,CO-PAY IN $,10,200,100,0,10,3,5,high,high,RISK,4
1,1,0,0,Bonus,2404,Yes,Owns,5,4,8,11,13,SPECIALIST OFFICE VISIT,TIER 1 NETWORK,CO-PAY IN $,200,0,10,100,10,3,5,high,high,RISK,4
1,0,1,1,Bonus,144,Yes,Owns,4,9,4,11,13,SPECIALIST OFFICE VISIT,TIER 1 NETWORK,CO-PAY IN $,0,100,200,10,10,3,5,high,high,RISK,4
1,0,1,0,Hourly,2250,No,Owns,4,7,9,11,13,SPECIALIST OFFICE VISIT,TIER 1 NETWORK,CO-PAY IN $,200,100,10,0,10,3,5,high,high,RISK,4
1,0,0,0,Hourly,4826,No,Owns,4,5,23,11,13,SPECIALIST OFFICE VISIT,TIER 1 NETWORK,CO-PAY IN $,100,200,10,0,10,3,5,high,high,RISK,4
1,1,0,0,Salaried,792,No,Owns,5,1,9,11,13,SPECIALIST OFFICE VISIT,TIER 1 NETWORK,CO-PAY IN $,100,10,200,0,10,3,5,high,high,RISK,4
0,1,0,0,Hourly,3429,No,Rents,8,8,6,11,13,SPECIALIST OFFICE VISIT,TIER 1 NETWORK,CO-PAY IN $,0,100,10,200,10,3,5,high,high,RISK,4
0,1,0,0,Hourly,1596,Yes,Owns,5,2,1,11,13,SPECIALIST OFFICE VISIT,TIER 1 NETWORK,CO-PAY IN $,10,100,200,0,10,3,5,high,high,RISK,4
1,1,1,0,Salaried,83,Yes,Owns,2,10,2,11,13,SPECIALIST OFFICE VISIT,TIER 1 NETWORK,CO-PAY IN $,200,0,100,10,10,3,5,high,high,RISK,4
1,1,0,1,Salaried,3601,No,Owns,1,4,3,11,13,SPECIALIST OFFICE VISIT,TIER 1 NETWORK,CO-PAY IN $,10,200,100,0,10,3,5,high,high,RISK,4
0,0,0,1,Bonus,861,No,Owns,8,2,25,11,13,SPECIALIST OFFICE VISIT,TIER 1 NETWORK,CO-PAY IN $,10,200,0,100,10,3,5,high,high,RISK,4
0,1,1,1,Salaried,2240,Yes,Rents,8,10,10,11,13,SPECIALIST OFFICE VISIT,TIER 1 NETWORK,CO-PAY IN $,100,0,200,10,10,3,5,high,high,RISK,4
0,0,0,0,Hourly,2384,No,Rents,1,7,6,11,13,SPECIALIST OFFICE VISIT,TIER 1 NETWORK,CO-PAY IN $,10,0,200,100,10,3,5,high,high,RISK,4
0,0,0,0,Bonus,2363,Yes,Rents,6,5,5,11,13,SPECIALIST OFFICE VISIT,TIER 1 NETWORK,CO-PAY IN $,10,100,200,0,10,3,5,high,high,RISK,4
0,0,1,0,Salaried,4539,No,Owns,3,10,8,11,13,SPECIALIST OFFICE VISIT,TIER 1 NETWORK,CO-PAY IN $,200,10,0,100,10,3,5,high,high,RISK,4
0,0,0,0,Bonus,489,No,Rents,3,0,4,11,13,SPECIALIST OFFICE VISIT,TIER 1 NETWORK,CO-PAY IN $,0,200,100,10,10,3,5,high,high,RISK,4
0,1,0,1,Bonus,4623,Yes,Owns,2,9,1,11,13,SPECIALIST OFFICE VISIT,TIER 1 NETWORK,CO-PAY IN $,10,100,0,200,10,3,5,high,high,RISK,4
0,0,0,0,Salaried,153,Yes,Owns,0,4,5,11,13,SPECIALIST OFFICE VISIT,TIER 1 NETWORK,CO-PAY IN $,0,200,100,10,10,3,5,high,high,RISK,4
0,1,1,0,Salaried,3954,No,Owns,1,1,2,11,13,SPECIALIST OFFICE VISIT,TIER 1 NETWORK,CO-PAY IN $,200,100,0,10,10,3,5,high,high,RISK,4
0,0,0,0,Salaried,4742,No,Rents,0,6,5,11,13,SPECIALIST OFFICE VISIT,TIER 1 NETWORK,CO-PAY IN $,0,200,100,10,10,3,5,high,high,RISK,4
0,0,0,0,Hourly,3289,No,Rents,8,1,13,11,13,SPECIALIST OFFICE VISIT,TIER 1 NETWORK,CO-PAY IN $,10,0,200,100,10,3,5,high,high,RISK,4
0,0,0,0,Bonus,3409,Yes,Rents,6,3,4,11,13,SPECIALIST OFFICE VISIT,TIER 1 NETWORK,CO-PAY IN $,0,10,100,200,10,3,5,high,high,RISK,4
0,0,1,0,Bonus,3179,No,Rents,2,2,0,11,13,SPECIALIST OFFICE VISIT,TIER 1 NETWORK,CO-PAY IN $,200,100,10,0,10,3,5,high,high,RISK,4
0,0,0,0,Bonus,4271,No,Rents,3,5,12,11,13,SPECIALIST OFFICE VISIT,TIER 1 NETWORK,CO-PAY IN $,0,10,100,200,10,3,5,high,high,RISK,4
0,0,0,0,Hourly,4605,Yes,Rents,4,6,13,11,13,SPECIALIST OFFICE VISIT,TIER 1 NETWORK,CO-PAY IN $,10,0,100,200,10,3,5,high,high,RISK,4
0,1,1,1,Salaried,3042,Yes,Rents,1,4,5,11,13,SPECIALIST OFFICE VISIT,TIER 1 NETWORK,CO-PAY IN $,100,200,0,10,10,3,5,high,high,RISK,4
0,1,1,0,Hourly,170,No,Rents,9,4,8,11,13,SPECIALIST OFFICE VISIT,TIER 1 NETWORK,CO-PAY IN $,100,10,200,0,10,3,5,high,high,RISK,4
0,0,0,1,Salaried,2062,No,Rents,2,9,4,11,13,SPECIALIST OFFICE VISIT,TIER 1 NETWORK,CO-PAY IN $,10,0,200,100,10,3,5,high,high,RISK,4
1,0,1,1,Bonus,1962,No,Rents,0,7,9,11,13,SPECIALIST OFFICE VISIT,TIER 1 NETWORK,CO-PAY IN $,0,200,100,10,10,3,5,high,high,RISK,4
0,0,0,0,Bonus,1006,No,Owns,5,5,23,11,13,SPECIALIST OFFICE VISIT,TIER 1 NETWORK,CO-PAY IN $,200,100,0,10,10,3,5,high,high,RISK,4
0,1,0,1,Salaried,4555,No,Rents,2,1,9,11,13,SPECIALIST OFFICE VISIT,TIER 1 NETWORK,CO-PAY IN $,10,200,100,0,10,3,5,high,high,RISK,4
1,0,1,0,Bonus,458,No,Rents,4,8,6,11,13,SPECIALIST OFFICE VISIT,TIER 1 NETWORK,CO-PAY IN $,100,10,0,200,10,3,5,high,high,RISK,4
1,0,1,0,Hourly,1593,No,Owns,0,2,1,11,13,SPECIALIST OFFICE VISIT,TIER 1 NETWORK,CO-PAY IN $,100,10,0,200,10,3,5,high,high,RISK,4
0,1,0,0,Hourly,4519,Yes,Owns,4,10,2,11,13,SPECIALIST OFFICE VISIT,TIER 1 NETWORK,CO-PAY IN $,100,200,0,10,10,3,5,high,high,RISK,4
0,1,0,0,Bonus,2639,No,Rents,0,4,3,11,13,SPECIALIST OFFICE VISIT,TIER 1 NETWORK,CO-PAY IN $,100,0,200,10,10,3,5,high,high,RISK,4
0,0,1,0,Hourly,2563,Yes,Rents,8,2,25,11,13,SPECIALIST OFFICE VISIT,TIER 1 NETWORK,CO-PAY IN $,10,100,200,0,10,3,5,high,high,RISK,4
0,0,1,1,Bonus,2810,Yes,Owns,8,10,10,11,13,SPECIALIST OFFICE VISIT,TIER 1 NETWORK,CO-PAY IN $,200,10,100,0,10,3,5,high,high,RISK,4
0,0,0,1,Hourly,2954,Yes,Owns,10,7,6,11,13,SPECIALIST OFFICE VISIT,TIER 1 NETWORK,CO-PAY IN $,200,0,10,100,10,3,5,high,high,RISK,4
0,0,1,0,Hourly,2299,Yes,Owns,6,5,5,11,13,SPECIALIST OFFICE VISIT,TIER 1 NETWORK,CO-PAY IN $,10,100,200,0,10,3,5,high,high,RISK,4
0,0,1,1,Hourly,1155,No,Rents,1,10,8,11,13,SPECIALIST OFFICE VISIT,TIER 1 NETWORK,CO-PAY IN $,10,200,100,0,10,3,5,high,high,RISK,4
1,0,1,0,Bonus,1856,Yes,Rents,7,0,4,11,13,SPECIALIST OFFICE VISIT,TIER 1 NETWORK,CO-PAY IN $,10,100,0,200,10,3,5,high,high,RISK,4
1,1,0,0,Salaried,3352,Yes,Rents,1,9,1,11,13,SPECIALIST OFFICE VISIT,TIER 1 NETWORK,CO-PAY IN $,100,0,200,10,10,3,5,high,high,RISK,4
1,0,0,0,Hourly,3735,Yes,Owns,8,4,5,11,13,SPECIALIST OFFICE VISIT,TIER 1 NETWORK,CO-PAY IN $,100,0,10,200,10,3,5,high,high,RISK,4
1,0,0,1,Salaried,1125,Yes,Rents,1,1,2,11,13,SPECIALIST OFFICE VISIT,TIER 1 NETWORK,CO-PAY IN $,100,10,0,200,10,3,5,high,high,RISK,4
1,0,1,0,Bonus,4695,No,Owns,0,6,5,11,13,SPECIALIST OFFICE VISIT,TIER 1 NETWORK,CO-PAY IN $,200,100,10,0,10,3,5,high,high,RISK,4
0,0,0,1,Salaried,1210,No,Rents,9,1,13,11,13,SPECIALIST OFFICE VISIT,TIER 1 NETWORK,CO-PAY IN $,100,0,10,200,10,3,5,high,high,RISK,4
1,1,1,0,Bonus,3149,No,Owns,1,3,4,11,13,SPECIALIST OFFICE VISIT,TIER 1 NETWORK,CO-PAY IN $,0,10,100,200,10,3,5,high,high,RISK,4
1,0,0,0,Bonus,3757,No,Rents,1,2,0,11,13,SPECIALIST OFFICE VISIT,TIER 1 NETWORK,CO-PAY IN $,200,0,10,100,10,3,5,high,high,RISK,4
1,0,1,1,Salaried,4038,Yes,Rents,5,5,12,11,13,SPECIALIST OFFICE VISIT,TIER 1 NETWORK,CO-PAY IN $,10,0,100,200,10,3,5,high,high,RISK,4
0,0,0,1,Bonus,381,No,Owns,2,6,13,11,13,SPECIALIST OFFICE VISIT,TIER 1 NETWORK,CO-PAY IN $,0,100,200,10,10,3,5,high,high,RISK,4
0,0,0,0,Hourly,2879,Yes,Rents,9,4,5,11,13,SPECIALIST OFFICE VISIT,TIER 1 NETWORK,CO-PAY IN $,10,100,0,200,10,3,5,high,high,RISK,4
0,1,0,0,Hourly,2246,No,Owns,9,4,8,11,13,SPECIALIST OFFICE VISIT,TIER 1 NETWORK,CO-PAY IN $,200,100,0,10,10,3,5,high,high,RISK,4
0,1,0,0,Hourly,3337,No,Rents,1,9,4,11,13,SPECIALIST OFFICE VISIT,TIER 1 NETWORK,CO-PAY IN $,10,200,100,0,10,3,5,high,high,RISK,4
1,0,0,0,Hourly,874,No,Owns,9,7,9,11,13,SPECIALIST OFFICE VISIT,TIER 1 NETWORK,CO-PAY IN $,10,100,200,0,10,3,5,high,high,RISK,4
0,1,0,0,Hourly,4470,Yes,Owns,0,5,23,11,13,SPECIALIST OFFICE VISIT,TIER 1 NETWORK,CO-PAY IN $,0,200,100,10,10,3,5,high,high,RISK,4
1,0,1,0,Hourly,3252,Yes,Owns,4,1,9,11,13,SPECIALIST OFFICE VISIT,TIER 1 NETWORK,CO-PAY IN $,100,200,10,0,10,3,5,high,high,RISK,4
0,1,0,0,Hourly,176,Yes,Rents,3,8,6,11,13,SPECIALIST OFFICE VISIT,TIER 1 NETWORK,CO-PAY IN $,100,0,10,200,10,3,5,high,high,RISK,4
0,0,1,0,Hourly,3681,Yes,Owns,1,2,1,11,13,SPECIALIST OFFICE VISIT,TIER 1 NETWORK,CO-PAY IN $,0,10,100,200,10,3,5,high,high,RISK,4
0,1,1,1,Hourly,1019,Yes,Owns,8,10,2,11,13,SPECIALIST OFFICE VISIT,TIER 1 NETWORK,CO-PAY IN $,100,200,0,10,10,3,5,high,high,RISK,4
0,1,1,0,Bonus,4493,Yes,Owns,10,4,3,11,13,SPECIALIST OFFICE VISIT,TIER 1 NETWORK,CO-PAY IN $,0,100,10,200,10,3,5,high,high,RISK,4
0,1,1,0,Salaried,1012,Yes,Owns,8,2,25,11,13,SPECIALIST OFFICE VISIT,TIER 1 NETWORK,CO-PAY IN $,10,100,0,200,10,3,5,high,high,RISK,4
0,0,0,0,Bonus,1248,Yes,Rents,1,10,10,11,13,SPECIALIST OFFICE VISIT,TIER 1 NETWORK,CO-PAY IN $,100,10,0,200,10,3,5,high,high,RISK,4
0,0,0,0,Salaried,1214,No,Owns,1,7,6,11,13,SPECIALIST OFFICE VISIT,TIER 1 NETWORK,CO-PAY IN $,200,10,100,0,10,3,5,high,high,RISK,4
1,0,0,0,Salaried,2852,Yes,Rents,1,5,5,11,13,SPECIALIST OFFICE VISIT,TIER 1 NETWORK,CO-PAY IN $,200,0,10,100,10,3,5,high,high,RISK,4
0,0,0,0,Bonus,1440,Yes,Owns,4,10,8,11,13,SPECIALIST OFFICE VISIT,TIER 1 NETWORK,CO-PAY IN $,100,10,200,0,10,3,5,high,high,RISK,4
1,0,1,0,Bonus,2951,No,Owns,4,0,4,11,13,SPECIALIST OFFICE VISIT,TIER 1 NETWORK,CO-PAY IN $,100,200,0,10,10,3,5,high,high,RISK,4
2,1,0,2,Salaried,4377,No,Rents,10,19,27,11,14,SPECIALIST OFFICE VISIT,TIER 1 NETWORK,CO-PAY IN $,10,200,100,0,10,3,10,high,high,RISK,4
0,1,1,0,Salaried,1919,No,Owns,10,15,31,11,14,SPECIALIST OFFICE VISIT,TIER 1 NETWORK,CO-PAY IN $,10,100,200,0,10,3,10,high,high,RISK,4
1,1,0,0,Salaried,4671,Yes,Rents,15,12,28,11,14,SPECIALIST OFFICE VISIT,TIER 1 NETWORK,CO-PAY IN $,100,200,10,0,10,3,10,high,high,RISK,4
2,1,0,0,Bonus,1139,No,Owns,13,16,31,11,14,SPECIALIST OFFICE VISIT,TIER 1 NETWORK,CO-PAY IN $,100,0,10,200,10,3,10,high,high,RISK,4
1,1,2,1,Bonus,3085,No,Rents,9,12,39,11,14,SPECIALIST OFFICE VISIT,TIER 1 NETWORK,CO-PAY IN $,0,100,10,200,10,3,10,high,high,RISK,4
0,1,2,0,Salaried,912,Yes,Rents,16,14,30,11,14,SPECIALIST OFFICE VISIT,TIER 1 NETWORK,CO-PAY IN $,200,100,10,0,10,3,10,high,high,RISK,4
1,0,2,1,Hourly,3561,Yes,Owns,12,13,26,11,14,SPECIALIST OFFICE VISIT,TIER 1 NETWORK,CO-PAY IN $,0,200,10,100,10,3,10,high,high,RISK,4
1,2,0,0,Hourly,4350,No,Rents,7,16,37,11,14,SPECIALIST OFFICE VISIT,TIER 1 NETWORK,CO-PAY IN $,0,100,10,200,10,3,10,high,high,RISK,4
2,2,1,2,Salaried,3664,No,Owns,7,16,39,11,14,SPECIALIST OFFICE VISIT,TIER 1 NETWORK,CO-PAY IN $,100,200,0,10,10,3,10,high,high,RISK,4
0,0,0,1,Bonus,1972,Yes,Owns,17,14,30,11,14,SPECIALIST OFFICE VISIT,TIER 1 NETWORK,CO-PAY IN $,0,200,100,10,10,3,10,high,high,RISK,4
1,0,2,2,Salaried,1235,Yes,Rents,14,14,34,11,14,SPECIALIST OFFICE VISIT,TIER 1 NETWORK,CO-PAY IN $,10,200,0,100,10,3,10,high,high,RISK,4
0,2,0,1,Bonus,2294,Yes,Owns,10,19,30,11,14,SPECIALIST OFFICE VISIT,TIER 1 NETWORK,CO-PAY IN $,10,200,100,0,10,3,10,high,high,RISK,4
0,1,2,0,Salaried,4592,Yes,Rents,16,17,35,11,14,SPECIALIST OFFICE VISIT,TIER 1 NETWORK,CO-PAY IN $,200,100,0,10,10,3,10,high,high,RISK,4
0,0,1,1,Hourly,2183,Yes,Owns,6,15,48,11,14,SPECIALIST OFFICE VISIT,TIER 1 NETWORK,CO-PAY IN $,0,10,100,200,10,3,10,high,high,RISK,4
1,1,2,1,Salaried,1622,Yes,Rents,8,12,35,11,14,SPECIALIST OFFICE VISIT,TIER 1 NETWORK,CO-PAY IN $,200,0,100,10,10,3,10,high,high,RISK,4
1,2,1,2,Salaried,4259,Yes,Rents,6,18,32,11,14,SPECIALIST OFFICE VISIT,TIER 1 NETWORK,CO-PAY IN $,200,100,0,10,10,3,10,high,high,RISK,4
2,1,1,2,Salaried,4138,No,Owns,17,13,27,11,14,SPECIALIST OFFICE VISIT,TIER 1 NETWORK,CO-PAY IN $,100,10,0,200,10,3,10,high,high,RISK,4
2,0,1,2,Bonus,2742,No,Owns,17,20,28,11,14,SPECIALIST OFFICE VISIT,TIER 1 NETWORK,CO-PAY IN $,200,100,0,10,10,3,10,high,high,RISK,4
1,1,0,2,Bonus,4027,Yes,Rents,8,14,29,11,14,SPECIALIST OFFICE VISIT,TIER 1 NETWORK,CO-PAY IN $,10,100,0,200,10,3,10,high,high,RISK,4
1,1,0,0,Bonus,3643,No,Rents,16,13,50,11,14,SPECIALIST OFFICE VISIT,TIER 1 NETWORK,CO-PAY IN $,200,10,100,0,10,3,10,high,high,RISK,4
1,0,2,0,Salaried,1855,No,Rents,17,20,35,11,14,SPECIALIST OFFICE VISIT,TIER 1 NETWORK,CO-PAY IN $,0,200,100,10,10,3,10,high,high,RISK,4
1,2,0,1,Bonus,4199,No,Owns,14,17,32,11,14,SPECIALIST OFFICE VISIT,TIER 1 NETWORK,CO-PAY IN $,10,200,100,0,10,3,10,high,high,RISK,4
0,2,1,0,Salaried,358,No,Rents,12,16,31,11,14,SPECIALIST OFFICE VISIT,TIER 1 NETWORK,CO-PAY IN $,10,200,0,100,10,3,10,high,high,RISK,4
1,1,1,1,Salaried,2175,No,Owns,16,20,34,11,14,SPECIALIST OFFICE VISIT,TIER 1 NETWORK,CO-PAY IN $,200,10,100,0,10,3,10,high,high,RISK,4
1,1,0,0,Bonus,2804,No,Owns,11,11,30,11,14,SPECIALIST OFFICE VISIT,TIER 1 NETWORK,CO-PAY IN $,200,10,0,100,10,3,10,high,high,RISK,4
2,1,2,1,Bonus,2793,Yes,Owns,17,19,27,11,14,SPECIALIST OFFICE VISIT,TIER 1 NETWORK,CO-PAY IN $,100,0,200,10,10,3,10,high,high,RISK,4
2,0,2,0,Salaried,1366,No,Owns,14,15,31,11,14,SPECIALIST OFFICE VISIT,TIER 1 NETWORK,CO-PAY IN $,200,10,100,0,10,3,10,high,high,RISK,4
0,1,1,2,Salaried,3990,No,Rents,13,12,28,11,14,SPECIALIST OFFICE VISIT,TIER 1 NETWORK,CO-PAY IN $,10,0,200,100,10,3,10,high,high,RISK,4
0,1,1,0,Salaried,1625,No,Owns,16,16,31,11,14,SPECIALIST OFFICE VISIT,TIER 1 NETWORK,CO-PAY IN $,0,10,200,100,10,3,10,high,high,RISK,4
1,2,0,0,Hourly,1178,No,Owns,5,12,39,11,14,SPECIALIST OFFICE VISIT,TIER 1 NETWORK,CO-PAY IN $,0,100,10,200,10,3,10,high,high,RISK,4
1,1,0,0,Hourly,2665,No,Rents,8,14,30,11,14,SPECIALIST OFFICE VISIT,TIER 1 NETWORK,CO-PAY IN $,0,10,200,100,10,3,10,high,high,RISK,4
1,1,2,0,Hourly,4144,No,Owns,9,13,26,11,14,SPECIALIST OFFICE VISIT,TIER 1 NETWORK,CO-PAY IN $,200,0,10,100,10,3,10,high,high,RISK,4
1,1,2,0,Hourly,2547,Yes,Owns,14,16,37,11,14,SPECIALIST OFFICE VISIT,TIER 1 NETWORK,CO-PAY IN $,100,200,0,10,10,3,10,high,high,RISK,4
1,1,1,0,Hourly,152,Yes,Owns,15,16,39,11,14,SPECIALIST OFFICE VISIT,TIER 1 NETWORK,CO-PAY IN $,0,200,100,10,10,3,10,high,high,RISK,4
0,0,0,0,Bonus,2909,Yes,Rents,9,14,30,11,14,SPECIALIST OFFICE VISIT,TIER 1 NETWORK,CO-PAY IN $,0,100,10,200,10,3,10,high,high,RISK,4
2,2,1,1,Bonus,2404,Yes,Owns,11,14,34,11,14,SPECIALIST OFFICE VISIT,TIER 1 NETWORK,CO-PAY IN $,10,200,0,100,10,3,10,high,high,RISK,4
2,0,1,2,Bonus,144,Yes,Owns,10,19,30,11,14,SPECIALIST OFFICE VISIT,TIER 1 NETWORK,CO-PAY IN $,100,0,10,200,10,3,10,high,high,RISK,4
2,0,1,0,Hourly,2250,No,Owns,11,17,35,11,14,SPECIALIST OFFICE VISIT,TIER 1 NETWORK,CO-PAY IN $,200,0,10,100,10,3,10,high,high,RISK,4
2,0,0,0,Hourly,4826,No,Owns,10,15,48,11,14,SPECIALIST OFFICE VISIT,TIER 1 NETWORK,CO-PAY IN $,10,100,0,200,10,3,10,high,high,RISK,4
1,1,0,0,Salaried,792,No,Owns,12,12,35,11,14,SPECIALIST OFFICE VISIT,TIER 1 NETWORK,CO-PAY IN $,10,0,100,200,10,3,10,high,high,RISK,4
0,2,0,1,Hourly,3429,No,Rents,15,18,32,11,14,SPECIALIST OFFICE VISIT,TIER 1 NETWORK,CO-PAY IN $,200,10,100,0,10,3,10,high,high,RISK,4
0,2,0,1,Hourly,1596,Yes,Owns,11,13,27,11,14,SPECIALIST OFFICE VISIT,TIER 1 NETWORK,CO-PAY IN $,200,100,0,10,10,3,10,high,high,RISK,4
1,1,2,0,Salaried,83,Yes,Owns,7,20,28,11,14,SPECIALIST OFFICE VISIT,TIER 1 NETWORK,CO-PAY IN $,200,100,10,0,10,3,10,high,high,RISK,4
1,2,0,2,Salaried,3601,No,Owns,6,14,29,11,14,SPECIALIST OFFICE VISIT,TIER 1 NETWORK,CO-PAY IN $,100,10,200,0,10,3,10,high,high,RISK,4
1,1,0,1,Bonus,861,No,Owns,15,13,50,11,14,SPECIALIST OFFICE VISIT,TIER 1 NETWORK,CO-PAY IN $,100,0,10,200,10,3,10,high,high,RISK,4
0,2,2,2,Salaried,2240,Yes,Rents,15,20,35,11,14,SPECIALIST OFFICE VISIT,TIER 1 NETWORK,CO-PAY IN $,200,0,100,10,10,3,10,high,high,RISK,4
1,0,0,0,Hourly,2384,No,Rents,6,17,32,11,14,SPECIALIST OFFICE VISIT,TIER 1 NETWORK,CO-PAY IN $,0,200,100,10,10,3,10,high,high,RISK,4
0,0,0,0,Bonus,2363,Yes,Rents,12,16,31,11,14,SPECIALIST OFFICE VISIT,TIER 1 NETWORK,CO-PAY IN $,10,100,0,200,10,3,10,high,high,RISK,4
1,1,2,0,Salaried,4539,No,Owns,10,20,34,11,14,SPECIALIST OFFICE VISIT,TIER 1 NETWORK,CO-PAY IN $,100,200,10,0,10,3,10,high,high,RISK,4
1,1,0,0,Bonus,489,No,Rents,9,11,30,11,14,SPECIALIST OFFICE VISIT,TIER 1 NETWORK,CO-PAY IN $,100,10,0,200,10,3,10,high,high,RISK,4
1,0,0,0,Salaried,153,Yes,Owns,5,15,31,11,14,SPECIALIST OFFICE VISIT,TIER 1 NETWORK,CO-PAY IN $,100,200,0,10,10,3,10,high,high,RISK,4
0,2,2,1,Salaried,3954,No,Owns,6,12,28,11,14,SPECIALIST OFFICE VISIT,TIER 1 NETWORK,CO-PAY IN $,10,200,0,100,10,3,10,high,high,RISK,4
0,1,0,0,Salaried,4742,No,Rents,5,16,31,11,14,SPECIALIST OFFICE VISIT,TIER 1 NETWORK,CO-PAY IN $,0,10,100,200,10,3,10,high,high,RISK,4
0,0,0,1,Hourly,3289,No,Rents,15,12,39,11,14,SPECIALIST OFFICE VISIT,TIER 1 NETWORK,CO-PAY IN $,0,100,200,10,10,3,10,high,high,RISK,4
0,0,1,1,Bonus,3409,Yes,Rents,13,14,30,11,14,SPECIALIST OFFICE VISIT,TIER 1 NETWORK,CO-PAY IN $,200,10,0,100,10,3,10,high,high,RISK,4
0,0,2,1,Bonus,3179,No,Rents,8,13,26,11,14,SPECIALIST OFFICE VISIT,TIER 1 NETWORK,CO-PAY IN $,100,200,0,10,10,3,10,high,high,RISK,4
0,0,0,1,Bonus,4271,No,Rents,9,16,37,11,14,SPECIALIST OFFICE VISIT,TIER 1 NETWORK,CO-PAY IN $,10,200,0,100,10,3,10,high,high,RISK,4
0,0,0,0,Hourly,4605,Yes,Rents,10,16,39,11,14,SPECIALIST OFFICE VISIT,TIER 1 NETWORK,CO-PAY IN $,200,10,100,0,10,3,10,high,high,RISK,4
0,2,2,2,Salaried,3042,Yes,Rents,6,14,30,11,14,SPECIALIST OFFICE VISIT,TIER 1 NETWORK,CO-PAY IN $,0,100,10,200,10,3,10,high,high,RISK,4
0,2,2,0,Hourly,170,No,Rents,16,14,34,11,14,SPECIALIST OFFICE VISIT,TIER 1 NETWORK,CO-PAY IN $,200,10,0,100,10,3,10,high,high,RISK,4
0,1,0,2,Salaried,2062,No,Rents,7,19,30,11,14,SPECIALIST OFFICE VISIT,TIER 1 NETWORK,CO-PAY IN $,0,10,100,200,10,3,10,high,high,RISK,4
1,1,2,2,Bonus,1962,No,Rents,5,17,35,11,14,SPECIALIST OFFICE VISIT,TIER 1 NETWORK,CO-PAY IN $,10,100,0,200,10,3,10,high,high,RISK,4
0,0,0,0,Bonus,1006,No,Owns,11,15,48,11,14,SPECIALIST OFFICE VISIT,TIER 1 NETWORK,CO-PAY IN $,10,100,200,0,10,3,10,high,high,RISK,4
0,2,1,2,Salaried,4555,No,Rents,8,12,35,11,14,SPECIALIST OFFICE VISIT,TIER 1 NETWORK,CO-PAY IN $,200,0,100,10,10,3,10,high,high,RISK,4
2,1,1,0,Bonus,458,No,Rents,10,18,32,11,14,SPECIALIST OFFICE VISIT,TIER 1 NETWORK,CO-PAY IN $,10,0,100,200,10,3,10,high,high,RISK,4
2,0,2,1,Hourly,1593,No,Owns,5,13,27,11,14,SPECIALIST OFFICE VISIT,TIER 1 NETWORK,CO-PAY IN $,10,0,200,100,10,3,10,high,high,RISK,4
0,2,0,1,Hourly,4519,Yes,Owns,11,20,28,11,14,SPECIALIST OFFICE VISIT,TIER 1 NETWORK,CO-PAY IN $,200,100,0,10,10,3,10,high,high,RISK,4
0,1,0,0,Bonus,2639,No,Rents,5,14,29,11,14,SPECIALIST OFFICE VISIT,TIER 1 NETWORK,CO-PAY IN $,0,200,10,100,10,3,10,high,high,RISK,4
0,0,2,1,Hourly,2563,Yes,Rents,15,13,50,11,14,SPECIALIST OFFICE VISIT,TIER 1 NETWORK,CO-PAY IN $,10,200,100,0,10,3,10,high,high,RISK,4
0,1,2,1,Bonus,2810,Yes,Owns,15,20,35,11,14,SPECIALIST OFFICE VISIT,TIER 1 NETWORK,CO-PAY IN $,200,10,100,0,10,3,10,high,high,RISK,4
1,1,0,1,Hourly,2954,Yes,Owns,18,17,32,11,14,SPECIALIST OFFICE VISIT,TIER 1 NETWORK,CO-PAY IN $,200,100,10,0,10,3,10,high,high,RISK,4
1,0,2,0,Hourly,2299,Yes,Owns,13,16,31,11,14,SPECIALIST OFFICE VISIT,TIER 1 NETWORK,CO-PAY IN $,200,0,100,10,10,3,10,high,high,RISK,4
0,0,1,2,Hourly,1155,No,Rents,6,20,34,11,14,SPECIALIST OFFICE VISIT,TIER 1 NETWORK,CO-PAY IN $,100,200,0,10,10,3,10,high,high,RISK,4
1,0,2,0,Bonus,1856,Yes,Rents,14,11,30,11,14,SPECIALIST OFFICE VISIT,TIER 1 NETWORK,CO-PAY IN $,100,0,10,200,10,3,10,high,high,RISK,4
2,1,1,0,Salaried,3352,Yes,Rents,6,19,27,11,14,SPECIALIST OFFICE VISIT,TIER 1 NETWORK,CO-PAY IN $,0,10,200,100,10,3,10,high,high,RISK,4
2,0,0,1,Hourly,3735,Yes,Owns,15,15,31,11,14,SPECIALIST OFFICE VISIT,TIER 1 NETWORK,CO-PAY IN $,100,10,200,0,10,3,10,high,high,RISK,4
2,1,0,2,Salaried,1125,Yes,Rents,6,12,28,11,14,SPECIALIST OFFICE VISIT,TIER 1 NETWORK,CO-PAY IN $,100,10,0,200,10,3,10,high,high,RISK,4
2,0,1,0,Bonus,4695,No,Owns,5,16,31,11,14,SPECIALIST OFFICE VISIT,TIER 1 NETWORK,CO-PAY IN $,200,0,100,10,10,3,10,high,high,RISK,4
1,1,1,1,Salaried,1210,No,Rents,17,12,39,11,14,SPECIALIST OFFICE VISIT,TIER 1 NETWORK,CO-PAY IN $,100,10,0,200,10,3,10,high,high,RISK,4
1,2,1,0,Bonus,3149,No,Owns,6,14,30,11,14,SPECIALIST OFFICE VISIT,TIER 1 NETWORK,CO-PAY IN $,10,200,100,0,10,3,10,high,high,RISK,4
1,1,1,1,Bonus,3757,No,Rents,6,13,26,11,14,SPECIALIST OFFICE VISIT,TIER 1 NETWORK,CO-PAY IN $,10,100,0,200,10,3,10,high,high,RISK,4
1,0,2,1,Salaried,4038,Yes,Rents,12,16,37,11,14,SPECIALIST OFFICE VISIT,TIER 1 NETWORK,CO-PAY IN $,100,0,10,200,10,3,10,high,high,RISK,4
0,0,0,2,Bonus,381,No,Owns,8,16,39,11,14,SPECIALIST OFFICE VISIT,TIER 1 NETWORK,CO-PAY IN $,100,10,200,0,10,3,10,high,high,RISK,4
0,0,1,1,Hourly,2879,Yes,Rents,16,14,30,11,14,SPECIALIST OFFICE VISIT,TIER 1 NETWORK,CO-PAY IN $,200,100,10,0,10,3,10,high,high,RISK,4
1,2,0,0,Hourly,2246,No,Owns,17,14,34,11,14,SPECIALIST OFFICE VISIT,TIER 1 NETWORK,CO-PAY IN $,10,0,100,200,10,3,10,high,high,RISK,4
0,2,1,0,Hourly,3337,No,Rents,7,19,30,11,14,SPECIALIST OFFICE VISIT,TIER 1 NETWORK,CO-PAY IN $,10,0,100,200,10,3,10,high,high,RISK,4
1,1,1,1,Hourly,874,No,Owns,17,17,35,11,14,SPECIALIST OFFICE VISIT,TIER 1 NETWORK,CO-PAY IN $,0,10,100,200,10,3,10,high,high,RISK,4
0,1,0,0,Hourly,4470,Yes,Owns,6,15,48,11,14,SPECIALIST OFFICE VISIT,TIER 1 NETWORK,CO-PAY IN $,0,200,100,10,10,3,10,high,high,RISK,4
2,0,1,1,Hourly,3252,Yes,Owns,10,12,35,11,14,SPECIALIST OFFICE VISIT,TIER 1 NETWORK,CO-PAY IN $,100,10,200,0,10,3,10,high,high,RISK,4
0,2,0,1,Hourly,176,Yes,Rents,9,18,32,11,14,SPECIALIST OFFICE VISIT,TIER 1 NETWORK,CO-PAY IN $,0,200,10,100,10,3,10,high,high,RISK,4
1,0,2,0,Hourly,3681,Yes,Owns,6,13,27,11,14,SPECIALIST OFFICE VISIT,TIER 1 NETWORK,CO-PAY IN $,0,100,10,200,10,3,10,high,high,RISK,4
1,2,1,2,Hourly,1019,Yes,Owns,15,20,28,11,14,SPECIALIST OFFICE VISIT,TIER 1 NETWORK,CO-PAY IN $,0,200,100,10,10,3,10,high,high,RISK,4
1,2,1,1,Bonus,4493,Yes,Owns,18,14,29,11,14,SPECIALIST OFFICE VISIT,TIER 1 NETWORK,CO-PAY IN $,0,100,10,200,10,3,10,high,high,RISK,4
1,2,2,0,Salaried,1012,Yes,Owns,15,13,50,11,14,SPECIALIST OFFICE VISIT,TIER 1 NETWORK,CO-PAY IN $,10,0,200,100,10,3,10,high,high,RISK,4
0,0,1,0,Salaried,1214,No,Owns,6,17,32,11,14,SPECIALIST OFFICE VISIT,TIER 1 NETWORK,CO-PAY IN $,10,200,0,100,10,3,10,high,high,RISK,4
1,0,1,0,Salaried,2852,Yes,Rents,6,16,31,11,14,SPECIALIST OFFICE VISIT,TIER 1 NETWORK,CO-PAY IN $,200,0,10,100,10,3,10,high,high,RISK,4
1,0,0,0,Bonus,1440,Yes,Owns,10,20,34,11,14,SPECIALIST OFFICE VISIT,TIER 1 NETWORK,CO-PAY IN $,200,10,0,100,10,3,10,high,high,RISK,4
1,0,1,0,Bonus,2951,No,Owns,11,11,30,11,14,SPECIALIST OFFICE VISIT,TIER 1 NETWORK,CO-PAY IN $,100,200,0,10,10,3,10,high,high,RISK,4
3,2,1,3,Salaried,4377,No,Rents,24,48,52,11,15,SPECIALIST OFFICE VISIT,TIER 1 NETWORK,CO-PAY IN $,0,100,10,200,0,4,20,high,high,RISK,4
1,1,2,1,Salaried,1919,No,Owns,25,33,56,11,15,SPECIALIST OFFICE VISIT,TIER 1 NETWORK,CO-PAY IN $,200,0,100,10,0,4,20,high,high,RISK,4
2,2,1,1,Salaried,4671,Yes,Rents,33,23,53,11,15,SPECIALIST OFFICE VISIT,TIER 1 NETWORK,CO-PAY IN $,0,200,10,100,0,4,20,high,high,RISK,4
3,2,1,1,Bonus,1139,No,Owns,29,38,56,11,15,SPECIALIST OFFICE VISIT,TIER 1 NETWORK,CO-PAY IN $,10,200,0,100,0,4,20,high,high,RISK,4
1,2,3,2,Bonus,3085,No,Rents,23,24,64,11,15,SPECIALIST OFFICE VISIT,TIER 1 NETWORK,CO-PAY IN $,0,200,100,10,0,4,20,high,high,RISK,4
1,2,3,1,Salaried,912,Yes,Rents,37,29,55,11,15,SPECIALIST OFFICE VISIT,TIER 1 NETWORK,CO-PAY IN $,10,100,0,200,0,4,20,high,high,RISK,4
2,1,3,2,Hourly,3561,Yes,Owns,28,26,51,11,15,SPECIALIST OFFICE VISIT,TIER 1 NETWORK,CO-PAY IN $,200,10,0,100,0,4,20,high,high,RISK,4
2,3,1,1,Hourly,4350,No,Rents,19,36,62,11,15,SPECIALIST OFFICE VISIT,TIER 1 NETWORK,CO-PAY IN $,100,0,10,200,0,4,20,high,high,RISK,4
3,3,2,3,Salaried,3664,No,Owns,18,38,64,11,15,SPECIALIST OFFICE VISIT,TIER 1 NETWORK,CO-PAY IN $,100,200,0,10,0,4,20,high,high,RISK,4
1,1,1,1,Bonus,1972,Yes,Owns,38,31,55,11,15,SPECIALIST OFFICE VISIT,TIER 1 NETWORK,CO-PAY IN $,0,200,10,100,0,4,20,high,high,RISK,4
1,1,3,3,Salaried,1235,Yes,Rents,32,31,59,11,15,SPECIALIST OFFICE VISIT,TIER 1 NETWORK,CO-PAY IN $,200,0,10,100,0,4,20,high,high,RISK,4
1,3,1,2,Bonus,2294,Yes,Owns,25,47,55,11,15,SPECIALIST OFFICE VISIT,TIER 1 NETWORK,CO-PAY IN $,0,10,100,200,0,4,20,high,high,RISK,4
1,2,3,1,Salaried,4592,Yes,Rents,37,41,60,11,15,SPECIALIST OFFICE VISIT,TIER 1 NETWORK,CO-PAY IN $,10,100,0,200,0,4,20,high,high,RISK,4
1,1,1,2,Hourly,2183,Yes,Owns,16,35,73,11,15,SPECIALIST OFFICE VISIT,TIER 1 NETWORK,CO-PAY IN $,100,0,10,200,0,4,20,high,high,RISK,4
2,2,3,2,Salaried,1622,Yes,Rents,21,24,60,11,15,SPECIALIST OFFICE VISIT,TIER 1 NETWORK,CO-PAY IN $,100,10,200,0,0,4,20,high,high,RISK,4
2,3,1,3,Salaried,4259,Yes,Rents,17,43,57,11,15,SPECIALIST OFFICE VISIT,TIER 1 NETWORK,CO-PAY IN $,100,200,0,10,0,4,20,high,high,RISK,4
3,2,2,3,Salaried,4138,No,Owns,37,25,52,11,15,SPECIALIST OFFICE VISIT,TIER 1 NETWORK,CO-PAY IN $,200,0,10,100,0,4,20,high,high,RISK,4
3,1,2,3,Bonus,2742,No,Owns,39,50,53,11,15,SPECIALIST OFFICE VISIT,TIER 1 NETWORK,CO-PAY IN $,100,10,200,0,0,4,20,high,high,RISK,4
1,1,1,3,Bonus,4027,Yes,Rents,21,31,54,11,15,SPECIALIST OFFICE VISIT,TIER 1 NETWORK,CO-PAY IN $,10,0,200,100,0,4,20,high,high,RISK,4
2,2,1,1,Bonus,3643,No,Rents,35,26,75,11,15,SPECIALIST OFFICE VISIT,TIER 1 NETWORK,CO-PAY IN $,200,100,0,10,0,4,20,high,high,RISK,4
2,1,3,1,Salaried,1855,No,Rents,39,49,60,11,15,SPECIALIST OFFICE VISIT,TIER 1 NETWORK,CO-PAY IN $,100,200,10,0,0,4,20,high,high,RISK,4
1,3,1,1,Bonus,4199,No,Owns,33,40,57,11,15,SPECIALIST OFFICE VISIT,TIER 1 NETWORK,CO-PAY IN $,200,0,100,10,0,4,20,high,high,RISK,4
1,3,2,1,Salaried,358,No,Rents,28,36,56,11,15,SPECIALIST OFFICE VISIT,TIER 1 NETWORK,CO-PAY IN $,10,200,100,0,0,4,20,high,high,RISK,4
2,2,2,1,Salaried,2175,No,Owns,35,49,59,11,15,SPECIALIST OFFICE VISIT,TIER 1 NETWORK,CO-PAY IN $,100,10,200,0,0,4,20,high,high,RISK,4
2,2,1,1,Bonus,2804,No,Owns,26,20,55,11,15,SPECIALIST OFFICE VISIT,TIER 1 NETWORK,CO-PAY IN $,10,0,200,100,0,4,20,high,high,RISK,4
3,3,3,2,Bonus,2793,Yes,Owns,39,48,52,11,15,SPECIALIST OFFICE VISIT,TIER 1 NETWORK,CO-PAY IN $,100,10,0,200,0,4,20,high,high,RISK,4
3,1,3,1,Salaried,1366,No,Owns,32,33,56,11,15,SPECIALIST OFFICE VISIT,TIER 1 NETWORK,CO-PAY IN $,0,10,200,100,0,4,20,high,high,RISK,4
1,2,2,3,Salaried,3990,No,Rents,30,23,53,11,15,SPECIALIST OFFICE VISIT,TIER 1 NETWORK,CO-PAY IN $,0,100,10,200,0,4,20,high,high,RISK,4
1,2,2,1,Salaried,1625,No,Owns,36,38,56,11,15,SPECIALIST OFFICE VISIT,TIER 1 NETWORK,CO-PAY IN $,100,10,200,0,0,4,20,high,high,RISK,4
2,3,1,1,Hourly,1178,No,Owns,15,24,64,11,15,SPECIALIST OFFICE VISIT,TIER 1 NETWORK,CO-PAY IN $,10,0,100,200,0,4,20,high,high,RISK,4
2,1,1,1,Hourly,2665,No,Rents,20,29,55,11,15,SPECIALIST OFFICE VISIT,TIER 1 NETWORK,CO-PAY IN $,10,0,200,100,0,4,20,high,high,RISK,4
2,3,3,1,Hourly,4144,No,Owns,23,26,51,11,15,SPECIALIST OFFICE VISIT,TIER 1 NETWORK,CO-PAY IN $,10,200,0,100,0,4,20,high,high,RISK,4
2,2,3,1,Hourly,2547,Yes,Owns,32,36,62,11,15,SPECIALIST OFFICE VISIT,TIER 1 NETWORK,CO-PAY IN $,200,10,0,100,0,4,20,high,high,RISK,4
2,1,2,1,Hourly,152,Yes,Owns,34,38,64,11,15,SPECIALIST OFFICE VISIT,TIER 1 NETWORK,CO-PAY IN $,100,0,200,10,0,4,20,high,high,RISK,4
1,1,1,1,Bonus,2909,Yes,Rents,23,31,55,11,15,SPECIALIST OFFICE VISIT,TIER 1 NETWORK,CO-PAY IN $,100,200,10,0,0,4,20,high,high,RISK,4
3,3,2,2,Bonus,2404,Yes,Owns,27,31,59,11,15,SPECIALIST OFFICE VISIT,TIER 1 NETWORK,CO-PAY IN $,100,10,0,200,0,4,20,high,high,RISK,4
3,1,2,3,Bonus,144,Yes,Owns,24,47,55,11,15,SPECIALIST OFFICE VISIT,TIER 1 NETWORK,CO-PAY IN $,100,200,10,0,0,4,20,high,high,RISK,4
3,1,2,1,Hourly,2250,No,Owns,26,41,60,11,15,SPECIALIST OFFICE VISIT,TIER 1 NETWORK,CO-PAY IN $,100,10,0,200,0,4,20,high,high,RISK,4
3,1,1,1,Hourly,4826,No,Owns,25,35,73,11,15,SPECIALIST OFFICE VISIT,TIER 1 NETWORK,CO-PAY IN $,10,0,200,100,0,4,20,high,high,RISK,4
2,2,1,1,Salaried,792,No,Owns,28,24,60,11,15,SPECIALIST OFFICE VISIT,TIER 1 NETWORK,CO-PAY IN $,10,0,100,200,0,4,20,high,high,RISK,4
1,3,1,2,Hourly,3429,No,Rents,34,43,57,11,15,SPECIALIST OFFICE VISIT,TIER 1 NETWORK,CO-PAY IN $,0,100,10,200,0,4,20,high,high,RISK,4
1,3,1,2,Hourly,1596,Yes,Owns,27,25,52,11,15,SPECIALIST OFFICE VISIT,TIER 1 NETWORK,CO-PAY IN $,200,100,10,0,0,4,20,high,high,RISK,4
2,3,3,1,Salaried,83,Yes,Owns,19,50,53,11,15,SPECIALIST OFFICE VISIT,TIER 1 NETWORK,CO-PAY IN $,0,100,10,200,0,4,20,high,high,RISK,4
2,3,1,3,Salaried,3601,No,Owns,17,31,54,11,15,SPECIALIST OFFICE VISIT,TIER 1 NETWORK,CO-PAY IN $,0,100,200,10,0,4,20,high,high,RISK,4
2,2,1,2,Bonus,861,No,Owns,34,26,75,11,15,SPECIALIST OFFICE VISIT,TIER 1 NETWORK,CO-PAY IN $,100,10,0,200,0,4,20,high,high,RISK,4
1,3,3,3,Salaried,2240,Yes,Rents,35,49,60,11,15,SPECIALIST OFFICE VISIT,TIER 1 NETWORK,CO-PAY IN $,10,200,100,0,0,4,20,high,high,RISK,4
1,1,1,1,Hourly,2384,No,Rents,17,40,57,11,15,SPECIALIST OFFICE VISIT,TIER 1 NETWORK,CO-PAY IN $,0,200,10,100,0,4,20,high,high,RISK,4
1,1,1,1,Bonus,2363,Yes,Rents,29,36,56,11,15,SPECIALIST OFFICE VISIT,TIER 1 NETWORK,CO-PAY IN $,10,0,200,100,0,4,20,high,high,RISK,4
2,1,3,1,Salaried,4539,No,Owns,24,49,59,11,15,SPECIALIST OFFICE VISIT,TIER 1 NETWORK,CO-PAY IN $,200,10,0,100,0,4,20,high,high,RISK,4
2,1,1,1,Bonus,489,No,Rents,23,20,55,11,15,SPECIALIST OFFICE VISIT,TIER 1 NETWORK,CO-PAY IN $,100,10,0,200,0,4,20,high,high,RISK,4
2,3,1,3,Bonus,4623,Yes,Owns,19,48,52,11,15,SPECIALIST OFFICE VISIT,TIER 1 NETWORK,CO-PAY IN $,100,0,200,10,0,4,20,high,high,RISK,4
2,1,1,1,Salaried,153,Yes,Owns,15,33,56,11,15,SPECIALIST OFFICE VISIT,TIER 1 NETWORK,CO-PAY IN $,0,200,100,10,0,4,20,high,high,RISK,4
1,3,3,2,Salaried,3954,No,Owns,17,23,53,11,15,SPECIALIST OFFICE VISIT,TIER 1 NETWORK,CO-PAY IN $,100,10,0,200,0,4,20,high,high,RISK,4
1,2,1,1,Salaried,4742,No,Rents,15,38,56,11,15,SPECIALIST OFFICE VISIT,TIER 1 NETWORK,CO-PAY IN $,200,0,100,10,0,4,20,high,high,RISK,4
1,1,1,2,Hourly,3289,No,Rents,35,24,64,11,15,SPECIALIST OFFICE VISIT,TIER 1 NETWORK,CO-PAY IN $,10,100,0,200,0,4,20,high,high,RISK,4
1,1,2,2,Bonus,3409,Yes,Rents,30,29,55,11,15,SPECIALIST OFFICE VISIT,TIER 1 NETWORK,CO-PAY IN $,0,100,10,200,0,4,20,high,high,RISK,4
1,1,3,2,Bonus,3179,No,Rents,21,26,51,11,15,SPECIALIST OFFICE VISIT,TIER 1 NETWORK,CO-PAY IN $,200,10,0,100,0,4,20,high,high,RISK,4
1,1,1,2,Bonus,4271,No,Rents,22,36,62,11,15,SPECIALIST OFFICE VISIT,TIER 1 NETWORK,CO-PAY IN $,0,10,200,100,0,4,20,high,high,RISK,4
1,1,1,1,Hourly,4605,Yes,Rents,24,38,64,11,15,SPECIALIST OFFICE VISIT,TIER 1 NETWORK,CO-PAY IN $,0,200,10,100,0,4,20,high,high,RISK,4
1,3,3,3,Salaried,3042,Yes,Rents,16,31,55,11,15,SPECIALIST OFFICE VISIT,TIER 1 NETWORK,CO-PAY IN $,10,0,100,200,0,4,20,high,high,RISK,4
1,3,3,1,Hourly,170,No,Rents,37,31,59,11,15,SPECIALIST OFFICE VISIT,TIER 1 NETWORK,CO-PAY IN $,200,0,10,100,0,4,20,high,high,RISK,4
1,1,1,3,Salaried,2062,No,Rents,20,47,55,11,15,SPECIALIST OFFICE VISIT,TIER 1 NETWORK,CO-PAY IN $,200,0,100,10,0,4,20,high,high,RISK,4
2,2,3,3,Bonus,1962,No,Rents,15,41,60,11,15,SPECIALIST OFFICE VISIT,TIER 1 NETWORK,CO-PAY IN $,200,0,100,10,0,4,20,high,high,RISK,4
1,1,1,1,Bonus,1006,No,Owns,27,35,73,11,15,SPECIALIST OFFICE VISIT,TIER 1 NETWORK,CO-PAY IN $,10,100,200,0,0,4,20,high,high,RISK,4
1,3,2,3,Salaried,4555,No,Rents,20,24,60,11,15,SPECIALIST OFFICE VISIT,TIER 1 NETWORK,CO-PAY IN $,100,0,200,10,0,4,20,high,high,RISK,4
3,1,2,1,Bonus,458,No,Rents,25,43,57,11,15,SPECIALIST OFFICE VISIT,TIER 1 NETWORK,CO-PAY IN $,10,100,200,0,0,4,20,high,high,RISK,4
3,1,3,1,Hourly,1593,No,Owns,16,25,52,11,15,SPECIALIST OFFICE VISIT,TIER 1 NETWORK,CO-PAY IN $,200,100,10,0,0,4,20,high,high,RISK,4
1,3,1,2,Hourly,4519,Yes,Owns,26,50,53,11,15,SPECIALIST OFFICE VISIT,TIER 1 NETWORK,CO-PAY IN $,100,0,200,10,0,4,20,high,high,RISK,4
1,1,3,1,Hourly,2563,Yes,Rents,35,26,75,11,15,SPECIALIST OFFICE VISIT,TIER 1 NETWORK,CO-PAY IN $,0,100,10,200,0,4,20,high,high,RISK,4
1,2,3,2,Bonus,2810,Yes,Owns,35,49,60,11,15,SPECIALIST OFFICE VISIT,TIER 1 NETWORK,CO-PAY IN $,200,0,10,100,0,4,20,high,high,RISK,4
2,2,1,2,Hourly,2954,Yes,Owns,39,40,57,11,15,SPECIALIST OFFICE VISIT,TIER 1 NETWORK,CO-PAY IN $,200,100,10,0,0,4,20,high,high,RISK,4
2,1,3,1,Hourly,2299,Yes,Owns,31,36,56,11,15,SPECIALIST OFFICE VISIT,TIER 1 NETWORK,CO-PAY IN $,0,200,10,100,0,4,20,high,high,RISK,4
1,1,2,3,Hourly,1155,No,Rents,16,49,59,11,15,SPECIALIST OFFICE VISIT,TIER 1 NETWORK,CO-PAY IN $,10,0,100,200,0,4,20,high,high,RISK,4
2,1,3,1,Bonus,1856,Yes,Rents,31,20,55,11,15,SPECIALIST OFFICE VISIT,TIER 1 NETWORK,CO-PAY IN $,100,10,200,0,0,4,20,high,high,RISK,4
3,2,2,1,Salaried,3352,Yes,Rents,18,48,52,11,15,SPECIALIST OFFICE VISIT,TIER 1 NETWORK,CO-PAY IN $,0,10,200,100,0,4,20,high,high,RISK,4
3,1,1,2,Hourly,3735,Yes,Owns,34,33,56,11,15,SPECIALIST OFFICE VISIT,TIER 1 NETWORK,CO-PAY IN $,200,100,10,0,0,4,20,high,high,RISK,4
3,2,1,3,Salaried,1125,Yes,Rents,18,23,53,11,15,SPECIALIST OFFICE VISIT,TIER 1 NETWORK,CO-PAY IN $,0,100,200,10,0,4,20,high,high,RISK,4
3,1,2,1,Bonus,4695,No,Owns,15,38,56,11,15,SPECIALIST OFFICE VISIT,TIER 1 NETWORK,CO-PAY IN $,200,10,0,100,0,4,20,high,high,RISK,4
2,2,2,2,Salaried,1210,No,Rents,38,24,64,11,15,SPECIALIST OFFICE VISIT,TIER 1 NETWORK,CO-PAY IN $,0,200,10,100,0,4,20,high,high,RISK,4
2,3,2,1,Bonus,3149,No,Owns,17,29,55,11,15,SPECIALIST OFFICE VISIT,TIER 1 NETWORK,CO-PAY IN $,10,0,200,100,0,4,20,high,high,RISK,4
2,2,2,2,Bonus,3757,No,Rents,18,26,51,11,15,SPECIALIST OFFICE VISIT,TIER 1 NETWORK,CO-PAY IN $,100,200,0,10,0,4,20,high,high,RISK,4
3,1,3,2,Salaried,4038,Yes,Rents,28,36,62,11,15,SPECIALIST OFFICE VISIT,TIER 1 NETWORK,CO-PAY IN $,100,0,200,10,0,4,20,high,high,RISK,4
1,1,1,3,Bonus,381,No,Owns,20,38,64,11,15,SPECIALIST OFFICE VISIT,TIER 1 NETWORK,CO-PAY IN $,10,200,0,100,0,4,20,high,high,RISK,4
1,1,1,2,Hourly,2879,Yes,Rents,37,31,55,11,15,SPECIALIST OFFICE VISIT,TIER 1 NETWORK,CO-PAY IN $,10,100,0,200,0,4,20,high,high,RISK,4
2,3,1,1,Hourly,2246,No,Owns,38,31,59,11,15,SPECIALIST OFFICE VISIT,TIER 1 NETWORK,CO-PAY IN $,0,200,10,100,0,4,20,high,high,RISK,4
1,3,2,1,Hourly,3337,No,Rents,18,47,55,11,15,SPECIALIST OFFICE VISIT,TIER 1 NETWORK,CO-PAY IN $,0,200,10,100,0,4,20,high,high,RISK,4
2,2,1,2,Hourly,874,No,Owns,38,41,60,11,15,SPECIALIST OFFICE VISIT,TIER 1 NETWORK,CO-PAY IN $,100,10,0,200,0,4,20,high,high,RISK,4
1,2,1,1,Hourly,4470,Yes,Owns,16,35,73,11,15,SPECIALIST OFFICE VISIT,TIER 1 NETWORK,CO-PAY IN $,0,10,100,200,0,4,20,high,high,RISK,4
3,1,3,1,Hourly,3252,Yes,Owns,24,24,60,11,15,SPECIALIST OFFICE VISIT,TIER 1 NETWORK,CO-PAY IN $,10,100,200,0,0,4,20,high,high,RISK,4
1,3,1,2,Hourly,176,Yes,Rents,23,43,57,11,15,SPECIALIST OFFICE VISIT,TIER 1 NETWORK,CO-PAY IN $,100,10,0,200,0,4,20,high,high,RISK,4
2,1,3,1,Hourly,3681,Yes,Owns,17,25,52,11,15,SPECIALIST OFFICE VISIT,TIER 1 NETWORK,CO-PAY IN $,10,0,200,100,0,4,20,high,high,RISK,4
1,3,2,3,Hourly,1019,Yes,Owns,35,50,53,11,15,SPECIALIST OFFICE VISIT,TIER 1 NETWORK,CO-PAY IN $,100,10,200,0,0,4,20,high,high,RISK,4
1,3,2,1,Bonus,4493,Yes,Owns,39,31,54,11,15,SPECIALIST OFFICE VISIT,TIER 1 NETWORK,CO-PAY IN $,10,100,0,200,0,4,20,high,high,RISK,4
1,3,3,1,Salaried,1012,Yes,Owns,34,26,75,11,15,SPECIALIST OFFICE VISIT,TIER 1 NETWORK,CO-PAY IN $,100,200,10,0,0,4,20,high,high,RISK,4
1,1,2,1,Salaried,1214,No,Owns,17,40,57,11,15,SPECIALIST OFFICE VISIT,TIER 1 NETWORK,CO-PAY IN $,10,200,0,100,0,4,20,high,high,RISK,4
2,1,1,1,Salaried,2852,Yes,Rents,18,36,56,11,15,SPECIALIST OFFICE VISIT,TIER 1 NETWORK,CO-PAY IN $,200,10,100,0,0,4,20,high,high,RISK,4
2,1,1,1,Bonus,1440,Yes,Owns,24,49,59,11,15,SPECIALIST OFFICE VISIT,TIER 1 NETWORK,CO-PAY IN $,0,100,200,10,0,4,20,high,high,RISK,4
3,1,3,1,Bonus,2951,No,Owns,26,20,55,11,15,SPECIALIST OFFICE VISIT,TIER 1 NETWORK,CO-PAY IN $,0,10,200,100,0,4,20,high,high,RISK,4
4,3,2,4,Salaried,4377,No,Rents,46,73,76,11,16,SPECIALIST OFFICE VISIT,TIER 1 NETWORK,CO-PAY IN $,10,100,0,200,0,4,50,high,high,RISK,4
2,3,4,2,Salaried,1919,No,Owns,48,61,80,11,16,SPECIALIST OFFICE VISIT,TIER 1 NETWORK,CO-PAY IN $,10,0,200,100,0,4,50,high,high,RISK,4
4,4,3,2,Salaried,4671,Yes,Rents,57,53,77,11,16,SPECIALIST OFFICE VISIT,TIER 1 NETWORK,CO-PAY IN $,10,100,200,0,0,4,50,high,high,RISK,4
4,4,2,2,Bonus,1139,No,Owns,52,65,80,11,16,SPECIALIST OFFICE VISIT,TIER 1 NETWORK,CO-PAY IN $,200,10,0,100,0,4,50,high,high,RISK,4
3,4,4,3,Bonus,3085,No,Rents,45,54,88,11,16,SPECIALIST OFFICE VISIT,TIER 1 NETWORK,CO-PAY IN $,0,10,100,200,0,4,50,high,high,RISK,4
3,4,4,3,Salaried,912,Yes,Rents,61,58,79,11,16,SPECIALIST OFFICE VISIT,TIER 1 NETWORK,CO-PAY IN $,200,100,10,0,0,4,50,high,high,RISK,4
4,3,4,3,Hourly,3561,Yes,Owns,51,56,75,11,16,SPECIALIST OFFICE VISIT,TIER 1 NETWORK,CO-PAY IN $,200,100,10,0,0,4,50,high,high,RISK,4
4,4,2,2,Hourly,4350,No,Rents,40,64,87,11,16,SPECIALIST OFFICE VISIT,TIER 1 NETWORK,CO-PAY IN $,100,10,200,0,0,4,50,high,high,RISK,4
4,4,4,4,Salaried,3664,No,Owns,39,65,88,11,16,SPECIALIST OFFICE VISIT,TIER 1 NETWORK,CO-PAY IN $,0,100,10,200,0,4,50,high,high,RISK,4
2,3,3,3,Bonus,1972,Yes,Owns,62,60,80,11,16,SPECIALIST OFFICE VISIT,TIER 1 NETWORK,CO-PAY IN $,0,10,200,100,0,4,50,high,high,RISK,4
3,2,4,4,Salaried,1235,Yes,Rents,55,60,83,11,16,SPECIALIST OFFICE VISIT,TIER 1 NETWORK,CO-PAY IN $,0,10,200,100,0,4,50,high,high,RISK,4
2,4,3,3,Bonus,2294,Yes,Owns,47,72,79,11,16,SPECIALIST OFFICE VISIT,TIER 1 NETWORK,CO-PAY IN $,100,200,10,0,0,4,50,high,high,RISK,4
2,3,4,3,Salaried,4592,Yes,Rents,62,68,84,11,16,SPECIALIST OFFICE VISIT,TIER 1 NETWORK,CO-PAY IN $,100,10,0,200,0,4,50,high,high,RISK,4
3,3,3,4,Hourly,2183,Yes,Owns,37,63,98,11,16,SPECIALIST OFFICE VISIT,TIER 1 NETWORK,CO-PAY IN $,0,10,100,200,0,4,50,high,high,RISK,4
3,3,4,3,Salaried,1622,Yes,Rents,42,55,84,11,16,SPECIALIST OFFICE VISIT,TIER 1 NETWORK,CO-PAY IN $,0,100,200,10,0,4,50,high,high,RISK,4
3,4,3,4,Salaried,4259,Yes,Rents,37,70,81,11,16,SPECIALIST OFFICE VISIT,TIER 1 NETWORK,CO-PAY IN $,100,10,0,200,0,4,50,high,high,RISK,4
4,3,3,4,Salaried,4138,No,Owns,62,55,76,11,16,SPECIALIST OFFICE VISIT,TIER 1 NETWORK,CO-PAY IN $,200,0,100,10,0,4,50,high,high,RISK,4
4,3,4,4,Bonus,2742,No,Owns,64,75,77,11,16,SPECIALIST OFFICE VISIT,TIER 1 NETWORK,CO-PAY IN $,0,10,200,100,0,4,50,high,high,RISK,4
3,3,3,4,Bonus,4027,Yes,Rents,43,60,78,11,16,SPECIALIST OFFICE VISIT,TIER 1 NETWORK,CO-PAY IN $,10,0,200,100,0,4,50,high,high,RISK,4
4,4,2,2,Bonus,3643,No,Rents,59,56,100,11,16,SPECIALIST OFFICE VISIT,TIER 1 NETWORK,CO-PAY IN $,10,200,0,100,0,4,50,high,high,RISK,4
4,2,4,2,Salaried,1855,No,Rents,63,74,85,11,16,SPECIALIST OFFICE VISIT,TIER 1 NETWORK,CO-PAY IN $,100,200,10,0,0,4,50,high,high,RISK,4
3,4,2,3,Bonus,4199,No,Owns,57,67,81,11,16,SPECIALIST OFFICE VISIT,TIER 1 NETWORK,CO-PAY IN $,200,100,0,10,0,4,50,high,high,RISK,4
3,4,3,2,Salaried,358,No,Rents,50,64,80,11,16,SPECIALIST OFFICE VISIT,TIER 1 NETWORK,CO-PAY IN $,100,200,0,10,0,4,50,high,high,RISK,4
4,3,4,3,Salaried,2175,No,Owns,59,75,83,11,16,SPECIALIST OFFICE VISIT,TIER 1 NETWORK,CO-PAY IN $,0,10,100,200,0,4,50,high,high,RISK,4
4,4,2,2,Bonus,2804,No,Owns,48,51,79,11,16,SPECIALIST OFFICE VISIT,TIER 1 NETWORK,CO-PAY IN $,0,200,10,100,0,4,50,high,high,RISK,4
4,4,4,4,Bonus,2793,Yes,Owns,63,73,76,11,16,SPECIALIST OFFICE VISIT,TIER 1 NETWORK,CO-PAY IN $,0,10,100,200,0,4,50,high,high,RISK,4
4,3,4,2,Salaried,1366,No,Owns,56,61,80,11,16,SPECIALIST OFFICE VISIT,TIER 1 NETWORK,CO-PAY IN $,100,0,200,10,0,4,50,high,high,RISK,4
2,4,4,4,Salaried,3990,No,Rents,53,53,77,11,16,SPECIALIST OFFICE VISIT,TIER 1 NETWORK,CO-PAY IN $,200,100,10,0,0,4,50,high,high,RISK,4
2,4,3,3,Salaried,1625,No,Owns,60,65,80,11,16,SPECIALIST OFFICE VISIT,TIER 1 NETWORK,CO-PAY IN $,10,200,100,0,0,4,50,high,high,RISK,4
4,4,3,3,Hourly,1178,No,Owns,35,54,88,11,16,SPECIALIST OFFICE VISIT,TIER 1 NETWORK,CO-PAY IN $,10,0,200,100,0,4,50,high,high,RISK,4
3,3,2,2,Hourly,2665,No,Rents,41,58,79,11,16,SPECIALIST OFFICE VISIT,TIER 1 NETWORK,CO-PAY IN $,100,0,200,10,0,4,50,high,high,RISK,4
4,4,4,2,Hourly,4144,No,Owns,44,56,75,11,16,SPECIALIST OFFICE VISIT,TIER 1 NETWORK,CO-PAY IN $,0,10,200,100,0,4,50,high,high,RISK,4
3,3,4,3,Hourly,2547,Yes,Owns,55,64,87,11,16,SPECIALIST OFFICE VISIT,TIER 1 NETWORK,CO-PAY IN $,100,10,0,200,0,4,50,high,high,RISK,4
4,3,4,2,Hourly,152,Yes,Owns,58,65,88,11,16,SPECIALIST OFFICE VISIT,TIER 1 NETWORK,CO-PAY IN $,0,100,200,10,0,4,50,high,high,RISK,4
3,2,2,3,Bonus,2909,Yes,Rents,45,60,80,11,16,SPECIALIST OFFICE VISIT,TIER 1 NETWORK,CO-PAY IN $,10,200,100,0,0,4,50,high,high,RISK,4
4,4,3,3,Bonus,2404,Yes,Owns,49,60,83,11,16,SPECIALIST OFFICE VISIT,TIER 1 NETWORK,CO-PAY IN $,10,200,0,100,0,4,50,high,high,RISK,4
4,2,4,4,Bonus,144,Yes,Owns,46,72,79,11,16,SPECIALIST OFFICE VISIT,TIER 1 NETWORK,CO-PAY IN $,200,100,10,0,0,4,50,high,high,RISK,4
4,2,4,2,Hourly,2250,No,Owns,48,68,84,11,16,SPECIALIST OFFICE VISIT,TIER 1 NETWORK,CO-PAY IN $,200,0,10,100,0,4,50,high,high,RISK,4
4,3,3,3,Hourly,4826,No,Owns,47,63,98,11,16,SPECIALIST OFFICE VISIT,TIER 1 NETWORK,CO-PAY IN $,200,100,10,0,0,4,50,high,high,RISK,4
4,4,2,3,Salaried,792,No,Owns,50,55,84,11,16,SPECIALIST OFFICE VISIT,TIER 1 NETWORK,CO-PAY IN $,10,100,200,0,0,4,50,high,high,RISK,4
2,4,2,3,Hourly,3429,No,Rents,58,70,81,11,16,SPECIALIST OFFICE VISIT,TIER 1 NETWORK,CO-PAY IN $,200,0,10,100,0,4,50,high,high,RISK,4
3,4,3,4,Hourly,1596,Yes,Owns,50,55,76,11,16,SPECIALIST OFFICE VISIT,TIER 1 NETWORK,CO-PAY IN $,10,0,100,200,0,4,50,high,high,RISK,4
4,4,4,3,Salaried,83,Yes,Owns,40,75,77,11,16,SPECIALIST OFFICE VISIT,TIER 1 NETWORK,CO-PAY IN $,0,200,100,10,0,4,50,high,high,RISK,4
4,4,3,4,Salaried,3601,No,Owns,38,60,78,11,16,SPECIALIST OFFICE VISIT,TIER 1 NETWORK,CO-PAY IN $,0,200,100,10,0,4,50,high,high,RISK,4
3,4,2,4,Bonus,861,No,Owns,58,56,100,11,16,SPECIALIST OFFICE VISIT,TIER 1 NETWORK,CO-PAY IN $,0,200,100,10,0,4,50,high,high,RISK,4
2,4,4,4,Salaried,2240,Yes,Rents,59,74,85,11,16,SPECIALIST OFFICE VISIT,TIER 1 NETWORK,CO-PAY IN $,200,100,10,0,0,4,50,high,high,RISK,4
3,3,2,2,Hourly,2384,No,Rents,37,67,81,11,16,SPECIALIST OFFICE VISIT,TIER 1 NETWORK,CO-PAY IN $,200,10,0,100,0,4,50,high,high,RISK,4
2,2,3,3,Bonus,2363,Yes,Rents,52,64,80,11,16,SPECIALIST OFFICE VISIT,TIER 1 NETWORK,CO-PAY IN $,100,200,10,0,0,4,50,high,high,RISK,4
3,3,4,2,Salaried,4539,No,Owns,45,75,83,11,16,SPECIALIST OFFICE VISIT,TIER 1 NETWORK,CO-PAY IN $,100,200,10,0,0,4,50,high,high,RISK,4
3,3,2,2,Bonus,489,No,Rents,45,51,79,11,16,SPECIALIST OFFICE VISIT,TIER 1 NETWORK,CO-PAY IN $,0,100,200,10,0,4,50,high,high,RISK,4
4,4,2,4,Bonus,4623,Yes,Owns,40,73,76,11,16,SPECIALIST OFFICE VISIT,TIER 1 NETWORK,CO-PAY IN $,100,0,200,10,0,4,50,high,high,RISK,4
3,3,3,2,Salaried,153,Yes,Owns,36,61,80,11,16,SPECIALIST OFFICE VISIT,TIER 1 NETWORK,CO-PAY IN $,100,200,10,0,0,4,50,high,high,RISK,4
3,4,4,4,Salaried,3954,No,Owns,38,53,77,11,16,SPECIALIST OFFICE VISIT,TIER 1 NETWORK,CO-PAY IN $,100,0,200,10,0,4,50,high,high,RISK,4
3,3,2,3,Salaried,4742,No,Rents,35,65,80,11,16,SPECIALIST OFFICE VISIT,TIER 1 NETWORK,CO-PAY IN $,0,200,100,10,0,4,50,high,high,RISK,4
2,2,2,3,Hourly,3289,No,Rents,59,54,88,11,16,SPECIALIST OFFICE VISIT,TIER 1 NETWORK,CO-PAY IN $,200,10,0,100,0,4,50,high,high,RISK,4
2,2,3,3,Bonus,3409,Yes,Rents,54,58,79,11,16,SPECIALIST OFFICE VISIT,TIER 1 NETWORK,CO-PAY IN $,200,0,100,10,0,4,50,high,high,RISK,4
3,3,4,3,Bonus,3179,No,Rents,42,56,75,11,16,SPECIALIST OFFICE VISIT,TIER 1 NETWORK,CO-PAY IN $,10,0,200,100,0,4,50,high,high,RISK,4
3,3,2,4,Bonus,4271,No,Rents,43,64,87,11,16,SPECIALIST OFFICE VISIT,TIER 1 NETWORK,CO-PAY IN $,10,100,200,0,0,4,50,high,high,RISK,4
3,3,3,2,Hourly,4605,Yes,Rents,46,65,88,11,16,SPECIALIST OFFICE VISIT,TIER 1 NETWORK,CO-PAY IN $,10,0,100,200,0,4,50,high,high,RISK,4
2,4,4,4,Salaried,3042,Yes,Rents,37,60,80,11,16,SPECIALIST OFFICE VISIT,TIER 1 NETWORK,CO-PAY IN $,0,10,200,100,0,4,50,high,high,RISK,4
2,4,4,3,Hourly,170,No,Rents,61,60,83,11,16,SPECIALIST OFFICE VISIT,TIER 1 NETWORK,CO-PAY IN $,10,100,200,0,0,4,50,high,high,RISK,4
2,3,3,4,Salaried,2062,No,Rents,40,72,79,11,16,SPECIALIST OFFICE VISIT,TIER 1 NETWORK,CO-PAY IN $,200,10,100,0,0,4,50,high,high,RISK,4
4,4,4,4,Bonus,1962,No,Rents,35,68,84,11,16,SPECIALIST OFFICE VISIT,TIER 1 NETWORK,CO-PAY IN $,100,200,0,10,0,4,50,high,high,RISK,4
2,2,3,2,Bonus,1006,No,Owns,50,63,98,11,16,SPECIALIST OFFICE VISIT,TIER 1 NETWORK,CO-PAY IN $,10,200,0,100,0,4,50,high,high,RISK,4
2,4,3,4,Salaried,4555,No,Rents,42,55,84,11,16,SPECIALIST OFFICE VISIT,TIER 1 NETWORK,CO-PAY IN $,10,100,0,200,0,4,50,high,high,RISK,4
4,3,4,3,Bonus,458,No,Rents,46,70,81,11,16,SPECIALIST OFFICE VISIT,TIER 1 NETWORK,CO-PAY IN $,0,10,200,100,0,4,50,high,high,RISK,4
4,3,4,3,Hourly,1593,No,Owns,36,55,76,11,16,SPECIALIST OFFICE VISIT,TIER 1 NETWORK,CO-PAY IN $,10,100,200,0,0,4,50,high,high,RISK,4
3,4,2,3,Hourly,4519,Yes,Owns,48,75,77,11,16,SPECIALIST OFFICE VISIT,TIER 1 NETWORK,CO-PAY IN $,0,100,10,200,0,4,50,high,high,RISK,4
2,4,3,3,Bonus,2639,No,Rents,36,60,78,11,16,SPECIALIST OFFICE VISIT,TIER 1 NETWORK,CO-PAY IN $,10,0,200,100,0,4,50,high,high,RISK,4
2,3,4,3,Hourly,2563,Yes,Rents,59,56,100,11,16,SPECIALIST OFFICE VISIT,TIER 1 NETWORK,CO-PAY IN $,100,10,200,0,0,4,50,high,high,RISK,4
3,4,4,4,Bonus,2810,Yes,Owns,58,74,85,11,16,SPECIALIST OFFICE VISIT,TIER 1 NETWORK,CO-PAY IN $,100,200,0,10,0,4,50,high,high,RISK,4
3,4,3,4,Hourly,2954,Yes,Owns,64,67,81,11,16,SPECIALIST OFFICE VISIT,TIER 1 NETWORK,CO-PAY IN $,100,200,10,0,0,4,50,high,high,RISK,4
3,2,4,3,Hourly,2299,Yes,Owns,54,64,80,11,16,SPECIALIST OFFICE VISIT,TIER 1 NETWORK,CO-PAY IN $,10,100,0,200,0,4,50,high,high,RISK,4
2,3,4,4,Hourly,1155,No,Rents,37,75,83,11,16,SPECIALIST OFFICE VISIT,TIER 1 NETWORK,CO-PAY IN $,0,200,100,10,0,4,50,high,high,RISK,4
4,2,4,3,Bonus,1856,Yes,Rents,55,51,79,11,16,SPECIALIST OFFICE VISIT,TIER 1 NETWORK,CO-PAY IN $,100,0,200,10,0,4,50,high,high,RISK,4
4,4,3,3,Salaried,3352,Yes,Rents,38,73,76,11,16,SPECIALIST OFFICE VISIT,TIER 1 NETWORK,CO-PAY IN $,10,0,200,100,0,4,50,high,high,RISK,4
4,3,3,4,Salaried,1125,Yes,Rents,38,53,77,11,16,SPECIALIST OFFICE VISIT,TIER 1 NETWORK,CO-PAY IN $,0,200,10,100,0,4,50,high,high,RISK,4
4,2,4,2,Bonus,4695,No,Owns,35,65,80,11,16,SPECIALIST OFFICE VISIT,TIER 1 NETWORK,CO-PAY IN $,0,200,10,100,0,4,50,high,high,RISK,4
3,3,3,4,Salaried,1210,No,Rents,62,54,88,11,16,SPECIALIST OFFICE VISIT,TIER 1 NETWORK,CO-PAY IN $,10,0,200,100,0,4,50,high,high,RISK,4
4,4,4,2,Bonus,3149,No,Owns,37,58,79,11,16,SPECIALIST OFFICE VISIT,TIER 1 NETWORK,CO-PAY IN $,0,10,100,200,0,4,50,high,high,RISK,4
4,3,4,4,Bonus,3757,No,Rents,38,56,75,11,16,SPECIALIST OFFICE VISIT,TIER 1 NETWORK,CO-PAY IN $,100,200,0,10,0,4,50,high,high,RISK,4
4,3,4,4,Salaried,4038,Yes,Rents,51,64,87,11,16,SPECIALIST OFFICE VISIT,TIER 1 NETWORK,CO-PAY IN $,100,0,200,10,0,4,50,high,high,RISK,4
2,3,3,4,Bonus,381,No,Owns,41,65,88,11,16,SPECIALIST OFFICE VISIT,TIER 1 NETWORK,CO-PAY IN $,10,0,100,200,0,4,50,high,high,RISK,4
3,3,3,3,Hourly,2879,Yes,Rents,61,60,80,11,16,SPECIALIST OFFICE VISIT,TIER 1 NETWORK,CO-PAY IN $,100,0,10,200,0,4,50,high,high,RISK,4
4,4,3,2,Hourly,2246,No,Owns,62,60,83,11,16,SPECIALIST OFFICE VISIT,TIER 1 NETWORK,CO-PAY IN $,100,0,10,200,0,4,50,high,high,RISK,4
2,4,3,2,Hourly,3337,No,Rents,39,72,79,11,16,SPECIALIST OFFICE VISIT,TIER 1 NETWORK,CO-PAY IN $,100,0,200,10,0,4,50,high,high,RISK,4
4,3,3,4,Hourly,874,No,Owns,63,68,84,11,16,SPECIALIST OFFICE VISIT,TIER 1 NETWORK,CO-PAY IN $,0,10,200,100,0,4,50,high,high,RISK,4
3,4,2,3,Hourly,4470,Yes,Owns,36,63,98,11,16,SPECIALIST OFFICE VISIT,TIER 1 NETWORK,CO-PAY IN $,0,10,200,100,0,4,50,high,high,RISK,4
4,3,4,3,Hourly,3252,Yes,Owns,46,55,84,11,16,SPECIALIST OFFICE VISIT,TIER 1 NETWORK,CO-PAY IN $,200,100,10,0,0,4,50,high,high,RISK,4
3,4,2,3,Hourly,176,Yes,Rents,45,70,81,11,16,SPECIALIST OFFICE VISIT,TIER 1 NETWORK,CO-PAY IN $,100,0,200,10,0,4,50,high,high,RISK,4
4,3,4,2,Hourly,3681,Yes,Owns,38,55,76,11,16,SPECIALIST OFFICE VISIT,TIER 1 NETWORK,CO-PAY IN $,10,200,0,100,0,4,50,high,high,RISK,4
3,4,4,4,Hourly,1019,Yes,Owns,59,75,77,11,16,SPECIALIST OFFICE VISIT,TIER 1 NETWORK,CO-PAY IN $,100,0,200,10,0,4,50,high,high,RISK,4
3,4,4,3,Bonus,4493,Yes,Owns,64,60,78,11,16,SPECIALIST OFFICE VISIT,TIER 1 NETWORK,CO-PAY IN $,0,200,10,100,0,4,50,high,high,RISK,4
3,4,4,2,Salaried,1012,Yes,Owns,58,56,100,11,16,SPECIALIST OFFICE VISIT,TIER 1 NETWORK,CO-PAY IN $,100,10,0,200,0,4,50,high,high,RISK,4
2,2,4,3,Bonus,1248,Yes,Rents,39,74,85,11,16,SPECIALIST OFFICE VISIT,TIER 1 NETWORK,CO-PAY IN $,10,100,200,0,0,4,50,high,high,RISK,4
2,3,3,3,Salaried,1214,No,Owns,37,67,81,11,16,SPECIALIST OFFICE VISIT,TIER 1 NETWORK,CO-PAY IN $,100,10,0,200,0,4,50,high,high,RISK,4
4,3,3,2,Salaried,2852,Yes,Rents,38,64,80,11,16,SPECIALIST OFFICE VISIT,TIER 1 NETWORK,CO-PAY IN $,10,0,200,100,0,4,50,high,high,RISK,4
3,3,2,2,Bonus,1440,Yes,Owns,46,75,83,11,16,SPECIALIST OFFICE VISIT,TIER 1 NETWORK,CO-PAY IN $,0,10,200,100,0,4,50,high,high,RISK,4
4,2,4,3,Bonus,2951,No,Owns,48,51,79,11,16,SPECIALIST OFFICE VISIT,TIER 1 NETWORK,CO-PAY IN $,200,100,10,0,0,4,50,high,high,RISK,4
1,0,0,1,Salaried,4377,No,Rents,4,9,1,12,1,SPECIALIST OFFICE VISIT,IN-NETWORK,CO-PAY IN $,200,25,0,40,200,1,5,low,low,RISK,1
0,0,1,0,Salaried,1919,No,Owns,4,4,5,12,1,SPECIALIST OFFICE VISIT,IN-NETWORK,CO-PAY IN $,200,0,40,25,200,1,5,low,low,RISK,1
0,0,0,0,Salaried,4671,Yes,Rents,7,1,2,12,1,SPECIALIST OFFICE VISIT,IN-NETWORK,CO-PAY IN $,25,40,200,0,200,1,5,low,low,RISK,1
1,1,0,0,Bonus,1139,No,Owns,6,6,5,12,1,SPECIALIST OFFICE VISIT,IN-NETWORK,CO-PAY IN $,200,0,40,25,200,1,5,low,low,RISK,1
0,1,1,0,Bonus,3085,No,Rents,3,1,13,12,1,SPECIALIST OFFICE VISIT,IN-NETWORK,CO-PAY IN $,0,200,25,40,200,1,5,low,low,RISK,1
0,1,1,0,Salaried,912,Yes,Rents,9,3,4,12,1,SPECIALIST OFFICE VISIT,IN-NETWORK,CO-PAY IN $,200,40,0,25,200,1,5,low,low,RISK,1
1,0,1,0,Hourly,3561,Yes,Owns,5,2,0,12,1,SPECIALIST OFFICE VISIT,IN-NETWORK,CO-PAY IN $,25,200,0,40,200,1,5,low,low,RISK,1
1,1,0,0,Hourly,4350,No,Rents,2,5,12,12,1,SPECIALIST OFFICE VISIT,IN-NETWORK,CO-PAY IN $,40,0,25,200,200,1,5,low,low,RISK,1
1,1,0,1,Salaried,3664,No,Owns,1,6,13,12,1,SPECIALIST OFFICE VISIT,IN-NETWORK,CO-PAY IN $,200,25,40,0,200,1,5,low,low,RISK,1
0,0,0,0,Bonus,1972,Yes,Owns,9,4,5,12,1,SPECIALIST OFFICE VISIT,IN-NETWORK,CO-PAY IN $,200,25,0,40,200,1,5,low,low,RISK,1
0,0,1,1,Salaried,1235,Yes,Rents,7,4,8,12,1,SPECIALIST OFFICE VISIT,IN-NETWORK,CO-PAY IN $,25,0,40,200,200,1,5,low,low,RISK,1
0,1,0,0,Bonus,2294,Yes,Owns,4,9,4,12,1,SPECIALIST OFFICE VISIT,IN-NETWORK,CO-PAY IN $,40,0,200,25,200,1,5,low,low,RISK,1
0,0,1,0,Salaried,4592,Yes,Rents,9,7,9,12,1,SPECIALIST OFFICE VISIT,IN-NETWORK,CO-PAY IN $,25,0,40,200,200,1,5,low,low,RISK,1
0,0,0,1,Hourly,2183,Yes,Owns,1,5,23,12,1,SPECIALIST OFFICE VISIT,IN-NETWORK,CO-PAY IN $,25,200,0,40,200,1,5,low,low,RISK,1
0,0,1,0,Salaried,1622,Yes,Rents,2,1,9,12,1,SPECIALIST OFFICE VISIT,IN-NETWORK,CO-PAY IN $,0,200,25,40,200,1,5,low,low,RISK,1
0,1,0,1,Salaried,4259,Yes,Rents,1,8,6,12,1,SPECIALIST OFFICE VISIT,IN-NETWORK,CO-PAY IN $,200,25,40,0,200,1,5,low,low,RISK,1
1,0,0,1,Salaried,4138,No,Owns,9,2,1,12,1,SPECIALIST OFFICE VISIT,IN-NETWORK,CO-PAY IN $,200,25,0,40,200,1,5,low,low,RISK,1
1,0,0,1,Bonus,2742,No,Owns,10,10,2,12,1,SPECIALIST OFFICE VISIT,IN-NETWORK,CO-PAY IN $,200,0,40,25,200,1,5,low,low,RISK,1
0,0,0,1,Bonus,4027,Yes,Rents,3,4,3,12,1,SPECIALIST OFFICE VISIT,IN-NETWORK,CO-PAY IN $,200,0,25,40,200,1,5,low,low,RISK,1
1,0,0,0,Bonus,3643,No,Rents,8,2,25,12,1,SPECIALIST OFFICE VISIT,IN-NETWORK,CO-PAY IN $,25,200,0,40,200,1,5,low,low,RISK,1
1,0,1,0,Salaried,1855,No,Rents,9,10,10,12,1,SPECIALIST OFFICE VISIT,IN-NETWORK,CO-PAY IN $,0,40,200,25,200,1,5,low,low,RISK,1
0,1,0,0,Bonus,4199,No,Owns,7,7,6,12,1,SPECIALIST OFFICE VISIT,IN-NETWORK,CO-PAY IN $,40,200,25,0,200,1,5,low,low,RISK,1
0,1,0,0,Salaried,358,No,Rents,5,5,5,12,1,SPECIALIST OFFICE VISIT,IN-NETWORK,CO-PAY IN $,200,25,40,0,200,1,5,low,low,RISK,1
0,0,1,0,Salaried,2175,No,Owns,8,10,8,12,1,SPECIALIST OFFICE VISIT,IN-NETWORK,CO-PAY IN $,200,25,0,40,200,1,5,low,low,RISK,1
0,1,0,0,Bonus,2804,No,Owns,4,0,4,12,1,SPECIALIST OFFICE VISIT,IN-NETWORK,CO-PAY IN $,25,40,0,200,200,1,5,low,low,RISK,1
1,1,1,0,Bonus,2793,Yes,Owns,9,9,1,12,1,SPECIALIST OFFICE VISIT,IN-NETWORK,CO-PAY IN $,0,200,40,25,200,1,5,low,low,RISK,1
1,0,1,0,Salaried,1366,No,Owns,7,4,5,12,1,SPECIALIST OFFICE VISIT,IN-NETWORK,CO-PAY IN $,40,25,0,200,200,1,5,low,low,RISK,1
0,1,1,1,Salaried,3990,No,Rents,6,1,2,12,1,SPECIALIST OFFICE VISIT,IN-NETWORK,CO-PAY IN $,40,0,200,25,200,1,5,low,low,RISK,1
0,0,0,0,Salaried,1625,No,Owns,8,6,5,12,1,SPECIALIST OFFICE VISIT,IN-NETWORK,CO-PAY IN $,40,200,0,25,200,1,5,low,low,RISK,1
1,1,0,0,Hourly,1178,No,Owns,0,1,13,12,1,SPECIALIST OFFICE VISIT,IN-NETWORK,CO-PAY IN $,40,0,25,200,200,1,5,low,low,RISK,1
0,0,0,0,Hourly,2665,No,Rents,2,3,4,12,1,SPECIALIST OFFICE VISIT,IN-NETWORK,CO-PAY IN $,40,0,200,25,200,1,5,low,low,RISK,1
1,1,1,0,Hourly,4144,No,Owns,3,2,0,12,1,SPECIALIST OFFICE VISIT,IN-NETWORK,CO-PAY IN $,40,25,0,200,200,1,5,low,low,RISK,1
0,0,1,0,Hourly,2547,Yes,Owns,7,5,12,12,1,SPECIALIST OFFICE VISIT,IN-NETWORK,CO-PAY IN $,40,25,200,0,200,1,5,low,low,RISK,1
1,0,1,0,Hourly,152,Yes,Owns,8,6,13,12,1,SPECIALIST OFFICE VISIT,IN-NETWORK,CO-PAY IN $,200,25,0,40,200,1,5,low,low,RISK,1
0,0,0,0,Bonus,2909,Yes,Rents,3,4,5,12,1,SPECIALIST OFFICE VISIT,IN-NETWORK,CO-PAY IN $,200,40,25,0,200,1,5,low,low,RISK,1
1,1,0,0,Bonus,2404,Yes,Owns,5,4,8,12,1,SPECIALIST OFFICE VISIT,IN-NETWORK,CO-PAY IN $,0,40,25,200,200,1,5,low,low,RISK,1
1,0,1,1,Bonus,144,Yes,Owns,4,9,4,12,1,SPECIALIST OFFICE VISIT,IN-NETWORK,CO-PAY IN $,0,40,200,25,200,1,5,low,low,RISK,1
1,0,1,0,Hourly,2250,No,Owns,4,7,9,12,1,SPECIALIST OFFICE VISIT,IN-NETWORK,CO-PAY IN $,25,0,40,200,200,1,5,low,low,RISK,1
1,0,0,0,Hourly,4826,No,Owns,4,5,23,12,1,SPECIALIST OFFICE VISIT,IN-NETWORK,CO-PAY IN $,0,40,25,200,200,1,5,low,low,RISK,1
1,1,0,0,Salaried,792,No,Owns,5,1,9,12,1,SPECIALIST OFFICE VISIT,IN-NETWORK,CO-PAY IN $,0,200,40,25,200,1,5,low,low,RISK,1
0,1,0,0,Hourly,3429,No,Rents,8,8,6,12,1,SPECIALIST OFFICE VISIT,IN-NETWORK,CO-PAY IN $,0,200,40,25,200,1,5,low,low,RISK,1
0,1,0,0,Hourly,1596,Yes,Owns,5,2,1,12,1,SPECIALIST OFFICE VISIT,IN-NETWORK,CO-PAY IN $,200,0,25,40,200,1,5,low,low,RISK,1
1,1,1,0,Salaried,83,Yes,Owns,2,10,2,12,1,SPECIALIST OFFICE VISIT,IN-NETWORK,CO-PAY IN $,0,200,25,40,200,1,5,low,low,RISK,1
1,1,0,1,Salaried,3601,No,Owns,1,4,3,12,1,SPECIALIST OFFICE VISIT,IN-NETWORK,CO-PAY IN $,40,0,200,25,200,1,5,low,low,RISK,1
0,0,0,1,Bonus,861,No,Owns,8,2,25,12,1,SPECIALIST OFFICE VISIT,IN-NETWORK,CO-PAY IN $,25,40,200,0,200,1,5,low,low,RISK,1
0,1,1,1,Salaried,2240,Yes,Rents,8,10,10,12,1,SPECIALIST OFFICE VISIT,IN-NETWORK,CO-PAY IN $,0,200,40,25,200,1,5,low,low,RISK,1
0,0,0,0,Hourly,2384,No,Rents,1,7,6,12,1,SPECIALIST OFFICE VISIT,IN-NETWORK,CO-PAY IN $,200,40,25,0,200,1,5,low,low,RISK,1
0,0,0,0,Bonus,2363,Yes,Rents,6,5,5,12,1,SPECIALIST OFFICE VISIT,IN-NETWORK,CO-PAY IN $,40,200,0,25,200,1,5,low,low,RISK,1
0,0,1,0,Salaried,4539,No,Owns,3,10,8,12,1,SPECIALIST OFFICE VISIT,IN-NETWORK,CO-PAY IN $,200,40,25,0,200,1,5,low,low,RISK,1
0,0,0,0,Bonus,489,No,Rents,3,0,4,12,1,SPECIALIST OFFICE VISIT,IN-NETWORK,CO-PAY IN $,200,25,40,0,200,1,5,low,low,RISK,1
0,1,0,1,Bonus,4623,Yes,Owns,2,9,1,12,1,SPECIALIST OFFICE VISIT,IN-NETWORK,CO-PAY IN $,40,25,200,0,200,1,5,low,low,RISK,1
0,0,0,0,Salaried,153,Yes,Owns,0,4,5,12,1,SPECIALIST OFFICE VISIT,IN-NETWORK,CO-PAY IN $,0,40,200,25,200,1,5,low,low,RISK,1
0,1,1,0,Salaried,3954,No,Owns,1,1,2,12,1,SPECIALIST OFFICE VISIT,IN-NETWORK,CO-PAY IN $,200,40,25,0,200,1,5,low,low,RISK,1
0,0,0,0,Salaried,4742,No,Rents,0,6,5,12,1,SPECIALIST OFFICE VISIT,IN-NETWORK,CO-PAY IN $,200,0,40,25,200,1,5,low,low,RISK,1
0,0,0,0,Hourly,3289,No,Rents,8,1,13,12,1,SPECIALIST OFFICE VISIT,IN-NETWORK,CO-PAY IN $,25,200,40,0,200,1,5,low,low,RISK,1
0,0,0,0,Bonus,3409,Yes,Rents,6,3,4,12,1,SPECIALIST OFFICE VISIT,IN-NETWORK,CO-PAY IN $,40,0,200,25,200,1,5,low,low,RISK,1
0,0,1,0,Bonus,3179,No,Rents,2,2,0,12,1,SPECIALIST OFFICE VISIT,IN-NETWORK,CO-PAY IN $,200,0,25,40,200,1,5,low,low,RISK,1
0,0,0,0,Bonus,4271,No,Rents,3,5,12,12,1,SPECIALIST OFFICE VISIT,IN-NETWORK,CO-PAY IN $,200,0,40,25,200,1,5,low,low,RISK,1
0,0,0,0,Hourly,4605,Yes,Rents,4,6,13,12,1,SPECIALIST OFFICE VISIT,IN-NETWORK,CO-PAY IN $,200,40,25,0,200,1,5,low,low,RISK,1
0,1,1,1,Salaried,3042,Yes,Rents,1,4,5,12,1,SPECIALIST OFFICE VISIT,IN-NETWORK,CO-PAY IN $,0,200,25,40,200,1,5,low,low,RISK,1
0,1,1,0,Hourly,170,No,Rents,9,4,8,12,1,SPECIALIST OFFICE VISIT,IN-NETWORK,CO-PAY IN $,40,25,0,200,200,1,5,low,low,RISK,1
0,0,0,1,Salaried,2062,No,Rents,2,9,4,12,1,SPECIALIST OFFICE VISIT,IN-NETWORK,CO-PAY IN $,40,25,0,200,200,1,5,low,low,RISK,1
1,0,1,1,Bonus,1962,No,Rents,0,7,9,12,1,SPECIALIST OFFICE VISIT,IN-NETWORK,CO-PAY IN $,40,25,200,0,200,1,5,low,low,RISK,1
0,0,0,0,Bonus,1006,No,Owns,5,5,23,12,1,SPECIALIST OFFICE VISIT,IN-NETWORK,CO-PAY IN $,40,200,25,0,200,1,5,low,low,RISK,1
0,1,0,1,Salaried,4555,No,Rents,2,1,9,12,1,SPECIALIST OFFICE VISIT,IN-NETWORK,CO-PAY IN $,200,0,25,40,200,1,5,low,low,RISK,1
1,0,1,0,Bonus,458,No,Rents,4,8,6,12,1,SPECIALIST OFFICE VISIT,IN-NETWORK,CO-PAY IN $,200,25,40,0,200,1,5,low,low,RISK,1
1,0,1,0,Hourly,1593,No,Owns,0,2,1,12,1,SPECIALIST OFFICE VISIT,IN-NETWORK,CO-PAY IN $,200,0,40,25,200,1,5,low,low,RISK,1
0,1,0,0,Hourly,4519,Yes,Owns,4,10,2,12,1,SPECIALIST OFFICE VISIT,IN-NETWORK,CO-PAY IN $,200,25,40,0,200,1,5,low,low,RISK,1
0,1,0,0,Bonus,2639,No,Rents,0,4,3,12,1,SPECIALIST OFFICE VISIT,IN-NETWORK,CO-PAY IN $,0,40,25,200,200,1,5,low,low,RISK,1
0,0,1,0,Hourly,2563,Yes,Rents,8,2,25,12,1,SPECIALIST OFFICE VISIT,IN-NETWORK,CO-PAY IN $,40,200,25,0,200,1,5,low,low,RISK,1
0,0,1,1,Bonus,2810,Yes,Owns,8,10,10,12,1,SPECIALIST OFFICE VISIT,IN-NETWORK,CO-PAY IN $,0,25,40,200,200,1,5,low,low,RISK,1
0,0,1,0,Hourly,2299,Yes,Owns,6,5,5,12,1,SPECIALIST OFFICE VISIT,IN-NETWORK,CO-PAY IN $,0,25,40,200,200,1,5,low,low,RISK,1
0,0,1,1,Hourly,1155,No,Rents,1,10,8,12,1,SPECIALIST OFFICE VISIT,IN-NETWORK,CO-PAY IN $,200,25,0,40,200,1,5,low,low,RISK,1
1,0,1,0,Bonus,1856,Yes,Rents,7,0,4,12,1,SPECIALIST OFFICE VISIT,IN-NETWORK,CO-PAY IN $,200,40,0,25,200,1,5,low,low,RISK,1
1,1,0,0,Salaried,3352,Yes,Rents,1,9,1,12,1,SPECIALIST OFFICE VISIT,IN-NETWORK,CO-PAY IN $,200,25,40,0,200,1,5,low,low,RISK,1
1,0,0,0,Hourly,3735,Yes,Owns,8,4,5,12,1,SPECIALIST OFFICE VISIT,IN-NETWORK,CO-PAY IN $,0,25,200,40,200,1,5,low,low,RISK,1
1,0,0,1,Salaried,1125,Yes,Rents,1,1,2,12,1,SPECIALIST OFFICE VISIT,IN-NETWORK,CO-PAY IN $,200,0,25,40,200,1,5,low,low,RISK,1
1,0,1,0,Bonus,4695,No,Owns,0,6,5,12,1,SPECIALIST OFFICE VISIT,IN-NETWORK,CO-PAY IN $,200,0,40,25,200,1,5,low,low,RISK,1
0,0,0,1,Salaried,1210,No,Rents,9,1,13,12,1,SPECIALIST OFFICE VISIT,IN-NETWORK,CO-PAY IN $,200,25,40,0,200,1,5,low,low,RISK,1
1,1,1,0,Bonus,3149,No,Owns,1,3,4,12,1,SPECIALIST OFFICE VISIT,IN-NETWORK,CO-PAY IN $,25,40,200,0,200,1,5,low,low,RISK,1
1,0,0,0,Bonus,3757,No,Rents,1,2,0,12,1,SPECIALIST OFFICE VISIT,IN-NETWORK,CO-PAY IN $,0,25,40,200,200,1,5,low,low,RISK,1
1,0,1,1,Salaried,4038,Yes,Rents,5,5,12,12,1,SPECIALIST OFFICE VISIT,IN-NETWORK,CO-PAY IN $,0,200,40,25,200,1,5,low,low,RISK,1
0,0,0,1,Bonus,381,No,Owns,2,6,13,12,1,SPECIALIST OFFICE VISIT,IN-NETWORK,CO-PAY IN $,40,200,0,25,200,1,5,low,low,RISK,1
0,0,0,0,Hourly,2879,Yes,Rents,9,4,5,12,1,SPECIALIST OFFICE VISIT,IN-NETWORK,CO-PAY IN $,40,200,25,0,200,1,5,low,low,RISK,1
0,1,0,0,Hourly,2246,No,Owns,9,4,8,12,1,SPECIALIST OFFICE VISIT,IN-NETWORK,CO-PAY IN $,25,40,0,200,200,1,5,low,low,RISK,1
0,1,0,0,Hourly,3337,No,Rents,1,9,4,12,1,SPECIALIST OFFICE VISIT,IN-NETWORK,CO-PAY IN $,40,200,25,0,200,1,5,low,low,RISK,1
1,0,0,0,Hourly,874,No,Owns,9,7,9,12,1,SPECIALIST OFFICE VISIT,IN-NETWORK,CO-PAY IN $,40,0,25,200,200,1,5,low,low,RISK,1
0,1,0,0,Hourly,4470,Yes,Owns,0,5,23,12,1,SPECIALIST OFFICE VISIT,IN-NETWORK,CO-PAY IN $,0,25,40,200,200,1,5,low,low,RISK,1
1,0,1,0,Hourly,3252,Yes,Owns,4,1,9,12,1,SPECIALIST OFFICE VISIT,IN-NETWORK,CO-PAY IN $,200,0,40,25,200,1,5,low,low,RISK,1
0,1,0,0,Hourly,176,Yes,Rents,3,8,6,12,1,SPECIALIST OFFICE VISIT,IN-NETWORK,CO-PAY IN $,25,200,40,0,200,1,5,low,low,RISK,1
0,0,1,0,Hourly,3681,Yes,Owns,1,2,1,12,1,SPECIALIST OFFICE VISIT,IN-NETWORK,CO-PAY IN $,25,200,0,40,200,1,5,low,low,RISK,1
0,1,1,1,Hourly,1019,Yes,Owns,8,10,2,12,1,SPECIALIST OFFICE VISIT,IN-NETWORK,CO-PAY IN $,40,0,200,25,200,1,5,low,low,RISK,1
0,1,1,0,Bonus,4493,Yes,Owns,10,4,3,12,1,SPECIALIST OFFICE VISIT,IN-NETWORK,CO-PAY IN $,25,40,200,0,200,1,5,low,low,RISK,1
0,1,1,0,Salaried,1012,Yes,Owns,8,2,25,12,1,SPECIALIST OFFICE VISIT,IN-NETWORK,CO-PAY IN $,200,25,40,0,200,1,5,low,low,RISK,1
0,0,0,0,Bonus,1248,Yes,Rents,1,10,10,12,1,SPECIALIST OFFICE VISIT,IN-NETWORK,CO-PAY IN $,0,200,40,25,200,1,5,low,low,RISK,1
0,0,0,0,Salaried,1214,No,Owns,1,7,6,12,1,SPECIALIST OFFICE VISIT,IN-NETWORK,CO-PAY IN $,200,40,0,25,200,1,5,low,low,RISK,1
1,0,0,0,Salaried,2852,Yes,Rents,1,5,5,12,1,SPECIALIST OFFICE VISIT,IN-NETWORK,CO-PAY IN $,40,0,25,200,200,1,5,low,low,RISK,1
0,0,0,0,Bonus,1440,Yes,Owns,4,10,8,12,1,SPECIALIST OFFICE VISIT,IN-NETWORK,CO-PAY IN $,40,25,200,0,200,1,5,low,low,RISK,1
1,0,1,0,Bonus,2951,No,Owns,4,0,4,12,1,SPECIALIST OFFICE VISIT,IN-NETWORK,CO-PAY IN $,25,0,200,40,200,1,5,low,low,RISK,1
2,1,0,2,Salaried,4377,No,Rents,10,19,27,12,2,SPECIALIST OFFICE VISIT,IN-NETWORK,CO-PAY IN $,25,40,0,200,200,1,10,low,low,RISK,1
0,1,1,0,Salaried,1919,No,Owns,10,15,31,12,2,SPECIALIST OFFICE VISIT,IN-NETWORK,CO-PAY IN $,200,0,40,25,200,1,10,low,low,RISK,1
1,1,0,0,Salaried,4671,Yes,Rents,15,12,28,12,2,SPECIALIST OFFICE VISIT,IN-NETWORK,CO-PAY IN $,200,25,40,0,200,1,10,low,low,RISK,1
2,1,0,0,Bonus,1139,No,Owns,13,16,31,12,2,SPECIALIST OFFICE VISIT,IN-NETWORK,CO-PAY IN $,25,0,40,200,200,1,10,low,low,RISK,1
1,1,2,1,Bonus,3085,No,Rents,9,12,39,12,2,SPECIALIST OFFICE VISIT,IN-NETWORK,CO-PAY IN $,40,25,0,200,200,1,10,low,low,RISK,1
0,1,2,0,Salaried,912,Yes,Rents,16,14,30,12,2,SPECIALIST OFFICE VISIT,IN-NETWORK,CO-PAY IN $,40,0,200,25,200,1,10,low,low,RISK,1
1,0,2,1,Hourly,3561,Yes,Owns,12,13,26,12,2,SPECIALIST OFFICE VISIT,IN-NETWORK,CO-PAY IN $,40,0,25,200,200,1,10,low,low,RISK,1
1,2,0,0,Hourly,4350,No,Rents,7,16,37,12,2,SPECIALIST OFFICE VISIT,IN-NETWORK,CO-PAY IN $,0,200,40,25,200,1,10,low,low,RISK,1
2,2,1,2,Salaried,3664,No,Owns,7,16,39,12,2,SPECIALIST OFFICE VISIT,IN-NETWORK,CO-PAY IN $,40,200,0,25,200,1,10,low,low,RISK,1
0,0,0,1,Bonus,1972,Yes,Owns,17,14,30,12,2,SPECIALIST OFFICE VISIT,IN-NETWORK,CO-PAY IN $,25,40,0,200,200,1,10,low,low,RISK,1
1,0,2,2,Salaried,1235,Yes,Rents,14,14,34,12,2,SPECIALIST OFFICE VISIT,IN-NETWORK,CO-PAY IN $,25,40,200,0,200,1,10,low,low,RISK,1
0,2,0,1,Bonus,2294,Yes,Owns,10,19,30,12,2,SPECIALIST OFFICE VISIT,IN-NETWORK,CO-PAY IN $,40,25,200,0,200,1,10,low,low,RISK,1
0,1,2,0,Salaried,4592,Yes,Rents,16,17,35,12,2,SPECIALIST OFFICE VISIT,IN-NETWORK,CO-PAY IN $,200,25,0,40,200,1,10,low,low,RISK,1
0,0,1,1,Hourly,2183,Yes,Owns,6,15,48,12,2,SPECIALIST OFFICE VISIT,IN-NETWORK,CO-PAY IN $,200,25,0,40,200,1,10,low,low,RISK,1
1,1,2,1,Salaried,1622,Yes,Rents,8,12,35,12,2,SPECIALIST OFFICE VISIT,IN-NETWORK,CO-PAY IN $,25,0,200,40,200,1,10,low,low,RISK,1
1,2,1,2,Salaried,4259,Yes,Rents,6,18,32,12,2,SPECIALIST OFFICE VISIT,IN-NETWORK,CO-PAY IN $,200,0,40,25,200,1,10,low,low,RISK,1
2,1,1,2,Salaried,4138,No,Owns,17,13,27,12,2,SPECIALIST OFFICE VISIT,IN-NETWORK,CO-PAY IN $,200,40,25,0,200,1,10,low,low,RISK,1
2,0,1,2,Bonus,2742,No,Owns,17,20,28,12,2,SPECIALIST OFFICE VISIT,IN-NETWORK,CO-PAY IN $,200,25,40,0,200,1,10,low,low,RISK,1
1,1,0,2,Bonus,4027,Yes,Rents,8,14,29,12,2,SPECIALIST OFFICE VISIT,IN-NETWORK,CO-PAY IN $,25,0,40,200,200,1,10,low,low,RISK,1
1,1,0,0,Bonus,3643,No,Rents,16,13,50,12,2,SPECIALIST OFFICE VISIT,IN-NETWORK,CO-PAY IN $,200,40,0,25,200,1,10,low,low,RISK,1
1,0,2,0,Salaried,1855,No,Rents,17,20,35,12,2,SPECIALIST OFFICE VISIT,IN-NETWORK,CO-PAY IN $,200,0,40,25,200,1,10,low,low,RISK,1
1,2,0,1,Bonus,4199,No,Owns,14,17,32,12,2,SPECIALIST OFFICE VISIT,IN-NETWORK,CO-PAY IN $,200,0,25,40,200,1,10,low,low,RISK,1
0,2,1,0,Salaried,358,No,Rents,12,16,31,12,2,SPECIALIST OFFICE VISIT,IN-NETWORK,CO-PAY IN $,40,0,200,25,200,1,10,low,low,RISK,1
1,1,1,1,Salaried,2175,No,Owns,16,20,34,12,2,SPECIALIST OFFICE VISIT,IN-NETWORK,CO-PAY IN $,25,40,200,0,200,1,10,low,low,RISK,1
1,1,0,0,Bonus,2804,No,Owns,11,11,30,12,2,SPECIALIST OFFICE VISIT,IN-NETWORK,CO-PAY IN $,40,0,25,200,200,1,10,low,low,RISK,1
2,1,2,1,Bonus,2793,Yes,Owns,17,19,27,12,2,SPECIALIST OFFICE VISIT,IN-NETWORK,CO-PAY IN $,0,40,200,25,200,1,10,low,low,RISK,1
2,0,2,0,Salaried,1366,No,Owns,14,15,31,12,2,SPECIALIST OFFICE VISIT,IN-NETWORK,CO-PAY IN $,0,200,40,25,200,1,10,low,low,RISK,1
0,1,1,2,Salaried,3990,No,Rents,13,12,28,12,2,SPECIALIST OFFICE VISIT,IN-NETWORK,CO-PAY IN $,40,25,0,200,200,1,10,low,low,RISK,1
0,1,1,0,Salaried,1625,No,Owns,16,16,31,12,2,SPECIALIST OFFICE VISIT,IN-NETWORK,CO-PAY IN $,40,0,200,25,200,1,10,low,low,RISK,1
1,2,0,0,Hourly,1178,No,Owns,5,12,39,12,2,SPECIALIST OFFICE VISIT,IN-NETWORK,CO-PAY IN $,40,0,25,200,200,1,10,low,low,RISK,1
1,1,0,0,Hourly,2665,No,Rents,8,14,30,12,2,SPECIALIST OFFICE VISIT,IN-NETWORK,CO-PAY IN $,40,0,25,200,200,1,10,low,low,RISK,1
1,1,2,0,Hourly,4144,No,Owns,9,13,26,12,2,SPECIALIST OFFICE VISIT,IN-NETWORK,CO-PAY IN $,25,0,200,40,200,1,10,low,low,RISK,1
1,1,2,0,Hourly,2547,Yes,Owns,14,16,37,12,2,SPECIALIST OFFICE VISIT,IN-NETWORK,CO-PAY IN $,25,40,200,0,200,1,10,low,low,RISK,1
1,1,1,0,Hourly,152,Yes,Owns,15,16,39,12,2,SPECIALIST OFFICE VISIT,IN-NETWORK,CO-PAY IN $,40,25,0,200,200,1,10,low,low,RISK,1
0,0,0,0,Bonus,2909,Yes,Rents,9,14,30,12,2,SPECIALIST OFFICE VISIT,IN-NETWORK,CO-PAY IN $,40,25,200,0,200,1,10,low,low,RISK,1
2,2,1,1,Bonus,2404,Yes,Owns,11,14,34,12,2,SPECIALIST OFFICE VISIT,IN-NETWORK,CO-PAY IN $,0,200,25,40,200,1,10,low,low,RISK,1
2,0,1,2,Bonus,144,Yes,Owns,10,19,30,12,2,SPECIALIST OFFICE VISIT,IN-NETWORK,CO-PAY IN $,0,25,200,40,200,1,10,low,low,RISK,1
2,0,1,0,Hourly,2250,No,Owns,11,17,35,12,2,SPECIALIST OFFICE VISIT,IN-NETWORK,CO-PAY IN $,40,25,0,200,200,1,10,low,low,RISK,1
2,0,0,0,Hourly,4826,No,Owns,10,15,48,12,2,SPECIALIST OFFICE VISIT,IN-NETWORK,CO-PAY IN $,200,25,0,40,200,1,10,low,low,RISK,1
1,1,0,0,Salaried,792,No,Owns,12,12,35,12,2,SPECIALIST OFFICE VISIT,IN-NETWORK,CO-PAY IN $,25,200,40,0,200,1,10,low,low,RISK,1
0,2,0,1,Hourly,3429,No,Rents,15,18,32,12,2,SPECIALIST OFFICE VISIT,IN-NETWORK,CO-PAY IN $,25,200,40,0,200,1,10,low,low,RISK,1
0,2,0,1,Hourly,1596,Yes,Owns,11,13,27,12,2,SPECIALIST OFFICE VISIT,IN-NETWORK,CO-PAY IN $,0,40,25,200,200,1,10,low,low,RISK,1
1,1,2,0,Salaried,83,Yes,Owns,7,20,28,12,2,SPECIALIST OFFICE VISIT,IN-NETWORK,CO-PAY IN $,25,40,200,0,200,1,10,low,low,RISK,1
1,2,0,2,Salaried,3601,No,Owns,6,14,29,12,2,SPECIALIST OFFICE VISIT,IN-NETWORK,CO-PAY IN $,25,200,40,0,200,1,10,low,low,RISK,1
1,1,0,1,Bonus,861,No,Owns,15,13,50,12,2,SPECIALIST OFFICE VISIT,IN-NETWORK,CO-PAY IN $,40,0,200,25,200,1,10,low,low,RISK,1
0,2,2,2,Salaried,2240,Yes,Rents,15,20,35,12,2,SPECIALIST OFFICE VISIT,IN-NETWORK,CO-PAY IN $,25,0,200,40,200,1,10,low,low,RISK,1
1,0,0,0,Hourly,2384,No,Rents,6,17,32,12,2,SPECIALIST OFFICE VISIT,IN-NETWORK,CO-PAY IN $,0,40,200,25,200,1,10,low,low,RISK,1
0,0,0,0,Bonus,2363,Yes,Rents,12,16,31,12,2,SPECIALIST OFFICE VISIT,IN-NETWORK,CO-PAY IN $,40,0,25,200,200,1,10,low,low,RISK,1
1,1,2,0,Salaried,4539,No,Owns,10,20,34,12,2,SPECIALIST OFFICE VISIT,IN-NETWORK,CO-PAY IN $,40,200,0,25,200,1,10,low,low,RISK,1
1,1,0,0,Bonus,489,No,Rents,9,11,30,12,2,SPECIALIST OFFICE VISIT,IN-NETWORK,CO-PAY IN $,0,40,200,25,200,1,10,low,low,RISK,1
1,2,0,2,Bonus,4623,Yes,Owns,7,19,27,12,2,SPECIALIST OFFICE VISIT,IN-NETWORK,CO-PAY IN $,200,25,0,40,200,1,10,low,low,RISK,1
1,0,0,0,Salaried,153,Yes,Owns,5,15,31,12,2,SPECIALIST OFFICE VISIT,IN-NETWORK,CO-PAY IN $,0,40,200,25,200,1,10,low,low,RISK,1
0,2,2,1,Salaried,3954,No,Owns,6,12,28,12,2,SPECIALIST OFFICE VISIT,IN-NETWORK,CO-PAY IN $,0,25,40,200,200,1,10,low,low,RISK,1
0,1,0,0,Salaried,4742,No,Rents,5,16,31,12,2,SPECIALIST OFFICE VISIT,IN-NETWORK,CO-PAY IN $,40,25,0,200,200,1,10,low,low,RISK,1
0,0,0,1,Hourly,3289,No,Rents,15,12,39,12,2,SPECIALIST OFFICE VISIT,IN-NETWORK,CO-PAY IN $,200,0,40,25,200,1,10,low,low,RISK,1
0,0,1,1,Bonus,3409,Yes,Rents,13,14,30,12,2,SPECIALIST OFFICE VISIT,IN-NETWORK,CO-PAY IN $,200,25,40,0,200,1,10,low,low,RISK,1
0,0,2,1,Bonus,3179,No,Rents,8,13,26,12,2,SPECIALIST OFFICE VISIT,IN-NETWORK,CO-PAY IN $,0,25,40,200,200,1,10,low,low,RISK,1
0,0,0,1,Bonus,4271,No,Rents,9,16,37,12,2,SPECIALIST OFFICE VISIT,IN-NETWORK,CO-PAY IN $,0,200,40,25,200,1,10,low,low,RISK,1
0,0,0,0,Hourly,4605,Yes,Rents,10,16,39,12,2,SPECIALIST OFFICE VISIT,IN-NETWORK,CO-PAY IN $,25,40,0,200,200,1,10,low,low,RISK,1
0,2,2,2,Salaried,3042,Yes,Rents,6,14,30,12,2,SPECIALIST OFFICE VISIT,IN-NETWORK,CO-PAY IN $,0,25,200,40,200,1,10,low,low,RISK,1
0,2,2,0,Hourly,170,No,Rents,16,14,34,12,2,SPECIALIST OFFICE VISIT,IN-NETWORK,CO-PAY IN $,200,40,25,0,200,1,10,low,low,RISK,1
0,1,0,2,Salaried,2062,No,Rents,7,19,30,12,2,SPECIALIST OFFICE VISIT,IN-NETWORK,CO-PAY IN $,25,40,200,0,200,1,10,low,low,RISK,1
1,1,2,2,Bonus,1962,No,Rents,5,17,35,12,2,SPECIALIST OFFICE VISIT,IN-NETWORK,CO-PAY IN $,0,25,40,200,200,1,10,low,low,RISK,1
0,0,0,0,Bonus,1006,No,Owns,11,15,48,12,2,SPECIALIST OFFICE VISIT,IN-NETWORK,CO-PAY IN $,200,0,25,40,200,1,10,low,low,RISK,1
0,2,1,2,Salaried,4555,No,Rents,8,12,35,12,2,SPECIALIST OFFICE VISIT,IN-NETWORK,CO-PAY IN $,25,40,200,0,200,1,10,low,low,RISK,1
2,1,1,0,Bonus,458,No,Rents,10,18,32,12,2,SPECIALIST OFFICE VISIT,IN-NETWORK,CO-PAY IN $,0,40,25,200,200,1,10,low,low,RISK,1
2,0,2,1,Hourly,1593,No,Owns,5,13,27,12,2,SPECIALIST OFFICE VISIT,IN-NETWORK,CO-PAY IN $,200,0,40,25,200,1,10,low,low,RISK,1
0,2,0,1,Hourly,4519,Yes,Owns,11,20,28,12,2,SPECIALIST OFFICE VISIT,IN-NETWORK,CO-PAY IN $,0,25,40,200,200,1,10,low,low,RISK,1
0,1,0,0,Bonus,2639,No,Rents,5,14,29,12,2,SPECIALIST OFFICE VISIT,IN-NETWORK,CO-PAY IN $,0,25,40,200,200,1,10,low,low,RISK,1
0,0,2,1,Hourly,2563,Yes,Rents,15,13,50,12,2,SPECIALIST OFFICE VISIT,IN-NETWORK,CO-PAY IN $,0,25,40,200,200,1,10,low,low,RISK,1
0,1,2,1,Bonus,2810,Yes,Owns,15,20,35,12,2,SPECIALIST OFFICE VISIT,IN-NETWORK,CO-PAY IN $,200,25,0,40,200,1,10,low,low,RISK,1
1,1,0,1,Hourly,2954,Yes,Owns,18,17,32,12,2,SPECIALIST OFFICE VISIT,IN-NETWORK,CO-PAY IN $,40,200,25,0,200,1,10,low,low,RISK,1
1,0,2,0,Hourly,2299,Yes,Owns,13,16,31,12,2,SPECIALIST OFFICE VISIT,IN-NETWORK,CO-PAY IN $,200,0,25,40,200,1,10,low,low,RISK,1
0,0,1,2,Hourly,1155,No,Rents,6,20,34,12,2,SPECIALIST OFFICE VISIT,IN-NETWORK,CO-PAY IN $,40,200,25,0,200,1,10,low,low,RISK,1
1,0,2,0,Bonus,1856,Yes,Rents,14,11,30,12,2,SPECIALIST OFFICE VISIT,IN-NETWORK,CO-PAY IN $,25,200,40,0,200,1,10,low,low,RISK,1
2,1,1,0,Salaried,3352,Yes,Rents,6,19,27,12,2,SPECIALIST OFFICE VISIT,IN-NETWORK,CO-PAY IN $,200,0,25,40,200,1,10,low,low,RISK,1
2,0,0,1,Hourly,3735,Yes,Owns,15,15,31,12,2,SPECIALIST OFFICE VISIT,IN-NETWORK,CO-PAY IN $,0,25,40,200,200,1,10,low,low,RISK,1
2,1,0,2,Salaried,1125,Yes,Rents,6,12,28,12,2,SPECIALIST OFFICE VISIT,IN-NETWORK,CO-PAY IN $,25,40,0,200,200,1,10,low,low,RISK,1
2,0,1,0,Bonus,4695,No,Owns,5,16,31,12,2,SPECIALIST OFFICE VISIT,IN-NETWORK,CO-PAY IN $,40,25,200,0,200,1,10,low,low,RISK,1
1,1,1,1,Salaried,1210,No,Rents,17,12,39,12,2,SPECIALIST OFFICE VISIT,IN-NETWORK,CO-PAY IN $,25,40,0,200,200,1,10,low,low,RISK,1
1,2,1,0,Bonus,3149,No,Owns,6,14,30,12,2,SPECIALIST OFFICE VISIT,IN-NETWORK,CO-PAY IN $,200,40,0,25,200,1,10,low,low,RISK,1
1,1,1,1,Bonus,3757,No,Rents,6,13,26,12,2,SPECIALIST OFFICE VISIT,IN-NETWORK,CO-PAY IN $,40,0,200,25,200,1,10,low,low,RISK,1
1,0,2,1,Salaried,4038,Yes,Rents,12,16,37,12,2,SPECIALIST OFFICE VISIT,IN-NETWORK,CO-PAY IN $,0,200,40,25,200,1,10,low,low,RISK,1
0,0,0,2,Bonus,381,No,Owns,8,16,39,12,2,SPECIALIST OFFICE VISIT,IN-NETWORK,CO-PAY IN $,0,200,40,25,200,1,10,low,low,RISK,1
0,0,1,1,Hourly,2879,Yes,Rents,16,14,30,12,2,SPECIALIST OFFICE VISIT,IN-NETWORK,CO-PAY IN $,200,40,0,25,200,1,10,low,low,RISK,1
1,2,0,0,Hourly,2246,No,Owns,17,14,34,12,2,SPECIALIST OFFICE VISIT,IN-NETWORK,CO-PAY IN $,0,25,40,200,200,1,10,low,low,RISK,1
0,2,1,0,Hourly,3337,No,Rents,7,19,30,12,2,SPECIALIST OFFICE VISIT,IN-NETWORK,CO-PAY IN $,0,25,40,200,200,1,10,low,low,RISK,1
1,1,1,1,Hourly,874,No,Owns,17,17,35,12,2,SPECIALIST OFFICE VISIT,IN-NETWORK,CO-PAY IN $,200,40,0,25,200,1,10,low,low,RISK,1
0,1,0,0,Hourly,4470,Yes,Owns,6,15,48,12,2,SPECIALIST OFFICE VISIT,IN-NETWORK,CO-PAY IN $,40,200,25,0,200,1,10,low,low,RISK,1
2,0,1,1,Hourly,3252,Yes,Owns,10,12,35,12,2,SPECIALIST OFFICE VISIT,IN-NETWORK,CO-PAY IN $,200,40,25,0,200,1,10,low,low,RISK,1
0,2,0,1,Hourly,176,Yes,Rents,9,18,32,12,2,SPECIALIST OFFICE VISIT,IN-NETWORK,CO-PAY IN $,40,0,200,25,200,1,10,low,low,RISK,1
1,0,2,0,Hourly,3681,Yes,Owns,6,13,27,12,2,SPECIALIST OFFICE VISIT,IN-NETWORK,CO-PAY IN $,40,0,200,25,200,1,10,low,low,RISK,1
1,2,1,2,Hourly,1019,Yes,Owns,15,20,28,12,2,SPECIALIST OFFICE VISIT,IN-NETWORK,CO-PAY IN $,40,25,200,0,200,1,10,low,low,RISK,1
1,2,1,1,Bonus,4493,Yes,Owns,18,14,29,12,2,SPECIALIST OFFICE VISIT,IN-NETWORK,CO-PAY IN $,40,200,0,25,200,1,10,low,low,RISK,1
1,2,2,0,Salaried,1012,Yes,Owns,15,13,50,12,2,SPECIALIST OFFICE VISIT,IN-NETWORK,CO-PAY IN $,0,25,40,200,200,1,10,low,low,RISK,1
0,0,1,1,Bonus,1248,Yes,Rents,7,20,35,12,2,SPECIALIST OFFICE VISIT,IN-NETWORK,CO-PAY IN $,0,200,40,25,200,1,10,low,low,RISK,1
0,0,1,0,Salaried,1214,No,Owns,6,17,32,12,2,SPECIALIST OFFICE VISIT,IN-NETWORK,CO-PAY IN $,25,40,0,200,200,1,10,low,low,RISK,1
1,0,1,0,Salaried,2852,Yes,Rents,6,16,31,12,2,SPECIALIST OFFICE VISIT,IN-NETWORK,CO-PAY IN $,25,40,200,0,200,1,10,low,low,RISK,1
1,0,0,0,Bonus,1440,Yes,Owns,10,20,34,12,2,SPECIALIST OFFICE VISIT,IN-NETWORK,CO-PAY IN $,40,200,25,0,200,1,10,low,low,RISK,1
1,0,1,0,Bonus,2951,No,Owns,11,11,30,12,2,SPECIALIST OFFICE VISIT,IN-NETWORK,CO-PAY IN $,25,40,0,200,200,1,10,low,low,RISK,1
3,2,1,3,Salaried,4377,No,Rents,24,48,52,12,3,SPECIALIST OFFICE VISIT,IN-NETWORK,CO-PAY IN $,200,40,25,0,40,2,20,low,low,RISK,1
1,1,2,1,Salaried,1919,No,Owns,25,33,56,12,3,SPECIALIST OFFICE VISIT,IN-NETWORK,CO-PAY IN $,40,25,200,0,40,2,20,low,low,RISK,1
2,2,1,1,Salaried,4671,Yes,Rents,33,23,53,12,3,SPECIALIST OFFICE VISIT,IN-NETWORK,CO-PAY IN $,200,25,40,0,40,2,20,low,low,RISK,1
3,2,1,1,Bonus,1139,No,Owns,29,38,56,12,3,SPECIALIST OFFICE VISIT,IN-NETWORK,CO-PAY IN $,25,40,0,200,40,2,20,low,low,RISK,1
1,2,3,2,Bonus,3085,No,Rents,23,24,64,12,3,SPECIALIST OFFICE VISIT,IN-NETWORK,CO-PAY IN $,40,0,25,200,40,2,20,low,low,RISK,1
1,2,3,1,Salaried,912,Yes,Rents,37,29,55,12,3,SPECIALIST OFFICE VISIT,IN-NETWORK,CO-PAY IN $,200,25,40,0,40,2,20,low,low,RISK,1
2,1,3,2,Hourly,3561,Yes,Owns,28,26,51,12,3,SPECIALIST OFFICE VISIT,IN-NETWORK,CO-PAY IN $,200,0,25,40,40,2,20,low,low,RISK,1
2,3,1,1,Hourly,4350,No,Rents,19,36,62,12,3,SPECIALIST OFFICE VISIT,IN-NETWORK,CO-PAY IN $,40,200,0,25,40,2,20,low,low,RISK,1
3,3,2,3,Salaried,3664,No,Owns,18,38,64,12,3,SPECIALIST OFFICE VISIT,IN-NETWORK,CO-PAY IN $,40,25,200,0,40,2,20,low,low,RISK,1
1,1,1,1,Bonus,1972,Yes,Owns,38,31,55,12,3,SPECIALIST OFFICE VISIT,IN-NETWORK,CO-PAY IN $,200,0,40,25,40,2,20,low,low,RISK,1
1,1,3,3,Salaried,1235,Yes,Rents,32,31,59,12,3,SPECIALIST OFFICE VISIT,IN-NETWORK,CO-PAY IN $,0,25,200,40,40,2,20,low,low,RISK,1
1,3,1,2,Bonus,2294,Yes,Owns,25,47,55,12,3,SPECIALIST OFFICE VISIT,IN-NETWORK,CO-PAY IN $,25,0,200,40,40,2,20,low,low,RISK,1
1,2,3,1,Salaried,4592,Yes,Rents,37,41,60,12,3,SPECIALIST OFFICE VISIT,IN-NETWORK,CO-PAY IN $,25,200,40,0,40,2,20,low,low,RISK,1
1,1,1,2,Hourly,2183,Yes,Owns,16,35,73,12,3,SPECIALIST OFFICE VISIT,IN-NETWORK,CO-PAY IN $,25,40,200,0,40,2,20,low,low,RISK,1
2,2,3,2,Salaried,1622,Yes,Rents,21,24,60,12,3,SPECIALIST OFFICE VISIT,IN-NETWORK,CO-PAY IN $,40,200,0,25,40,2,20,low,low,RISK,1
2,3,1,3,Salaried,4259,Yes,Rents,17,43,57,12,3,SPECIALIST OFFICE VISIT,IN-NETWORK,CO-PAY IN $,200,40,25,0,40,2,20,low,low,RISK,1
3,2,2,3,Salaried,4138,No,Owns,37,25,52,12,3,SPECIALIST OFFICE VISIT,IN-NETWORK,CO-PAY IN $,40,0,25,200,40,2,20,low,low,RISK,1
3,1,2,3,Bonus,2742,No,Owns,39,50,53,12,3,SPECIALIST OFFICE VISIT,IN-NETWORK,CO-PAY IN $,40,25,0,200,40,2,20,low,low,RISK,1
1,1,1,3,Bonus,4027,Yes,Rents,21,31,54,12,3,SPECIALIST OFFICE VISIT,IN-NETWORK,CO-PAY IN $,200,25,0,40,40,2,20,low,low,RISK,1
2,2,1,1,Bonus,3643,No,Rents,35,26,75,12,3,SPECIALIST OFFICE VISIT,IN-NETWORK,CO-PAY IN $,0,40,200,25,40,2,20,low,low,RISK,1
2,1,3,1,Salaried,1855,No,Rents,39,49,60,12,3,SPECIALIST OFFICE VISIT,IN-NETWORK,CO-PAY IN $,25,40,200,0,40,2,20,low,low,RISK,1
1,3,1,1,Bonus,4199,No,Owns,33,40,57,12,3,SPECIALIST OFFICE VISIT,IN-NETWORK,CO-PAY IN $,200,40,0,25,40,2,20,low,low,RISK,1
1,3,2,1,Salaried,358,No,Rents,28,36,56,12,3,SPECIALIST OFFICE VISIT,IN-NETWORK,CO-PAY IN $,200,0,25,40,40,2,20,low,low,RISK,1
2,2,2,1,Salaried,2175,No,Owns,35,49,59,12,3,SPECIALIST OFFICE VISIT,IN-NETWORK,CO-PAY IN $,25,200,0,40,40,2,20,low,low,RISK,1
2,2,1,1,Bonus,2804,No,Owns,26,20,55,12,3,SPECIALIST OFFICE VISIT,IN-NETWORK,CO-PAY IN $,25,0,200,40,40,2,20,low,low,RISK,1
3,3,3,2,Bonus,2793,Yes,Owns,39,48,52,12,3,SPECIALIST OFFICE VISIT,IN-NETWORK,CO-PAY IN $,200,0,25,40,40,2,20,low,low,RISK,1
3,1,3,1,Salaried,1366,No,Owns,32,33,56,12,3,SPECIALIST OFFICE VISIT,IN-NETWORK,CO-PAY IN $,0,200,40,25,40,2,20,low,low,RISK,1
1,2,2,3,Salaried,3990,No,Rents,30,23,53,12,3,SPECIALIST OFFICE VISIT,IN-NETWORK,CO-PAY IN $,200,25,40,0,40,2,20,low,low,RISK,1
1,2,2,1,Salaried,1625,No,Owns,36,38,56,12,3,SPECIALIST OFFICE VISIT,IN-NETWORK,CO-PAY IN $,40,25,200,0,40,2,20,low,low,RISK,1
2,3,1,1,Hourly,1178,No,Owns,15,24,64,12,3,SPECIALIST OFFICE VISIT,IN-NETWORK,CO-PAY IN $,25,40,200,0,40,2,20,low,low,RISK,1
2,1,1,1,Hourly,2665,No,Rents,20,29,55,12,3,SPECIALIST OFFICE VISIT,IN-NETWORK,CO-PAY IN $,0,25,200,40,40,2,20,low,low,RISK,1
2,3,3,1,Hourly,4144,No,Owns,23,26,51,12,3,SPECIALIST OFFICE VISIT,IN-NETWORK,CO-PAY IN $,25,0,200,40,40,2,20,low,low,RISK,1
2,2,3,1,Hourly,2547,Yes,Owns,32,36,62,12,3,SPECIALIST OFFICE VISIT,IN-NETWORK,CO-PAY IN $,200,40,25,0,40,2,20,low,low,RISK,1
2,1,2,1,Hourly,152,Yes,Owns,34,38,64,12,3,SPECIALIST OFFICE VISIT,IN-NETWORK,CO-PAY IN $,40,200,25,0,40,2,20,low,low,RISK,1
1,1,1,1,Bonus,2909,Yes,Rents,23,31,55,12,3,SPECIALIST OFFICE VISIT,IN-NETWORK,CO-PAY IN $,0,40,25,200,40,2,20,low,low,RISK,1
3,3,2,2,Bonus,2404,Yes,Owns,27,31,59,12,3,SPECIALIST OFFICE VISIT,IN-NETWORK,CO-PAY IN $,25,0,40,200,40,2,20,low,low,RISK,1
3,1,2,3,Bonus,144,Yes,Owns,24,47,55,12,3,SPECIALIST OFFICE VISIT,IN-NETWORK,CO-PAY IN $,0,40,200,25,40,2,20,low,low,RISK,1
3,1,2,1,Hourly,2250,No,Owns,26,41,60,12,3,SPECIALIST OFFICE VISIT,IN-NETWORK,CO-PAY IN $,25,200,40,0,40,2,20,low,low,RISK,1
3,1,1,1,Hourly,4826,No,Owns,25,35,73,12,3,SPECIALIST OFFICE VISIT,IN-NETWORK,CO-PAY IN $,200,0,25,40,40,2,20,low,low,RISK,1
2,2,1,1,Salaried,792,No,Owns,28,24,60,12,3,SPECIALIST OFFICE VISIT,IN-NETWORK,CO-PAY IN $,25,0,40,200,40,2,20,low,low,RISK,1
1,3,1,2,Hourly,3429,No,Rents,34,43,57,12,3,SPECIALIST OFFICE VISIT,IN-NETWORK,CO-PAY IN $,40,25,0,200,40,2,20,low,low,RISK,1
1,3,1,2,Hourly,1596,Yes,Owns,27,25,52,12,3,SPECIALIST OFFICE VISIT,IN-NETWORK,CO-PAY IN $,200,0,40,25,40,2,20,low,low,RISK,1
2,3,3,1,Salaried,83,Yes,Owns,19,50,53,12,3,SPECIALIST OFFICE VISIT,IN-NETWORK,CO-PAY IN $,25,0,200,40,40,2,20,low,low,RISK,1
2,3,1,3,Salaried,3601,No,Owns,17,31,54,12,3,SPECIALIST OFFICE VISIT,IN-NETWORK,CO-PAY IN $,40,0,200,25,40,2,20,low,low,RISK,1
2,2,1,2,Bonus,861,No,Owns,34,26,75,12,3,SPECIALIST OFFICE VISIT,IN-NETWORK,CO-PAY IN $,0,200,40,25,40,2,20,low,low,RISK,1
1,3,3,3,Salaried,2240,Yes,Rents,35,49,60,12,3,SPECIALIST OFFICE VISIT,IN-NETWORK,CO-PAY IN $,40,0,200,25,40,2,20,low,low,RISK,1
1,1,1,1,Hourly,2384,No,Rents,17,40,57,12,3,SPECIALIST OFFICE VISIT,IN-NETWORK,CO-PAY IN $,40,0,25,200,40,2,20,low,low,RISK,1
1,1,1,1,Bonus,2363,Yes,Rents,29,36,56,12,3,SPECIALIST OFFICE VISIT,IN-NETWORK,CO-PAY IN $,25,40,0,200,40,2,20,low,low,RISK,1
2,1,3,1,Salaried,4539,No,Owns,24,49,59,12,3,SPECIALIST OFFICE VISIT,IN-NETWORK,CO-PAY IN $,25,40,200,0,40,2,20,low,low,RISK,1
2,1,1,1,Bonus,489,No,Rents,23,20,55,12,3,SPECIALIST OFFICE VISIT,IN-NETWORK,CO-PAY IN $,0,40,200,25,40,2,20,low,low,RISK,1
2,3,1,3,Bonus,4623,Yes,Owns,19,48,52,12,3,SPECIALIST OFFICE VISIT,IN-NETWORK,CO-PAY IN $,25,200,0,40,40,2,20,low,low,RISK,1
2,1,1,1,Salaried,153,Yes,Owns,15,33,56,12,3,SPECIALIST OFFICE VISIT,IN-NETWORK,CO-PAY IN $,25,200,0,40,40,2,20,low,low,RISK,1
1,3,3,2,Salaried,3954,No,Owns,17,23,53,12,3,SPECIALIST OFFICE VISIT,IN-NETWORK,CO-PAY IN $,200,40,0,25,40,2,20,low,low,RISK,1
1,2,1,1,Salaried,4742,No,Rents,15,38,56,12,3,SPECIALIST OFFICE VISIT,IN-NETWORK,CO-PAY IN $,200,40,25,0,40,2,20,low,low,RISK,1
1,1,1,2,Hourly,3289,No,Rents,35,24,64,12,3,SPECIALIST OFFICE VISIT,IN-NETWORK,CO-PAY IN $,40,0,25,200,40,2,20,low,low,RISK,1
1,1,2,2,Bonus,3409,Yes,Rents,30,29,55,12,3,SPECIALIST OFFICE VISIT,IN-NETWORK,CO-PAY IN $,25,200,0,40,40,2,20,low,low,RISK,1
1,1,3,2,Bonus,3179,No,Rents,21,26,51,12,3,SPECIALIST OFFICE VISIT,IN-NETWORK,CO-PAY IN $,40,200,25,0,40,2,20,low,low,RISK,1
1,1,1,2,Bonus,4271,No,Rents,22,36,62,12,3,SPECIALIST OFFICE VISIT,IN-NETWORK,CO-PAY IN $,0,25,200,40,40,2,20,low,low,RISK,1
1,1,1,1,Hourly,4605,Yes,Rents,24,38,64,12,3,SPECIALIST OFFICE VISIT,IN-NETWORK,CO-PAY IN $,25,200,40,0,40,2,20,low,low,RISK,1
1,3,3,3,Salaried,3042,Yes,Rents,16,31,55,12,3,SPECIALIST OFFICE VISIT,IN-NETWORK,CO-PAY IN $,40,200,0,25,40,2,20,low,low,RISK,1
1,3,3,1,Hourly,170,No,Rents,37,31,59,12,3,SPECIALIST OFFICE VISIT,IN-NETWORK,CO-PAY IN $,0,40,200,25,40,2,20,low,low,RISK,1
1,1,1,3,Salaried,2062,No,Rents,20,47,55,12,3,SPECIALIST OFFICE VISIT,IN-NETWORK,CO-PAY IN $,40,0,25,200,40,2,20,low,low,RISK,1
2,2,3,3,Bonus,1962,No,Rents,15,41,60,12,3,SPECIALIST OFFICE VISIT,IN-NETWORK,CO-PAY IN $,200,40,0,25,40,2,20,low,low,RISK,1
1,1,1,1,Bonus,1006,No,Owns,27,35,73,12,3,SPECIALIST OFFICE VISIT,IN-NETWORK,CO-PAY IN $,25,0,40,200,40,2,20,low,low,RISK,1
1,3,2,3,Salaried,4555,No,Rents,20,24,60,12,3,SPECIALIST OFFICE VISIT,IN-NETWORK,CO-PAY IN $,0,25,200,40,40,2,20,low,low,RISK,1
3,1,2,1,Bonus,458,No,Rents,25,43,57,12,3,SPECIALIST OFFICE VISIT,IN-NETWORK,CO-PAY IN $,200,0,40,25,40,2,20,low,low,RISK,1
3,1,3,1,Hourly,1593,No,Owns,16,25,52,12,3,SPECIALIST OFFICE VISIT,IN-NETWORK,CO-PAY IN $,200,0,25,40,40,2,20,low,low,RISK,1
1,3,1,2,Hourly,4519,Yes,Owns,26,50,53,12,3,SPECIALIST OFFICE VISIT,IN-NETWORK,CO-PAY IN $,0,40,200,25,40,2,20,low,low,RISK,1
1,2,1,1,Bonus,2639,No,Rents,16,31,54,12,3,SPECIALIST OFFICE VISIT,IN-NETWORK,CO-PAY IN $,25,200,40,0,40,2,20,low,low,RISK,1
1,1,3,1,Hourly,2563,Yes,Rents,35,26,75,12,3,SPECIALIST OFFICE VISIT,IN-NETWORK,CO-PAY IN $,200,40,25,0,40,2,20,low,low,RISK,1
1,2,3,2,Bonus,2810,Yes,Owns,35,49,60,12,3,SPECIALIST OFFICE VISIT,IN-NETWORK,CO-PAY IN $,0,40,25,200,40,2,20,low,low,RISK,1
2,2,1,2,Hourly,2954,Yes,Owns,39,40,57,12,3,SPECIALIST OFFICE VISIT,IN-NETWORK,CO-PAY IN $,40,0,200,25,40,2,20,low,low,RISK,1
2,1,3,1,Hourly,2299,Yes,Owns,31,36,56,12,3,SPECIALIST OFFICE VISIT,IN-NETWORK,CO-PAY IN $,200,25,40,0,40,2,20,low,low,RISK,1
2,1,3,1,Bonus,1856,Yes,Rents,31,20,55,12,3,SPECIALIST OFFICE VISIT,IN-NETWORK,CO-PAY IN $,200,0,25,40,40,2,20,low,low,RISK,1
3,2,2,1,Salaried,3352,Yes,Rents,18,48,52,12,3,SPECIALIST OFFICE VISIT,IN-NETWORK,CO-PAY IN $,25,40,200,0,40,2,20,low,low,RISK,1
3,1,1,2,Hourly,3735,Yes,Owns,34,33,56,12,3,SPECIALIST OFFICE VISIT,IN-NETWORK,CO-PAY IN $,200,0,40,25,40,2,20,low,low,RISK,1
3,2,1,3,Salaried,1125,Yes,Rents,18,23,53,12,3,SPECIALIST OFFICE VISIT,IN-NETWORK,CO-PAY IN $,200,40,25,0,40,2,20,low,low,RISK,1
3,1,2,1,Bonus,4695,No,Owns,15,38,56,12,3,SPECIALIST OFFICE VISIT,IN-NETWORK,CO-PAY IN $,200,25,0,40,40,2,20,low,low,RISK,1
2,2,2,2,Salaried,1210,No,Rents,38,24,64,12,3,SPECIALIST OFFICE VISIT,IN-NETWORK,CO-PAY IN $,25,0,200,40,40,2,20,low,low,RISK,1
2,3,2,1,Bonus,3149,No,Owns,17,29,55,12,3,SPECIALIST OFFICE VISIT,IN-NETWORK,CO-PAY IN $,40,200,0,25,40,2,20,low,low,RISK,1
2,2,2,2,Bonus,3757,No,Rents,18,26,51,12,3,SPECIALIST OFFICE VISIT,IN-NETWORK,CO-PAY IN $,0,25,40,200,40,2,20,low,low,RISK,1
3,1,3,2,Salaried,4038,Yes,Rents,28,36,62,12,3,SPECIALIST OFFICE VISIT,IN-NETWORK,CO-PAY IN $,0,25,200,40,40,2,20,low,low,RISK,1
1,1,1,3,Bonus,381,No,Owns,20,38,64,12,3,SPECIALIST OFFICE VISIT,IN-NETWORK,CO-PAY IN $,25,0,40,200,40,2,20,low,low,RISK,1
1,1,1,2,Hourly,2879,Yes,Rents,37,31,55,12,3,SPECIALIST OFFICE VISIT,IN-NETWORK,CO-PAY IN $,0,25,40,200,40,2,20,low,low,RISK,1
2,3,1,1,Hourly,2246,No,Owns,38,31,59,12,3,SPECIALIST OFFICE VISIT,IN-NETWORK,CO-PAY IN $,200,0,40,25,40,2,20,low,low,RISK,1
2,2,1,2,Hourly,874,No,Owns,38,41,60,12,3,SPECIALIST OFFICE VISIT,IN-NETWORK,CO-PAY IN $,25,40,200,0,40,2,20,low,low,RISK,1
1,2,1,1,Hourly,4470,Yes,Owns,16,35,73,12,3,SPECIALIST OFFICE VISIT,IN-NETWORK,CO-PAY IN $,0,200,25,40,40,2,20,low,low,RISK,1
3,1,3,1,Hourly,3252,Yes,Owns,24,24,60,12,3,SPECIALIST OFFICE VISIT,IN-NETWORK,CO-PAY IN $,40,0,25,200,40,2,20,low,low,RISK,1
1,3,1,2,Hourly,176,Yes,Rents,23,43,57,12,3,SPECIALIST OFFICE VISIT,IN-NETWORK,CO-PAY IN $,25,40,200,0,40,2,20,low,low,RISK,1
2,1,3,1,Hourly,3681,Yes,Owns,17,25,52,12,3,SPECIALIST OFFICE VISIT,IN-NETWORK,CO-PAY IN $,25,0,200,40,40,2,20,low,low,RISK,1
1,3,2,3,Hourly,1019,Yes,Owns,35,50,53,12,3,SPECIALIST OFFICE VISIT,IN-NETWORK,CO-PAY IN $,25,200,40,0,40,2,20,low,low,RISK,1
1,3,2,1,Bonus,4493,Yes,Owns,39,31,54,12,3,SPECIALIST OFFICE VISIT,IN-NETWORK,CO-PAY IN $,0,40,200,25,40,2,20,low,low,RISK,1
1,1,2,1,Bonus,1248,Yes,Rents,18,49,60,12,3,SPECIALIST OFFICE VISIT,IN-NETWORK,CO-PAY IN $,0,200,40,25,40,2,20,low,low,RISK,1
1,1,2,1,Salaried,1214,No,Owns,17,40,57,12,3,SPECIALIST OFFICE VISIT,IN-NETWORK,CO-PAY IN $,25,200,0,40,40,2,20,low,low,RISK,1
2,1,1,1,Salaried,2852,Yes,Rents,18,36,56,12,3,SPECIALIST OFFICE VISIT,IN-NETWORK,CO-PAY IN $,40,25,0,200,40,2,20,low,low,RISK,1
2,1,1,1,Bonus,1440,Yes,Owns,24,49,59,12,3,SPECIALIST OFFICE VISIT,IN-NETWORK,CO-PAY IN $,40,25,0,200,40,2,20,low,low,RISK,1
3,1,3,1,Bonus,2951,No,Owns,26,20,55,12,3,SPECIALIST OFFICE VISIT,IN-NETWORK,CO-PAY IN $,200,25,40,0,40,2,20,low,low,RISK,1
4,3,2,4,Salaried,4377,No,Rents,46,73,76,12,4,SPECIALIST OFFICE VISIT,IN-NETWORK,CO-PAY IN $,25,200,40,0,40,2,50,low,low,RISK,1
2,3,4,2,Salaried,1919,No,Owns,48,61,80,12,4,SPECIALIST OFFICE VISIT,IN-NETWORK,CO-PAY IN $,40,0,25,200,40,2,50,low,low,RISK,1
4,4,3,2,Salaried,4671,Yes,Rents,57,53,77,12,4,SPECIALIST OFFICE VISIT,IN-NETWORK,CO-PAY IN $,25,40,0,200,40,2,50,low,low,RISK,1
4,4,2,2,Bonus,1139,No,Owns,52,65,80,12,4,SPECIALIST OFFICE VISIT,IN-NETWORK,CO-PAY IN $,25,40,200,0,40,2,50,low,low,RISK,1
3,4,4,3,Bonus,3085,No,Rents,45,54,88,12,4,SPECIALIST OFFICE VISIT,IN-NETWORK,CO-PAY IN $,25,40,200,0,40,2,50,low,low,RISK,1
3,4,4,3,Salaried,912,Yes,Rents,61,58,79,12,4,SPECIALIST OFFICE VISIT,IN-NETWORK,CO-PAY IN $,200,25,40,0,40,2,50,low,low,RISK,1
4,3,4,3,Hourly,3561,Yes,Owns,51,56,75,12,4,SPECIALIST OFFICE VISIT,IN-NETWORK,CO-PAY IN $,0,200,25,40,40,2,50,low,low,RISK,1
4,4,2,2,Hourly,4350,No,Rents,40,64,87,12,4,SPECIALIST OFFICE VISIT,IN-NETWORK,CO-PAY IN $,200,0,25,40,40,2,50,low,low,RISK,1
4,4,4,4,Salaried,3664,No,Owns,39,65,88,12,4,SPECIALIST OFFICE VISIT,IN-NETWORK,CO-PAY IN $,40,200,0,25,40,2,50,low,low,RISK,1
2,3,3,3,Bonus,1972,Yes,Owns,62,60,80,12,4,SPECIALIST OFFICE VISIT,IN-NETWORK,CO-PAY IN $,25,40,0,200,40,2,50,low,low,RISK,1
3,2,4,4,Salaried,1235,Yes,Rents,55,60,83,12,4,SPECIALIST OFFICE VISIT,IN-NETWORK,CO-PAY IN $,0,200,25,40,40,2,50,low,low,RISK,1
2,4,3,3,Bonus,2294,Yes,Owns,47,72,79,12,4,SPECIALIST OFFICE VISIT,IN-NETWORK,CO-PAY IN $,0,200,25,40,40,2,50,low,low,RISK,1
2,3,4,3,Salaried,4592,Yes,Rents,62,68,84,12,4,SPECIALIST OFFICE VISIT,IN-NETWORK,CO-PAY IN $,25,0,40,200,40,2,50,low,low,RISK,1
3,3,3,4,Hourly,2183,Yes,Owns,37,63,98,12,4,SPECIALIST OFFICE VISIT,IN-NETWORK,CO-PAY IN $,25,0,200,40,40,2,50,low,low,RISK,1
3,4,3,4,Salaried,4259,Yes,Rents,37,70,81,12,4,SPECIALIST OFFICE VISIT,IN-NETWORK,CO-PAY IN $,25,0,40,200,40,2,50,low,low,RISK,1
4,3,3,4,Salaried,4138,No,Owns,62,55,76,12,4,SPECIALIST OFFICE VISIT,IN-NETWORK,CO-PAY IN $,40,25,0,200,40,2,50,low,low,RISK,1
4,3,4,4,Bonus,2742,No,Owns,64,75,77,12,4,SPECIALIST OFFICE VISIT,IN-NETWORK,CO-PAY IN $,40,0,200,25,40,2,50,low,low,RISK,1
3,3,3,4,Bonus,4027,Yes,Rents,43,60,78,12,4,SPECIALIST OFFICE VISIT,IN-NETWORK,CO-PAY IN $,40,0,25,200,40,2,50,low,low,RISK,1
4,4,2,2,Bonus,3643,No,Rents,59,56,100,12,4,SPECIALIST OFFICE VISIT,IN-NETWORK,CO-PAY IN $,200,0,40,25,40,2,50,low,low,RISK,1
4,2,4,2,Salaried,1855,No,Rents,63,74,85,12,4,SPECIALIST OFFICE VISIT,IN-NETWORK,CO-PAY IN $,25,40,0,200,40,2,50,low,low,RISK,1
3,4,2,3,Bonus,4199,No,Owns,57,67,81,12,4,SPECIALIST OFFICE VISIT,IN-NETWORK,CO-PAY IN $,0,25,40,200,40,2,50,low,low,RISK,1
3,4,3,2,Salaried,358,No,Rents,50,64,80,12,4,SPECIALIST OFFICE VISIT,IN-NETWORK,CO-PAY IN $,25,0,40,200,40,2,50,low,low,RISK,1
4,3,4,3,Salaried,2175,No,Owns,59,75,83,12,4,SPECIALIST OFFICE VISIT,IN-NETWORK,CO-PAY IN $,25,0,40,200,40,2,50,low,low,RISK,1
4,4,2,2,Bonus,2804,No,Owns,48,51,79,12,4,SPECIALIST OFFICE VISIT,IN-NETWORK,CO-PAY IN $,40,25,0,200,40,2,50,low,low,RISK,1
4,4,4,4,Bonus,2793,Yes,Owns,63,73,76,12,4,SPECIALIST OFFICE VISIT,IN-NETWORK,CO-PAY IN $,200,0,40,25,40,2,50,low,low,RISK,1
4,3,4,2,Salaried,1366,No,Owns,56,61,80,12,4,SPECIALIST OFFICE VISIT,IN-NETWORK,CO-PAY IN $,40,25,0,200,40,2,50,low,low,RISK,1
2,4,4,4,Salaried,3990,No,Rents,53,53,77,12,4,SPECIALIST OFFICE VISIT,IN-NETWORK,CO-PAY IN $,40,200,25,0,40,2,50,low,low,RISK,1
2,4,3,3,Salaried,1625,No,Owns,60,65,80,12,4,SPECIALIST OFFICE VISIT,IN-NETWORK,CO-PAY IN $,40,25,200,0,40,2,50,low,low,RISK,1
4,4,3,3,Hourly,1178,No,Owns,35,54,88,12,4,SPECIALIST OFFICE VISIT,IN-NETWORK,CO-PAY IN $,40,200,25,0,40,2,50,low,low,RISK,1
3,3,2,2,Hourly,2665,No,Rents,41,58,79,12,4,SPECIALIST OFFICE VISIT,IN-NETWORK,CO-PAY IN $,40,200,25,0,40,2,50,low,low,RISK,1
4,4,4,2,Hourly,4144,No,Owns,44,56,75,12,4,SPECIALIST OFFICE VISIT,IN-NETWORK,CO-PAY IN $,25,0,200,40,40,2,50,low,low,RISK,1
3,3,4,3,Hourly,2547,Yes,Owns,55,64,87,12,4,SPECIALIST OFFICE VISIT,IN-NETWORK,CO-PAY IN $,40,200,25,0,40,2,50,low,low,RISK,1
4,3,4,2,Hourly,152,Yes,Owns,58,65,88,12,4,SPECIALIST OFFICE VISIT,IN-NETWORK,CO-PAY IN $,200,40,25,0,40,2,50,low,low,RISK,1
3,2,2,3,Bonus,2909,Yes,Rents,45,60,80,12,4,SPECIALIST OFFICE VISIT,IN-NETWORK,CO-PAY IN $,40,25,200,0,40,2,50,low,low,RISK,1
4,4,3,3,Bonus,2404,Yes,Owns,49,60,83,12,4,SPECIALIST OFFICE VISIT,IN-NETWORK,CO-PAY IN $,200,25,40,0,40,2,50,low,low,RISK,1
4,2,4,4,Bonus,144,Yes,Owns,46,72,79,12,4,SPECIALIST OFFICE VISIT,IN-NETWORK,CO-PAY IN $,40,0,200,25,40,2,50,low,low,RISK,1
4,2,4,2,Hourly,2250,No,Owns,48,68,84,12,4,SPECIALIST OFFICE VISIT,IN-NETWORK,CO-PAY IN $,40,25,0,200,40,2,50,low,low,RISK,1
4,3,3,3,Hourly,4826,No,Owns,47,63,98,12,4,SPECIALIST OFFICE VISIT,IN-NETWORK,CO-PAY IN $,0,200,25,40,40,2,50,low,low,RISK,1
4,4,2,3,Salaried,792,No,Owns,50,55,84,12,4,SPECIALIST OFFICE VISIT,IN-NETWORK,CO-PAY IN $,200,25,0,40,40,2,50,low,low,RISK,1
2,4,2,3,Hourly,3429,No,Rents,58,70,81,12,4,SPECIALIST OFFICE VISIT,IN-NETWORK,CO-PAY IN $,25,200,0,40,40,2,50,low,low,RISK,1
3,4,3,4,Hourly,1596,Yes,Owns,50,55,76,12,4,SPECIALIST OFFICE VISIT,IN-NETWORK,CO-PAY IN $,25,40,200,0,40,2,50,low,low,RISK,1
4,4,4,3,Salaried,83,Yes,Owns,40,75,77,12,4,SPECIALIST OFFICE VISIT,IN-NETWORK,CO-PAY IN $,40,25,200,0,40,2,50,low,low,RISK,1
4,4,3,4,Salaried,3601,No,Owns,38,60,78,12,4,SPECIALIST OFFICE VISIT,IN-NETWORK,CO-PAY IN $,25,200,40,0,40,2,50,low,low,RISK,1
3,4,2,4,Bonus,861,No,Owns,58,56,100,12,4,SPECIALIST OFFICE VISIT,IN-NETWORK,CO-PAY IN $,25,0,200,40,40,2,50,low,low,RISK,1
2,4,4,4,Salaried,2240,Yes,Rents,59,74,85,12,4,SPECIALIST OFFICE VISIT,IN-NETWORK,CO-PAY IN $,40,25,200,0,40,2,50,low,low,RISK,1
3,3,2,2,Hourly,2384,No,Rents,37,67,81,12,4,SPECIALIST OFFICE VISIT,IN-NETWORK,CO-PAY IN $,0,25,40,200,40,2,50,low,low,RISK,1
2,2,3,3,Bonus,2363,Yes,Rents,52,64,80,12,4,SPECIALIST OFFICE VISIT,IN-NETWORK,CO-PAY IN $,0,200,40,25,40,2,50,low,low,RISK,1
3,3,4,2,Salaried,4539,No,Owns,45,75,83,12,4,SPECIALIST OFFICE VISIT,IN-NETWORK,CO-PAY IN $,40,25,0,200,40,2,50,low,low,RISK,1
3,3,2,2,Bonus,489,No,Rents,45,51,79,12,4,SPECIALIST OFFICE VISIT,IN-NETWORK,CO-PAY IN $,25,0,40,200,40,2,50,low,low,RISK,1
4,4,2,4,Bonus,4623,Yes,Owns,40,73,76,12,4,SPECIALIST OFFICE VISIT,IN-NETWORK,CO-PAY IN $,25,200,0,40,40,2,50,low,low,RISK,1
3,3,3,2,Salaried,153,Yes,Owns,36,61,80,12,4,SPECIALIST OFFICE VISIT,IN-NETWORK,CO-PAY IN $,0,200,40,25,40,2,50,low,low,RISK,1
3,4,4,4,Salaried,3954,No,Owns,38,53,77,12,4,SPECIALIST OFFICE VISIT,IN-NETWORK,CO-PAY IN $,40,200,25,0,40,2,50,low,low,RISK,1
3,3,2,3,Salaried,4742,No,Rents,35,65,80,12,4,SPECIALIST OFFICE VISIT,IN-NETWORK,CO-PAY IN $,40,25,0,200,40,2,50,low,low,RISK,1
2,2,2,3,Hourly,3289,No,Rents,59,54,88,12,4,SPECIALIST OFFICE VISIT,IN-NETWORK,CO-PAY IN $,25,0,40,200,40,2,50,low,low,RISK,1
2,2,3,3,Bonus,3409,Yes,Rents,54,58,79,12,4,SPECIALIST OFFICE VISIT,IN-NETWORK,CO-PAY IN $,40,0,25,200,40,2,50,low,low,RISK,1
3,3,4,3,Bonus,3179,No,Rents,42,56,75,12,4,SPECIALIST OFFICE VISIT,IN-NETWORK,CO-PAY IN $,40,0,200,25,40,2,50,low,low,RISK,1
3,3,2,4,Bonus,4271,No,Rents,43,64,87,12,4,SPECIALIST OFFICE VISIT,IN-NETWORK,CO-PAY IN $,200,25,40,0,40,2,50,low,low,RISK,1
3,3,3,2,Hourly,4605,Yes,Rents,46,65,88,12,4,SPECIALIST OFFICE VISIT,IN-NETWORK,CO-PAY IN $,200,40,25,0,40,2,50,low,low,RISK,1
2,4,4,4,Salaried,3042,Yes,Rents,37,60,80,12,4,SPECIALIST OFFICE VISIT,IN-NETWORK,CO-PAY IN $,40,0,200,25,40,2,50,low,low,RISK,1
2,4,4,3,Hourly,170,No,Rents,61,60,83,12,4,SPECIALIST OFFICE VISIT,IN-NETWORK,CO-PAY IN $,40,0,200,25,40,2,50,low,low,RISK,1
2,3,3,4,Salaried,2062,No,Rents,40,72,79,12,4,SPECIALIST OFFICE VISIT,IN-NETWORK,CO-PAY IN $,25,0,200,40,40,2,50,low,low,RISK,1
4,4,4,4,Bonus,1962,No,Rents,35,68,84,12,4,SPECIALIST OFFICE VISIT,IN-NETWORK,CO-PAY IN $,0,200,25,40,40,2,50,low,low,RISK,1
2,2,3,2,Bonus,1006,No,Owns,50,63,98,12,4,SPECIALIST OFFICE VISIT,IN-NETWORK,CO-PAY IN $,25,0,40,200,40,2,50,low,low,RISK,1
2,4,3,4,Salaried,4555,No,Rents,42,55,84,12,4,SPECIALIST OFFICE VISIT,IN-NETWORK,CO-PAY IN $,200,25,0,40,40,2,50,low,low,RISK,1
4,3,4,3,Bonus,458,No,Rents,46,70,81,12,4,SPECIALIST OFFICE VISIT,IN-NETWORK,CO-PAY IN $,25,0,200,40,40,2,50,low,low,RISK,1
4,3,4,3,Hourly,1593,No,Owns,36,55,76,12,4,SPECIALIST OFFICE VISIT,IN-NETWORK,CO-PAY IN $,40,25,200,0,40,2,50,low,low,RISK,1
3,4,2,3,Hourly,4519,Yes,Owns,48,75,77,12,4,SPECIALIST OFFICE VISIT,IN-NETWORK,CO-PAY IN $,200,0,40,25,40,2,50,low,low,RISK,1
2,4,3,3,Bonus,2639,No,Rents,36,60,78,12,4,SPECIALIST OFFICE VISIT,IN-NETWORK,CO-PAY IN $,25,200,0,40,40,2,50,low,low,RISK,1
2,3,4,3,Hourly,2563,Yes,Rents,59,56,100,12,4,SPECIALIST OFFICE VISIT,IN-NETWORK,CO-PAY IN $,25,0,200,40,40,2,50,low,low,RISK,1
3,4,4,4,Bonus,2810,Yes,Owns,58,74,85,12,4,SPECIALIST OFFICE VISIT,IN-NETWORK,CO-PAY IN $,0,25,40,200,40,2,50,low,low,RISK,1
3,4,3,4,Hourly,2954,Yes,Owns,64,67,81,12,4,SPECIALIST OFFICE VISIT,IN-NETWORK,CO-PAY IN $,25,0,200,40,40,2,50,low,low,RISK,1
3,2,4,3,Hourly,2299,Yes,Owns,54,64,80,12,4,SPECIALIST OFFICE VISIT,IN-NETWORK,CO-PAY IN $,200,40,0,25,40,2,50,low,low,RISK,1
2,3,4,4,Hourly,1155,No,Rents,37,75,83,12,4,SPECIALIST OFFICE VISIT,IN-NETWORK,CO-PAY IN $,200,0,40,25,40,2,50,low,low,RISK,1
4,2,4,3,Bonus,1856,Yes,Rents,55,51,79,12,4,SPECIALIST OFFICE VISIT,IN-NETWORK,CO-PAY IN $,0,25,40,200,40,2,50,low,low,RISK,1
4,4,3,3,Salaried,3352,Yes,Rents,38,73,76,12,4,SPECIALIST OFFICE VISIT,IN-NETWORK,CO-PAY IN $,40,25,200,0,40,2,50,low,low,RISK,1
4,3,2,3,Hourly,3735,Yes,Owns,58,61,80,12,4,SPECIALIST OFFICE VISIT,IN-NETWORK,CO-PAY IN $,25,0,200,40,40,2,50,low,low,RISK,1
4,3,3,4,Salaried,1125,Yes,Rents,38,53,77,12,4,SPECIALIST OFFICE VISIT,IN-NETWORK,CO-PAY IN $,0,40,200,25,40,2,50,low,low,RISK,1
4,2,4,2,Bonus,4695,No,Owns,35,65,80,12,4,SPECIALIST OFFICE VISIT,IN-NETWORK,CO-PAY IN $,40,200,0,25,40,2,50,low,low,RISK,1
3,3,3,4,Salaried,1210,No,Rents,62,54,88,12,4,SPECIALIST OFFICE VISIT,IN-NETWORK,CO-PAY IN $,200,0,25,40,40,2,50,low,low,RISK,1
4,4,4,2,Bonus,3149,No,Owns,37,58,79,12,4,SPECIALIST OFFICE VISIT,IN-NETWORK,CO-PAY IN $,40,200,25,0,40,2,50,low,low,RISK,1
4,3,4,4,Bonus,3757,No,Rents,38,56,75,12,4,SPECIALIST OFFICE VISIT,IN-NETWORK,CO-PAY IN $,0,25,200,40,40,2,50,low,low,RISK,1
4,3,4,4,Salaried,4038,Yes,Rents,51,64,87,12,4,SPECIALIST OFFICE VISIT,IN-NETWORK,CO-PAY IN $,200,40,25,0,40,2,50,low,low,RISK,1
2,3,3,4,Bonus,381,No,Owns,41,65,88,12,4,SPECIALIST OFFICE VISIT,IN-NETWORK,CO-PAY IN $,40,200,0,25,40,2,50,low,low,RISK,1
3,3,3,3,Hourly,2879,Yes,Rents,61,60,80,12,4,SPECIALIST OFFICE VISIT,IN-NETWORK,CO-PAY IN $,200,40,25,0,40,2,50,low,low,RISK,1
4,4,3,2,Hourly,2246,No,Owns,62,60,83,12,4,SPECIALIST OFFICE VISIT,IN-NETWORK,CO-PAY IN $,0,200,40,25,40,2,50,low,low,RISK,1
2,4,3,2,Hourly,3337,No,Rents,39,72,79,12,4,SPECIALIST OFFICE VISIT,IN-NETWORK,CO-PAY IN $,200,0,40,25,40,2,50,low,low,RISK,1
4,3,3,4,Hourly,874,No,Owns,63,68,84,12,4,SPECIALIST OFFICE VISIT,IN-NETWORK,CO-PAY IN $,0,200,40,25,40,2,50,low,low,RISK,1
3,4,2,3,Hourly,4470,Yes,Owns,36,63,98,12,4,SPECIALIST OFFICE VISIT,IN-NETWORK,CO-PAY IN $,25,0,200,40,40,2,50,low,low,RISK,1
4,3,4,3,Hourly,3252,Yes,Owns,46,55,84,12,4,SPECIALIST OFFICE VISIT,IN-NETWORK,CO-PAY IN $,0,200,40,25,40,2,50,low,low,RISK,1
3,4,2,3,Hourly,176,Yes,Rents,45,70,81,12,4,SPECIALIST OFFICE VISIT,IN-NETWORK,CO-PAY IN $,25,200,40,0,40,2,50,low,low,RISK,1
4,3,4,2,Hourly,3681,Yes,Owns,38,55,76,12,4,SPECIALIST OFFICE VISIT,IN-NETWORK,CO-PAY IN $,25,200,0,40,40,2,50,low,low,RISK,1
3,4,4,4,Hourly,1019,Yes,Owns,59,75,77,12,4,SPECIALIST OFFICE VISIT,IN-NETWORK,CO-PAY IN $,0,25,40,200,40,2,50,low,low,RISK,1
3,4,4,3,Bonus,4493,Yes,Owns,64,60,78,12,4,SPECIALIST OFFICE VISIT,IN-NETWORK,CO-PAY IN $,40,25,200,0,40,2,50,low,low,RISK,1
3,4,4,2,Salaried,1012,Yes,Owns,58,56,100,12,4,SPECIALIST OFFICE VISIT,IN-NETWORK,CO-PAY IN $,200,40,25,0,40,2,50,low,low,RISK,1
2,2,4,3,Bonus,1248,Yes,Rents,39,74,85,12,4,SPECIALIST OFFICE VISIT,IN-NETWORK,CO-PAY IN $,200,40,25,0,40,2,50,low,low,RISK,1
2,3,3,3,Salaried,1214,No,Owns,37,67,81,12,4,SPECIALIST OFFICE VISIT,IN-NETWORK,CO-PAY IN $,0,200,40,25,40,2,50,low,low,RISK,1
4,3,3,2,Salaried,2852,Yes,Rents,38,64,80,12,4,SPECIALIST OFFICE VISIT,IN-NETWORK,CO-PAY IN $,200,40,25,0,40,2,50,low,low,RISK,1
3,3,2,2,Bonus,1440,Yes,Owns,46,75,83,12,4,SPECIALIST OFFICE VISIT,IN-NETWORK,CO-PAY IN $,200,25,0,40,40,2,50,low,low,RISK,1
4,2,4,3,Bonus,2951,No,Owns,48,51,79,12,4,SPECIALIST OFFICE VISIT,IN-NETWORK,CO-PAY IN $,40,0,25,200,40,2,50,low,low,RISK,1
1,0,0,1,Salaried,4377,No,Rents,4,9,1,12,5,SPECIALIST OFFICE VISIT,IN-NETWORK,CO-PAY IN $,0,40,25,200,200,1,5,low,high,RISK,2
0,0,1,0,Salaried,1919,No,Owns,4,4,5,12,5,SPECIALIST OFFICE VISIT,IN-NETWORK,CO-PAY IN $,200,0,25,40,200,1,5,low,high,RISK,2
0,0,0,0,Salaried,4671,Yes,Rents,7,1,2,12,5,SPECIALIST OFFICE VISIT,IN-NETWORK,CO-PAY IN $,40,0,200,25,200,1,5,low,high,RISK,2
1,1,0,0,Bonus,1139,No,Owns,6,6,5,12,5,SPECIALIST OFFICE VISIT,IN-NETWORK,CO-PAY IN $,0,40,200,25,200,1,5,low,high,RISK,2
0,1,1,0,Bonus,3085,No,Rents,3,1,13,12,5,SPECIALIST OFFICE VISIT,IN-NETWORK,CO-PAY IN $,40,25,0,200,200,1,5,low,high,RISK,2
0,1,1,0,Salaried,912,Yes,Rents,9,3,4,12,5,SPECIALIST OFFICE VISIT,IN-NETWORK,CO-PAY IN $,25,0,40,200,200,1,5,low,high,RISK,2
1,0,1,0,Hourly,3561,Yes,Owns,5,2,0,12,5,SPECIALIST OFFICE VISIT,IN-NETWORK,CO-PAY IN $,200,40,0,25,200,1,5,low,high,RISK,2
1,1,0,0,Hourly,4350,No,Rents,2,5,12,12,5,SPECIALIST OFFICE VISIT,IN-NETWORK,CO-PAY IN $,25,40,200,0,200,1,5,low,high,RISK,2
1,1,0,1,Salaried,3664,No,Owns,1,6,13,12,5,SPECIALIST OFFICE VISIT,IN-NETWORK,CO-PAY IN $,40,200,0,25,200,1,5,low,high,RISK,2
0,0,0,0,Bonus,1972,Yes,Owns,9,4,5,12,5,SPECIALIST OFFICE VISIT,IN-NETWORK,CO-PAY IN $,25,0,200,40,200,1,5,low,high,RISK,2
0,0,1,1,Salaried,1235,Yes,Rents,7,4,8,12,5,SPECIALIST OFFICE VISIT,IN-NETWORK,CO-PAY IN $,0,40,25,200,200,1,5,low,high,RISK,2
0,1,0,0,Bonus,2294,Yes,Owns,4,9,4,12,5,SPECIALIST OFFICE VISIT,IN-NETWORK,CO-PAY IN $,40,25,0,200,200,1,5,low,high,RISK,2
0,0,1,0,Salaried,4592,Yes,Rents,9,7,9,12,5,SPECIALIST OFFICE VISIT,IN-NETWORK,CO-PAY IN $,40,25,0,200,200,1,5,low,high,RISK,2
0,0,0,1,Hourly,2183,Yes,Owns,1,5,23,12,5,SPECIALIST OFFICE VISIT,IN-NETWORK,CO-PAY IN $,25,0,200,40,200,1,5,low,high,RISK,2
0,0,1,0,Salaried,1622,Yes,Rents,2,1,9,12,5,SPECIALIST OFFICE VISIT,IN-NETWORK,CO-PAY IN $,200,40,25,0,200,1,5,low,high,RISK,2
0,1,0,1,Salaried,4259,Yes,Rents,1,8,6,12,5,SPECIALIST OFFICE VISIT,IN-NETWORK,CO-PAY IN $,25,0,200,40,200,1,5,low,high,RISK,2
1,0,0,1,Salaried,4138,No,Owns,9,2,1,12,5,SPECIALIST OFFICE VISIT,IN-NETWORK,CO-PAY IN $,200,25,0,40,200,1,5,low,high,RISK,2
1,0,0,1,Bonus,2742,No,Owns,10,10,2,12,5,SPECIALIST OFFICE VISIT,IN-NETWORK,CO-PAY IN $,25,0,200,40,200,1,5,low,high,RISK,2
0,0,0,1,Bonus,4027,Yes,Rents,3,4,3,12,5,SPECIALIST OFFICE VISIT,IN-NETWORK,CO-PAY IN $,25,0,200,40,200,1,5,low,high,RISK,2
1,0,0,0,Bonus,3643,No,Rents,8,2,25,12,5,SPECIALIST OFFICE VISIT,IN-NETWORK,CO-PAY IN $,40,200,0,25,200,1,5,low,high,RISK,2
1,0,1,0,Salaried,1855,No,Rents,9,10,10,12,5,SPECIALIST OFFICE VISIT,IN-NETWORK,CO-PAY IN $,25,0,40,200,200,1,5,low,high,RISK,2
0,1,0,0,Bonus,4199,No,Owns,7,7,6,12,5,SPECIALIST OFFICE VISIT,IN-NETWORK,CO-PAY IN $,25,200,0,40,200,1,5,low,high,RISK,2
0,1,0,0,Salaried,358,No,Rents,5,5,5,12,5,SPECIALIST OFFICE VISIT,IN-NETWORK,CO-PAY IN $,40,0,200,25,200,1,5,low,high,RISK,2
0,0,1,0,Salaried,2175,No,Owns,8,10,8,12,5,SPECIALIST OFFICE VISIT,IN-NETWORK,CO-PAY IN $,40,200,25,0,200,1,5,low,high,RISK,2
0,1,0,0,Bonus,2804,No,Owns,4,0,4,12,5,SPECIALIST OFFICE VISIT,IN-NETWORK,CO-PAY IN $,0,40,25,200,200,1,5,low,high,RISK,2
1,1,1,0,Bonus,2793,Yes,Owns,9,9,1,12,5,SPECIALIST OFFICE VISIT,IN-NETWORK,CO-PAY IN $,200,25,0,40,200,1,5,low,high,RISK,2
1,0,1,0,Salaried,1366,No,Owns,7,4,5,12,5,SPECIALIST OFFICE VISIT,IN-NETWORK,CO-PAY IN $,40,25,0,200,200,1,5,low,high,RISK,2
0,1,1,1,Salaried,3990,No,Rents,6,1,2,12,5,SPECIALIST OFFICE VISIT,IN-NETWORK,CO-PAY IN $,25,0,40,200,200,1,5,low,high,RISK,2
0,0,0,0,Salaried,1625,No,Owns,8,6,5,12,5,SPECIALIST OFFICE VISIT,IN-NETWORK,CO-PAY IN $,40,0,200,25,200,1,5,low,high,RISK,2
1,1,0,0,Hourly,1178,No,Owns,0,1,13,12,5,SPECIALIST OFFICE VISIT,IN-NETWORK,CO-PAY IN $,0,200,25,40,200,1,5,low,high,RISK,2
0,0,0,0,Hourly,2665,No,Rents,2,3,4,12,5,SPECIALIST OFFICE VISIT,IN-NETWORK,CO-PAY IN $,200,25,40,0,200,1,5,low,high,RISK,2
1,1,1,0,Hourly,4144,No,Owns,3,2,0,12,5,SPECIALIST OFFICE VISIT,IN-NETWORK,CO-PAY IN $,0,200,25,40,200,1,5,low,high,RISK,2
0,0,1,0,Hourly,2547,Yes,Owns,7,5,12,12,5,SPECIALIST OFFICE VISIT,IN-NETWORK,CO-PAY IN $,0,25,40,200,200,1,5,low,high,RISK,2
1,0,1,0,Hourly,152,Yes,Owns,8,6,13,12,5,SPECIALIST OFFICE VISIT,IN-NETWORK,CO-PAY IN $,25,0,200,40,200,1,5,low,high,RISK,2
0,0,0,0,Bonus,2909,Yes,Rents,3,4,5,12,5,SPECIALIST OFFICE VISIT,IN-NETWORK,CO-PAY IN $,0,25,40,200,200,1,5,low,high,RISK,2
1,1,0,0,Bonus,2404,Yes,Owns,5,4,8,12,5,SPECIALIST OFFICE VISIT,IN-NETWORK,CO-PAY IN $,200,40,25,0,200,1,5,low,high,RISK,2
1,0,1,1,Bonus,144,Yes,Owns,4,9,4,12,5,SPECIALIST OFFICE VISIT,IN-NETWORK,CO-PAY IN $,200,40,0,25,200,1,5,low,high,RISK,2
1,0,1,0,Hourly,2250,No,Owns,4,7,9,12,5,SPECIALIST OFFICE VISIT,IN-NETWORK,CO-PAY IN $,25,200,0,40,200,1,5,low,high,RISK,2
1,0,0,0,Hourly,4826,No,Owns,4,5,23,12,5,SPECIALIST OFFICE VISIT,IN-NETWORK,CO-PAY IN $,0,200,25,40,200,1,5,low,high,RISK,2
1,1,0,0,Salaried,792,No,Owns,5,1,9,12,5,SPECIALIST OFFICE VISIT,IN-NETWORK,CO-PAY IN $,0,40,25,200,200,1,5,low,high,RISK,2
0,1,0,0,Hourly,3429,No,Rents,8,8,6,12,5,SPECIALIST OFFICE VISIT,IN-NETWORK,CO-PAY IN $,25,40,200,0,200,1,5,low,high,RISK,2
0,1,0,0,Hourly,1596,Yes,Owns,5,2,1,12,5,SPECIALIST OFFICE VISIT,IN-NETWORK,CO-PAY IN $,25,0,200,40,200,1,5,low,high,RISK,2
1,1,1,0,Salaried,83,Yes,Owns,2,10,2,12,5,SPECIALIST OFFICE VISIT,IN-NETWORK,CO-PAY IN $,0,40,200,25,200,1,5,low,high,RISK,2
1,1,0,1,Salaried,3601,No,Owns,1,4,3,12,5,SPECIALIST OFFICE VISIT,IN-NETWORK,CO-PAY IN $,200,25,0,40,200,1,5,low,high,RISK,2
0,0,0,1,Bonus,861,No,Owns,8,2,25,12,5,SPECIALIST OFFICE VISIT,IN-NETWORK,CO-PAY IN $,0,200,40,25,200,1,5,low,high,RISK,2
0,1,1,1,Salaried,2240,Yes,Rents,8,10,10,12,5,SPECIALIST OFFICE VISIT,IN-NETWORK,CO-PAY IN $,40,0,25,200,200,1,5,low,high,RISK,2
0,0,0,0,Hourly,2384,No,Rents,1,7,6,12,5,SPECIALIST OFFICE VISIT,IN-NETWORK,CO-PAY IN $,40,0,25,200,200,1,5,low,high,RISK,2
0,0,0,0,Bonus,2363,Yes,Rents,6,5,5,12,5,SPECIALIST OFFICE VISIT,IN-NETWORK,CO-PAY IN $,25,40,200,0,200,1,5,low,high,RISK,2
0,0,1,0,Salaried,4539,No,Owns,3,10,8,12,5,SPECIALIST OFFICE VISIT,IN-NETWORK,CO-PAY IN $,40,200,25,0,200,1,5,low,high,RISK,2
0,0,0,0,Bonus,489,No,Rents,3,0,4,12,5,SPECIALIST OFFICE VISIT,IN-NETWORK,CO-PAY IN $,40,25,0,200,200,1,5,low,high,RISK,2
0,1,0,1,Bonus,4623,Yes,Owns,2,9,1,12,5,SPECIALIST OFFICE VISIT,IN-NETWORK,CO-PAY IN $,0,25,200,40,200,1,5,low,high,RISK,2
0,0,0,0,Salaried,153,Yes,Owns,0,4,5,12,5,SPECIALIST OFFICE VISIT,IN-NETWORK,CO-PAY IN $,0,40,200,25,200,1,5,low,high,RISK,2
0,1,1,0,Salaried,3954,No,Owns,1,1,2,12,5,SPECIALIST OFFICE VISIT,IN-NETWORK,CO-PAY IN $,0,25,200,40,200,1,5,low,high,RISK,2
0,0,0,0,Salaried,4742,No,Rents,0,6,5,12,5,SPECIALIST OFFICE VISIT,IN-NETWORK,CO-PAY IN $,25,200,0,40,200,1,5,low,high,RISK,2
0,0,0,0,Hourly,3289,No,Rents,8,1,13,12,5,SPECIALIST OFFICE VISIT,IN-NETWORK,CO-PAY IN $,40,200,0,25,200,1,5,low,high,RISK,2
0,0,0,0,Bonus,3409,Yes,Rents,6,3,4,12,5,SPECIALIST OFFICE VISIT,IN-NETWORK,CO-PAY IN $,0,40,25,200,200,1,5,low,high,RISK,2
0,0,1,0,Bonus,3179,No,Rents,2,2,0,12,5,SPECIALIST OFFICE VISIT,IN-NETWORK,CO-PAY IN $,0,40,200,25,200,1,5,low,high,RISK,2
0,0,0,0,Bonus,4271,No,Rents,3,5,12,12,5,SPECIALIST OFFICE VISIT,IN-NETWORK,CO-PAY IN $,0,40,200,25,200,1,5,low,high,RISK,2
0,0,0,0,Hourly,4605,Yes,Rents,4,6,13,12,5,SPECIALIST OFFICE VISIT,IN-NETWORK,CO-PAY IN $,0,25,40,200,200,1,5,low,high,RISK,2
0,1,1,1,Salaried,3042,Yes,Rents,1,4,5,12,5,SPECIALIST OFFICE VISIT,IN-NETWORK,CO-PAY IN $,0,25,40,200,200,1,5,low,high,RISK,2
0,1,1,0,Hourly,170,No,Rents,9,4,8,12,5,SPECIALIST OFFICE VISIT,IN-NETWORK,CO-PAY IN $,40,200,25,0,200,1,5,low,high,RISK,2
0,0,0,1,Salaried,2062,No,Rents,2,9,4,12,5,SPECIALIST OFFICE VISIT,IN-NETWORK,CO-PAY IN $,25,0,40,200,200,1,5,low,high,RISK,2
1,0,1,1,Bonus,1962,No,Rents,0,7,9,12,5,SPECIALIST OFFICE VISIT,IN-NETWORK,CO-PAY IN $,200,25,0,40,200,1,5,low,high,RISK,2
0,0,0,0,Bonus,1006,No,Owns,5,5,23,12,5,SPECIALIST OFFICE VISIT,IN-NETWORK,CO-PAY IN $,25,0,200,40,200,1,5,low,high,RISK,2
0,1,0,1,Salaried,4555,No,Rents,2,1,9,12,5,SPECIALIST OFFICE VISIT,IN-NETWORK,CO-PAY IN $,25,0,40,200,200,1,5,low,high,RISK,2
1,0,1,0,Bonus,458,No,Rents,4,8,6,12,5,SPECIALIST OFFICE VISIT,IN-NETWORK,CO-PAY IN $,200,25,0,40,200,1,5,low,high,RISK,2
1,0,1,0,Hourly,1593,No,Owns,0,2,1,12,5,SPECIALIST OFFICE VISIT,IN-NETWORK,CO-PAY IN $,200,25,0,40,200,1,5,low,high,RISK,2
0,1,0,0,Hourly,4519,Yes,Owns,4,10,2,12,5,SPECIALIST OFFICE VISIT,IN-NETWORK,CO-PAY IN $,200,25,0,40,200,1,5,low,high,RISK,2
0,1,0,0,Bonus,2639,No,Rents,0,4,3,12,5,SPECIALIST OFFICE VISIT,IN-NETWORK,CO-PAY IN $,40,0,25,200,200,1,5,low,high,RISK,2
0,0,1,0,Hourly,2563,Yes,Rents,8,2,25,12,5,SPECIALIST OFFICE VISIT,IN-NETWORK,CO-PAY IN $,25,40,200,0,200,1,5,low,high,RISK,2
0,0,1,1,Bonus,2810,Yes,Owns,8,10,10,12,5,SPECIALIST OFFICE VISIT,IN-NETWORK,CO-PAY IN $,200,0,40,25,200,1,5,low,high,RISK,2
0,0,0,1,Hourly,2954,Yes,Owns,10,7,6,12,5,SPECIALIST OFFICE VISIT,IN-NETWORK,CO-PAY IN $,200,0,40,25,200,1,5,low,high,RISK,2
0,0,1,0,Hourly,2299,Yes,Owns,6,5,5,12,5,SPECIALIST OFFICE VISIT,IN-NETWORK,CO-PAY IN $,25,40,0,200,200,1,5,low,high,RISK,2
0,0,1,1,Hourly,1155,No,Rents,1,10,8,12,5,SPECIALIST OFFICE VISIT,IN-NETWORK,CO-PAY IN $,25,40,0,200,200,1,5,low,high,RISK,2
1,0,1,0,Bonus,1856,Yes,Rents,7,0,4,12,5,SPECIALIST OFFICE VISIT,IN-NETWORK,CO-PAY IN $,40,0,25,200,200,1,5,low,high,RISK,2
1,1,0,0,Salaried,3352,Yes,Rents,1,9,1,12,5,SPECIALIST OFFICE VISIT,IN-NETWORK,CO-PAY IN $,200,25,0,40,200,1,5,low,high,RISK,2
1,0,0,0,Hourly,3735,Yes,Owns,8,4,5,12,5,SPECIALIST OFFICE VISIT,IN-NETWORK,CO-PAY IN $,40,25,200,0,200,1,5,low,high,RISK,2
1,0,0,1,Salaried,1125,Yes,Rents,1,1,2,12,5,SPECIALIST OFFICE VISIT,IN-NETWORK,CO-PAY IN $,25,200,40,0,200,1,5,low,high,RISK,2
1,0,1,0,Bonus,4695,No,Owns,0,6,5,12,5,SPECIALIST OFFICE VISIT,IN-NETWORK,CO-PAY IN $,0,40,200,25,200,1,5,low,high,RISK,2
0,0,0,1,Salaried,1210,No,Rents,9,1,13,12,5,SPECIALIST OFFICE VISIT,IN-NETWORK,CO-PAY IN $,40,200,0,25,200,1,5,low,high,RISK,2
1,1,1,0,Bonus,3149,No,Owns,1,3,4,12,5,SPECIALIST OFFICE VISIT,IN-NETWORK,CO-PAY IN $,40,200,25,0,200,1,5,low,high,RISK,2
1,0,0,0,Bonus,3757,No,Rents,1,2,0,12,5,SPECIALIST OFFICE VISIT,IN-NETWORK,CO-PAY IN $,0,40,200,25,200,1,5,low,high,RISK,2
1,0,1,1,Salaried,4038,Yes,Rents,5,5,12,12,5,SPECIALIST OFFICE VISIT,IN-NETWORK,CO-PAY IN $,200,0,25,40,200,1,5,low,high,RISK,2
0,0,0,1,Bonus,381,No,Owns,2,6,13,12,5,SPECIALIST OFFICE VISIT,IN-NETWORK,CO-PAY IN $,25,40,200,0,200,1,5,low,high,RISK,2
0,0,0,0,Hourly,2879,Yes,Rents,9,4,5,12,5,SPECIALIST OFFICE VISIT,IN-NETWORK,CO-PAY IN $,25,200,0,40,200,1,5,low,high,RISK,2
0,1,0,0,Hourly,2246,No,Owns,9,4,8,12,5,SPECIALIST OFFICE VISIT,IN-NETWORK,CO-PAY IN $,0,25,200,40,200,1,5,low,high,RISK,2
0,1,0,0,Hourly,3337,No,Rents,1,9,4,12,5,SPECIALIST OFFICE VISIT,IN-NETWORK,CO-PAY IN $,200,40,25,0,200,1,5,low,high,RISK,2
1,0,0,0,Hourly,874,No,Owns,9,7,9,12,5,SPECIALIST OFFICE VISIT,IN-NETWORK,CO-PAY IN $,40,200,25,0,200,1,5,low,high,RISK,2
0,1,0,0,Hourly,4470,Yes,Owns,0,5,23,12,5,SPECIALIST OFFICE VISIT,IN-NETWORK,CO-PAY IN $,25,0,200,40,200,1,5,low,high,RISK,2
1,0,1,0,Hourly,3252,Yes,Owns,4,1,9,12,5,SPECIALIST OFFICE VISIT,IN-NETWORK,CO-PAY IN $,200,25,40,0,200,1,5,low,high,RISK,2
0,1,0,0,Hourly,176,Yes,Rents,3,8,6,12,5,SPECIALIST OFFICE VISIT,IN-NETWORK,CO-PAY IN $,0,40,25,200,200,1,5,low,high,RISK,2
0,0,1,0,Hourly,3681,Yes,Owns,1,2,1,12,5,SPECIALIST OFFICE VISIT,IN-NETWORK,CO-PAY IN $,40,0,200,25,200,1,5,low,high,RISK,2
0,1,1,1,Hourly,1019,Yes,Owns,8,10,2,12,5,SPECIALIST OFFICE VISIT,IN-NETWORK,CO-PAY IN $,0,200,25,40,200,1,5,low,high,RISK,2
0,1,1,0,Bonus,4493,Yes,Owns,10,4,3,12,5,SPECIALIST OFFICE VISIT,IN-NETWORK,CO-PAY IN $,25,200,40,0,200,1,5,low,high,RISK,2
0,1,1,0,Salaried,1012,Yes,Owns,8,2,25,12,5,SPECIALIST OFFICE VISIT,IN-NETWORK,CO-PAY IN $,200,40,25,0,200,1,5,low,high,RISK,2
0,0,0,0,Bonus,1248,Yes,Rents,1,10,10,12,5,SPECIALIST OFFICE VISIT,IN-NETWORK,CO-PAY IN $,25,0,40,200,200,1,5,low,high,RISK,2
0,0,0,0,Salaried,1214,No,Owns,1,7,6,12,5,SPECIALIST OFFICE VISIT,IN-NETWORK,CO-PAY IN $,25,200,40,0,200,1,5,low,high,RISK,2
1,0,0,0,Salaried,2852,Yes,Rents,1,5,5,12,5,SPECIALIST OFFICE VISIT,IN-NETWORK,CO-PAY IN $,25,200,40,0,200,1,5,low,high,RISK,2
0,0,0,0,Bonus,1440,Yes,Owns,4,10,8,12,5,SPECIALIST OFFICE VISIT,IN-NETWORK,CO-PAY IN $,25,0,200,40,200,1,5,low,high,RISK,2
1,0,1,0,Bonus,2951,No,Owns,4,0,4,12,5,SPECIALIST OFFICE VISIT,IN-NETWORK,CO-PAY IN $,40,25,200,0,200,1,5,low,high,RISK,2
2,1,0,2,Salaried,4377,No,Rents,10,19,27,12,6,SPECIALIST OFFICE VISIT,IN-NETWORK,CO-PAY IN $,40,0,25,200,40,2,10,low,high,RISK,2
0,1,1,0,Salaried,1919,No,Owns,10,15,31,12,6,SPECIALIST OFFICE VISIT,IN-NETWORK,CO-PAY IN $,0,40,200,25,40,2,10,low,high,RISK,2
1,1,0,0,Salaried,4671,Yes,Rents,15,12,28,12,6,SPECIALIST OFFICE VISIT,IN-NETWORK,CO-PAY IN $,40,0,25,200,40,2,10,low,high,RISK,2
2,1,0,0,Bonus,1139,No,Owns,13,16,31,12,6,SPECIALIST OFFICE VISIT,IN-NETWORK,CO-PAY IN $,0,200,40,25,40,2,10,low,high,RISK,2
1,1,2,1,Bonus,3085,No,Rents,9,12,39,12,6,SPECIALIST OFFICE VISIT,IN-NETWORK,CO-PAY IN $,25,40,0,200,40,2,10,low,high,RISK,2
0,1,2,0,Salaried,912,Yes,Rents,16,14,30,12,6,SPECIALIST OFFICE VISIT,IN-NETWORK,CO-PAY IN $,25,40,0,200,40,2,10,low,high,RISK,2
1,0,2,1,Hourly,3561,Yes,Owns,12,13,26,12,6,SPECIALIST OFFICE VISIT,IN-NETWORK,CO-PAY IN $,25,0,40,200,40,2,10,low,high,RISK,2
1,2,0,0,Hourly,4350,No,Rents,7,16,37,12,6,SPECIALIST OFFICE VISIT,IN-NETWORK,CO-PAY IN $,25,200,40,0,40,2,10,low,high,RISK,2
2,2,1,2,Salaried,3664,No,Owns,7,16,39,12,6,SPECIALIST OFFICE VISIT,IN-NETWORK,CO-PAY IN $,0,40,25,200,40,2,10,low,high,RISK,2
0,0,0,1,Bonus,1972,Yes,Owns,17,14,30,12,6,SPECIALIST OFFICE VISIT,IN-NETWORK,CO-PAY IN $,25,0,200,40,40,2,10,low,high,RISK,2
1,0,2,2,Salaried,1235,Yes,Rents,14,14,34,12,6,SPECIALIST OFFICE VISIT,IN-NETWORK,CO-PAY IN $,25,200,0,40,40,2,10,low,high,RISK,2
0,2,0,1,Bonus,2294,Yes,Owns,10,19,30,12,6,SPECIALIST OFFICE VISIT,IN-NETWORK,CO-PAY IN $,200,40,0,25,40,2,10,low,high,RISK,2
0,1,2,0,Salaried,4592,Yes,Rents,16,17,35,12,6,SPECIALIST OFFICE VISIT,IN-NETWORK,CO-PAY IN $,40,200,0,25,40,2,10,low,high,RISK,2
0,0,1,1,Hourly,2183,Yes,Owns,6,15,48,12,6,SPECIALIST OFFICE VISIT,IN-NETWORK,CO-PAY IN $,200,0,25,40,40,2,10,low,high,RISK,2
1,1,2,1,Salaried,1622,Yes,Rents,8,12,35,12,6,SPECIALIST OFFICE VISIT,IN-NETWORK,CO-PAY IN $,40,25,0,200,40,2,10,low,high,RISK,2
1,2,1,2,Salaried,4259,Yes,Rents,6,18,32,12,6,SPECIALIST OFFICE VISIT,IN-NETWORK,CO-PAY IN $,25,40,0,200,40,2,10,low,high,RISK,2
2,1,1,2,Salaried,4138,No,Owns,17,13,27,12,6,SPECIALIST OFFICE VISIT,IN-NETWORK,CO-PAY IN $,0,40,25,200,40,2,10,low,high,RISK,2
2,0,1,2,Bonus,2742,No,Owns,17,20,28,12,6,SPECIALIST OFFICE VISIT,IN-NETWORK,CO-PAY IN $,40,25,0,200,40,2,10,low,high,RISK,2
1,1,0,2,Bonus,4027,Yes,Rents,8,14,29,12,6,SPECIALIST OFFICE VISIT,IN-NETWORK,CO-PAY IN $,200,25,40,0,40,2,10,low,high,RISK,2
1,1,0,0,Bonus,3643,No,Rents,16,13,50,12,6,SPECIALIST OFFICE VISIT,IN-NETWORK,CO-PAY IN $,200,40,0,25,40,2,10,low,high,RISK,2
1,0,2,0,Salaried,1855,No,Rents,17,20,35,12,6,SPECIALIST OFFICE VISIT,IN-NETWORK,CO-PAY IN $,200,0,40,25,40,2,10,low,high,RISK,2
1,2,0,1,Bonus,4199,No,Owns,14,17,32,12,6,SPECIALIST OFFICE VISIT,IN-NETWORK,CO-PAY IN $,40,25,0,200,40,2,10,low,high,RISK,2
0,2,1,0,Salaried,358,No,Rents,12,16,31,12,6,SPECIALIST OFFICE VISIT,IN-NETWORK,CO-PAY IN $,25,0,40,200,40,2,10,low,high,RISK,2
1,1,1,1,Salaried,2175,No,Owns,16,20,34,12,6,SPECIALIST OFFICE VISIT,IN-NETWORK,CO-PAY IN $,0,200,40,25,40,2,10,low,high,RISK,2
1,1,0,0,Bonus,2804,No,Owns,11,11,30,12,6,SPECIALIST OFFICE VISIT,IN-NETWORK,CO-PAY IN $,40,200,0,25,40,2,10,low,high,RISK,2
2,1,2,1,Bonus,2793,Yes,Owns,17,19,27,12,6,SPECIALIST OFFICE VISIT,IN-NETWORK,CO-PAY IN $,200,0,25,40,40,2,10,low,high,RISK,2
2,0,2,0,Salaried,1366,No,Owns,14,15,31,12,6,SPECIALIST OFFICE VISIT,IN-NETWORK,CO-PAY IN $,40,0,25,200,40,2,10,low,high,RISK,2
0,1,1,2,Salaried,3990,No,Rents,13,12,28,12,6,SPECIALIST OFFICE VISIT,IN-NETWORK,CO-PAY IN $,40,0,200,25,40,2,10,low,high,RISK,2
0,1,1,0,Salaried,1625,No,Owns,16,16,31,12,6,SPECIALIST OFFICE VISIT,IN-NETWORK,CO-PAY IN $,0,25,200,40,40,2,10,low,high,RISK,2
1,2,0,0,Hourly,1178,No,Owns,5,12,39,12,6,SPECIALIST OFFICE VISIT,IN-NETWORK,CO-PAY IN $,25,0,40,200,40,2,10,low,high,RISK,2
1,1,0,0,Hourly,2665,No,Rents,8,14,30,12,6,SPECIALIST OFFICE VISIT,IN-NETWORK,CO-PAY IN $,0,40,25,200,40,2,10,low,high,RISK,2
1,1,2,0,Hourly,4144,No,Owns,9,13,26,12,6,SPECIALIST OFFICE VISIT,IN-NETWORK,CO-PAY IN $,40,0,25,200,40,2,10,low,high,RISK,2
1,1,2,0,Hourly,2547,Yes,Owns,14,16,37,12,6,SPECIALIST OFFICE VISIT,IN-NETWORK,CO-PAY IN $,40,0,200,25,40,2,10,low,high,RISK,2
1,1,1,0,Hourly,152,Yes,Owns,15,16,39,12,6,SPECIALIST OFFICE VISIT,IN-NETWORK,CO-PAY IN $,40,0,200,25,40,2,10,low,high,RISK,2
0,0,0,0,Bonus,2909,Yes,Rents,9,14,30,12,6,SPECIALIST OFFICE VISIT,IN-NETWORK,CO-PAY IN $,0,200,25,40,40,2,10,low,high,RISK,2
2,2,1,1,Bonus,2404,Yes,Owns,11,14,34,12,6,SPECIALIST OFFICE VISIT,IN-NETWORK,CO-PAY IN $,25,40,200,0,40,2,10,low,high,RISK,2
2,0,1,2,Bonus,144,Yes,Owns,10,19,30,12,6,SPECIALIST OFFICE VISIT,IN-NETWORK,CO-PAY IN $,200,25,40,0,40,2,10,low,high,RISK,2
2,0,1,0,Hourly,2250,No,Owns,11,17,35,12,6,SPECIALIST OFFICE VISIT,IN-NETWORK,CO-PAY IN $,200,25,0,40,40,2,10,low,high,RISK,2
2,0,0,0,Hourly,4826,No,Owns,10,15,48,12,6,SPECIALIST OFFICE VISIT,IN-NETWORK,CO-PAY IN $,40,0,25,200,40,2,10,low,high,RISK,2
1,1,0,0,Salaried,792,No,Owns,12,12,35,12,6,SPECIALIST OFFICE VISIT,IN-NETWORK,CO-PAY IN $,0,40,25,200,40,2,10,low,high,RISK,2
0,2,0,1,Hourly,3429,No,Rents,15,18,32,12,6,SPECIALIST OFFICE VISIT,IN-NETWORK,CO-PAY IN $,40,25,0,200,40,2,10,low,high,RISK,2
0,2,0,1,Hourly,1596,Yes,Owns,11,13,27,12,6,SPECIALIST OFFICE VISIT,IN-NETWORK,CO-PAY IN $,40,25,200,0,40,2,10,low,high,RISK,2
1,1,2,0,Salaried,83,Yes,Owns,7,20,28,12,6,SPECIALIST OFFICE VISIT,IN-NETWORK,CO-PAY IN $,25,40,0,200,40,2,10,low,high,RISK,2
1,2,0,2,Salaried,3601,No,Owns,6,14,29,12,6,SPECIALIST OFFICE VISIT,IN-NETWORK,CO-PAY IN $,25,40,0,200,40,2,10,low,high,RISK,2
1,1,0,1,Bonus,861,No,Owns,15,13,50,12,6,SPECIALIST OFFICE VISIT,IN-NETWORK,CO-PAY IN $,25,200,0,40,40,2,10,low,high,RISK,2
0,2,2,2,Salaried,2240,Yes,Rents,15,20,35,12,6,SPECIALIST OFFICE VISIT,IN-NETWORK,CO-PAY IN $,0,200,25,40,40,2,10,low,high,RISK,2
1,0,0,0,Hourly,2384,No,Rents,6,17,32,12,6,SPECIALIST OFFICE VISIT,IN-NETWORK,CO-PAY IN $,200,0,25,40,40,2,10,low,high,RISK,2
0,0,0,0,Bonus,2363,Yes,Rents,12,16,31,12,6,SPECIALIST OFFICE VISIT,IN-NETWORK,CO-PAY IN $,40,25,0,200,40,2,10,low,high,RISK,2
1,1,2,0,Salaried,4539,No,Owns,10,20,34,12,6,SPECIALIST OFFICE VISIT,IN-NETWORK,CO-PAY IN $,40,0,200,25,40,2,10,low,high,RISK,2
1,1,0,0,Bonus,489,No,Rents,9,11,30,12,6,SPECIALIST OFFICE VISIT,IN-NETWORK,CO-PAY IN $,200,25,0,40,40,2,10,low,high,RISK,2
1,2,0,2,Bonus,4623,Yes,Owns,7,19,27,12,6,SPECIALIST OFFICE VISIT,IN-NETWORK,CO-PAY IN $,25,200,0,40,40,2,10,low,high,RISK,2
1,0,0,0,Salaried,153,Yes,Owns,5,15,31,12,6,SPECIALIST OFFICE VISIT,IN-NETWORK,CO-PAY IN $,40,200,0,25,40,2,10,low,high,RISK,2
0,2,2,1,Salaried,3954,No,Owns,6,12,28,12,6,SPECIALIST OFFICE VISIT,IN-NETWORK,CO-PAY IN $,0,40,25,200,40,2,10,low,high,RISK,2
0,0,0,1,Hourly,3289,No,Rents,15,12,39,12,6,SPECIALIST OFFICE VISIT,IN-NETWORK,CO-PAY IN $,25,40,200,0,40,2,10,low,high,RISK,2
0,0,1,1,Bonus,3409,Yes,Rents,13,14,30,12,6,SPECIALIST OFFICE VISIT,IN-NETWORK,CO-PAY IN $,0,200,40,25,40,2,10,low,high,RISK,2
0,0,2,1,Bonus,3179,No,Rents,8,13,26,12,6,SPECIALIST OFFICE VISIT,IN-NETWORK,CO-PAY IN $,40,25,0,200,40,2,10,low,high,RISK,2
0,0,0,1,Bonus,4271,No,Rents,9,16,37,12,6,SPECIALIST OFFICE VISIT,IN-NETWORK,CO-PAY IN $,25,40,200,0,40,2,10,low,high,RISK,2
0,0,0,0,Hourly,4605,Yes,Rents,10,16,39,12,6,SPECIALIST OFFICE VISIT,IN-NETWORK,CO-PAY IN $,200,0,40,25,40,2,10,low,high,RISK,2
0,2,2,2,Salaried,3042,Yes,Rents,6,14,30,12,6,SPECIALIST OFFICE VISIT,IN-NETWORK,CO-PAY IN $,200,0,25,40,40,2,10,low,high,RISK,2
0,2,2,0,Hourly,170,No,Rents,16,14,34,12,6,SPECIALIST OFFICE VISIT,IN-NETWORK,CO-PAY IN $,25,200,40,0,40,2,10,low,high,RISK,2
1,1,2,2,Bonus,1962,No,Rents,5,17,35,12,6,SPECIALIST OFFICE VISIT,IN-NETWORK,CO-PAY IN $,0,40,200,25,40,2,10,low,high,RISK,2
0,0,0,0,Bonus,1006,No,Owns,11,15,48,12,6,SPECIALIST OFFICE VISIT,IN-NETWORK,CO-PAY IN $,40,0,200,25,40,2,10,low,high,RISK,2
0,2,1,2,Salaried,4555,No,Rents,8,12,35,12,6,SPECIALIST OFFICE VISIT,IN-NETWORK,CO-PAY IN $,0,200,40,25,40,2,10,low,high,RISK,2
2,1,1,0,Bonus,458,No,Rents,10,18,32,12,6,SPECIALIST OFFICE VISIT,IN-NETWORK,CO-PAY IN $,0,25,40,200,40,2,10,low,high,RISK,2
2,0,2,1,Hourly,1593,No,Owns,5,13,27,12,6,SPECIALIST OFFICE VISIT,IN-NETWORK,CO-PAY IN $,0,25,200,40,40,2,10,low,high,RISK,2
0,2,0,1,Hourly,4519,Yes,Owns,11,20,28,12,6,SPECIALIST OFFICE VISIT,IN-NETWORK,CO-PAY IN $,25,40,200,0,40,2,10,low,high,RISK,2
0,1,0,0,Bonus,2639,No,Rents,5,14,29,12,6,SPECIALIST OFFICE VISIT,IN-NETWORK,CO-PAY IN $,0,40,200,25,40,2,10,low,high,RISK,2
0,0,2,1,Hourly,2563,Yes,Rents,15,13,50,12,6,SPECIALIST OFFICE VISIT,IN-NETWORK,CO-PAY IN $,200,25,0,40,40,2,10,low,high,RISK,2
0,1,2,1,Bonus,2810,Yes,Owns,15,20,35,12,6,SPECIALIST OFFICE VISIT,IN-NETWORK,CO-PAY IN $,40,200,0,25,40,2,10,low,high,RISK,2
1,1,0,1,Hourly,2954,Yes,Owns,18,17,32,12,6,SPECIALIST OFFICE VISIT,IN-NETWORK,CO-PAY IN $,40,0,200,25,40,2,10,low,high,RISK,2
1,0,2,0,Hourly,2299,Yes,Owns,13,16,31,12,6,SPECIALIST OFFICE VISIT,IN-NETWORK,CO-PAY IN $,25,0,40,200,40,2,10,low,high,RISK,2
1,0,2,0,Bonus,1856,Yes,Rents,14,11,30,12,6,SPECIALIST OFFICE VISIT,IN-NETWORK,CO-PAY IN $,200,25,0,40,40,2,10,low,high,RISK,2
2,1,1,0,Salaried,3352,Yes,Rents,6,19,27,12,6,SPECIALIST OFFICE VISIT,IN-NETWORK,CO-PAY IN $,25,40,200,0,40,2,10,low,high,RISK,2
2,0,0,1,Hourly,3735,Yes,Owns,15,15,31,12,6,SPECIALIST OFFICE VISIT,IN-NETWORK,CO-PAY IN $,200,40,0,25,40,2,10,low,high,RISK,2
2,1,0,2,Salaried,1125,Yes,Rents,6,12,28,12,6,SPECIALIST OFFICE VISIT,IN-NETWORK,CO-PAY IN $,25,200,0,40,40,2,10,low,high,RISK,2
2,0,1,0,Bonus,4695,No,Owns,5,16,31,12,6,SPECIALIST OFFICE VISIT,IN-NETWORK,CO-PAY IN $,200,40,0,25,40,2,10,low,high,RISK,2
1,1,1,1,Salaried,1210,No,Rents,17,12,39,12,6,SPECIALIST OFFICE VISIT,IN-NETWORK,CO-PAY IN $,40,25,200,0,40,2,10,low,high,RISK,2
1,2,1,0,Bonus,3149,No,Owns,6,14,30,12,6,SPECIALIST OFFICE VISIT,IN-NETWORK,CO-PAY IN $,0,40,25,200,40,2,10,low,high,RISK,2
1,1,1,1,Bonus,3757,No,Rents,6,13,26,12,6,SPECIALIST OFFICE VISIT,IN-NETWORK,CO-PAY IN $,200,25,0,40,40,2,10,low,high,RISK,2
1,0,2,1,Salaried,4038,Yes,Rents,12,16,37,12,6,SPECIALIST OFFICE VISIT,IN-NETWORK,CO-PAY IN $,25,40,200,0,40,2,10,low,high,RISK,2
0,0,0,2,Bonus,381,No,Owns,8,16,39,12,6,SPECIALIST OFFICE VISIT,IN-NETWORK,CO-PAY IN $,25,40,0,200,40,2,10,low,high,RISK,2
0,0,1,1,Hourly,2879,Yes,Rents,16,14,30,12,6,SPECIALIST OFFICE VISIT,IN-NETWORK,CO-PAY IN $,40,200,25,0,40,2,10,low,high,RISK,2
1,2,0,0,Hourly,2246,No,Owns,17,14,34,12,6,SPECIALIST OFFICE VISIT,IN-NETWORK,CO-PAY IN $,0,25,40,200,40,2,10,low,high,RISK,2
0,2,1,0,Hourly,3337,No,Rents,7,19,30,12,6,SPECIALIST OFFICE VISIT,IN-NETWORK,CO-PAY IN $,0,25,200,40,40,2,10,low,high,RISK,2
1,1,1,1,Hourly,874,No,Owns,17,17,35,12,6,SPECIALIST OFFICE VISIT,IN-NETWORK,CO-PAY IN $,40,25,0,200,40,2,10,low,high,RISK,2
0,1,0,0,Hourly,4470,Yes,Owns,6,15,48,12,6,SPECIALIST OFFICE VISIT,IN-NETWORK,CO-PAY IN $,200,0,40,25,40,2,10,low,high,RISK,2
2,0,1,1,Hourly,3252,Yes,Owns,10,12,35,12,6,SPECIALIST OFFICE VISIT,IN-NETWORK,CO-PAY IN $,25,200,40,0,40,2,10,low,high,RISK,2
0,2,0,1,Hourly,176,Yes,Rents,9,18,32,12,6,SPECIALIST OFFICE VISIT,IN-NETWORK,CO-PAY IN $,0,25,200,40,40,2,10,low,high,RISK,2
1,0,2,0,Hourly,3681,Yes,Owns,6,13,27,12,6,SPECIALIST OFFICE VISIT,IN-NETWORK,CO-PAY IN $,200,0,40,25,40,2,10,low,high,RISK,2
1,2,1,2,Hourly,1019,Yes,Owns,15,20,28,12,6,SPECIALIST OFFICE VISIT,IN-NETWORK,CO-PAY IN $,0,40,200,25,40,2,10,low,high,RISK,2
1,2,1,1,Bonus,4493,Yes,Owns,18,14,29,12,6,SPECIALIST OFFICE VISIT,IN-NETWORK,CO-PAY IN $,200,40,25,0,40,2,10,low,high,RISK,2
1,2,2,0,Salaried,1012,Yes,Owns,15,13,50,12,6,SPECIALIST OFFICE VISIT,IN-NETWORK,CO-PAY IN $,40,0,25,200,40,2,10,low,high,RISK,2
0,0,1,1,Bonus,1248,Yes,Rents,7,20,35,12,6,SPECIALIST OFFICE VISIT,IN-NETWORK,CO-PAY IN $,25,200,40,0,40,2,10,low,high,RISK,2
0,0,1,0,Salaried,1214,No,Owns,6,17,32,12,6,SPECIALIST OFFICE VISIT,IN-NETWORK,CO-PAY IN $,0,40,25,200,40,2,10,low,high,RISK,2
1,0,1,0,Salaried,2852,Yes,Rents,6,16,31,12,6,SPECIALIST OFFICE VISIT,IN-NETWORK,CO-PAY IN $,25,40,0,200,40,2,10,low,high,RISK,2
1,0,0,0,Bonus,1440,Yes,Owns,10,20,34,12,6,SPECIALIST OFFICE VISIT,IN-NETWORK,CO-PAY IN $,0,200,25,40,40,2,10,low,high,RISK,2
1,0,1,0,Bonus,2951,No,Owns,11,11,30,12,6,SPECIALIST OFFICE VISIT,IN-NETWORK,CO-PAY IN $,25,0,40,200,40,2,10,low,high,RISK,2
3,2,1,3,Salaried,4377,No,Rents,24,48,52,12,7,SPECIALIST OFFICE VISIT,IN-NETWORK,CO-PAY IN $,25,0,200,40,40,2,20,low,high,RISK,2
1,1,2,1,Salaried,1919,No,Owns,25,33,56,12,7,SPECIALIST OFFICE VISIT,IN-NETWORK,CO-PAY IN $,40,25,0,200,40,2,20,low,high,RISK,2
2,2,1,1,Salaried,4671,Yes,Rents,33,23,53,12,7,SPECIALIST OFFICE VISIT,IN-NETWORK,CO-PAY IN $,40,200,0,25,40,2,20,low,high,RISK,2
3,2,1,1,Bonus,1139,No,Owns,29,38,56,12,7,SPECIALIST OFFICE VISIT,IN-NETWORK,CO-PAY IN $,25,200,40,0,40,2,20,low,high,RISK,2
1,2,3,2,Bonus,3085,No,Rents,23,24,64,12,7,SPECIALIST OFFICE VISIT,IN-NETWORK,CO-PAY IN $,200,25,40,0,40,2,20,low,high,RISK,2
1,2,3,1,Salaried,912,Yes,Rents,37,29,55,12,7,SPECIALIST OFFICE VISIT,IN-NETWORK,CO-PAY IN $,40,200,0,25,40,2,20,low,high,RISK,2
2,1,3,2,Hourly,3561,Yes,Owns,28,26,51,12,7,SPECIALIST OFFICE VISIT,IN-NETWORK,CO-PAY IN $,40,0,200,25,40,2,20,low,high,RISK,2
2,3,1,1,Hourly,4350,No,Rents,19,36,62,12,7,SPECIALIST OFFICE VISIT,IN-NETWORK,CO-PAY IN $,40,200,25,0,40,2,20,low,high,RISK,2
3,3,2,3,Salaried,3664,No,Owns,18,38,64,12,7,SPECIALIST OFFICE VISIT,IN-NETWORK,CO-PAY IN $,40,25,200,0,40,2,20,low,high,RISK,2
1,1,1,1,Bonus,1972,Yes,Owns,38,31,55,12,7,SPECIALIST OFFICE VISIT,IN-NETWORK,CO-PAY IN $,200,40,0,25,40,2,20,low,high,RISK,2
1,1,3,3,Salaried,1235,Yes,Rents,32,31,59,12,7,SPECIALIST OFFICE VISIT,IN-NETWORK,CO-PAY IN $,200,0,40,25,40,2,20,low,high,RISK,2
1,3,1,2,Bonus,2294,Yes,Owns,25,47,55,12,7,SPECIALIST OFFICE VISIT,IN-NETWORK,CO-PAY IN $,0,25,200,40,40,2,20,low,high,RISK,2
1,2,3,1,Salaried,4592,Yes,Rents,37,41,60,12,7,SPECIALIST OFFICE VISIT,IN-NETWORK,CO-PAY IN $,25,0,200,40,40,2,20,low,high,RISK,2
1,1,1,2,Hourly,2183,Yes,Owns,16,35,73,12,7,SPECIALIST OFFICE VISIT,IN-NETWORK,CO-PAY IN $,200,40,25,0,40,2,20,low,high,RISK,2
2,2,3,2,Salaried,1622,Yes,Rents,21,24,60,12,7,SPECIALIST OFFICE VISIT,IN-NETWORK,CO-PAY IN $,40,200,25,0,40,2,20,low,high,RISK,2
2,3,1,3,Salaried,4259,Yes,Rents,17,43,57,12,7,SPECIALIST OFFICE VISIT,IN-NETWORK,CO-PAY IN $,25,40,200,0,40,2,20,low,high,RISK,2
3,2,2,3,Salaried,4138,No,Owns,37,25,52,12,7,SPECIALIST OFFICE VISIT,IN-NETWORK,CO-PAY IN $,25,0,40,200,40,2,20,low,high,RISK,2
3,1,2,3,Bonus,2742,No,Owns,39,50,53,12,7,SPECIALIST OFFICE VISIT,IN-NETWORK,CO-PAY IN $,25,40,0,200,40,2,20,low,high,RISK,2
1,1,1,3,Bonus,4027,Yes,Rents,21,31,54,12,7,SPECIALIST OFFICE VISIT,IN-NETWORK,CO-PAY IN $,40,0,200,25,40,2,20,low,high,RISK,2
2,2,1,1,Bonus,3643,No,Rents,35,26,75,12,7,SPECIALIST OFFICE VISIT,IN-NETWORK,CO-PAY IN $,25,0,200,40,40,2,20,low,high,RISK,2
2,1,3,1,Salaried,1855,No,Rents,39,49,60,12,7,SPECIALIST OFFICE VISIT,IN-NETWORK,CO-PAY IN $,25,0,200,40,40,2,20,low,high,RISK,2
1,3,1,1,Bonus,4199,No,Owns,33,40,57,12,7,SPECIALIST OFFICE VISIT,IN-NETWORK,CO-PAY IN $,0,40,25,200,40,2,20,low,high,RISK,2
1,3,2,1,Salaried,358,No,Rents,28,36,56,12,7,SPECIALIST OFFICE VISIT,IN-NETWORK,CO-PAY IN $,200,25,40,0,40,2,20,low,high,RISK,2
2,2,2,1,Salaried,2175,No,Owns,35,49,59,12,7,SPECIALIST OFFICE VISIT,IN-NETWORK,CO-PAY IN $,200,40,25,0,40,2,20,low,high,RISK,2
2,2,1,1,Bonus,2804,No,Owns,26,20,55,12,7,SPECIALIST OFFICE VISIT,IN-NETWORK,CO-PAY IN $,0,200,25,40,40,2,20,low,high,RISK,2
3,3,3,2,Bonus,2793,Yes,Owns,39,48,52,12,7,SPECIALIST OFFICE VISIT,IN-NETWORK,CO-PAY IN $,25,40,200,0,40,2,20,low,high,RISK,2
3,1,3,1,Salaried,1366,No,Owns,32,33,56,12,7,SPECIALIST OFFICE VISIT,IN-NETWORK,CO-PAY IN $,40,25,200,0,40,2,20,low,high,RISK,2
1,2,2,3,Salaried,3990,No,Rents,30,23,53,12,7,SPECIALIST OFFICE VISIT,IN-NETWORK,CO-PAY IN $,40,200,25,0,40,2,20,low,high,RISK,2
1,2,2,1,Salaried,1625,No,Owns,36,38,56,12,7,SPECIALIST OFFICE VISIT,IN-NETWORK,CO-PAY IN $,0,25,200,40,40,2,20,low,high,RISK,2
2,3,1,1,Hourly,1178,No,Owns,15,24,64,12,7,SPECIALIST OFFICE VISIT,IN-NETWORK,CO-PAY IN $,40,0,25,200,40,2,20,low,high,RISK,2
2,1,1,1,Hourly,2665,No,Rents,20,29,55,12,7,SPECIALIST OFFICE VISIT,IN-NETWORK,CO-PAY IN $,40,200,0,25,40,2,20,low,high,RISK,2
2,3,3,1,Hourly,4144,No,Owns,23,26,51,12,7,SPECIALIST OFFICE VISIT,IN-NETWORK,CO-PAY IN $,0,200,25,40,40,2,20,low,high,RISK,2
2,2,3,1,Hourly,2547,Yes,Owns,32,36,62,12,7,SPECIALIST OFFICE VISIT,IN-NETWORK,CO-PAY IN $,25,40,200,0,40,2,20,low,high,RISK,2
2,1,2,1,Hourly,152,Yes,Owns,34,38,64,12,7,SPECIALIST OFFICE VISIT,IN-NETWORK,CO-PAY IN $,40,0,25,200,40,2,20,low,high,RISK,2
1,1,1,1,Bonus,2909,Yes,Rents,23,31,55,12,7,SPECIALIST OFFICE VISIT,IN-NETWORK,CO-PAY IN $,0,40,200,25,40,2,20,low,high,RISK,2
3,3,2,2,Bonus,2404,Yes,Owns,27,31,59,12,7,SPECIALIST OFFICE VISIT,IN-NETWORK,CO-PAY IN $,200,25,0,40,40,2,20,low,high,RISK,2
3,1,2,3,Bonus,144,Yes,Owns,24,47,55,12,7,SPECIALIST OFFICE VISIT,IN-NETWORK,CO-PAY IN $,200,0,25,40,40,2,20,low,high,RISK,2
3,1,2,1,Hourly,2250,No,Owns,26,41,60,12,7,SPECIALIST OFFICE VISIT,IN-NETWORK,CO-PAY IN $,40,0,200,25,40,2,20,low,high,RISK,2
3,1,1,1,Hourly,4826,No,Owns,25,35,73,12,7,SPECIALIST OFFICE VISIT,IN-NETWORK,CO-PAY IN $,25,200,0,40,40,2,20,low,high,RISK,2
2,2,1,1,Salaried,792,No,Owns,28,24,60,12,7,SPECIALIST OFFICE VISIT,IN-NETWORK,CO-PAY IN $,40,0,25,200,40,2,20,low,high,RISK,2
1,3,1,2,Hourly,3429,No,Rents,34,43,57,12,7,SPECIALIST OFFICE VISIT,IN-NETWORK,CO-PAY IN $,40,0,25,200,40,2,20,low,high,RISK,2
1,3,1,2,Hourly,1596,Yes,Owns,27,25,52,12,7,SPECIALIST OFFICE VISIT,IN-NETWORK,CO-PAY IN $,25,200,40,0,40,2,20,low,high,RISK,2
2,3,3,1,Salaried,83,Yes,Owns,19,50,53,12,7,SPECIALIST OFFICE VISIT,IN-NETWORK,CO-PAY IN $,40,200,0,25,40,2,20,low,high,RISK,2
2,3,1,3,Salaried,3601,No,Owns,17,31,54,12,7,SPECIALIST OFFICE VISIT,IN-NETWORK,CO-PAY IN $,25,40,0,200,40,2,20,low,high,RISK,2
2,2,1,2,Bonus,861,No,Owns,34,26,75,12,7,SPECIALIST OFFICE VISIT,IN-NETWORK,CO-PAY IN $,40,200,0,25,40,2,20,low,high,RISK,2
1,3,3,3,Salaried,2240,Yes,Rents,35,49,60,12,7,SPECIALIST OFFICE VISIT,IN-NETWORK,CO-PAY IN $,200,40,0,25,40,2,20,low,high,RISK,2
1,1,1,1,Hourly,2384,No,Rents,17,40,57,12,7,SPECIALIST OFFICE VISIT,IN-NETWORK,CO-PAY IN $,0,200,40,25,40,2,20,low,high,RISK,2
1,1,1,1,Bonus,2363,Yes,Rents,29,36,56,12,7,SPECIALIST OFFICE VISIT,IN-NETWORK,CO-PAY IN $,0,40,200,25,40,2,20,low,high,RISK,2
2,1,3,1,Salaried,4539,No,Owns,24,49,59,12,7,SPECIALIST OFFICE VISIT,IN-NETWORK,CO-PAY IN $,25,0,40,200,40,2,20,low,high,RISK,2
2,1,1,1,Bonus,489,No,Rents,23,20,55,12,7,SPECIALIST OFFICE VISIT,IN-NETWORK,CO-PAY IN $,0,25,200,40,40,2,20,low,high,RISK,2
2,3,1,3,Bonus,4623,Yes,Owns,19,48,52,12,7,SPECIALIST OFFICE VISIT,IN-NETWORK,CO-PAY IN $,200,25,0,40,40,2,20,low,high,RISK,2
2,1,1,1,Salaried,153,Yes,Owns,15,33,56,12,7,SPECIALIST OFFICE VISIT,IN-NETWORK,CO-PAY IN $,200,0,40,25,40,2,20,low,high,RISK,2
1,3,3,2,Salaried,3954,No,Owns,17,23,53,12,7,SPECIALIST OFFICE VISIT,IN-NETWORK,CO-PAY IN $,40,25,200,0,40,2,20,low,high,RISK,2
1,2,1,1,Salaried,4742,No,Rents,15,38,56,12,7,SPECIALIST OFFICE VISIT,IN-NETWORK,CO-PAY IN $,25,40,200,0,40,2,20,low,high,RISK,2
1,1,1,2,Hourly,3289,No,Rents,35,24,64,12,7,SPECIALIST OFFICE VISIT,IN-NETWORK,CO-PAY IN $,200,40,25,0,40,2,20,low,high,RISK,2
1,1,2,2,Bonus,3409,Yes,Rents,30,29,55,12,7,SPECIALIST OFFICE VISIT,IN-NETWORK,CO-PAY IN $,25,0,40,200,40,2,20,low,high,RISK,2
1,1,3,2,Bonus,3179,No,Rents,21,26,51,12,7,SPECIALIST OFFICE VISIT,IN-NETWORK,CO-PAY IN $,40,25,0,200,40,2,20,low,high,RISK,2
1,1,1,2,Bonus,4271,No,Rents,22,36,62,12,7,SPECIALIST OFFICE VISIT,IN-NETWORK,CO-PAY IN $,200,40,0,25,40,2,20,low,high,RISK,2
1,1,1,1,Hourly,4605,Yes,Rents,24,38,64,12,7,SPECIALIST OFFICE VISIT,IN-NETWORK,CO-PAY IN $,0,40,25,200,40,2,20,low,high,RISK,2
1,3,3,3,Salaried,3042,Yes,Rents,16,31,55,12,7,SPECIALIST OFFICE VISIT,IN-NETWORK,CO-PAY IN $,40,200,0,25,40,2,20,low,high,RISK,2
1,3,3,1,Hourly,170,No,Rents,37,31,59,12,7,SPECIALIST OFFICE VISIT,IN-NETWORK,CO-PAY IN $,40,200,0,25,40,2,20,low,high,RISK,2
1,1,1,3,Salaried,2062,No,Rents,20,47,55,12,7,SPECIALIST OFFICE VISIT,IN-NETWORK,CO-PAY IN $,200,25,40,0,40,2,20,low,high,RISK,2
2,2,3,3,Bonus,1962,No,Rents,15,41,60,12,7,SPECIALIST OFFICE VISIT,IN-NETWORK,CO-PAY IN $,200,0,40,25,40,2,20,low,high,RISK,2
1,1,1,1,Bonus,1006,No,Owns,27,35,73,12,7,SPECIALIST OFFICE VISIT,IN-NETWORK,CO-PAY IN $,0,200,25,40,40,2,20,low,high,RISK,2
1,3,2,3,Salaried,4555,No,Rents,20,24,60,12,7,SPECIALIST OFFICE VISIT,IN-NETWORK,CO-PAY IN $,40,25,200,0,40,2,20,low,high,RISK,2
3,1,2,1,Bonus,458,No,Rents,25,43,57,12,7,SPECIALIST OFFICE VISIT,IN-NETWORK,CO-PAY IN $,200,40,0,25,40,2,20,low,high,RISK,2
3,1,3,1,Hourly,1593,No,Owns,16,25,52,12,7,SPECIALIST OFFICE VISIT,IN-NETWORK,CO-PAY IN $,0,200,40,25,40,2,20,low,high,RISK,2
1,3,1,2,Hourly,4519,Yes,Owns,26,50,53,12,7,SPECIALIST OFFICE VISIT,IN-NETWORK,CO-PAY IN $,40,25,0,200,40,2,20,low,high,RISK,2
1,2,1,1,Bonus,2639,No,Rents,16,31,54,12,7,SPECIALIST OFFICE VISIT,IN-NETWORK,CO-PAY IN $,25,40,200,0,40,2,20,low,high,RISK,2
1,1,3,1,Hourly,2563,Yes,Rents,35,26,75,12,7,SPECIALIST OFFICE VISIT,IN-NETWORK,CO-PAY IN $,40,25,0,200,40,2,20,low,high,RISK,2
1,2,3,2,Bonus,2810,Yes,Owns,35,49,60,12,7,SPECIALIST OFFICE VISIT,IN-NETWORK,CO-PAY IN $,200,25,0,40,40,2,20,low,high,RISK,2
2,2,1,2,Hourly,2954,Yes,Owns,39,40,57,12,7,SPECIALIST OFFICE VISIT,IN-NETWORK,CO-PAY IN $,0,200,40,25,40,2,20,low,high,RISK,2
2,1,3,1,Hourly,2299,Yes,Owns,31,36,56,12,7,SPECIALIST OFFICE VISIT,IN-NETWORK,CO-PAY IN $,40,25,200,0,40,2,20,low,high,RISK,2
1,1,2,3,Hourly,1155,No,Rents,16,49,59,12,7,SPECIALIST OFFICE VISIT,IN-NETWORK,CO-PAY IN $,40,25,200,0,40,2,20,low,high,RISK,2
2,1,3,1,Bonus,1856,Yes,Rents,31,20,55,12,7,SPECIALIST OFFICE VISIT,IN-NETWORK,CO-PAY IN $,40,200,25,0,40,2,20,low,high,RISK,2
3,2,2,1,Salaried,3352,Yes,Rents,18,48,52,12,7,SPECIALIST OFFICE VISIT,IN-NETWORK,CO-PAY IN $,40,0,25,200,40,2,20,low,high,RISK,2
3,1,1,2,Hourly,3735,Yes,Owns,34,33,56,12,7,SPECIALIST OFFICE VISIT,IN-NETWORK,CO-PAY IN $,25,0,200,40,40,2,20,low,high,RISK,2
3,2,1,3,Salaried,1125,Yes,Rents,18,23,53,12,7,SPECIALIST OFFICE VISIT,IN-NETWORK,CO-PAY IN $,40,0,25,200,40,2,20,low,high,RISK,2
3,1,2,1,Bonus,4695,No,Owns,15,38,56,12,7,SPECIALIST OFFICE VISIT,IN-NETWORK,CO-PAY IN $,25,40,0,200,40,2,20,low,high,RISK,2
2,2,2,2,Salaried,1210,No,Rents,38,24,64,12,7,SPECIALIST OFFICE VISIT,IN-NETWORK,CO-PAY IN $,0,25,40,200,40,2,20,low,high,RISK,2
2,3,2,1,Bonus,3149,No,Owns,17,29,55,12,7,SPECIALIST OFFICE VISIT,IN-NETWORK,CO-PAY IN $,40,0,25,200,40,2,20,low,high,RISK,2
2,2,2,2,Bonus,3757,No,Rents,18,26,51,12,7,SPECIALIST OFFICE VISIT,IN-NETWORK,CO-PAY IN $,200,25,40,0,40,2,20,low,high,RISK,2
3,1,3,2,Salaried,4038,Yes,Rents,28,36,62,12,7,SPECIALIST OFFICE VISIT,IN-NETWORK,CO-PAY IN $,40,0,200,25,40,2,20,low,high,RISK,2
1,1,1,3,Bonus,381,No,Owns,20,38,64,12,7,SPECIALIST OFFICE VISIT,IN-NETWORK,CO-PAY IN $,40,25,0,200,40,2,20,low,high,RISK,2
1,1,1,2,Hourly,2879,Yes,Rents,37,31,55,12,7,SPECIALIST OFFICE VISIT,IN-NETWORK,CO-PAY IN $,25,40,200,0,40,2,20,low,high,RISK,2
1,3,2,1,Hourly,3337,No,Rents,18,47,55,12,7,SPECIALIST OFFICE VISIT,IN-NETWORK,CO-PAY IN $,40,25,0,200,40,2,20,low,high,RISK,2
2,2,1,2,Hourly,874,No,Owns,38,41,60,12,7,SPECIALIST OFFICE VISIT,IN-NETWORK,CO-PAY IN $,200,25,0,40,40,2,20,low,high,RISK,2
1,2,1,1,Hourly,4470,Yes,Owns,16,35,73,12,7,SPECIALIST OFFICE VISIT,IN-NETWORK,CO-PAY IN $,25,200,40,0,40,2,20,low,high,RISK,2
3,1,3,1,Hourly,3252,Yes,Owns,24,24,60,12,7,SPECIALIST OFFICE VISIT,IN-NETWORK,CO-PAY IN $,25,0,200,40,40,2,20,low,high,RISK,2
1,3,1,2,Hourly,176,Yes,Rents,23,43,57,12,7,SPECIALIST OFFICE VISIT,IN-NETWORK,CO-PAY IN $,200,40,0,25,40,2,20,low,high,RISK,2
2,1,3,1,Hourly,3681,Yes,Owns,17,25,52,12,7,SPECIALIST OFFICE VISIT,IN-NETWORK,CO-PAY IN $,40,0,200,25,40,2,20,low,high,RISK,2
1,3,2,3,Hourly,1019,Yes,Owns,35,50,53,12,7,SPECIALIST OFFICE VISIT,IN-NETWORK,CO-PAY IN $,25,40,0,200,40,2,20,low,high,RISK,2
1,3,2,1,Bonus,4493,Yes,Owns,39,31,54,12,7,SPECIALIST OFFICE VISIT,IN-NETWORK,CO-PAY IN $,200,0,25,40,40,2,20,low,high,RISK,2
1,3,3,1,Salaried,1012,Yes,Owns,34,26,75,12,7,SPECIALIST OFFICE VISIT,IN-NETWORK,CO-PAY IN $,200,40,0,25,40,2,20,low,high,RISK,2
1,1,2,1,Bonus,1248,Yes,Rents,18,49,60,12,7,SPECIALIST OFFICE VISIT,IN-NETWORK,CO-PAY IN $,0,200,40,25,40,2,20,low,high,RISK,2
1,1,2,1,Salaried,1214,No,Owns,17,40,57,12,7,SPECIALIST OFFICE VISIT,IN-NETWORK,CO-PAY IN $,40,25,0,200,40,2,20,low,high,RISK,2
2,1,1,1,Salaried,2852,Yes,Rents,18,36,56,12,7,SPECIALIST OFFICE VISIT,IN-NETWORK,CO-PAY IN $,200,25,0,40,40,2,20,low,high,RISK,2
2,1,1,1,Bonus,1440,Yes,Owns,24,49,59,12,7,SPECIALIST OFFICE VISIT,IN-NETWORK,CO-PAY IN $,25,0,200,40,40,2,20,low,high,RISK,2
3,1,3,1,Bonus,2951,No,Owns,26,20,55,12,7,SPECIALIST OFFICE VISIT,IN-NETWORK,CO-PAY IN $,40,25,200,0,40,2,20,low,high,RISK,2
4,3,2,4,Salaried,4377,No,Rents,46,73,76,12,8,SPECIALIST OFFICE VISIT,IN-NETWORK,CO-PAY IN $,25,40,0,200,25,3,50,low,high,RISK,2
2,3,4,2,Salaried,1919,No,Owns,48,61,80,12,8,SPECIALIST OFFICE VISIT,IN-NETWORK,CO-PAY IN $,40,0,200,25,25,3,50,low,high,RISK,2
4,4,3,2,Salaried,4671,Yes,Rents,57,53,77,12,8,SPECIALIST OFFICE VISIT,IN-NETWORK,CO-PAY IN $,0,25,40,200,25,3,50,low,high,RISK,2
4,4,2,2,Bonus,1139,No,Owns,52,65,80,12,8,SPECIALIST OFFICE VISIT,IN-NETWORK,CO-PAY IN $,200,25,40,0,25,3,50,low,high,RISK,2
3,4,4,3,Bonus,3085,No,Rents,45,54,88,12,8,SPECIALIST OFFICE VISIT,IN-NETWORK,CO-PAY IN $,0,25,200,40,25,3,50,low,high,RISK,2
3,4,4,3,Salaried,912,Yes,Rents,61,58,79,12,8,SPECIALIST OFFICE VISIT,IN-NETWORK,CO-PAY IN $,200,25,0,40,25,3,50,low,high,RISK,2
4,3,4,3,Hourly,3561,Yes,Owns,51,56,75,12,8,SPECIALIST OFFICE VISIT,IN-NETWORK,CO-PAY IN $,40,200,25,0,25,3,50,low,high,RISK,2
4,4,2,2,Hourly,4350,No,Rents,40,64,87,12,8,SPECIALIST OFFICE VISIT,IN-NETWORK,CO-PAY IN $,25,0,200,40,25,3,50,low,high,RISK,2
4,4,4,4,Salaried,3664,No,Owns,39,65,88,12,8,SPECIALIST OFFICE VISIT,IN-NETWORK,CO-PAY IN $,0,25,200,40,25,3,50,low,high,RISK,2
2,3,3,3,Bonus,1972,Yes,Owns,62,60,80,12,8,SPECIALIST OFFICE VISIT,IN-NETWORK,CO-PAY IN $,200,40,25,0,25,3,50,low,high,RISK,2
3,2,4,4,Salaried,1235,Yes,Rents,55,60,83,12,8,SPECIALIST OFFICE VISIT,IN-NETWORK,CO-PAY IN $,40,200,25,0,25,3,50,low,high,RISK,2
2,4,3,3,Bonus,2294,Yes,Owns,47,72,79,12,8,SPECIALIST OFFICE VISIT,IN-NETWORK,CO-PAY IN $,40,200,25,0,25,3,50,low,high,RISK,2
2,3,4,3,Salaried,4592,Yes,Rents,62,68,84,12,8,SPECIALIST OFFICE VISIT,IN-NETWORK,CO-PAY IN $,40,25,200,0,25,3,50,low,high,RISK,2
3,3,3,4,Hourly,2183,Yes,Owns,37,63,98,12,8,SPECIALIST OFFICE VISIT,IN-NETWORK,CO-PAY IN $,200,25,0,40,25,3,50,low,high,RISK,2
3,3,4,3,Salaried,1622,Yes,Rents,42,55,84,12,8,SPECIALIST OFFICE VISIT,IN-NETWORK,CO-PAY IN $,25,0,40,200,25,3,50,low,high,RISK,2
3,4,3,4,Salaried,4259,Yes,Rents,37,70,81,12,8,SPECIALIST OFFICE VISIT,IN-NETWORK,CO-PAY IN $,25,200,40,0,25,3,50,low,high,RISK,2
4,3,3,4,Salaried,4138,No,Owns,62,55,76,12,8,SPECIALIST OFFICE VISIT,IN-NETWORK,CO-PAY IN $,40,25,200,0,25,3,50,low,high,RISK,2
4,3,4,4,Bonus,2742,No,Owns,64,75,77,12,8,SPECIALIST OFFICE VISIT,IN-NETWORK,CO-PAY IN $,40,25,0,200,25,3,50,low,high,RISK,2
3,3,3,4,Bonus,4027,Yes,Rents,43,60,78,12,8,SPECIALIST OFFICE VISIT,IN-NETWORK,CO-PAY IN $,0,25,200,40,25,3,50,low,high,RISK,2
4,4,2,2,Bonus,3643,No,Rents,59,56,100,12,8,SPECIALIST OFFICE VISIT,IN-NETWORK,CO-PAY IN $,40,0,25,200,25,3,50,low,high,RISK,2
4,2,4,2,Salaried,1855,No,Rents,63,74,85,12,8,SPECIALIST OFFICE VISIT,IN-NETWORK,CO-PAY IN $,25,40,200,0,25,3,50,low,high,RISK,2
3,4,2,3,Bonus,4199,No,Owns,57,67,81,12,8,SPECIALIST OFFICE VISIT,IN-NETWORK,CO-PAY IN $,40,0,25,200,25,3,50,low,high,RISK,2
3,4,3,2,Salaried,358,No,Rents,50,64,80,12,8,SPECIALIST OFFICE VISIT,IN-NETWORK,CO-PAY IN $,40,25,200,0,25,3,50,low,high,RISK,2
4,3,4,3,Salaried,2175,No,Owns,59,75,83,12,8,SPECIALIST OFFICE VISIT,IN-NETWORK,CO-PAY IN $,25,40,200,0,25,3,50,low,high,RISK,2
4,4,2,2,Bonus,2804,No,Owns,48,51,79,12,8,SPECIALIST OFFICE VISIT,IN-NETWORK,CO-PAY IN $,40,0,25,200,25,3,50,low,high,RISK,2
4,4,4,4,Bonus,2793,Yes,Owns,63,73,76,12,8,SPECIALIST OFFICE VISIT,IN-NETWORK,CO-PAY IN $,0,40,200,25,25,3,50,low,high,RISK,2
4,3,4,2,Salaried,1366,No,Owns,56,61,80,12,8,SPECIALIST OFFICE VISIT,IN-NETWORK,CO-PAY IN $,200,40,25,0,25,3,50,low,high,RISK,2
2,4,4,4,Salaried,3990,No,Rents,53,53,77,12,8,SPECIALIST OFFICE VISIT,IN-NETWORK,CO-PAY IN $,40,0,25,200,25,3,50,low,high,RISK,2
2,4,3,3,Salaried,1625,No,Owns,60,65,80,12,8,SPECIALIST OFFICE VISIT,IN-NETWORK,CO-PAY IN $,40,200,0,25,25,3,50,low,high,RISK,2
4,4,3,3,Hourly,1178,No,Owns,35,54,88,12,8,SPECIALIST OFFICE VISIT,IN-NETWORK,CO-PAY IN $,40,25,200,0,25,3,50,low,high,RISK,2
3,3,2,2,Hourly,2665,No,Rents,41,58,79,12,8,SPECIALIST OFFICE VISIT,IN-NETWORK,CO-PAY IN $,40,25,0,200,25,3,50,low,high,RISK,2
4,4,4,2,Hourly,4144,No,Owns,44,56,75,12,8,SPECIALIST OFFICE VISIT,IN-NETWORK,CO-PAY IN $,200,40,25,0,25,3,50,low,high,RISK,2
3,3,4,3,Hourly,2547,Yes,Owns,55,64,87,12,8,SPECIALIST OFFICE VISIT,IN-NETWORK,CO-PAY IN $,40,0,200,25,25,3,50,low,high,RISK,2
4,3,4,2,Hourly,152,Yes,Owns,58,65,88,12,8,SPECIALIST OFFICE VISIT,IN-NETWORK,CO-PAY IN $,200,25,0,40,25,3,50,low,high,RISK,2
3,2,2,3,Bonus,2909,Yes,Rents,45,60,80,12,8,SPECIALIST OFFICE VISIT,IN-NETWORK,CO-PAY IN $,25,0,40,200,25,3,50,low,high,RISK,2
4,4,3,3,Bonus,2404,Yes,Owns,49,60,83,12,8,SPECIALIST OFFICE VISIT,IN-NETWORK,CO-PAY IN $,25,200,0,40,25,3,50,low,high,RISK,2
4,2,4,4,Bonus,144,Yes,Owns,46,72,79,12,8,SPECIALIST OFFICE VISIT,IN-NETWORK,CO-PAY IN $,0,200,25,40,25,3,50,low,high,RISK,2
4,2,4,2,Hourly,2250,No,Owns,48,68,84,12,8,SPECIALIST OFFICE VISIT,IN-NETWORK,CO-PAY IN $,200,0,40,25,25,3,50,low,high,RISK,2
4,3,3,3,Hourly,4826,No,Owns,47,63,98,12,8,SPECIALIST OFFICE VISIT,IN-NETWORK,CO-PAY IN $,25,200,0,40,25,3,50,low,high,RISK,2
4,4,2,3,Salaried,792,No,Owns,50,55,84,12,8,SPECIALIST OFFICE VISIT,IN-NETWORK,CO-PAY IN $,200,40,0,25,25,3,50,low,high,RISK,2
2,4,2,3,Hourly,3429,No,Rents,58,70,81,12,8,SPECIALIST OFFICE VISIT,IN-NETWORK,CO-PAY IN $,0,25,40,200,25,3,50,low,high,RISK,2
3,4,3,4,Hourly,1596,Yes,Owns,50,55,76,12,8,SPECIALIST OFFICE VISIT,IN-NETWORK,CO-PAY IN $,0,25,200,40,25,3,50,low,high,RISK,2
4,4,4,3,Salaried,83,Yes,Owns,40,75,77,12,8,SPECIALIST OFFICE VISIT,IN-NETWORK,CO-PAY IN $,0,25,200,40,25,3,50,low,high,RISK,2
4,4,3,4,Salaried,3601,No,Owns,38,60,78,12,8,SPECIALIST OFFICE VISIT,IN-NETWORK,CO-PAY IN $,25,40,0,200,25,3,50,low,high,RISK,2
3,4,2,4,Bonus,861,No,Owns,58,56,100,12,8,SPECIALIST OFFICE VISIT,IN-NETWORK,CO-PAY IN $,0,25,40,200,25,3,50,low,high,RISK,2
2,4,4,4,Salaried,2240,Yes,Rents,59,74,85,12,8,SPECIALIST OFFICE VISIT,IN-NETWORK,CO-PAY IN $,25,40,0,200,25,3,50,low,high,RISK,2
3,3,2,2,Hourly,2384,No,Rents,37,67,81,12,8,SPECIALIST OFFICE VISIT,IN-NETWORK,CO-PAY IN $,200,40,25,0,25,3,50,low,high,RISK,2
2,2,3,3,Bonus,2363,Yes,Rents,52,64,80,12,8,SPECIALIST OFFICE VISIT,IN-NETWORK,CO-PAY IN $,200,0,25,40,25,3,50,low,high,RISK,2
3,3,4,2,Salaried,4539,No,Owns,45,75,83,12,8,SPECIALIST OFFICE VISIT,IN-NETWORK,CO-PAY IN $,0,40,200,25,25,3,50,low,high,RISK,2
3,3,2,2,Bonus,489,No,Rents,45,51,79,12,8,SPECIALIST OFFICE VISIT,IN-NETWORK,CO-PAY IN $,200,0,25,40,25,3,50,low,high,RISK,2
4,4,2,4,Bonus,4623,Yes,Owns,40,73,76,12,8,SPECIALIST OFFICE VISIT,IN-NETWORK,CO-PAY IN $,0,200,40,25,25,3,50,low,high,RISK,2
3,3,3,2,Salaried,153,Yes,Owns,36,61,80,12,8,SPECIALIST OFFICE VISIT,IN-NETWORK,CO-PAY IN $,25,200,0,40,25,3,50,low,high,RISK,2
3,4,4,4,Salaried,3954,No,Owns,38,53,77,12,8,SPECIALIST OFFICE VISIT,IN-NETWORK,CO-PAY IN $,40,25,0,200,25,3,50,low,high,RISK,2
3,3,2,3,Salaried,4742,No,Rents,35,65,80,12,8,SPECIALIST OFFICE VISIT,IN-NETWORK,CO-PAY IN $,0,40,25,200,25,3,50,low,high,RISK,2
2,2,2,3,Hourly,3289,No,Rents,59,54,88,12,8,SPECIALIST OFFICE VISIT,IN-NETWORK,CO-PAY IN $,40,200,0,25,25,3,50,low,high,RISK,2
2,2,3,3,Bonus,3409,Yes,Rents,54,58,79,12,8,SPECIALIST OFFICE VISIT,IN-NETWORK,CO-PAY IN $,40,0,200,25,25,3,50,low,high,RISK,2
3,3,4,3,Bonus,3179,No,Rents,42,56,75,12,8,SPECIALIST OFFICE VISIT,IN-NETWORK,CO-PAY IN $,0,200,25,40,25,3,50,low,high,RISK,2
3,3,2,4,Bonus,4271,No,Rents,43,64,87,12,8,SPECIALIST OFFICE VISIT,IN-NETWORK,CO-PAY IN $,0,25,40,200,25,3,50,low,high,RISK,2
3,3,3,2,Hourly,4605,Yes,Rents,46,65,88,12,8,SPECIALIST OFFICE VISIT,IN-NETWORK,CO-PAY IN $,40,0,25,200,25,3,50,low,high,RISK,2
2,4,4,4,Salaried,3042,Yes,Rents,37,60,80,12,8,SPECIALIST OFFICE VISIT,IN-NETWORK,CO-PAY IN $,25,0,40,200,25,3,50,low,high,RISK,2
2,4,4,3,Hourly,170,No,Rents,61,60,83,12,8,SPECIALIST OFFICE VISIT,IN-NETWORK,CO-PAY IN $,25,0,40,200,25,3,50,low,high,RISK,2
2,3,3,4,Salaried,2062,No,Rents,40,72,79,12,8,SPECIALIST OFFICE VISIT,IN-NETWORK,CO-PAY IN $,25,0,40,200,25,3,50,low,high,RISK,2
4,4,4,4,Bonus,1962,No,Rents,35,68,84,12,8,SPECIALIST OFFICE VISIT,IN-NETWORK,CO-PAY IN $,0,200,40,25,25,3,50,low,high,RISK,2
2,2,3,2,Bonus,1006,No,Owns,50,63,98,12,8,SPECIALIST OFFICE VISIT,IN-NETWORK,CO-PAY IN $,0,25,200,40,25,3,50,low,high,RISK,2
2,4,3,4,Salaried,4555,No,Rents,42,55,84,12,8,SPECIALIST OFFICE VISIT,IN-NETWORK,CO-PAY IN $,200,25,40,0,25,3,50,low,high,RISK,2
4,3,4,3,Bonus,458,No,Rents,46,70,81,12,8,SPECIALIST OFFICE VISIT,IN-NETWORK,CO-PAY IN $,200,0,25,40,25,3,50,low,high,RISK,2
4,3,4,3,Hourly,1593,No,Owns,36,55,76,12,8,SPECIALIST OFFICE VISIT,IN-NETWORK,CO-PAY IN $,40,200,25,0,25,3,50,low,high,RISK,2
3,4,2,3,Hourly,4519,Yes,Owns,48,75,77,12,8,SPECIALIST OFFICE VISIT,IN-NETWORK,CO-PAY IN $,200,40,25,0,25,3,50,low,high,RISK,2
2,4,3,3,Bonus,2639,No,Rents,36,60,78,12,8,SPECIALIST OFFICE VISIT,IN-NETWORK,CO-PAY IN $,40,25,0,200,25,3,50,low,high,RISK,2
2,3,4,3,Hourly,2563,Yes,Rents,59,56,100,12,8,SPECIALIST OFFICE VISIT,IN-NETWORK,CO-PAY IN $,0,200,40,25,25,3,50,low,high,RISK,2
3,4,4,4,Bonus,2810,Yes,Owns,58,74,85,12,8,SPECIALIST OFFICE VISIT,IN-NETWORK,CO-PAY IN $,40,25,200,0,25,3,50,low,high,RISK,2
3,4,3,4,Hourly,2954,Yes,Owns,64,67,81,12,8,SPECIALIST OFFICE VISIT,IN-NETWORK,CO-PAY IN $,200,25,0,40,25,3,50,low,high,RISK,2
3,2,4,3,Hourly,2299,Yes,Owns,54,64,80,12,8,SPECIALIST OFFICE VISIT,IN-NETWORK,CO-PAY IN $,200,40,25,0,25,3,50,low,high,RISK,2
2,3,4,4,Hourly,1155,No,Rents,37,75,83,12,8,SPECIALIST OFFICE VISIT,IN-NETWORK,CO-PAY IN $,40,0,200,25,25,3,50,low,high,RISK,2
4,2,4,3,Bonus,1856,Yes,Rents,55,51,79,12,8,SPECIALIST OFFICE VISIT,IN-NETWORK,CO-PAY IN $,0,200,40,25,25,3,50,low,high,RISK,2
4,4,3,3,Salaried,3352,Yes,Rents,38,73,76,12,8,SPECIALIST OFFICE VISIT,IN-NETWORK,CO-PAY IN $,25,40,0,200,25,3,50,low,high,RISK,2
4,3,2,3,Hourly,3735,Yes,Owns,58,61,80,12,8,SPECIALIST OFFICE VISIT,IN-NETWORK,CO-PAY IN $,0,200,40,25,25,3,50,low,high,RISK,2
4,3,3,4,Salaried,1125,Yes,Rents,38,53,77,12,8,SPECIALIST OFFICE VISIT,IN-NETWORK,CO-PAY IN $,40,200,25,0,25,3,50,low,high,RISK,2
4,2,4,2,Bonus,4695,No,Owns,35,65,80,12,8,SPECIALIST OFFICE VISIT,IN-NETWORK,CO-PAY IN $,25,0,40,200,25,3,50,low,high,RISK,2
3,3,3,4,Salaried,1210,No,Rents,62,54,88,12,8,SPECIALIST OFFICE VISIT,IN-NETWORK,CO-PAY IN $,25,200,40,0,25,3,50,low,high,RISK,2
4,4,4,2,Bonus,3149,No,Owns,37,58,79,12,8,SPECIALIST OFFICE VISIT,IN-NETWORK,CO-PAY IN $,200,25,40,0,25,3,50,low,high,RISK,2
4,3,4,4,Bonus,3757,No,Rents,38,56,75,12,8,SPECIALIST OFFICE VISIT,IN-NETWORK,CO-PAY IN $,40,25,0,200,25,3,50,low,high,RISK,2
4,3,4,4,Salaried,4038,Yes,Rents,51,64,87,12,8,SPECIALIST OFFICE VISIT,IN-NETWORK,CO-PAY IN $,25,200,40,0,25,3,50,low,high,RISK,2
2,3,3,4,Bonus,381,No,Owns,41,65,88,12,8,SPECIALIST OFFICE VISIT,IN-NETWORK,CO-PAY IN $,200,25,40,0,25,3,50,low,high,RISK,2
3,3,3,3,Hourly,2879,Yes,Rents,61,60,80,12,8,SPECIALIST OFFICE VISIT,IN-NETWORK,CO-PAY IN $,40,0,25,200,25,3,50,low,high,RISK,2
4,4,3,2,Hourly,2246,No,Owns,62,60,83,12,8,SPECIALIST OFFICE VISIT,IN-NETWORK,CO-PAY IN $,25,200,0,40,25,3,50,low,high,RISK,2
2,4,3,2,Hourly,3337,No,Rents,39,72,79,12,8,SPECIALIST OFFICE VISIT,IN-NETWORK,CO-PAY IN $,0,25,40,200,25,3,50,low,high,RISK,2
4,3,3,4,Hourly,874,No,Owns,63,68,84,12,8,SPECIALIST OFFICE VISIT,IN-NETWORK,CO-PAY IN $,0,200,40,25,25,3,50,low,high,RISK,2
3,4,2,3,Hourly,4470,Yes,Owns,36,63,98,12,8,SPECIALIST OFFICE VISIT,IN-NETWORK,CO-PAY IN $,200,40,0,25,25,3,50,low,high,RISK,2
4,3,4,3,Hourly,3252,Yes,Owns,46,55,84,12,8,SPECIALIST OFFICE VISIT,IN-NETWORK,CO-PAY IN $,200,25,40,0,25,3,50,low,high,RISK,2
3,4,2,3,Hourly,176,Yes,Rents,45,70,81,12,8,SPECIALIST OFFICE VISIT,IN-NETWORK,CO-PAY IN $,40,0,200,25,25,3,50,low,high,RISK,2
4,3,4,2,Hourly,3681,Yes,Owns,38,55,76,12,8,SPECIALIST OFFICE VISIT,IN-NETWORK,CO-PAY IN $,25,40,0,200,25,3,50,low,high,RISK,2
3,4,4,3,Bonus,4493,Yes,Owns,64,60,78,12,8,SPECIALIST OFFICE VISIT,IN-NETWORK,CO-PAY IN $,40,200,0,25,25,3,50,low,high,RISK,2
3,4,4,2,Salaried,1012,Yes,Owns,58,56,100,12,8,SPECIALIST OFFICE VISIT,IN-NETWORK,CO-PAY IN $,200,25,40,0,25,3,50,low,high,RISK,2
2,2,4,3,Bonus,1248,Yes,Rents,39,74,85,12,8,SPECIALIST OFFICE VISIT,IN-NETWORK,CO-PAY IN $,40,25,0,200,25,3,50,low,high,RISK,2
2,3,3,3,Salaried,1214,No,Owns,37,67,81,12,8,SPECIALIST OFFICE VISIT,IN-NETWORK,CO-PAY IN $,0,25,40,200,25,3,50,low,high,RISK,2
4,3,3,2,Salaried,2852,Yes,Rents,38,64,80,12,8,SPECIALIST OFFICE VISIT,IN-NETWORK,CO-PAY IN $,40,200,25,0,25,3,50,low,high,RISK,2
3,3,2,2,Bonus,1440,Yes,Owns,46,75,83,12,8,SPECIALIST OFFICE VISIT,IN-NETWORK,CO-PAY IN $,0,25,40,200,25,3,50,low,high,RISK,2
4,2,4,3,Bonus,2951,No,Owns,48,51,79,12,8,SPECIALIST OFFICE VISIT,IN-NETWORK,CO-PAY IN $,200,0,25,40,25,3,50,low,high,RISK,2
1,0,0,1,Salaried,4377,No,Rents,4,9,1,12,9,SPECIALIST OFFICE VISIT,IN-NETWORK,CO-PAY IN $,0,25,200,40,40,2,5,high,low,RISK,3
0,0,1,0,Salaried,1919,No,Owns,4,4,5,12,9,SPECIALIST OFFICE VISIT,IN-NETWORK,CO-PAY IN $,200,40,0,25,40,2,5,high,low,RISK,3
0,0,0,0,Salaried,4671,Yes,Rents,7,1,2,12,9,SPECIALIST OFFICE VISIT,IN-NETWORK,CO-PAY IN $,200,25,0,40,40,2,5,high,low,RISK,3
1,1,0,0,Bonus,1139,No,Owns,6,6,5,12,9,SPECIALIST OFFICE VISIT,IN-NETWORK,CO-PAY IN $,200,0,25,40,40,2,5,high,low,RISK,3
0,1,1,0,Bonus,3085,No,Rents,3,1,13,12,9,SPECIALIST OFFICE VISIT,IN-NETWORK,CO-PAY IN $,25,0,200,40,40,2,5,high,low,RISK,3
0,1,1,0,Salaried,912,Yes,Rents,9,3,4,12,9,SPECIALIST OFFICE VISIT,IN-NETWORK,CO-PAY IN $,200,0,25,40,40,2,5,high,low,RISK,3
1,0,1,0,Hourly,3561,Yes,Owns,5,2,0,12,9,SPECIALIST OFFICE VISIT,IN-NETWORK,CO-PAY IN $,25,200,40,0,40,2,5,high,low,RISK,3
1,1,0,0,Hourly,4350,No,Rents,2,5,12,12,9,SPECIALIST OFFICE VISIT,IN-NETWORK,CO-PAY IN $,40,200,0,25,40,2,5,high,low,RISK,3
1,1,0,1,Salaried,3664,No,Owns,1,6,13,12,9,SPECIALIST OFFICE VISIT,IN-NETWORK,CO-PAY IN $,200,40,25,0,40,2,5,high,low,RISK,3
0,0,0,0,Bonus,1972,Yes,Owns,9,4,5,12,9,SPECIALIST OFFICE VISIT,IN-NETWORK,CO-PAY IN $,25,40,200,0,40,2,5,high,low,RISK,3
0,0,1,1,Salaried,1235,Yes,Rents,7,4,8,12,9,SPECIALIST OFFICE VISIT,IN-NETWORK,CO-PAY IN $,200,40,25,0,40,2,5,high,low,RISK,3
0,1,0,0,Bonus,2294,Yes,Owns,4,9,4,12,9,SPECIALIST OFFICE VISIT,IN-NETWORK,CO-PAY IN $,0,200,40,25,40,2,5,high,low,RISK,3
0,0,1,0,Salaried,4592,Yes,Rents,9,7,9,12,9,SPECIALIST OFFICE VISIT,IN-NETWORK,CO-PAY IN $,40,0,25,200,40,2,5,high,low,RISK,3
0,0,0,1,Hourly,2183,Yes,Owns,1,5,23,12,9,SPECIALIST OFFICE VISIT,IN-NETWORK,CO-PAY IN $,25,0,200,40,40,2,5,high,low,RISK,3
0,0,1,0,Salaried,1622,Yes,Rents,2,1,9,12,9,SPECIALIST OFFICE VISIT,IN-NETWORK,CO-PAY IN $,0,40,200,25,40,2,5,high,low,RISK,3
0,1,0,1,Salaried,4259,Yes,Rents,1,8,6,12,9,SPECIALIST OFFICE VISIT,IN-NETWORK,CO-PAY IN $,40,25,0,200,40,2,5,high,low,RISK,3
1,0,0,1,Salaried,4138,No,Owns,9,2,1,12,9,SPECIALIST OFFICE VISIT,IN-NETWORK,CO-PAY IN $,25,40,0,200,40,2,5,high,low,RISK,3
1,0,0,1,Bonus,2742,No,Owns,10,10,2,12,9,SPECIALIST OFFICE VISIT,IN-NETWORK,CO-PAY IN $,0,40,200,25,40,2,5,high,low,RISK,3
0,0,0,1,Bonus,4027,Yes,Rents,3,4,3,12,9,SPECIALIST OFFICE VISIT,IN-NETWORK,CO-PAY IN $,25,40,0,200,40,2,5,high,low,RISK,3
1,0,0,0,Bonus,3643,No,Rents,8,2,25,12,9,SPECIALIST OFFICE VISIT,IN-NETWORK,CO-PAY IN $,200,25,40,0,40,2,5,high,low,RISK,3
1,0,1,0,Salaried,1855,No,Rents,9,10,10,12,9,SPECIALIST OFFICE VISIT,IN-NETWORK,CO-PAY IN $,25,200,40,0,40,2,5,high,low,RISK,3
0,1,0,0,Bonus,4199,No,Owns,7,7,6,12,9,SPECIALIST OFFICE VISIT,IN-NETWORK,CO-PAY IN $,25,200,40,0,40,2,5,high,low,RISK,3
0,1,0,0,Salaried,358,No,Rents,5,5,5,12,9,SPECIALIST OFFICE VISIT,IN-NETWORK,CO-PAY IN $,0,25,200,40,40,2,5,high,low,RISK,3
0,0,1,0,Salaried,2175,No,Owns,8,10,8,12,9,SPECIALIST OFFICE VISIT,IN-NETWORK,CO-PAY IN $,40,200,0,25,40,2,5,high,low,RISK,3
0,1,0,0,Bonus,2804,No,Owns,4,0,4,12,9,SPECIALIST OFFICE VISIT,IN-NETWORK,CO-PAY IN $,40,200,0,25,40,2,5,high,low,RISK,3
1,1,1,0,Bonus,2793,Yes,Owns,9,9,1,12,9,SPECIALIST OFFICE VISIT,IN-NETWORK,CO-PAY IN $,0,200,40,25,40,2,5,high,low,RISK,3
1,0,1,0,Salaried,1366,No,Owns,7,4,5,12,9,SPECIALIST OFFICE VISIT,IN-NETWORK,CO-PAY IN $,200,0,40,25,40,2,5,high,low,RISK,3
0,1,1,1,Salaried,3990,No,Rents,6,1,2,12,9,SPECIALIST OFFICE VISIT,IN-NETWORK,CO-PAY IN $,40,0,25,200,40,2,5,high,low,RISK,3
0,0,0,0,Salaried,1625,No,Owns,8,6,5,12,9,SPECIALIST OFFICE VISIT,IN-NETWORK,CO-PAY IN $,0,25,40,200,40,2,5,high,low,RISK,3
1,1,0,0,Hourly,1178,No,Owns,0,1,13,12,9,SPECIALIST OFFICE VISIT,IN-NETWORK,CO-PAY IN $,40,200,0,25,40,2,5,high,low,RISK,3
0,0,0,0,Hourly,2665,No,Rents,2,3,4,12,9,SPECIALIST OFFICE VISIT,IN-NETWORK,CO-PAY IN $,25,200,40,0,40,2,5,high,low,RISK,3
1,1,1,0,Hourly,4144,No,Owns,3,2,0,12,9,SPECIALIST OFFICE VISIT,IN-NETWORK,CO-PAY IN $,0,40,25,200,40,2,5,high,low,RISK,3
0,0,1,0,Hourly,2547,Yes,Owns,7,5,12,12,9,SPECIALIST OFFICE VISIT,IN-NETWORK,CO-PAY IN $,200,0,40,25,40,2,5,high,low,RISK,3
1,0,1,0,Hourly,152,Yes,Owns,8,6,13,12,9,SPECIALIST OFFICE VISIT,IN-NETWORK,CO-PAY IN $,25,40,0,200,40,2,5,high,low,RISK,3
0,0,0,0,Bonus,2909,Yes,Rents,3,4,5,12,9,SPECIALIST OFFICE VISIT,IN-NETWORK,CO-PAY IN $,0,40,25,200,40,2,5,high,low,RISK,3
1,1,0,0,Bonus,2404,Yes,Owns,5,4,8,12,9,SPECIALIST OFFICE VISIT,IN-NETWORK,CO-PAY IN $,25,200,0,40,40,2,5,high,low,RISK,3
1,0,1,1,Bonus,144,Yes,Owns,4,9,4,12,9,SPECIALIST OFFICE VISIT,IN-NETWORK,CO-PAY IN $,0,40,25,200,40,2,5,high,low,RISK,3
1,0,1,0,Hourly,2250,No,Owns,4,7,9,12,9,SPECIALIST OFFICE VISIT,IN-NETWORK,CO-PAY IN $,40,0,200,25,40,2,5,high,low,RISK,3
1,0,0,0,Hourly,4826,No,Owns,4,5,23,12,9,SPECIALIST OFFICE VISIT,IN-NETWORK,CO-PAY IN $,0,25,200,40,40,2,5,high,low,RISK,3
1,1,0,0,Salaried,792,No,Owns,5,1,9,12,9,SPECIALIST OFFICE VISIT,IN-NETWORK,CO-PAY IN $,40,25,0,200,40,2,5,high,low,RISK,3
0,1,0,0,Hourly,3429,No,Rents,8,8,6,12,9,SPECIALIST OFFICE VISIT,IN-NETWORK,CO-PAY IN $,40,200,0,25,40,2,5,high,low,RISK,3
0,1,0,0,Hourly,1596,Yes,Owns,5,2,1,12,9,SPECIALIST OFFICE VISIT,IN-NETWORK,CO-PAY IN $,25,200,0,40,40,2,5,high,low,RISK,3
1,1,1,0,Salaried,83,Yes,Owns,2,10,2,12,9,SPECIALIST OFFICE VISIT,IN-NETWORK,CO-PAY IN $,25,0,40,200,40,2,5,high,low,RISK,3
1,1,0,1,Salaried,3601,No,Owns,1,4,3,12,9,SPECIALIST OFFICE VISIT,IN-NETWORK,CO-PAY IN $,200,40,25,0,40,2,5,high,low,RISK,3
0,0,0,1,Bonus,861,No,Owns,8,2,25,12,9,SPECIALIST OFFICE VISIT,IN-NETWORK,CO-PAY IN $,25,40,200,0,40,2,5,high,low,RISK,3
0,1,1,1,Salaried,2240,Yes,Rents,8,10,10,12,9,SPECIALIST OFFICE VISIT,IN-NETWORK,CO-PAY IN $,40,0,200,25,40,2,5,high,low,RISK,3
0,0,0,0,Hourly,2384,No,Rents,1,7,6,12,9,SPECIALIST OFFICE VISIT,IN-NETWORK,CO-PAY IN $,25,200,40,0,40,2,5,high,low,RISK,3
0,0,0,0,Bonus,2363,Yes,Rents,6,5,5,12,9,SPECIALIST OFFICE VISIT,IN-NETWORK,CO-PAY IN $,25,0,40,200,40,2,5,high,low,RISK,3
0,0,1,0,Salaried,4539,No,Owns,3,10,8,12,9,SPECIALIST OFFICE VISIT,IN-NETWORK,CO-PAY IN $,40,200,25,0,40,2,5,high,low,RISK,3
0,0,0,0,Bonus,489,No,Rents,3,0,4,12,9,SPECIALIST OFFICE VISIT,IN-NETWORK,CO-PAY IN $,40,0,25,200,40,2,5,high,low,RISK,3
0,1,0,1,Bonus,4623,Yes,Owns,2,9,1,12,9,SPECIALIST OFFICE VISIT,IN-NETWORK,CO-PAY IN $,0,40,25,200,40,2,5,high,low,RISK,3
0,0,0,0,Salaried,153,Yes,Owns,0,4,5,12,9,SPECIALIST OFFICE VISIT,IN-NETWORK,CO-PAY IN $,40,0,200,25,40,2,5,high,low,RISK,3
0,1,1,0,Salaried,3954,No,Owns,1,1,2,12,9,SPECIALIST OFFICE VISIT,IN-NETWORK,CO-PAY IN $,25,200,40,0,40,2,5,high,low,RISK,3
0,0,0,0,Salaried,4742,No,Rents,0,6,5,12,9,SPECIALIST OFFICE VISIT,IN-NETWORK,CO-PAY IN $,0,25,40,200,40,2,5,high,low,RISK,3
0,0,0,0,Hourly,3289,No,Rents,8,1,13,12,9,SPECIALIST OFFICE VISIT,IN-NETWORK,CO-PAY IN $,200,40,25,0,40,2,5,high,low,RISK,3
0,0,0,0,Bonus,3409,Yes,Rents,6,3,4,12,9,SPECIALIST OFFICE VISIT,IN-NETWORK,CO-PAY IN $,200,25,0,40,40,2,5,high,low,RISK,3
0,0,1,0,Bonus,3179,No,Rents,2,2,0,12,9,SPECIALIST OFFICE VISIT,IN-NETWORK,CO-PAY IN $,25,40,0,200,40,2,5,high,low,RISK,3
0,0,0,0,Bonus,4271,No,Rents,3,5,12,12,9,SPECIALIST OFFICE VISIT,IN-NETWORK,CO-PAY IN $,200,0,25,40,40,2,5,high,low,RISK,3
0,0,0,0,Hourly,4605,Yes,Rents,4,6,13,12,9,SPECIALIST OFFICE VISIT,IN-NETWORK,CO-PAY IN $,40,25,200,0,40,2,5,high,low,RISK,3
0,1,1,1,Salaried,3042,Yes,Rents,1,4,5,12,9,SPECIALIST OFFICE VISIT,IN-NETWORK,CO-PAY IN $,200,0,25,40,40,2,5,high,low,RISK,3
0,1,1,0,Hourly,170,No,Rents,9,4,8,12,9,SPECIALIST OFFICE VISIT,IN-NETWORK,CO-PAY IN $,200,40,25,0,40,2,5,high,low,RISK,3
0,0,0,1,Salaried,2062,No,Rents,2,9,4,12,9,SPECIALIST OFFICE VISIT,IN-NETWORK,CO-PAY IN $,200,0,40,25,40,2,5,high,low,RISK,3
1,0,1,1,Bonus,1962,No,Rents,0,7,9,12,9,SPECIALIST OFFICE VISIT,IN-NETWORK,CO-PAY IN $,0,25,40,200,40,2,5,high,low,RISK,3
0,0,0,0,Bonus,1006,No,Owns,5,5,23,12,9,SPECIALIST OFFICE VISIT,IN-NETWORK,CO-PAY IN $,25,200,0,40,40,2,5,high,low,RISK,3
0,1,0,1,Salaried,4555,No,Rents,2,1,9,12,9,SPECIALIST OFFICE VISIT,IN-NETWORK,CO-PAY IN $,0,25,200,40,40,2,5,high,low,RISK,3
1,0,1,0,Bonus,458,No,Rents,4,8,6,12,9,SPECIALIST OFFICE VISIT,IN-NETWORK,CO-PAY IN $,200,25,40,0,40,2,5,high,low,RISK,3
1,0,1,0,Hourly,1593,No,Owns,0,2,1,12,9,SPECIALIST OFFICE VISIT,IN-NETWORK,CO-PAY IN $,40,0,25,200,40,2,5,high,low,RISK,3
0,1,0,0,Hourly,4519,Yes,Owns,4,10,2,12,9,SPECIALIST OFFICE VISIT,IN-NETWORK,CO-PAY IN $,40,25,200,0,40,2,5,high,low,RISK,3
0,1,0,0,Bonus,2639,No,Rents,0,4,3,12,9,SPECIALIST OFFICE VISIT,IN-NETWORK,CO-PAY IN $,200,40,25,0,40,2,5,high,low,RISK,3
0,0,1,0,Hourly,2563,Yes,Rents,8,2,25,12,9,SPECIALIST OFFICE VISIT,IN-NETWORK,CO-PAY IN $,0,40,25,200,40,2,5,high,low,RISK,3
0,0,1,1,Bonus,2810,Yes,Owns,8,10,10,12,9,SPECIALIST OFFICE VISIT,IN-NETWORK,CO-PAY IN $,200,25,0,40,40,2,5,high,low,RISK,3
0,0,0,1,Hourly,2954,Yes,Owns,10,7,6,12,9,SPECIALIST OFFICE VISIT,IN-NETWORK,CO-PAY IN $,200,0,25,40,40,2,5,high,low,RISK,3
0,0,1,0,Hourly,2299,Yes,Owns,6,5,5,12,9,SPECIALIST OFFICE VISIT,IN-NETWORK,CO-PAY IN $,200,25,40,0,40,2,5,high,low,RISK,3
0,0,1,1,Hourly,1155,No,Rents,1,10,8,12,9,SPECIALIST OFFICE VISIT,IN-NETWORK,CO-PAY IN $,40,25,0,200,40,2,5,high,low,RISK,3
1,0,1,0,Bonus,1856,Yes,Rents,7,0,4,12,9,SPECIALIST OFFICE VISIT,IN-NETWORK,CO-PAY IN $,25,40,200,0,40,2,5,high,low,RISK,3
1,1,0,0,Salaried,3352,Yes,Rents,1,9,1,12,9,SPECIALIST OFFICE VISIT,IN-NETWORK,CO-PAY IN $,25,40,0,200,40,2,5,high,low,RISK,3
1,0,0,0,Hourly,3735,Yes,Owns,8,4,5,12,9,SPECIALIST OFFICE VISIT,IN-NETWORK,CO-PAY IN $,25,40,200,0,40,2,5,high,low,RISK,3
1,0,0,1,Salaried,1125,Yes,Rents,1,1,2,12,9,SPECIALIST OFFICE VISIT,IN-NETWORK,CO-PAY IN $,25,0,40,200,40,2,5,high,low,RISK,3
1,0,1,0,Bonus,4695,No,Owns,0,6,5,12,9,SPECIALIST OFFICE VISIT,IN-NETWORK,CO-PAY IN $,0,200,40,25,40,2,5,high,low,RISK,3
0,0,0,1,Salaried,1210,No,Rents,9,1,13,12,9,SPECIALIST OFFICE VISIT,IN-NETWORK,CO-PAY IN $,40,200,25,0,40,2,5,high,low,RISK,3
1,1,1,0,Bonus,3149,No,Owns,1,3,4,12,9,SPECIALIST OFFICE VISIT,IN-NETWORK,CO-PAY IN $,40,0,25,200,40,2,5,high,low,RISK,3
1,0,0,0,Bonus,3757,No,Rents,1,2,0,12,9,SPECIALIST OFFICE VISIT,IN-NETWORK,CO-PAY IN $,25,0,40,200,40,2,5,high,low,RISK,3
1,0,1,1,Salaried,4038,Yes,Rents,5,5,12,12,9,SPECIALIST OFFICE VISIT,IN-NETWORK,CO-PAY IN $,0,200,40,25,40,2,5,high,low,RISK,3
0,0,0,1,Bonus,381,No,Owns,2,6,13,12,9,SPECIALIST OFFICE VISIT,IN-NETWORK,CO-PAY IN $,25,200,40,0,40,2,5,high,low,RISK,3
0,0,0,0,Hourly,2879,Yes,Rents,9,4,5,12,9,SPECIALIST OFFICE VISIT,IN-NETWORK,CO-PAY IN $,0,40,200,25,40,2,5,high,low,RISK,3
0,1,0,0,Hourly,2246,No,Owns,9,4,8,12,9,SPECIALIST OFFICE VISIT,IN-NETWORK,CO-PAY IN $,25,0,40,200,40,2,5,high,low,RISK,3
0,1,0,0,Hourly,3337,No,Rents,1,9,4,12,9,SPECIALIST OFFICE VISIT,IN-NETWORK,CO-PAY IN $,40,0,25,200,40,2,5,high,low,RISK,3
1,0,0,0,Hourly,874,No,Owns,9,7,9,12,9,SPECIALIST OFFICE VISIT,IN-NETWORK,CO-PAY IN $,0,200,25,40,40,2,5,high,low,RISK,3
0,1,0,0,Hourly,4470,Yes,Owns,0,5,23,12,9,SPECIALIST OFFICE VISIT,IN-NETWORK,CO-PAY IN $,0,40,200,25,40,2,5,high,low,RISK,3
1,0,1,0,Hourly,3252,Yes,Owns,4,1,9,12,9,SPECIALIST OFFICE VISIT,IN-NETWORK,CO-PAY IN $,200,25,0,40,40,2,5,high,low,RISK,3
0,1,0,0,Hourly,176,Yes,Rents,3,8,6,12,9,SPECIALIST OFFICE VISIT,IN-NETWORK,CO-PAY IN $,40,0,200,25,40,2,5,high,low,RISK,3
0,0,1,0,Hourly,3681,Yes,Owns,1,2,1,12,9,SPECIALIST OFFICE VISIT,IN-NETWORK,CO-PAY IN $,25,200,40,0,40,2,5,high,low,RISK,3
0,1,1,1,Hourly,1019,Yes,Owns,8,10,2,12,9,SPECIALIST OFFICE VISIT,IN-NETWORK,CO-PAY IN $,200,25,40,0,40,2,5,high,low,RISK,3
0,1,1,0,Bonus,4493,Yes,Owns,10,4,3,12,9,SPECIALIST OFFICE VISIT,IN-NETWORK,CO-PAY IN $,0,200,25,40,40,2,5,high,low,RISK,3
0,1,1,0,Salaried,1012,Yes,Owns,8,2,25,12,9,SPECIALIST OFFICE VISIT,IN-NETWORK,CO-PAY IN $,25,40,200,0,40,2,5,high,low,RISK,3
0,0,0,0,Bonus,1248,Yes,Rents,1,10,10,12,9,SPECIALIST OFFICE VISIT,IN-NETWORK,CO-PAY IN $,0,25,40,200,40,2,5,high,low,RISK,3
0,0,0,0,Salaried,1214,No,Owns,1,7,6,12,9,SPECIALIST OFFICE VISIT,IN-NETWORK,CO-PAY IN $,200,0,25,40,40,2,5,high,low,RISK,3
1,0,0,0,Salaried,2852,Yes,Rents,1,5,5,12,9,SPECIALIST OFFICE VISIT,IN-NETWORK,CO-PAY IN $,40,0,25,200,40,2,5,high,low,RISK,3
0,0,0,0,Bonus,1440,Yes,Owns,4,10,8,12,9,SPECIALIST OFFICE VISIT,IN-NETWORK,CO-PAY IN $,40,200,25,0,40,2,5,high,low,RISK,3
1,0,1,0,Bonus,2951,No,Owns,4,0,4,12,9,SPECIALIST OFFICE VISIT,IN-NETWORK,CO-PAY IN $,40,200,25,0,40,2,5,high,low,RISK,3
2,1,0,2,Salaried,4377,No,Rents,10,19,27,12,10,SPECIALIST OFFICE VISIT,IN-NETWORK,CO-PAY IN $,200,25,40,0,40,2,10,high,low,RISK,3
0,1,1,0,Salaried,1919,No,Owns,10,15,31,12,10,SPECIALIST OFFICE VISIT,IN-NETWORK,CO-PAY IN $,200,0,40,25,40,2,10,high,low,RISK,3
1,1,0,0,Salaried,4671,Yes,Rents,15,12,28,12,10,SPECIALIST OFFICE VISIT,IN-NETWORK,CO-PAY IN $,0,25,40,200,40,2,10,high,low,RISK,3
2,1,0,0,Bonus,1139,No,Owns,13,16,31,12,10,SPECIALIST OFFICE VISIT,IN-NETWORK,CO-PAY IN $,0,40,25,200,40,2,10,high,low,RISK,3
1,1,2,1,Bonus,3085,No,Rents,9,12,39,12,10,SPECIALIST OFFICE VISIT,IN-NETWORK,CO-PAY IN $,25,200,0,40,40,2,10,high,low,RISK,3
0,1,2,0,Salaried,912,Yes,Rents,16,14,30,12,10,SPECIALIST OFFICE VISIT,IN-NETWORK,CO-PAY IN $,25,0,40,200,40,2,10,high,low,RISK,3
1,0,2,1,Hourly,3561,Yes,Owns,12,13,26,12,10,SPECIALIST OFFICE VISIT,IN-NETWORK,CO-PAY IN $,0,25,40,200,40,2,10,high,low,RISK,3
1,2,0,0,Hourly,4350,No,Rents,7,16,37,12,10,SPECIALIST OFFICE VISIT,IN-NETWORK,CO-PAY IN $,0,25,40,200,40,2,10,high,low,RISK,3
2,2,1,2,Salaried,3664,No,Owns,7,16,39,12,10,SPECIALIST OFFICE VISIT,IN-NETWORK,CO-PAY IN $,0,200,25,40,40,2,10,high,low,RISK,3
0,0,0,1,Bonus,1972,Yes,Owns,17,14,30,12,10,SPECIALIST OFFICE VISIT,IN-NETWORK,CO-PAY IN $,25,0,40,200,40,2,10,high,low,RISK,3
1,0,2,2,Salaried,1235,Yes,Rents,14,14,34,12,10,SPECIALIST OFFICE VISIT,IN-NETWORK,CO-PAY IN $,200,0,25,40,40,2,10,high,low,RISK,3
0,2,0,1,Bonus,2294,Yes,Owns,10,19,30,12,10,SPECIALIST OFFICE VISIT,IN-NETWORK,CO-PAY IN $,25,40,200,0,40,2,10,high,low,RISK,3
0,1,2,0,Salaried,4592,Yes,Rents,16,17,35,12,10,SPECIALIST OFFICE VISIT,IN-NETWORK,CO-PAY IN $,0,200,40,25,40,2,10,high,low,RISK,3
0,0,1,1,Hourly,2183,Yes,Owns,6,15,48,12,10,SPECIALIST OFFICE VISIT,IN-NETWORK,CO-PAY IN $,200,25,0,40,40,2,10,high,low,RISK,3
1,1,2,1,Salaried,1622,Yes,Rents,8,12,35,12,10,SPECIALIST OFFICE VISIT,IN-NETWORK,CO-PAY IN $,25,40,200,0,40,2,10,high,low,RISK,3
1,2,1,2,Salaried,4259,Yes,Rents,6,18,32,12,10,SPECIALIST OFFICE VISIT,IN-NETWORK,CO-PAY IN $,0,200,40,25,40,2,10,high,low,RISK,3
2,1,1,2,Salaried,4138,No,Owns,17,13,27,12,10,SPECIALIST OFFICE VISIT,IN-NETWORK,CO-PAY IN $,200,25,0,40,40,2,10,high,low,RISK,3
2,0,1,2,Bonus,2742,No,Owns,17,20,28,12,10,SPECIALIST OFFICE VISIT,IN-NETWORK,CO-PAY IN $,40,0,25,200,40,2,10,high,low,RISK,3
1,1,0,2,Bonus,4027,Yes,Rents,8,14,29,12,10,SPECIALIST OFFICE VISIT,IN-NETWORK,CO-PAY IN $,200,0,40,25,40,2,10,high,low,RISK,3
1,1,0,0,Bonus,3643,No,Rents,16,13,50,12,10,SPECIALIST OFFICE VISIT,IN-NETWORK,CO-PAY IN $,25,40,0,200,40,2,10,high,low,RISK,3
1,0,2,0,Salaried,1855,No,Rents,17,20,35,12,10,SPECIALIST OFFICE VISIT,IN-NETWORK,CO-PAY IN $,25,200,40,0,40,2,10,high,low,RISK,3
1,2,0,1,Bonus,4199,No,Owns,14,17,32,12,10,SPECIALIST OFFICE VISIT,IN-NETWORK,CO-PAY IN $,0,40,25,200,40,2,10,high,low,RISK,3
0,2,1,0,Salaried,358,No,Rents,12,16,31,12,10,SPECIALIST OFFICE VISIT,IN-NETWORK,CO-PAY IN $,200,25,40,0,40,2,10,high,low,RISK,3
1,1,1,1,Salaried,2175,No,Owns,16,20,34,12,10,SPECIALIST OFFICE VISIT,IN-NETWORK,CO-PAY IN $,200,25,0,40,40,2,10,high,low,RISK,3
1,1,0,0,Bonus,2804,No,Owns,11,11,30,12,10,SPECIALIST OFFICE VISIT,IN-NETWORK,CO-PAY IN $,25,200,40,0,40,2,10,high,low,RISK,3
2,1,2,1,Bonus,2793,Yes,Owns,17,19,27,12,10,SPECIALIST OFFICE VISIT,IN-NETWORK,CO-PAY IN $,0,200,40,25,40,2,10,high,low,RISK,3
2,0,2,0,Salaried,1366,No,Owns,14,15,31,12,10,SPECIALIST OFFICE VISIT,IN-NETWORK,CO-PAY IN $,40,0,25,200,40,2,10,high,low,RISK,3
0,1,1,2,Salaried,3990,No,Rents,13,12,28,12,10,SPECIALIST OFFICE VISIT,IN-NETWORK,CO-PAY IN $,40,0,25,200,40,2,10,high,low,RISK,3
0,1,1,0,Salaried,1625,No,Owns,16,16,31,12,10,SPECIALIST OFFICE VISIT,IN-NETWORK,CO-PAY IN $,40,0,200,25,40,2,10,high,low,RISK,3
1,2,0,0,Hourly,1178,No,Owns,5,12,39,12,10,SPECIALIST OFFICE VISIT,IN-NETWORK,CO-PAY IN $,25,40,200,0,40,2,10,high,low,RISK,3
1,1,0,0,Hourly,2665,No,Rents,8,14,30,12,10,SPECIALIST OFFICE VISIT,IN-NETWORK,CO-PAY IN $,40,25,0,200,40,2,10,high,low,RISK,3
1,1,2,0,Hourly,4144,No,Owns,9,13,26,12,10,SPECIALIST OFFICE VISIT,IN-NETWORK,CO-PAY IN $,200,0,25,40,40,2,10,high,low,RISK,3
1,1,2,0,Hourly,2547,Yes,Owns,14,16,37,12,10,SPECIALIST OFFICE VISIT,IN-NETWORK,CO-PAY IN $,40,200,25,0,40,2,10,high,low,RISK,3
1,1,1,0,Hourly,152,Yes,Owns,15,16,39,12,10,SPECIALIST OFFICE VISIT,IN-NETWORK,CO-PAY IN $,200,25,40,0,40,2,10,high,low,RISK,3
0,0,0,0,Bonus,2909,Yes,Rents,9,14,30,12,10,SPECIALIST OFFICE VISIT,IN-NETWORK,CO-PAY IN $,40,0,25,200,40,2,10,high,low,RISK,3
2,2,1,1,Bonus,2404,Yes,Owns,11,14,34,12,10,SPECIALIST OFFICE VISIT,IN-NETWORK,CO-PAY IN $,200,0,25,40,40,2,10,high,low,RISK,3
2,0,1,2,Bonus,144,Yes,Owns,10,19,30,12,10,SPECIALIST OFFICE VISIT,IN-NETWORK,CO-PAY IN $,40,200,25,0,40,2,10,high,low,RISK,3
2,0,1,0,Hourly,2250,No,Owns,11,17,35,12,10,SPECIALIST OFFICE VISIT,IN-NETWORK,CO-PAY IN $,200,25,0,40,40,2,10,high,low,RISK,3
2,0,0,0,Hourly,4826,No,Owns,10,15,48,12,10,SPECIALIST OFFICE VISIT,IN-NETWORK,CO-PAY IN $,0,40,25,200,40,2,10,high,low,RISK,3
1,1,0,0,Salaried,792,No,Owns,12,12,35,12,10,SPECIALIST OFFICE VISIT,IN-NETWORK,CO-PAY IN $,200,0,25,40,40,2,10,high,low,RISK,3
0,2,0,1,Hourly,3429,No,Rents,15,18,32,12,10,SPECIALIST OFFICE VISIT,IN-NETWORK,CO-PAY IN $,200,0,25,40,40,2,10,high,low,RISK,3
0,2,0,1,Hourly,1596,Yes,Owns,11,13,27,12,10,SPECIALIST OFFICE VISIT,IN-NETWORK,CO-PAY IN $,0,200,40,25,40,2,10,high,low,RISK,3
1,1,2,0,Salaried,83,Yes,Owns,7,20,28,12,10,SPECIALIST OFFICE VISIT,IN-NETWORK,CO-PAY IN $,0,25,200,40,40,2,10,high,low,RISK,3
1,2,0,2,Salaried,3601,No,Owns,6,14,29,12,10,SPECIALIST OFFICE VISIT,IN-NETWORK,CO-PAY IN $,200,40,0,25,40,2,10,high,low,RISK,3
1,1,0,1,Bonus,861,No,Owns,15,13,50,12,10,SPECIALIST OFFICE VISIT,IN-NETWORK,CO-PAY IN $,200,0,25,40,40,2,10,high,low,RISK,3
0,2,2,2,Salaried,2240,Yes,Rents,15,20,35,12,10,SPECIALIST OFFICE VISIT,IN-NETWORK,CO-PAY IN $,40,25,0,200,40,2,10,high,low,RISK,3
1,0,0,0,Hourly,2384,No,Rents,6,17,32,12,10,SPECIALIST OFFICE VISIT,IN-NETWORK,CO-PAY IN $,40,0,25,200,40,2,10,high,low,RISK,3
0,0,0,0,Bonus,2363,Yes,Rents,12,16,31,12,10,SPECIALIST OFFICE VISIT,IN-NETWORK,CO-PAY IN $,25,40,0,200,40,2,10,high,low,RISK,3
1,1,2,0,Salaried,4539,No,Owns,10,20,34,12,10,SPECIALIST OFFICE VISIT,IN-NETWORK,CO-PAY IN $,25,40,200,0,40,2,10,high,low,RISK,3
1,1,0,0,Bonus,489,No,Rents,9,11,30,12,10,SPECIALIST OFFICE VISIT,IN-NETWORK,CO-PAY IN $,40,25,200,0,40,2,10,high,low,RISK,3
1,2,0,2,Bonus,4623,Yes,Owns,7,19,27,12,10,SPECIALIST OFFICE VISIT,IN-NETWORK,CO-PAY IN $,200,25,40,0,40,2,10,high,low,RISK,3
1,0,0,0,Salaried,153,Yes,Owns,5,15,31,12,10,SPECIALIST OFFICE VISIT,IN-NETWORK,CO-PAY IN $,40,0,200,25,40,2,10,high,low,RISK,3
0,2,2,1,Salaried,3954,No,Owns,6,12,28,12,10,SPECIALIST OFFICE VISIT,IN-NETWORK,CO-PAY IN $,25,0,40,200,40,2,10,high,low,RISK,3
0,1,0,0,Salaried,4742,No,Rents,5,16,31,12,10,SPECIALIST OFFICE VISIT,IN-NETWORK,CO-PAY IN $,200,25,0,40,40,2,10,high,low,RISK,3
0,0,0,1,Hourly,3289,No,Rents,15,12,39,12,10,SPECIALIST OFFICE VISIT,IN-NETWORK,CO-PAY IN $,200,25,0,40,40,2,10,high,low,RISK,3
0,0,1,1,Bonus,3409,Yes,Rents,13,14,30,12,10,SPECIALIST OFFICE VISIT,IN-NETWORK,CO-PAY IN $,25,40,0,200,40,2,10,high,low,RISK,3
0,0,2,1,Bonus,3179,No,Rents,8,13,26,12,10,SPECIALIST OFFICE VISIT,IN-NETWORK,CO-PAY IN $,25,0,200,40,40,2,10,high,low,RISK,3
0,0,0,1,Bonus,4271,No,Rents,9,16,37,12,10,SPECIALIST OFFICE VISIT,IN-NETWORK,CO-PAY IN $,25,0,200,40,40,2,10,high,low,RISK,3
0,0,0,0,Hourly,4605,Yes,Rents,10,16,39,12,10,SPECIALIST OFFICE VISIT,IN-NETWORK,CO-PAY IN $,0,40,200,25,40,2,10,high,low,RISK,3
0,2,2,2,Salaried,3042,Yes,Rents,6,14,30,12,10,SPECIALIST OFFICE VISIT,IN-NETWORK,CO-PAY IN $,40,200,25,0,40,2,10,high,low,RISK,3
0,2,2,0,Hourly,170,No,Rents,16,14,34,12,10,SPECIALIST OFFICE VISIT,IN-NETWORK,CO-PAY IN $,25,200,40,0,40,2,10,high,low,RISK,3
0,1,0,2,Salaried,2062,No,Rents,7,19,30,12,10,SPECIALIST OFFICE VISIT,IN-NETWORK,CO-PAY IN $,40,0,25,200,40,2,10,high,low,RISK,3
1,1,2,2,Bonus,1962,No,Rents,5,17,35,12,10,SPECIALIST OFFICE VISIT,IN-NETWORK,CO-PAY IN $,40,0,25,200,40,2,10,high,low,RISK,3
0,0,0,0,Bonus,1006,No,Owns,11,15,48,12,10,SPECIALIST OFFICE VISIT,IN-NETWORK,CO-PAY IN $,25,40,200,0,40,2,10,high,low,RISK,3
0,2,1,2,Salaried,4555,No,Rents,8,12,35,12,10,SPECIALIST OFFICE VISIT,IN-NETWORK,CO-PAY IN $,200,25,0,40,40,2,10,high,low,RISK,3
2,1,1,0,Bonus,458,No,Rents,10,18,32,12,10,SPECIALIST OFFICE VISIT,IN-NETWORK,CO-PAY IN $,200,0,40,25,40,2,10,high,low,RISK,3
2,0,2,1,Hourly,1593,No,Owns,5,13,27,12,10,SPECIALIST OFFICE VISIT,IN-NETWORK,CO-PAY IN $,40,25,200,0,40,2,10,high,low,RISK,3
0,2,0,1,Hourly,4519,Yes,Owns,11,20,28,12,10,SPECIALIST OFFICE VISIT,IN-NETWORK,CO-PAY IN $,40,25,0,200,40,2,10,high,low,RISK,3
0,1,0,0,Bonus,2639,No,Rents,5,14,29,12,10,SPECIALIST OFFICE VISIT,IN-NETWORK,CO-PAY IN $,25,0,40,200,40,2,10,high,low,RISK,3
0,0,2,1,Hourly,2563,Yes,Rents,15,13,50,12,10,SPECIALIST OFFICE VISIT,IN-NETWORK,CO-PAY IN $,25,40,200,0,40,2,10,high,low,RISK,3
0,1,2,1,Bonus,2810,Yes,Owns,15,20,35,12,10,SPECIALIST OFFICE VISIT,IN-NETWORK,CO-PAY IN $,200,0,40,25,40,2,10,high,low,RISK,3
1,1,0,1,Hourly,2954,Yes,Owns,18,17,32,12,10,SPECIALIST OFFICE VISIT,IN-NETWORK,CO-PAY IN $,0,40,200,25,40,2,10,high,low,RISK,3
1,0,2,0,Hourly,2299,Yes,Owns,13,16,31,12,10,SPECIALIST OFFICE VISIT,IN-NETWORK,CO-PAY IN $,25,40,0,200,40,2,10,high,low,RISK,3
0,0,1,2,Hourly,1155,No,Rents,6,20,34,12,10,SPECIALIST OFFICE VISIT,IN-NETWORK,CO-PAY IN $,25,200,0,40,40,2,10,high,low,RISK,3
1,0,2,0,Bonus,1856,Yes,Rents,14,11,30,12,10,SPECIALIST OFFICE VISIT,IN-NETWORK,CO-PAY IN $,40,200,25,0,40,2,10,high,low,RISK,3
2,1,1,0,Salaried,3352,Yes,Rents,6,19,27,12,10,SPECIALIST OFFICE VISIT,IN-NETWORK,CO-PAY IN $,40,0,200,25,40,2,10,high,low,RISK,3
2,0,0,1,Hourly,3735,Yes,Owns,15,15,31,12,10,SPECIALIST OFFICE VISIT,IN-NETWORK,CO-PAY IN $,40,25,0,200,40,2,10,high,low,RISK,3
2,1,0,2,Salaried,1125,Yes,Rents,6,12,28,12,10,SPECIALIST OFFICE VISIT,IN-NETWORK,CO-PAY IN $,200,40,0,25,40,2,10,high,low,RISK,3
2,0,1,0,Bonus,4695,No,Owns,5,16,31,12,10,SPECIALIST OFFICE VISIT,IN-NETWORK,CO-PAY IN $,25,40,200,0,40,2,10,high,low,RISK,3
1,1,1,1,Salaried,1210,No,Rents,17,12,39,12,10,SPECIALIST OFFICE VISIT,IN-NETWORK,CO-PAY IN $,0,25,40,200,40,2,10,high,low,RISK,3
1,2,1,0,Bonus,3149,No,Owns,6,14,30,12,10,SPECIALIST OFFICE VISIT,IN-NETWORK,CO-PAY IN $,0,200,40,25,40,2,10,high,low,RISK,3
1,1,1,1,Bonus,3757,No,Rents,6,13,26,12,10,SPECIALIST OFFICE VISIT,IN-NETWORK,CO-PAY IN $,200,0,25,40,40,2,10,high,low,RISK,3
1,0,2,1,Salaried,4038,Yes,Rents,12,16,37,12,10,SPECIALIST OFFICE VISIT,IN-NETWORK,CO-PAY IN $,40,200,25,0,40,2,10,high,low,RISK,3
0,0,0,2,Bonus,381,No,Owns,8,16,39,12,10,SPECIALIST OFFICE VISIT,IN-NETWORK,CO-PAY IN $,40,0,25,200,40,2,10,high,low,RISK,3
0,0,1,1,Hourly,2879,Yes,Rents,16,14,30,12,10,SPECIALIST OFFICE VISIT,IN-NETWORK,CO-PAY IN $,0,200,25,40,40,2,10,high,low,RISK,3
1,2,0,0,Hourly,2246,No,Owns,17,14,34,12,10,SPECIALIST OFFICE VISIT,IN-NETWORK,CO-PAY IN $,25,0,40,200,40,2,10,high,low,RISK,3
0,2,1,0,Hourly,3337,No,Rents,7,19,30,12,10,SPECIALIST OFFICE VISIT,IN-NETWORK,CO-PAY IN $,25,40,0,200,40,2,10,high,low,RISK,3
1,1,1,1,Hourly,874,No,Owns,17,17,35,12,10,SPECIALIST OFFICE VISIT,IN-NETWORK,CO-PAY IN $,200,40,25,0,40,2,10,high,low,RISK,3
0,1,0,0,Hourly,4470,Yes,Owns,6,15,48,12,10,SPECIALIST OFFICE VISIT,IN-NETWORK,CO-PAY IN $,0,25,200,40,40,2,10,high,low,RISK,3
2,0,1,1,Hourly,3252,Yes,Owns,10,12,35,12,10,SPECIALIST OFFICE VISIT,IN-NETWORK,CO-PAY IN $,200,40,0,25,40,2,10,high,low,RISK,3
0,2,0,1,Hourly,176,Yes,Rents,9,18,32,12,10,SPECIALIST OFFICE VISIT,IN-NETWORK,CO-PAY IN $,40,25,0,200,40,2,10,high,low,RISK,3
1,0,2,0,Hourly,3681,Yes,Owns,6,13,27,12,10,SPECIALIST OFFICE VISIT,IN-NETWORK,CO-PAY IN $,40,0,25,200,40,2,10,high,low,RISK,3
1,2,1,2,Hourly,1019,Yes,Owns,15,20,28,12,10,SPECIALIST OFFICE VISIT,IN-NETWORK,CO-PAY IN $,0,25,200,40,40,2,10,high,low,RISK,3
1,2,1,1,Bonus,4493,Yes,Owns,18,14,29,12,10,SPECIALIST OFFICE VISIT,IN-NETWORK,CO-PAY IN $,200,25,0,40,40,2,10,high,low,RISK,3
1,2,2,0,Salaried,1012,Yes,Owns,15,13,50,12,10,SPECIALIST OFFICE VISIT,IN-NETWORK,CO-PAY IN $,25,200,40,0,40,2,10,high,low,RISK,3
0,0,1,1,Bonus,1248,Yes,Rents,7,20,35,12,10,SPECIALIST OFFICE VISIT,IN-NETWORK,CO-PAY IN $,40,0,25,200,40,2,10,high,low,RISK,3
0,0,1,0,Salaried,1214,No,Owns,6,17,32,12,10,SPECIALIST OFFICE VISIT,IN-NETWORK,CO-PAY IN $,40,25,200,0,40,2,10,high,low,RISK,3
1,0,1,0,Salaried,2852,Yes,Rents,6,16,31,12,10,SPECIALIST OFFICE VISIT,IN-NETWORK,CO-PAY IN $,200,25,0,40,40,2,10,high,low,RISK,3
1,0,0,0,Bonus,1440,Yes,Owns,10,20,34,12,10,SPECIALIST OFFICE VISIT,IN-NETWORK,CO-PAY IN $,0,40,200,25,40,2,10,high,low,RISK,3
1,0,1,0,Bonus,2951,No,Owns,11,11,30,12,10,SPECIALIST OFFICE VISIT,IN-NETWORK,CO-PAY IN $,200,25,40,0,40,2,10,high,low,RISK,3
3,2,1,3,Salaried,4377,No,Rents,24,48,52,12,11,SPECIALIST OFFICE VISIT,IN-NETWORK,CO-PAY IN $,25,0,200,40,25,3,20,high,low,RISK,3
1,1,2,1,Salaried,1919,No,Owns,25,33,56,12,11,SPECIALIST OFFICE VISIT,IN-NETWORK,CO-PAY IN $,0,40,200,25,25,3,20,high,low,RISK,3
2,2,1,1,Salaried,4671,Yes,Rents,33,23,53,12,11,SPECIALIST OFFICE VISIT,IN-NETWORK,CO-PAY IN $,200,0,25,40,25,3,20,high,low,RISK,3
3,2,1,1,Bonus,1139,No,Owns,29,38,56,12,11,SPECIALIST OFFICE VISIT,IN-NETWORK,CO-PAY IN $,40,0,25,200,25,3,20,high,low,RISK,3
1,2,3,2,Bonus,3085,No,Rents,23,24,64,12,11,SPECIALIST OFFICE VISIT,IN-NETWORK,CO-PAY IN $,40,25,200,0,25,3,20,high,low,RISK,3
1,2,3,1,Salaried,912,Yes,Rents,37,29,55,12,11,SPECIALIST OFFICE VISIT,IN-NETWORK,CO-PAY IN $,25,200,0,40,25,3,20,high,low,RISK,3
2,1,3,2,Hourly,3561,Yes,Owns,28,26,51,12,11,SPECIALIST OFFICE VISIT,IN-NETWORK,CO-PAY IN $,40,0,200,25,25,3,20,high,low,RISK,3
2,3,1,1,Hourly,4350,No,Rents,19,36,62,12,11,SPECIALIST OFFICE VISIT,IN-NETWORK,CO-PAY IN $,40,25,0,200,25,3,20,high,low,RISK,3
3,3,2,3,Salaried,3664,No,Owns,18,38,64,12,11,SPECIALIST OFFICE VISIT,IN-NETWORK,CO-PAY IN $,200,40,25,0,25,3,20,high,low,RISK,3
1,1,1,1,Bonus,1972,Yes,Owns,38,31,55,12,11,SPECIALIST OFFICE VISIT,IN-NETWORK,CO-PAY IN $,0,40,25,200,25,3,20,high,low,RISK,3
1,1,3,3,Salaried,1235,Yes,Rents,32,31,59,12,11,SPECIALIST OFFICE VISIT,IN-NETWORK,CO-PAY IN $,200,25,40,0,25,3,20,high,low,RISK,3
1,3,1,2,Bonus,2294,Yes,Owns,25,47,55,12,11,SPECIALIST OFFICE VISIT,IN-NETWORK,CO-PAY IN $,0,25,200,40,25,3,20,high,low,RISK,3
1,2,3,1,Salaried,4592,Yes,Rents,37,41,60,12,11,SPECIALIST OFFICE VISIT,IN-NETWORK,CO-PAY IN $,200,0,40,25,25,3,20,high,low,RISK,3
1,1,1,2,Hourly,2183,Yes,Owns,16,35,73,12,11,SPECIALIST OFFICE VISIT,IN-NETWORK,CO-PAY IN $,200,40,0,25,25,3,20,high,low,RISK,3
2,2,3,2,Salaried,1622,Yes,Rents,21,24,60,12,11,SPECIALIST OFFICE VISIT,IN-NETWORK,CO-PAY IN $,200,0,40,25,25,3,20,high,low,RISK,3
2,3,1,3,Salaried,4259,Yes,Rents,17,43,57,12,11,SPECIALIST OFFICE VISIT,IN-NETWORK,CO-PAY IN $,40,200,25,0,25,3,20,high,low,RISK,3
3,2,2,3,Salaried,4138,No,Owns,37,25,52,12,11,SPECIALIST OFFICE VISIT,IN-NETWORK,CO-PAY IN $,40,200,25,0,25,3,20,high,low,RISK,3
3,1,2,3,Bonus,2742,No,Owns,39,50,53,12,11,SPECIALIST OFFICE VISIT,IN-NETWORK,CO-PAY IN $,0,200,40,25,25,3,20,high,low,RISK,3
1,1,1,3,Bonus,4027,Yes,Rents,21,31,54,12,11,SPECIALIST OFFICE VISIT,IN-NETWORK,CO-PAY IN $,25,40,200,0,25,3,20,high,low,RISK,3
2,2,1,1,Bonus,3643,No,Rents,35,26,75,12,11,SPECIALIST OFFICE VISIT,IN-NETWORK,CO-PAY IN $,0,200,25,40,25,3,20,high,low,RISK,3
2,1,3,1,Salaried,1855,No,Rents,39,49,60,12,11,SPECIALIST OFFICE VISIT,IN-NETWORK,CO-PAY IN $,40,200,25,0,25,3,20,high,low,RISK,3
1,3,1,1,Bonus,4199,No,Owns,33,40,57,12,11,SPECIALIST OFFICE VISIT,IN-NETWORK,CO-PAY IN $,200,0,40,25,25,3,20,high,low,RISK,3
1,3,2,1,Salaried,358,No,Rents,28,36,56,12,11,SPECIALIST OFFICE VISIT,IN-NETWORK,CO-PAY IN $,40,200,0,25,25,3,20,high,low,RISK,3
2,2,1,1,Bonus,2804,No,Owns,26,20,55,12,11,SPECIALIST OFFICE VISIT,IN-NETWORK,CO-PAY IN $,200,0,40,25,25,3,20,high,low,RISK,3
3,3,3,2,Bonus,2793,Yes,Owns,39,48,52,12,11,SPECIALIST OFFICE VISIT,IN-NETWORK,CO-PAY IN $,0,25,40,200,25,3,20,high,low,RISK,3
3,1,3,1,Salaried,1366,No,Owns,32,33,56,12,11,SPECIALIST OFFICE VISIT,IN-NETWORK,CO-PAY IN $,200,25,0,40,25,3,20,high,low,RISK,3
1,2,2,3,Salaried,3990,No,Rents,30,23,53,12,11,SPECIALIST OFFICE VISIT,IN-NETWORK,CO-PAY IN $,200,25,0,40,25,3,20,high,low,RISK,3
1,2,2,1,Salaried,1625,No,Owns,36,38,56,12,11,SPECIALIST OFFICE VISIT,IN-NETWORK,CO-PAY IN $,0,25,40,200,25,3,20,high,low,RISK,3
2,3,1,1,Hourly,1178,No,Owns,15,24,64,12,11,SPECIALIST OFFICE VISIT,IN-NETWORK,CO-PAY IN $,40,0,200,25,25,3,20,high,low,RISK,3
2,1,1,1,Hourly,2665,No,Rents,20,29,55,12,11,SPECIALIST OFFICE VISIT,IN-NETWORK,CO-PAY IN $,0,25,200,40,25,3,20,high,low,RISK,3
2,3,3,1,Hourly,4144,No,Owns,23,26,51,12,11,SPECIALIST OFFICE VISIT,IN-NETWORK,CO-PAY IN $,200,0,25,40,25,3,20,high,low,RISK,3
2,2,3,1,Hourly,2547,Yes,Owns,32,36,62,12,11,SPECIALIST OFFICE VISIT,IN-NETWORK,CO-PAY IN $,25,40,200,0,25,3,20,high,low,RISK,3
2,1,2,1,Hourly,152,Yes,Owns,34,38,64,12,11,SPECIALIST OFFICE VISIT,IN-NETWORK,CO-PAY IN $,40,25,200,0,25,3,20,high,low,RISK,3
1,1,1,1,Bonus,2909,Yes,Rents,23,31,55,12,11,SPECIALIST OFFICE VISIT,IN-NETWORK,CO-PAY IN $,200,0,25,40,25,3,20,high,low,RISK,3
3,3,2,2,Bonus,2404,Yes,Owns,27,31,59,12,11,SPECIALIST OFFICE VISIT,IN-NETWORK,CO-PAY IN $,200,25,40,0,25,3,20,high,low,RISK,3
3,1,2,3,Bonus,144,Yes,Owns,24,47,55,12,11,SPECIALIST OFFICE VISIT,IN-NETWORK,CO-PAY IN $,40,25,0,200,25,3,20,high,low,RISK,3
3,1,2,1,Hourly,2250,No,Owns,26,41,60,12,11,SPECIALIST OFFICE VISIT,IN-NETWORK,CO-PAY IN $,40,0,200,25,25,3,20,high,low,RISK,3
3,1,1,1,Hourly,4826,No,Owns,25,35,73,12,11,SPECIALIST OFFICE VISIT,IN-NETWORK,CO-PAY IN $,40,25,0,200,25,3,20,high,low,RISK,3
2,2,1,1,Salaried,792,No,Owns,28,24,60,12,11,SPECIALIST OFFICE VISIT,IN-NETWORK,CO-PAY IN $,40,200,25,0,25,3,20,high,low,RISK,3
1,3,1,2,Hourly,3429,No,Rents,34,43,57,12,11,SPECIALIST OFFICE VISIT,IN-NETWORK,CO-PAY IN $,40,200,0,25,25,3,20,high,low,RISK,3
1,3,1,2,Hourly,1596,Yes,Owns,27,25,52,12,11,SPECIALIST OFFICE VISIT,IN-NETWORK,CO-PAY IN $,200,40,25,0,25,3,20,high,low,RISK,3
2,3,3,1,Salaried,83,Yes,Owns,19,50,53,12,11,SPECIALIST OFFICE VISIT,IN-NETWORK,CO-PAY IN $,200,25,40,0,25,3,20,high,low,RISK,3
2,3,1,3,Salaried,3601,No,Owns,17,31,54,12,11,SPECIALIST OFFICE VISIT,IN-NETWORK,CO-PAY IN $,40,0,200,25,25,3,20,high,low,RISK,3
2,2,1,2,Bonus,861,No,Owns,34,26,75,12,11,SPECIALIST OFFICE VISIT,IN-NETWORK,CO-PAY IN $,0,200,40,25,25,3,20,high,low,RISK,3
1,3,3,3,Salaried,2240,Yes,Rents,35,49,60,12,11,SPECIALIST OFFICE VISIT,IN-NETWORK,CO-PAY IN $,200,0,40,25,25,3,20,high,low,RISK,3
1,1,1,1,Hourly,2384,No,Rents,17,40,57,12,11,SPECIALIST OFFICE VISIT,IN-NETWORK,CO-PAY IN $,0,25,200,40,25,3,20,high,low,RISK,3
1,1,1,1,Bonus,2363,Yes,Rents,29,36,56,12,11,SPECIALIST OFFICE VISIT,IN-NETWORK,CO-PAY IN $,0,200,25,40,25,3,20,high,low,RISK,3
2,1,3,1,Salaried,4539,No,Owns,24,49,59,12,11,SPECIALIST OFFICE VISIT,IN-NETWORK,CO-PAY IN $,25,40,200,0,25,3,20,high,low,RISK,3
2,1,1,1,Bonus,489,No,Rents,23,20,55,12,11,SPECIALIST OFFICE VISIT,IN-NETWORK,CO-PAY IN $,0,40,25,200,25,3,20,high,low,RISK,3
2,3,1,3,Bonus,4623,Yes,Owns,19,48,52,12,11,SPECIALIST OFFICE VISIT,IN-NETWORK,CO-PAY IN $,0,25,200,40,25,3,20,high,low,RISK,3
2,1,1,1,Salaried,153,Yes,Owns,15,33,56,12,11,SPECIALIST OFFICE VISIT,IN-NETWORK,CO-PAY IN $,25,0,40,200,25,3,20,high,low,RISK,3
1,3,3,2,Salaried,3954,No,Owns,17,23,53,12,11,SPECIALIST OFFICE VISIT,IN-NETWORK,CO-PAY IN $,200,25,40,0,25,3,20,high,low,RISK,3
1,2,1,1,Salaried,4742,No,Rents,15,38,56,12,11,SPECIALIST OFFICE VISIT,IN-NETWORK,CO-PAY IN $,200,25,0,40,25,3,20,high,low,RISK,3
1,1,1,2,Hourly,3289,No,Rents,35,24,64,12,11,SPECIALIST OFFICE VISIT,IN-NETWORK,CO-PAY IN $,40,0,25,200,25,3,20,high,low,RISK,3
1,1,2,2,Bonus,3409,Yes,Rents,30,29,55,12,11,SPECIALIST OFFICE VISIT,IN-NETWORK,CO-PAY IN $,0,200,25,40,25,3,20,high,low,RISK,3
1,1,3,2,Bonus,3179,No,Rents,21,26,51,12,11,SPECIALIST OFFICE VISIT,IN-NETWORK,CO-PAY IN $,25,200,0,40,25,3,20,high,low,RISK,3
1,1,1,2,Bonus,4271,No,Rents,22,36,62,12,11,SPECIALIST OFFICE VISIT,IN-NETWORK,CO-PAY IN $,0,40,200,25,25,3,20,high,low,RISK,3
1,1,1,1,Hourly,4605,Yes,Rents,24,38,64,12,11,SPECIALIST OFFICE VISIT,IN-NETWORK,CO-PAY IN $,25,40,0,200,25,3,20,high,low,RISK,3
1,3,3,3,Salaried,3042,Yes,Rents,16,31,55,12,11,SPECIALIST OFFICE VISIT,IN-NETWORK,CO-PAY IN $,200,25,0,40,25,3,20,high,low,RISK,3
1,3,3,1,Hourly,170,No,Rents,37,31,59,12,11,SPECIALIST OFFICE VISIT,IN-NETWORK,CO-PAY IN $,40,25,0,200,25,3,20,high,low,RISK,3
1,1,1,3,Salaried,2062,No,Rents,20,47,55,12,11,SPECIALIST OFFICE VISIT,IN-NETWORK,CO-PAY IN $,0,200,40,25,25,3,20,high,low,RISK,3
2,2,3,3,Bonus,1962,No,Rents,15,41,60,12,11,SPECIALIST OFFICE VISIT,IN-NETWORK,CO-PAY IN $,200,40,25,0,25,3,20,high,low,RISK,3
1,1,1,1,Bonus,1006,No,Owns,27,35,73,12,11,SPECIALIST OFFICE VISIT,IN-NETWORK,CO-PAY IN $,0,200,25,40,25,3,20,high,low,RISK,3
1,3,2,3,Salaried,4555,No,Rents,20,24,60,12,11,SPECIALIST OFFICE VISIT,IN-NETWORK,CO-PAY IN $,40,0,200,25,25,3,20,high,low,RISK,3
3,1,2,1,Bonus,458,No,Rents,25,43,57,12,11,SPECIALIST OFFICE VISIT,IN-NETWORK,CO-PAY IN $,40,25,0,200,25,3,20,high,low,RISK,3
3,1,3,1,Hourly,1593,No,Owns,16,25,52,12,11,SPECIALIST OFFICE VISIT,IN-NETWORK,CO-PAY IN $,200,0,25,40,25,3,20,high,low,RISK,3
1,3,1,2,Hourly,4519,Yes,Owns,26,50,53,12,11,SPECIALIST OFFICE VISIT,IN-NETWORK,CO-PAY IN $,0,40,25,200,25,3,20,high,low,RISK,3
1,2,1,1,Bonus,2639,No,Rents,16,31,54,12,11,SPECIALIST OFFICE VISIT,IN-NETWORK,CO-PAY IN $,0,40,25,200,25,3,20,high,low,RISK,3
1,1,3,1,Hourly,2563,Yes,Rents,35,26,75,12,11,SPECIALIST OFFICE VISIT,IN-NETWORK,CO-PAY IN $,200,40,25,0,25,3,20,high,low,RISK,3
1,2,3,2,Bonus,2810,Yes,Owns,35,49,60,12,11,SPECIALIST OFFICE VISIT,IN-NETWORK,CO-PAY IN $,40,200,25,0,25,3,20,high,low,RISK,3
2,2,1,2,Hourly,2954,Yes,Owns,39,40,57,12,11,SPECIALIST OFFICE VISIT,IN-NETWORK,CO-PAY IN $,25,0,200,40,25,3,20,high,low,RISK,3
2,1,3,1,Hourly,2299,Yes,Owns,31,36,56,12,11,SPECIALIST OFFICE VISIT,IN-NETWORK,CO-PAY IN $,25,40,200,0,25,3,20,high,low,RISK,3
1,1,2,3,Hourly,1155,No,Rents,16,49,59,12,11,SPECIALIST OFFICE VISIT,IN-NETWORK,CO-PAY IN $,25,0,200,40,25,3,20,high,low,RISK,3
2,1,3,1,Bonus,1856,Yes,Rents,31,20,55,12,11,SPECIALIST OFFICE VISIT,IN-NETWORK,CO-PAY IN $,0,25,40,200,25,3,20,high,low,RISK,3
3,2,2,1,Salaried,3352,Yes,Rents,18,48,52,12,11,SPECIALIST OFFICE VISIT,IN-NETWORK,CO-PAY IN $,200,40,0,25,25,3,20,high,low,RISK,3
3,1,1,2,Hourly,3735,Yes,Owns,34,33,56,12,11,SPECIALIST OFFICE VISIT,IN-NETWORK,CO-PAY IN $,40,0,25,200,25,3,20,high,low,RISK,3
3,2,1,3,Salaried,1125,Yes,Rents,18,23,53,12,11,SPECIALIST OFFICE VISIT,IN-NETWORK,CO-PAY IN $,0,200,40,25,25,3,20,high,low,RISK,3
3,1,2,1,Bonus,4695,No,Owns,15,38,56,12,11,SPECIALIST OFFICE VISIT,IN-NETWORK,CO-PAY IN $,200,0,40,25,25,3,20,high,low,RISK,3
2,2,2,2,Salaried,1210,No,Rents,38,24,64,12,11,SPECIALIST OFFICE VISIT,IN-NETWORK,CO-PAY IN $,200,40,0,25,25,3,20,high,low,RISK,3
2,3,2,1,Bonus,3149,No,Owns,17,29,55,12,11,SPECIALIST OFFICE VISIT,IN-NETWORK,CO-PAY IN $,25,40,0,200,25,3,20,high,low,RISK,3
2,2,2,2,Bonus,3757,No,Rents,18,26,51,12,11,SPECIALIST OFFICE VISIT,IN-NETWORK,CO-PAY IN $,25,200,40,0,25,3,20,high,low,RISK,3
3,1,3,2,Salaried,4038,Yes,Rents,28,36,62,12,11,SPECIALIST OFFICE VISIT,IN-NETWORK,CO-PAY IN $,0,25,200,40,25,3,20,high,low,RISK,3
1,1,1,3,Bonus,381,No,Owns,20,38,64,12,11,SPECIALIST OFFICE VISIT,IN-NETWORK,CO-PAY IN $,200,40,0,25,25,3,20,high,low,RISK,3
1,1,1,2,Hourly,2879,Yes,Rents,37,31,55,12,11,SPECIALIST OFFICE VISIT,IN-NETWORK,CO-PAY IN $,40,0,200,25,25,3,20,high,low,RISK,3
2,3,1,1,Hourly,2246,No,Owns,38,31,59,12,11,SPECIALIST OFFICE VISIT,IN-NETWORK,CO-PAY IN $,25,200,40,0,25,3,20,high,low,RISK,3
1,3,2,1,Hourly,3337,No,Rents,18,47,55,12,11,SPECIALIST OFFICE VISIT,IN-NETWORK,CO-PAY IN $,0,40,25,200,25,3,20,high,low,RISK,3
2,2,1,2,Hourly,874,No,Owns,38,41,60,12,11,SPECIALIST OFFICE VISIT,IN-NETWORK,CO-PAY IN $,40,200,25,0,25,3,20,high,low,RISK,3
1,2,1,1,Hourly,4470,Yes,Owns,16,35,73,12,11,SPECIALIST OFFICE VISIT,IN-NETWORK,CO-PAY IN $,40,25,200,0,25,3,20,high,low,RISK,3
3,1,3,1,Hourly,3252,Yes,Owns,24,24,60,12,11,SPECIALIST OFFICE VISIT,IN-NETWORK,CO-PAY IN $,0,200,25,40,25,3,20,high,low,RISK,3
1,3,1,2,Hourly,176,Yes,Rents,23,43,57,12,11,SPECIALIST OFFICE VISIT,IN-NETWORK,CO-PAY IN $,25,0,40,200,25,3,20,high,low,RISK,3
2,1,3,1,Hourly,3681,Yes,Owns,17,25,52,12,11,SPECIALIST OFFICE VISIT,IN-NETWORK,CO-PAY IN $,40,25,0,200,25,3,20,high,low,RISK,3
1,3,2,3,Hourly,1019,Yes,Owns,35,50,53,12,11,SPECIALIST OFFICE VISIT,IN-NETWORK,CO-PAY IN $,40,200,25,0,25,3,20,high,low,RISK,3
1,3,2,1,Bonus,4493,Yes,Owns,39,31,54,12,11,SPECIALIST OFFICE VISIT,IN-NETWORK,CO-PAY IN $,0,200,40,25,25,3,20,high,low,RISK,3
1,3,3,1,Salaried,1012,Yes,Owns,34,26,75,12,11,SPECIALIST OFFICE VISIT,IN-NETWORK,CO-PAY IN $,40,25,0,200,25,3,20,high,low,RISK,3
1,1,2,1,Bonus,1248,Yes,Rents,18,49,60,12,11,SPECIALIST OFFICE VISIT,IN-NETWORK,CO-PAY IN $,40,0,200,25,25,3,20,high,low,RISK,3
1,1,2,1,Salaried,1214,No,Owns,17,40,57,12,11,SPECIALIST OFFICE VISIT,IN-NETWORK,CO-PAY IN $,25,40,200,0,25,3,20,high,low,RISK,3
2,1,1,1,Salaried,2852,Yes,Rents,18,36,56,12,11,SPECIALIST OFFICE VISIT,IN-NETWORK,CO-PAY IN $,25,200,0,40,25,3,20,high,low,RISK,3
2,1,1,1,Bonus,1440,Yes,Owns,24,49,59,12,11,SPECIALIST OFFICE VISIT,IN-NETWORK,CO-PAY IN $,200,40,0,25,25,3,20,high,low,RISK,3
3,1,3,1,Bonus,2951,No,Owns,26,20,55,12,11,SPECIALIST OFFICE VISIT,IN-NETWORK,CO-PAY IN $,40,25,0,200,25,3,20,high,low,RISK,3
4,3,2,4,Salaried,4377,No,Rents,46,73,76,12,12,SPECIALIST OFFICE VISIT,IN-NETWORK,CO-PAY IN $,200,0,40,25,25,3,50,high,low,RISK,3
2,3,4,2,Salaried,1919,No,Owns,48,61,80,12,12,SPECIALIST OFFICE VISIT,IN-NETWORK,CO-PAY IN $,0,25,200,40,25,3,50,high,low,RISK,3
4,4,3,2,Salaried,4671,Yes,Rents,57,53,77,12,12,SPECIALIST OFFICE VISIT,IN-NETWORK,CO-PAY IN $,40,0,25,200,25,3,50,high,low,RISK,3
4,4,2,2,Bonus,1139,No,Owns,52,65,80,12,12,SPECIALIST OFFICE VISIT,IN-NETWORK,CO-PAY IN $,40,25,0,200,25,3,50,high,low,RISK,3
3,4,4,3,Bonus,3085,No,Rents,45,54,88,12,12,SPECIALIST OFFICE VISIT,IN-NETWORK,CO-PAY IN $,40,200,25,0,25,3,50,high,low,RISK,3
3,4,4,3,Salaried,912,Yes,Rents,61,58,79,12,12,SPECIALIST OFFICE VISIT,IN-NETWORK,CO-PAY IN $,0,40,200,25,25,3,50,high,low,RISK,3
4,3,4,3,Hourly,3561,Yes,Owns,51,56,75,12,12,SPECIALIST OFFICE VISIT,IN-NETWORK,CO-PAY IN $,200,0,25,40,25,3,50,high,low,RISK,3
4,4,2,2,Hourly,4350,No,Rents,40,64,87,12,12,SPECIALIST OFFICE VISIT,IN-NETWORK,CO-PAY IN $,200,40,25,0,25,3,50,high,low,RISK,3
4,4,4,4,Salaried,3664,No,Owns,39,65,88,12,12,SPECIALIST OFFICE VISIT,IN-NETWORK,CO-PAY IN $,25,0,200,40,25,3,50,high,low,RISK,3
2,3,3,3,Bonus,1972,Yes,Owns,62,60,80,12,12,SPECIALIST OFFICE VISIT,IN-NETWORK,CO-PAY IN $,40,25,0,200,25,3,50,high,low,RISK,3
3,2,4,4,Salaried,1235,Yes,Rents,55,60,83,12,12,SPECIALIST OFFICE VISIT,IN-NETWORK,CO-PAY IN $,0,40,200,25,25,3,50,high,low,RISK,3
2,4,3,3,Bonus,2294,Yes,Owns,47,72,79,12,12,SPECIALIST OFFICE VISIT,IN-NETWORK,CO-PAY IN $,25,200,40,0,25,3,50,high,low,RISK,3
2,3,4,3,Salaried,4592,Yes,Rents,62,68,84,12,12,SPECIALIST OFFICE VISIT,IN-NETWORK,CO-PAY IN $,0,40,25,200,25,3,50,high,low,RISK,3
3,3,3,4,Hourly,2183,Yes,Owns,37,63,98,12,12,SPECIALIST OFFICE VISIT,IN-NETWORK,CO-PAY IN $,25,200,40,0,25,3,50,high,low,RISK,3
3,3,4,3,Salaried,1622,Yes,Rents,42,55,84,12,12,SPECIALIST OFFICE VISIT,IN-NETWORK,CO-PAY IN $,40,25,0,200,25,3,50,high,low,RISK,3
3,4,3,4,Salaried,4259,Yes,Rents,37,70,81,12,12,SPECIALIST OFFICE VISIT,IN-NETWORK,CO-PAY IN $,0,40,25,200,25,3,50,high,low,RISK,3
4,3,3,4,Salaried,4138,No,Owns,62,55,76,12,12,SPECIALIST OFFICE VISIT,IN-NETWORK,CO-PAY IN $,0,25,40,200,25,3,50,high,low,RISK,3
4,3,4,4,Bonus,2742,No,Owns,64,75,77,12,12,SPECIALIST OFFICE VISIT,IN-NETWORK,CO-PAY IN $,200,0,40,25,25,3,50,high,low,RISK,3
3,3,3,4,Bonus,4027,Yes,Rents,43,60,78,12,12,SPECIALIST OFFICE VISIT,IN-NETWORK,CO-PAY IN $,200,40,0,25,25,3,50,high,low,RISK,3
4,4,2,2,Bonus,3643,No,Rents,59,56,100,12,12,SPECIALIST OFFICE VISIT,IN-NETWORK,CO-PAY IN $,0,200,25,40,25,3,50,high,low,RISK,3
4,2,4,2,Salaried,1855,No,Rents,63,74,85,12,12,SPECIALIST OFFICE VISIT,IN-NETWORK,CO-PAY IN $,0,200,25,40,25,3,50,high,low,RISK,3
3,4,2,3,Bonus,4199,No,Owns,57,67,81,12,12,SPECIALIST OFFICE VISIT,IN-NETWORK,CO-PAY IN $,25,40,200,0,25,3,50,high,low,RISK,3
3,4,3,2,Salaried,358,No,Rents,50,64,80,12,12,SPECIALIST OFFICE VISIT,IN-NETWORK,CO-PAY IN $,40,0,200,25,25,3,50,high,low,RISK,3
4,3,4,3,Salaried,2175,No,Owns,59,75,83,12,12,SPECIALIST OFFICE VISIT,IN-NETWORK,CO-PAY IN $,40,0,25,200,25,3,50,high,low,RISK,3
4,4,2,2,Bonus,2804,No,Owns,48,51,79,12,12,SPECIALIST OFFICE VISIT,IN-NETWORK,CO-PAY IN $,0,200,25,40,25,3,50,high,low,RISK,3
4,3,4,2,Salaried,1366,No,Owns,56,61,80,12,12,SPECIALIST OFFICE VISIT,IN-NETWORK,CO-PAY IN $,40,200,25,0,25,3,50,high,low,RISK,3
2,4,4,4,Salaried,3990,No,Rents,53,53,77,12,12,SPECIALIST OFFICE VISIT,IN-NETWORK,CO-PAY IN $,25,40,0,200,25,3,50,high,low,RISK,3
2,4,3,3,Salaried,1625,No,Owns,60,65,80,12,12,SPECIALIST OFFICE VISIT,IN-NETWORK,CO-PAY IN $,40,0,200,25,25,3,50,high,low,RISK,3
4,4,3,3,Hourly,1178,No,Owns,35,54,88,12,12,SPECIALIST OFFICE VISIT,IN-NETWORK,CO-PAY IN $,40,200,25,0,25,3,50,high,low,RISK,3
3,3,2,2,Hourly,2665,No,Rents,41,58,79,12,12,SPECIALIST OFFICE VISIT,IN-NETWORK,CO-PAY IN $,40,0,25,200,25,3,50,high,low,RISK,3
4,4,4,2,Hourly,4144,No,Owns,44,56,75,12,12,SPECIALIST OFFICE VISIT,IN-NETWORK,CO-PAY IN $,200,25,0,40,25,3,50,high,low,RISK,3
3,3,4,3,Hourly,2547,Yes,Owns,55,64,87,12,12,SPECIALIST OFFICE VISIT,IN-NETWORK,CO-PAY IN $,40,0,200,25,25,3,50,high,low,RISK,3
4,3,4,2,Hourly,152,Yes,Owns,58,65,88,12,12,SPECIALIST OFFICE VISIT,IN-NETWORK,CO-PAY IN $,40,200,25,0,25,3,50,high,low,RISK,3
3,2,2,3,Bonus,2909,Yes,Rents,45,60,80,12,12,SPECIALIST OFFICE VISIT,IN-NETWORK,CO-PAY IN $,0,40,200,25,25,3,50,high,low,RISK,3
4,4,3,3,Bonus,2404,Yes,Owns,49,60,83,12,12,SPECIALIST OFFICE VISIT,IN-NETWORK,CO-PAY IN $,200,25,0,40,25,3,50,high,low,RISK,3
4,2,4,4,Bonus,144,Yes,Owns,46,72,79,12,12,SPECIALIST OFFICE VISIT,IN-NETWORK,CO-PAY IN $,200,40,0,25,25,3,50,high,low,RISK,3
4,2,4,2,Hourly,2250,No,Owns,48,68,84,12,12,SPECIALIST OFFICE VISIT,IN-NETWORK,CO-PAY IN $,200,0,25,40,25,3,50,high,low,RISK,3
4,3,3,3,Hourly,4826,No,Owns,47,63,98,12,12,SPECIALIST OFFICE VISIT,IN-NETWORK,CO-PAY IN $,25,40,0,200,25,3,50,high,low,RISK,3
4,4,2,3,Salaried,792,No,Owns,50,55,84,12,12,SPECIALIST OFFICE VISIT,IN-NETWORK,CO-PAY IN $,0,40,200,25,25,3,50,high,low,RISK,3
2,4,2,3,Hourly,3429,No,Rents,58,70,81,12,12,SPECIALIST OFFICE VISIT,IN-NETWORK,CO-PAY IN $,40,25,200,0,25,3,50,high,low,RISK,3
3,4,3,4,Hourly,1596,Yes,Owns,50,55,76,12,12,SPECIALIST OFFICE VISIT,IN-NETWORK,CO-PAY IN $,200,0,40,25,25,3,50,high,low,RISK,3
4,4,4,3,Salaried,83,Yes,Owns,40,75,77,12,12,SPECIALIST OFFICE VISIT,IN-NETWORK,CO-PAY IN $,200,40,0,25,25,3,50,high,low,RISK,3
4,4,3,4,Salaried,3601,No,Owns,38,60,78,12,12,SPECIALIST OFFICE VISIT,IN-NETWORK,CO-PAY IN $,0,25,200,40,25,3,50,high,low,RISK,3
3,4,2,4,Bonus,861,No,Owns,58,56,100,12,12,SPECIALIST OFFICE VISIT,IN-NETWORK,CO-PAY IN $,40,25,0,200,25,3,50,high,low,RISK,3
2,4,4,4,Salaried,2240,Yes,Rents,59,74,85,12,12,SPECIALIST OFFICE VISIT,IN-NETWORK,CO-PAY IN $,200,40,0,25,25,3,50,high,low,RISK,3
3,3,2,2,Hourly,2384,No,Rents,37,67,81,12,12,SPECIALIST OFFICE VISIT,IN-NETWORK,CO-PAY IN $,25,0,200,40,25,3,50,high,low,RISK,3
2,2,3,3,Bonus,2363,Yes,Rents,52,64,80,12,12,SPECIALIST OFFICE VISIT,IN-NETWORK,CO-PAY IN $,0,40,200,25,25,3,50,high,low,RISK,3
3,3,4,2,Salaried,4539,No,Owns,45,75,83,12,12,SPECIALIST OFFICE VISIT,IN-NETWORK,CO-PAY IN $,200,0,40,25,25,3,50,high,low,RISK,3
3,3,2,2,Bonus,489,No,Rents,45,51,79,12,12,SPECIALIST OFFICE VISIT,IN-NETWORK,CO-PAY IN $,0,200,40,25,25,3,50,high,low,RISK,3
4,4,2,4,Bonus,4623,Yes,Owns,40,73,76,12,12,SPECIALIST OFFICE VISIT,IN-NETWORK,CO-PAY IN $,0,25,40,200,25,3,50,high,low,RISK,3
3,3,3,2,Salaried,153,Yes,Owns,36,61,80,12,12,SPECIALIST OFFICE VISIT,IN-NETWORK,CO-PAY IN $,25,0,200,40,25,3,50,high,low,RISK,3
3,4,4,4,Salaried,3954,No,Owns,38,53,77,12,12,SPECIALIST OFFICE VISIT,IN-NETWORK,CO-PAY IN $,40,25,0,200,25,3,50,high,low,RISK,3
3,3,2,3,Salaried,4742,No,Rents,35,65,80,12,12,SPECIALIST OFFICE VISIT,IN-NETWORK,CO-PAY IN $,25,0,40,200,25,3,50,high,low,RISK,3
2,2,3,3,Bonus,3409,Yes,Rents,54,58,79,12,12,SPECIALIST OFFICE VISIT,IN-NETWORK,CO-PAY IN $,25,200,0,40,25,3,50,high,low,RISK,3
3,3,4,3,Bonus,3179,No,Rents,42,56,75,12,12,SPECIALIST OFFICE VISIT,IN-NETWORK,CO-PAY IN $,40,200,0,25,25,3,50,high,low,RISK,3
3,3,2,4,Bonus,4271,No,Rents,43,64,87,12,12,SPECIALIST OFFICE VISIT,IN-NETWORK,CO-PAY IN $,200,0,40,25,25,3,50,high,low,RISK,3
3,3,3,2,Hourly,4605,Yes,Rents,46,65,88,12,12,SPECIALIST OFFICE VISIT,IN-NETWORK,CO-PAY IN $,25,40,200,0,25,3,50,high,low,RISK,3
2,4,4,4,Salaried,3042,Yes,Rents,37,60,80,12,12,SPECIALIST OFFICE VISIT,IN-NETWORK,CO-PAY IN $,0,200,25,40,25,3,50,high,low,RISK,3
2,4,4,3,Hourly,170,No,Rents,61,60,83,12,12,SPECIALIST OFFICE VISIT,IN-NETWORK,CO-PAY IN $,0,40,200,25,25,3,50,high,low,RISK,3
2,3,3,4,Salaried,2062,No,Rents,40,72,79,12,12,SPECIALIST OFFICE VISIT,IN-NETWORK,CO-PAY IN $,25,0,200,40,25,3,50,high,low,RISK,3
4,4,4,4,Bonus,1962,No,Rents,35,68,84,12,12,SPECIALIST OFFICE VISIT,IN-NETWORK,CO-PAY IN $,25,200,40,0,25,3,50,high,low,RISK,3
2,2,3,2,Bonus,1006,No,Owns,50,63,98,12,12,SPECIALIST OFFICE VISIT,IN-NETWORK,CO-PAY IN $,40,200,25,0,25,3,50,high,low,RISK,3
2,4,3,4,Salaried,4555,No,Rents,42,55,84,12,12,SPECIALIST OFFICE VISIT,IN-NETWORK,CO-PAY IN $,40,25,200,0,25,3,50,high,low,RISK,3
4,3,4,3,Bonus,458,No,Rents,46,70,81,12,12,SPECIALIST OFFICE VISIT,IN-NETWORK,CO-PAY IN $,40,0,25,200,25,3,50,high,low,RISK,3
4,3,4,3,Hourly,1593,No,Owns,36,55,76,12,12,SPECIALIST OFFICE VISIT,IN-NETWORK,CO-PAY IN $,0,40,200,25,25,3,50,high,low,RISK,3
3,4,2,3,Hourly,4519,Yes,Owns,48,75,77,12,12,SPECIALIST OFFICE VISIT,IN-NETWORK,CO-PAY IN $,200,0,25,40,25,3,50,high,low,RISK,3
2,4,3,3,Bonus,2639,No,Rents,36,60,78,12,12,SPECIALIST OFFICE VISIT,IN-NETWORK,CO-PAY IN $,0,25,40,200,25,3,50,high,low,RISK,3
2,3,4,3,Hourly,2563,Yes,Rents,59,56,100,12,12,SPECIALIST OFFICE VISIT,IN-NETWORK,CO-PAY IN $,0,200,25,40,25,3,50,high,low,RISK,3
3,4,4,4,Bonus,2810,Yes,Owns,58,74,85,12,12,SPECIALIST OFFICE VISIT,IN-NETWORK,CO-PAY IN $,0,40,25,200,25,3,50,high,low,RISK,3
3,4,3,4,Hourly,2954,Yes,Owns,64,67,81,12,12,SPECIALIST OFFICE VISIT,IN-NETWORK,CO-PAY IN $,25,200,40,0,25,3,50,high,low,RISK,3
3,2,4,3,Hourly,2299,Yes,Owns,54,64,80,12,12,SPECIALIST OFFICE VISIT,IN-NETWORK,CO-PAY IN $,25,40,0,200,25,3,50,high,low,RISK,3
2,3,4,4,Hourly,1155,No,Rents,37,75,83,12,12,SPECIALIST OFFICE VISIT,IN-NETWORK,CO-PAY IN $,40,0,25,200,25,3,50,high,low,RISK,3
4,2,4,3,Bonus,1856,Yes,Rents,55,51,79,12,12,SPECIALIST OFFICE VISIT,IN-NETWORK,CO-PAY IN $,0,40,200,25,25,3,50,high,low,RISK,3
4,4,3,3,Salaried,3352,Yes,Rents,38,73,76,12,12,SPECIALIST OFFICE VISIT,IN-NETWORK,CO-PAY IN $,200,0,25,40,25,3,50,high,low,RISK,3
4,3,2,3,Hourly,3735,Yes,Owns,58,61,80,12,12,SPECIALIST OFFICE VISIT,IN-NETWORK,CO-PAY IN $,0,200,25,40,25,3,50,high,low,RISK,3
4,3,3,4,Salaried,1125,Yes,Rents,38,53,77,12,12,SPECIALIST OFFICE VISIT,IN-NETWORK,CO-PAY IN $,40,200,25,0,25,3,50,high,low,RISK,3
4,2,4,2,Bonus,4695,No,Owns,35,65,80,12,12,SPECIALIST OFFICE VISIT,IN-NETWORK,CO-PAY IN $,0,40,200,25,25,3,50,high,low,RISK,3
3,3,3,4,Salaried,1210,No,Rents,62,54,88,12,12,SPECIALIST OFFICE VISIT,IN-NETWORK,CO-PAY IN $,0,25,40,200,25,3,50,high,low,RISK,3
4,4,4,2,Bonus,3149,No,Owns,37,58,79,12,12,SPECIALIST OFFICE VISIT,IN-NETWORK,CO-PAY IN $,25,200,40,0,25,3,50,high,low,RISK,3
4,3,4,4,Bonus,3757,No,Rents,38,56,75,12,12,SPECIALIST OFFICE VISIT,IN-NETWORK,CO-PAY IN $,200,0,25,40,25,3,50,high,low,RISK,3
4,3,4,4,Salaried,4038,Yes,Rents,51,64,87,12,12,SPECIALIST OFFICE VISIT,IN-NETWORK,CO-PAY IN $,25,40,0,200,25,3,50,high,low,RISK,3
2,3,3,4,Bonus,381,No,Owns,41,65,88,12,12,SPECIALIST OFFICE VISIT,IN-NETWORK,CO-PAY IN $,0,200,40,25,25,3,50,high,low,RISK,3
3,3,3,3,Hourly,2879,Yes,Rents,61,60,80,12,12,SPECIALIST OFFICE VISIT,IN-NETWORK,CO-PAY IN $,0,200,25,40,25,3,50,high,low,RISK,3
4,4,3,2,Hourly,2246,No,Owns,62,60,83,12,12,SPECIALIST OFFICE VISIT,IN-NETWORK,CO-PAY IN $,40,0,200,25,25,3,50,high,low,RISK,3
2,4,3,2,Hourly,3337,No,Rents,39,72,79,12,12,SPECIALIST OFFICE VISIT,IN-NETWORK,CO-PAY IN $,25,0,40,200,25,3,50,high,low,RISK,3
4,3,3,4,Hourly,874,No,Owns,63,68,84,12,12,SPECIALIST OFFICE VISIT,IN-NETWORK,CO-PAY IN $,40,200,0,25,25,3,50,high,low,RISK,3
3,4,2,3,Hourly,4470,Yes,Owns,36,63,98,12,12,SPECIALIST OFFICE VISIT,IN-NETWORK,CO-PAY IN $,200,25,0,40,25,3,50,high,low,RISK,3
4,3,4,3,Hourly,3252,Yes,Owns,46,55,84,12,12,SPECIALIST OFFICE VISIT,IN-NETWORK,CO-PAY IN $,25,40,200,0,25,3,50,high,low,RISK,3
3,4,2,3,Hourly,176,Yes,Rents,45,70,81,12,12,SPECIALIST OFFICE VISIT,IN-NETWORK,CO-PAY IN $,40,200,0,25,25,3,50,high,low,RISK,3
4,3,4,2,Hourly,3681,Yes,Owns,38,55,76,12,12,SPECIALIST OFFICE VISIT,IN-NETWORK,CO-PAY IN $,40,200,0,25,25,3,50,high,low,RISK,3
3,4,4,4,Hourly,1019,Yes,Owns,59,75,77,12,12,SPECIALIST OFFICE VISIT,IN-NETWORK,CO-PAY IN $,25,40,0,200,25,3,50,high,low,RISK,3
3,4,4,3,Bonus,4493,Yes,Owns,64,60,78,12,12,SPECIALIST OFFICE VISIT,IN-NETWORK,CO-PAY IN $,40,0,25,200,25,3,50,high,low,RISK,3
3,4,4,2,Salaried,1012,Yes,Owns,58,56,100,12,12,SPECIALIST OFFICE VISIT,IN-NETWORK,CO-PAY IN $,40,25,0,200,25,3,50,high,low,RISK,3
2,2,4,3,Bonus,1248,Yes,Rents,39,74,85,12,12,SPECIALIST OFFICE VISIT,IN-NETWORK,CO-PAY IN $,40,25,200,0,25,3,50,high,low,RISK,3
2,3,3,3,Salaried,1214,No,Owns,37,67,81,12,12,SPECIALIST OFFICE VISIT,IN-NETWORK,CO-PAY IN $,25,200,0,40,25,3,50,high,low,RISK,3
4,3,3,2,Salaried,2852,Yes,Rents,38,64,80,12,12,SPECIALIST OFFICE VISIT,IN-NETWORK,CO-PAY IN $,25,0,40,200,25,3,50,high,low,RISK,3
3,3,2,2,Bonus,1440,Yes,Owns,46,75,83,12,12,SPECIALIST OFFICE VISIT,IN-NETWORK,CO-PAY IN $,200,25,0,40,25,3,50,high,low,RISK,3
4,2,4,3,Bonus,2951,No,Owns,48,51,79,12,12,SPECIALIST OFFICE VISIT,IN-NETWORK,CO-PAY IN $,0,200,40,25,25,3,50,high,low,RISK,3
1,0,0,1,Salaried,4377,No,Rents,4,9,1,12,13,SPECIALIST OFFICE VISIT,IN-NETWORK,CO-PAY IN $,25,200,40,0,25,3,5,high,high,RISK,4
0,0,1,0,Salaried,1919,No,Owns,4,4,5,12,13,SPECIALIST OFFICE VISIT,IN-NETWORK,CO-PAY IN $,200,25,40,0,25,3,5,high,high,RISK,4
0,0,0,0,Salaried,4671,Yes,Rents,7,1,2,12,13,SPECIALIST OFFICE VISIT,IN-NETWORK,CO-PAY IN $,200,40,25,0,25,3,5,high,high,RISK,4
1,1,0,0,Bonus,1139,No,Owns,6,6,5,12,13,SPECIALIST OFFICE VISIT,IN-NETWORK,CO-PAY IN $,40,200,25,0,25,3,5,high,high,RISK,4
0,1,1,0,Bonus,3085,No,Rents,3,1,13,12,13,SPECIALIST OFFICE VISIT,IN-NETWORK,CO-PAY IN $,200,0,25,40,25,3,5,high,high,RISK,4
0,1,1,0,Salaried,912,Yes,Rents,9,3,4,12,13,SPECIALIST OFFICE VISIT,IN-NETWORK,CO-PAY IN $,200,40,25,0,25,3,5,high,high,RISK,4
1,0,1,0,Hourly,3561,Yes,Owns,5,2,0,12,13,SPECIALIST OFFICE VISIT,IN-NETWORK,CO-PAY IN $,200,25,40,0,25,3,5,high,high,RISK,4
1,1,0,0,Hourly,4350,No,Rents,2,5,12,12,13,SPECIALIST OFFICE VISIT,IN-NETWORK,CO-PAY IN $,40,25,200,0,25,3,5,high,high,RISK,4
1,1,0,1,Salaried,3664,No,Owns,1,6,13,12,13,SPECIALIST OFFICE VISIT,IN-NETWORK,CO-PAY IN $,200,0,40,25,25,3,5,high,high,RISK,4
0,0,0,0,Bonus,1972,Yes,Owns,9,4,5,12,13,SPECIALIST OFFICE VISIT,IN-NETWORK,CO-PAY IN $,200,0,25,40,25,3,5,high,high,RISK,4
0,0,1,1,Salaried,1235,Yes,Rents,7,4,8,12,13,SPECIALIST OFFICE VISIT,IN-NETWORK,CO-PAY IN $,200,40,0,25,25,3,5,high,high,RISK,4
0,1,0,0,Bonus,2294,Yes,Owns,4,9,4,12,13,SPECIALIST OFFICE VISIT,IN-NETWORK,CO-PAY IN $,0,40,200,25,25,3,5,high,high,RISK,4
0,0,1,0,Salaried,4592,Yes,Rents,9,7,9,12,13,SPECIALIST OFFICE VISIT,IN-NETWORK,CO-PAY IN $,25,200,0,40,25,3,5,high,high,RISK,4
0,0,0,1,Hourly,2183,Yes,Owns,1,5,23,12,13,SPECIALIST OFFICE VISIT,IN-NETWORK,CO-PAY IN $,25,40,200,0,25,3,5,high,high,RISK,4
0,0,1,0,Salaried,1622,Yes,Rents,2,1,9,12,13,SPECIALIST OFFICE VISIT,IN-NETWORK,CO-PAY IN $,0,25,40,200,25,3,5,high,high,RISK,4
0,1,0,1,Salaried,4259,Yes,Rents,1,8,6,12,13,SPECIALIST OFFICE VISIT,IN-NETWORK,CO-PAY IN $,200,25,0,40,25,3,5,high,high,RISK,4
1,0,0,1,Salaried,4138,No,Owns,9,2,1,12,13,SPECIALIST OFFICE VISIT,IN-NETWORK,CO-PAY IN $,200,25,0,40,25,3,5,high,high,RISK,4
1,0,0,1,Bonus,2742,No,Owns,10,10,2,12,13,SPECIALIST OFFICE VISIT,IN-NETWORK,CO-PAY IN $,0,200,25,40,25,3,5,high,high,RISK,4
0,0,0,1,Bonus,4027,Yes,Rents,3,4,3,12,13,SPECIALIST OFFICE VISIT,IN-NETWORK,CO-PAY IN $,40,200,0,25,25,3,5,high,high,RISK,4
1,0,0,0,Bonus,3643,No,Rents,8,2,25,12,13,SPECIALIST OFFICE VISIT,IN-NETWORK,CO-PAY IN $,40,200,0,25,25,3,5,high,high,RISK,4
1,0,1,0,Salaried,1855,No,Rents,9,10,10,12,13,SPECIALIST OFFICE VISIT,IN-NETWORK,CO-PAY IN $,40,0,25,200,25,3,5,high,high,RISK,4
0,1,0,0,Bonus,4199,No,Owns,7,7,6,12,13,SPECIALIST OFFICE VISIT,IN-NETWORK,CO-PAY IN $,40,200,25,0,25,3,5,high,high,RISK,4
0,1,0,0,Salaried,358,No,Rents,5,5,5,12,13,SPECIALIST OFFICE VISIT,IN-NETWORK,CO-PAY IN $,40,200,25,0,25,3,5,high,high,RISK,4
0,0,1,0,Salaried,2175,No,Owns,8,10,8,12,13,SPECIALIST OFFICE VISIT,IN-NETWORK,CO-PAY IN $,0,40,200,25,25,3,5,high,high,RISK,4
0,1,0,0,Bonus,2804,No,Owns,4,0,4,12,13,SPECIALIST OFFICE VISIT,IN-NETWORK,CO-PAY IN $,40,25,0,200,25,3,5,high,high,RISK,4
1,1,1,0,Bonus,2793,Yes,Owns,9,9,1,12,13,SPECIALIST OFFICE VISIT,IN-NETWORK,CO-PAY IN $,0,25,40,200,25,3,5,high,high,RISK,4
1,0,1,0,Salaried,1366,No,Owns,7,4,5,12,13,SPECIALIST OFFICE VISIT,IN-NETWORK,CO-PAY IN $,25,200,40,0,25,3,5,high,high,RISK,4
0,1,1,1,Salaried,3990,No,Rents,6,1,2,12,13,SPECIALIST OFFICE VISIT,IN-NETWORK,CO-PAY IN $,200,25,0,40,25,3,5,high,high,RISK,4
0,0,0,0,Salaried,1625,No,Owns,8,6,5,12,13,SPECIALIST OFFICE VISIT,IN-NETWORK,CO-PAY IN $,40,0,25,200,25,3,5,high,high,RISK,4
1,1,0,0,Hourly,1178,No,Owns,0,1,13,12,13,SPECIALIST OFFICE VISIT,IN-NETWORK,CO-PAY IN $,0,25,40,200,25,3,5,high,high,RISK,4
0,0,0,0,Hourly,2665,No,Rents,2,3,4,12,13,SPECIALIST OFFICE VISIT,IN-NETWORK,CO-PAY IN $,0,25,40,200,25,3,5,high,high,RISK,4
1,1,1,0,Hourly,4144,No,Owns,3,2,0,12,13,SPECIALIST OFFICE VISIT,IN-NETWORK,CO-PAY IN $,200,40,25,0,25,3,5,high,high,RISK,4
0,0,1,0,Hourly,2547,Yes,Owns,7,5,12,12,13,SPECIALIST OFFICE VISIT,IN-NETWORK,CO-PAY IN $,40,200,0,25,25,3,5,high,high,RISK,4
1,0,1,0,Hourly,152,Yes,Owns,8,6,13,12,13,SPECIALIST OFFICE VISIT,IN-NETWORK,CO-PAY IN $,40,25,200,0,25,3,5,high,high,RISK,4
0,0,0,0,Bonus,2909,Yes,Rents,3,4,5,12,13,SPECIALIST OFFICE VISIT,IN-NETWORK,CO-PAY IN $,40,25,0,200,25,3,5,high,high,RISK,4
1,1,0,0,Bonus,2404,Yes,Owns,5,4,8,12,13,SPECIALIST OFFICE VISIT,IN-NETWORK,CO-PAY IN $,200,25,0,40,25,3,5,high,high,RISK,4
1,0,1,1,Bonus,144,Yes,Owns,4,9,4,12,13,SPECIALIST OFFICE VISIT,IN-NETWORK,CO-PAY IN $,0,200,25,40,25,3,5,high,high,RISK,4
1,0,1,0,Hourly,2250,No,Owns,4,7,9,12,13,SPECIALIST OFFICE VISIT,IN-NETWORK,CO-PAY IN $,0,40,25,200,25,3,5,high,high,RISK,4
1,0,0,0,Hourly,4826,No,Owns,4,5,23,12,13,SPECIALIST OFFICE VISIT,IN-NETWORK,CO-PAY IN $,200,25,0,40,25,3,5,high,high,RISK,4
1,1,0,0,Salaried,792,No,Owns,5,1,9,12,13,SPECIALIST OFFICE VISIT,IN-NETWORK,CO-PAY IN $,200,40,25,0,25,3,5,high,high,RISK,4
0,1,0,0,Hourly,3429,No,Rents,8,8,6,12,13,SPECIALIST OFFICE VISIT,IN-NETWORK,CO-PAY IN $,40,25,200,0,25,3,5,high,high,RISK,4
0,1,0,0,Hourly,1596,Yes,Owns,5,2,1,12,13,SPECIALIST OFFICE VISIT,IN-NETWORK,CO-PAY IN $,200,40,25,0,25,3,5,high,high,RISK,4
1,1,1,0,Salaried,83,Yes,Owns,2,10,2,12,13,SPECIALIST OFFICE VISIT,IN-NETWORK,CO-PAY IN $,40,200,25,0,25,3,5,high,high,RISK,4
1,1,0,1,Salaried,3601,No,Owns,1,4,3,12,13,SPECIALIST OFFICE VISIT,IN-NETWORK,CO-PAY IN $,25,0,200,40,25,3,5,high,high,RISK,4
0,0,0,1,Bonus,861,No,Owns,8,2,25,12,13,SPECIALIST OFFICE VISIT,IN-NETWORK,CO-PAY IN $,0,40,25,200,25,3,5,high,high,RISK,4
0,1,1,1,Salaried,2240,Yes,Rents,8,10,10,12,13,SPECIALIST OFFICE VISIT,IN-NETWORK,CO-PAY IN $,25,40,0,200,25,3,5,high,high,RISK,4
0,0,0,0,Hourly,2384,No,Rents,1,7,6,12,13,SPECIALIST OFFICE VISIT,IN-NETWORK,CO-PAY IN $,0,40,25,200,25,3,5,high,high,RISK,4
0,0,0,0,Bonus,2363,Yes,Rents,6,5,5,12,13,SPECIALIST OFFICE VISIT,IN-NETWORK,CO-PAY IN $,40,200,0,25,25,3,5,high,high,RISK,4
0,0,1,0,Salaried,4539,No,Owns,3,10,8,12,13,SPECIALIST OFFICE VISIT,IN-NETWORK,CO-PAY IN $,0,25,200,40,25,3,5,high,high,RISK,4
0,0,0,0,Bonus,489,No,Rents,3,0,4,12,13,SPECIALIST OFFICE VISIT,IN-NETWORK,CO-PAY IN $,25,0,200,40,25,3,5,high,high,RISK,4
0,1,0,1,Bonus,4623,Yes,Owns,2,9,1,12,13,SPECIALIST OFFICE VISIT,IN-NETWORK,CO-PAY IN $,200,0,25,40,25,3,5,high,high,RISK,4
0,0,0,0,Salaried,153,Yes,Owns,0,4,5,12,13,SPECIALIST OFFICE VISIT,IN-NETWORK,CO-PAY IN $,200,0,25,40,25,3,5,high,high,RISK,4
0,1,1,0,Salaried,3954,No,Owns,1,1,2,12,13,SPECIALIST OFFICE VISIT,IN-NETWORK,CO-PAY IN $,200,25,40,0,25,3,5,high,high,RISK,4
0,0,0,0,Salaried,4742,No,Rents,0,6,5,12,13,SPECIALIST OFFICE VISIT,IN-NETWORK,CO-PAY IN $,25,40,0,200,25,3,5,high,high,RISK,4
0,0,0,0,Hourly,3289,No,Rents,8,1,13,12,13,SPECIALIST OFFICE VISIT,IN-NETWORK,CO-PAY IN $,40,25,200,0,25,3,5,high,high,RISK,4
0,0,0,0,Bonus,3409,Yes,Rents,6,3,4,12,13,SPECIALIST OFFICE VISIT,IN-NETWORK,CO-PAY IN $,200,25,40,0,25,3,5,high,high,RISK,4
0,0,1,0,Bonus,3179,No,Rents,2,2,0,12,13,SPECIALIST OFFICE VISIT,IN-NETWORK,CO-PAY IN $,40,0,200,25,25,3,5,high,high,RISK,4
0,0,0,0,Bonus,4271,No,Rents,3,5,12,12,13,SPECIALIST OFFICE VISIT,IN-NETWORK,CO-PAY IN $,25,40,0,200,25,3,5,high,high,RISK,4
0,0,0,0,Hourly,4605,Yes,Rents,4,6,13,12,13,SPECIALIST OFFICE VISIT,IN-NETWORK,CO-PAY IN $,200,40,25,0,25,3,5,high,high,RISK,4
0,1,1,1,Salaried,3042,Yes,Rents,1,4,5,12,13,SPECIALIST OFFICE VISIT,IN-NETWORK,CO-PAY IN $,40,25,200,0,25,3,5,high,high,RISK,4
0,1,1,0,Hourly,170,No,Rents,9,4,8,12,13,SPECIALIST OFFICE VISIT,IN-NETWORK,CO-PAY IN $,200,0,25,40,25,3,5,high,high,RISK,4
0,0,0,1,Salaried,2062,No,Rents,2,9,4,12,13,SPECIALIST OFFICE VISIT,IN-NETWORK,CO-PAY IN $,40,0,25,200,25,3,5,high,high,RISK,4
1,0,1,1,Bonus,1962,No,Rents,0,7,9,12,13,SPECIALIST OFFICE VISIT,IN-NETWORK,CO-PAY IN $,200,40,0,25,25,3,5,high,high,RISK,4
0,0,0,0,Bonus,1006,No,Owns,5,5,23,12,13,SPECIALIST OFFICE VISIT,IN-NETWORK,CO-PAY IN $,40,200,25,0,25,3,5,high,high,RISK,4
0,1,0,1,Salaried,4555,No,Rents,2,1,9,12,13,SPECIALIST OFFICE VISIT,IN-NETWORK,CO-PAY IN $,40,200,25,0,25,3,5,high,high,RISK,4
1,0,1,0,Bonus,458,No,Rents,4,8,6,12,13,SPECIALIST OFFICE VISIT,IN-NETWORK,CO-PAY IN $,25,40,0,200,25,3,5,high,high,RISK,4
1,0,1,0,Hourly,1593,No,Owns,0,2,1,12,13,SPECIALIST OFFICE VISIT,IN-NETWORK,CO-PAY IN $,40,200,0,25,25,3,5,high,high,RISK,4
0,1,0,0,Hourly,4519,Yes,Owns,4,10,2,12,13,SPECIALIST OFFICE VISIT,IN-NETWORK,CO-PAY IN $,0,200,25,40,25,3,5,high,high,RISK,4
0,0,1,0,Hourly,2563,Yes,Rents,8,2,25,12,13,SPECIALIST OFFICE VISIT,IN-NETWORK,CO-PAY IN $,0,40,25,200,25,3,5,high,high,RISK,4
0,0,1,1,Bonus,2810,Yes,Owns,8,10,10,12,13,SPECIALIST OFFICE VISIT,IN-NETWORK,CO-PAY IN $,40,0,200,25,25,3,5,high,high,RISK,4
0,0,0,1,Hourly,2954,Yes,Owns,10,7,6,12,13,SPECIALIST OFFICE VISIT,IN-NETWORK,CO-PAY IN $,25,40,200,0,25,3,5,high,high,RISK,4
0,0,1,0,Hourly,2299,Yes,Owns,6,5,5,12,13,SPECIALIST OFFICE VISIT,IN-NETWORK,CO-PAY IN $,200,25,0,40,25,3,5,high,high,RISK,4
1,0,1,0,Bonus,1856,Yes,Rents,7,0,4,12,13,SPECIALIST OFFICE VISIT,IN-NETWORK,CO-PAY IN $,25,0,200,40,25,3,5,high,high,RISK,4
1,1,0,0,Salaried,3352,Yes,Rents,1,9,1,12,13,SPECIALIST OFFICE VISIT,IN-NETWORK,CO-PAY IN $,200,40,25,0,25,3,5,high,high,RISK,4
1,0,0,0,Hourly,3735,Yes,Owns,8,4,5,12,13,SPECIALIST OFFICE VISIT,IN-NETWORK,CO-PAY IN $,0,25,40,200,25,3,5,high,high,RISK,4
1,0,0,1,Salaried,1125,Yes,Rents,1,1,2,12,13,SPECIALIST OFFICE VISIT,IN-NETWORK,CO-PAY IN $,200,25,40,0,25,3,5,high,high,RISK,4
1,0,1,0,Bonus,4695,No,Owns,0,6,5,12,13,SPECIALIST OFFICE VISIT,IN-NETWORK,CO-PAY IN $,0,25,200,40,25,3,5,high,high,RISK,4
0,0,0,1,Salaried,1210,No,Rents,9,1,13,12,13,SPECIALIST OFFICE VISIT,IN-NETWORK,CO-PAY IN $,25,200,40,0,25,3,5,high,high,RISK,4
1,1,1,0,Bonus,3149,No,Owns,1,3,4,12,13,SPECIALIST OFFICE VISIT,IN-NETWORK,CO-PAY IN $,40,0,25,200,25,3,5,high,high,RISK,4
1,0,0,0,Bonus,3757,No,Rents,1,2,0,12,13,SPECIALIST OFFICE VISIT,IN-NETWORK,CO-PAY IN $,25,200,40,0,25,3,5,high,high,RISK,4
1,0,1,1,Salaried,4038,Yes,Rents,5,5,12,12,13,SPECIALIST OFFICE VISIT,IN-NETWORK,CO-PAY IN $,200,0,25,40,25,3,5,high,high,RISK,4
0,0,0,1,Bonus,381,No,Owns,2,6,13,12,13,SPECIALIST OFFICE VISIT,IN-NETWORK,CO-PAY IN $,200,40,0,25,25,3,5,high,high,RISK,4
0,0,0,0,Hourly,2879,Yes,Rents,9,4,5,12,13,SPECIALIST OFFICE VISIT,IN-NETWORK,CO-PAY IN $,200,0,40,25,25,3,5,high,high,RISK,4
0,1,0,0,Hourly,2246,No,Owns,9,4,8,12,13,SPECIALIST OFFICE VISIT,IN-NETWORK,CO-PAY IN $,40,200,25,0,25,3,5,high,high,RISK,4
0,1,0,0,Hourly,3337,No,Rents,1,9,4,12,13,SPECIALIST OFFICE VISIT,IN-NETWORK,CO-PAY IN $,200,25,0,40,25,3,5,high,high,RISK,4
1,0,0,0,Hourly,874,No,Owns,9,7,9,12,13,SPECIALIST OFFICE VISIT,IN-NETWORK,CO-PAY IN $,40,200,0,25,25,3,5,high,high,RISK,4
0,1,0,0,Hourly,4470,Yes,Owns,0,5,23,12,13,SPECIALIST OFFICE VISIT,IN-NETWORK,CO-PAY IN $,200,40,25,0,25,3,5,high,high,RISK,4
1,0,1,0,Hourly,3252,Yes,Owns,4,1,9,12,13,SPECIALIST OFFICE VISIT,IN-NETWORK,CO-PAY IN $,40,200,0,25,25,3,5,high,high,RISK,4
0,1,0,0,Hourly,176,Yes,Rents,3,8,6,12,13,SPECIALIST OFFICE VISIT,IN-NETWORK,CO-PAY IN $,40,0,25,200,25,3,5,high,high,RISK,4
0,0,1,0,Hourly,3681,Yes,Owns,1,2,1,12,13,SPECIALIST OFFICE VISIT,IN-NETWORK,CO-PAY IN $,0,200,40,25,25,3,5,high,high,RISK,4
0,1,1,1,Hourly,1019,Yes,Owns,8,10,2,12,13,SPECIALIST OFFICE VISIT,IN-NETWORK,CO-PAY IN $,25,200,0,40,25,3,5,high,high,RISK,4
0,1,1,0,Bonus,4493,Yes,Owns,10,4,3,12,13,SPECIALIST OFFICE VISIT,IN-NETWORK,CO-PAY IN $,25,40,0,200,25,3,5,high,high,RISK,4
0,1,1,0,Salaried,1012,Yes,Owns,8,2,25,12,13,SPECIALIST OFFICE VISIT,IN-NETWORK,CO-PAY IN $,0,40,200,25,25,3,5,high,high,RISK,4
0,0,0,0,Bonus,1248,Yes,Rents,1,10,10,12,13,SPECIALIST OFFICE VISIT,IN-NETWORK,CO-PAY IN $,0,200,25,40,25,3,5,high,high,RISK,4
1,0,0,0,Salaried,2852,Yes,Rents,1,5,5,12,13,SPECIALIST OFFICE VISIT,IN-NETWORK,CO-PAY IN $,0,200,25,40,25,3,5,high,high,RISK,4
0,0,0,0,Bonus,1440,Yes,Owns,4,10,8,12,13,SPECIALIST OFFICE VISIT,IN-NETWORK,CO-PAY IN $,200,0,40,25,25,3,5,high,high,RISK,4
1,0,1,0,Bonus,2951,No,Owns,4,0,4,12,13,SPECIALIST OFFICE VISIT,IN-NETWORK,CO-PAY IN $,0,40,200,25,25,3,5,high,high,RISK,4
2,1,0,2,Salaried,4377,No,Rents,10,19,27,12,14,SPECIALIST OFFICE VISIT,IN-NETWORK,CO-PAY IN $,0,25,200,40,25,3,10,high,high,RISK,4
0,1,1,0,Salaried,1919,No,Owns,10,15,31,12,14,SPECIALIST OFFICE VISIT,IN-NETWORK,CO-PAY IN $,40,25,0,200,25,3,10,high,high,RISK,4
1,1,0,0,Salaried,4671,Yes,Rents,15,12,28,12,14,SPECIALIST OFFICE VISIT,IN-NETWORK,CO-PAY IN $,25,0,40,200,25,3,10,high,high,RISK,4
2,1,0,0,Bonus,1139,No,Owns,13,16,31,12,14,SPECIALIST OFFICE VISIT,IN-NETWORK,CO-PAY IN $,200,0,40,25,25,3,10,high,high,RISK,4
1,1,2,1,Bonus,3085,No,Rents,9,12,39,12,14,SPECIALIST OFFICE VISIT,IN-NETWORK,CO-PAY IN $,25,200,40,0,25,3,10,high,high,RISK,4
0,1,2,0,Salaried,912,Yes,Rents,16,14,30,12,14,SPECIALIST OFFICE VISIT,IN-NETWORK,CO-PAY IN $,200,0,40,25,25,3,10,high,high,RISK,4
1,0,2,1,Hourly,3561,Yes,Owns,12,13,26,12,14,SPECIALIST OFFICE VISIT,IN-NETWORK,CO-PAY IN $,25,200,40,0,25,3,10,high,high,RISK,4
1,2,0,0,Hourly,4350,No,Rents,7,16,37,12,14,SPECIALIST OFFICE VISIT,IN-NETWORK,CO-PAY IN $,25,200,0,40,25,3,10,high,high,RISK,4
2,2,1,2,Salaried,3664,No,Owns,7,16,39,12,14,SPECIALIST OFFICE VISIT,IN-NETWORK,CO-PAY IN $,200,0,25,40,25,3,10,high,high,RISK,4
0,0,0,1,Bonus,1972,Yes,Owns,17,14,30,12,14,SPECIALIST OFFICE VISIT,IN-NETWORK,CO-PAY IN $,200,25,0,40,25,3,10,high,high,RISK,4
1,0,2,2,Salaried,1235,Yes,Rents,14,14,34,12,14,SPECIALIST OFFICE VISIT,IN-NETWORK,CO-PAY IN $,0,40,200,25,25,3,10,high,high,RISK,4
0,2,0,1,Bonus,2294,Yes,Owns,10,19,30,12,14,SPECIALIST OFFICE VISIT,IN-NETWORK,CO-PAY IN $,200,25,40,0,25,3,10,high,high,RISK,4
0,1,2,0,Salaried,4592,Yes,Rents,16,17,35,12,14,SPECIALIST OFFICE VISIT,IN-NETWORK,CO-PAY IN $,25,40,0,200,25,3,10,high,high,RISK,4
0,0,1,1,Hourly,2183,Yes,Owns,6,15,48,12,14,SPECIALIST OFFICE VISIT,IN-NETWORK,CO-PAY IN $,0,40,25,200,25,3,10,high,high,RISK,4
1,1,2,1,Salaried,1622,Yes,Rents,8,12,35,12,14,SPECIALIST OFFICE VISIT,IN-NETWORK,CO-PAY IN $,0,200,40,25,25,3,10,high,high,RISK,4
2,1,1,2,Salaried,4138,No,Owns,17,13,27,12,14,SPECIALIST OFFICE VISIT,IN-NETWORK,CO-PAY IN $,200,25,40,0,25,3,10,high,high,RISK,4
2,0,1,2,Bonus,2742,No,Owns,17,20,28,12,14,SPECIALIST OFFICE VISIT,IN-NETWORK,CO-PAY IN $,200,25,40,0,25,3,10,high,high,RISK,4
1,1,0,2,Bonus,4027,Yes,Rents,8,14,29,12,14,SPECIALIST OFFICE VISIT,IN-NETWORK,CO-PAY IN $,40,200,25,0,25,3,10,high,high,RISK,4
1,1,0,0,Bonus,3643,No,Rents,16,13,50,12,14,SPECIALIST OFFICE VISIT,IN-NETWORK,CO-PAY IN $,0,25,200,40,25,3,10,high,high,RISK,4
1,0,2,0,Salaried,1855,No,Rents,17,20,35,12,14,SPECIALIST OFFICE VISIT,IN-NETWORK,CO-PAY IN $,40,200,0,25,25,3,10,high,high,RISK,4
1,2,0,1,Bonus,4199,No,Owns,14,17,32,12,14,SPECIALIST OFFICE VISIT,IN-NETWORK,CO-PAY IN $,40,200,25,0,25,3,10,high,high,RISK,4
0,2,1,0,Salaried,358,No,Rents,12,16,31,12,14,SPECIALIST OFFICE VISIT,IN-NETWORK,CO-PAY IN $,0,40,200,25,25,3,10,high,high,RISK,4
1,1,1,1,Salaried,2175,No,Owns,16,20,34,12,14,SPECIALIST OFFICE VISIT,IN-NETWORK,CO-PAY IN $,40,25,0,200,25,3,10,high,high,RISK,4
1,1,0,0,Bonus,2804,No,Owns,11,11,30,12,14,SPECIALIST OFFICE VISIT,IN-NETWORK,CO-PAY IN $,200,40,0,25,25,3,10,high,high,RISK,4
2,1,2,1,Bonus,2793,Yes,Owns,17,19,27,12,14,SPECIALIST OFFICE VISIT,IN-NETWORK,CO-PAY IN $,0,25,200,40,25,3,10,high,high,RISK,4
2,0,2,0,Salaried,1366,No,Owns,14,15,31,12,14,SPECIALIST OFFICE VISIT,IN-NETWORK,CO-PAY IN $,0,25,200,40,25,3,10,high,high,RISK,4
0,1,1,2,Salaried,3990,No,Rents,13,12,28,12,14,SPECIALIST OFFICE VISIT,IN-NETWORK,CO-PAY IN $,200,0,25,40,25,3,10,high,high,RISK,4
0,1,1,0,Salaried,1625,No,Owns,16,16,31,12,14,SPECIALIST OFFICE VISIT,IN-NETWORK,CO-PAY IN $,0,25,200,40,25,3,10,high,high,RISK,4
1,2,0,0,Hourly,1178,No,Owns,5,12,39,12,14,SPECIALIST OFFICE VISIT,IN-NETWORK,CO-PAY IN $,0,40,200,25,25,3,10,high,high,RISK,4
1,1,0,0,Hourly,2665,No,Rents,8,14,30,12,14,SPECIALIST OFFICE VISIT,IN-NETWORK,CO-PAY IN $,40,25,200,0,25,3,10,high,high,RISK,4
1,1,2,0,Hourly,4144,No,Owns,9,13,26,12,14,SPECIALIST OFFICE VISIT,IN-NETWORK,CO-PAY IN $,200,25,40,0,25,3,10,high,high,RISK,4
1,1,2,0,Hourly,2547,Yes,Owns,14,16,37,12,14,SPECIALIST OFFICE VISIT,IN-NETWORK,CO-PAY IN $,40,25,0,200,25,3,10,high,high,RISK,4
1,1,1,0,Hourly,152,Yes,Owns,15,16,39,12,14,SPECIALIST OFFICE VISIT,IN-NETWORK,CO-PAY IN $,0,25,40,200,25,3,10,high,high,RISK,4
0,0,0,0,Bonus,2909,Yes,Rents,9,14,30,12,14,SPECIALIST OFFICE VISIT,IN-NETWORK,CO-PAY IN $,0,40,200,25,25,3,10,high,high,RISK,4
2,2,1,1,Bonus,2404,Yes,Owns,11,14,34,12,14,SPECIALIST OFFICE VISIT,IN-NETWORK,CO-PAY IN $,40,0,25,200,25,3,10,high,high,RISK,4
2,0,1,2,Bonus,144,Yes,Owns,10,19,30,12,14,SPECIALIST OFFICE VISIT,IN-NETWORK,CO-PAY IN $,25,40,0,200,25,3,10,high,high,RISK,4
2,0,1,0,Hourly,2250,No,Owns,11,17,35,12,14,SPECIALIST OFFICE VISIT,IN-NETWORK,CO-PAY IN $,25,0,200,40,25,3,10,high,high,RISK,4
2,0,0,0,Hourly,4826,No,Owns,10,15,48,12,14,SPECIALIST OFFICE VISIT,IN-NETWORK,CO-PAY IN $,40,0,25,200,25,3,10,high,high,RISK,4
1,1,0,0,Salaried,792,No,Owns,12,12,35,12,14,SPECIALIST OFFICE VISIT,IN-NETWORK,CO-PAY IN $,200,0,25,40,25,3,10,high,high,RISK,4
0,2,0,1,Hourly,3429,No,Rents,15,18,32,12,14,SPECIALIST OFFICE VISIT,IN-NETWORK,CO-PAY IN $,200,25,40,0,25,3,10,high,high,RISK,4
0,2,0,1,Hourly,1596,Yes,Owns,11,13,27,12,14,SPECIALIST OFFICE VISIT,IN-NETWORK,CO-PAY IN $,40,200,25,0,25,3,10,high,high,RISK,4
1,1,2,0,Salaried,83,Yes,Owns,7,20,28,12,14,SPECIALIST OFFICE VISIT,IN-NETWORK,CO-PAY IN $,0,200,40,25,25,3,10,high,high,RISK,4
1,2,0,2,Salaried,3601,No,Owns,6,14,29,12,14,SPECIALIST OFFICE VISIT,IN-NETWORK,CO-PAY IN $,40,25,200,0,25,3,10,high,high,RISK,4
1,1,0,1,Bonus,861,No,Owns,15,13,50,12,14,SPECIALIST OFFICE VISIT,IN-NETWORK,CO-PAY IN $,0,25,200,40,25,3,10,high,high,RISK,4
0,2,2,2,Salaried,2240,Yes,Rents,15,20,35,12,14,SPECIALIST OFFICE VISIT,IN-NETWORK,CO-PAY IN $,40,0,200,25,25,3,10,high,high,RISK,4
1,0,0,0,Hourly,2384,No,Rents,6,17,32,12,14,SPECIALIST OFFICE VISIT,IN-NETWORK,CO-PAY IN $,25,0,200,40,25,3,10,high,high,RISK,4
0,0,0,0,Bonus,2363,Yes,Rents,12,16,31,12,14,SPECIALIST OFFICE VISIT,IN-NETWORK,CO-PAY IN $,40,25,200,0,25,3,10,high,high,RISK,4
1,1,2,0,Salaried,4539,No,Owns,10,20,34,12,14,SPECIALIST OFFICE VISIT,IN-NETWORK,CO-PAY IN $,40,200,0,25,25,3,10,high,high,RISK,4
1,1,0,0,Bonus,489,No,Rents,9,11,30,12,14,SPECIALIST OFFICE VISIT,IN-NETWORK,CO-PAY IN $,200,0,25,40,25,3,10,high,high,RISK,4
1,2,0,2,Bonus,4623,Yes,Owns,7,19,27,12,14,SPECIALIST OFFICE VISIT,IN-NETWORK,CO-PAY IN $,40,0,25,200,25,3,10,high,high,RISK,4
1,0,0,0,Salaried,153,Yes,Owns,5,15,31,12,14,SPECIALIST OFFICE VISIT,IN-NETWORK,CO-PAY IN $,40,0,200,25,25,3,10,high,high,RISK,4
0,2,2,1,Salaried,3954,No,Owns,6,12,28,12,14,SPECIALIST OFFICE VISIT,IN-NETWORK,CO-PAY IN $,200,40,0,25,25,3,10,high,high,RISK,4
0,1,0,0,Salaried,4742,No,Rents,5,16,31,12,14,SPECIALIST OFFICE VISIT,IN-NETWORK,CO-PAY IN $,40,25,0,200,25,3,10,high,high,RISK,4
0,0,0,1,Hourly,3289,No,Rents,15,12,39,12,14,SPECIALIST OFFICE VISIT,IN-NETWORK,CO-PAY IN $,25,40,0,200,25,3,10,high,high,RISK,4
0,0,1,1,Bonus,3409,Yes,Rents,13,14,30,12,14,SPECIALIST OFFICE VISIT,IN-NETWORK,CO-PAY IN $,25,40,200,0,25,3,10,high,high,RISK,4
0,0,2,1,Bonus,3179,No,Rents,8,13,26,12,14,SPECIALIST OFFICE VISIT,IN-NETWORK,CO-PAY IN $,40,200,25,0,25,3,10,high,high,RISK,4
0,0,0,1,Bonus,4271,No,Rents,9,16,37,12,14,SPECIALIST OFFICE VISIT,IN-NETWORK,CO-PAY IN $,40,200,0,25,25,3,10,high,high,RISK,4
0,0,0,0,Hourly,4605,Yes,Rents,10,16,39,12,14,SPECIALIST OFFICE VISIT,IN-NETWORK,CO-PAY IN $,200,25,0,40,25,3,10,high,high,RISK,4
0,2,2,2,Salaried,3042,Yes,Rents,6,14,30,12,14,SPECIALIST OFFICE VISIT,IN-NETWORK,CO-PAY IN $,25,40,0,200,25,3,10,high,high,RISK,4
0,2,2,0,Hourly,170,No,Rents,16,14,34,12,14,SPECIALIST OFFICE VISIT,IN-NETWORK,CO-PAY IN $,40,25,0,200,25,3,10,high,high,RISK,4
0,1,0,2,Salaried,2062,No,Rents,7,19,30,12,14,SPECIALIST OFFICE VISIT,IN-NETWORK,CO-PAY IN $,200,40,0,25,25,3,10,high,high,RISK,4
1,1,2,2,Bonus,1962,No,Rents,5,17,35,12,14,SPECIALIST OFFICE VISIT,IN-NETWORK,CO-PAY IN $,200,25,40,0,25,3,10,high,high,RISK,4
0,0,0,0,Bonus,1006,No,Owns,11,15,48,12,14,SPECIALIST OFFICE VISIT,IN-NETWORK,CO-PAY IN $,200,25,40,0,25,3,10,high,high,RISK,4
0,2,1,2,Salaried,4555,No,Rents,8,12,35,12,14,SPECIALIST OFFICE VISIT,IN-NETWORK,CO-PAY IN $,25,200,40,0,25,3,10,high,high,RISK,4
2,1,1,0,Bonus,458,No,Rents,10,18,32,12,14,SPECIALIST OFFICE VISIT,IN-NETWORK,CO-PAY IN $,25,40,200,0,25,3,10,high,high,RISK,4
2,0,2,1,Hourly,1593,No,Owns,5,13,27,12,14,SPECIALIST OFFICE VISIT,IN-NETWORK,CO-PAY IN $,25,40,0,200,25,3,10,high,high,RISK,4
0,2,0,1,Hourly,4519,Yes,Owns,11,20,28,12,14,SPECIALIST OFFICE VISIT,IN-NETWORK,CO-PAY IN $,40,0,200,25,25,3,10,high,high,RISK,4
0,1,0,0,Bonus,2639,No,Rents,5,14,29,12,14,SPECIALIST OFFICE VISIT,IN-NETWORK,CO-PAY IN $,0,40,200,25,25,3,10,high,high,RISK,4
0,0,2,1,Hourly,2563,Yes,Rents,15,13,50,12,14,SPECIALIST OFFICE VISIT,IN-NETWORK,CO-PAY IN $,40,0,25,200,25,3,10,high,high,RISK,4
0,1,2,1,Bonus,2810,Yes,Owns,15,20,35,12,14,SPECIALIST OFFICE VISIT,IN-NETWORK,CO-PAY IN $,25,40,0,200,25,3,10,high,high,RISK,4
1,1,0,1,Hourly,2954,Yes,Owns,18,17,32,12,14,SPECIALIST OFFICE VISIT,IN-NETWORK,CO-PAY IN $,0,25,40,200,25,3,10,high,high,RISK,4
1,0,2,0,Hourly,2299,Yes,Owns,13,16,31,12,14,SPECIALIST OFFICE VISIT,IN-NETWORK,CO-PAY IN $,200,40,25,0,25,3,10,high,high,RISK,4
0,0,1,2,Hourly,1155,No,Rents,6,20,34,12,14,SPECIALIST OFFICE VISIT,IN-NETWORK,CO-PAY IN $,40,200,0,25,25,3,10,high,high,RISK,4
1,0,2,0,Bonus,1856,Yes,Rents,14,11,30,12,14,SPECIALIST OFFICE VISIT,IN-NETWORK,CO-PAY IN $,200,40,0,25,25,3,10,high,high,RISK,4
2,1,1,0,Salaried,3352,Yes,Rents,6,19,27,12,14,SPECIALIST OFFICE VISIT,IN-NETWORK,CO-PAY IN $,40,200,25,0,25,3,10,high,high,RISK,4
2,0,0,1,Hourly,3735,Yes,Owns,15,15,31,12,14,SPECIALIST OFFICE VISIT,IN-NETWORK,CO-PAY IN $,40,0,25,200,25,3,10,high,high,RISK,4
2,1,0,2,Salaried,1125,Yes,Rents,6,12,28,12,14,SPECIALIST OFFICE VISIT,IN-NETWORK,CO-PAY IN $,40,25,0,200,25,3,10,high,high,RISK,4
2,0,1,0,Bonus,4695,No,Owns,5,16,31,12,14,SPECIALIST OFFICE VISIT,IN-NETWORK,CO-PAY IN $,0,40,200,25,25,3,10,high,high,RISK,4
1,1,1,1,Salaried,1210,No,Rents,17,12,39,12,14,SPECIALIST OFFICE VISIT,IN-NETWORK,CO-PAY IN $,25,40,0,200,25,3,10,high,high,RISK,4
1,2,1,0,Bonus,3149,No,Owns,6,14,30,12,14,SPECIALIST OFFICE VISIT,IN-NETWORK,CO-PAY IN $,25,0,40,200,25,3,10,high,high,RISK,4
1,1,1,1,Bonus,3757,No,Rents,6,13,26,12,14,SPECIALIST OFFICE VISIT,IN-NETWORK,CO-PAY IN $,25,200,40,0,25,3,10,high,high,RISK,4
1,0,2,1,Salaried,4038,Yes,Rents,12,16,37,12,14,SPECIALIST OFFICE VISIT,IN-NETWORK,CO-PAY IN $,40,200,25,0,25,3,10,high,high,RISK,4
0,0,0,2,Bonus,381,No,Owns,8,16,39,12,14,SPECIALIST OFFICE VISIT,IN-NETWORK,CO-PAY IN $,40,0,25,200,25,3,10,high,high,RISK,4
0,0,1,1,Hourly,2879,Yes,Rents,16,14,30,12,14,SPECIALIST OFFICE VISIT,IN-NETWORK,CO-PAY IN $,200,40,0,25,25,3,10,high,high,RISK,4
1,2,0,0,Hourly,2246,No,Owns,17,14,34,12,14,SPECIALIST OFFICE VISIT,IN-NETWORK,CO-PAY IN $,0,25,200,40,25,3,10,high,high,RISK,4
0,2,1,0,Hourly,3337,No,Rents,7,19,30,12,14,SPECIALIST OFFICE VISIT,IN-NETWORK,CO-PAY IN $,25,40,200,0,25,3,10,high,high,RISK,4
1,1,1,1,Hourly,874,No,Owns,17,17,35,12,14,SPECIALIST OFFICE VISIT,IN-NETWORK,CO-PAY IN $,0,40,25,200,25,3,10,high,high,RISK,4
0,1,0,0,Hourly,4470,Yes,Owns,6,15,48,12,14,SPECIALIST OFFICE VISIT,IN-NETWORK,CO-PAY IN $,0,40,200,25,25,3,10,high,high,RISK,4
2,0,1,1,Hourly,3252,Yes,Owns,10,12,35,12,14,SPECIALIST OFFICE VISIT,IN-NETWORK,CO-PAY IN $,200,40,0,25,25,3,10,high,high,RISK,4
0,2,0,1,Hourly,176,Yes,Rents,9,18,32,12,14,SPECIALIST OFFICE VISIT,IN-NETWORK,CO-PAY IN $,40,200,0,25,25,3,10,high,high,RISK,4
1,0,2,0,Hourly,3681,Yes,Owns,6,13,27,12,14,SPECIALIST OFFICE VISIT,IN-NETWORK,CO-PAY IN $,40,25,200,0,25,3,10,high,high,RISK,4
1,2,1,2,Hourly,1019,Yes,Owns,15,20,28,12,14,SPECIALIST OFFICE VISIT,IN-NETWORK,CO-PAY IN $,40,25,0,200,25,3,10,high,high,RISK,4
1,2,1,1,Bonus,4493,Yes,Owns,18,14,29,12,14,SPECIALIST OFFICE VISIT,IN-NETWORK,CO-PAY IN $,200,25,40,0,25,3,10,high,high,RISK,4
1,2,2,0,Salaried,1012,Yes,Owns,15,13,50,12,14,SPECIALIST OFFICE VISIT,IN-NETWORK,CO-PAY IN $,0,25,40,200,25,3,10,high,high,RISK,4
0,0,1,1,Bonus,1248,Yes,Rents,7,20,35,12,14,SPECIALIST OFFICE VISIT,IN-NETWORK,CO-PAY IN $,40,200,0,25,25,3,10,high,high,RISK,4
0,0,1,0,Salaried,1214,No,Owns,6,17,32,12,14,SPECIALIST OFFICE VISIT,IN-NETWORK,CO-PAY IN $,200,25,0,40,25,3,10,high,high,RISK,4
1,0,1,0,Salaried,2852,Yes,Rents,6,16,31,12,14,SPECIALIST OFFICE VISIT,IN-NETWORK,CO-PAY IN $,0,40,25,200,25,3,10,high,high,RISK,4
1,0,0,0,Bonus,1440,Yes,Owns,10,20,34,12,14,SPECIALIST OFFICE VISIT,IN-NETWORK,CO-PAY IN $,25,0,200,40,25,3,10,high,high,RISK,4
1,0,1,0,Bonus,2951,No,Owns,11,11,30,12,14,SPECIALIST OFFICE VISIT,IN-NETWORK,CO-PAY IN $,0,40,200,25,25,3,10,high,high,RISK,4
3,2,1,3,Salaried,4377,No,Rents,24,48,52,12,15,SPECIALIST OFFICE VISIT,IN-NETWORK,CO-PAY IN $,200,40,25,0,0,4,20,high,high,RISK,4
1,1,2,1,Salaried,1919,No,Owns,25,33,56,12,15,SPECIALIST OFFICE VISIT,IN-NETWORK,CO-PAY IN $,0,200,40,25,0,4,20,high,high,RISK,4
2,2,1,1,Salaried,4671,Yes,Rents,33,23,53,12,15,SPECIALIST OFFICE VISIT,IN-NETWORK,CO-PAY IN $,0,40,25,200,0,4,20,high,high,RISK,4
3,2,1,1,Bonus,1139,No,Owns,29,38,56,12,15,SPECIALIST OFFICE VISIT,IN-NETWORK,CO-PAY IN $,25,200,40,0,0,4,20,high,high,RISK,4
1,2,3,2,Bonus,3085,No,Rents,23,24,64,12,15,SPECIALIST OFFICE VISIT,IN-NETWORK,CO-PAY IN $,0,25,40,200,0,4,20,high,high,RISK,4
1,2,3,1,Salaried,912,Yes,Rents,37,29,55,12,15,SPECIALIST OFFICE VISIT,IN-NETWORK,CO-PAY IN $,25,40,0,200,0,4,20,high,high,RISK,4
2,1,3,2,Hourly,3561,Yes,Owns,28,26,51,12,15,SPECIALIST OFFICE VISIT,IN-NETWORK,CO-PAY IN $,25,200,0,40,0,4,20,high,high,RISK,4
2,3,1,1,Hourly,4350,No,Rents,19,36,62,12,15,SPECIALIST OFFICE VISIT,IN-NETWORK,CO-PAY IN $,25,40,200,0,0,4,20,high,high,RISK,4
3,3,2,3,Salaried,3664,No,Owns,18,38,64,12,15,SPECIALIST OFFICE VISIT,IN-NETWORK,CO-PAY IN $,40,25,200,0,0,4,20,high,high,RISK,4
1,1,1,1,Bonus,1972,Yes,Owns,38,31,55,12,15,SPECIALIST OFFICE VISIT,IN-NETWORK,CO-PAY IN $,200,0,40,25,0,4,20,high,high,RISK,4
1,1,3,3,Salaried,1235,Yes,Rents,32,31,59,12,15,SPECIALIST OFFICE VISIT,IN-NETWORK,CO-PAY IN $,0,25,40,200,0,4,20,high,high,RISK,4
1,3,1,2,Bonus,2294,Yes,Owns,25,47,55,12,15,SPECIALIST OFFICE VISIT,IN-NETWORK,CO-PAY IN $,200,25,0,40,0,4,20,high,high,RISK,4
1,2,3,1,Salaried,4592,Yes,Rents,37,41,60,12,15,SPECIALIST OFFICE VISIT,IN-NETWORK,CO-PAY IN $,25,40,200,0,0,4,20,high,high,RISK,4
1,1,1,2,Hourly,2183,Yes,Owns,16,35,73,12,15,SPECIALIST OFFICE VISIT,IN-NETWORK,CO-PAY IN $,40,25,0,200,0,4,20,high,high,RISK,4
2,2,3,2,Salaried,1622,Yes,Rents,21,24,60,12,15,SPECIALIST OFFICE VISIT,IN-NETWORK,CO-PAY IN $,0,200,25,40,0,4,20,high,high,RISK,4
2,3,1,3,Salaried,4259,Yes,Rents,17,43,57,12,15,SPECIALIST OFFICE VISIT,IN-NETWORK,CO-PAY IN $,200,40,0,25,0,4,20,high,high,RISK,4
3,2,2,3,Salaried,4138,No,Owns,37,25,52,12,15,SPECIALIST OFFICE VISIT,IN-NETWORK,CO-PAY IN $,0,200,25,40,0,4,20,high,high,RISK,4
3,1,2,3,Bonus,2742,No,Owns,39,50,53,12,15,SPECIALIST OFFICE VISIT,IN-NETWORK,CO-PAY IN $,0,200,25,40,0,4,20,high,high,RISK,4
1,1,1,3,Bonus,4027,Yes,Rents,21,31,54,12,15,SPECIALIST OFFICE VISIT,IN-NETWORK,CO-PAY IN $,0,25,40,200,0,4,20,high,high,RISK,4
2,2,1,1,Bonus,3643,No,Rents,35,26,75,12,15,SPECIALIST OFFICE VISIT,IN-NETWORK,CO-PAY IN $,0,200,40,25,0,4,20,high,high,RISK,4
2,1,3,1,Salaried,1855,No,Rents,39,49,60,12,15,SPECIALIST OFFICE VISIT,IN-NETWORK,CO-PAY IN $,40,25,0,200,0,4,20,high,high,RISK,4
1,3,1,1,Bonus,4199,No,Owns,33,40,57,12,15,SPECIALIST OFFICE VISIT,IN-NETWORK,CO-PAY IN $,40,0,25,200,0,4,20,high,high,RISK,4
1,3,2,1,Salaried,358,No,Rents,28,36,56,12,15,SPECIALIST OFFICE VISIT,IN-NETWORK,CO-PAY IN $,40,200,25,0,0,4,20,high,high,RISK,4
2,2,2,1,Salaried,2175,No,Owns,35,49,59,12,15,SPECIALIST OFFICE VISIT,IN-NETWORK,CO-PAY IN $,25,0,200,40,0,4,20,high,high,RISK,4
2,2,1,1,Bonus,2804,No,Owns,26,20,55,12,15,SPECIALIST OFFICE VISIT,IN-NETWORK,CO-PAY IN $,25,200,0,40,0,4,20,high,high,RISK,4
3,3,3,2,Bonus,2793,Yes,Owns,39,48,52,12,15,SPECIALIST OFFICE VISIT,IN-NETWORK,CO-PAY IN $,25,200,0,40,0,4,20,high,high,RISK,4
3,1,3,1,Salaried,1366,No,Owns,32,33,56,12,15,SPECIALIST OFFICE VISIT,IN-NETWORK,CO-PAY IN $,200,25,0,40,0,4,20,high,high,RISK,4
1,2,2,3,Salaried,3990,No,Rents,30,23,53,12,15,SPECIALIST OFFICE VISIT,IN-NETWORK,CO-PAY IN $,40,200,25,0,0,4,20,high,high,RISK,4
1,2,2,1,Salaried,1625,No,Owns,36,38,56,12,15,SPECIALIST OFFICE VISIT,IN-NETWORK,CO-PAY IN $,200,40,25,0,0,4,20,high,high,RISK,4
2,3,1,1,Hourly,1178,No,Owns,15,24,64,12,15,SPECIALIST OFFICE VISIT,IN-NETWORK,CO-PAY IN $,200,25,40,0,0,4,20,high,high,RISK,4
2,1,1,1,Hourly,2665,No,Rents,20,29,55,12,15,SPECIALIST OFFICE VISIT,IN-NETWORK,CO-PAY IN $,0,40,25,200,0,4,20,high,high,RISK,4
2,3,3,1,Hourly,4144,No,Owns,23,26,51,12,15,SPECIALIST OFFICE VISIT,IN-NETWORK,CO-PAY IN $,40,25,200,0,0,4,20,high,high,RISK,4
2,2,3,1,Hourly,2547,Yes,Owns,32,36,62,12,15,SPECIALIST OFFICE VISIT,IN-NETWORK,CO-PAY IN $,0,40,25,200,0,4,20,high,high,RISK,4
2,1,2,1,Hourly,152,Yes,Owns,34,38,64,12,15,SPECIALIST OFFICE VISIT,IN-NETWORK,CO-PAY IN $,200,0,25,40,0,4,20,high,high,RISK,4
3,3,2,2,Bonus,2404,Yes,Owns,27,31,59,12,15,SPECIALIST OFFICE VISIT,IN-NETWORK,CO-PAY IN $,0,25,200,40,0,4,20,high,high,RISK,4
3,1,2,3,Bonus,144,Yes,Owns,24,47,55,12,15,SPECIALIST OFFICE VISIT,IN-NETWORK,CO-PAY IN $,40,200,25,0,0,4,20,high,high,RISK,4
3,1,2,1,Hourly,2250,No,Owns,26,41,60,12,15,SPECIALIST OFFICE VISIT,IN-NETWORK,CO-PAY IN $,0,40,25,200,0,4,20,high,high,RISK,4
3,1,1,1,Hourly,4826,No,Owns,25,35,73,12,15,SPECIALIST OFFICE VISIT,IN-NETWORK,CO-PAY IN $,25,0,200,40,0,4,20,high,high,RISK,4
2,2,1,1,Salaried,792,No,Owns,28,24,60,12,15,SPECIALIST OFFICE VISIT,IN-NETWORK,CO-PAY IN $,40,200,0,25,0,4,20,high,high,RISK,4
1,3,1,2,Hourly,3429,No,Rents,34,43,57,12,15,SPECIALIST OFFICE VISIT,IN-NETWORK,CO-PAY IN $,200,40,25,0,0,4,20,high,high,RISK,4
1,3,1,2,Hourly,1596,Yes,Owns,27,25,52,12,15,SPECIALIST OFFICE VISIT,IN-NETWORK,CO-PAY IN $,200,40,25,0,0,4,20,high,high,RISK,4
2,3,3,1,Salaried,83,Yes,Owns,19,50,53,12,15,SPECIALIST OFFICE VISIT,IN-NETWORK,CO-PAY IN $,0,40,200,25,0,4,20,high,high,RISK,4
2,3,1,3,Salaried,3601,No,Owns,17,31,54,12,15,SPECIALIST OFFICE VISIT,IN-NETWORK,CO-PAY IN $,0,40,200,25,0,4,20,high,high,RISK,4
2,2,1,2,Bonus,861,No,Owns,34,26,75,12,15,SPECIALIST OFFICE VISIT,IN-NETWORK,CO-PAY IN $,200,0,25,40,0,4,20,high,high,RISK,4
1,3,3,3,Salaried,2240,Yes,Rents,35,49,60,12,15,SPECIALIST OFFICE VISIT,IN-NETWORK,CO-PAY IN $,25,200,0,40,0,4,20,high,high,RISK,4
1,1,1,1,Hourly,2384,No,Rents,17,40,57,12,15,SPECIALIST OFFICE VISIT,IN-NETWORK,CO-PAY IN $,0,25,40,200,0,4,20,high,high,RISK,4
1,1,1,1,Bonus,2363,Yes,Rents,29,36,56,12,15,SPECIALIST OFFICE VISIT,IN-NETWORK,CO-PAY IN $,0,25,40,200,0,4,20,high,high,RISK,4
2,1,3,1,Salaried,4539,No,Owns,24,49,59,12,15,SPECIALIST OFFICE VISIT,IN-NETWORK,CO-PAY IN $,200,25,40,0,0,4,20,high,high,RISK,4
2,1,1,1,Bonus,489,No,Rents,23,20,55,12,15,SPECIALIST OFFICE VISIT,IN-NETWORK,CO-PAY IN $,40,25,0,200,0,4,20,high,high,RISK,4
2,3,1,3,Bonus,4623,Yes,Owns,19,48,52,12,15,SPECIALIST OFFICE VISIT,IN-NETWORK,CO-PAY IN $,200,40,25,0,0,4,20,high,high,RISK,4
2,1,1,1,Salaried,153,Yes,Owns,15,33,56,12,15,SPECIALIST OFFICE VISIT,IN-NETWORK,CO-PAY IN $,200,0,40,25,0,4,20,high,high,RISK,4
1,3,3,2,Salaried,3954,No,Owns,17,23,53,12,15,SPECIALIST OFFICE VISIT,IN-NETWORK,CO-PAY IN $,25,40,0,200,0,4,20,high,high,RISK,4
1,2,1,1,Salaried,4742,No,Rents,15,38,56,12,15,SPECIALIST OFFICE VISIT,IN-NETWORK,CO-PAY IN $,25,200,0,40,0,4,20,high,high,RISK,4
1,1,1,2,Hourly,3289,No,Rents,35,24,64,12,15,SPECIALIST OFFICE VISIT,IN-NETWORK,CO-PAY IN $,0,200,25,40,0,4,20,high,high,RISK,4
1,1,2,2,Bonus,3409,Yes,Rents,30,29,55,12,15,SPECIALIST OFFICE VISIT,IN-NETWORK,CO-PAY IN $,0,25,40,200,0,4,20,high,high,RISK,4
1,1,3,2,Bonus,3179,No,Rents,21,26,51,12,15,SPECIALIST OFFICE VISIT,IN-NETWORK,CO-PAY IN $,40,200,25,0,0,4,20,high,high,RISK,4
1,1,1,2,Bonus,4271,No,Rents,22,36,62,12,15,SPECIALIST OFFICE VISIT,IN-NETWORK,CO-PAY IN $,25,0,40,200,0,4,20,high,high,RISK,4
1,1,1,1,Hourly,4605,Yes,Rents,24,38,64,12,15,SPECIALIST OFFICE VISIT,IN-NETWORK,CO-PAY IN $,40,25,0,200,0,4,20,high,high,RISK,4
1,3,3,3,Salaried,3042,Yes,Rents,16,31,55,12,15,SPECIALIST OFFICE VISIT,IN-NETWORK,CO-PAY IN $,25,200,40,0,0,4,20,high,high,RISK,4
1,3,3,1,Hourly,170,No,Rents,37,31,59,12,15,SPECIALIST OFFICE VISIT,IN-NETWORK,CO-PAY IN $,25,40,0,200,0,4,20,high,high,RISK,4
1,1,1,3,Salaried,2062,No,Rents,20,47,55,12,15,SPECIALIST OFFICE VISIT,IN-NETWORK,CO-PAY IN $,25,40,200,0,0,4,20,high,high,RISK,4
2,2,3,3,Bonus,1962,No,Rents,15,41,60,12,15,SPECIALIST OFFICE VISIT,IN-NETWORK,CO-PAY IN $,40,0,200,25,0,4,20,high,high,RISK,4
1,1,1,1,Bonus,1006,No,Owns,27,35,73,12,15,SPECIALIST OFFICE VISIT,IN-NETWORK,CO-PAY IN $,25,0,200,40,0,4,20,high,high,RISK,4
1,3,2,3,Salaried,4555,No,Rents,20,24,60,12,15,SPECIALIST OFFICE VISIT,IN-NETWORK,CO-PAY IN $,0,40,25,200,0,4,20,high,high,RISK,4
3,1,2,1,Bonus,458,No,Rents,25,43,57,12,15,SPECIALIST OFFICE VISIT,IN-NETWORK,CO-PAY IN $,40,200,25,0,0,4,20,high,high,RISK,4
3,1,3,1,Hourly,1593,No,Owns,16,25,52,12,15,SPECIALIST OFFICE VISIT,IN-NETWORK,CO-PAY IN $,0,25,200,40,0,4,20,high,high,RISK,4
1,3,1,2,Hourly,4519,Yes,Owns,26,50,53,12,15,SPECIALIST OFFICE VISIT,IN-NETWORK,CO-PAY IN $,0,40,200,25,0,4,20,high,high,RISK,4
1,2,1,1,Bonus,2639,No,Rents,16,31,54,12,15,SPECIALIST OFFICE VISIT,IN-NETWORK,CO-PAY IN $,200,25,0,40,0,4,20,high,high,RISK,4
1,1,3,1,Hourly,2563,Yes,Rents,35,26,75,12,15,SPECIALIST OFFICE VISIT,IN-NETWORK,CO-PAY IN $,200,25,0,40,0,4,20,high,high,RISK,4
1,2,3,2,Bonus,2810,Yes,Owns,35,49,60,12,15,SPECIALIST OFFICE VISIT,IN-NETWORK,CO-PAY IN $,200,25,40,0,0,4,20,high,high,RISK,4
2,2,1,2,Hourly,2954,Yes,Owns,39,40,57,12,15,SPECIALIST OFFICE VISIT,IN-NETWORK,CO-PAY IN $,25,40,0,200,0,4,20,high,high,RISK,4
2,1,3,1,Hourly,2299,Yes,Owns,31,36,56,12,15,SPECIALIST OFFICE VISIT,IN-NETWORK,CO-PAY IN $,200,0,25,40,0,4,20,high,high,RISK,4
1,1,2,3,Hourly,1155,No,Rents,16,49,59,12,15,SPECIALIST OFFICE VISIT,IN-NETWORK,CO-PAY IN $,200,25,0,40,0,4,20,high,high,RISK,4
2,1,3,1,Bonus,1856,Yes,Rents,31,20,55,12,15,SPECIALIST OFFICE VISIT,IN-NETWORK,CO-PAY IN $,25,0,40,200,0,4,20,high,high,RISK,4
3,2,2,1,Salaried,3352,Yes,Rents,18,48,52,12,15,SPECIALIST OFFICE VISIT,IN-NETWORK,CO-PAY IN $,40,25,200,0,0,4,20,high,high,RISK,4
3,1,1,2,Hourly,3735,Yes,Owns,34,33,56,12,15,SPECIALIST OFFICE VISIT,IN-NETWORK,CO-PAY IN $,0,25,40,200,0,4,20,high,high,RISK,4
3,2,1,3,Salaried,1125,Yes,Rents,18,23,53,12,15,SPECIALIST OFFICE VISIT,IN-NETWORK,CO-PAY IN $,40,0,25,200,0,4,20,high,high,RISK,4
3,1,2,1,Bonus,4695,No,Owns,15,38,56,12,15,SPECIALIST OFFICE VISIT,IN-NETWORK,CO-PAY IN $,40,0,25,200,0,4,20,high,high,RISK,4
2,2,2,2,Salaried,1210,No,Rents,38,24,64,12,15,SPECIALIST OFFICE VISIT,IN-NETWORK,CO-PAY IN $,0,40,25,200,0,4,20,high,high,RISK,4
2,3,2,1,Bonus,3149,No,Owns,17,29,55,12,15,SPECIALIST OFFICE VISIT,IN-NETWORK,CO-PAY IN $,25,200,0,40,0,4,20,high,high,RISK,4
2,2,2,2,Bonus,3757,No,Rents,18,26,51,12,15,SPECIALIST OFFICE VISIT,IN-NETWORK,CO-PAY IN $,25,40,200,0,0,4,20,high,high,RISK,4
3,1,3,2,Salaried,4038,Yes,Rents,28,36,62,12,15,SPECIALIST OFFICE VISIT,IN-NETWORK,CO-PAY IN $,0,200,25,40,0,4,20,high,high,RISK,4
1,1,1,3,Bonus,381,No,Owns,20,38,64,12,15,SPECIALIST OFFICE VISIT,IN-NETWORK,CO-PAY IN $,25,200,0,40,0,4,20,high,high,RISK,4
1,1,1,2,Hourly,2879,Yes,Rents,37,31,55,12,15,SPECIALIST OFFICE VISIT,IN-NETWORK,CO-PAY IN $,25,40,200,0,0,4,20,high,high,RISK,4
2,3,1,1,Hourly,2246,No,Owns,38,31,59,12,15,SPECIALIST OFFICE VISIT,IN-NETWORK,CO-PAY IN $,40,25,0,200,0,4,20,high,high,RISK,4
1,3,2,1,Hourly,3337,No,Rents,18,47,55,12,15,SPECIALIST OFFICE VISIT,IN-NETWORK,CO-PAY IN $,40,0,25,200,0,4,20,high,high,RISK,4
2,2,1,2,Hourly,874,No,Owns,38,41,60,12,15,SPECIALIST OFFICE VISIT,IN-NETWORK,CO-PAY IN $,40,25,200,0,0,4,20,high,high,RISK,4
1,2,1,1,Hourly,4470,Yes,Owns,16,35,73,12,15,SPECIALIST OFFICE VISIT,IN-NETWORK,CO-PAY IN $,25,200,40,0,0,4,20,high,high,RISK,4
3,1,3,1,Hourly,3252,Yes,Owns,24,24,60,12,15,SPECIALIST OFFICE VISIT,IN-NETWORK,CO-PAY IN $,25,200,40,0,0,4,20,high,high,RISK,4
1,3,1,2,Hourly,176,Yes,Rents,23,43,57,12,15,SPECIALIST OFFICE VISIT,IN-NETWORK,CO-PAY IN $,200,0,25,40,0,4,20,high,high,RISK,4
2,1,3,1,Hourly,3681,Yes,Owns,17,25,52,12,15,SPECIALIST OFFICE VISIT,IN-NETWORK,CO-PAY IN $,200,0,25,40,0,4,20,high,high,RISK,4
1,3,2,3,Hourly,1019,Yes,Owns,35,50,53,12,15,SPECIALIST OFFICE VISIT,IN-NETWORK,CO-PAY IN $,40,25,0,200,0,4,20,high,high,RISK,4
1,3,2,1,Bonus,4493,Yes,Owns,39,31,54,12,15,SPECIALIST OFFICE VISIT,IN-NETWORK,CO-PAY IN $,200,0,25,40,0,4,20,high,high,RISK,4
1,3,3,1,Salaried,1012,Yes,Owns,34,26,75,12,15,SPECIALIST OFFICE VISIT,IN-NETWORK,CO-PAY IN $,25,0,40,200,0,4,20,high,high,RISK,4
1,1,2,1,Bonus,1248,Yes,Rents,18,49,60,12,15,SPECIALIST OFFICE VISIT,IN-NETWORK,CO-PAY IN $,0,25,200,40,0,4,20,high,high,RISK,4
1,1,2,1,Salaried,1214,No,Owns,17,40,57,12,15,SPECIALIST OFFICE VISIT,IN-NETWORK,CO-PAY IN $,40,200,0,25,0,4,20,high,high,RISK,4
2,1,1,1,Salaried,2852,Yes,Rents,18,36,56,12,15,SPECIALIST OFFICE VISIT,IN-NETWORK,CO-PAY IN $,0,200,40,25,0,4,20,high,high,RISK,4
2,1,1,1,Bonus,1440,Yes,Owns,24,49,59,12,15,SPECIALIST OFFICE VISIT,IN-NETWORK,CO-PAY IN $,200,0,40,25,0,4,20,high,high,RISK,4
3,1,3,1,Bonus,2951,No,Owns,26,20,55,12,15,SPECIALIST OFFICE VISIT,IN-NETWORK,CO-PAY IN $,40,0,200,25,0,4,20,high,high,RISK,4
4,3,2,4,Salaried,4377,No,Rents,46,73,76,12,16,SPECIALIST OFFICE VISIT,IN-NETWORK,CO-PAY IN $,0,25,200,40,0,4,50,high,high,RISK,4
2,3,4,2,Salaried,1919,No,Owns,48,61,80,12,16,SPECIALIST OFFICE VISIT,IN-NETWORK,CO-PAY IN $,25,40,200,0,0,4,50,high,high,RISK,4
4,4,3,2,Salaried,4671,Yes,Rents,57,53,77,12,16,SPECIALIST OFFICE VISIT,IN-NETWORK,CO-PAY IN $,25,0,200,40,0,4,50,high,high,RISK,4
4,4,2,2,Bonus,1139,No,Owns,52,65,80,12,16,SPECIALIST OFFICE VISIT,IN-NETWORK,CO-PAY IN $,40,25,200,0,0,4,50,high,high,RISK,4
3,4,4,3,Bonus,3085,No,Rents,45,54,88,12,16,SPECIALIST OFFICE VISIT,IN-NETWORK,CO-PAY IN $,0,200,40,25,0,4,50,high,high,RISK,4
3,4,4,3,Salaried,912,Yes,Rents,61,58,79,12,16,SPECIALIST OFFICE VISIT,IN-NETWORK,CO-PAY IN $,200,25,40,0,0,4,50,high,high,RISK,4
4,3,4,3,Hourly,3561,Yes,Owns,51,56,75,12,16,SPECIALIST OFFICE VISIT,IN-NETWORK,CO-PAY IN $,200,25,0,40,0,4,50,high,high,RISK,4
4,4,2,2,Hourly,4350,No,Rents,40,64,87,12,16,SPECIALIST OFFICE VISIT,IN-NETWORK,CO-PAY IN $,0,200,25,40,0,4,50,high,high,RISK,4
4,4,4,4,Salaried,3664,No,Owns,39,65,88,12,16,SPECIALIST OFFICE VISIT,IN-NETWORK,CO-PAY IN $,0,40,200,25,0,4,50,high,high,RISK,4
2,3,3,3,Bonus,1972,Yes,Owns,62,60,80,12,16,SPECIALIST OFFICE VISIT,IN-NETWORK,CO-PAY IN $,200,40,0,25,0,4,50,high,high,RISK,4
3,2,4,4,Salaried,1235,Yes,Rents,55,60,83,12,16,SPECIALIST OFFICE VISIT,IN-NETWORK,CO-PAY IN $,0,200,40,25,0,4,50,high,high,RISK,4
2,4,3,3,Bonus,2294,Yes,Owns,47,72,79,12,16,SPECIALIST OFFICE VISIT,IN-NETWORK,CO-PAY IN $,40,0,200,25,0,4,50,high,high,RISK,4
3,3,3,4,Hourly,2183,Yes,Owns,37,63,98,12,16,SPECIALIST OFFICE VISIT,IN-NETWORK,CO-PAY IN $,200,40,0,25,0,4,50,high,high,RISK,4
3,3,4,3,Salaried,1622,Yes,Rents,42,55,84,12,16,SPECIALIST OFFICE VISIT,IN-NETWORK,CO-PAY IN $,0,40,25,200,0,4,50,high,high,RISK,4
3,4,3,4,Salaried,4259,Yes,Rents,37,70,81,12,16,SPECIALIST OFFICE VISIT,IN-NETWORK,CO-PAY IN $,25,0,200,40,0,4,50,high,high,RISK,4
4,3,3,4,Salaried,4138,No,Owns,62,55,76,12,16,SPECIALIST OFFICE VISIT,IN-NETWORK,CO-PAY IN $,200,25,40,0,0,4,50,high,high,RISK,4
4,3,4,4,Bonus,2742,No,Owns,64,75,77,12,16,SPECIALIST OFFICE VISIT,IN-NETWORK,CO-PAY IN $,0,200,25,40,0,4,50,high,high,RISK,4
3,3,3,4,Bonus,4027,Yes,Rents,43,60,78,12,16,SPECIALIST OFFICE VISIT,IN-NETWORK,CO-PAY IN $,0,200,25,40,0,4,50,high,high,RISK,4
4,4,2,2,Bonus,3643,No,Rents,59,56,100,12,16,SPECIALIST OFFICE VISIT,IN-NETWORK,CO-PAY IN $,0,40,200,25,0,4,50,high,high,RISK,4
4,2,4,2,Salaried,1855,No,Rents,63,74,85,12,16,SPECIALIST OFFICE VISIT,IN-NETWORK,CO-PAY IN $,200,40,25,0,0,4,50,high,high,RISK,4
3,4,2,3,Bonus,4199,No,Owns,57,67,81,12,16,SPECIALIST OFFICE VISIT,IN-NETWORK,CO-PAY IN $,25,200,0,40,0,4,50,high,high,RISK,4
3,4,3,2,Salaried,358,No,Rents,50,64,80,12,16,SPECIALIST OFFICE VISIT,IN-NETWORK,CO-PAY IN $,200,25,0,40,0,4,50,high,high,RISK,4
4,3,4,3,Salaried,2175,No,Owns,59,75,83,12,16,SPECIALIST OFFICE VISIT,IN-NETWORK,CO-PAY IN $,25,200,0,40,0,4,50,high,high,RISK,4
4,4,2,2,Bonus,2804,No,Owns,48,51,79,12,16,SPECIALIST OFFICE VISIT,IN-NETWORK,CO-PAY IN $,200,0,40,25,0,4,50,high,high,RISK,4
4,4,4,4,Bonus,2793,Yes,Owns,63,73,76,12,16,SPECIALIST OFFICE VISIT,IN-NETWORK,CO-PAY IN $,0,40,200,25,0,4,50,high,high,RISK,4
4,3,4,2,Salaried,1366,No,Owns,56,61,80,12,16,SPECIALIST OFFICE VISIT,IN-NETWORK,CO-PAY IN $,0,40,25,200,0,4,50,high,high,RISK,4
2,4,4,4,Salaried,3990,No,Rents,53,53,77,12,16,SPECIALIST OFFICE VISIT,IN-NETWORK,CO-PAY IN $,25,200,40,0,0,4,50,high,high,RISK,4
2,4,3,3,Salaried,1625,No,Owns,60,65,80,12,16,SPECIALIST OFFICE VISIT,IN-NETWORK,CO-PAY IN $,0,25,40,200,0,4,50,high,high,RISK,4
4,4,3,3,Hourly,1178,No,Owns,35,54,88,12,16,SPECIALIST OFFICE VISIT,IN-NETWORK,CO-PAY IN $,25,40,0,200,0,4,50,high,high,RISK,4
3,3,2,2,Hourly,2665,No,Rents,41,58,79,12,16,SPECIALIST OFFICE VISIT,IN-NETWORK,CO-PAY IN $,40,200,0,25,0,4,50,high,high,RISK,4
4,4,4,2,Hourly,4144,No,Owns,44,56,75,12,16,SPECIALIST OFFICE VISIT,IN-NETWORK,CO-PAY IN $,0,25,40,200,0,4,50,high,high,RISK,4
3,3,4,3,Hourly,2547,Yes,Owns,55,64,87,12,16,SPECIALIST OFFICE VISIT,IN-NETWORK,CO-PAY IN $,25,40,200,0,0,4,50,high,high,RISK,4
4,3,4,2,Hourly,152,Yes,Owns,58,65,88,12,16,SPECIALIST OFFICE VISIT,IN-NETWORK,CO-PAY IN $,0,40,25,200,0,4,50,high,high,RISK,4
3,2,2,3,Bonus,2909,Yes,Rents,45,60,80,12,16,SPECIALIST OFFICE VISIT,IN-NETWORK,CO-PAY IN $,200,0,40,25,0,4,50,high,high,RISK,4
4,4,3,3,Bonus,2404,Yes,Owns,49,60,83,12,16,SPECIALIST OFFICE VISIT,IN-NETWORK,CO-PAY IN $,25,200,0,40,0,4,50,high,high,RISK,4
4,2,4,4,Bonus,144,Yes,Owns,46,72,79,12,16,SPECIALIST OFFICE VISIT,IN-NETWORK,CO-PAY IN $,0,25,200,40,0,4,50,high,high,RISK,4
4,2,4,2,Hourly,2250,No,Owns,48,68,84,12,16,SPECIALIST OFFICE VISIT,IN-NETWORK,CO-PAY IN $,0,40,25,200,0,4,50,high,high,RISK,4
4,3,3,3,Hourly,4826,No,Owns,47,63,98,12,16,SPECIALIST OFFICE VISIT,IN-NETWORK,CO-PAY IN $,0,25,200,40,0,4,50,high,high,RISK,4
4,4,2,3,Salaried,792,No,Owns,50,55,84,12,16,SPECIALIST OFFICE VISIT,IN-NETWORK,CO-PAY IN $,200,40,0,25,0,4,50,high,high,RISK,4
2,4,2,3,Hourly,3429,No,Rents,58,70,81,12,16,SPECIALIST OFFICE VISIT,IN-NETWORK,CO-PAY IN $,200,40,0,25,0,4,50,high,high,RISK,4
3,4,3,4,Hourly,1596,Yes,Owns,50,55,76,12,16,SPECIALIST OFFICE VISIT,IN-NETWORK,CO-PAY IN $,25,0,40,200,0,4,50,high,high,RISK,4
4,4,4,3,Salaried,83,Yes,Owns,40,75,77,12,16,SPECIALIST OFFICE VISIT,IN-NETWORK,CO-PAY IN $,200,40,0,25,0,4,50,high,high,RISK,4
4,4,3,4,Salaried,3601,No,Owns,38,60,78,12,16,SPECIALIST OFFICE VISIT,IN-NETWORK,CO-PAY IN $,200,0,40,25,0,4,50,high,high,RISK,4
3,4,2,4,Bonus,861,No,Owns,58,56,100,12,16,SPECIALIST OFFICE VISIT,IN-NETWORK,CO-PAY IN $,200,25,40,0,0,4,50,high,high,RISK,4
2,4,4,4,Salaried,2240,Yes,Rents,59,74,85,12,16,SPECIALIST OFFICE VISIT,IN-NETWORK,CO-PAY IN $,25,0,200,40,0,4,50,high,high,RISK,4
3,3,2,2,Hourly,2384,No,Rents,37,67,81,12,16,SPECIALIST OFFICE VISIT,IN-NETWORK,CO-PAY IN $,200,40,25,0,0,4,50,high,high,RISK,4
2,2,3,3,Bonus,2363,Yes,Rents,52,64,80,12,16,SPECIALIST OFFICE VISIT,IN-NETWORK,CO-PAY IN $,200,25,40,0,0,4,50,high,high,RISK,4
3,3,4,2,Salaried,4539,No,Owns,45,75,83,12,16,SPECIALIST OFFICE VISIT,IN-NETWORK,CO-PAY IN $,0,40,200,25,0,4,50,high,high,RISK,4
4,4,2,4,Bonus,4623,Yes,Owns,40,73,76,12,16,SPECIALIST OFFICE VISIT,IN-NETWORK,CO-PAY IN $,200,25,40,0,0,4,50,high,high,RISK,4
3,3,3,2,Salaried,153,Yes,Owns,36,61,80,12,16,SPECIALIST OFFICE VISIT,IN-NETWORK,CO-PAY IN $,0,40,25,200,0,4,50,high,high,RISK,4
3,4,4,4,Salaried,3954,No,Owns,38,53,77,12,16,SPECIALIST OFFICE VISIT,IN-NETWORK,CO-PAY IN $,40,0,25,200,0,4,50,high,high,RISK,4
3,3,2,3,Salaried,4742,No,Rents,35,65,80,12,16,SPECIALIST OFFICE VISIT,IN-NETWORK,CO-PAY IN $,25,40,200,0,0,4,50,high,high,RISK,4
2,2,2,3,Hourly,3289,No,Rents,59,54,88,12,16,SPECIALIST OFFICE VISIT,IN-NETWORK,CO-PAY IN $,200,0,25,40,0,4,50,high,high,RISK,4
2,2,3,3,Bonus,3409,Yes,Rents,54,58,79,12,16,SPECIALIST OFFICE VISIT,IN-NETWORK,CO-PAY IN $,200,25,0,40,0,4,50,high,high,RISK,4
3,3,4,3,Bonus,3179,No,Rents,42,56,75,12,16,SPECIALIST OFFICE VISIT,IN-NETWORK,CO-PAY IN $,25,200,40,0,0,4,50,high,high,RISK,4
3,3,2,4,Bonus,4271,No,Rents,43,64,87,12,16,SPECIALIST OFFICE VISIT,IN-NETWORK,CO-PAY IN $,25,40,200,0,0,4,50,high,high,RISK,4
3,3,3,2,Hourly,4605,Yes,Rents,46,65,88,12,16,SPECIALIST OFFICE VISIT,IN-NETWORK,CO-PAY IN $,40,0,200,25,0,4,50,high,high,RISK,4
2,4,4,4,Salaried,3042,Yes,Rents,37,60,80,12,16,SPECIALIST OFFICE VISIT,IN-NETWORK,CO-PAY IN $,25,40,0,200,0,4,50,high,high,RISK,4
2,4,4,3,Hourly,170,No,Rents,61,60,83,12,16,SPECIALIST OFFICE VISIT,IN-NETWORK,CO-PAY IN $,200,40,0,25,0,4,50,high,high,RISK,4
2,3,3,4,Salaried,2062,No,Rents,40,72,79,12,16,SPECIALIST OFFICE VISIT,IN-NETWORK,CO-PAY IN $,200,0,40,25,0,4,50,high,high,RISK,4
4,4,4,4,Bonus,1962,No,Rents,35,68,84,12,16,SPECIALIST OFFICE VISIT,IN-NETWORK,CO-PAY IN $,40,200,0,25,0,4,50,high,high,RISK,4
2,2,3,2,Bonus,1006,No,Owns,50,63,98,12,16,SPECIALIST OFFICE VISIT,IN-NETWORK,CO-PAY IN $,200,25,40,0,0,4,50,high,high,RISK,4
2,4,3,4,Salaried,4555,No,Rents,42,55,84,12,16,SPECIALIST OFFICE VISIT,IN-NETWORK,CO-PAY IN $,0,40,25,200,0,4,50,high,high,RISK,4
4,3,4,3,Bonus,458,No,Rents,46,70,81,12,16,SPECIALIST OFFICE VISIT,IN-NETWORK,CO-PAY IN $,200,25,40,0,0,4,50,high,high,RISK,4
4,3,4,3,Hourly,1593,No,Owns,36,55,76,12,16,SPECIALIST OFFICE VISIT,IN-NETWORK,CO-PAY IN $,0,40,200,25,0,4,50,high,high,RISK,4
3,4,2,3,Hourly,4519,Yes,Owns,48,75,77,12,16,SPECIALIST OFFICE VISIT,IN-NETWORK,CO-PAY IN $,0,25,200,40,0,4,50,high,high,RISK,4
2,4,3,3,Bonus,2639,No,Rents,36,60,78,12,16,SPECIALIST OFFICE VISIT,IN-NETWORK,CO-PAY IN $,40,200,25,0,0,4,50,high,high,RISK,4
2,3,4,3,Hourly,2563,Yes,Rents,59,56,100,12,16,SPECIALIST OFFICE VISIT,IN-NETWORK,CO-PAY IN $,200,25,40,0,0,4,50,high,high,RISK,4
3,4,4,4,Bonus,2810,Yes,Owns,58,74,85,12,16,SPECIALIST OFFICE VISIT,IN-NETWORK,CO-PAY IN $,0,25,40,200,0,4,50,high,high,RISK,4
3,4,3,4,Hourly,2954,Yes,Owns,64,67,81,12,16,SPECIALIST OFFICE VISIT,IN-NETWORK,CO-PAY IN $,25,200,0,40,0,4,50,high,high,RISK,4
3,2,4,3,Hourly,2299,Yes,Owns,54,64,80,12,16,SPECIALIST OFFICE VISIT,IN-NETWORK,CO-PAY IN $,0,25,40,200,0,4,50,high,high,RISK,4
2,3,4,4,Hourly,1155,No,Rents,37,75,83,12,16,SPECIALIST OFFICE VISIT,IN-NETWORK,CO-PAY IN $,200,40,0,25,0,4,50,high,high,RISK,4
4,2,4,3,Bonus,1856,Yes,Rents,55,51,79,12,16,SPECIALIST OFFICE VISIT,IN-NETWORK,CO-PAY IN $,0,40,200,25,0,4,50,high,high,RISK,4
4,4,3,3,Salaried,3352,Yes,Rents,38,73,76,12,16,SPECIALIST OFFICE VISIT,IN-NETWORK,CO-PAY IN $,25,200,40,0,0,4,50,high,high,RISK,4
4,3,2,3,Hourly,3735,Yes,Owns,58,61,80,12,16,SPECIALIST OFFICE VISIT,IN-NETWORK,CO-PAY IN $,0,40,200,25,0,4,50,high,high,RISK,4
4,3,3,4,Salaried,1125,Yes,Rents,38,53,77,12,16,SPECIALIST OFFICE VISIT,IN-NETWORK,CO-PAY IN $,25,40,0,200,0,4,50,high,high,RISK,4
4,2,4,2,Bonus,4695,No,Owns,35,65,80,12,16,SPECIALIST OFFICE VISIT,IN-NETWORK,CO-PAY IN $,0,200,40,25,0,4,50,high,high,RISK,4
3,3,3,4,Salaried,1210,No,Rents,62,54,88,12,16,SPECIALIST OFFICE VISIT,IN-NETWORK,CO-PAY IN $,40,0,200,25,0,4,50,high,high,RISK,4
4,4,4,2,Bonus,3149,No,Owns,37,58,79,12,16,SPECIALIST OFFICE VISIT,IN-NETWORK,CO-PAY IN $,25,200,0,40,0,4,50,high,high,RISK,4
4,3,4,4,Bonus,3757,No,Rents,38,56,75,12,16,SPECIALIST OFFICE VISIT,IN-NETWORK,CO-PAY IN $,0,25,200,40,0,4,50,high,high,RISK,4
4,3,4,4,Salaried,4038,Yes,Rents,51,64,87,12,16,SPECIALIST OFFICE VISIT,IN-NETWORK,CO-PAY IN $,0,25,200,40,0,4,50,high,high,RISK,4
2,3,3,4,Bonus,381,No,Owns,41,65,88,12,16,SPECIALIST OFFICE VISIT,IN-NETWORK,CO-PAY IN $,200,25,0,40,0,4,50,high,high,RISK,4
3,3,3,3,Hourly,2879,Yes,Rents,61,60,80,12,16,SPECIALIST OFFICE VISIT,IN-NETWORK,CO-PAY IN $,0,200,25,40,0,4,50,high,high,RISK,4
4,4,3,2,Hourly,2246,No,Owns,62,60,83,12,16,SPECIALIST OFFICE VISIT,IN-NETWORK,CO-PAY IN $,40,0,200,25,0,4,50,high,high,RISK,4
2,4,3,2,Hourly,3337,No,Rents,39,72,79,12,16,SPECIALIST OFFICE VISIT,IN-NETWORK,CO-PAY IN $,200,0,25,40,0,4,50,high,high,RISK,4
4,3,3,4,Hourly,874,No,Owns,63,68,84,12,16,SPECIALIST OFFICE VISIT,IN-NETWORK,CO-PAY IN $,200,40,25,0,0,4,50,high,high,RISK,4
3,4,2,3,Hourly,4470,Yes,Owns,36,63,98,12,16,SPECIALIST OFFICE VISIT,IN-NETWORK,CO-PAY IN $,0,25,200,40,0,4,50,high,high,RISK,4
4,3,4,3,Hourly,3252,Yes,Owns,46,55,84,12,16,SPECIALIST OFFICE VISIT,IN-NETWORK,CO-PAY IN $,200,25,40,0,0,4,50,high,high,RISK,4
3,4,2,3,Hourly,176,Yes,Rents,45,70,81,12,16,SPECIALIST OFFICE VISIT,IN-NETWORK,CO-PAY IN $,40,25,0,200,0,4,50,high,high,RISK,4
4,3,4,2,Hourly,3681,Yes,Owns,38,55,76,12,16,SPECIALIST OFFICE VISIT,IN-NETWORK,CO-PAY IN $,0,40,200,25,0,4,50,high,high,RISK,4
3,4,4,4,Hourly,1019,Yes,Owns,59,75,77,12,16,SPECIALIST OFFICE VISIT,IN-NETWORK,CO-PAY IN $,200,40,0,25,0,4,50,high,high,RISK,4
3,4,4,3,Bonus,4493,Yes,Owns,64,60,78,12,16,SPECIALIST OFFICE VISIT,IN-NETWORK,CO-PAY IN $,200,40,0,25,0,4,50,high,high,RISK,4
3,4,4,2,Salaried,1012,Yes,Owns,58,56,100,12,16,SPECIALIST OFFICE VISIT,IN-NETWORK,CO-PAY IN $,0,200,40,25,0,4,50,high,high,RISK,4
2,2,4,3,Bonus,1248,Yes,Rents,39,74,85,12,16,SPECIALIST OFFICE VISIT,IN-NETWORK,CO-PAY IN $,25,0,200,40,0,4,50,high,high,RISK,4
2,3,3,3,Salaried,1214,No,Owns,37,67,81,12,16,SPECIALIST OFFICE VISIT,IN-NETWORK,CO-PAY IN $,25,200,40,0,0,4,50,high,high,RISK,4
4,3,3,2,Salaried,2852,Yes,Rents,38,64,80,12,16,SPECIALIST OFFICE VISIT,IN-NETWORK,CO-PAY IN $,0,25,40,200,0,4,50,high,high,RISK,4
3,3,2,2,Bonus,1440,Yes,Owns,46,75,83,12,16,SPECIALIST OFFICE VISIT,IN-NETWORK,CO-PAY IN $,200,0,40,25,0,4,50,high,high,RISK,4
4,2,4,3,Bonus,2951,No,Owns,48,51,79,12,16,SPECIALIST OFFICE VISIT,IN-NETWORK,CO-PAY IN $,200,25,0,40,0,4,50,high,high,RISK,4
1,0,0,1,Salaried,4377,No,Rents,4,9,1,13,1,SPECIALIST OFFICE VISIT,OUT-OF-NETWORK,PERCENT PLAN PAYS,60,50,80,70,50,1,5,low,low,RISK,1
0,0,1,0,Salaried,1919,No,Owns,4,4,5,13,1,SPECIALIST OFFICE VISIT,OUT-OF-NETWORK,PERCENT PLAN PAYS,80,70,60,50,50,1,5,low,low,RISK,1
1,1,0,0,Bonus,1139,No,Owns,6,6,5,13,1,SPECIALIST OFFICE VISIT,OUT-OF-NETWORK,PERCENT PLAN PAYS,80,70,60,50,50,1,5,low,low,RISK,1
0,1,1,0,Bonus,3085,No,Rents,3,1,13,13,1,SPECIALIST OFFICE VISIT,OUT-OF-NETWORK,PERCENT PLAN PAYS,50,70,60,80,50,1,5,low,low,RISK,1
0,1,1,0,Salaried,912,Yes,Rents,9,3,4,13,1,SPECIALIST OFFICE VISIT,OUT-OF-NETWORK,PERCENT PLAN PAYS,60,70,50,80,50,1,5,low,low,RISK,1
1,0,1,0,Hourly,3561,Yes,Owns,5,2,0,13,1,SPECIALIST OFFICE VISIT,OUT-OF-NETWORK,PERCENT PLAN PAYS,50,70,80,60,50,1,5,low,low,RISK,1
1,1,0,0,Hourly,4350,No,Rents,2,5,12,13,1,SPECIALIST OFFICE VISIT,OUT-OF-NETWORK,PERCENT PLAN PAYS,50,80,60,70,50,1,5,low,low,RISK,1
1,1,0,1,Salaried,3664,No,Owns,1,6,13,13,1,SPECIALIST OFFICE VISIT,OUT-OF-NETWORK,PERCENT PLAN PAYS,80,50,70,60,50,1,5,low,low,RISK,1
0,0,0,0,Bonus,1972,Yes,Owns,9,4,5,13,1,SPECIALIST OFFICE VISIT,OUT-OF-NETWORK,PERCENT PLAN PAYS,50,70,80,60,50,1,5,low,low,RISK,1
0,0,1,1,Salaried,1235,Yes,Rents,7,4,8,13,1,SPECIALIST OFFICE VISIT,OUT-OF-NETWORK,PERCENT PLAN PAYS,50,70,80,60,50,1,5,low,low,RISK,1
0,0,1,0,Salaried,4592,Yes,Rents,9,7,9,13,1,SPECIALIST OFFICE VISIT,OUT-OF-NETWORK,PERCENT PLAN PAYS,70,80,50,60,50,1,5,low,low,RISK,1
0,0,0,1,Hourly,2183,Yes,Owns,1,5,23,13,1,SPECIALIST OFFICE VISIT,OUT-OF-NETWORK,PERCENT PLAN PAYS,50,80,60,70,50,1,5,low,low,RISK,1
0,0,1,0,Salaried,1622,Yes,Rents,2,1,9,13,1,SPECIALIST OFFICE VISIT,OUT-OF-NETWORK,PERCENT PLAN PAYS,70,50,60,80,50,1,5,low,low,RISK,1
0,1,0,1,Salaried,4259,Yes,Rents,1,8,6,13,1,SPECIALIST OFFICE VISIT,OUT-OF-NETWORK,PERCENT PLAN PAYS,60,50,70,80,50,1,5,low,low,RISK,1
1,0,0,1,Salaried,4138,No,Owns,9,2,1,13,1,SPECIALIST OFFICE VISIT,OUT-OF-NETWORK,PERCENT PLAN PAYS,80,60,50,70,50,1,5,low,low,RISK,1
1,0,0,1,Bonus,2742,No,Owns,10,10,2,13,1,SPECIALIST OFFICE VISIT,OUT-OF-NETWORK,PERCENT PLAN PAYS,70,60,50,80,50,1,5,low,low,RISK,1
0,0,0,1,Bonus,4027,Yes,Rents,3,4,3,13,1,SPECIALIST OFFICE VISIT,OUT-OF-NETWORK,PERCENT PLAN PAYS,80,50,70,60,50,1,5,low,low,RISK,1
1,0,0,0,Bonus,3643,No,Rents,8,2,25,13,1,SPECIALIST OFFICE VISIT,OUT-OF-NETWORK,PERCENT PLAN PAYS,70,50,60,80,50,1,5,low,low,RISK,1
1,0,1,0,Salaried,1855,No,Rents,9,10,10,13,1,SPECIALIST OFFICE VISIT,OUT-OF-NETWORK,PERCENT PLAN PAYS,80,70,60,50,50,1,5,low,low,RISK,1
0,1,0,0,Bonus,4199,No,Owns,7,7,6,13,1,SPECIALIST OFFICE VISIT,OUT-OF-NETWORK,PERCENT PLAN PAYS,80,50,60,70,50,1,5,low,low,RISK,1
0,1,0,0,Salaried,358,No,Rents,5,5,5,13,1,SPECIALIST OFFICE VISIT,OUT-OF-NETWORK,PERCENT PLAN PAYS,70,50,60,80,50,1,5,low,low,RISK,1
0,0,1,0,Salaried,2175,No,Owns,8,10,8,13,1,SPECIALIST OFFICE VISIT,OUT-OF-NETWORK,PERCENT PLAN PAYS,50,60,70,80,50,1,5,low,low,RISK,1
0,1,0,0,Bonus,2804,No,Owns,4,0,4,13,1,SPECIALIST OFFICE VISIT,OUT-OF-NETWORK,PERCENT PLAN PAYS,80,50,60,70,50,1,5,low,low,RISK,1
1,1,1,0,Bonus,2793,Yes,Owns,9,9,1,13,1,SPECIALIST OFFICE VISIT,OUT-OF-NETWORK,PERCENT PLAN PAYS,80,70,50,60,50,1,5,low,low,RISK,1
1,0,1,0,Salaried,1366,No,Owns,7,4,5,13,1,SPECIALIST OFFICE VISIT,OUT-OF-NETWORK,PERCENT PLAN PAYS,80,70,50,60,50,1,5,low,low,RISK,1
0,1,1,1,Salaried,3990,No,Rents,6,1,2,13,1,SPECIALIST OFFICE VISIT,OUT-OF-NETWORK,PERCENT PLAN PAYS,50,70,60,80,50,1,5,low,low,RISK,1
0,0,0,0,Salaried,1625,No,Owns,8,6,5,13,1,SPECIALIST OFFICE VISIT,OUT-OF-NETWORK,PERCENT PLAN PAYS,80,50,60,70,50,1,5,low,low,RISK,1
1,1,0,0,Hourly,1178,No,Owns,0,1,13,13,1,SPECIALIST OFFICE VISIT,OUT-OF-NETWORK,PERCENT PLAN PAYS,50,70,60,80,50,1,5,low,low,RISK,1
0,0,0,0,Hourly,2665,No,Rents,2,3,4,13,1,SPECIALIST OFFICE VISIT,OUT-OF-NETWORK,PERCENT PLAN PAYS,60,80,70,50,50,1,5,low,low,RISK,1
1,1,1,0,Hourly,4144,No,Owns,3,2,0,13,1,SPECIALIST OFFICE VISIT,OUT-OF-NETWORK,PERCENT PLAN PAYS,60,80,50,70,50,1,5,low,low,RISK,1
0,0,1,0,Hourly,2547,Yes,Owns,7,5,12,13,1,SPECIALIST OFFICE VISIT,OUT-OF-NETWORK,PERCENT PLAN PAYS,50,60,70,80,50,1,5,low,low,RISK,1
1,0,1,0,Hourly,152,Yes,Owns,8,6,13,13,1,SPECIALIST OFFICE VISIT,OUT-OF-NETWORK,PERCENT PLAN PAYS,60,50,80,70,50,1,5,low,low,RISK,1
0,0,0,0,Bonus,2909,Yes,Rents,3,4,5,13,1,SPECIALIST OFFICE VISIT,OUT-OF-NETWORK,PERCENT PLAN PAYS,50,80,70,60,50,1,5,low,low,RISK,1
1,1,0,0,Bonus,2404,Yes,Owns,5,4,8,13,1,SPECIALIST OFFICE VISIT,OUT-OF-NETWORK,PERCENT PLAN PAYS,50,60,70,80,50,1,5,low,low,RISK,1
1,0,1,1,Bonus,144,Yes,Owns,4,9,4,13,1,SPECIALIST OFFICE VISIT,OUT-OF-NETWORK,PERCENT PLAN PAYS,80,70,60,50,50,1,5,low,low,RISK,1
1,0,1,0,Hourly,2250,No,Owns,4,7,9,13,1,SPECIALIST OFFICE VISIT,OUT-OF-NETWORK,PERCENT PLAN PAYS,50,60,80,70,50,1,5,low,low,RISK,1
1,0,0,0,Hourly,4826,No,Owns,4,5,23,13,1,SPECIALIST OFFICE VISIT,OUT-OF-NETWORK,PERCENT PLAN PAYS,80,60,70,50,50,1,5,low,low,RISK,1
1,1,0,0,Salaried,792,No,Owns,5,1,9,13,1,SPECIALIST OFFICE VISIT,OUT-OF-NETWORK,PERCENT PLAN PAYS,60,70,80,50,50,1,5,low,low,RISK,1
0,1,0,0,Hourly,3429,No,Rents,8,8,6,13,1,SPECIALIST OFFICE VISIT,OUT-OF-NETWORK,PERCENT PLAN PAYS,80,60,70,50,50,1,5,low,low,RISK,1
0,1,0,0,Hourly,1596,Yes,Owns,5,2,1,13,1,SPECIALIST OFFICE VISIT,OUT-OF-NETWORK,PERCENT PLAN PAYS,80,70,50,60,50,1,5,low,low,RISK,1
1,1,1,0,Salaried,83,Yes,Owns,2,10,2,13,1,SPECIALIST OFFICE VISIT,OUT-OF-NETWORK,PERCENT PLAN PAYS,70,50,80,60,50,1,5,low,low,RISK,1
1,1,0,1,Salaried,3601,No,Owns,1,4,3,13,1,SPECIALIST OFFICE VISIT,OUT-OF-NETWORK,PERCENT PLAN PAYS,50,60,70,80,50,1,5,low,low,RISK,1
0,0,0,1,Bonus,861,No,Owns,8,2,25,13,1,SPECIALIST OFFICE VISIT,OUT-OF-NETWORK,PERCENT PLAN PAYS,50,60,70,80,50,1,5,low,low,RISK,1
0,1,1,1,Salaried,2240,Yes,Rents,8,10,10,13,1,SPECIALIST OFFICE VISIT,OUT-OF-NETWORK,PERCENT PLAN PAYS,80,60,50,70,50,1,5,low,low,RISK,1
0,0,0,0,Hourly,2384,No,Rents,1,7,6,13,1,SPECIALIST OFFICE VISIT,OUT-OF-NETWORK,PERCENT PLAN PAYS,60,80,70,50,50,1,5,low,low,RISK,1
0,0,0,0,Bonus,2363,Yes,Rents,6,5,5,13,1,SPECIALIST OFFICE VISIT,OUT-OF-NETWORK,PERCENT PLAN PAYS,80,50,60,70,50,1,5,low,low,RISK,1
0,0,1,0,Salaried,4539,No,Owns,3,10,8,13,1,SPECIALIST OFFICE VISIT,OUT-OF-NETWORK,PERCENT PLAN PAYS,50,80,70,60,50,1,5,low,low,RISK,1
0,0,0,0,Bonus,489,No,Rents,3,0,4,13,1,SPECIALIST OFFICE VISIT,OUT-OF-NETWORK,PERCENT PLAN PAYS,70,60,50,80,50,1,5,low,low,RISK,1
0,1,0,1,Bonus,4623,Yes,Owns,2,9,1,13,1,SPECIALIST OFFICE VISIT,OUT-OF-NETWORK,PERCENT PLAN PAYS,70,60,50,80,50,1,5,low,low,RISK,1
0,0,0,0,Salaried,153,Yes,Owns,0,4,5,13,1,SPECIALIST OFFICE VISIT,OUT-OF-NETWORK,PERCENT PLAN PAYS,80,50,60,70,50,1,5,low,low,RISK,1
0,1,1,0,Salaried,3954,No,Owns,1,1,2,13,1,SPECIALIST OFFICE VISIT,OUT-OF-NETWORK,PERCENT PLAN PAYS,50,80,60,70,50,1,5,low,low,RISK,1
0,0,0,0,Salaried,4742,No,Rents,0,6,5,13,1,SPECIALIST OFFICE VISIT,OUT-OF-NETWORK,PERCENT PLAN PAYS,80,70,60,50,50,1,5,low,low,RISK,1
0,0,0,0,Hourly,3289,No,Rents,8,1,13,13,1,SPECIALIST OFFICE VISIT,OUT-OF-NETWORK,PERCENT PLAN PAYS,80,70,60,50,50,1,5,low,low,RISK,1
0,0,0,0,Bonus,3409,Yes,Rents,6,3,4,13,1,SPECIALIST OFFICE VISIT,OUT-OF-NETWORK,PERCENT PLAN PAYS,60,70,80,50,50,1,5,low,low,RISK,1
0,0,1,0,Bonus,3179,No,Rents,2,2,0,13,1,SPECIALIST OFFICE VISIT,OUT-OF-NETWORK,PERCENT PLAN PAYS,60,50,70,80,50,1,5,low,low,RISK,1
0,0,0,0,Bonus,4271,No,Rents,3,5,12,13,1,SPECIALIST OFFICE VISIT,OUT-OF-NETWORK,PERCENT PLAN PAYS,60,50,80,70,50,1,5,low,low,RISK,1
0,0,0,0,Hourly,4605,Yes,Rents,4,6,13,13,1,SPECIALIST OFFICE VISIT,OUT-OF-NETWORK,PERCENT PLAN PAYS,50,60,80,70,50,1,5,low,low,RISK,1
0,1,1,1,Salaried,3042,Yes,Rents,1,4,5,13,1,SPECIALIST OFFICE VISIT,OUT-OF-NETWORK,PERCENT PLAN PAYS,60,80,70,50,50,1,5,low,low,RISK,1
0,1,1,0,Hourly,170,No,Rents,9,4,8,13,1,SPECIALIST OFFICE VISIT,OUT-OF-NETWORK,PERCENT PLAN PAYS,50,70,80,60,50,1,5,low,low,RISK,1
0,0,0,1,Salaried,2062,No,Rents,2,9,4,13,1,SPECIALIST OFFICE VISIT,OUT-OF-NETWORK,PERCENT PLAN PAYS,60,70,80,50,50,1,5,low,low,RISK,1
1,0,1,1,Bonus,1962,No,Rents,0,7,9,13,1,SPECIALIST OFFICE VISIT,OUT-OF-NETWORK,PERCENT PLAN PAYS,80,70,60,50,50,1,5,low,low,RISK,1
0,0,0,0,Bonus,1006,No,Owns,5,5,23,13,1,SPECIALIST OFFICE VISIT,OUT-OF-NETWORK,PERCENT PLAN PAYS,80,70,50,60,50,1,5,low,low,RISK,1
0,1,0,1,Salaried,4555,No,Rents,2,1,9,13,1,SPECIALIST OFFICE VISIT,OUT-OF-NETWORK,PERCENT PLAN PAYS,80,70,60,50,50,1,5,low,low,RISK,1
1,0,1,0,Bonus,458,No,Rents,4,8,6,13,1,SPECIALIST OFFICE VISIT,OUT-OF-NETWORK,PERCENT PLAN PAYS,50,80,70,60,50,1,5,low,low,RISK,1
1,0,1,0,Hourly,1593,No,Owns,0,2,1,13,1,SPECIALIST OFFICE VISIT,OUT-OF-NETWORK,PERCENT PLAN PAYS,60,70,50,80,50,1,5,low,low,RISK,1
0,1,0,0,Hourly,4519,Yes,Owns,4,10,2,13,1,SPECIALIST OFFICE VISIT,OUT-OF-NETWORK,PERCENT PLAN PAYS,80,60,50,70,50,1,5,low,low,RISK,1
0,1,0,0,Bonus,2639,No,Rents,0,4,3,13,1,SPECIALIST OFFICE VISIT,OUT-OF-NETWORK,PERCENT PLAN PAYS,70,60,50,80,50,1,5,low,low,RISK,1
0,0,1,1,Bonus,2810,Yes,Owns,8,10,10,13,1,SPECIALIST OFFICE VISIT,OUT-OF-NETWORK,PERCENT PLAN PAYS,80,50,60,70,50,1,5,low,low,RISK,1
0,0,0,1,Hourly,2954,Yes,Owns,10,7,6,13,1,SPECIALIST OFFICE VISIT,OUT-OF-NETWORK,PERCENT PLAN PAYS,70,50,60,80,50,1,5,low,low,RISK,1
0,0,1,0,Hourly,2299,Yes,Owns,6,5,5,13,1,SPECIALIST OFFICE VISIT,OUT-OF-NETWORK,PERCENT PLAN PAYS,60,80,50,70,50,1,5,low,low,RISK,1
0,0,1,1,Hourly,1155,No,Rents,1,10,8,13,1,SPECIALIST OFFICE VISIT,OUT-OF-NETWORK,PERCENT PLAN PAYS,50,80,70,60,50,1,5,low,low,RISK,1
1,0,1,0,Bonus,1856,Yes,Rents,7,0,4,13,1,SPECIALIST OFFICE VISIT,OUT-OF-NETWORK,PERCENT PLAN PAYS,60,80,50,70,50,1,5,low,low,RISK,1
1,1,0,0,Salaried,3352,Yes,Rents,1,9,1,13,1,SPECIALIST OFFICE VISIT,OUT-OF-NETWORK,PERCENT PLAN PAYS,80,70,60,50,50,1,5,low,low,RISK,1
1,0,0,0,Hourly,3735,Yes,Owns,8,4,5,13,1,SPECIALIST OFFICE VISIT,OUT-OF-NETWORK,PERCENT PLAN PAYS,70,80,60,50,50,1,5,low,low,RISK,1
1,0,0,1,Salaried,1125,Yes,Rents,1,1,2,13,1,SPECIALIST OFFICE VISIT,OUT-OF-NETWORK,PERCENT PLAN PAYS,70,60,50,80,50,1,5,low,low,RISK,1
1,0,1,0,Bonus,4695,No,Owns,0,6,5,13,1,SPECIALIST OFFICE VISIT,OUT-OF-NETWORK,PERCENT PLAN PAYS,50,70,60,80,50,1,5,low,low,RISK,1
0,0,0,1,Salaried,1210,No,Rents,9,1,13,13,1,SPECIALIST OFFICE VISIT,OUT-OF-NETWORK,PERCENT PLAN PAYS,70,50,60,80,50,1,5,low,low,RISK,1
1,1,1,0,Bonus,3149,No,Owns,1,3,4,13,1,SPECIALIST OFFICE VISIT,OUT-OF-NETWORK,PERCENT PLAN PAYS,60,50,80,70,50,1,5,low,low,RISK,1
1,0,0,0,Bonus,3757,No,Rents,1,2,0,13,1,SPECIALIST OFFICE VISIT,OUT-OF-NETWORK,PERCENT PLAN PAYS,70,80,50,60,50,1,5,low,low,RISK,1
1,0,1,1,Salaried,4038,Yes,Rents,5,5,12,13,1,SPECIALIST OFFICE VISIT,OUT-OF-NETWORK,PERCENT PLAN PAYS,70,60,80,50,50,1,5,low,low,RISK,1
0,0,0,1,Bonus,381,No,Owns,2,6,13,13,1,SPECIALIST OFFICE VISIT,OUT-OF-NETWORK,PERCENT PLAN PAYS,70,50,80,60,50,1,5,low,low,RISK,1
0,0,0,0,Hourly,2879,Yes,Rents,9,4,5,13,1,SPECIALIST OFFICE VISIT,OUT-OF-NETWORK,PERCENT PLAN PAYS,50,70,60,80,50,1,5,low,low,RISK,1
0,1,0,0,Hourly,2246,No,Owns,9,4,8,13,1,SPECIALIST OFFICE VISIT,OUT-OF-NETWORK,PERCENT PLAN PAYS,70,60,50,80,50,1,5,low,low,RISK,1
0,1,0,0,Hourly,3337,No,Rents,1,9,4,13,1,SPECIALIST OFFICE VISIT,OUT-OF-NETWORK,PERCENT PLAN PAYS,50,80,60,70,50,1,5,low,low,RISK,1
1,0,0,0,Hourly,874,No,Owns,9,7,9,13,1,SPECIALIST OFFICE VISIT,OUT-OF-NETWORK,PERCENT PLAN PAYS,50,70,60,80,50,1,5,low,low,RISK,1
0,1,0,0,Hourly,4470,Yes,Owns,0,5,23,13,1,SPECIALIST OFFICE VISIT,OUT-OF-NETWORK,PERCENT PLAN PAYS,70,50,60,80,50,1,5,low,low,RISK,1
1,0,1,0,Hourly,3252,Yes,Owns,4,1,9,13,1,SPECIALIST OFFICE VISIT,OUT-OF-NETWORK,PERCENT PLAN PAYS,70,80,50,60,50,1,5,low,low,RISK,1
0,1,0,0,Hourly,176,Yes,Rents,3,8,6,13,1,SPECIALIST OFFICE VISIT,OUT-OF-NETWORK,PERCENT PLAN PAYS,50,80,60,70,50,1,5,low,low,RISK,1
0,0,1,0,Hourly,3681,Yes,Owns,1,2,1,13,1,SPECIALIST OFFICE VISIT,OUT-OF-NETWORK,PERCENT PLAN PAYS,50,60,70,80,50,1,5,low,low,RISK,1
0,1,1,1,Hourly,1019,Yes,Owns,8,10,2,13,1,SPECIALIST OFFICE VISIT,OUT-OF-NETWORK,PERCENT PLAN PAYS,70,80,50,60,50,1,5,low,low,RISK,1
0,1,1,0,Bonus,4493,Yes,Owns,10,4,3,13,1,SPECIALIST OFFICE VISIT,OUT-OF-NETWORK,PERCENT PLAN PAYS,80,60,50,70,50,1,5,low,low,RISK,1
0,1,1,0,Salaried,1012,Yes,Owns,8,2,25,13,1,SPECIALIST OFFICE VISIT,OUT-OF-NETWORK,PERCENT PLAN PAYS,60,70,80,50,50,1,5,low,low,RISK,1
0,0,0,0,Bonus,1248,Yes,Rents,1,10,10,13,1,SPECIALIST OFFICE VISIT,OUT-OF-NETWORK,PERCENT PLAN PAYS,70,80,60,50,50,1,5,low,low,RISK,1
0,0,0,0,Salaried,1214,No,Owns,1,7,6,13,1,SPECIALIST OFFICE VISIT,OUT-OF-NETWORK,PERCENT PLAN PAYS,50,80,60,70,50,1,5,low,low,RISK,1
1,0,0,0,Salaried,2852,Yes,Rents,1,5,5,13,1,SPECIALIST OFFICE VISIT,OUT-OF-NETWORK,PERCENT PLAN PAYS,70,50,80,60,50,1,5,low,low,RISK,1
0,0,0,0,Bonus,1440,Yes,Owns,4,10,8,13,1,SPECIALIST OFFICE VISIT,OUT-OF-NETWORK,PERCENT PLAN PAYS,70,80,50,60,50,1,5,low,low,RISK,1
1,0,1,0,Bonus,2951,No,Owns,4,0,4,13,1,SPECIALIST OFFICE VISIT,OUT-OF-NETWORK,PERCENT PLAN PAYS,60,50,80,70,50,1,5,low,low,RISK,1
2,1,0,2,Salaried,4377,No,Rents,10,19,27,13,2,SPECIALIST OFFICE VISIT,OUT-OF-NETWORK,PERCENT PLAN PAYS,70,80,50,60,50,1,10,low,low,RISK,1
0,1,1,0,Salaried,1919,No,Owns,10,15,31,13,2,SPECIALIST OFFICE VISIT,OUT-OF-NETWORK,PERCENT PLAN PAYS,80,60,50,70,50,1,10,low,low,RISK,1
1,1,0,0,Salaried,4671,Yes,Rents,15,12,28,13,2,SPECIALIST OFFICE VISIT,OUT-OF-NETWORK,PERCENT PLAN PAYS,60,70,80,50,50,1,10,low,low,RISK,1
2,1,0,0,Bonus,1139,No,Owns,13,16,31,13,2,SPECIALIST OFFICE VISIT,OUT-OF-NETWORK,PERCENT PLAN PAYS,60,50,70,80,50,1,10,low,low,RISK,1
1,1,2,1,Bonus,3085,No,Rents,9,12,39,13,2,SPECIALIST OFFICE VISIT,OUT-OF-NETWORK,PERCENT PLAN PAYS,80,60,70,50,50,1,10,low,low,RISK,1
0,1,2,0,Salaried,912,Yes,Rents,16,14,30,13,2,SPECIALIST OFFICE VISIT,OUT-OF-NETWORK,PERCENT PLAN PAYS,60,80,70,50,50,1,10,low,low,RISK,1
1,0,2,1,Hourly,3561,Yes,Owns,12,13,26,13,2,SPECIALIST OFFICE VISIT,OUT-OF-NETWORK,PERCENT PLAN PAYS,80,50,70,60,50,1,10,low,low,RISK,1
1,2,0,0,Hourly,4350,No,Rents,7,16,37,13,2,SPECIALIST OFFICE VISIT,OUT-OF-NETWORK,PERCENT PLAN PAYS,80,70,60,50,50,1,10,low,low,RISK,1
2,2,1,2,Salaried,3664,No,Owns,7,16,39,13,2,SPECIALIST OFFICE VISIT,OUT-OF-NETWORK,PERCENT PLAN PAYS,60,50,80,70,50,1,10,low,low,RISK,1
0,0,0,1,Bonus,1972,Yes,Owns,17,14,30,13,2,SPECIALIST OFFICE VISIT,OUT-OF-NETWORK,PERCENT PLAN PAYS,70,50,80,60,50,1,10,low,low,RISK,1
1,0,2,2,Salaried,1235,Yes,Rents,14,14,34,13,2,SPECIALIST OFFICE VISIT,OUT-OF-NETWORK,PERCENT PLAN PAYS,80,60,70,50,50,1,10,low,low,RISK,1
0,2,0,1,Bonus,2294,Yes,Owns,10,19,30,13,2,SPECIALIST OFFICE VISIT,OUT-OF-NETWORK,PERCENT PLAN PAYS,50,60,80,70,50,1,10,low,low,RISK,1
0,1,2,0,Salaried,4592,Yes,Rents,16,17,35,13,2,SPECIALIST OFFICE VISIT,OUT-OF-NETWORK,PERCENT PLAN PAYS,50,60,80,70,50,1,10,low,low,RISK,1
0,0,1,1,Hourly,2183,Yes,Owns,6,15,48,13,2,SPECIALIST OFFICE VISIT,OUT-OF-NETWORK,PERCENT PLAN PAYS,80,60,50,70,50,1,10,low,low,RISK,1
1,1,2,1,Salaried,1622,Yes,Rents,8,12,35,13,2,SPECIALIST OFFICE VISIT,OUT-OF-NETWORK,PERCENT PLAN PAYS,50,80,70,60,50,1,10,low,low,RISK,1
1,2,1,2,Salaried,4259,Yes,Rents,6,18,32,13,2,SPECIALIST OFFICE VISIT,OUT-OF-NETWORK,PERCENT PLAN PAYS,50,80,60,70,50,1,10,low,low,RISK,1
2,1,1,2,Salaried,4138,No,Owns,17,13,27,13,2,SPECIALIST OFFICE VISIT,OUT-OF-NETWORK,PERCENT PLAN PAYS,80,60,50,70,50,1,10,low,low,RISK,1
2,0,1,2,Bonus,2742,No,Owns,17,20,28,13,2,SPECIALIST OFFICE VISIT,OUT-OF-NETWORK,PERCENT PLAN PAYS,80,50,70,60,50,1,10,low,low,RISK,1
1,1,0,2,Bonus,4027,Yes,Rents,8,14,29,13,2,SPECIALIST OFFICE VISIT,OUT-OF-NETWORK,PERCENT PLAN PAYS,80,70,50,60,50,1,10,low,low,RISK,1
1,1,0,0,Bonus,3643,No,Rents,16,13,50,13,2,SPECIALIST OFFICE VISIT,OUT-OF-NETWORK,PERCENT PLAN PAYS,80,60,50,70,50,1,10,low,low,RISK,1
1,0,2,0,Salaried,1855,No,Rents,17,20,35,13,2,SPECIALIST OFFICE VISIT,OUT-OF-NETWORK,PERCENT PLAN PAYS,50,60,70,80,50,1,10,low,low,RISK,1
1,2,0,1,Bonus,4199,No,Owns,14,17,32,13,2,SPECIALIST OFFICE VISIT,OUT-OF-NETWORK,PERCENT PLAN PAYS,70,50,60,80,50,1,10,low,low,RISK,1
0,2,1,0,Salaried,358,No,Rents,12,16,31,13,2,SPECIALIST OFFICE VISIT,OUT-OF-NETWORK,PERCENT PLAN PAYS,80,60,70,50,50,1,10,low,low,RISK,1
1,1,1,1,Salaried,2175,No,Owns,16,20,34,13,2,SPECIALIST OFFICE VISIT,OUT-OF-NETWORK,PERCENT PLAN PAYS,80,70,50,60,50,1,10,low,low,RISK,1
1,1,0,0,Bonus,2804,No,Owns,11,11,30,13,2,SPECIALIST OFFICE VISIT,OUT-OF-NETWORK,PERCENT PLAN PAYS,70,50,80,60,50,1,10,low,low,RISK,1
2,1,2,1,Bonus,2793,Yes,Owns,17,19,27,13,2,SPECIALIST OFFICE VISIT,OUT-OF-NETWORK,PERCENT PLAN PAYS,60,70,80,50,50,1,10,low,low,RISK,1
2,0,2,0,Salaried,1366,No,Owns,14,15,31,13,2,SPECIALIST OFFICE VISIT,OUT-OF-NETWORK,PERCENT PLAN PAYS,50,70,80,60,50,1,10,low,low,RISK,1
0,1,1,2,Salaried,3990,No,Rents,13,12,28,13,2,SPECIALIST OFFICE VISIT,OUT-OF-NETWORK,PERCENT PLAN PAYS,70,80,50,60,50,1,10,low,low,RISK,1
0,1,1,0,Salaried,1625,No,Owns,16,16,31,13,2,SPECIALIST OFFICE VISIT,OUT-OF-NETWORK,PERCENT PLAN PAYS,80,50,70,60,50,1,10,low,low,RISK,1
1,1,0,0,Hourly,2665,No,Rents,8,14,30,13,2,SPECIALIST OFFICE VISIT,OUT-OF-NETWORK,PERCENT PLAN PAYS,60,80,50,70,50,1,10,low,low,RISK,1
1,1,2,0,Hourly,4144,No,Owns,9,13,26,13,2,SPECIALIST OFFICE VISIT,OUT-OF-NETWORK,PERCENT PLAN PAYS,80,50,60,70,50,1,10,low,low,RISK,1
1,1,2,0,Hourly,2547,Yes,Owns,14,16,37,13,2,SPECIALIST OFFICE VISIT,OUT-OF-NETWORK,PERCENT PLAN PAYS,80,60,70,50,50,1,10,low,low,RISK,1
1,1,1,0,Hourly,152,Yes,Owns,15,16,39,13,2,SPECIALIST OFFICE VISIT,OUT-OF-NETWORK,PERCENT PLAN PAYS,70,80,60,50,50,1,10,low,low,RISK,1
0,0,0,0,Bonus,2909,Yes,Rents,9,14,30,13,2,SPECIALIST OFFICE VISIT,OUT-OF-NETWORK,PERCENT PLAN PAYS,80,50,60,70,50,1,10,low,low,RISK,1
2,2,1,1,Bonus,2404,Yes,Owns,11,14,34,13,2,SPECIALIST OFFICE VISIT,OUT-OF-NETWORK,PERCENT PLAN PAYS,70,60,80,50,50,1,10,low,low,RISK,1
2,0,1,2,Bonus,144,Yes,Owns,10,19,30,13,2,SPECIALIST OFFICE VISIT,OUT-OF-NETWORK,PERCENT PLAN PAYS,60,50,70,80,50,1,10,low,low,RISK,1
2,0,1,0,Hourly,2250,No,Owns,11,17,35,13,2,SPECIALIST OFFICE VISIT,OUT-OF-NETWORK,PERCENT PLAN PAYS,80,60,70,50,50,1,10,low,low,RISK,1
2,0,0,0,Hourly,4826,No,Owns,10,15,48,13,2,SPECIALIST OFFICE VISIT,OUT-OF-NETWORK,PERCENT PLAN PAYS,50,80,70,60,50,1,10,low,low,RISK,1
1,1,0,0,Salaried,792,No,Owns,12,12,35,13,2,SPECIALIST OFFICE VISIT,OUT-OF-NETWORK,PERCENT PLAN PAYS,80,70,60,50,50,1,10,low,low,RISK,1
0,2,0,1,Hourly,3429,No,Rents,15,18,32,13,2,SPECIALIST OFFICE VISIT,OUT-OF-NETWORK,PERCENT PLAN PAYS,60,80,50,70,50,1,10,low,low,RISK,1
0,2,0,1,Hourly,1596,Yes,Owns,11,13,27,13,2,SPECIALIST OFFICE VISIT,OUT-OF-NETWORK,PERCENT PLAN PAYS,70,60,50,80,50,1,10,low,low,RISK,1
1,1,2,0,Salaried,83,Yes,Owns,7,20,28,13,2,SPECIALIST OFFICE VISIT,OUT-OF-NETWORK,PERCENT PLAN PAYS,80,50,60,70,50,1,10,low,low,RISK,1
1,2,0,2,Salaried,3601,No,Owns,6,14,29,13,2,SPECIALIST OFFICE VISIT,OUT-OF-NETWORK,PERCENT PLAN PAYS,60,70,80,50,50,1,10,low,low,RISK,1
1,1,0,1,Bonus,861,No,Owns,15,13,50,13,2,SPECIALIST OFFICE VISIT,OUT-OF-NETWORK,PERCENT PLAN PAYS,60,70,80,50,50,1,10,low,low,RISK,1
0,2,2,2,Salaried,2240,Yes,Rents,15,20,35,13,2,SPECIALIST OFFICE VISIT,OUT-OF-NETWORK,PERCENT PLAN PAYS,80,70,60,50,50,1,10,low,low,RISK,1
1,0,0,0,Hourly,2384,No,Rents,6,17,32,13,2,SPECIALIST OFFICE VISIT,OUT-OF-NETWORK,PERCENT PLAN PAYS,80,60,70,50,50,1,10,low,low,RISK,1
0,0,0,0,Bonus,2363,Yes,Rents,12,16,31,13,2,SPECIALIST OFFICE VISIT,OUT-OF-NETWORK,PERCENT PLAN PAYS,60,70,80,50,50,1,10,low,low,RISK,1
1,1,2,0,Salaried,4539,No,Owns,10,20,34,13,2,SPECIALIST OFFICE VISIT,OUT-OF-NETWORK,PERCENT PLAN PAYS,50,70,80,60,50,1,10,low,low,RISK,1
1,1,0,0,Bonus,489,No,Rents,9,11,30,13,2,SPECIALIST OFFICE VISIT,OUT-OF-NETWORK,PERCENT PLAN PAYS,60,80,50,70,50,1,10,low,low,RISK,1
1,2,0,2,Bonus,4623,Yes,Owns,7,19,27,13,2,SPECIALIST OFFICE VISIT,OUT-OF-NETWORK,PERCENT PLAN PAYS,50,80,60,70,50,1,10,low,low,RISK,1
1,0,0,0,Salaried,153,Yes,Owns,5,15,31,13,2,SPECIALIST OFFICE VISIT,OUT-OF-NETWORK,PERCENT PLAN PAYS,60,80,50,70,50,1,10,low,low,RISK,1
0,2,2,1,Salaried,3954,No,Owns,6,12,28,13,2,SPECIALIST OFFICE VISIT,OUT-OF-NETWORK,PERCENT PLAN PAYS,50,60,80,70,50,1,10,low,low,RISK,1
0,1,0,0,Salaried,4742,No,Rents,5,16,31,13,2,SPECIALIST OFFICE VISIT,OUT-OF-NETWORK,PERCENT PLAN PAYS,80,50,70,60,50,1,10,low,low,RISK,1
0,0,0,1,Hourly,3289,No,Rents,15,12,39,13,2,SPECIALIST OFFICE VISIT,OUT-OF-NETWORK,PERCENT PLAN PAYS,50,80,60,70,50,1,10,low,low,RISK,1
0,0,1,1,Bonus,3409,Yes,Rents,13,14,30,13,2,SPECIALIST OFFICE VISIT,OUT-OF-NETWORK,PERCENT PLAN PAYS,50,80,60,70,50,1,10,low,low,RISK,1
0,0,2,1,Bonus,3179,No,Rents,8,13,26,13,2,SPECIALIST OFFICE VISIT,OUT-OF-NETWORK,PERCENT PLAN PAYS,60,80,50,70,50,1,10,low,low,RISK,1
0,0,0,1,Bonus,4271,No,Rents,9,16,37,13,2,SPECIALIST OFFICE VISIT,OUT-OF-NETWORK,PERCENT PLAN PAYS,70,80,50,60,50,1,10,low,low,RISK,1
0,0,0,0,Hourly,4605,Yes,Rents,10,16,39,13,2,SPECIALIST OFFICE VISIT,OUT-OF-NETWORK,PERCENT PLAN PAYS,80,70,50,60,50,1,10,low,low,RISK,1
0,2,2,2,Salaried,3042,Yes,Rents,6,14,30,13,2,SPECIALIST OFFICE VISIT,OUT-OF-NETWORK,PERCENT PLAN PAYS,60,70,80,50,50,1,10,low,low,RISK,1
0,2,2,0,Hourly,170,No,Rents,16,14,34,13,2,SPECIALIST OFFICE VISIT,OUT-OF-NETWORK,PERCENT PLAN PAYS,70,50,80,60,50,1,10,low,low,RISK,1
0,1,0,2,Salaried,2062,No,Rents,7,19,30,13,2,SPECIALIST OFFICE VISIT,OUT-OF-NETWORK,PERCENT PLAN PAYS,80,70,50,60,50,1,10,low,low,RISK,1
1,1,2,2,Bonus,1962,No,Rents,5,17,35,13,2,SPECIALIST OFFICE VISIT,OUT-OF-NETWORK,PERCENT PLAN PAYS,60,80,70,50,50,1,10,low,low,RISK,1
0,0,0,0,Bonus,1006,No,Owns,11,15,48,13,2,SPECIALIST OFFICE VISIT,OUT-OF-NETWORK,PERCENT PLAN PAYS,70,60,80,50,50,1,10,low,low,RISK,1
0,2,1,2,Salaried,4555,No,Rents,8,12,35,13,2,SPECIALIST OFFICE VISIT,OUT-OF-NETWORK,PERCENT PLAN PAYS,60,80,50,70,50,1,10,low,low,RISK,1
2,1,1,0,Bonus,458,No,Rents,10,18,32,13,2,SPECIALIST OFFICE VISIT,OUT-OF-NETWORK,PERCENT PLAN PAYS,80,60,50,70,50,1,10,low,low,RISK,1
2,0,2,1,Hourly,1593,No,Owns,5,13,27,13,2,SPECIALIST OFFICE VISIT,OUT-OF-NETWORK,PERCENT PLAN PAYS,70,50,60,80,50,1,10,low,low,RISK,1
0,1,0,0,Bonus,2639,No,Rents,5,14,29,13,2,SPECIALIST OFFICE VISIT,OUT-OF-NETWORK,PERCENT PLAN PAYS,50,60,80,70,50,1,10,low,low,RISK,1
0,0,2,1,Hourly,2563,Yes,Rents,15,13,50,13,2,SPECIALIST OFFICE VISIT,OUT-OF-NETWORK,PERCENT PLAN PAYS,80,70,50,60,50,1,10,low,low,RISK,1
0,1,2,1,Bonus,2810,Yes,Owns,15,20,35,13,2,SPECIALIST OFFICE VISIT,OUT-OF-NETWORK,PERCENT PLAN PAYS,60,80,70,50,50,1,10,low,low,RISK,1
1,1,0,1,Hourly,2954,Yes,Owns,18,17,32,13,2,SPECIALIST OFFICE VISIT,OUT-OF-NETWORK,PERCENT PLAN PAYS,60,70,80,50,50,1,10,low,low,RISK,1
1,0,2,0,Hourly,2299,Yes,Owns,13,16,31,13,2,SPECIALIST OFFICE VISIT,OUT-OF-NETWORK,PERCENT PLAN PAYS,50,80,60,70,50,1,10,low,low,RISK,1
0,0,1,2,Hourly,1155,No,Rents,6,20,34,13,2,SPECIALIST OFFICE VISIT,OUT-OF-NETWORK,PERCENT PLAN PAYS,60,70,50,80,50,1,10,low,low,RISK,1
1,0,2,0,Bonus,1856,Yes,Rents,14,11,30,13,2,SPECIALIST OFFICE VISIT,OUT-OF-NETWORK,PERCENT PLAN PAYS,80,60,70,50,50,1,10,low,low,RISK,1
2,1,1,0,Salaried,3352,Yes,Rents,6,19,27,13,2,SPECIALIST OFFICE VISIT,OUT-OF-NETWORK,PERCENT PLAN PAYS,80,60,50,70,50,1,10,low,low,RISK,1
2,0,0,1,Hourly,3735,Yes,Owns,15,15,31,13,2,SPECIALIST OFFICE VISIT,OUT-OF-NETWORK,PERCENT PLAN PAYS,80,70,60,50,50,1,10,low,low,RISK,1
2,1,0,2,Salaried,1125,Yes,Rents,6,12,28,13,2,SPECIALIST OFFICE VISIT,OUT-OF-NETWORK,PERCENT PLAN PAYS,70,80,50,60,50,1,10,low,low,RISK,1
2,0,1,0,Bonus,4695,No,Owns,5,16,31,13,2,SPECIALIST OFFICE VISIT,OUT-OF-NETWORK,PERCENT PLAN PAYS,80,60,50,70,50,1,10,low,low,RISK,1
1,1,1,1,Salaried,1210,No,Rents,17,12,39,13,2,SPECIALIST OFFICE VISIT,OUT-OF-NETWORK,PERCENT PLAN PAYS,80,70,60,50,50,1,10,low,low,RISK,1
1,2,1,0,Bonus,3149,No,Owns,6,14,30,13,2,SPECIALIST OFFICE VISIT,OUT-OF-NETWORK,PERCENT PLAN PAYS,80,70,60,50,50,1,10,low,low,RISK,1
1,1,1,1,Bonus,3757,No,Rents,6,13,26,13,2,SPECIALIST OFFICE VISIT,OUT-OF-NETWORK,PERCENT PLAN PAYS,60,50,70,80,50,1,10,low,low,RISK,1
1,0,2,1,Salaried,4038,Yes,Rents,12,16,37,13,2,SPECIALIST OFFICE VISIT,OUT-OF-NETWORK,PERCENT PLAN PAYS,50,70,80,60,50,1,10,low,low,RISK,1
0,0,0,2,Bonus,381,No,Owns,8,16,39,13,2,SPECIALIST OFFICE VISIT,OUT-OF-NETWORK,PERCENT PLAN PAYS,70,50,60,80,50,1,10,low,low,RISK,1
0,0,1,1,Hourly,2879,Yes,Rents,16,14,30,13,2,SPECIALIST OFFICE VISIT,OUT-OF-NETWORK,PERCENT PLAN PAYS,60,50,70,80,50,1,10,low,low,RISK,1
1,2,0,0,Hourly,2246,No,Owns,17,14,34,13,2,SPECIALIST OFFICE VISIT,OUT-OF-NETWORK,PERCENT PLAN PAYS,80,50,60,70,50,1,10,low,low,RISK,1
0,2,1,0,Hourly,3337,No,Rents,7,19,30,13,2,SPECIALIST OFFICE VISIT,OUT-OF-NETWORK,PERCENT PLAN PAYS,70,50,80,60,50,1,10,low,low,RISK,1
1,1,1,1,Hourly,874,No,Owns,17,17,35,13,2,SPECIALIST OFFICE VISIT,OUT-OF-NETWORK,PERCENT PLAN PAYS,50,80,70,60,50,1,10,low,low,RISK,1
0,1,0,0,Hourly,4470,Yes,Owns,6,15,48,13,2,SPECIALIST OFFICE VISIT,OUT-OF-NETWORK,PERCENT PLAN PAYS,60,70,50,80,50,1,10,low,low,RISK,1
2,0,1,1,Hourly,3252,Yes,Owns,10,12,35,13,2,SPECIALIST OFFICE VISIT,OUT-OF-NETWORK,PERCENT PLAN PAYS,50,60,80,70,50,1,10,low,low,RISK,1
0,2,0,1,Hourly,176,Yes,Rents,9,18,32,13,2,SPECIALIST OFFICE VISIT,OUT-OF-NETWORK,PERCENT PLAN PAYS,70,50,80,60,50,1,10,low,low,RISK,1
1,0,2,0,Hourly,3681,Yes,Owns,6,13,27,13,2,SPECIALIST OFFICE VISIT,OUT-OF-NETWORK,PERCENT PLAN PAYS,60,70,50,80,50,1,10,low,low,RISK,1
1,2,1,2,Hourly,1019,Yes,Owns,15,20,28,13,2,SPECIALIST OFFICE VISIT,OUT-OF-NETWORK,PERCENT PLAN PAYS,60,50,70,80,50,1,10,low,low,RISK,1
1,2,1,1,Bonus,4493,Yes,Owns,18,14,29,13,2,SPECIALIST OFFICE VISIT,OUT-OF-NETWORK,PERCENT PLAN PAYS,60,50,80,70,50,1,10,low,low,RISK,1
1,2,2,0,Salaried,1012,Yes,Owns,15,13,50,13,2,SPECIALIST OFFICE VISIT,OUT-OF-NETWORK,PERCENT PLAN PAYS,80,50,70,60,50,1,10,low,low,RISK,1
0,0,1,1,Bonus,1248,Yes,Rents,7,20,35,13,2,SPECIALIST OFFICE VISIT,OUT-OF-NETWORK,PERCENT PLAN PAYS,60,50,80,70,50,1,10,low,low,RISK,1
0,0,1,0,Salaried,1214,No,Owns,6,17,32,13,2,SPECIALIST OFFICE VISIT,OUT-OF-NETWORK,PERCENT PLAN PAYS,60,50,70,80,50,1,10,low,low,RISK,1
1,0,1,0,Salaried,2852,Yes,Rents,6,16,31,13,2,SPECIALIST OFFICE VISIT,OUT-OF-NETWORK,PERCENT PLAN PAYS,70,80,60,50,50,1,10,low,low,RISK,1
1,0,0,0,Bonus,1440,Yes,Owns,10,20,34,13,2,SPECIALIST OFFICE VISIT,OUT-OF-NETWORK,PERCENT PLAN PAYS,60,80,50,70,50,1,10,low,low,RISK,1
1,0,1,0,Bonus,2951,No,Owns,11,11,30,13,2,SPECIALIST OFFICE VISIT,OUT-OF-NETWORK,PERCENT PLAN PAYS,50,60,80,70,50,1,10,low,low,RISK,1
3,2,1,3,Salaried,4377,No,Rents,24,48,52,13,3,SPECIALIST OFFICE VISIT,OUT-OF-NETWORK,PERCENT PLAN PAYS,70,80,50,60,60,2,20,low,low,RISK,1
1,1,2,1,Salaried,1919,No,Owns,25,33,56,13,3,SPECIALIST OFFICE VISIT,OUT-OF-NETWORK,PERCENT PLAN PAYS,80,60,70,50,60,2,20,low,low,RISK,1
2,2,1,1,Salaried,4671,Yes,Rents,33,23,53,13,3,SPECIALIST OFFICE VISIT,OUT-OF-NETWORK,PERCENT PLAN PAYS,70,50,80,60,60,2,20,low,low,RISK,1
3,2,1,1,Bonus,1139,No,Owns,29,38,56,13,3,SPECIALIST OFFICE VISIT,OUT-OF-NETWORK,PERCENT PLAN PAYS,60,70,50,80,60,2,20,low,low,RISK,1
1,2,3,2,Bonus,3085,No,Rents,23,24,64,13,3,SPECIALIST OFFICE VISIT,OUT-OF-NETWORK,PERCENT PLAN PAYS,70,60,80,50,60,2,20,low,low,RISK,1
1,2,3,1,Salaried,912,Yes,Rents,37,29,55,13,3,SPECIALIST OFFICE VISIT,OUT-OF-NETWORK,PERCENT PLAN PAYS,70,80,60,50,60,2,20,low,low,RISK,1
2,1,3,2,Hourly,3561,Yes,Owns,28,26,51,13,3,SPECIALIST OFFICE VISIT,OUT-OF-NETWORK,PERCENT PLAN PAYS,50,80,70,60,60,2,20,low,low,RISK,1
2,3,1,1,Hourly,4350,No,Rents,19,36,62,13,3,SPECIALIST OFFICE VISIT,OUT-OF-NETWORK,PERCENT PLAN PAYS,80,70,60,50,60,2,20,low,low,RISK,1
3,3,2,3,Salaried,3664,No,Owns,18,38,64,13,3,SPECIALIST OFFICE VISIT,OUT-OF-NETWORK,PERCENT PLAN PAYS,60,70,80,50,60,2,20,low,low,RISK,1
1,1,1,1,Bonus,1972,Yes,Owns,38,31,55,13,3,SPECIALIST OFFICE VISIT,OUT-OF-NETWORK,PERCENT PLAN PAYS,80,70,60,50,60,2,20,low,low,RISK,1
1,1,3,3,Salaried,1235,Yes,Rents,32,31,59,13,3,SPECIALIST OFFICE VISIT,OUT-OF-NETWORK,PERCENT PLAN PAYS,50,80,60,70,60,2,20,low,low,RISK,1
1,3,1,2,Bonus,2294,Yes,Owns,25,47,55,13,3,SPECIALIST OFFICE VISIT,OUT-OF-NETWORK,PERCENT PLAN PAYS,50,70,60,80,60,2,20,low,low,RISK,1
1,2,3,1,Salaried,4592,Yes,Rents,37,41,60,13,3,SPECIALIST OFFICE VISIT,OUT-OF-NETWORK,PERCENT PLAN PAYS,70,80,50,60,60,2,20,low,low,RISK,1
1,1,1,2,Hourly,2183,Yes,Owns,16,35,73,13,3,SPECIALIST OFFICE VISIT,OUT-OF-NETWORK,PERCENT PLAN PAYS,80,70,60,50,60,2,20,low,low,RISK,1
2,2,3,2,Salaried,1622,Yes,Rents,21,24,60,13,3,SPECIALIST OFFICE VISIT,OUT-OF-NETWORK,PERCENT PLAN PAYS,50,80,70,60,60,2,20,low,low,RISK,1
2,3,1,3,Salaried,4259,Yes,Rents,17,43,57,13,3,SPECIALIST OFFICE VISIT,OUT-OF-NETWORK,PERCENT PLAN PAYS,50,80,70,60,60,2,20,low,low,RISK,1
3,2,2,3,Salaried,4138,No,Owns,37,25,52,13,3,SPECIALIST OFFICE VISIT,OUT-OF-NETWORK,PERCENT PLAN PAYS,60,70,80,50,60,2,20,low,low,RISK,1
3,1,2,3,Bonus,2742,No,Owns,39,50,53,13,3,SPECIALIST OFFICE VISIT,OUT-OF-NETWORK,PERCENT PLAN PAYS,50,60,80,70,60,2,20,low,low,RISK,1
1,1,1,3,Bonus,4027,Yes,Rents,21,31,54,13,3,SPECIALIST OFFICE VISIT,OUT-OF-NETWORK,PERCENT PLAN PAYS,70,80,60,50,60,2,20,low,low,RISK,1
2,2,1,1,Bonus,3643,No,Rents,35,26,75,13,3,SPECIALIST OFFICE VISIT,OUT-OF-NETWORK,PERCENT PLAN PAYS,80,50,60,70,60,2,20,low,low,RISK,1
2,1,3,1,Salaried,1855,No,Rents,39,49,60,13,3,SPECIALIST OFFICE VISIT,OUT-OF-NETWORK,PERCENT PLAN PAYS,60,50,80,70,60,2,20,low,low,RISK,1
1,3,1,1,Bonus,4199,No,Owns,33,40,57,13,3,SPECIALIST OFFICE VISIT,OUT-OF-NETWORK,PERCENT PLAN PAYS,80,50,70,60,60,2,20,low,low,RISK,1
1,3,2,1,Salaried,358,No,Rents,28,36,56,13,3,SPECIALIST OFFICE VISIT,OUT-OF-NETWORK,PERCENT PLAN PAYS,80,50,70,60,60,2,20,low,low,RISK,1
2,2,2,1,Salaried,2175,No,Owns,35,49,59,13,3,SPECIALIST OFFICE VISIT,OUT-OF-NETWORK,PERCENT PLAN PAYS,70,80,50,60,60,2,20,low,low,RISK,1
2,2,1,1,Bonus,2804,No,Owns,26,20,55,13,3,SPECIALIST OFFICE VISIT,OUT-OF-NETWORK,PERCENT PLAN PAYS,50,60,80,70,60,2,20,low,low,RISK,1
3,3,3,2,Bonus,2793,Yes,Owns,39,48,52,13,3,SPECIALIST OFFICE VISIT,OUT-OF-NETWORK,PERCENT PLAN PAYS,60,50,80,70,60,2,20,low,low,RISK,1
3,1,3,1,Salaried,1366,No,Owns,32,33,56,13,3,SPECIALIST OFFICE VISIT,OUT-OF-NETWORK,PERCENT PLAN PAYS,70,80,50,60,60,2,20,low,low,RISK,1
1,2,2,3,Salaried,3990,No,Rents,30,23,53,13,3,SPECIALIST OFFICE VISIT,OUT-OF-NETWORK,PERCENT PLAN PAYS,50,80,70,60,60,2,20,low,low,RISK,1
2,3,1,1,Hourly,1178,No,Owns,15,24,64,13,3,SPECIALIST OFFICE VISIT,OUT-OF-NETWORK,PERCENT PLAN PAYS,80,70,60,50,60,2,20,low,low,RISK,1
2,1,1,1,Hourly,2665,No,Rents,20,29,55,13,3,SPECIALIST OFFICE VISIT,OUT-OF-NETWORK,PERCENT PLAN PAYS,60,70,80,50,60,2,20,low,low,RISK,1
2,3,3,1,Hourly,4144,No,Owns,23,26,51,13,3,SPECIALIST OFFICE VISIT,OUT-OF-NETWORK,PERCENT PLAN PAYS,70,80,50,60,60,2,20,low,low,RISK,1
2,2,3,1,Hourly,2547,Yes,Owns,32,36,62,13,3,SPECIALIST OFFICE VISIT,OUT-OF-NETWORK,PERCENT PLAN PAYS,50,60,80,70,60,2,20,low,low,RISK,1
2,1,2,1,Hourly,152,Yes,Owns,34,38,64,13,3,SPECIALIST OFFICE VISIT,OUT-OF-NETWORK,PERCENT PLAN PAYS,80,60,70,50,60,2,20,low,low,RISK,1
1,1,1,1,Bonus,2909,Yes,Rents,23,31,55,13,3,SPECIALIST OFFICE VISIT,OUT-OF-NETWORK,PERCENT PLAN PAYS,60,70,80,50,60,2,20,low,low,RISK,1
3,3,2,2,Bonus,2404,Yes,Owns,27,31,59,13,3,SPECIALIST OFFICE VISIT,OUT-OF-NETWORK,PERCENT PLAN PAYS,80,70,60,50,60,2,20,low,low,RISK,1
3,1,2,3,Bonus,144,Yes,Owns,24,47,55,13,3,SPECIALIST OFFICE VISIT,OUT-OF-NETWORK,PERCENT PLAN PAYS,50,80,70,60,60,2,20,low,low,RISK,1
3,1,2,1,Hourly,2250,No,Owns,26,41,60,13,3,SPECIALIST OFFICE VISIT,OUT-OF-NETWORK,PERCENT PLAN PAYS,50,80,60,70,60,2,20,low,low,RISK,1
3,1,1,1,Hourly,4826,No,Owns,25,35,73,13,3,SPECIALIST OFFICE VISIT,OUT-OF-NETWORK,PERCENT PLAN PAYS,60,70,50,80,60,2,20,low,low,RISK,1
2,2,1,1,Salaried,792,No,Owns,28,24,60,13,3,SPECIALIST OFFICE VISIT,OUT-OF-NETWORK,PERCENT PLAN PAYS,60,70,50,80,60,2,20,low,low,RISK,1
1,3,1,2,Hourly,3429,No,Rents,34,43,57,13,3,SPECIALIST OFFICE VISIT,OUT-OF-NETWORK,PERCENT PLAN PAYS,60,80,70,50,60,2,20,low,low,RISK,1
1,3,1,2,Hourly,1596,Yes,Owns,27,25,52,13,3,SPECIALIST OFFICE VISIT,OUT-OF-NETWORK,PERCENT PLAN PAYS,60,70,80,50,60,2,20,low,low,RISK,1
2,3,3,1,Salaried,83,Yes,Owns,19,50,53,13,3,SPECIALIST OFFICE VISIT,OUT-OF-NETWORK,PERCENT PLAN PAYS,70,50,80,60,60,2,20,low,low,RISK,1
2,3,1,3,Salaried,3601,No,Owns,17,31,54,13,3,SPECIALIST OFFICE VISIT,OUT-OF-NETWORK,PERCENT PLAN PAYS,70,80,50,60,60,2,20,low,low,RISK,1
2,2,1,2,Bonus,861,No,Owns,34,26,75,13,3,SPECIALIST OFFICE VISIT,OUT-OF-NETWORK,PERCENT PLAN PAYS,80,70,50,60,60,2,20,low,low,RISK,1
1,3,3,3,Salaried,2240,Yes,Rents,35,49,60,13,3,SPECIALIST OFFICE VISIT,OUT-OF-NETWORK,PERCENT PLAN PAYS,60,80,50,70,60,2,20,low,low,RISK,1
1,1,1,1,Hourly,2384,No,Rents,17,40,57,13,3,SPECIALIST OFFICE VISIT,OUT-OF-NETWORK,PERCENT PLAN PAYS,80,50,70,60,60,2,20,low,low,RISK,1
1,1,1,1,Bonus,2363,Yes,Rents,29,36,56,13,3,SPECIALIST OFFICE VISIT,OUT-OF-NETWORK,PERCENT PLAN PAYS,80,50,70,60,60,2,20,low,low,RISK,1
2,1,3,1,Salaried,4539,No,Owns,24,49,59,13,3,SPECIALIST OFFICE VISIT,OUT-OF-NETWORK,PERCENT PLAN PAYS,60,70,50,80,60,2,20,low,low,RISK,1
2,1,1,1,Bonus,489,No,Rents,23,20,55,13,3,SPECIALIST OFFICE VISIT,OUT-OF-NETWORK,PERCENT PLAN PAYS,50,60,70,80,60,2,20,low,low,RISK,1
2,3,1,3,Bonus,4623,Yes,Owns,19,48,52,13,3,SPECIALIST OFFICE VISIT,OUT-OF-NETWORK,PERCENT PLAN PAYS,50,80,70,60,60,2,20,low,low,RISK,1
2,1,1,1,Salaried,153,Yes,Owns,15,33,56,13,3,SPECIALIST OFFICE VISIT,OUT-OF-NETWORK,PERCENT PLAN PAYS,60,50,70,80,60,2,20,low,low,RISK,1
1,3,3,2,Salaried,3954,No,Owns,17,23,53,13,3,SPECIALIST OFFICE VISIT,OUT-OF-NETWORK,PERCENT PLAN PAYS,50,60,80,70,60,2,20,low,low,RISK,1
1,2,1,1,Salaried,4742,No,Rents,15,38,56,13,3,SPECIALIST OFFICE VISIT,OUT-OF-NETWORK,PERCENT PLAN PAYS,80,70,50,60,60,2,20,low,low,RISK,1
1,1,1,2,Hourly,3289,No,Rents,35,24,64,13,3,SPECIALIST OFFICE VISIT,OUT-OF-NETWORK,PERCENT PLAN PAYS,80,60,70,50,60,2,20,low,low,RISK,1
1,1,2,2,Bonus,3409,Yes,Rents,30,29,55,13,3,SPECIALIST OFFICE VISIT,OUT-OF-NETWORK,PERCENT PLAN PAYS,50,80,60,70,60,2,20,low,low,RISK,1
1,1,3,2,Bonus,3179,No,Rents,21,26,51,13,3,SPECIALIST OFFICE VISIT,OUT-OF-NETWORK,PERCENT PLAN PAYS,60,50,80,70,60,2,20,low,low,RISK,1
1,1,1,2,Bonus,4271,No,Rents,22,36,62,13,3,SPECIALIST OFFICE VISIT,OUT-OF-NETWORK,PERCENT PLAN PAYS,70,80,50,60,60,2,20,low,low,RISK,1
1,1,1,1,Hourly,4605,Yes,Rents,24,38,64,13,3,SPECIALIST OFFICE VISIT,OUT-OF-NETWORK,PERCENT PLAN PAYS,70,60,50,80,60,2,20,low,low,RISK,1
1,3,3,3,Salaried,3042,Yes,Rents,16,31,55,13,3,SPECIALIST OFFICE VISIT,OUT-OF-NETWORK,PERCENT PLAN PAYS,60,50,80,70,60,2,20,low,low,RISK,1
1,3,3,1,Hourly,170,No,Rents,37,31,59,13,3,SPECIALIST OFFICE VISIT,OUT-OF-NETWORK,PERCENT PLAN PAYS,60,70,80,50,60,2,20,low,low,RISK,1
1,1,1,3,Salaried,2062,No,Rents,20,47,55,13,3,SPECIALIST OFFICE VISIT,OUT-OF-NETWORK,PERCENT PLAN PAYS,60,50,70,80,60,2,20,low,low,RISK,1
2,2,3,3,Bonus,1962,No,Rents,15,41,60,13,3,SPECIALIST OFFICE VISIT,OUT-OF-NETWORK,PERCENT PLAN PAYS,50,60,80,70,60,2,20,low,low,RISK,1
1,1,1,1,Bonus,1006,No,Owns,27,35,73,13,3,SPECIALIST OFFICE VISIT,OUT-OF-NETWORK,PERCENT PLAN PAYS,70,80,60,50,60,2,20,low,low,RISK,1
1,3,2,3,Salaried,4555,No,Rents,20,24,60,13,3,SPECIALIST OFFICE VISIT,OUT-OF-NETWORK,PERCENT PLAN PAYS,70,50,80,60,60,2,20,low,low,RISK,1
3,1,2,1,Bonus,458,No,Rents,25,43,57,13,3,SPECIALIST OFFICE VISIT,OUT-OF-NETWORK,PERCENT PLAN PAYS,50,60,70,80,60,2,20,low,low,RISK,1
3,1,3,1,Hourly,1593,No,Owns,16,25,52,13,3,SPECIALIST OFFICE VISIT,OUT-OF-NETWORK,PERCENT PLAN PAYS,60,70,80,50,60,2,20,low,low,RISK,1
1,3,1,2,Hourly,4519,Yes,Owns,26,50,53,13,3,SPECIALIST OFFICE VISIT,OUT-OF-NETWORK,PERCENT PLAN PAYS,60,50,80,70,60,2,20,low,low,RISK,1
1,2,1,1,Bonus,2639,No,Rents,16,31,54,13,3,SPECIALIST OFFICE VISIT,OUT-OF-NETWORK,PERCENT PLAN PAYS,70,50,80,60,60,2,20,low,low,RISK,1
1,1,3,1,Hourly,2563,Yes,Rents,35,26,75,13,3,SPECIALIST OFFICE VISIT,OUT-OF-NETWORK,PERCENT PLAN PAYS,70,60,50,80,60,2,20,low,low,RISK,1
1,2,3,2,Bonus,2810,Yes,Owns,35,49,60,13,3,SPECIALIST OFFICE VISIT,OUT-OF-NETWORK,PERCENT PLAN PAYS,50,80,70,60,60,2,20,low,low,RISK,1
2,2,1,2,Hourly,2954,Yes,Owns,39,40,57,13,3,SPECIALIST OFFICE VISIT,OUT-OF-NETWORK,PERCENT PLAN PAYS,60,70,80,50,60,2,20,low,low,RISK,1
2,1,3,1,Hourly,2299,Yes,Owns,31,36,56,13,3,SPECIALIST OFFICE VISIT,OUT-OF-NETWORK,PERCENT PLAN PAYS,70,60,80,50,60,2,20,low,low,RISK,1
1,1,2,3,Hourly,1155,No,Rents,16,49,59,13,3,SPECIALIST OFFICE VISIT,OUT-OF-NETWORK,PERCENT PLAN PAYS,80,60,50,70,60,2,20,low,low,RISK,1
2,1,3,1,Bonus,1856,Yes,Rents,31,20,55,13,3,SPECIALIST OFFICE VISIT,OUT-OF-NETWORK,PERCENT PLAN PAYS,50,60,70,80,60,2,20,low,low,RISK,1
3,2,2,1,Salaried,3352,Yes,Rents,18,48,52,13,3,SPECIALIST OFFICE VISIT,OUT-OF-NETWORK,PERCENT PLAN PAYS,60,80,70,50,60,2,20,low,low,RISK,1
3,1,1,2,Hourly,3735,Yes,Owns,34,33,56,13,3,SPECIALIST OFFICE VISIT,OUT-OF-NETWORK,PERCENT PLAN PAYS,50,70,60,80,60,2,20,low,low,RISK,1
3,2,1,3,Salaried,1125,Yes,Rents,18,23,53,13,3,SPECIALIST OFFICE VISIT,OUT-OF-NETWORK,PERCENT PLAN PAYS,70,80,50,60,60,2,20,low,low,RISK,1
3,1,2,1,Bonus,4695,No,Owns,15,38,56,13,3,SPECIALIST OFFICE VISIT,OUT-OF-NETWORK,PERCENT PLAN PAYS,50,70,80,60,60,2,20,low,low,RISK,1
2,2,2,2,Salaried,1210,No,Rents,38,24,64,13,3,SPECIALIST OFFICE VISIT,OUT-OF-NETWORK,PERCENT PLAN PAYS,50,70,60,80,60,2,20,low,low,RISK,1
2,2,2,2,Bonus,3757,No,Rents,18,26,51,13,3,SPECIALIST OFFICE VISIT,OUT-OF-NETWORK,PERCENT PLAN PAYS,50,80,70,60,60,2,20,low,low,RISK,1
3,1,3,2,Salaried,4038,Yes,Rents,28,36,62,13,3,SPECIALIST OFFICE VISIT,OUT-OF-NETWORK,PERCENT PLAN PAYS,80,50,70,60,60,2,20,low,low,RISK,1
1,1,1,3,Bonus,381,No,Owns,20,38,64,13,3,SPECIALIST OFFICE VISIT,OUT-OF-NETWORK,PERCENT PLAN PAYS,70,50,80,60,60,2,20,low,low,RISK,1
1,1,1,2,Hourly,2879,Yes,Rents,37,31,55,13,3,SPECIALIST OFFICE VISIT,OUT-OF-NETWORK,PERCENT PLAN PAYS,70,50,60,80,60,2,20,low,low,RISK,1
2,3,1,1,Hourly,2246,No,Owns,38,31,59,13,3,SPECIALIST OFFICE VISIT,OUT-OF-NETWORK,PERCENT PLAN PAYS,70,50,60,80,60,2,20,low,low,RISK,1
1,3,2,1,Hourly,3337,No,Rents,18,47,55,13,3,SPECIALIST OFFICE VISIT,OUT-OF-NETWORK,PERCENT PLAN PAYS,60,50,70,80,60,2,20,low,low,RISK,1
2,2,1,2,Hourly,874,No,Owns,38,41,60,13,3,SPECIALIST OFFICE VISIT,OUT-OF-NETWORK,PERCENT PLAN PAYS,80,50,70,60,60,2,20,low,low,RISK,1
1,2,1,1,Hourly,4470,Yes,Owns,16,35,73,13,3,SPECIALIST OFFICE VISIT,OUT-OF-NETWORK,PERCENT PLAN PAYS,50,80,70,60,60,2,20,low,low,RISK,1
3,1,3,1,Hourly,3252,Yes,Owns,24,24,60,13,3,SPECIALIST OFFICE VISIT,OUT-OF-NETWORK,PERCENT PLAN PAYS,50,80,60,70,60,2,20,low,low,RISK,1
1,3,1,2,Hourly,176,Yes,Rents,23,43,57,13,3,SPECIALIST OFFICE VISIT,OUT-OF-NETWORK,PERCENT PLAN PAYS,60,70,80,50,60,2,20,low,low,RISK,1
2,1,3,1,Hourly,3681,Yes,Owns,17,25,52,13,3,SPECIALIST OFFICE VISIT,OUT-OF-NETWORK,PERCENT PLAN PAYS,70,80,60,50,60,2,20,low,low,RISK,1
1,3,2,3,Hourly,1019,Yes,Owns,35,50,53,13,3,SPECIALIST OFFICE VISIT,OUT-OF-NETWORK,PERCENT PLAN PAYS,50,70,80,60,60,2,20,low,low,RISK,1
1,3,2,1,Bonus,4493,Yes,Owns,39,31,54,13,3,SPECIALIST OFFICE VISIT,OUT-OF-NETWORK,PERCENT PLAN PAYS,80,70,60,50,60,2,20,low,low,RISK,1
1,3,3,1,Salaried,1012,Yes,Owns,34,26,75,13,3,SPECIALIST OFFICE VISIT,OUT-OF-NETWORK,PERCENT PLAN PAYS,70,50,80,60,60,2,20,low,low,RISK,1
1,1,2,1,Bonus,1248,Yes,Rents,18,49,60,13,3,SPECIALIST OFFICE VISIT,OUT-OF-NETWORK,PERCENT PLAN PAYS,60,70,80,50,60,2,20,low,low,RISK,1
1,1,2,1,Salaried,1214,No,Owns,17,40,57,13,3,SPECIALIST OFFICE VISIT,OUT-OF-NETWORK,PERCENT PLAN PAYS,70,60,50,80,60,2,20,low,low,RISK,1
2,1,1,1,Salaried,2852,Yes,Rents,18,36,56,13,3,SPECIALIST OFFICE VISIT,OUT-OF-NETWORK,PERCENT PLAN PAYS,80,70,50,60,60,2,20,low,low,RISK,1
2,1,1,1,Bonus,1440,Yes,Owns,24,49,59,13,3,SPECIALIST OFFICE VISIT,OUT-OF-NETWORK,PERCENT PLAN PAYS,60,80,50,70,60,2,20,low,low,RISK,1
3,1,3,1,Bonus,2951,No,Owns,26,20,55,13,3,SPECIALIST OFFICE VISIT,OUT-OF-NETWORK,PERCENT PLAN PAYS,80,50,70,60,60,2,20,low,low,RISK,1
4,3,2,4,Salaried,4377,No,Rents,46,73,76,13,4,SPECIALIST OFFICE VISIT,OUT-OF-NETWORK,PERCENT PLAN PAYS,70,60,50,80,60,2,50,low,low,RISK,1
2,3,4,2,Salaried,1919,No,Owns,48,61,80,13,4,SPECIALIST OFFICE VISIT,OUT-OF-NETWORK,PERCENT PLAN PAYS,80,60,70,50,60,2,50,low,low,RISK,1
4,4,3,2,Salaried,4671,Yes,Rents,57,53,77,13,4,SPECIALIST OFFICE VISIT,OUT-OF-NETWORK,PERCENT PLAN PAYS,80,70,60,50,60,2,50,low,low,RISK,1
4,4,2,2,Bonus,1139,No,Owns,52,65,80,13,4,SPECIALIST OFFICE VISIT,OUT-OF-NETWORK,PERCENT PLAN PAYS,50,70,60,80,60,2,50,low,low,RISK,1
3,4,4,3,Bonus,3085,No,Rents,45,54,88,13,4,SPECIALIST OFFICE VISIT,OUT-OF-NETWORK,PERCENT PLAN PAYS,60,80,70,50,60,2,50,low,low,RISK,1
3,4,4,3,Salaried,912,Yes,Rents,61,58,79,13,4,SPECIALIST OFFICE VISIT,OUT-OF-NETWORK,PERCENT PLAN PAYS,60,50,80,70,60,2,50,low,low,RISK,1
4,3,4,3,Hourly,3561,Yes,Owns,51,56,75,13,4,SPECIALIST OFFICE VISIT,OUT-OF-NETWORK,PERCENT PLAN PAYS,70,80,60,50,60,2,50,low,low,RISK,1
4,4,2,2,Hourly,4350,No,Rents,40,64,87,13,4,SPECIALIST OFFICE VISIT,OUT-OF-NETWORK,PERCENT PLAN PAYS,50,70,60,80,60,2,50,low,low,RISK,1
4,4,4,4,Salaried,3664,No,Owns,39,65,88,13,4,SPECIALIST OFFICE VISIT,OUT-OF-NETWORK,PERCENT PLAN PAYS,80,50,70,60,60,2,50,low,low,RISK,1
2,3,3,3,Bonus,1972,Yes,Owns,62,60,80,13,4,SPECIALIST OFFICE VISIT,OUT-OF-NETWORK,PERCENT PLAN PAYS,50,80,60,70,60,2,50,low,low,RISK,1
3,2,4,4,Salaried,1235,Yes,Rents,55,60,83,13,4,SPECIALIST OFFICE VISIT,OUT-OF-NETWORK,PERCENT PLAN PAYS,80,70,60,50,60,2,50,low,low,RISK,1
2,4,3,3,Bonus,2294,Yes,Owns,47,72,79,13,4,SPECIALIST OFFICE VISIT,OUT-OF-NETWORK,PERCENT PLAN PAYS,80,60,50,70,60,2,50,low,low,RISK,1
2,3,4,3,Salaried,4592,Yes,Rents,62,68,84,13,4,SPECIALIST OFFICE VISIT,OUT-OF-NETWORK,PERCENT PLAN PAYS,50,60,70,80,60,2,50,low,low,RISK,1
3,3,3,4,Hourly,2183,Yes,Owns,37,63,98,13,4,SPECIALIST OFFICE VISIT,OUT-OF-NETWORK,PERCENT PLAN PAYS,50,70,80,60,60,2,50,low,low,RISK,1
3,3,4,3,Salaried,1622,Yes,Rents,42,55,84,13,4,SPECIALIST OFFICE VISIT,OUT-OF-NETWORK,PERCENT PLAN PAYS,60,50,70,80,60,2,50,low,low,RISK,1
3,4,3,4,Salaried,4259,Yes,Rents,37,70,81,13,4,SPECIALIST OFFICE VISIT,OUT-OF-NETWORK,PERCENT PLAN PAYS,50,70,80,60,60,2,50,low,low,RISK,1
4,3,3,4,Salaried,4138,No,Owns,62,55,76,13,4,SPECIALIST OFFICE VISIT,OUT-OF-NETWORK,PERCENT PLAN PAYS,70,60,80,50,60,2,50,low,low,RISK,1
4,3,4,4,Bonus,2742,No,Owns,64,75,77,13,4,SPECIALIST OFFICE VISIT,OUT-OF-NETWORK,PERCENT PLAN PAYS,70,50,80,60,60,2,50,low,low,RISK,1
3,3,3,4,Bonus,4027,Yes,Rents,43,60,78,13,4,SPECIALIST OFFICE VISIT,OUT-OF-NETWORK,PERCENT PLAN PAYS,80,70,50,60,60,2,50,low,low,RISK,1
4,4,2,2,Bonus,3643,No,Rents,59,56,100,13,4,SPECIALIST OFFICE VISIT,OUT-OF-NETWORK,PERCENT PLAN PAYS,50,60,80,70,60,2,50,low,low,RISK,1
4,2,4,2,Salaried,1855,No,Rents,63,74,85,13,4,SPECIALIST OFFICE VISIT,OUT-OF-NETWORK,PERCENT PLAN PAYS,80,50,60,70,60,2,50,low,low,RISK,1
3,4,2,3,Bonus,4199,No,Owns,57,67,81,13,4,SPECIALIST OFFICE VISIT,OUT-OF-NETWORK,PERCENT PLAN PAYS,60,70,80,50,60,2,50,low,low,RISK,1
3,4,3,2,Salaried,358,No,Rents,50,64,80,13,4,SPECIALIST OFFICE VISIT,OUT-OF-NETWORK,PERCENT PLAN PAYS,50,60,80,70,60,2,50,low,low,RISK,1
4,3,4,3,Salaried,2175,No,Owns,59,75,83,13,4,SPECIALIST OFFICE VISIT,OUT-OF-NETWORK,PERCENT PLAN PAYS,70,80,60,50,60,2,50,low,low,RISK,1
4,4,2,2,Bonus,2804,No,Owns,48,51,79,13,4,SPECIALIST OFFICE VISIT,OUT-OF-NETWORK,PERCENT PLAN PAYS,80,50,70,60,60,2,50,low,low,RISK,1
4,4,4,4,Bonus,2793,Yes,Owns,63,73,76,13,4,SPECIALIST OFFICE VISIT,OUT-OF-NETWORK,PERCENT PLAN PAYS,60,80,50,70,60,2,50,low,low,RISK,1
4,3,4,2,Salaried,1366,No,Owns,56,61,80,13,4,SPECIALIST OFFICE VISIT,OUT-OF-NETWORK,PERCENT PLAN PAYS,60,80,50,70,60,2,50,low,low,RISK,1
2,4,4,4,Salaried,3990,No,Rents,53,53,77,13,4,SPECIALIST OFFICE VISIT,OUT-OF-NETWORK,PERCENT PLAN PAYS,80,60,50,70,60,2,50,low,low,RISK,1
2,4,3,3,Salaried,1625,No,Owns,60,65,80,13,4,SPECIALIST OFFICE VISIT,OUT-OF-NETWORK,PERCENT PLAN PAYS,80,70,60,50,60,2,50,low,low,RISK,1
4,4,3,3,Hourly,1178,No,Owns,35,54,88,13,4,SPECIALIST OFFICE VISIT,OUT-OF-NETWORK,PERCENT PLAN PAYS,80,70,60,50,60,2,50,low,low,RISK,1
4,4,4,2,Hourly,4144,No,Owns,44,56,75,13,4,SPECIALIST OFFICE VISIT,OUT-OF-NETWORK,PERCENT PLAN PAYS,80,60,50,70,60,2,50,low,low,RISK,1
3,3,4,3,Hourly,2547,Yes,Owns,55,64,87,13,4,SPECIALIST OFFICE VISIT,OUT-OF-NETWORK,PERCENT PLAN PAYS,60,50,80,70,60,2,50,low,low,RISK,1
4,3,4,2,Hourly,152,Yes,Owns,58,65,88,13,4,SPECIALIST OFFICE VISIT,OUT-OF-NETWORK,PERCENT PLAN PAYS,80,60,50,70,60,2,50,low,low,RISK,1
3,2,2,3,Bonus,2909,Yes,Rents,45,60,80,13,4,SPECIALIST OFFICE VISIT,OUT-OF-NETWORK,PERCENT PLAN PAYS,50,80,60,70,60,2,50,low,low,RISK,1
4,4,3,3,Bonus,2404,Yes,Owns,49,60,83,13,4,SPECIALIST OFFICE VISIT,OUT-OF-NETWORK,PERCENT PLAN PAYS,60,70,80,50,60,2,50,low,low,RISK,1
4,2,4,4,Bonus,144,Yes,Owns,46,72,79,13,4,SPECIALIST OFFICE VISIT,OUT-OF-NETWORK,PERCENT PLAN PAYS,80,50,70,60,60,2,50,low,low,RISK,1
4,3,3,3,Hourly,4826,No,Owns,47,63,98,13,4,SPECIALIST OFFICE VISIT,OUT-OF-NETWORK,PERCENT PLAN PAYS,50,80,60,70,60,2,50,low,low,RISK,1
4,4,2,3,Salaried,792,No,Owns,50,55,84,13,4,SPECIALIST OFFICE VISIT,OUT-OF-NETWORK,PERCENT PLAN PAYS,70,80,60,50,60,2,50,low,low,RISK,1
2,4,2,3,Hourly,3429,No,Rents,58,70,81,13,4,SPECIALIST OFFICE VISIT,OUT-OF-NETWORK,PERCENT PLAN PAYS,80,60,70,50,60,2,50,low,low,RISK,1
3,4,3,4,Hourly,1596,Yes,Owns,50,55,76,13,4,SPECIALIST OFFICE VISIT,OUT-OF-NETWORK,PERCENT PLAN PAYS,60,70,80,50,60,2,50,low,low,RISK,1
4,4,4,3,Salaried,83,Yes,Owns,40,75,77,13,4,SPECIALIST OFFICE VISIT,OUT-OF-NETWORK,PERCENT PLAN PAYS,60,80,50,70,60,2,50,low,low,RISK,1
4,4,3,4,Salaried,3601,No,Owns,38,60,78,13,4,SPECIALIST OFFICE VISIT,OUT-OF-NETWORK,PERCENT PLAN PAYS,80,60,50,70,60,2,50,low,low,RISK,1
3,4,2,4,Bonus,861,No,Owns,58,56,100,13,4,SPECIALIST OFFICE VISIT,OUT-OF-NETWORK,PERCENT PLAN PAYS,50,60,70,80,60,2,50,low,low,RISK,1
2,4,4,4,Salaried,2240,Yes,Rents,59,74,85,13,4,SPECIALIST OFFICE VISIT,OUT-OF-NETWORK,PERCENT PLAN PAYS,80,60,50,70,60,2,50,low,low,RISK,1
3,3,2,2,Hourly,2384,No,Rents,37,67,81,13,4,SPECIALIST OFFICE VISIT,OUT-OF-NETWORK,PERCENT PLAN PAYS,70,80,50,60,60,2,50,low,low,RISK,1
2,2,3,3,Bonus,2363,Yes,Rents,52,64,80,13,4,SPECIALIST OFFICE VISIT,OUT-OF-NETWORK,PERCENT PLAN PAYS,50,60,80,70,60,2,50,low,low,RISK,1
3,3,4,2,Salaried,4539,No,Owns,45,75,83,13,4,SPECIALIST OFFICE VISIT,OUT-OF-NETWORK,PERCENT PLAN PAYS,80,60,70,50,60,2,50,low,low,RISK,1
3,3,2,2,Bonus,489,No,Rents,45,51,79,13,4,SPECIALIST OFFICE VISIT,OUT-OF-NETWORK,PERCENT PLAN PAYS,70,50,80,60,60,2,50,low,low,RISK,1
4,4,2,4,Bonus,4623,Yes,Owns,40,73,76,13,4,SPECIALIST OFFICE VISIT,OUT-OF-NETWORK,PERCENT PLAN PAYS,80,50,70,60,60,2,50,low,low,RISK,1
3,3,3,2,Salaried,153,Yes,Owns,36,61,80,13,4,SPECIALIST OFFICE VISIT,OUT-OF-NETWORK,PERCENT PLAN PAYS,50,70,60,80,60,2,50,low,low,RISK,1
3,4,4,4,Salaried,3954,No,Owns,38,53,77,13,4,SPECIALIST OFFICE VISIT,OUT-OF-NETWORK,PERCENT PLAN PAYS,70,60,50,80,60,2,50,low,low,RISK,1
3,3,2,3,Salaried,4742,No,Rents,35,65,80,13,4,SPECIALIST OFFICE VISIT,OUT-OF-NETWORK,PERCENT PLAN PAYS,60,80,50,70,60,2,50,low,low,RISK,1
2,2,2,3,Hourly,3289,No,Rents,59,54,88,13,4,SPECIALIST OFFICE VISIT,OUT-OF-NETWORK,PERCENT PLAN PAYS,80,50,60,70,60,2,50,low,low,RISK,1
2,2,3,3,Bonus,3409,Yes,Rents,54,58,79,13,4,SPECIALIST OFFICE VISIT,OUT-OF-NETWORK,PERCENT PLAN PAYS,50,70,80,60,60,2,50,low,low,RISK,1
3,3,4,3,Bonus,3179,No,Rents,42,56,75,13,4,SPECIALIST OFFICE VISIT,OUT-OF-NETWORK,PERCENT PLAN PAYS,60,80,50,70,60,2,50,low,low,RISK,1
3,3,2,4,Bonus,4271,No,Rents,43,64,87,13,4,SPECIALIST OFFICE VISIT,OUT-OF-NETWORK,PERCENT PLAN PAYS,60,70,50,80,60,2,50,low,low,RISK,1
3,3,3,2,Hourly,4605,Yes,Rents,46,65,88,13,4,SPECIALIST OFFICE VISIT,OUT-OF-NETWORK,PERCENT PLAN PAYS,80,50,60,70,60,2,50,low,low,RISK,1
2,4,4,4,Salaried,3042,Yes,Rents,37,60,80,13,4,SPECIALIST OFFICE VISIT,OUT-OF-NETWORK,PERCENT PLAN PAYS,70,80,50,60,60,2,50,low,low,RISK,1
2,4,4,3,Hourly,170,No,Rents,61,60,83,13,4,SPECIALIST OFFICE VISIT,OUT-OF-NETWORK,PERCENT PLAN PAYS,70,60,50,80,60,2,50,low,low,RISK,1
2,3,3,4,Salaried,2062,No,Rents,40,72,79,13,4,SPECIALIST OFFICE VISIT,OUT-OF-NETWORK,PERCENT PLAN PAYS,60,50,80,70,60,2,50,low,low,RISK,1
4,4,4,4,Bonus,1962,No,Rents,35,68,84,13,4,SPECIALIST OFFICE VISIT,OUT-OF-NETWORK,PERCENT PLAN PAYS,70,50,80,60,60,2,50,low,low,RISK,1
2,2,3,2,Bonus,1006,No,Owns,50,63,98,13,4,SPECIALIST OFFICE VISIT,OUT-OF-NETWORK,PERCENT PLAN PAYS,80,70,60,50,60,2,50,low,low,RISK,1
2,4,3,4,Salaried,4555,No,Rents,42,55,84,13,4,SPECIALIST OFFICE VISIT,OUT-OF-NETWORK,PERCENT PLAN PAYS,80,50,70,60,60,2,50,low,low,RISK,1
4,3,4,3,Bonus,458,No,Rents,46,70,81,13,4,SPECIALIST OFFICE VISIT,OUT-OF-NETWORK,PERCENT PLAN PAYS,80,70,50,60,60,2,50,low,low,RISK,1
4,3,4,3,Hourly,1593,No,Owns,36,55,76,13,4,SPECIALIST OFFICE VISIT,OUT-OF-NETWORK,PERCENT PLAN PAYS,80,50,60,70,60,2,50,low,low,RISK,1
3,4,2,3,Hourly,4519,Yes,Owns,48,75,77,13,4,SPECIALIST OFFICE VISIT,OUT-OF-NETWORK,PERCENT PLAN PAYS,80,70,60,50,60,2,50,low,low,RISK,1
2,4,3,3,Bonus,2639,No,Rents,36,60,78,13,4,SPECIALIST OFFICE VISIT,OUT-OF-NETWORK,PERCENT PLAN PAYS,70,50,60,80,60,2,50,low,low,RISK,1
2,3,4,3,Hourly,2563,Yes,Rents,59,56,100,13,4,SPECIALIST OFFICE VISIT,OUT-OF-NETWORK,PERCENT PLAN PAYS,80,50,60,70,60,2,50,low,low,RISK,1
3,4,4,4,Bonus,2810,Yes,Owns,58,74,85,13,4,SPECIALIST OFFICE VISIT,OUT-OF-NETWORK,PERCENT PLAN PAYS,70,60,80,50,60,2,50,low,low,RISK,1
3,4,3,4,Hourly,2954,Yes,Owns,64,67,81,13,4,SPECIALIST OFFICE VISIT,OUT-OF-NETWORK,PERCENT PLAN PAYS,70,80,60,50,60,2,50,low,low,RISK,1
3,2,4,3,Hourly,2299,Yes,Owns,54,64,80,13,4,SPECIALIST OFFICE VISIT,OUT-OF-NETWORK,PERCENT PLAN PAYS,60,50,80,70,60,2,50,low,low,RISK,1
2,3,4,4,Hourly,1155,No,Rents,37,75,83,13,4,SPECIALIST OFFICE VISIT,OUT-OF-NETWORK,PERCENT PLAN PAYS,50,80,70,60,60,2,50,low,low,RISK,1
4,2,4,3,Bonus,1856,Yes,Rents,55,51,79,13,4,SPECIALIST OFFICE VISIT,OUT-OF-NETWORK,PERCENT PLAN PAYS,60,70,80,50,60,2,50,low,low,RISK,1
4,4,3,3,Salaried,3352,Yes,Rents,38,73,76,13,4,SPECIALIST OFFICE VISIT,OUT-OF-NETWORK,PERCENT PLAN PAYS,70,80,60,50,60,2,50,low,low,RISK,1
4,3,2,3,Hourly,3735,Yes,Owns,58,61,80,13,4,SPECIALIST OFFICE VISIT,OUT-OF-NETWORK,PERCENT PLAN PAYS,80,60,50,70,60,2,50,low,low,RISK,1
4,3,3,4,Salaried,1125,Yes,Rents,38,53,77,13,4,SPECIALIST OFFICE VISIT,OUT-OF-NETWORK,PERCENT PLAN PAYS,60,80,50,70,60,2,50,low,low,RISK,1
4,2,4,2,Bonus,4695,No,Owns,35,65,80,13,4,SPECIALIST OFFICE VISIT,OUT-OF-NETWORK,PERCENT PLAN PAYS,80,70,60,50,60,2,50,low,low,RISK,1
3,3,3,4,Salaried,1210,No,Rents,62,54,88,13,4,SPECIALIST OFFICE VISIT,OUT-OF-NETWORK,PERCENT PLAN PAYS,70,60,50,80,60,2,50,low,low,RISK,1
4,4,4,2,Bonus,3149,No,Owns,37,58,79,13,4,SPECIALIST OFFICE VISIT,OUT-OF-NETWORK,PERCENT PLAN PAYS,80,70,60,50,60,2,50,low,low,RISK,1
4,3,4,4,Bonus,3757,No,Rents,38,56,75,13,4,SPECIALIST OFFICE VISIT,OUT-OF-NETWORK,PERCENT PLAN PAYS,50,70,60,80,60,2,50,low,low,RISK,1
4,3,4,4,Salaried,4038,Yes,Rents,51,64,87,13,4,SPECIALIST OFFICE VISIT,OUT-OF-NETWORK,PERCENT PLAN PAYS,80,70,50,60,60,2,50,low,low,RISK,1
3,3,3,3,Hourly,2879,Yes,Rents,61,60,80,13,4,SPECIALIST OFFICE VISIT,OUT-OF-NETWORK,PERCENT PLAN PAYS,60,70,50,80,60,2,50,low,low,RISK,1
2,4,3,2,Hourly,3337,No,Rents,39,72,79,13,4,SPECIALIST OFFICE VISIT,OUT-OF-NETWORK,PERCENT PLAN PAYS,60,50,70,80,60,2,50,low,low,RISK,1
4,3,3,4,Hourly,874,No,Owns,63,68,84,13,4,SPECIALIST OFFICE VISIT,OUT-OF-NETWORK,PERCENT PLAN PAYS,60,50,80,70,60,2,50,low,low,RISK,1
3,4,2,3,Hourly,4470,Yes,Owns,36,63,98,13,4,SPECIALIST OFFICE VISIT,OUT-OF-NETWORK,PERCENT PLAN PAYS,60,80,50,70,60,2,50,low,low,RISK,1
4,3,4,3,Hourly,3252,Yes,Owns,46,55,84,13,4,SPECIALIST OFFICE VISIT,OUT-OF-NETWORK,PERCENT PLAN PAYS,70,80,60,50,60,2,50,low,low,RISK,1
3,4,2,3,Hourly,176,Yes,Rents,45,70,81,13,4,SPECIALIST OFFICE VISIT,OUT-OF-NETWORK,PERCENT PLAN PAYS,80,70,60,50,60,2,50,low,low,RISK,1
4,3,4,2,Hourly,3681,Yes,Owns,38,55,76,13,4,SPECIALIST OFFICE VISIT,OUT-OF-NETWORK,PERCENT PLAN PAYS,80,70,50,60,60,2,50,low,low,RISK,1
3,4,4,4,Hourly,1019,Yes,Owns,59,75,77,13,4,SPECIALIST OFFICE VISIT,OUT-OF-NETWORK,PERCENT PLAN PAYS,80,60,70,50,60,2,50,low,low,RISK,1
3,4,4,3,Bonus,4493,Yes,Owns,64,60,78,13,4,SPECIALIST OFFICE VISIT,OUT-OF-NETWORK,PERCENT PLAN PAYS,70,50,80,60,60,2,50,low,low,RISK,1
3,4,4,2,Salaried,1012,Yes,Owns,58,56,100,13,4,SPECIALIST OFFICE VISIT,OUT-OF-NETWORK,PERCENT PLAN PAYS,60,70,80,50,60,2,50,low,low,RISK,1
2,2,4,3,Bonus,1248,Yes,Rents,39,74,85,13,4,SPECIALIST OFFICE VISIT,OUT-OF-NETWORK,PERCENT PLAN PAYS,70,50,80,60,60,2,50,low,low,RISK,1
2,3,3,3,Salaried,1214,No,Owns,37,67,81,13,4,SPECIALIST OFFICE VISIT,OUT-OF-NETWORK,PERCENT PLAN PAYS,80,70,60,50,60,2,50,low,low,RISK,1
4,3,3,2,Salaried,2852,Yes,Rents,38,64,80,13,4,SPECIALIST OFFICE VISIT,OUT-OF-NETWORK,PERCENT PLAN PAYS,60,80,50,70,60,2,50,low,low,RISK,1
3,3,2,2,Bonus,1440,Yes,Owns,46,75,83,13,4,SPECIALIST OFFICE VISIT,OUT-OF-NETWORK,PERCENT PLAN PAYS,50,80,70,60,60,2,50,low,low,RISK,1
4,2,4,3,Bonus,2951,No,Owns,48,51,79,13,4,SPECIALIST OFFICE VISIT,OUT-OF-NETWORK,PERCENT PLAN PAYS,50,80,70,60,60,2,50,low,low,RISK,1
1,0,0,1,Salaried,4377,No,Rents,4,9,1,13,5,SPECIALIST OFFICE VISIT,OUT-OF-NETWORK,PERCENT PLAN PAYS,60,70,50,80,50,1,5,low,high,RISK,2
0,0,1,0,Salaried,1919,No,Owns,4,4,5,13,5,SPECIALIST OFFICE VISIT,OUT-OF-NETWORK,PERCENT PLAN PAYS,50,60,70,80,50,1,5,low,high,RISK,2
0,0,0,0,Salaried,4671,Yes,Rents,7,1,2,13,5,SPECIALIST OFFICE VISIT,OUT-OF-NETWORK,PERCENT PLAN PAYS,70,60,50,80,50,1,5,low,high,RISK,2
1,1,0,0,Bonus,1139,No,Owns,6,6,5,13,5,SPECIALIST OFFICE VISIT,OUT-OF-NETWORK,PERCENT PLAN PAYS,70,80,50,60,50,1,5,low,high,RISK,2
0,1,1,0,Bonus,3085,No,Rents,3,1,13,13,5,SPECIALIST OFFICE VISIT,OUT-OF-NETWORK,PERCENT PLAN PAYS,70,80,60,50,50,1,5,low,high,RISK,2
0,1,1,0,Salaried,912,Yes,Rents,9,3,4,13,5,SPECIALIST OFFICE VISIT,OUT-OF-NETWORK,PERCENT PLAN PAYS,60,70,50,80,50,1,5,low,high,RISK,2
1,0,1,0,Hourly,3561,Yes,Owns,5,2,0,13,5,SPECIALIST OFFICE VISIT,OUT-OF-NETWORK,PERCENT PLAN PAYS,80,50,70,60,50,1,5,low,high,RISK,2
1,1,0,0,Hourly,4350,No,Rents,2,5,12,13,5,SPECIALIST OFFICE VISIT,OUT-OF-NETWORK,PERCENT PLAN PAYS,70,50,80,60,50,1,5,low,high,RISK,2
1,1,0,1,Salaried,3664,No,Owns,1,6,13,13,5,SPECIALIST OFFICE VISIT,OUT-OF-NETWORK,PERCENT PLAN PAYS,50,60,70,80,50,1,5,low,high,RISK,2
0,0,0,0,Bonus,1972,Yes,Owns,9,4,5,13,5,SPECIALIST OFFICE VISIT,OUT-OF-NETWORK,PERCENT PLAN PAYS,80,50,60,70,50,1,5,low,high,RISK,2
0,0,1,1,Salaried,1235,Yes,Rents,7,4,8,13,5,SPECIALIST OFFICE VISIT,OUT-OF-NETWORK,PERCENT PLAN PAYS,60,50,70,80,50,1,5,low,high,RISK,2
0,1,0,0,Bonus,2294,Yes,Owns,4,9,4,13,5,SPECIALIST OFFICE VISIT,OUT-OF-NETWORK,PERCENT PLAN PAYS,70,60,50,80,50,1,5,low,high,RISK,2
0,0,1,0,Salaried,4592,Yes,Rents,9,7,9,13,5,SPECIALIST OFFICE VISIT,OUT-OF-NETWORK,PERCENT PLAN PAYS,50,60,80,70,50,1,5,low,high,RISK,2
0,0,0,1,Hourly,2183,Yes,Owns,1,5,23,13,5,SPECIALIST OFFICE VISIT,OUT-OF-NETWORK,PERCENT PLAN PAYS,50,80,70,60,50,1,5,low,high,RISK,2
0,0,1,0,Salaried,1622,Yes,Rents,2,1,9,13,5,SPECIALIST OFFICE VISIT,OUT-OF-NETWORK,PERCENT PLAN PAYS,50,70,60,80,50,1,5,low,high,RISK,2
0,1,0,1,Salaried,4259,Yes,Rents,1,8,6,13,5,SPECIALIST OFFICE VISIT,OUT-OF-NETWORK,PERCENT PLAN PAYS,60,70,50,80,50,1,5,low,high,RISK,2
1,0,0,1,Salaried,4138,No,Owns,9,2,1,13,5,SPECIALIST OFFICE VISIT,OUT-OF-NETWORK,PERCENT PLAN PAYS,70,80,50,60,50,1,5,low,high,RISK,2
1,0,0,1,Bonus,2742,No,Owns,10,10,2,13,5,SPECIALIST OFFICE VISIT,OUT-OF-NETWORK,PERCENT PLAN PAYS,50,60,70,80,50,1,5,low,high,RISK,2
0,0,0,1,Bonus,4027,Yes,Rents,3,4,3,13,5,SPECIALIST OFFICE VISIT,OUT-OF-NETWORK,PERCENT PLAN PAYS,80,60,70,50,50,1,5,low,high,RISK,2
1,0,0,0,Bonus,3643,No,Rents,8,2,25,13,5,SPECIALIST OFFICE VISIT,OUT-OF-NETWORK,PERCENT PLAN PAYS,60,50,70,80,50,1,5,low,high,RISK,2
1,0,1,0,Salaried,1855,No,Rents,9,10,10,13,5,SPECIALIST OFFICE VISIT,OUT-OF-NETWORK,PERCENT PLAN PAYS,50,60,70,80,50,1,5,low,high,RISK,2
0,1,0,0,Bonus,4199,No,Owns,7,7,6,13,5,SPECIALIST OFFICE VISIT,OUT-OF-NETWORK,PERCENT PLAN PAYS,50,60,80,70,50,1,5,low,high,RISK,2
0,1,0,0,Salaried,358,No,Rents,5,5,5,13,5,SPECIALIST OFFICE VISIT,OUT-OF-NETWORK,PERCENT PLAN PAYS,50,80,70,60,50,1,5,low,high,RISK,2
0,0,1,0,Salaried,2175,No,Owns,8,10,8,13,5,SPECIALIST OFFICE VISIT,OUT-OF-NETWORK,PERCENT PLAN PAYS,70,80,60,50,50,1,5,low,high,RISK,2
0,1,0,0,Bonus,2804,No,Owns,4,0,4,13,5,SPECIALIST OFFICE VISIT,OUT-OF-NETWORK,PERCENT PLAN PAYS,70,80,60,50,50,1,5,low,high,RISK,2
1,1,1,0,Bonus,2793,Yes,Owns,9,9,1,13,5,SPECIALIST OFFICE VISIT,OUT-OF-NETWORK,PERCENT PLAN PAYS,80,60,50,70,50,1,5,low,high,RISK,2
1,0,1,0,Salaried,1366,No,Owns,7,4,5,13,5,SPECIALIST OFFICE VISIT,OUT-OF-NETWORK,PERCENT PLAN PAYS,50,80,60,70,50,1,5,low,high,RISK,2
0,1,1,1,Salaried,3990,No,Rents,6,1,2,13,5,SPECIALIST OFFICE VISIT,OUT-OF-NETWORK,PERCENT PLAN PAYS,80,60,50,70,50,1,5,low,high,RISK,2
0,0,0,0,Salaried,1625,No,Owns,8,6,5,13,5,SPECIALIST OFFICE VISIT,OUT-OF-NETWORK,PERCENT PLAN PAYS,80,50,60,70,50,1,5,low,high,RISK,2
1,1,0,0,Hourly,1178,No,Owns,0,1,13,13,5,SPECIALIST OFFICE VISIT,OUT-OF-NETWORK,PERCENT PLAN PAYS,80,50,70,60,50,1,5,low,high,RISK,2
0,0,0,0,Hourly,2665,No,Rents,2,3,4,13,5,SPECIALIST OFFICE VISIT,OUT-OF-NETWORK,PERCENT PLAN PAYS,80,60,50,70,50,1,5,low,high,RISK,2
1,1,1,0,Hourly,4144,No,Owns,3,2,0,13,5,SPECIALIST OFFICE VISIT,OUT-OF-NETWORK,PERCENT PLAN PAYS,50,70,80,60,50,1,5,low,high,RISK,2
0,0,1,0,Hourly,2547,Yes,Owns,7,5,12,13,5,SPECIALIST OFFICE VISIT,OUT-OF-NETWORK,PERCENT PLAN PAYS,70,80,50,60,50,1,5,low,high,RISK,2
1,0,1,0,Hourly,152,Yes,Owns,8,6,13,13,5,SPECIALIST OFFICE VISIT,OUT-OF-NETWORK,PERCENT PLAN PAYS,50,70,80,60,50,1,5,low,high,RISK,2
0,0,0,0,Bonus,2909,Yes,Rents,3,4,5,13,5,SPECIALIST OFFICE VISIT,OUT-OF-NETWORK,PERCENT PLAN PAYS,60,70,50,80,50,1,5,low,high,RISK,2
1,1,0,0,Bonus,2404,Yes,Owns,5,4,8,13,5,SPECIALIST OFFICE VISIT,OUT-OF-NETWORK,PERCENT PLAN PAYS,70,50,60,80,50,1,5,low,high,RISK,2
1,0,1,1,Bonus,144,Yes,Owns,4,9,4,13,5,SPECIALIST OFFICE VISIT,OUT-OF-NETWORK,PERCENT PLAN PAYS,60,80,50,70,50,1,5,low,high,RISK,2
1,0,1,0,Hourly,2250,No,Owns,4,7,9,13,5,SPECIALIST OFFICE VISIT,OUT-OF-NETWORK,PERCENT PLAN PAYS,60,70,80,50,50,1,5,low,high,RISK,2
1,0,0,0,Hourly,4826,No,Owns,4,5,23,13,5,SPECIALIST OFFICE VISIT,OUT-OF-NETWORK,PERCENT PLAN PAYS,60,80,70,50,50,1,5,low,high,RISK,2
1,1,0,0,Salaried,792,No,Owns,5,1,9,13,5,SPECIALIST OFFICE VISIT,OUT-OF-NETWORK,PERCENT PLAN PAYS,50,70,80,60,50,1,5,low,high,RISK,2
0,1,0,0,Hourly,3429,No,Rents,8,8,6,13,5,SPECIALIST OFFICE VISIT,OUT-OF-NETWORK,PERCENT PLAN PAYS,60,50,70,80,50,1,5,low,high,RISK,2
0,1,0,0,Hourly,1596,Yes,Owns,5,2,1,13,5,SPECIALIST OFFICE VISIT,OUT-OF-NETWORK,PERCENT PLAN PAYS,50,70,60,80,50,1,5,low,high,RISK,2
1,1,1,0,Salaried,83,Yes,Owns,2,10,2,13,5,SPECIALIST OFFICE VISIT,OUT-OF-NETWORK,PERCENT PLAN PAYS,70,80,60,50,50,1,5,low,high,RISK,2
1,1,0,1,Salaried,3601,No,Owns,1,4,3,13,5,SPECIALIST OFFICE VISIT,OUT-OF-NETWORK,PERCENT PLAN PAYS,70,50,80,60,50,1,5,low,high,RISK,2
0,0,0,1,Bonus,861,No,Owns,8,2,25,13,5,SPECIALIST OFFICE VISIT,OUT-OF-NETWORK,PERCENT PLAN PAYS,60,50,70,80,50,1,5,low,high,RISK,2
0,1,1,1,Salaried,2240,Yes,Rents,8,10,10,13,5,SPECIALIST OFFICE VISIT,OUT-OF-NETWORK,PERCENT PLAN PAYS,70,60,50,80,50,1,5,low,high,RISK,2
0,0,0,0,Bonus,2363,Yes,Rents,6,5,5,13,5,SPECIALIST OFFICE VISIT,OUT-OF-NETWORK,PERCENT PLAN PAYS,80,50,60,70,50,1,5,low,high,RISK,2
0,0,1,0,Salaried,4539,No,Owns,3,10,8,13,5,SPECIALIST OFFICE VISIT,OUT-OF-NETWORK,PERCENT PLAN PAYS,70,50,60,80,50,1,5,low,high,RISK,2
0,0,0,0,Bonus,489,No,Rents,3,0,4,13,5,SPECIALIST OFFICE VISIT,OUT-OF-NETWORK,PERCENT PLAN PAYS,50,60,80,70,50,1,5,low,high,RISK,2
0,1,0,1,Bonus,4623,Yes,Owns,2,9,1,13,5,SPECIALIST OFFICE VISIT,OUT-OF-NETWORK,PERCENT PLAN PAYS,50,70,60,80,50,1,5,low,high,RISK,2
0,0,0,0,Salaried,153,Yes,Owns,0,4,5,13,5,SPECIALIST OFFICE VISIT,OUT-OF-NETWORK,PERCENT PLAN PAYS,70,80,50,60,50,1,5,low,high,RISK,2
0,1,1,0,Salaried,3954,No,Owns,1,1,2,13,5,SPECIALIST OFFICE VISIT,OUT-OF-NETWORK,PERCENT PLAN PAYS,50,80,60,70,50,1,5,low,high,RISK,2
0,0,0,0,Salaried,4742,No,Rents,0,6,5,13,5,SPECIALIST OFFICE VISIT,OUT-OF-NETWORK,PERCENT PLAN PAYS,50,60,80,70,50,1,5,low,high,RISK,2
0,0,0,0,Hourly,3289,No,Rents,8,1,13,13,5,SPECIALIST OFFICE VISIT,OUT-OF-NETWORK,PERCENT PLAN PAYS,50,80,70,60,50,1,5,low,high,RISK,2
0,0,0,0,Bonus,3409,Yes,Rents,6,3,4,13,5,SPECIALIST OFFICE VISIT,OUT-OF-NETWORK,PERCENT PLAN PAYS,50,60,70,80,50,1,5,low,high,RISK,2
0,0,0,0,Bonus,4271,No,Rents,3,5,12,13,5,SPECIALIST OFFICE VISIT,OUT-OF-NETWORK,PERCENT PLAN PAYS,70,60,80,50,50,1,5,low,high,RISK,2
0,0,0,0,Hourly,4605,Yes,Rents,4,6,13,13,5,SPECIALIST OFFICE VISIT,OUT-OF-NETWORK,PERCENT PLAN PAYS,80,50,60,70,50,1,5,low,high,RISK,2
0,1,1,1,Salaried,3042,Yes,Rents,1,4,5,13,5,SPECIALIST OFFICE VISIT,OUT-OF-NETWORK,PERCENT PLAN PAYS,80,70,60,50,50,1,5,low,high,RISK,2
0,1,1,0,Hourly,170,No,Rents,9,4,8,13,5,SPECIALIST OFFICE VISIT,OUT-OF-NETWORK,PERCENT PLAN PAYS,50,70,60,80,50,1,5,low,high,RISK,2
0,0,0,1,Salaried,2062,No,Rents,2,9,4,13,5,SPECIALIST OFFICE VISIT,OUT-OF-NETWORK,PERCENT PLAN PAYS,60,70,80,50,50,1,5,low,high,RISK,2
1,0,1,1,Bonus,1962,No,Rents,0,7,9,13,5,SPECIALIST OFFICE VISIT,OUT-OF-NETWORK,PERCENT PLAN PAYS,70,60,50,80,50,1,5,low,high,RISK,2
0,0,0,0,Bonus,1006,No,Owns,5,5,23,13,5,SPECIALIST OFFICE VISIT,OUT-OF-NETWORK,PERCENT PLAN PAYS,70,50,80,60,50,1,5,low,high,RISK,2
0,1,0,1,Salaried,4555,No,Rents,2,1,9,13,5,SPECIALIST OFFICE VISIT,OUT-OF-NETWORK,PERCENT PLAN PAYS,50,80,70,60,50,1,5,low,high,RISK,2
1,0,1,0,Bonus,458,No,Rents,4,8,6,13,5,SPECIALIST OFFICE VISIT,OUT-OF-NETWORK,PERCENT PLAN PAYS,70,60,50,80,50,1,5,low,high,RISK,2
1,0,1,0,Hourly,1593,No,Owns,0,2,1,13,5,SPECIALIST OFFICE VISIT,OUT-OF-NETWORK,PERCENT PLAN PAYS,70,80,50,60,50,1,5,low,high,RISK,2
0,1,0,0,Hourly,4519,Yes,Owns,4,10,2,13,5,SPECIALIST OFFICE VISIT,OUT-OF-NETWORK,PERCENT PLAN PAYS,60,70,50,80,50,1,5,low,high,RISK,2
0,1,0,0,Bonus,2639,No,Rents,0,4,3,13,5,SPECIALIST OFFICE VISIT,OUT-OF-NETWORK,PERCENT PLAN PAYS,50,60,80,70,50,1,5,low,high,RISK,2
0,0,1,0,Hourly,2563,Yes,Rents,8,2,25,13,5,SPECIALIST OFFICE VISIT,OUT-OF-NETWORK,PERCENT PLAN PAYS,50,80,70,60,50,1,5,low,high,RISK,2
0,0,1,1,Bonus,2810,Yes,Owns,8,10,10,13,5,SPECIALIST OFFICE VISIT,OUT-OF-NETWORK,PERCENT PLAN PAYS,60,70,80,50,50,1,5,low,high,RISK,2
0,0,0,1,Hourly,2954,Yes,Owns,10,7,6,13,5,SPECIALIST OFFICE VISIT,OUT-OF-NETWORK,PERCENT PLAN PAYS,60,70,80,50,50,1,5,low,high,RISK,2
0,0,1,0,Hourly,2299,Yes,Owns,6,5,5,13,5,SPECIALIST OFFICE VISIT,OUT-OF-NETWORK,PERCENT PLAN PAYS,50,80,60,70,50,1,5,low,high,RISK,2
0,0,1,1,Hourly,1155,No,Rents,1,10,8,13,5,SPECIALIST OFFICE VISIT,OUT-OF-NETWORK,PERCENT PLAN PAYS,70,80,60,50,50,1,5,low,high,RISK,2
1,0,1,0,Bonus,1856,Yes,Rents,7,0,4,13,5,SPECIALIST OFFICE VISIT,OUT-OF-NETWORK,PERCENT PLAN PAYS,50,60,70,80,50,1,5,low,high,RISK,2
1,1,0,0,Salaried,3352,Yes,Rents,1,9,1,13,5,SPECIALIST OFFICE VISIT,OUT-OF-NETWORK,PERCENT PLAN PAYS,70,50,60,80,50,1,5,low,high,RISK,2
1,0,0,0,Hourly,3735,Yes,Owns,8,4,5,13,5,SPECIALIST OFFICE VISIT,OUT-OF-NETWORK,PERCENT PLAN PAYS,60,80,70,50,50,1,5,low,high,RISK,2
1,0,0,1,Salaried,1125,Yes,Rents,1,1,2,13,5,SPECIALIST OFFICE VISIT,OUT-OF-NETWORK,PERCENT PLAN PAYS,70,80,60,50,50,1,5,low,high,RISK,2
1,0,1,0,Bonus,4695,No,Owns,0,6,5,13,5,SPECIALIST OFFICE VISIT,OUT-OF-NETWORK,PERCENT PLAN PAYS,50,70,80,60,50,1,5,low,high,RISK,2
0,0,0,1,Salaried,1210,No,Rents,9,1,13,13,5,SPECIALIST OFFICE VISIT,OUT-OF-NETWORK,PERCENT PLAN PAYS,60,50,80,70,50,1,5,low,high,RISK,2
1,1,1,0,Bonus,3149,No,Owns,1,3,4,13,5,SPECIALIST OFFICE VISIT,OUT-OF-NETWORK,PERCENT PLAN PAYS,60,80,70,50,50,1,5,low,high,RISK,2
1,0,0,0,Bonus,3757,No,Rents,1,2,0,13,5,SPECIALIST OFFICE VISIT,OUT-OF-NETWORK,PERCENT PLAN PAYS,70,60,50,80,50,1,5,low,high,RISK,2
1,0,1,1,Salaried,4038,Yes,Rents,5,5,12,13,5,SPECIALIST OFFICE VISIT,OUT-OF-NETWORK,PERCENT PLAN PAYS,70,80,50,60,50,1,5,low,high,RISK,2
0,0,0,1,Bonus,381,No,Owns,2,6,13,13,5,SPECIALIST OFFICE VISIT,OUT-OF-NETWORK,PERCENT PLAN PAYS,60,80,50,70,50,1,5,low,high,RISK,2
0,0,0,0,Hourly,2879,Yes,Rents,9,4,5,13,5,SPECIALIST OFFICE VISIT,OUT-OF-NETWORK,PERCENT PLAN PAYS,50,70,80,60,50,1,5,low,high,RISK,2
0,1,0,0,Hourly,2246,No,Owns,9,4,8,13,5,SPECIALIST OFFICE VISIT,OUT-OF-NETWORK,PERCENT PLAN PAYS,50,80,60,70,50,1,5,low,high,RISK,2
0,1,0,0,Hourly,3337,No,Rents,1,9,4,13,5,SPECIALIST OFFICE VISIT,OUT-OF-NETWORK,PERCENT PLAN PAYS,50,60,70,80,50,1,5,low,high,RISK,2
1,0,0,0,Hourly,874,No,Owns,9,7,9,13,5,SPECIALIST OFFICE VISIT,OUT-OF-NETWORK,PERCENT PLAN PAYS,50,70,60,80,50,1,5,low,high,RISK,2
0,1,0,0,Hourly,4470,Yes,Owns,0,5,23,13,5,SPECIALIST OFFICE VISIT,OUT-OF-NETWORK,PERCENT PLAN PAYS,80,50,70,60,50,1,5,low,high,RISK,2
1,0,1,0,Hourly,3252,Yes,Owns,4,1,9,13,5,SPECIALIST OFFICE VISIT,OUT-OF-NETWORK,PERCENT PLAN PAYS,60,70,50,80,50,1,5,low,high,RISK,2
0,1,0,0,Hourly,176,Yes,Rents,3,8,6,13,5,SPECIALIST OFFICE VISIT,OUT-OF-NETWORK,PERCENT PLAN PAYS,50,70,80,60,50,1,5,low,high,RISK,2
0,0,1,0,Hourly,3681,Yes,Owns,1,2,1,13,5,SPECIALIST OFFICE VISIT,OUT-OF-NETWORK,PERCENT PLAN PAYS,70,50,80,60,50,1,5,low,high,RISK,2
0,1,1,0,Bonus,4493,Yes,Owns,10,4,3,13,5,SPECIALIST OFFICE VISIT,OUT-OF-NETWORK,PERCENT PLAN PAYS,70,60,80,50,50,1,5,low,high,RISK,2
0,1,1,0,Salaried,1012,Yes,Owns,8,2,25,13,5,SPECIALIST OFFICE VISIT,OUT-OF-NETWORK,PERCENT PLAN PAYS,60,70,80,50,50,1,5,low,high,RISK,2
0,0,0,0,Bonus,1248,Yes,Rents,1,10,10,13,5,SPECIALIST OFFICE VISIT,OUT-OF-NETWORK,PERCENT PLAN PAYS,60,50,70,80,50,1,5,low,high,RISK,2
0,0,0,0,Salaried,1214,No,Owns,1,7,6,13,5,SPECIALIST OFFICE VISIT,OUT-OF-NETWORK,PERCENT PLAN PAYS,60,50,80,70,50,1,5,low,high,RISK,2
1,0,0,0,Salaried,2852,Yes,Rents,1,5,5,13,5,SPECIALIST OFFICE VISIT,OUT-OF-NETWORK,PERCENT PLAN PAYS,80,60,50,70,50,1,5,low,high,RISK,2
0,0,0,0,Bonus,1440,Yes,Owns,4,10,8,13,5,SPECIALIST OFFICE VISIT,OUT-OF-NETWORK,PERCENT PLAN PAYS,80,70,50,60,50,1,5,low,high,RISK,2
1,0,1,0,Bonus,2951,No,Owns,4,0,4,13,5,SPECIALIST OFFICE VISIT,OUT-OF-NETWORK,PERCENT PLAN PAYS,80,50,70,60,50,1,5,low,high,RISK,2
2,1,0,2,Salaried,4377,No,Rents,10,19,27,13,6,SPECIALIST OFFICE VISIT,OUT-OF-NETWORK,PERCENT PLAN PAYS,50,70,80,60,60,2,10,low,high,RISK,2
0,1,1,0,Salaried,1919,No,Owns,10,15,31,13,6,SPECIALIST OFFICE VISIT,OUT-OF-NETWORK,PERCENT PLAN PAYS,80,50,60,70,60,2,10,low,high,RISK,2
1,1,0,0,Salaried,4671,Yes,Rents,15,12,28,13,6,SPECIALIST OFFICE VISIT,OUT-OF-NETWORK,PERCENT PLAN PAYS,60,70,50,80,60,2,10,low,high,RISK,2
2,1,0,0,Bonus,1139,No,Owns,13,16,31,13,6,SPECIALIST OFFICE VISIT,OUT-OF-NETWORK,PERCENT PLAN PAYS,70,60,80,50,60,2,10,low,high,RISK,2
1,1,2,1,Bonus,3085,No,Rents,9,12,39,13,6,SPECIALIST OFFICE VISIT,OUT-OF-NETWORK,PERCENT PLAN PAYS,50,70,80,60,60,2,10,low,high,RISK,2
0,1,2,0,Salaried,912,Yes,Rents,16,14,30,13,6,SPECIALIST OFFICE VISIT,OUT-OF-NETWORK,PERCENT PLAN PAYS,70,60,50,80,60,2,10,low,high,RISK,2
1,0,2,1,Hourly,3561,Yes,Owns,12,13,26,13,6,SPECIALIST OFFICE VISIT,OUT-OF-NETWORK,PERCENT PLAN PAYS,50,60,80,70,60,2,10,low,high,RISK,2
1,2,0,0,Hourly,4350,No,Rents,7,16,37,13,6,SPECIALIST OFFICE VISIT,OUT-OF-NETWORK,PERCENT PLAN PAYS,60,70,80,50,60,2,10,low,high,RISK,2
2,2,1,2,Salaried,3664,No,Owns,7,16,39,13,6,SPECIALIST OFFICE VISIT,OUT-OF-NETWORK,PERCENT PLAN PAYS,50,60,80,70,60,2,10,low,high,RISK,2
0,0,0,1,Bonus,1972,Yes,Owns,17,14,30,13,6,SPECIALIST OFFICE VISIT,OUT-OF-NETWORK,PERCENT PLAN PAYS,50,70,60,80,60,2,10,low,high,RISK,2
1,0,2,2,Salaried,1235,Yes,Rents,14,14,34,13,6,SPECIALIST OFFICE VISIT,OUT-OF-NETWORK,PERCENT PLAN PAYS,80,60,50,70,60,2,10,low,high,RISK,2
0,2,0,1,Bonus,2294,Yes,Owns,10,19,30,13,6,SPECIALIST OFFICE VISIT,OUT-OF-NETWORK,PERCENT PLAN PAYS,50,70,80,60,60,2,10,low,high,RISK,2
0,1,2,0,Salaried,4592,Yes,Rents,16,17,35,13,6,SPECIALIST OFFICE VISIT,OUT-OF-NETWORK,PERCENT PLAN PAYS,70,50,60,80,60,2,10,low,high,RISK,2
0,0,1,1,Hourly,2183,Yes,Owns,6,15,48,13,6,SPECIALIST OFFICE VISIT,OUT-OF-NETWORK,PERCENT PLAN PAYS,70,50,80,60,60,2,10,low,high,RISK,2
1,1,2,1,Salaried,1622,Yes,Rents,8,12,35,13,6,SPECIALIST OFFICE VISIT,OUT-OF-NETWORK,PERCENT PLAN PAYS,70,60,50,80,60,2,10,low,high,RISK,2
1,2,1,2,Salaried,4259,Yes,Rents,6,18,32,13,6,SPECIALIST OFFICE VISIT,OUT-OF-NETWORK,PERCENT PLAN PAYS,50,70,60,80,60,2,10,low,high,RISK,2
2,1,1,2,Salaried,4138,No,Owns,17,13,27,13,6,SPECIALIST OFFICE VISIT,OUT-OF-NETWORK,PERCENT PLAN PAYS,70,60,80,50,60,2,10,low,high,RISK,2
2,0,1,2,Bonus,2742,No,Owns,17,20,28,13,6,SPECIALIST OFFICE VISIT,OUT-OF-NETWORK,PERCENT PLAN PAYS,60,50,70,80,60,2,10,low,high,RISK,2
1,1,0,2,Bonus,4027,Yes,Rents,8,14,29,13,6,SPECIALIST OFFICE VISIT,OUT-OF-NETWORK,PERCENT PLAN PAYS,70,80,60,50,60,2,10,low,high,RISK,2
1,1,0,0,Bonus,3643,No,Rents,16,13,50,13,6,SPECIALIST OFFICE VISIT,OUT-OF-NETWORK,PERCENT PLAN PAYS,80,70,60,50,60,2,10,low,high,RISK,2
1,0,2,0,Salaried,1855,No,Rents,17,20,35,13,6,SPECIALIST OFFICE VISIT,OUT-OF-NETWORK,PERCENT PLAN PAYS,70,80,60,50,60,2,10,low,high,RISK,2
1,2,0,1,Bonus,4199,No,Owns,14,17,32,13,6,SPECIALIST OFFICE VISIT,OUT-OF-NETWORK,PERCENT PLAN PAYS,70,50,80,60,60,2,10,low,high,RISK,2
0,2,1,0,Salaried,358,No,Rents,12,16,31,13,6,SPECIALIST OFFICE VISIT,OUT-OF-NETWORK,PERCENT PLAN PAYS,80,60,50,70,60,2,10,low,high,RISK,2
1,1,1,1,Salaried,2175,No,Owns,16,20,34,13,6,SPECIALIST OFFICE VISIT,OUT-OF-NETWORK,PERCENT PLAN PAYS,70,80,60,50,60,2,10,low,high,RISK,2
1,1,0,0,Bonus,2804,No,Owns,11,11,30,13,6,SPECIALIST OFFICE VISIT,OUT-OF-NETWORK,PERCENT PLAN PAYS,50,60,70,80,60,2,10,low,high,RISK,2
2,1,2,1,Bonus,2793,Yes,Owns,17,19,27,13,6,SPECIALIST OFFICE VISIT,OUT-OF-NETWORK,PERCENT PLAN PAYS,70,80,60,50,60,2,10,low,high,RISK,2
2,0,2,0,Salaried,1366,No,Owns,14,15,31,13,6,SPECIALIST OFFICE VISIT,OUT-OF-NETWORK,PERCENT PLAN PAYS,70,80,60,50,60,2,10,low,high,RISK,2
0,1,1,2,Salaried,3990,No,Rents,13,12,28,13,6,SPECIALIST OFFICE VISIT,OUT-OF-NETWORK,PERCENT PLAN PAYS,70,80,50,60,60,2,10,low,high,RISK,2
0,1,1,0,Salaried,1625,No,Owns,16,16,31,13,6,SPECIALIST OFFICE VISIT,OUT-OF-NETWORK,PERCENT PLAN PAYS,80,70,50,60,60,2,10,low,high,RISK,2
1,2,0,0,Hourly,1178,No,Owns,5,12,39,13,6,SPECIALIST OFFICE VISIT,OUT-OF-NETWORK,PERCENT PLAN PAYS,70,50,60,80,60,2,10,low,high,RISK,2
1,1,0,0,Hourly,2665,No,Rents,8,14,30,13,6,SPECIALIST OFFICE VISIT,OUT-OF-NETWORK,PERCENT PLAN PAYS,60,80,70,50,60,2,10,low,high,RISK,2
1,1,2,0,Hourly,4144,No,Owns,9,13,26,13,6,SPECIALIST OFFICE VISIT,OUT-OF-NETWORK,PERCENT PLAN PAYS,70,60,50,80,60,2,10,low,high,RISK,2
1,1,2,0,Hourly,2547,Yes,Owns,14,16,37,13,6,SPECIALIST OFFICE VISIT,OUT-OF-NETWORK,PERCENT PLAN PAYS,60,80,50,70,60,2,10,low,high,RISK,2
1,1,1,0,Hourly,152,Yes,Owns,15,16,39,13,6,SPECIALIST OFFICE VISIT,OUT-OF-NETWORK,PERCENT PLAN PAYS,50,70,80,60,60,2,10,low,high,RISK,2
0,0,0,0,Bonus,2909,Yes,Rents,9,14,30,13,6,SPECIALIST OFFICE VISIT,OUT-OF-NETWORK,PERCENT PLAN PAYS,80,60,70,50,60,2,10,low,high,RISK,2
2,2,1,1,Bonus,2404,Yes,Owns,11,14,34,13,6,SPECIALIST OFFICE VISIT,OUT-OF-NETWORK,PERCENT PLAN PAYS,50,70,80,60,60,2,10,low,high,RISK,2
2,0,1,2,Bonus,144,Yes,Owns,10,19,30,13,6,SPECIALIST OFFICE VISIT,OUT-OF-NETWORK,PERCENT PLAN PAYS,60,70,50,80,60,2,10,low,high,RISK,2
2,0,1,0,Hourly,2250,No,Owns,11,17,35,13,6,SPECIALIST OFFICE VISIT,OUT-OF-NETWORK,PERCENT PLAN PAYS,70,60,80,50,60,2,10,low,high,RISK,2
2,0,0,0,Hourly,4826,No,Owns,10,15,48,13,6,SPECIALIST OFFICE VISIT,OUT-OF-NETWORK,PERCENT PLAN PAYS,70,80,50,60,60,2,10,low,high,RISK,2
1,1,0,0,Salaried,792,No,Owns,12,12,35,13,6,SPECIALIST OFFICE VISIT,OUT-OF-NETWORK,PERCENT PLAN PAYS,60,80,50,70,60,2,10,low,high,RISK,2
0,2,0,1,Hourly,3429,No,Rents,15,18,32,13,6,SPECIALIST OFFICE VISIT,OUT-OF-NETWORK,PERCENT PLAN PAYS,70,60,80,50,60,2,10,low,high,RISK,2
0,2,0,1,Hourly,1596,Yes,Owns,11,13,27,13,6,SPECIALIST OFFICE VISIT,OUT-OF-NETWORK,PERCENT PLAN PAYS,70,60,50,80,60,2,10,low,high,RISK,2
1,1,2,0,Salaried,83,Yes,Owns,7,20,28,13,6,SPECIALIST OFFICE VISIT,OUT-OF-NETWORK,PERCENT PLAN PAYS,60,80,70,50,60,2,10,low,high,RISK,2
1,2,0,2,Salaried,3601,No,Owns,6,14,29,13,6,SPECIALIST OFFICE VISIT,OUT-OF-NETWORK,PERCENT PLAN PAYS,60,80,50,70,60,2,10,low,high,RISK,2
1,1,0,1,Bonus,861,No,Owns,15,13,50,13,6,SPECIALIST OFFICE VISIT,OUT-OF-NETWORK,PERCENT PLAN PAYS,50,70,80,60,60,2,10,low,high,RISK,2
0,2,2,2,Salaried,2240,Yes,Rents,15,20,35,13,6,SPECIALIST OFFICE VISIT,OUT-OF-NETWORK,PERCENT PLAN PAYS,60,80,70,50,60,2,10,low,high,RISK,2
1,0,0,0,Hourly,2384,No,Rents,6,17,32,13,6,SPECIALIST OFFICE VISIT,OUT-OF-NETWORK,PERCENT PLAN PAYS,80,50,60,70,60,2,10,low,high,RISK,2
0,0,0,0,Bonus,2363,Yes,Rents,12,16,31,13,6,SPECIALIST OFFICE VISIT,OUT-OF-NETWORK,PERCENT PLAN PAYS,70,60,80,50,60,2,10,low,high,RISK,2
1,1,2,0,Salaried,4539,No,Owns,10,20,34,13,6,SPECIALIST OFFICE VISIT,OUT-OF-NETWORK,PERCENT PLAN PAYS,50,80,70,60,60,2,10,low,high,RISK,2
1,1,0,0,Bonus,489,No,Rents,9,11,30,13,6,SPECIALIST OFFICE VISIT,OUT-OF-NETWORK,PERCENT PLAN PAYS,50,70,60,80,60,2,10,low,high,RISK,2
1,2,0,2,Bonus,4623,Yes,Owns,7,19,27,13,6,SPECIALIST OFFICE VISIT,OUT-OF-NETWORK,PERCENT PLAN PAYS,70,80,50,60,60,2,10,low,high,RISK,2
1,0,0,0,Salaried,153,Yes,Owns,5,15,31,13,6,SPECIALIST OFFICE VISIT,OUT-OF-NETWORK,PERCENT PLAN PAYS,50,60,70,80,60,2,10,low,high,RISK,2
0,2,2,1,Salaried,3954,No,Owns,6,12,28,13,6,SPECIALIST OFFICE VISIT,OUT-OF-NETWORK,PERCENT PLAN PAYS,70,50,60,80,60,2,10,low,high,RISK,2
0,1,0,0,Salaried,4742,No,Rents,5,16,31,13,6,SPECIALIST OFFICE VISIT,OUT-OF-NETWORK,PERCENT PLAN PAYS,60,80,50,70,60,2,10,low,high,RISK,2
0,0,0,1,Hourly,3289,No,Rents,15,12,39,13,6,SPECIALIST OFFICE VISIT,OUT-OF-NETWORK,PERCENT PLAN PAYS,60,70,80,50,60,2,10,low,high,RISK,2
0,0,1,1,Bonus,3409,Yes,Rents,13,14,30,13,6,SPECIALIST OFFICE VISIT,OUT-OF-NETWORK,PERCENT PLAN PAYS,60,50,70,80,60,2,10,low,high,RISK,2
0,0,2,1,Bonus,3179,No,Rents,8,13,26,13,6,SPECIALIST OFFICE VISIT,OUT-OF-NETWORK,PERCENT PLAN PAYS,80,70,60,50,60,2,10,low,high,RISK,2
0,0,0,1,Bonus,4271,No,Rents,9,16,37,13,6,SPECIALIST OFFICE VISIT,OUT-OF-NETWORK,PERCENT PLAN PAYS,80,50,70,60,60,2,10,low,high,RISK,2
0,0,0,0,Hourly,4605,Yes,Rents,10,16,39,13,6,SPECIALIST OFFICE VISIT,OUT-OF-NETWORK,PERCENT PLAN PAYS,50,60,70,80,60,2,10,low,high,RISK,2
0,2,2,2,Salaried,3042,Yes,Rents,6,14,30,13,6,SPECIALIST OFFICE VISIT,OUT-OF-NETWORK,PERCENT PLAN PAYS,70,80,50,60,60,2,10,low,high,RISK,2
0,2,2,0,Hourly,170,No,Rents,16,14,34,13,6,SPECIALIST OFFICE VISIT,OUT-OF-NETWORK,PERCENT PLAN PAYS,50,60,70,80,60,2,10,low,high,RISK,2
0,1,0,2,Salaried,2062,No,Rents,7,19,30,13,6,SPECIALIST OFFICE VISIT,OUT-OF-NETWORK,PERCENT PLAN PAYS,80,70,50,60,60,2,10,low,high,RISK,2
1,1,2,2,Bonus,1962,No,Rents,5,17,35,13,6,SPECIALIST OFFICE VISIT,OUT-OF-NETWORK,PERCENT PLAN PAYS,70,50,80,60,60,2,10,low,high,RISK,2
0,0,0,0,Bonus,1006,No,Owns,11,15,48,13,6,SPECIALIST OFFICE VISIT,OUT-OF-NETWORK,PERCENT PLAN PAYS,50,60,70,80,60,2,10,low,high,RISK,2
0,2,1,2,Salaried,4555,No,Rents,8,12,35,13,6,SPECIALIST OFFICE VISIT,OUT-OF-NETWORK,PERCENT PLAN PAYS,80,50,70,60,60,2,10,low,high,RISK,2
2,1,1,0,Bonus,458,No,Rents,10,18,32,13,6,SPECIALIST OFFICE VISIT,OUT-OF-NETWORK,PERCENT PLAN PAYS,80,50,60,70,60,2,10,low,high,RISK,2
2,0,2,1,Hourly,1593,No,Owns,5,13,27,13,6,SPECIALIST OFFICE VISIT,OUT-OF-NETWORK,PERCENT PLAN PAYS,50,80,60,70,60,2,10,low,high,RISK,2
0,2,0,1,Hourly,4519,Yes,Owns,11,20,28,13,6,SPECIALIST OFFICE VISIT,OUT-OF-NETWORK,PERCENT PLAN PAYS,60,70,80,50,60,2,10,low,high,RISK,2
0,1,0,0,Bonus,2639,No,Rents,5,14,29,13,6,SPECIALIST OFFICE VISIT,OUT-OF-NETWORK,PERCENT PLAN PAYS,70,80,50,60,60,2,10,low,high,RISK,2
0,0,2,1,Hourly,2563,Yes,Rents,15,13,50,13,6,SPECIALIST OFFICE VISIT,OUT-OF-NETWORK,PERCENT PLAN PAYS,70,80,60,50,60,2,10,low,high,RISK,2
0,1,2,1,Bonus,2810,Yes,Owns,15,20,35,13,6,SPECIALIST OFFICE VISIT,OUT-OF-NETWORK,PERCENT PLAN PAYS,50,60,80,70,60,2,10,low,high,RISK,2
1,1,0,1,Hourly,2954,Yes,Owns,18,17,32,13,6,SPECIALIST OFFICE VISIT,OUT-OF-NETWORK,PERCENT PLAN PAYS,50,70,60,80,60,2,10,low,high,RISK,2
1,0,2,0,Hourly,2299,Yes,Owns,13,16,31,13,6,SPECIALIST OFFICE VISIT,OUT-OF-NETWORK,PERCENT PLAN PAYS,70,60,80,50,60,2,10,low,high,RISK,2
0,0,1,2,Hourly,1155,No,Rents,6,20,34,13,6,SPECIALIST OFFICE VISIT,OUT-OF-NETWORK,PERCENT PLAN PAYS,70,50,80,60,60,2,10,low,high,RISK,2
1,0,2,0,Bonus,1856,Yes,Rents,14,11,30,13,6,SPECIALIST OFFICE VISIT,OUT-OF-NETWORK,PERCENT PLAN PAYS,50,80,70,60,60,2,10,low,high,RISK,2
2,1,1,0,Salaried,3352,Yes,Rents,6,19,27,13,6,SPECIALIST OFFICE VISIT,OUT-OF-NETWORK,PERCENT PLAN PAYS,70,80,50,60,60,2,10,low,high,RISK,2
2,0,0,1,Hourly,3735,Yes,Owns,15,15,31,13,6,SPECIALIST OFFICE VISIT,OUT-OF-NETWORK,PERCENT PLAN PAYS,80,50,70,60,60,2,10,low,high,RISK,2
2,1,0,2,Salaried,1125,Yes,Rents,6,12,28,13,6,SPECIALIST OFFICE VISIT,OUT-OF-NETWORK,PERCENT PLAN PAYS,80,70,60,50,60,2,10,low,high,RISK,2
2,0,1,0,Bonus,4695,No,Owns,5,16,31,13,6,SPECIALIST OFFICE VISIT,OUT-OF-NETWORK,PERCENT PLAN PAYS,70,80,50,60,60,2,10,low,high,RISK,2
1,1,1,1,Salaried,1210,No,Rents,17,12,39,13,6,SPECIALIST OFFICE VISIT,OUT-OF-NETWORK,PERCENT PLAN PAYS,70,80,50,60,60,2,10,low,high,RISK,2
1,2,1,0,Bonus,3149,No,Owns,6,14,30,13,6,SPECIALIST OFFICE VISIT,OUT-OF-NETWORK,PERCENT PLAN PAYS,80,50,60,70,60,2,10,low,high,RISK,2
1,1,1,1,Bonus,3757,No,Rents,6,13,26,13,6,SPECIALIST OFFICE VISIT,OUT-OF-NETWORK,PERCENT PLAN PAYS,70,60,80,50,60,2,10,low,high,RISK,2
1,0,2,1,Salaried,4038,Yes,Rents,12,16,37,13,6,SPECIALIST OFFICE VISIT,OUT-OF-NETWORK,PERCENT PLAN PAYS,60,50,70,80,60,2,10,low,high,RISK,2
0,0,0,2,Bonus,381,No,Owns,8,16,39,13,6,SPECIALIST OFFICE VISIT,OUT-OF-NETWORK,PERCENT PLAN PAYS,80,70,60,50,60,2,10,low,high,RISK,2
0,0,1,1,Hourly,2879,Yes,Rents,16,14,30,13,6,SPECIALIST OFFICE VISIT,OUT-OF-NETWORK,PERCENT PLAN PAYS,60,70,80,50,60,2,10,low,high,RISK,2
1,2,0,0,Hourly,2246,No,Owns,17,14,34,13,6,SPECIALIST OFFICE VISIT,OUT-OF-NETWORK,PERCENT PLAN PAYS,50,80,60,70,60,2,10,low,high,RISK,2
0,2,1,0,Hourly,3337,No,Rents,7,19,30,13,6,SPECIALIST OFFICE VISIT,OUT-OF-NETWORK,PERCENT PLAN PAYS,50,70,60,80,60,2,10,low,high,RISK,2
1,1,1,1,Hourly,874,No,Owns,17,17,35,13,6,SPECIALIST OFFICE VISIT,OUT-OF-NETWORK,PERCENT PLAN PAYS,50,60,70,80,60,2,10,low,high,RISK,2
0,1,0,0,Hourly,4470,Yes,Owns,6,15,48,13,6,SPECIALIST OFFICE VISIT,OUT-OF-NETWORK,PERCENT PLAN PAYS,50,80,60,70,60,2,10,low,high,RISK,2
2,0,1,1,Hourly,3252,Yes,Owns,10,12,35,13,6,SPECIALIST OFFICE VISIT,OUT-OF-NETWORK,PERCENT PLAN PAYS,50,70,60,80,60,2,10,low,high,RISK,2
0,2,0,1,Hourly,176,Yes,Rents,9,18,32,13,6,SPECIALIST OFFICE VISIT,OUT-OF-NETWORK,PERCENT PLAN PAYS,60,50,70,80,60,2,10,low,high,RISK,2
1,0,2,0,Hourly,3681,Yes,Owns,6,13,27,13,6,SPECIALIST OFFICE VISIT,OUT-OF-NETWORK,PERCENT PLAN PAYS,60,70,80,50,60,2,10,low,high,RISK,2
1,2,1,2,Hourly,1019,Yes,Owns,15,20,28,13,6,SPECIALIST OFFICE VISIT,OUT-OF-NETWORK,PERCENT PLAN PAYS,80,70,60,50,60,2,10,low,high,RISK,2
1,2,1,1,Bonus,4493,Yes,Owns,18,14,29,13,6,SPECIALIST OFFICE VISIT,OUT-OF-NETWORK,PERCENT PLAN PAYS,50,60,70,80,60,2,10,low,high,RISK,2
1,2,2,0,Salaried,1012,Yes,Owns,15,13,50,13,6,SPECIALIST OFFICE VISIT,OUT-OF-NETWORK,PERCENT PLAN PAYS,70,80,50,60,60,2,10,low,high,RISK,2
0,0,1,1,Bonus,1248,Yes,Rents,7,20,35,13,6,SPECIALIST OFFICE VISIT,OUT-OF-NETWORK,PERCENT PLAN PAYS,80,70,60,50,60,2,10,low,high,RISK,2
0,0,1,0,Salaried,1214,No,Owns,6,17,32,13,6,SPECIALIST OFFICE VISIT,OUT-OF-NETWORK,PERCENT PLAN PAYS,70,50,80,60,60,2,10,low,high,RISK,2
1,0,1,0,Salaried,2852,Yes,Rents,6,16,31,13,6,SPECIALIST OFFICE VISIT,OUT-OF-NETWORK,PERCENT PLAN PAYS,60,70,50,80,60,2,10,low,high,RISK,2
1,0,0,0,Bonus,1440,Yes,Owns,10,20,34,13,6,SPECIALIST OFFICE VISIT,OUT-OF-NETWORK,PERCENT PLAN PAYS,70,50,80,60,60,2,10,low,high,RISK,2
1,0,1,0,Bonus,2951,No,Owns,11,11,30,13,6,SPECIALIST OFFICE VISIT,OUT-OF-NETWORK,PERCENT PLAN PAYS,60,50,80,70,60,2,10,low,high,RISK,2
3,2,1,3,Salaried,4377,No,Rents,24,48,52,13,7,SPECIALIST OFFICE VISIT,OUT-OF-NETWORK,PERCENT PLAN PAYS,60,70,50,80,60,2,20,low,high,RISK,2
1,1,2,1,Salaried,1919,No,Owns,25,33,56,13,7,SPECIALIST OFFICE VISIT,OUT-OF-NETWORK,PERCENT PLAN PAYS,60,50,80,70,60,2,20,low,high,RISK,2
2,2,1,1,Salaried,4671,Yes,Rents,33,23,53,13,7,SPECIALIST OFFICE VISIT,OUT-OF-NETWORK,PERCENT PLAN PAYS,50,80,70,60,60,2,20,low,high,RISK,2
3,2,1,1,Bonus,1139,No,Owns,29,38,56,13,7,SPECIALIST OFFICE VISIT,OUT-OF-NETWORK,PERCENT PLAN PAYS,50,60,80,70,60,2,20,low,high,RISK,2
1,2,3,2,Bonus,3085,No,Rents,23,24,64,13,7,SPECIALIST OFFICE VISIT,OUT-OF-NETWORK,PERCENT PLAN PAYS,80,60,70,50,60,2,20,low,high,RISK,2
1,2,3,1,Salaried,912,Yes,Rents,37,29,55,13,7,SPECIALIST OFFICE VISIT,OUT-OF-NETWORK,PERCENT PLAN PAYS,80,60,70,50,60,2,20,low,high,RISK,2
2,1,3,2,Hourly,3561,Yes,Owns,28,26,51,13,7,SPECIALIST OFFICE VISIT,OUT-OF-NETWORK,PERCENT PLAN PAYS,60,70,50,80,60,2,20,low,high,RISK,2
2,3,1,1,Hourly,4350,No,Rents,19,36,62,13,7,SPECIALIST OFFICE VISIT,OUT-OF-NETWORK,PERCENT PLAN PAYS,70,50,60,80,60,2,20,low,high,RISK,2
3,3,2,3,Salaried,3664,No,Owns,18,38,64,13,7,SPECIALIST OFFICE VISIT,OUT-OF-NETWORK,PERCENT PLAN PAYS,80,70,50,60,60,2,20,low,high,RISK,2
1,1,1,1,Bonus,1972,Yes,Owns,38,31,55,13,7,SPECIALIST OFFICE VISIT,OUT-OF-NETWORK,PERCENT PLAN PAYS,50,60,80,70,60,2,20,low,high,RISK,2
1,1,3,3,Salaried,1235,Yes,Rents,32,31,59,13,7,SPECIALIST OFFICE VISIT,OUT-OF-NETWORK,PERCENT PLAN PAYS,80,70,50,60,60,2,20,low,high,RISK,2
1,3,1,2,Bonus,2294,Yes,Owns,25,47,55,13,7,SPECIALIST OFFICE VISIT,OUT-OF-NETWORK,PERCENT PLAN PAYS,50,80,70,60,60,2,20,low,high,RISK,2
1,2,3,1,Salaried,4592,Yes,Rents,37,41,60,13,7,SPECIALIST OFFICE VISIT,OUT-OF-NETWORK,PERCENT PLAN PAYS,60,80,50,70,60,2,20,low,high,RISK,2
1,1,1,2,Hourly,2183,Yes,Owns,16,35,73,13,7,SPECIALIST OFFICE VISIT,OUT-OF-NETWORK,PERCENT PLAN PAYS,80,50,70,60,60,2,20,low,high,RISK,2
2,2,3,2,Salaried,1622,Yes,Rents,21,24,60,13,7,SPECIALIST OFFICE VISIT,OUT-OF-NETWORK,PERCENT PLAN PAYS,60,80,70,50,60,2,20,low,high,RISK,2
2,3,1,3,Salaried,4259,Yes,Rents,17,43,57,13,7,SPECIALIST OFFICE VISIT,OUT-OF-NETWORK,PERCENT PLAN PAYS,60,70,50,80,60,2,20,low,high,RISK,2
3,2,2,3,Salaried,4138,No,Owns,37,25,52,13,7,SPECIALIST OFFICE VISIT,OUT-OF-NETWORK,PERCENT PLAN PAYS,70,60,50,80,60,2,20,low,high,RISK,2
3,1,2,3,Bonus,2742,No,Owns,39,50,53,13,7,SPECIALIST OFFICE VISIT,OUT-OF-NETWORK,PERCENT PLAN PAYS,70,80,60,50,60,2,20,low,high,RISK,2
1,1,1,3,Bonus,4027,Yes,Rents,21,31,54,13,7,SPECIALIST OFFICE VISIT,OUT-OF-NETWORK,PERCENT PLAN PAYS,60,50,80,70,60,2,20,low,high,RISK,2
2,2,1,1,Bonus,3643,No,Rents,35,26,75,13,7,SPECIALIST OFFICE VISIT,OUT-OF-NETWORK,PERCENT PLAN PAYS,70,60,80,50,60,2,20,low,high,RISK,2
2,1,3,1,Salaried,1855,No,Rents,39,49,60,13,7,SPECIALIST OFFICE VISIT,OUT-OF-NETWORK,PERCENT PLAN PAYS,80,70,50,60,60,2,20,low,high,RISK,2
1,3,1,1,Bonus,4199,No,Owns,33,40,57,13,7,SPECIALIST OFFICE VISIT,OUT-OF-NETWORK,PERCENT PLAN PAYS,70,60,80,50,60,2,20,low,high,RISK,2
1,3,2,1,Salaried,358,No,Rents,28,36,56,13,7,SPECIALIST OFFICE VISIT,OUT-OF-NETWORK,PERCENT PLAN PAYS,50,70,80,60,60,2,20,low,high,RISK,2
2,2,2,1,Salaried,2175,No,Owns,35,49,59,13,7,SPECIALIST OFFICE VISIT,OUT-OF-NETWORK,PERCENT PLAN PAYS,60,70,80,50,60,2,20,low,high,RISK,2
2,2,1,1,Bonus,2804,No,Owns,26,20,55,13,7,SPECIALIST OFFICE VISIT,OUT-OF-NETWORK,PERCENT PLAN PAYS,60,80,50,70,60,2,20,low,high,RISK,2
3,3,3,2,Bonus,2793,Yes,Owns,39,48,52,13,7,SPECIALIST OFFICE VISIT,OUT-OF-NETWORK,PERCENT PLAN PAYS,50,60,70,80,60,2,20,low,high,RISK,2
3,1,3,1,Salaried,1366,No,Owns,32,33,56,13,7,SPECIALIST OFFICE VISIT,OUT-OF-NETWORK,PERCENT PLAN PAYS,70,80,60,50,60,2,20,low,high,RISK,2
1,2,2,3,Salaried,3990,No,Rents,30,23,53,13,7,SPECIALIST OFFICE VISIT,OUT-OF-NETWORK,PERCENT PLAN PAYS,70,50,60,80,60,2,20,low,high,RISK,2
1,2,2,1,Salaried,1625,No,Owns,36,38,56,13,7,SPECIALIST OFFICE VISIT,OUT-OF-NETWORK,PERCENT PLAN PAYS,70,80,50,60,60,2,20,low,high,RISK,2
2,3,1,1,Hourly,1178,No,Owns,15,24,64,13,7,SPECIALIST OFFICE VISIT,OUT-OF-NETWORK,PERCENT PLAN PAYS,60,70,50,80,60,2,20,low,high,RISK,2
2,1,1,1,Hourly,2665,No,Rents,20,29,55,13,7,SPECIALIST OFFICE VISIT,OUT-OF-NETWORK,PERCENT PLAN PAYS,80,70,60,50,60,2,20,low,high,RISK,2
2,3,3,1,Hourly,4144,No,Owns,23,26,51,13,7,SPECIALIST OFFICE VISIT,OUT-OF-NETWORK,PERCENT PLAN PAYS,60,80,50,70,60,2,20,low,high,RISK,2
2,2,3,1,Hourly,2547,Yes,Owns,32,36,62,13,7,SPECIALIST OFFICE VISIT,OUT-OF-NETWORK,PERCENT PLAN PAYS,70,80,60,50,60,2,20,low,high,RISK,2
2,1,2,1,Hourly,152,Yes,Owns,34,38,64,13,7,SPECIALIST OFFICE VISIT,OUT-OF-NETWORK,PERCENT PLAN PAYS,70,80,50,60,60,2,20,low,high,RISK,2
1,1,1,1,Bonus,2909,Yes,Rents,23,31,55,13,7,SPECIALIST OFFICE VISIT,OUT-OF-NETWORK,PERCENT PLAN PAYS,70,50,60,80,60,2,20,low,high,RISK,2
3,3,2,2,Bonus,2404,Yes,Owns,27,31,59,13,7,SPECIALIST OFFICE VISIT,OUT-OF-NETWORK,PERCENT PLAN PAYS,60,50,80,70,60,2,20,low,high,RISK,2
3,1,2,3,Bonus,144,Yes,Owns,24,47,55,13,7,SPECIALIST OFFICE VISIT,OUT-OF-NETWORK,PERCENT PLAN PAYS,60,80,50,70,60,2,20,low,high,RISK,2
3,1,2,1,Hourly,2250,No,Owns,26,41,60,13,7,SPECIALIST OFFICE VISIT,OUT-OF-NETWORK,PERCENT PLAN PAYS,70,60,50,80,60,2,20,low,high,RISK,2
3,1,1,1,Hourly,4826,No,Owns,25,35,73,13,7,SPECIALIST OFFICE VISIT,OUT-OF-NETWORK,PERCENT PLAN PAYS,50,80,70,60,60,2,20,low,high,RISK,2
2,2,1,1,Salaried,792,No,Owns,28,24,60,13,7,SPECIALIST OFFICE VISIT,OUT-OF-NETWORK,PERCENT PLAN PAYS,70,80,50,60,60,2,20,low,high,RISK,2
1,3,1,2,Hourly,3429,No,Rents,34,43,57,13,7,SPECIALIST OFFICE VISIT,OUT-OF-NETWORK,PERCENT PLAN PAYS,70,60,50,80,60,2,20,low,high,RISK,2
1,3,1,2,Hourly,1596,Yes,Owns,27,25,52,13,7,SPECIALIST OFFICE VISIT,OUT-OF-NETWORK,PERCENT PLAN PAYS,70,80,60,50,60,2,20,low,high,RISK,2
2,3,3,1,Salaried,83,Yes,Owns,19,50,53,13,7,SPECIALIST OFFICE VISIT,OUT-OF-NETWORK,PERCENT PLAN PAYS,50,60,80,70,60,2,20,low,high,RISK,2
2,3,1,3,Salaried,3601,No,Owns,17,31,54,13,7,SPECIALIST OFFICE VISIT,OUT-OF-NETWORK,PERCENT PLAN PAYS,80,50,70,60,60,2,20,low,high,RISK,2
2,2,1,2,Bonus,861,No,Owns,34,26,75,13,7,SPECIALIST OFFICE VISIT,OUT-OF-NETWORK,PERCENT PLAN PAYS,60,80,50,70,60,2,20,low,high,RISK,2
1,3,3,3,Salaried,2240,Yes,Rents,35,49,60,13,7,SPECIALIST OFFICE VISIT,OUT-OF-NETWORK,PERCENT PLAN PAYS,50,70,60,80,60,2,20,low,high,RISK,2
1,1,1,1,Hourly,2384,No,Rents,17,40,57,13,7,SPECIALIST OFFICE VISIT,OUT-OF-NETWORK,PERCENT PLAN PAYS,60,80,50,70,60,2,20,low,high,RISK,2
1,1,1,1,Bonus,2363,Yes,Rents,29,36,56,13,7,SPECIALIST OFFICE VISIT,OUT-OF-NETWORK,PERCENT PLAN PAYS,70,50,80,60,60,2,20,low,high,RISK,2
2,1,3,1,Salaried,4539,No,Owns,24,49,59,13,7,SPECIALIST OFFICE VISIT,OUT-OF-NETWORK,PERCENT PLAN PAYS,50,80,60,70,60,2,20,low,high,RISK,2
2,1,1,1,Bonus,489,No,Rents,23,20,55,13,7,SPECIALIST OFFICE VISIT,OUT-OF-NETWORK,PERCENT PLAN PAYS,60,50,70,80,60,2,20,low,high,RISK,2
2,3,1,3,Bonus,4623,Yes,Owns,19,48,52,13,7,SPECIALIST OFFICE VISIT,OUT-OF-NETWORK,PERCENT PLAN PAYS,70,80,50,60,60,2,20,low,high,RISK,2
2,1,1,1,Salaried,153,Yes,Owns,15,33,56,13,7,SPECIALIST OFFICE VISIT,OUT-OF-NETWORK,PERCENT PLAN PAYS,80,60,70,50,60,2,20,low,high,RISK,2
1,3,3,2,Salaried,3954,No,Owns,17,23,53,13,7,SPECIALIST OFFICE VISIT,OUT-OF-NETWORK,PERCENT PLAN PAYS,60,70,80,50,60,2,20,low,high,RISK,2
1,2,1,1,Salaried,4742,No,Rents,15,38,56,13,7,SPECIALIST OFFICE VISIT,OUT-OF-NETWORK,PERCENT PLAN PAYS,60,50,80,70,60,2,20,low,high,RISK,2
1,1,1,2,Hourly,3289,No,Rents,35,24,64,13,7,SPECIALIST OFFICE VISIT,OUT-OF-NETWORK,PERCENT PLAN PAYS,50,70,80,60,60,2,20,low,high,RISK,2
1,1,2,2,Bonus,3409,Yes,Rents,30,29,55,13,7,SPECIALIST OFFICE VISIT,OUT-OF-NETWORK,PERCENT PLAN PAYS,60,50,70,80,60,2,20,low,high,RISK,2
1,1,3,2,Bonus,3179,No,Rents,21,26,51,13,7,SPECIALIST OFFICE VISIT,OUT-OF-NETWORK,PERCENT PLAN PAYS,50,80,70,60,60,2,20,low,high,RISK,2
1,1,1,2,Bonus,4271,No,Rents,22,36,62,13,7,SPECIALIST OFFICE VISIT,OUT-OF-NETWORK,PERCENT PLAN PAYS,80,50,70,60,60,2,20,low,high,RISK,2
1,1,1,1,Hourly,4605,Yes,Rents,24,38,64,13,7,SPECIALIST OFFICE VISIT,OUT-OF-NETWORK,PERCENT PLAN PAYS,80,50,70,60,60,2,20,low,high,RISK,2
1,3,3,1,Hourly,170,No,Rents,37,31,59,13,7,SPECIALIST OFFICE VISIT,OUT-OF-NETWORK,PERCENT PLAN PAYS,50,70,80,60,60,2,20,low,high,RISK,2
1,1,1,3,Salaried,2062,No,Rents,20,47,55,13,7,SPECIALIST OFFICE VISIT,OUT-OF-NETWORK,PERCENT PLAN PAYS,80,50,60,70,60,2,20,low,high,RISK,2
2,2,3,3,Bonus,1962,No,Rents,15,41,60,13,7,SPECIALIST OFFICE VISIT,OUT-OF-NETWORK,PERCENT PLAN PAYS,60,80,70,50,60,2,20,low,high,RISK,2
1,1,1,1,Bonus,1006,No,Owns,27,35,73,13,7,SPECIALIST OFFICE VISIT,OUT-OF-NETWORK,PERCENT PLAN PAYS,50,80,60,70,60,2,20,low,high,RISK,2
1,3,2,3,Salaried,4555,No,Rents,20,24,60,13,7,SPECIALIST OFFICE VISIT,OUT-OF-NETWORK,PERCENT PLAN PAYS,50,60,70,80,60,2,20,low,high,RISK,2
3,1,2,1,Bonus,458,No,Rents,25,43,57,13,7,SPECIALIST OFFICE VISIT,OUT-OF-NETWORK,PERCENT PLAN PAYS,80,50,70,60,60,2,20,low,high,RISK,2
3,1,3,1,Hourly,1593,No,Owns,16,25,52,13,7,SPECIALIST OFFICE VISIT,OUT-OF-NETWORK,PERCENT PLAN PAYS,70,50,80,60,60,2,20,low,high,RISK,2
1,2,1,1,Bonus,2639,No,Rents,16,31,54,13,7,SPECIALIST OFFICE VISIT,OUT-OF-NETWORK,PERCENT PLAN PAYS,50,70,80,60,60,2,20,low,high,RISK,2
1,1,3,1,Hourly,2563,Yes,Rents,35,26,75,13,7,SPECIALIST OFFICE VISIT,OUT-OF-NETWORK,PERCENT PLAN PAYS,70,80,60,50,60,2,20,low,high,RISK,2
1,2,3,2,Bonus,2810,Yes,Owns,35,49,60,13,7,SPECIALIST OFFICE VISIT,OUT-OF-NETWORK,PERCENT PLAN PAYS,70,80,50,60,60,2,20,low,high,RISK,2
2,2,1,2,Hourly,2954,Yes,Owns,39,40,57,13,7,SPECIALIST OFFICE VISIT,OUT-OF-NETWORK,PERCENT PLAN PAYS,60,80,70,50,60,2,20,low,high,RISK,2
2,1,3,1,Hourly,2299,Yes,Owns,31,36,56,13,7,SPECIALIST OFFICE VISIT,OUT-OF-NETWORK,PERCENT PLAN PAYS,80,50,60,70,60,2,20,low,high,RISK,2
1,1,2,3,Hourly,1155,No,Rents,16,49,59,13,7,SPECIALIST OFFICE VISIT,OUT-OF-NETWORK,PERCENT PLAN PAYS,60,80,50,70,60,2,20,low,high,RISK,2
2,1,3,1,Bonus,1856,Yes,Rents,31,20,55,13,7,SPECIALIST OFFICE VISIT,OUT-OF-NETWORK,PERCENT PLAN PAYS,60,80,50,70,60,2,20,low,high,RISK,2
3,2,2,1,Salaried,3352,Yes,Rents,18,48,52,13,7,SPECIALIST OFFICE VISIT,OUT-OF-NETWORK,PERCENT PLAN PAYS,50,80,60,70,60,2,20,low,high,RISK,2
3,1,1,2,Hourly,3735,Yes,Owns,34,33,56,13,7,SPECIALIST OFFICE VISIT,OUT-OF-NETWORK,PERCENT PLAN PAYS,50,80,60,70,60,2,20,low,high,RISK,2
3,2,1,3,Salaried,1125,Yes,Rents,18,23,53,13,7,SPECIALIST OFFICE VISIT,OUT-OF-NETWORK,PERCENT PLAN PAYS,80,50,70,60,60,2,20,low,high,RISK,2
2,2,2,2,Salaried,1210,No,Rents,38,24,64,13,7,SPECIALIST OFFICE VISIT,OUT-OF-NETWORK,PERCENT PLAN PAYS,50,80,60,70,60,2,20,low,high,RISK,2
2,3,2,1,Bonus,3149,No,Owns,17,29,55,13,7,SPECIALIST OFFICE VISIT,OUT-OF-NETWORK,PERCENT PLAN PAYS,60,80,70,50,60,2,20,low,high,RISK,2
2,2,2,2,Bonus,3757,No,Rents,18,26,51,13,7,SPECIALIST OFFICE VISIT,OUT-OF-NETWORK,PERCENT PLAN PAYS,60,80,70,50,60,2,20,low,high,RISK,2
3,1,3,2,Salaried,4038,Yes,Rents,28,36,62,13,7,SPECIALIST OFFICE VISIT,OUT-OF-NETWORK,PERCENT PLAN PAYS,60,50,80,70,60,2,20,low,high,RISK,2
1,1,1,3,Bonus,381,No,Owns,20,38,64,13,7,SPECIALIST OFFICE VISIT,OUT-OF-NETWORK,PERCENT PLAN PAYS,70,50,80,60,60,2,20,low,high,RISK,2
1,1,1,2,Hourly,2879,Yes,Rents,37,31,55,13,7,SPECIALIST OFFICE VISIT,OUT-OF-NETWORK,PERCENT PLAN PAYS,50,70,60,80,60,2,20,low,high,RISK,2
2,3,1,1,Hourly,2246,No,Owns,38,31,59,13,7,SPECIALIST OFFICE VISIT,OUT-OF-NETWORK,PERCENT PLAN PAYS,50,60,80,70,60,2,20,low,high,RISK,2
1,3,2,1,Hourly,3337,No,Rents,18,47,55,13,7,SPECIALIST OFFICE VISIT,OUT-OF-NETWORK,PERCENT PLAN PAYS,70,50,60,80,60,2,20,low,high,RISK,2
2,2,1,2,Hourly,874,No,Owns,38,41,60,13,7,SPECIALIST OFFICE VISIT,OUT-OF-NETWORK,PERCENT PLAN PAYS,70,50,60,80,60,2,20,low,high,RISK,2
1,2,1,1,Hourly,4470,Yes,Owns,16,35,73,13,7,SPECIALIST OFFICE VISIT,OUT-OF-NETWORK,PERCENT PLAN PAYS,60,50,70,80,60,2,20,low,high,RISK,2
3,1,3,1,Hourly,3252,Yes,Owns,24,24,60,13,7,SPECIALIST OFFICE VISIT,OUT-OF-NETWORK,PERCENT PLAN PAYS,70,80,60,50,60,2,20,low,high,RISK,2
1,3,1,2,Hourly,176,Yes,Rents,23,43,57,13,7,SPECIALIST OFFICE VISIT,OUT-OF-NETWORK,PERCENT PLAN PAYS,50,70,60,80,60,2,20,low,high,RISK,2
2,1,3,1,Hourly,3681,Yes,Owns,17,25,52,13,7,SPECIALIST OFFICE VISIT,OUT-OF-NETWORK,PERCENT PLAN PAYS,50,70,80,60,60,2,20,low,high,RISK,2
1,3,2,3,Hourly,1019,Yes,Owns,35,50,53,13,7,SPECIALIST OFFICE VISIT,OUT-OF-NETWORK,PERCENT PLAN PAYS,50,70,80,60,60,2,20,low,high,RISK,2
1,3,2,1,Bonus,4493,Yes,Owns,39,31,54,13,7,SPECIALIST OFFICE VISIT,OUT-OF-NETWORK,PERCENT PLAN PAYS,70,50,60,80,60,2,20,low,high,RISK,2
1,3,3,1,Salaried,1012,Yes,Owns,34,26,75,13,7,SPECIALIST OFFICE VISIT,OUT-OF-NETWORK,PERCENT PLAN PAYS,50,60,80,70,60,2,20,low,high,RISK,2
1,1,2,1,Bonus,1248,Yes,Rents,18,49,60,13,7,SPECIALIST OFFICE VISIT,OUT-OF-NETWORK,PERCENT PLAN PAYS,50,80,60,70,60,2,20,low,high,RISK,2
1,1,2,1,Salaried,1214,No,Owns,17,40,57,13,7,SPECIALIST OFFICE VISIT,OUT-OF-NETWORK,PERCENT PLAN PAYS,60,50,70,80,60,2,20,low,high,RISK,2
2,1,1,1,Salaried,2852,Yes,Rents,18,36,56,13,7,SPECIALIST OFFICE VISIT,OUT-OF-NETWORK,PERCENT PLAN PAYS,80,70,60,50,60,2,20,low,high,RISK,2
2,1,1,1,Bonus,1440,Yes,Owns,24,49,59,13,7,SPECIALIST OFFICE VISIT,OUT-OF-NETWORK,PERCENT PLAN PAYS,80,50,70,60,60,2,20,low,high,RISK,2
3,1,3,1,Bonus,2951,No,Owns,26,20,55,13,7,SPECIALIST OFFICE VISIT,OUT-OF-NETWORK,PERCENT PLAN PAYS,70,50,80,60,60,2,20,low,high,RISK,2
4,3,2,4,Salaried,4377,No,Rents,46,73,76,13,8,SPECIALIST OFFICE VISIT,OUT-OF-NETWORK,PERCENT PLAN PAYS,70,80,60,50,70,3,50,low,high,RISK,2
2,3,4,2,Salaried,1919,No,Owns,48,61,80,13,8,SPECIALIST OFFICE VISIT,OUT-OF-NETWORK,PERCENT PLAN PAYS,50,80,60,70,70,3,50,low,high,RISK,2
4,4,3,2,Salaried,4671,Yes,Rents,57,53,77,13,8,SPECIALIST OFFICE VISIT,OUT-OF-NETWORK,PERCENT PLAN PAYS,50,60,70,80,70,3,50,low,high,RISK,2
4,4,2,2,Bonus,1139,No,Owns,52,65,80,13,8,SPECIALIST OFFICE VISIT,OUT-OF-NETWORK,PERCENT PLAN PAYS,50,70,80,60,70,3,50,low,high,RISK,2
3,4,4,3,Bonus,3085,No,Rents,45,54,88,13,8,SPECIALIST OFFICE VISIT,OUT-OF-NETWORK,PERCENT PLAN PAYS,70,60,50,80,70,3,50,low,high,RISK,2
3,4,4,3,Salaried,912,Yes,Rents,61,58,79,13,8,SPECIALIST OFFICE VISIT,OUT-OF-NETWORK,PERCENT PLAN PAYS,60,50,70,80,70,3,50,low,high,RISK,2
4,3,4,3,Hourly,3561,Yes,Owns,51,56,75,13,8,SPECIALIST OFFICE VISIT,OUT-OF-NETWORK,PERCENT PLAN PAYS,60,50,70,80,70,3,50,low,high,RISK,2
4,4,2,2,Hourly,4350,No,Rents,40,64,87,13,8,SPECIALIST OFFICE VISIT,OUT-OF-NETWORK,PERCENT PLAN PAYS,70,60,50,80,70,3,50,low,high,RISK,2
4,4,4,4,Salaried,3664,No,Owns,39,65,88,13,8,SPECIALIST OFFICE VISIT,OUT-OF-NETWORK,PERCENT PLAN PAYS,50,70,80,60,70,3,50,low,high,RISK,2
2,3,3,3,Bonus,1972,Yes,Owns,62,60,80,13,8,SPECIALIST OFFICE VISIT,OUT-OF-NETWORK,PERCENT PLAN PAYS,50,60,70,80,70,3,50,low,high,RISK,2
3,2,4,4,Salaried,1235,Yes,Rents,55,60,83,13,8,SPECIALIST OFFICE VISIT,OUT-OF-NETWORK,PERCENT PLAN PAYS,50,60,80,70,70,3,50,low,high,RISK,2
2,4,3,3,Bonus,2294,Yes,Owns,47,72,79,13,8,SPECIALIST OFFICE VISIT,OUT-OF-NETWORK,PERCENT PLAN PAYS,50,70,80,60,70,3,50,low,high,RISK,2
2,3,4,3,Salaried,4592,Yes,Rents,62,68,84,13,8,SPECIALIST OFFICE VISIT,OUT-OF-NETWORK,PERCENT PLAN PAYS,60,50,80,70,70,3,50,low,high,RISK,2
3,3,3,4,Hourly,2183,Yes,Owns,37,63,98,13,8,SPECIALIST OFFICE VISIT,OUT-OF-NETWORK,PERCENT PLAN PAYS,50,60,70,80,70,3,50,low,high,RISK,2
3,3,4,3,Salaried,1622,Yes,Rents,42,55,84,13,8,SPECIALIST OFFICE VISIT,OUT-OF-NETWORK,PERCENT PLAN PAYS,60,80,50,70,70,3,50,low,high,RISK,2
3,4,3,4,Salaried,4259,Yes,Rents,37,70,81,13,8,SPECIALIST OFFICE VISIT,OUT-OF-NETWORK,PERCENT PLAN PAYS,50,70,80,60,70,3,50,low,high,RISK,2
4,3,3,4,Salaried,4138,No,Owns,62,55,76,13,8,SPECIALIST OFFICE VISIT,OUT-OF-NETWORK,PERCENT PLAN PAYS,70,60,80,50,70,3,50,low,high,RISK,2
4,3,4,4,Bonus,2742,No,Owns,64,75,77,13,8,SPECIALIST OFFICE VISIT,OUT-OF-NETWORK,PERCENT PLAN PAYS,50,80,70,60,70,3,50,low,high,RISK,2
3,3,3,4,Bonus,4027,Yes,Rents,43,60,78,13,8,SPECIALIST OFFICE VISIT,OUT-OF-NETWORK,PERCENT PLAN PAYS,50,70,60,80,70,3,50,low,high,RISK,2
4,4,2,2,Bonus,3643,No,Rents,59,56,100,13,8,SPECIALIST OFFICE VISIT,OUT-OF-NETWORK,PERCENT PLAN PAYS,50,60,80,70,70,3,50,low,high,RISK,2
4,2,4,2,Salaried,1855,No,Rents,63,74,85,13,8,SPECIALIST OFFICE VISIT,OUT-OF-NETWORK,PERCENT PLAN PAYS,70,60,80,50,70,3,50,low,high,RISK,2
3,4,2,3,Bonus,4199,No,Owns,57,67,81,13,8,SPECIALIST OFFICE VISIT,OUT-OF-NETWORK,PERCENT PLAN PAYS,70,80,60,50,70,3,50,low,high,RISK,2
3,4,3,2,Salaried,358,No,Rents,50,64,80,13,8,SPECIALIST OFFICE VISIT,OUT-OF-NETWORK,PERCENT PLAN PAYS,60,50,80,70,70,3,50,low,high,RISK,2
4,3,4,3,Salaried,2175,No,Owns,59,75,83,13,8,SPECIALIST OFFICE VISIT,OUT-OF-NETWORK,PERCENT PLAN PAYS,80,50,60,70,70,3,50,low,high,RISK,2
4,4,2,2,Bonus,2804,No,Owns,48,51,79,13,8,SPECIALIST OFFICE VISIT,OUT-OF-NETWORK,PERCENT PLAN PAYS,60,50,80,70,70,3,50,low,high,RISK,2
4,4,4,4,Bonus,2793,Yes,Owns,63,73,76,13,8,SPECIALIST OFFICE VISIT,OUT-OF-NETWORK,PERCENT PLAN PAYS,60,50,80,70,70,3,50,low,high,RISK,2
4,3,4,2,Salaried,1366,No,Owns,56,61,80,13,8,SPECIALIST OFFICE VISIT,OUT-OF-NETWORK,PERCENT PLAN PAYS,50,80,60,70,70,3,50,low,high,RISK,2
2,4,4,4,Salaried,3990,No,Rents,53,53,77,13,8,SPECIALIST OFFICE VISIT,OUT-OF-NETWORK,PERCENT PLAN PAYS,80,70,60,50,70,3,50,low,high,RISK,2
2,4,3,3,Salaried,1625,No,Owns,60,65,80,13,8,SPECIALIST OFFICE VISIT,OUT-OF-NETWORK,PERCENT PLAN PAYS,50,60,70,80,70,3,50,low,high,RISK,2
4,4,3,3,Hourly,1178,No,Owns,35,54,88,13,8,SPECIALIST OFFICE VISIT,OUT-OF-NETWORK,PERCENT PLAN PAYS,80,70,50,60,70,3,50,low,high,RISK,2
3,3,2,2,Hourly,2665,No,Rents,41,58,79,13,8,SPECIALIST OFFICE VISIT,OUT-OF-NETWORK,PERCENT PLAN PAYS,60,70,80,50,70,3,50,low,high,RISK,2
4,4,4,2,Hourly,4144,No,Owns,44,56,75,13,8,SPECIALIST OFFICE VISIT,OUT-OF-NETWORK,PERCENT PLAN PAYS,80,70,60,50,70,3,50,low,high,RISK,2
3,3,4,3,Hourly,2547,Yes,Owns,55,64,87,13,8,SPECIALIST OFFICE VISIT,OUT-OF-NETWORK,PERCENT PLAN PAYS,50,80,60,70,70,3,50,low,high,RISK,2
4,3,4,2,Hourly,152,Yes,Owns,58,65,88,13,8,SPECIALIST OFFICE VISIT,OUT-OF-NETWORK,PERCENT PLAN PAYS,50,60,80,70,70,3,50,low,high,RISK,2
3,2,2,3,Bonus,2909,Yes,Rents,45,60,80,13,8,SPECIALIST OFFICE VISIT,OUT-OF-NETWORK,PERCENT PLAN PAYS,50,70,60,80,70,3,50,low,high,RISK,2
4,4,3,3,Bonus,2404,Yes,Owns,49,60,83,13,8,SPECIALIST OFFICE VISIT,OUT-OF-NETWORK,PERCENT PLAN PAYS,70,80,50,60,70,3,50,low,high,RISK,2
4,2,4,4,Bonus,144,Yes,Owns,46,72,79,13,8,SPECIALIST OFFICE VISIT,OUT-OF-NETWORK,PERCENT PLAN PAYS,80,60,70,50,70,3,50,low,high,RISK,2
4,2,4,2,Hourly,2250,No,Owns,48,68,84,13,8,SPECIALIST OFFICE VISIT,OUT-OF-NETWORK,PERCENT PLAN PAYS,80,60,50,70,70,3,50,low,high,RISK,2
4,3,3,3,Hourly,4826,No,Owns,47,63,98,13,8,SPECIALIST OFFICE VISIT,OUT-OF-NETWORK,PERCENT PLAN PAYS,70,60,80,50,70,3,50,low,high,RISK,2
4,4,2,3,Salaried,792,No,Owns,50,55,84,13,8,SPECIALIST OFFICE VISIT,OUT-OF-NETWORK,PERCENT PLAN PAYS,50,60,80,70,70,3,50,low,high,RISK,2
2,4,2,3,Hourly,3429,No,Rents,58,70,81,13,8,SPECIALIST OFFICE VISIT,OUT-OF-NETWORK,PERCENT PLAN PAYS,60,80,50,70,70,3,50,low,high,RISK,2
3,4,3,4,Hourly,1596,Yes,Owns,50,55,76,13,8,SPECIALIST OFFICE VISIT,OUT-OF-NETWORK,PERCENT PLAN PAYS,70,50,80,60,70,3,50,low,high,RISK,2
4,4,4,3,Salaried,83,Yes,Owns,40,75,77,13,8,SPECIALIST OFFICE VISIT,OUT-OF-NETWORK,PERCENT PLAN PAYS,80,70,60,50,70,3,50,low,high,RISK,2
4,4,3,4,Salaried,3601,No,Owns,38,60,78,13,8,SPECIALIST OFFICE VISIT,OUT-OF-NETWORK,PERCENT PLAN PAYS,80,70,50,60,70,3,50,low,high,RISK,2
3,4,2,4,Bonus,861,No,Owns,58,56,100,13,8,SPECIALIST OFFICE VISIT,OUT-OF-NETWORK,PERCENT PLAN PAYS,80,70,60,50,70,3,50,low,high,RISK,2
2,4,4,4,Salaried,2240,Yes,Rents,59,74,85,13,8,SPECIALIST OFFICE VISIT,OUT-OF-NETWORK,PERCENT PLAN PAYS,70,80,60,50,70,3,50,low,high,RISK,2
3,3,2,2,Hourly,2384,No,Rents,37,67,81,13,8,SPECIALIST OFFICE VISIT,OUT-OF-NETWORK,PERCENT PLAN PAYS,80,60,70,50,70,3,50,low,high,RISK,2
2,2,3,3,Bonus,2363,Yes,Rents,52,64,80,13,8,SPECIALIST OFFICE VISIT,OUT-OF-NETWORK,PERCENT PLAN PAYS,70,60,50,80,70,3,50,low,high,RISK,2
3,3,4,2,Salaried,4539,No,Owns,45,75,83,13,8,SPECIALIST OFFICE VISIT,OUT-OF-NETWORK,PERCENT PLAN PAYS,70,50,80,60,70,3,50,low,high,RISK,2
3,3,2,2,Bonus,489,No,Rents,45,51,79,13,8,SPECIALIST OFFICE VISIT,OUT-OF-NETWORK,PERCENT PLAN PAYS,70,60,50,80,70,3,50,low,high,RISK,2
4,4,2,4,Bonus,4623,Yes,Owns,40,73,76,13,8,SPECIALIST OFFICE VISIT,OUT-OF-NETWORK,PERCENT PLAN PAYS,70,80,50,60,70,3,50,low,high,RISK,2
3,3,3,2,Salaried,153,Yes,Owns,36,61,80,13,8,SPECIALIST OFFICE VISIT,OUT-OF-NETWORK,PERCENT PLAN PAYS,80,50,60,70,70,3,50,low,high,RISK,2
3,4,4,4,Salaried,3954,No,Owns,38,53,77,13,8,SPECIALIST OFFICE VISIT,OUT-OF-NETWORK,PERCENT PLAN PAYS,50,60,70,80,70,3,50,low,high,RISK,2
3,3,2,3,Salaried,4742,No,Rents,35,65,80,13,8,SPECIALIST OFFICE VISIT,OUT-OF-NETWORK,PERCENT PLAN PAYS,70,50,80,60,70,3,50,low,high,RISK,2
2,2,2,3,Hourly,3289,No,Rents,59,54,88,13,8,SPECIALIST OFFICE VISIT,OUT-OF-NETWORK,PERCENT PLAN PAYS,80,60,50,70,70,3,50,low,high,RISK,2
2,2,3,3,Bonus,3409,Yes,Rents,54,58,79,13,8,SPECIALIST OFFICE VISIT,OUT-OF-NETWORK,PERCENT PLAN PAYS,70,80,60,50,70,3,50,low,high,RISK,2
3,3,4,3,Bonus,3179,No,Rents,42,56,75,13,8,SPECIALIST OFFICE VISIT,OUT-OF-NETWORK,PERCENT PLAN PAYS,60,50,70,80,70,3,50,low,high,RISK,2
3,3,2,4,Bonus,4271,No,Rents,43,64,87,13,8,SPECIALIST OFFICE VISIT,OUT-OF-NETWORK,PERCENT PLAN PAYS,80,60,70,50,70,3,50,low,high,RISK,2
3,3,3,2,Hourly,4605,Yes,Rents,46,65,88,13,8,SPECIALIST OFFICE VISIT,OUT-OF-NETWORK,PERCENT PLAN PAYS,70,80,60,50,70,3,50,low,high,RISK,2
2,4,4,4,Salaried,3042,Yes,Rents,37,60,80,13,8,SPECIALIST OFFICE VISIT,OUT-OF-NETWORK,PERCENT PLAN PAYS,50,60,80,70,70,3,50,low,high,RISK,2
2,4,4,3,Hourly,170,No,Rents,61,60,83,13,8,SPECIALIST OFFICE VISIT,OUT-OF-NETWORK,PERCENT PLAN PAYS,60,80,70,50,70,3,50,low,high,RISK,2
2,3,3,4,Salaried,2062,No,Rents,40,72,79,13,8,SPECIALIST OFFICE VISIT,OUT-OF-NETWORK,PERCENT PLAN PAYS,60,80,50,70,70,3,50,low,high,RISK,2
4,4,4,4,Bonus,1962,No,Rents,35,68,84,13,8,SPECIALIST OFFICE VISIT,OUT-OF-NETWORK,PERCENT PLAN PAYS,60,70,80,50,70,3,50,low,high,RISK,2
2,2,3,2,Bonus,1006,No,Owns,50,63,98,13,8,SPECIALIST OFFICE VISIT,OUT-OF-NETWORK,PERCENT PLAN PAYS,70,80,60,50,70,3,50,low,high,RISK,2
2,4,3,4,Salaried,4555,No,Rents,42,55,84,13,8,SPECIALIST OFFICE VISIT,OUT-OF-NETWORK,PERCENT PLAN PAYS,50,70,80,60,70,3,50,low,high,RISK,2
4,3,4,3,Bonus,458,No,Rents,46,70,81,13,8,SPECIALIST OFFICE VISIT,OUT-OF-NETWORK,PERCENT PLAN PAYS,60,70,80,50,70,3,50,low,high,RISK,2
4,3,4,3,Hourly,1593,No,Owns,36,55,76,13,8,SPECIALIST OFFICE VISIT,OUT-OF-NETWORK,PERCENT PLAN PAYS,70,80,60,50,70,3,50,low,high,RISK,2
3,4,2,3,Hourly,4519,Yes,Owns,48,75,77,13,8,SPECIALIST OFFICE VISIT,OUT-OF-NETWORK,PERCENT PLAN PAYS,60,50,80,70,70,3,50,low,high,RISK,2
2,4,3,3,Bonus,2639,No,Rents,36,60,78,13,8,SPECIALIST OFFICE VISIT,OUT-OF-NETWORK,PERCENT PLAN PAYS,50,80,70,60,70,3,50,low,high,RISK,2
2,3,4,3,Hourly,2563,Yes,Rents,59,56,100,13,8,SPECIALIST OFFICE VISIT,OUT-OF-NETWORK,PERCENT PLAN PAYS,60,70,50,80,70,3,50,low,high,RISK,2
3,4,4,4,Bonus,2810,Yes,Owns,58,74,85,13,8,SPECIALIST OFFICE VISIT,OUT-OF-NETWORK,PERCENT PLAN PAYS,80,50,60,70,70,3,50,low,high,RISK,2
3,4,3,4,Hourly,2954,Yes,Owns,64,67,81,13,8,SPECIALIST OFFICE VISIT,OUT-OF-NETWORK,PERCENT PLAN PAYS,70,80,50,60,70,3,50,low,high,RISK,2
3,2,4,3,Hourly,2299,Yes,Owns,54,64,80,13,8,SPECIALIST OFFICE VISIT,OUT-OF-NETWORK,PERCENT PLAN PAYS,60,80,50,70,70,3,50,low,high,RISK,2
2,3,4,4,Hourly,1155,No,Rents,37,75,83,13,8,SPECIALIST OFFICE VISIT,OUT-OF-NETWORK,PERCENT PLAN PAYS,50,60,70,80,70,3,50,low,high,RISK,2
4,3,2,3,Hourly,3735,Yes,Owns,58,61,80,13,8,SPECIALIST OFFICE VISIT,OUT-OF-NETWORK,PERCENT PLAN PAYS,80,70,50,60,70,3,50,low,high,RISK,2
4,3,3,4,Salaried,1125,Yes,Rents,38,53,77,13,8,SPECIALIST OFFICE VISIT,OUT-OF-NETWORK,PERCENT PLAN PAYS,50,70,60,80,70,3,50,low,high,RISK,2
3,3,3,4,Salaried,1210,No,Rents,62,54,88,13,8,SPECIALIST OFFICE VISIT,OUT-OF-NETWORK,PERCENT PLAN PAYS,50,80,70,60,70,3,50,low,high,RISK,2
4,4,4,2,Bonus,3149,No,Owns,37,58,79,13,8,SPECIALIST OFFICE VISIT,OUT-OF-NETWORK,PERCENT PLAN PAYS,50,60,70,80,70,3,50,low,high,RISK,2
4,3,4,4,Bonus,3757,No,Rents,38,56,75,13,8,SPECIALIST OFFICE VISIT,OUT-OF-NETWORK,PERCENT PLAN PAYS,80,60,50,70,70,3,50,low,high,RISK,2
4,3,4,4,Salaried,4038,Yes,Rents,51,64,87,13,8,SPECIALIST OFFICE VISIT,OUT-OF-NETWORK,PERCENT PLAN PAYS,60,50,80,70,70,3,50,low,high,RISK,2
2,3,3,4,Bonus,381,No,Owns,41,65,88,13,8,SPECIALIST OFFICE VISIT,OUT-OF-NETWORK,PERCENT PLAN PAYS,50,80,70,60,70,3,50,low,high,RISK,2
3,3,3,3,Hourly,2879,Yes,Rents,61,60,80,13,8,SPECIALIST OFFICE VISIT,OUT-OF-NETWORK,PERCENT PLAN PAYS,80,70,50,60,70,3,50,low,high,RISK,2
4,4,3,2,Hourly,2246,No,Owns,62,60,83,13,8,SPECIALIST OFFICE VISIT,OUT-OF-NETWORK,PERCENT PLAN PAYS,50,80,60,70,70,3,50,low,high,RISK,2
2,4,3,2,Hourly,3337,No,Rents,39,72,79,13,8,SPECIALIST OFFICE VISIT,OUT-OF-NETWORK,PERCENT PLAN PAYS,60,70,50,80,70,3,50,low,high,RISK,2
4,3,3,4,Hourly,874,No,Owns,63,68,84,13,8,SPECIALIST OFFICE VISIT,OUT-OF-NETWORK,PERCENT PLAN PAYS,70,80,50,60,70,3,50,low,high,RISK,2
3,4,2,3,Hourly,4470,Yes,Owns,36,63,98,13,8,SPECIALIST OFFICE VISIT,OUT-OF-NETWORK,PERCENT PLAN PAYS,70,60,50,80,70,3,50,low,high,RISK,2
4,3,4,3,Hourly,3252,Yes,Owns,46,55,84,13,8,SPECIALIST OFFICE VISIT,OUT-OF-NETWORK,PERCENT PLAN PAYS,50,60,70,80,70,3,50,low,high,RISK,2
3,4,2,3,Hourly,176,Yes,Rents,45,70,81,13,8,SPECIALIST OFFICE VISIT,OUT-OF-NETWORK,PERCENT PLAN PAYS,70,80,50,60,70,3,50,low,high,RISK,2
4,3,4,2,Hourly,3681,Yes,Owns,38,55,76,13,8,SPECIALIST OFFICE VISIT,OUT-OF-NETWORK,PERCENT PLAN PAYS,60,80,50,70,70,3,50,low,high,RISK,2
3,4,4,4,Hourly,1019,Yes,Owns,59,75,77,13,8,SPECIALIST OFFICE VISIT,OUT-OF-NETWORK,PERCENT PLAN PAYS,50,60,80,70,70,3,50,low,high,RISK,2
3,4,4,3,Bonus,4493,Yes,Owns,64,60,78,13,8,SPECIALIST OFFICE VISIT,OUT-OF-NETWORK,PERCENT PLAN PAYS,50,80,60,70,70,3,50,low,high,RISK,2
3,4,4,2,Salaried,1012,Yes,Owns,58,56,100,13,8,SPECIALIST OFFICE VISIT,OUT-OF-NETWORK,PERCENT PLAN PAYS,70,50,60,80,70,3,50,low,high,RISK,2
2,2,4,3,Bonus,1248,Yes,Rents,39,74,85,13,8,SPECIALIST OFFICE VISIT,OUT-OF-NETWORK,PERCENT PLAN PAYS,60,70,80,50,70,3,50,low,high,RISK,2
2,3,3,3,Salaried,1214,No,Owns,37,67,81,13,8,SPECIALIST OFFICE VISIT,OUT-OF-NETWORK,PERCENT PLAN PAYS,50,80,60,70,70,3,50,low,high,RISK,2
4,3,3,2,Salaried,2852,Yes,Rents,38,64,80,13,8,SPECIALIST OFFICE VISIT,OUT-OF-NETWORK,PERCENT PLAN PAYS,50,60,70,80,70,3,50,low,high,RISK,2
3,3,2,2,Bonus,1440,Yes,Owns,46,75,83,13,8,SPECIALIST OFFICE VISIT,OUT-OF-NETWORK,PERCENT PLAN PAYS,50,60,80,70,70,3,50,low,high,RISK,2
4,2,4,3,Bonus,2951,No,Owns,48,51,79,13,8,SPECIALIST OFFICE VISIT,OUT-OF-NETWORK,PERCENT PLAN PAYS,60,50,80,70,70,3,50,low,high,RISK,2
1,0,0,1,Salaried,4377,No,Rents,4,9,1,13,9,SPECIALIST OFFICE VISIT,OUT-OF-NETWORK,PERCENT PLAN PAYS,60,80,70,50,60,2,5,high,low,RISK,3
0,0,1,0,Salaried,1919,No,Owns,4,4,5,13,9,SPECIALIST OFFICE VISIT,OUT-OF-NETWORK,PERCENT PLAN PAYS,60,80,70,50,60,2,5,high,low,RISK,3
0,0,0,0,Salaried,4671,Yes,Rents,7,1,2,13,9,SPECIALIST OFFICE VISIT,OUT-OF-NETWORK,PERCENT PLAN PAYS,70,50,80,60,60,2,5,high,low,RISK,3
1,1,0,0,Bonus,1139,No,Owns,6,6,5,13,9,SPECIALIST OFFICE VISIT,OUT-OF-NETWORK,PERCENT PLAN PAYS,50,60,70,80,60,2,5,high,low,RISK,3
0,1,1,0,Bonus,3085,No,Rents,3,1,13,13,9,SPECIALIST OFFICE VISIT,OUT-OF-NETWORK,PERCENT PLAN PAYS,60,70,80,50,60,2,5,high,low,RISK,3
0,1,1,0,Salaried,912,Yes,Rents,9,3,4,13,9,SPECIALIST OFFICE VISIT,OUT-OF-NETWORK,PERCENT PLAN PAYS,60,50,70,80,60,2,5,high,low,RISK,3
1,0,1,0,Hourly,3561,Yes,Owns,5,2,0,13,9,SPECIALIST OFFICE VISIT,OUT-OF-NETWORK,PERCENT PLAN PAYS,70,60,80,50,60,2,5,high,low,RISK,3
1,1,0,0,Hourly,4350,No,Rents,2,5,12,13,9,SPECIALIST OFFICE VISIT,OUT-OF-NETWORK,PERCENT PLAN PAYS,80,70,60,50,60,2,5,high,low,RISK,3
1,1,0,1,Salaried,3664,No,Owns,1,6,13,13,9,SPECIALIST OFFICE VISIT,OUT-OF-NETWORK,PERCENT PLAN PAYS,60,50,70,80,60,2,5,high,low,RISK,3
0,0,0,0,Bonus,1972,Yes,Owns,9,4,5,13,9,SPECIALIST OFFICE VISIT,OUT-OF-NETWORK,PERCENT PLAN PAYS,60,80,70,50,60,2,5,high,low,RISK,3
0,0,1,1,Salaried,1235,Yes,Rents,7,4,8,13,9,SPECIALIST OFFICE VISIT,OUT-OF-NETWORK,PERCENT PLAN PAYS,50,60,80,70,60,2,5,high,low,RISK,3
0,1,0,0,Bonus,2294,Yes,Owns,4,9,4,13,9,SPECIALIST OFFICE VISIT,OUT-OF-NETWORK,PERCENT PLAN PAYS,60,70,50,80,60,2,5,high,low,RISK,3
0,0,1,0,Salaried,4592,Yes,Rents,9,7,9,13,9,SPECIALIST OFFICE VISIT,OUT-OF-NETWORK,PERCENT PLAN PAYS,70,50,60,80,60,2,5,high,low,RISK,3
0,0,0,1,Hourly,2183,Yes,Owns,1,5,23,13,9,SPECIALIST OFFICE VISIT,OUT-OF-NETWORK,PERCENT PLAN PAYS,60,70,50,80,60,2,5,high,low,RISK,3
0,0,1,0,Salaried,1622,Yes,Rents,2,1,9,13,9,SPECIALIST OFFICE VISIT,OUT-OF-NETWORK,PERCENT PLAN PAYS,70,60,80,50,60,2,5,high,low,RISK,3
1,0,0,1,Salaried,4138,No,Owns,9,2,1,13,9,SPECIALIST OFFICE VISIT,OUT-OF-NETWORK,PERCENT PLAN PAYS,70,60,50,80,60,2,5,high,low,RISK,3
1,0,0,1,Bonus,2742,No,Owns,10,10,2,13,9,SPECIALIST OFFICE VISIT,OUT-OF-NETWORK,PERCENT PLAN PAYS,70,60,80,50,60,2,5,high,low,RISK,3
0,0,0,1,Bonus,4027,Yes,Rents,3,4,3,13,9,SPECIALIST OFFICE VISIT,OUT-OF-NETWORK,PERCENT PLAN PAYS,60,50,80,70,60,2,5,high,low,RISK,3
1,0,0,0,Bonus,3643,No,Rents,8,2,25,13,9,SPECIALIST OFFICE VISIT,OUT-OF-NETWORK,PERCENT PLAN PAYS,80,70,50,60,60,2,5,high,low,RISK,3
1,0,1,0,Salaried,1855,No,Rents,9,10,10,13,9,SPECIALIST OFFICE VISIT,OUT-OF-NETWORK,PERCENT PLAN PAYS,50,60,80,70,60,2,5,high,low,RISK,3
0,1,0,0,Bonus,4199,No,Owns,7,7,6,13,9,SPECIALIST OFFICE VISIT,OUT-OF-NETWORK,PERCENT PLAN PAYS,60,70,80,50,60,2,5,high,low,RISK,3
0,1,0,0,Salaried,358,No,Rents,5,5,5,13,9,SPECIALIST OFFICE VISIT,OUT-OF-NETWORK,PERCENT PLAN PAYS,50,70,60,80,60,2,5,high,low,RISK,3
0,0,1,0,Salaried,2175,No,Owns,8,10,8,13,9,SPECIALIST OFFICE VISIT,OUT-OF-NETWORK,PERCENT PLAN PAYS,60,50,80,70,60,2,5,high,low,RISK,3
0,1,0,0,Bonus,2804,No,Owns,4,0,4,13,9,SPECIALIST OFFICE VISIT,OUT-OF-NETWORK,PERCENT PLAN PAYS,60,50,70,80,60,2,5,high,low,RISK,3
1,1,1,0,Bonus,2793,Yes,Owns,9,9,1,13,9,SPECIALIST OFFICE VISIT,OUT-OF-NETWORK,PERCENT PLAN PAYS,80,50,70,60,60,2,5,high,low,RISK,3
1,0,1,0,Salaried,1366,No,Owns,7,4,5,13,9,SPECIALIST OFFICE VISIT,OUT-OF-NETWORK,PERCENT PLAN PAYS,50,80,60,70,60,2,5,high,low,RISK,3
0,1,1,1,Salaried,3990,No,Rents,6,1,2,13,9,SPECIALIST OFFICE VISIT,OUT-OF-NETWORK,PERCENT PLAN PAYS,80,60,50,70,60,2,5,high,low,RISK,3
0,0,0,0,Salaried,1625,No,Owns,8,6,5,13,9,SPECIALIST OFFICE VISIT,OUT-OF-NETWORK,PERCENT PLAN PAYS,50,80,60,70,60,2,5,high,low,RISK,3
1,1,0,0,Hourly,1178,No,Owns,0,1,13,13,9,SPECIALIST OFFICE VISIT,OUT-OF-NETWORK,PERCENT PLAN PAYS,60,80,70,50,60,2,5,high,low,RISK,3
0,0,0,0,Hourly,2665,No,Rents,2,3,4,13,9,SPECIALIST OFFICE VISIT,OUT-OF-NETWORK,PERCENT PLAN PAYS,60,70,80,50,60,2,5,high,low,RISK,3
1,1,1,0,Hourly,4144,No,Owns,3,2,0,13,9,SPECIALIST OFFICE VISIT,OUT-OF-NETWORK,PERCENT PLAN PAYS,70,80,50,60,60,2,5,high,low,RISK,3
0,0,1,0,Hourly,2547,Yes,Owns,7,5,12,13,9,SPECIALIST OFFICE VISIT,OUT-OF-NETWORK,PERCENT PLAN PAYS,70,50,80,60,60,2,5,high,low,RISK,3
1,0,1,0,Hourly,152,Yes,Owns,8,6,13,13,9,SPECIALIST OFFICE VISIT,OUT-OF-NETWORK,PERCENT PLAN PAYS,50,70,60,80,60,2,5,high,low,RISK,3
0,0,0,0,Bonus,2909,Yes,Rents,3,4,5,13,9,SPECIALIST OFFICE VISIT,OUT-OF-NETWORK,PERCENT PLAN PAYS,80,60,50,70,60,2,5,high,low,RISK,3
1,1,0,0,Bonus,2404,Yes,Owns,5,4,8,13,9,SPECIALIST OFFICE VISIT,OUT-OF-NETWORK,PERCENT PLAN PAYS,60,50,80,70,60,2,5,high,low,RISK,3
1,0,1,1,Bonus,144,Yes,Owns,4,9,4,13,9,SPECIALIST OFFICE VISIT,OUT-OF-NETWORK,PERCENT PLAN PAYS,60,70,50,80,60,2,5,high,low,RISK,3
1,0,1,0,Hourly,2250,No,Owns,4,7,9,13,9,SPECIALIST OFFICE VISIT,OUT-OF-NETWORK,PERCENT PLAN PAYS,70,60,50,80,60,2,5,high,low,RISK,3
1,0,0,0,Hourly,4826,No,Owns,4,5,23,13,9,SPECIALIST OFFICE VISIT,OUT-OF-NETWORK,PERCENT PLAN PAYS,80,70,60,50,60,2,5,high,low,RISK,3
1,1,0,0,Salaried,792,No,Owns,5,1,9,13,9,SPECIALIST OFFICE VISIT,OUT-OF-NETWORK,PERCENT PLAN PAYS,70,60,80,50,60,2,5,high,low,RISK,3
0,1,0,0,Hourly,3429,No,Rents,8,8,6,13,9,SPECIALIST OFFICE VISIT,OUT-OF-NETWORK,PERCENT PLAN PAYS,60,50,70,80,60,2,5,high,low,RISK,3
0,1,0,0,Hourly,1596,Yes,Owns,5,2,1,13,9,SPECIALIST OFFICE VISIT,OUT-OF-NETWORK,PERCENT PLAN PAYS,80,60,50,70,60,2,5,high,low,RISK,3
1,1,1,0,Salaried,83,Yes,Owns,2,10,2,13,9,SPECIALIST OFFICE VISIT,OUT-OF-NETWORK,PERCENT PLAN PAYS,60,80,50,70,60,2,5,high,low,RISK,3
1,1,0,1,Salaried,3601,No,Owns,1,4,3,13,9,SPECIALIST OFFICE VISIT,OUT-OF-NETWORK,PERCENT PLAN PAYS,80,70,50,60,60,2,5,high,low,RISK,3
0,0,0,1,Bonus,861,No,Owns,8,2,25,13,9,SPECIALIST OFFICE VISIT,OUT-OF-NETWORK,PERCENT PLAN PAYS,60,80,70,50,60,2,5,high,low,RISK,3
0,1,1,1,Salaried,2240,Yes,Rents,8,10,10,13,9,SPECIALIST OFFICE VISIT,OUT-OF-NETWORK,PERCENT PLAN PAYS,50,80,70,60,60,2,5,high,low,RISK,3
0,0,0,0,Hourly,2384,No,Rents,1,7,6,13,9,SPECIALIST OFFICE VISIT,OUT-OF-NETWORK,PERCENT PLAN PAYS,50,70,80,60,60,2,5,high,low,RISK,3
0,0,1,0,Salaried,4539,No,Owns,3,10,8,13,9,SPECIALIST OFFICE VISIT,OUT-OF-NETWORK,PERCENT PLAN PAYS,60,50,70,80,60,2,5,high,low,RISK,3
0,0,0,0,Bonus,489,No,Rents,3,0,4,13,9,SPECIALIST OFFICE VISIT,OUT-OF-NETWORK,PERCENT PLAN PAYS,80,50,60,70,60,2,5,high,low,RISK,3
0,1,0,1,Bonus,4623,Yes,Owns,2,9,1,13,9,SPECIALIST OFFICE VISIT,OUT-OF-NETWORK,PERCENT PLAN PAYS,70,80,60,50,60,2,5,high,low,RISK,3
0,0,0,0,Salaried,153,Yes,Owns,0,4,5,13,9,SPECIALIST OFFICE VISIT,OUT-OF-NETWORK,PERCENT PLAN PAYS,60,70,50,80,60,2,5,high,low,RISK,3
0,1,1,0,Salaried,3954,No,Owns,1,1,2,13,9,SPECIALIST OFFICE VISIT,OUT-OF-NETWORK,PERCENT PLAN PAYS,60,70,80,50,60,2,5,high,low,RISK,3
0,0,0,0,Salaried,4742,No,Rents,0,6,5,13,9,SPECIALIST OFFICE VISIT,OUT-OF-NETWORK,PERCENT PLAN PAYS,60,70,80,50,60,2,5,high,low,RISK,3
0,0,0,0,Hourly,3289,No,Rents,8,1,13,13,9,SPECIALIST OFFICE VISIT,OUT-OF-NETWORK,PERCENT PLAN PAYS,50,70,60,80,60,2,5,high,low,RISK,3
0,0,0,0,Bonus,3409,Yes,Rents,6,3,4,13,9,SPECIALIST OFFICE VISIT,OUT-OF-NETWORK,PERCENT PLAN PAYS,70,60,80,50,60,2,5,high,low,RISK,3
0,0,1,0,Bonus,3179,No,Rents,2,2,0,13,9,SPECIALIST OFFICE VISIT,OUT-OF-NETWORK,PERCENT PLAN PAYS,60,70,80,50,60,2,5,high,low,RISK,3
0,0,0,0,Bonus,4271,No,Rents,3,5,12,13,9,SPECIALIST OFFICE VISIT,OUT-OF-NETWORK,PERCENT PLAN PAYS,50,70,80,60,60,2,5,high,low,RISK,3
0,0,0,0,Hourly,4605,Yes,Rents,4,6,13,13,9,SPECIALIST OFFICE VISIT,OUT-OF-NETWORK,PERCENT PLAN PAYS,50,60,80,70,60,2,5,high,low,RISK,3
0,1,1,1,Salaried,3042,Yes,Rents,1,4,5,13,9,SPECIALIST OFFICE VISIT,OUT-OF-NETWORK,PERCENT PLAN PAYS,50,70,80,60,60,2,5,high,low,RISK,3
0,1,1,0,Hourly,170,No,Rents,9,4,8,13,9,SPECIALIST OFFICE VISIT,OUT-OF-NETWORK,PERCENT PLAN PAYS,60,70,50,80,60,2,5,high,low,RISK,3
0,0,0,1,Salaried,2062,No,Rents,2,9,4,13,9,SPECIALIST OFFICE VISIT,OUT-OF-NETWORK,PERCENT PLAN PAYS,80,70,50,60,60,2,5,high,low,RISK,3
1,0,1,1,Bonus,1962,No,Rents,0,7,9,13,9,SPECIALIST OFFICE VISIT,OUT-OF-NETWORK,PERCENT PLAN PAYS,60,50,70,80,60,2,5,high,low,RISK,3
0,0,0,0,Bonus,1006,No,Owns,5,5,23,13,9,SPECIALIST OFFICE VISIT,OUT-OF-NETWORK,PERCENT PLAN PAYS,70,50,60,80,60,2,5,high,low,RISK,3
0,1,0,1,Salaried,4555,No,Rents,2,1,9,13,9,SPECIALIST OFFICE VISIT,OUT-OF-NETWORK,PERCENT PLAN PAYS,70,50,60,80,60,2,5,high,low,RISK,3
1,0,1,0,Bonus,458,No,Rents,4,8,6,13,9,SPECIALIST OFFICE VISIT,OUT-OF-NETWORK,PERCENT PLAN PAYS,70,50,80,60,60,2,5,high,low,RISK,3
1,0,1,0,Hourly,1593,No,Owns,0,2,1,13,9,SPECIALIST OFFICE VISIT,OUT-OF-NETWORK,PERCENT PLAN PAYS,60,50,70,80,60,2,5,high,low,RISK,3
0,1,0,0,Hourly,4519,Yes,Owns,4,10,2,13,9,SPECIALIST OFFICE VISIT,OUT-OF-NETWORK,PERCENT PLAN PAYS,70,80,60,50,60,2,5,high,low,RISK,3
0,1,0,0,Bonus,2639,No,Rents,0,4,3,13,9,SPECIALIST OFFICE VISIT,OUT-OF-NETWORK,PERCENT PLAN PAYS,80,60,70,50,60,2,5,high,low,RISK,3
0,0,1,0,Hourly,2563,Yes,Rents,8,2,25,13,9,SPECIALIST OFFICE VISIT,OUT-OF-NETWORK,PERCENT PLAN PAYS,80,60,50,70,60,2,5,high,low,RISK,3
0,0,1,1,Bonus,2810,Yes,Owns,8,10,10,13,9,SPECIALIST OFFICE VISIT,OUT-OF-NETWORK,PERCENT PLAN PAYS,50,80,70,60,60,2,5,high,low,RISK,3
0,0,0,1,Hourly,2954,Yes,Owns,10,7,6,13,9,SPECIALIST OFFICE VISIT,OUT-OF-NETWORK,PERCENT PLAN PAYS,50,70,80,60,60,2,5,high,low,RISK,3
0,0,1,0,Hourly,2299,Yes,Owns,6,5,5,13,9,SPECIALIST OFFICE VISIT,OUT-OF-NETWORK,PERCENT PLAN PAYS,80,60,50,70,60,2,5,high,low,RISK,3
0,0,1,1,Hourly,1155,No,Rents,1,10,8,13,9,SPECIALIST OFFICE VISIT,OUT-OF-NETWORK,PERCENT PLAN PAYS,60,70,80,50,60,2,5,high,low,RISK,3
1,0,1,0,Bonus,1856,Yes,Rents,7,0,4,13,9,SPECIALIST OFFICE VISIT,OUT-OF-NETWORK,PERCENT PLAN PAYS,70,60,50,80,60,2,5,high,low,RISK,3
1,1,0,0,Salaried,3352,Yes,Rents,1,9,1,13,9,SPECIALIST OFFICE VISIT,OUT-OF-NETWORK,PERCENT PLAN PAYS,60,50,80,70,60,2,5,high,low,RISK,3
1,0,0,0,Hourly,3735,Yes,Owns,8,4,5,13,9,SPECIALIST OFFICE VISIT,OUT-OF-NETWORK,PERCENT PLAN PAYS,50,60,80,70,60,2,5,high,low,RISK,3
1,0,0,1,Salaried,1125,Yes,Rents,1,1,2,13,9,SPECIALIST OFFICE VISIT,OUT-OF-NETWORK,PERCENT PLAN PAYS,80,60,50,70,60,2,5,high,low,RISK,3
1,0,1,0,Bonus,4695,No,Owns,0,6,5,13,9,SPECIALIST OFFICE VISIT,OUT-OF-NETWORK,PERCENT PLAN PAYS,70,60,80,50,60,2,5,high,low,RISK,3
0,0,0,1,Salaried,1210,No,Rents,9,1,13,13,9,SPECIALIST OFFICE VISIT,OUT-OF-NETWORK,PERCENT PLAN PAYS,80,50,70,60,60,2,5,high,low,RISK,3
1,1,1,0,Bonus,3149,No,Owns,1,3,4,13,9,SPECIALIST OFFICE VISIT,OUT-OF-NETWORK,PERCENT PLAN PAYS,80,70,50,60,60,2,5,high,low,RISK,3
1,0,0,0,Bonus,3757,No,Rents,1,2,0,13,9,SPECIALIST OFFICE VISIT,OUT-OF-NETWORK,PERCENT PLAN PAYS,50,70,80,60,60,2,5,high,low,RISK,3
1,0,1,1,Salaried,4038,Yes,Rents,5,5,12,13,9,SPECIALIST OFFICE VISIT,OUT-OF-NETWORK,PERCENT PLAN PAYS,50,80,70,60,60,2,5,high,low,RISK,3
0,0,0,1,Bonus,381,No,Owns,2,6,13,13,9,SPECIALIST OFFICE VISIT,OUT-OF-NETWORK,PERCENT PLAN PAYS,50,70,60,80,60,2,5,high,low,RISK,3
0,0,0,0,Hourly,2879,Yes,Rents,9,4,5,13,9,SPECIALIST OFFICE VISIT,OUT-OF-NETWORK,PERCENT PLAN PAYS,70,60,80,50,60,2,5,high,low,RISK,3
0,1,0,0,Hourly,2246,No,Owns,9,4,8,13,9,SPECIALIST OFFICE VISIT,OUT-OF-NETWORK,PERCENT PLAN PAYS,60,50,70,80,60,2,5,high,low,RISK,3
0,1,0,0,Hourly,3337,No,Rents,1,9,4,13,9,SPECIALIST OFFICE VISIT,OUT-OF-NETWORK,PERCENT PLAN PAYS,80,60,50,70,60,2,5,high,low,RISK,3
1,0,0,0,Hourly,874,No,Owns,9,7,9,13,9,SPECIALIST OFFICE VISIT,OUT-OF-NETWORK,PERCENT PLAN PAYS,80,70,50,60,60,2,5,high,low,RISK,3
0,1,0,0,Hourly,4470,Yes,Owns,0,5,23,13,9,SPECIALIST OFFICE VISIT,OUT-OF-NETWORK,PERCENT PLAN PAYS,60,50,80,70,60,2,5,high,low,RISK,3
1,0,1,0,Hourly,3252,Yes,Owns,4,1,9,13,9,SPECIALIST OFFICE VISIT,OUT-OF-NETWORK,PERCENT PLAN PAYS,60,50,80,70,60,2,5,high,low,RISK,3
0,1,0,0,Hourly,176,Yes,Rents,3,8,6,13,9,SPECIALIST OFFICE VISIT,OUT-OF-NETWORK,PERCENT PLAN PAYS,60,80,50,70,60,2,5,high,low,RISK,3
0,0,1,0,Hourly,3681,Yes,Owns,1,2,1,13,9,SPECIALIST OFFICE VISIT,OUT-OF-NETWORK,PERCENT PLAN PAYS,80,50,60,70,60,2,5,high,low,RISK,3
0,1,1,1,Hourly,1019,Yes,Owns,8,10,2,13,9,SPECIALIST OFFICE VISIT,OUT-OF-NETWORK,PERCENT PLAN PAYS,80,70,60,50,60,2,5,high,low,RISK,3
0,1,1,0,Bonus,4493,Yes,Owns,10,4,3,13,9,SPECIALIST OFFICE VISIT,OUT-OF-NETWORK,PERCENT PLAN PAYS,80,50,60,70,60,2,5,high,low,RISK,3
0,1,1,0,Salaried,1012,Yes,Owns,8,2,25,13,9,SPECIALIST OFFICE VISIT,OUT-OF-NETWORK,PERCENT PLAN PAYS,60,70,50,80,60,2,5,high,low,RISK,3
0,0,0,0,Bonus,1248,Yes,Rents,1,10,10,13,9,SPECIALIST OFFICE VISIT,OUT-OF-NETWORK,PERCENT PLAN PAYS,80,50,70,60,60,2,5,high,low,RISK,3
0,0,0,0,Salaried,1214,No,Owns,1,7,6,13,9,SPECIALIST OFFICE VISIT,OUT-OF-NETWORK,PERCENT PLAN PAYS,70,60,80,50,60,2,5,high,low,RISK,3
1,0,0,0,Salaried,2852,Yes,Rents,1,5,5,13,9,SPECIALIST OFFICE VISIT,OUT-OF-NETWORK,PERCENT PLAN PAYS,80,60,50,70,60,2,5,high,low,RISK,3
0,0,0,0,Bonus,1440,Yes,Owns,4,10,8,13,9,SPECIALIST OFFICE VISIT,OUT-OF-NETWORK,PERCENT PLAN PAYS,70,60,50,80,60,2,5,high,low,RISK,3
1,0,1,0,Bonus,2951,No,Owns,4,0,4,13,9,SPECIALIST OFFICE VISIT,OUT-OF-NETWORK,PERCENT PLAN PAYS,50,80,70,60,60,2,5,high,low,RISK,3
2,1,0,2,Salaried,4377,No,Rents,10,19,27,13,10,SPECIALIST OFFICE VISIT,OUT-OF-NETWORK,PERCENT PLAN PAYS,70,50,60,80,60,2,10,high,low,RISK,3
0,1,1,0,Salaried,1919,No,Owns,10,15,31,13,10,SPECIALIST OFFICE VISIT,OUT-OF-NETWORK,PERCENT PLAN PAYS,70,60,80,50,60,2,10,high,low,RISK,3
1,1,0,0,Salaried,4671,Yes,Rents,15,12,28,13,10,SPECIALIST OFFICE VISIT,OUT-OF-NETWORK,PERCENT PLAN PAYS,60,70,50,80,60,2,10,high,low,RISK,3
2,1,0,0,Bonus,1139,No,Owns,13,16,31,13,10,SPECIALIST OFFICE VISIT,OUT-OF-NETWORK,PERCENT PLAN PAYS,60,70,80,50,60,2,10,high,low,RISK,3
1,1,2,1,Bonus,3085,No,Rents,9,12,39,13,10,SPECIALIST OFFICE VISIT,OUT-OF-NETWORK,PERCENT PLAN PAYS,80,50,70,60,60,2,10,high,low,RISK,3
0,1,2,0,Salaried,912,Yes,Rents,16,14,30,13,10,SPECIALIST OFFICE VISIT,OUT-OF-NETWORK,PERCENT PLAN PAYS,70,50,80,60,60,2,10,high,low,RISK,3
1,0,2,1,Hourly,3561,Yes,Owns,12,13,26,13,10,SPECIALIST OFFICE VISIT,OUT-OF-NETWORK,PERCENT PLAN PAYS,60,70,50,80,60,2,10,high,low,RISK,3
1,2,0,0,Hourly,4350,No,Rents,7,16,37,13,10,SPECIALIST OFFICE VISIT,OUT-OF-NETWORK,PERCENT PLAN PAYS,80,70,60,50,60,2,10,high,low,RISK,3
2,2,1,2,Salaried,3664,No,Owns,7,16,39,13,10,SPECIALIST OFFICE VISIT,OUT-OF-NETWORK,PERCENT PLAN PAYS,60,80,70,50,60,2,10,high,low,RISK,3
0,0,0,1,Bonus,1972,Yes,Owns,17,14,30,13,10,SPECIALIST OFFICE VISIT,OUT-OF-NETWORK,PERCENT PLAN PAYS,70,80,50,60,60,2,10,high,low,RISK,3
1,0,2,2,Salaried,1235,Yes,Rents,14,14,34,13,10,SPECIALIST OFFICE VISIT,OUT-OF-NETWORK,PERCENT PLAN PAYS,80,60,70,50,60,2,10,high,low,RISK,3
0,1,2,0,Salaried,4592,Yes,Rents,16,17,35,13,10,SPECIALIST OFFICE VISIT,OUT-OF-NETWORK,PERCENT PLAN PAYS,70,50,80,60,60,2,10,high,low,RISK,3
0,0,1,1,Hourly,2183,Yes,Owns,6,15,48,13,10,SPECIALIST OFFICE VISIT,OUT-OF-NETWORK,PERCENT PLAN PAYS,50,80,60,70,60,2,10,high,low,RISK,3
1,1,2,1,Salaried,1622,Yes,Rents,8,12,35,13,10,SPECIALIST OFFICE VISIT,OUT-OF-NETWORK,PERCENT PLAN PAYS,80,50,60,70,60,2,10,high,low,RISK,3
1,2,1,2,Salaried,4259,Yes,Rents,6,18,32,13,10,SPECIALIST OFFICE VISIT,OUT-OF-NETWORK,PERCENT PLAN PAYS,60,50,70,80,60,2,10,high,low,RISK,3
2,1,1,2,Salaried,4138,No,Owns,17,13,27,13,10,SPECIALIST OFFICE VISIT,OUT-OF-NETWORK,PERCENT PLAN PAYS,50,70,80,60,60,2,10,high,low,RISK,3
2,0,1,2,Bonus,2742,No,Owns,17,20,28,13,10,SPECIALIST OFFICE VISIT,OUT-OF-NETWORK,PERCENT PLAN PAYS,70,60,80,50,60,2,10,high,low,RISK,3
1,1,0,2,Bonus,4027,Yes,Rents,8,14,29,13,10,SPECIALIST OFFICE VISIT,OUT-OF-NETWORK,PERCENT PLAN PAYS,70,80,60,50,60,2,10,high,low,RISK,3
1,1,0,0,Bonus,3643,No,Rents,16,13,50,13,10,SPECIALIST OFFICE VISIT,OUT-OF-NETWORK,PERCENT PLAN PAYS,50,80,60,70,60,2,10,high,low,RISK,3
1,0,2,0,Salaried,1855,No,Rents,17,20,35,13,10,SPECIALIST OFFICE VISIT,OUT-OF-NETWORK,PERCENT PLAN PAYS,70,50,80,60,60,2,10,high,low,RISK,3
1,2,0,1,Bonus,4199,No,Owns,14,17,32,13,10,SPECIALIST OFFICE VISIT,OUT-OF-NETWORK,PERCENT PLAN PAYS,80,70,60,50,60,2,10,high,low,RISK,3
0,2,1,0,Salaried,358,No,Rents,12,16,31,13,10,SPECIALIST OFFICE VISIT,OUT-OF-NETWORK,PERCENT PLAN PAYS,60,80,70,50,60,2,10,high,low,RISK,3
1,1,1,1,Salaried,2175,No,Owns,16,20,34,13,10,SPECIALIST OFFICE VISIT,OUT-OF-NETWORK,PERCENT PLAN PAYS,60,70,80,50,60,2,10,high,low,RISK,3
1,1,0,0,Bonus,2804,No,Owns,11,11,30,13,10,SPECIALIST OFFICE VISIT,OUT-OF-NETWORK,PERCENT PLAN PAYS,80,60,70,50,60,2,10,high,low,RISK,3
2,1,2,1,Bonus,2793,Yes,Owns,17,19,27,13,10,SPECIALIST OFFICE VISIT,OUT-OF-NETWORK,PERCENT PLAN PAYS,50,80,70,60,60,2,10,high,low,RISK,3
2,0,2,0,Salaried,1366,No,Owns,14,15,31,13,10,SPECIALIST OFFICE VISIT,OUT-OF-NETWORK,PERCENT PLAN PAYS,70,60,50,80,60,2,10,high,low,RISK,3
0,1,1,2,Salaried,3990,No,Rents,13,12,28,13,10,SPECIALIST OFFICE VISIT,OUT-OF-NETWORK,PERCENT PLAN PAYS,70,60,50,80,60,2,10,high,low,RISK,3
0,1,1,0,Salaried,1625,No,Owns,16,16,31,13,10,SPECIALIST OFFICE VISIT,OUT-OF-NETWORK,PERCENT PLAN PAYS,60,50,80,70,60,2,10,high,low,RISK,3
1,2,0,0,Hourly,1178,No,Owns,5,12,39,13,10,SPECIALIST OFFICE VISIT,OUT-OF-NETWORK,PERCENT PLAN PAYS,80,70,50,60,60,2,10,high,low,RISK,3
1,1,0,0,Hourly,2665,No,Rents,8,14,30,13,10,SPECIALIST OFFICE VISIT,OUT-OF-NETWORK,PERCENT PLAN PAYS,80,70,60,50,60,2,10,high,low,RISK,3
1,1,2,0,Hourly,4144,No,Owns,9,13,26,13,10,SPECIALIST OFFICE VISIT,OUT-OF-NETWORK,PERCENT PLAN PAYS,70,60,50,80,60,2,10,high,low,RISK,3
1,1,2,0,Hourly,2547,Yes,Owns,14,16,37,13,10,SPECIALIST OFFICE VISIT,OUT-OF-NETWORK,PERCENT PLAN PAYS,50,60,80,70,60,2,10,high,low,RISK,3
1,1,1,0,Hourly,152,Yes,Owns,15,16,39,13,10,SPECIALIST OFFICE VISIT,OUT-OF-NETWORK,PERCENT PLAN PAYS,80,60,70,50,60,2,10,high,low,RISK,3
0,0,0,0,Bonus,2909,Yes,Rents,9,14,30,13,10,SPECIALIST OFFICE VISIT,OUT-OF-NETWORK,PERCENT PLAN PAYS,60,70,80,50,60,2,10,high,low,RISK,3
2,2,1,1,Bonus,2404,Yes,Owns,11,14,34,13,10,SPECIALIST OFFICE VISIT,OUT-OF-NETWORK,PERCENT PLAN PAYS,60,50,80,70,60,2,10,high,low,RISK,3
2,0,1,2,Bonus,144,Yes,Owns,10,19,30,13,10,SPECIALIST OFFICE VISIT,OUT-OF-NETWORK,PERCENT PLAN PAYS,70,80,60,50,60,2,10,high,low,RISK,3
2,0,1,0,Hourly,2250,No,Owns,11,17,35,13,10,SPECIALIST OFFICE VISIT,OUT-OF-NETWORK,PERCENT PLAN PAYS,50,60,70,80,60,2,10,high,low,RISK,3
2,0,0,0,Hourly,4826,No,Owns,10,15,48,13,10,SPECIALIST OFFICE VISIT,OUT-OF-NETWORK,PERCENT PLAN PAYS,80,60,70,50,60,2,10,high,low,RISK,3
1,1,0,0,Salaried,792,No,Owns,12,12,35,13,10,SPECIALIST OFFICE VISIT,OUT-OF-NETWORK,PERCENT PLAN PAYS,80,70,50,60,60,2,10,high,low,RISK,3
0,2,0,1,Hourly,3429,No,Rents,15,18,32,13,10,SPECIALIST OFFICE VISIT,OUT-OF-NETWORK,PERCENT PLAN PAYS,80,70,50,60,60,2,10,high,low,RISK,3
0,2,0,1,Hourly,1596,Yes,Owns,11,13,27,13,10,SPECIALIST OFFICE VISIT,OUT-OF-NETWORK,PERCENT PLAN PAYS,50,70,60,80,60,2,10,high,low,RISK,3
1,1,2,0,Salaried,83,Yes,Owns,7,20,28,13,10,SPECIALIST OFFICE VISIT,OUT-OF-NETWORK,PERCENT PLAN PAYS,50,80,70,60,60,2,10,high,low,RISK,3
1,2,0,2,Salaried,3601,No,Owns,6,14,29,13,10,SPECIALIST OFFICE VISIT,OUT-OF-NETWORK,PERCENT PLAN PAYS,80,70,50,60,60,2,10,high,low,RISK,3
1,1,0,1,Bonus,861,No,Owns,15,13,50,13,10,SPECIALIST OFFICE VISIT,OUT-OF-NETWORK,PERCENT PLAN PAYS,60,50,70,80,60,2,10,high,low,RISK,3
0,2,2,2,Salaried,2240,Yes,Rents,15,20,35,13,10,SPECIALIST OFFICE VISIT,OUT-OF-NETWORK,PERCENT PLAN PAYS,80,70,50,60,60,2,10,high,low,RISK,3
1,0,0,0,Hourly,2384,No,Rents,6,17,32,13,10,SPECIALIST OFFICE VISIT,OUT-OF-NETWORK,PERCENT PLAN PAYS,80,50,70,60,60,2,10,high,low,RISK,3
0,0,0,0,Bonus,2363,Yes,Rents,12,16,31,13,10,SPECIALIST OFFICE VISIT,OUT-OF-NETWORK,PERCENT PLAN PAYS,50,80,60,70,60,2,10,high,low,RISK,3
1,1,2,0,Salaried,4539,No,Owns,10,20,34,13,10,SPECIALIST OFFICE VISIT,OUT-OF-NETWORK,PERCENT PLAN PAYS,80,70,50,60,60,2,10,high,low,RISK,3
1,1,0,0,Bonus,489,No,Rents,9,11,30,13,10,SPECIALIST OFFICE VISIT,OUT-OF-NETWORK,PERCENT PLAN PAYS,70,50,60,80,60,2,10,high,low,RISK,3
1,2,0,2,Bonus,4623,Yes,Owns,7,19,27,13,10,SPECIALIST OFFICE VISIT,OUT-OF-NETWORK,PERCENT PLAN PAYS,50,60,70,80,60,2,10,high,low,RISK,3
1,0,0,0,Salaried,153,Yes,Owns,5,15,31,13,10,SPECIALIST OFFICE VISIT,OUT-OF-NETWORK,PERCENT PLAN PAYS,50,80,70,60,60,2,10,high,low,RISK,3
0,2,2,1,Salaried,3954,No,Owns,6,12,28,13,10,SPECIALIST OFFICE VISIT,OUT-OF-NETWORK,PERCENT PLAN PAYS,80,60,50,70,60,2,10,high,low,RISK,3
0,1,0,0,Salaried,4742,No,Rents,5,16,31,13,10,SPECIALIST OFFICE VISIT,OUT-OF-NETWORK,PERCENT PLAN PAYS,70,60,80,50,60,2,10,high,low,RISK,3
0,0,0,1,Hourly,3289,No,Rents,15,12,39,13,10,SPECIALIST OFFICE VISIT,OUT-OF-NETWORK,PERCENT PLAN PAYS,70,50,60,80,60,2,10,high,low,RISK,3
0,0,1,1,Bonus,3409,Yes,Rents,13,14,30,13,10,SPECIALIST OFFICE VISIT,OUT-OF-NETWORK,PERCENT PLAN PAYS,50,80,60,70,60,2,10,high,low,RISK,3
0,0,2,1,Bonus,3179,No,Rents,8,13,26,13,10,SPECIALIST OFFICE VISIT,OUT-OF-NETWORK,PERCENT PLAN PAYS,60,70,80,50,60,2,10,high,low,RISK,3
0,0,0,0,Hourly,4605,Yes,Rents,10,16,39,13,10,SPECIALIST OFFICE VISIT,OUT-OF-NETWORK,PERCENT PLAN PAYS,50,60,80,70,60,2,10,high,low,RISK,3
0,2,2,2,Salaried,3042,Yes,Rents,6,14,30,13,10,SPECIALIST OFFICE VISIT,OUT-OF-NETWORK,PERCENT PLAN PAYS,60,70,50,80,60,2,10,high,low,RISK,3
0,2,2,0,Hourly,170,No,Rents,16,14,34,13,10,SPECIALIST OFFICE VISIT,OUT-OF-NETWORK,PERCENT PLAN PAYS,50,60,80,70,60,2,10,high,low,RISK,3
0,1,0,2,Salaried,2062,No,Rents,7,19,30,13,10,SPECIALIST OFFICE VISIT,OUT-OF-NETWORK,PERCENT PLAN PAYS,80,50,70,60,60,2,10,high,low,RISK,3
1,1,2,2,Bonus,1962,No,Rents,5,17,35,13,10,SPECIALIST OFFICE VISIT,OUT-OF-NETWORK,PERCENT PLAN PAYS,80,50,70,60,60,2,10,high,low,RISK,3
0,0,0,0,Bonus,1006,No,Owns,11,15,48,13,10,SPECIALIST OFFICE VISIT,OUT-OF-NETWORK,PERCENT PLAN PAYS,80,60,70,50,60,2,10,high,low,RISK,3
0,2,1,2,Salaried,4555,No,Rents,8,12,35,13,10,SPECIALIST OFFICE VISIT,OUT-OF-NETWORK,PERCENT PLAN PAYS,70,60,50,80,60,2,10,high,low,RISK,3
2,1,1,0,Bonus,458,No,Rents,10,18,32,13,10,SPECIALIST OFFICE VISIT,OUT-OF-NETWORK,PERCENT PLAN PAYS,50,60,70,80,60,2,10,high,low,RISK,3
2,0,2,1,Hourly,1593,No,Owns,5,13,27,13,10,SPECIALIST OFFICE VISIT,OUT-OF-NETWORK,PERCENT PLAN PAYS,70,80,60,50,60,2,10,high,low,RISK,3
0,2,0,1,Hourly,4519,Yes,Owns,11,20,28,13,10,SPECIALIST OFFICE VISIT,OUT-OF-NETWORK,PERCENT PLAN PAYS,50,80,60,70,60,2,10,high,low,RISK,3
0,1,0,0,Bonus,2639,No,Rents,5,14,29,13,10,SPECIALIST OFFICE VISIT,OUT-OF-NETWORK,PERCENT PLAN PAYS,60,50,80,70,60,2,10,high,low,RISK,3
0,0,2,1,Hourly,2563,Yes,Rents,15,13,50,13,10,SPECIALIST OFFICE VISIT,OUT-OF-NETWORK,PERCENT PLAN PAYS,80,60,70,50,60,2,10,high,low,RISK,3
0,1,2,1,Bonus,2810,Yes,Owns,15,20,35,13,10,SPECIALIST OFFICE VISIT,OUT-OF-NETWORK,PERCENT PLAN PAYS,70,50,80,60,60,2,10,high,low,RISK,3
1,1,0,1,Hourly,2954,Yes,Owns,18,17,32,13,10,SPECIALIST OFFICE VISIT,OUT-OF-NETWORK,PERCENT PLAN PAYS,50,80,70,60,60,2,10,high,low,RISK,3
1,0,2,0,Hourly,2299,Yes,Owns,13,16,31,13,10,SPECIALIST OFFICE VISIT,OUT-OF-NETWORK,PERCENT PLAN PAYS,80,70,50,60,60,2,10,high,low,RISK,3
0,0,1,2,Hourly,1155,No,Rents,6,20,34,13,10,SPECIALIST OFFICE VISIT,OUT-OF-NETWORK,PERCENT PLAN PAYS,50,70,60,80,60,2,10,high,low,RISK,3
1,0,2,0,Bonus,1856,Yes,Rents,14,11,30,13,10,SPECIALIST OFFICE VISIT,OUT-OF-NETWORK,PERCENT PLAN PAYS,80,60,50,70,60,2,10,high,low,RISK,3
2,1,1,0,Salaried,3352,Yes,Rents,6,19,27,13,10,SPECIALIST OFFICE VISIT,OUT-OF-NETWORK,PERCENT PLAN PAYS,80,70,50,60,60,2,10,high,low,RISK,3
2,0,0,1,Hourly,3735,Yes,Owns,15,15,31,13,10,SPECIALIST OFFICE VISIT,OUT-OF-NETWORK,PERCENT PLAN PAYS,50,70,80,60,60,2,10,high,low,RISK,3
2,1,0,2,Salaried,1125,Yes,Rents,6,12,28,13,10,SPECIALIST OFFICE VISIT,OUT-OF-NETWORK,PERCENT PLAN PAYS,70,50,80,60,60,2,10,high,low,RISK,3
2,0,1,0,Bonus,4695,No,Owns,5,16,31,13,10,SPECIALIST OFFICE VISIT,OUT-OF-NETWORK,PERCENT PLAN PAYS,60,80,70,50,60,2,10,high,low,RISK,3
1,1,1,1,Salaried,1210,No,Rents,17,12,39,13,10,SPECIALIST OFFICE VISIT,OUT-OF-NETWORK,PERCENT PLAN PAYS,60,50,70,80,60,2,10,high,low,RISK,3
1,2,1,0,Bonus,3149,No,Owns,6,14,30,13,10,SPECIALIST OFFICE VISIT,OUT-OF-NETWORK,PERCENT PLAN PAYS,60,50,80,70,60,2,10,high,low,RISK,3
1,1,1,1,Bonus,3757,No,Rents,6,13,26,13,10,SPECIALIST OFFICE VISIT,OUT-OF-NETWORK,PERCENT PLAN PAYS,80,70,50,60,60,2,10,high,low,RISK,3
1,0,2,1,Salaried,4038,Yes,Rents,12,16,37,13,10,SPECIALIST OFFICE VISIT,OUT-OF-NETWORK,PERCENT PLAN PAYS,60,70,50,80,60,2,10,high,low,RISK,3
0,0,0,2,Bonus,381,No,Owns,8,16,39,13,10,SPECIALIST OFFICE VISIT,OUT-OF-NETWORK,PERCENT PLAN PAYS,60,50,70,80,60,2,10,high,low,RISK,3
0,0,1,1,Hourly,2879,Yes,Rents,16,14,30,13,10,SPECIALIST OFFICE VISIT,OUT-OF-NETWORK,PERCENT PLAN PAYS,60,70,80,50,60,2,10,high,low,RISK,3
1,2,0,0,Hourly,2246,No,Owns,17,14,34,13,10,SPECIALIST OFFICE VISIT,OUT-OF-NETWORK,PERCENT PLAN PAYS,80,60,50,70,60,2,10,high,low,RISK,3
0,2,1,0,Hourly,3337,No,Rents,7,19,30,13,10,SPECIALIST OFFICE VISIT,OUT-OF-NETWORK,PERCENT PLAN PAYS,80,50,70,60,60,2,10,high,low,RISK,3
1,1,1,1,Hourly,874,No,Owns,17,17,35,13,10,SPECIALIST OFFICE VISIT,OUT-OF-NETWORK,PERCENT PLAN PAYS,60,80,50,70,60,2,10,high,low,RISK,3
0,1,0,0,Hourly,4470,Yes,Owns,6,15,48,13,10,SPECIALIST OFFICE VISIT,OUT-OF-NETWORK,PERCENT PLAN PAYS,50,60,80,70,60,2,10,high,low,RISK,3
2,0,1,1,Hourly,3252,Yes,Owns,10,12,35,13,10,SPECIALIST OFFICE VISIT,OUT-OF-NETWORK,PERCENT PLAN PAYS,50,60,70,80,60,2,10,high,low,RISK,3
0,2,0,1,Hourly,176,Yes,Rents,9,18,32,13,10,SPECIALIST OFFICE VISIT,OUT-OF-NETWORK,PERCENT PLAN PAYS,70,80,50,60,60,2,10,high,low,RISK,3
1,0,2,0,Hourly,3681,Yes,Owns,6,13,27,13,10,SPECIALIST OFFICE VISIT,OUT-OF-NETWORK,PERCENT PLAN PAYS,80,50,60,70,60,2,10,high,low,RISK,3
1,2,1,2,Hourly,1019,Yes,Owns,15,20,28,13,10,SPECIALIST OFFICE VISIT,OUT-OF-NETWORK,PERCENT PLAN PAYS,70,60,50,80,60,2,10,high,low,RISK,3
1,2,1,1,Bonus,4493,Yes,Owns,18,14,29,13,10,SPECIALIST OFFICE VISIT,OUT-OF-NETWORK,PERCENT PLAN PAYS,70,50,60,80,60,2,10,high,low,RISK,3
1,2,2,0,Salaried,1012,Yes,Owns,15,13,50,13,10,SPECIALIST OFFICE VISIT,OUT-OF-NETWORK,PERCENT PLAN PAYS,80,60,70,50,60,2,10,high,low,RISK,3
0,0,1,1,Bonus,1248,Yes,Rents,7,20,35,13,10,SPECIALIST OFFICE VISIT,OUT-OF-NETWORK,PERCENT PLAN PAYS,70,60,80,50,60,2,10,high,low,RISK,3
0,0,1,0,Salaried,1214,No,Owns,6,17,32,13,10,SPECIALIST OFFICE VISIT,OUT-OF-NETWORK,PERCENT PLAN PAYS,80,50,70,60,60,2,10,high,low,RISK,3
1,0,1,0,Salaried,2852,Yes,Rents,6,16,31,13,10,SPECIALIST OFFICE VISIT,OUT-OF-NETWORK,PERCENT PLAN PAYS,80,70,60,50,60,2,10,high,low,RISK,3
1,0,0,0,Bonus,1440,Yes,Owns,10,20,34,13,10,SPECIALIST OFFICE VISIT,OUT-OF-NETWORK,PERCENT PLAN PAYS,70,50,60,80,60,2,10,high,low,RISK,3
1,0,1,0,Bonus,2951,No,Owns,11,11,30,13,10,SPECIALIST OFFICE VISIT,OUT-OF-NETWORK,PERCENT PLAN PAYS,60,50,70,80,60,2,10,high,low,RISK,3
3,2,1,3,Salaried,4377,No,Rents,24,48,52,13,11,SPECIALIST OFFICE VISIT,OUT-OF-NETWORK,PERCENT PLAN PAYS,70,60,80,50,70,3,20,high,low,RISK,3
1,1,2,1,Salaried,1919,No,Owns,25,33,56,13,11,SPECIALIST OFFICE VISIT,OUT-OF-NETWORK,PERCENT PLAN PAYS,80,60,70,50,70,3,20,high,low,RISK,3
2,2,1,1,Salaried,4671,Yes,Rents,33,23,53,13,11,SPECIALIST OFFICE VISIT,OUT-OF-NETWORK,PERCENT PLAN PAYS,70,60,80,50,70,3,20,high,low,RISK,3
3,2,1,1,Bonus,1139,No,Owns,29,38,56,13,11,SPECIALIST OFFICE VISIT,OUT-OF-NETWORK,PERCENT PLAN PAYS,50,80,60,70,70,3,20,high,low,RISK,3
1,2,3,2,Bonus,3085,No,Rents,23,24,64,13,11,SPECIALIST OFFICE VISIT,OUT-OF-NETWORK,PERCENT PLAN PAYS,80,50,60,70,70,3,20,high,low,RISK,3
1,2,3,1,Salaried,912,Yes,Rents,37,29,55,13,11,SPECIALIST OFFICE VISIT,OUT-OF-NETWORK,PERCENT PLAN PAYS,70,50,80,60,70,3,20,high,low,RISK,3
2,1,3,2,Hourly,3561,Yes,Owns,28,26,51,13,11,SPECIALIST OFFICE VISIT,OUT-OF-NETWORK,PERCENT PLAN PAYS,50,70,80,60,70,3,20,high,low,RISK,3
2,3,1,1,Hourly,4350,No,Rents,19,36,62,13,11,SPECIALIST OFFICE VISIT,OUT-OF-NETWORK,PERCENT PLAN PAYS,50,80,60,70,70,3,20,high,low,RISK,3
3,3,2,3,Salaried,3664,No,Owns,18,38,64,13,11,SPECIALIST OFFICE VISIT,OUT-OF-NETWORK,PERCENT PLAN PAYS,70,50,80,60,70,3,20,high,low,RISK,3
1,1,1,1,Bonus,1972,Yes,Owns,38,31,55,13,11,SPECIALIST OFFICE VISIT,OUT-OF-NETWORK,PERCENT PLAN PAYS,50,60,80,70,70,3,20,high,low,RISK,3
1,1,3,3,Salaried,1235,Yes,Rents,32,31,59,13,11,SPECIALIST OFFICE VISIT,OUT-OF-NETWORK,PERCENT PLAN PAYS,70,80,60,50,70,3,20,high,low,RISK,3
1,2,3,1,Salaried,4592,Yes,Rents,37,41,60,13,11,SPECIALIST OFFICE VISIT,OUT-OF-NETWORK,PERCENT PLAN PAYS,70,50,60,80,70,3,20,high,low,RISK,3
1,1,1,2,Hourly,2183,Yes,Owns,16,35,73,13,11,SPECIALIST OFFICE VISIT,OUT-OF-NETWORK,PERCENT PLAN PAYS,80,50,70,60,70,3,20,high,low,RISK,3
2,2,3,2,Salaried,1622,Yes,Rents,21,24,60,13,11,SPECIALIST OFFICE VISIT,OUT-OF-NETWORK,PERCENT PLAN PAYS,50,80,70,60,70,3,20,high,low,RISK,3
2,3,1,3,Salaried,4259,Yes,Rents,17,43,57,13,11,SPECIALIST OFFICE VISIT,OUT-OF-NETWORK,PERCENT PLAN PAYS,50,70,60,80,70,3,20,high,low,RISK,3
3,2,2,3,Salaried,4138,No,Owns,37,25,52,13,11,SPECIALIST OFFICE VISIT,OUT-OF-NETWORK,PERCENT PLAN PAYS,50,80,70,60,70,3,20,high,low,RISK,3
3,1,2,3,Bonus,2742,No,Owns,39,50,53,13,11,SPECIALIST OFFICE VISIT,OUT-OF-NETWORK,PERCENT PLAN PAYS,50,70,60,80,70,3,20,high,low,RISK,3
1,1,1,3,Bonus,4027,Yes,Rents,21,31,54,13,11,SPECIALIST OFFICE VISIT,OUT-OF-NETWORK,PERCENT PLAN PAYS,80,50,60,70,70,3,20,high,low,RISK,3
2,2,1,1,Bonus,3643,No,Rents,35,26,75,13,11,SPECIALIST OFFICE VISIT,OUT-OF-NETWORK,PERCENT PLAN PAYS,80,50,70,60,70,3,20,high,low,RISK,3
2,1,3,1,Salaried,1855,No,Rents,39,49,60,13,11,SPECIALIST OFFICE VISIT,OUT-OF-NETWORK,PERCENT PLAN PAYS,60,70,50,80,70,3,20,high,low,RISK,3
1,3,1,1,Bonus,4199,No,Owns,33,40,57,13,11,SPECIALIST OFFICE VISIT,OUT-OF-NETWORK,PERCENT PLAN PAYS,70,80,60,50,70,3,20,high,low,RISK,3
1,3,2,1,Salaried,358,No,Rents,28,36,56,13,11,SPECIALIST OFFICE VISIT,OUT-OF-NETWORK,PERCENT PLAN PAYS,80,70,50,60,70,3,20,high,low,RISK,3
2,2,2,1,Salaried,2175,No,Owns,35,49,59,13,11,SPECIALIST OFFICE VISIT,OUT-OF-NETWORK,PERCENT PLAN PAYS,50,60,80,70,70,3,20,high,low,RISK,3
2,2,1,1,Bonus,2804,No,Owns,26,20,55,13,11,SPECIALIST OFFICE VISIT,OUT-OF-NETWORK,PERCENT PLAN PAYS,80,60,50,70,70,3,20,high,low,RISK,3
3,3,3,2,Bonus,2793,Yes,Owns,39,48,52,13,11,SPECIALIST OFFICE VISIT,OUT-OF-NETWORK,PERCENT PLAN PAYS,80,60,70,50,70,3,20,high,low,RISK,3
3,1,3,1,Salaried,1366,No,Owns,32,33,56,13,11,SPECIALIST OFFICE VISIT,OUT-OF-NETWORK,PERCENT PLAN PAYS,70,80,60,50,70,3,20,high,low,RISK,3
1,2,2,3,Salaried,3990,No,Rents,30,23,53,13,11,SPECIALIST OFFICE VISIT,OUT-OF-NETWORK,PERCENT PLAN PAYS,50,60,80,70,70,3,20,high,low,RISK,3
1,2,2,1,Salaried,1625,No,Owns,36,38,56,13,11,SPECIALIST OFFICE VISIT,OUT-OF-NETWORK,PERCENT PLAN PAYS,50,80,70,60,70,3,20,high,low,RISK,3
2,3,1,1,Hourly,1178,No,Owns,15,24,64,13,11,SPECIALIST OFFICE VISIT,OUT-OF-NETWORK,PERCENT PLAN PAYS,60,50,80,70,70,3,20,high,low,RISK,3
2,1,1,1,Hourly,2665,No,Rents,20,29,55,13,11,SPECIALIST OFFICE VISIT,OUT-OF-NETWORK,PERCENT PLAN PAYS,80,50,70,60,70,3,20,high,low,RISK,3
2,3,3,1,Hourly,4144,No,Owns,23,26,51,13,11,SPECIALIST OFFICE VISIT,OUT-OF-NETWORK,PERCENT PLAN PAYS,50,80,70,60,70,3,20,high,low,RISK,3
2,2,3,1,Hourly,2547,Yes,Owns,32,36,62,13,11,SPECIALIST OFFICE VISIT,OUT-OF-NETWORK,PERCENT PLAN PAYS,70,50,60,80,70,3,20,high,low,RISK,3
2,1,2,1,Hourly,152,Yes,Owns,34,38,64,13,11,SPECIALIST OFFICE VISIT,OUT-OF-NETWORK,PERCENT PLAN PAYS,70,80,60,50,70,3,20,high,low,RISK,3
1,1,1,1,Bonus,2909,Yes,Rents,23,31,55,13,11,SPECIALIST OFFICE VISIT,OUT-OF-NETWORK,PERCENT PLAN PAYS,60,50,80,70,70,3,20,high,low,RISK,3
3,3,2,2,Bonus,2404,Yes,Owns,27,31,59,13,11,SPECIALIST OFFICE VISIT,OUT-OF-NETWORK,PERCENT PLAN PAYS,70,50,80,60,70,3,20,high,low,RISK,3
3,1,2,3,Bonus,144,Yes,Owns,24,47,55,13,11,SPECIALIST OFFICE VISIT,OUT-OF-NETWORK,PERCENT PLAN PAYS,60,70,80,50,70,3,20,high,low,RISK,3
3,1,2,1,Hourly,2250,No,Owns,26,41,60,13,11,SPECIALIST OFFICE VISIT,OUT-OF-NETWORK,PERCENT PLAN PAYS,60,50,70,80,70,3,20,high,low,RISK,3
3,1,1,1,Hourly,4826,No,Owns,25,35,73,13,11,SPECIALIST OFFICE VISIT,OUT-OF-NETWORK,PERCENT PLAN PAYS,50,70,80,60,70,3,20,high,low,RISK,3
2,2,1,1,Salaried,792,No,Owns,28,24,60,13,11,SPECIALIST OFFICE VISIT,OUT-OF-NETWORK,PERCENT PLAN PAYS,70,50,80,60,70,3,20,high,low,RISK,3
1,3,1,2,Hourly,3429,No,Rents,34,43,57,13,11,SPECIALIST OFFICE VISIT,OUT-OF-NETWORK,PERCENT PLAN PAYS,60,80,50,70,70,3,20,high,low,RISK,3
1,3,1,2,Hourly,1596,Yes,Owns,27,25,52,13,11,SPECIALIST OFFICE VISIT,OUT-OF-NETWORK,PERCENT PLAN PAYS,80,70,50,60,70,3,20,high,low,RISK,3
2,3,3,1,Salaried,83,Yes,Owns,19,50,53,13,11,SPECIALIST OFFICE VISIT,OUT-OF-NETWORK,PERCENT PLAN PAYS,50,80,70,60,70,3,20,high,low,RISK,3
2,3,1,3,Salaried,3601,No,Owns,17,31,54,13,11,SPECIALIST OFFICE VISIT,OUT-OF-NETWORK,PERCENT PLAN PAYS,70,50,60,80,70,3,20,high,low,RISK,3
2,2,1,2,Bonus,861,No,Owns,34,26,75,13,11,SPECIALIST OFFICE VISIT,OUT-OF-NETWORK,PERCENT PLAN PAYS,60,70,80,50,70,3,20,high,low,RISK,3
1,3,3,3,Salaried,2240,Yes,Rents,35,49,60,13,11,SPECIALIST OFFICE VISIT,OUT-OF-NETWORK,PERCENT PLAN PAYS,60,80,70,50,70,3,20,high,low,RISK,3
1,1,1,1,Hourly,2384,No,Rents,17,40,57,13,11,SPECIALIST OFFICE VISIT,OUT-OF-NETWORK,PERCENT PLAN PAYS,80,60,50,70,70,3,20,high,low,RISK,3
1,1,1,1,Bonus,2363,Yes,Rents,29,36,56,13,11,SPECIALIST OFFICE VISIT,OUT-OF-NETWORK,PERCENT PLAN PAYS,80,70,50,60,70,3,20,high,low,RISK,3
2,1,3,1,Salaried,4539,No,Owns,24,49,59,13,11,SPECIALIST OFFICE VISIT,OUT-OF-NETWORK,PERCENT PLAN PAYS,60,70,80,50,70,3,20,high,low,RISK,3
2,1,1,1,Bonus,489,No,Rents,23,20,55,13,11,SPECIALIST OFFICE VISIT,OUT-OF-NETWORK,PERCENT PLAN PAYS,80,70,60,50,70,3,20,high,low,RISK,3
2,3,1,3,Bonus,4623,Yes,Owns,19,48,52,13,11,SPECIALIST OFFICE VISIT,OUT-OF-NETWORK,PERCENT PLAN PAYS,70,50,80,60,70,3,20,high,low,RISK,3
2,1,1,1,Salaried,153,Yes,Owns,15,33,56,13,11,SPECIALIST OFFICE VISIT,OUT-OF-NETWORK,PERCENT PLAN PAYS,50,60,80,70,70,3,20,high,low,RISK,3
1,3,3,2,Salaried,3954,No,Owns,17,23,53,13,11,SPECIALIST OFFICE VISIT,OUT-OF-NETWORK,PERCENT PLAN PAYS,60,80,50,70,70,3,20,high,low,RISK,3
1,2,1,1,Salaried,4742,No,Rents,15,38,56,13,11,SPECIALIST OFFICE VISIT,OUT-OF-NETWORK,PERCENT PLAN PAYS,70,50,60,80,70,3,20,high,low,RISK,3
1,1,1,2,Hourly,3289,No,Rents,35,24,64,13,11,SPECIALIST OFFICE VISIT,OUT-OF-NETWORK,PERCENT PLAN PAYS,70,50,80,60,70,3,20,high,low,RISK,3
1,1,2,2,Bonus,3409,Yes,Rents,30,29,55,13,11,SPECIALIST OFFICE VISIT,OUT-OF-NETWORK,PERCENT PLAN PAYS,50,80,70,60,70,3,20,high,low,RISK,3
1,1,3,2,Bonus,3179,No,Rents,21,26,51,13,11,SPECIALIST OFFICE VISIT,OUT-OF-NETWORK,PERCENT PLAN PAYS,80,60,50,70,70,3,20,high,low,RISK,3
1,1,1,2,Bonus,4271,No,Rents,22,36,62,13,11,SPECIALIST OFFICE VISIT,OUT-OF-NETWORK,PERCENT PLAN PAYS,80,60,70,50,70,3,20,high,low,RISK,3
1,1,1,1,Hourly,4605,Yes,Rents,24,38,64,13,11,SPECIALIST OFFICE VISIT,OUT-OF-NETWORK,PERCENT PLAN PAYS,50,70,60,80,70,3,20,high,low,RISK,3
1,3,3,3,Salaried,3042,Yes,Rents,16,31,55,13,11,SPECIALIST OFFICE VISIT,OUT-OF-NETWORK,PERCENT PLAN PAYS,80,60,50,70,70,3,20,high,low,RISK,3
1,3,3,1,Hourly,170,No,Rents,37,31,59,13,11,SPECIALIST OFFICE VISIT,OUT-OF-NETWORK,PERCENT PLAN PAYS,80,50,70,60,70,3,20,high,low,RISK,3
1,1,1,3,Salaried,2062,No,Rents,20,47,55,13,11,SPECIALIST OFFICE VISIT,OUT-OF-NETWORK,PERCENT PLAN PAYS,70,50,60,80,70,3,20,high,low,RISK,3
2,2,3,3,Bonus,1962,No,Rents,15,41,60,13,11,SPECIALIST OFFICE VISIT,OUT-OF-NETWORK,PERCENT PLAN PAYS,60,50,70,80,70,3,20,high,low,RISK,3
1,1,1,1,Bonus,1006,No,Owns,27,35,73,13,11,SPECIALIST OFFICE VISIT,OUT-OF-NETWORK,PERCENT PLAN PAYS,60,80,50,70,70,3,20,high,low,RISK,3
1,3,2,3,Salaried,4555,No,Rents,20,24,60,13,11,SPECIALIST OFFICE VISIT,OUT-OF-NETWORK,PERCENT PLAN PAYS,60,70,50,80,70,3,20,high,low,RISK,3
3,1,2,1,Bonus,458,No,Rents,25,43,57,13,11,SPECIALIST OFFICE VISIT,OUT-OF-NETWORK,PERCENT PLAN PAYS,70,50,60,80,70,3,20,high,low,RISK,3
1,3,1,2,Hourly,4519,Yes,Owns,26,50,53,13,11,SPECIALIST OFFICE VISIT,OUT-OF-NETWORK,PERCENT PLAN PAYS,70,80,60,50,70,3,20,high,low,RISK,3
1,2,1,1,Bonus,2639,No,Rents,16,31,54,13,11,SPECIALIST OFFICE VISIT,OUT-OF-NETWORK,PERCENT PLAN PAYS,70,80,60,50,70,3,20,high,low,RISK,3
1,1,3,1,Hourly,2563,Yes,Rents,35,26,75,13,11,SPECIALIST OFFICE VISIT,OUT-OF-NETWORK,PERCENT PLAN PAYS,80,70,60,50,70,3,20,high,low,RISK,3
1,2,3,2,Bonus,2810,Yes,Owns,35,49,60,13,11,SPECIALIST OFFICE VISIT,OUT-OF-NETWORK,PERCENT PLAN PAYS,70,50,60,80,70,3,20,high,low,RISK,3
2,2,1,2,Hourly,2954,Yes,Owns,39,40,57,13,11,SPECIALIST OFFICE VISIT,OUT-OF-NETWORK,PERCENT PLAN PAYS,50,70,60,80,70,3,20,high,low,RISK,3
2,1,3,1,Hourly,2299,Yes,Owns,31,36,56,13,11,SPECIALIST OFFICE VISIT,OUT-OF-NETWORK,PERCENT PLAN PAYS,60,70,80,50,70,3,20,high,low,RISK,3
1,1,2,3,Hourly,1155,No,Rents,16,49,59,13,11,SPECIALIST OFFICE VISIT,OUT-OF-NETWORK,PERCENT PLAN PAYS,80,70,50,60,70,3,20,high,low,RISK,3
2,1,3,1,Bonus,1856,Yes,Rents,31,20,55,13,11,SPECIALIST OFFICE VISIT,OUT-OF-NETWORK,PERCENT PLAN PAYS,60,50,70,80,70,3,20,high,low,RISK,3
3,2,2,1,Salaried,3352,Yes,Rents,18,48,52,13,11,SPECIALIST OFFICE VISIT,OUT-OF-NETWORK,PERCENT PLAN PAYS,80,50,70,60,70,3,20,high,low,RISK,3
3,1,1,2,Hourly,3735,Yes,Owns,34,33,56,13,11,SPECIALIST OFFICE VISIT,OUT-OF-NETWORK,PERCENT PLAN PAYS,60,70,80,50,70,3,20,high,low,RISK,3
3,2,1,3,Salaried,1125,Yes,Rents,18,23,53,13,11,SPECIALIST OFFICE VISIT,OUT-OF-NETWORK,PERCENT PLAN PAYS,50,80,60,70,70,3,20,high,low,RISK,3
3,1,2,1,Bonus,4695,No,Owns,15,38,56,13,11,SPECIALIST OFFICE VISIT,OUT-OF-NETWORK,PERCENT PLAN PAYS,50,60,70,80,70,3,20,high,low,RISK,3
2,2,2,2,Salaried,1210,No,Rents,38,24,64,13,11,SPECIALIST OFFICE VISIT,OUT-OF-NETWORK,PERCENT PLAN PAYS,50,70,60,80,70,3,20,high,low,RISK,3
2,3,2,1,Bonus,3149,No,Owns,17,29,55,13,11,SPECIALIST OFFICE VISIT,OUT-OF-NETWORK,PERCENT PLAN PAYS,80,60,70,50,70,3,20,high,low,RISK,3
2,2,2,2,Bonus,3757,No,Rents,18,26,51,13,11,SPECIALIST OFFICE VISIT,OUT-OF-NETWORK,PERCENT PLAN PAYS,50,70,60,80,70,3,20,high,low,RISK,3
3,1,3,2,Salaried,4038,Yes,Rents,28,36,62,13,11,SPECIALIST OFFICE VISIT,OUT-OF-NETWORK,PERCENT PLAN PAYS,70,80,60,50,70,3,20,high,low,RISK,3
1,1,1,3,Bonus,381,No,Owns,20,38,64,13,11,SPECIALIST OFFICE VISIT,OUT-OF-NETWORK,PERCENT PLAN PAYS,80,70,50,60,70,3,20,high,low,RISK,3
1,1,1,2,Hourly,2879,Yes,Rents,37,31,55,13,11,SPECIALIST OFFICE VISIT,OUT-OF-NETWORK,PERCENT PLAN PAYS,80,50,60,70,70,3,20,high,low,RISK,3
2,3,1,1,Hourly,2246,No,Owns,38,31,59,13,11,SPECIALIST OFFICE VISIT,OUT-OF-NETWORK,PERCENT PLAN PAYS,70,50,60,80,70,3,20,high,low,RISK,3
1,3,2,1,Hourly,3337,No,Rents,18,47,55,13,11,SPECIALIST OFFICE VISIT,OUT-OF-NETWORK,PERCENT PLAN PAYS,50,80,60,70,70,3,20,high,low,RISK,3
2,2,1,2,Hourly,874,No,Owns,38,41,60,13,11,SPECIALIST OFFICE VISIT,OUT-OF-NETWORK,PERCENT PLAN PAYS,60,70,80,50,70,3,20,high,low,RISK,3
1,2,1,1,Hourly,4470,Yes,Owns,16,35,73,13,11,SPECIALIST OFFICE VISIT,OUT-OF-NETWORK,PERCENT PLAN PAYS,50,60,70,80,70,3,20,high,low,RISK,3
3,1,3,1,Hourly,3252,Yes,Owns,24,24,60,13,11,SPECIALIST OFFICE VISIT,OUT-OF-NETWORK,PERCENT PLAN PAYS,60,80,70,50,70,3,20,high,low,RISK,3
1,3,1,2,Hourly,176,Yes,Rents,23,43,57,13,11,SPECIALIST OFFICE VISIT,OUT-OF-NETWORK,PERCENT PLAN PAYS,60,50,70,80,70,3,20,high,low,RISK,3
2,1,3,1,Hourly,3681,Yes,Owns,17,25,52,13,11,SPECIALIST OFFICE VISIT,OUT-OF-NETWORK,PERCENT PLAN PAYS,70,80,60,50,70,3,20,high,low,RISK,3
1,3,2,3,Hourly,1019,Yes,Owns,35,50,53,13,11,SPECIALIST OFFICE VISIT,OUT-OF-NETWORK,PERCENT PLAN PAYS,70,60,50,80,70,3,20,high,low,RISK,3
1,3,2,1,Bonus,4493,Yes,Owns,39,31,54,13,11,SPECIALIST OFFICE VISIT,OUT-OF-NETWORK,PERCENT PLAN PAYS,80,60,50,70,70,3,20,high,low,RISK,3
1,3,3,1,Salaried,1012,Yes,Owns,34,26,75,13,11,SPECIALIST OFFICE VISIT,OUT-OF-NETWORK,PERCENT PLAN PAYS,50,80,60,70,70,3,20,high,low,RISK,3
1,1,2,1,Bonus,1248,Yes,Rents,18,49,60,13,11,SPECIALIST OFFICE VISIT,OUT-OF-NETWORK,PERCENT PLAN PAYS,80,60,50,70,70,3,20,high,low,RISK,3
1,1,2,1,Salaried,1214,No,Owns,17,40,57,13,11,SPECIALIST OFFICE VISIT,OUT-OF-NETWORK,PERCENT PLAN PAYS,70,80,60,50,70,3,20,high,low,RISK,3
2,1,1,1,Salaried,2852,Yes,Rents,18,36,56,13,11,SPECIALIST OFFICE VISIT,OUT-OF-NETWORK,PERCENT PLAN PAYS,60,70,80,50,70,3,20,high,low,RISK,3
2,1,1,1,Bonus,1440,Yes,Owns,24,49,59,13,11,SPECIALIST OFFICE VISIT,OUT-OF-NETWORK,PERCENT PLAN PAYS,50,60,80,70,70,3,20,high,low,RISK,3
3,1,3,1,Bonus,2951,No,Owns,26,20,55,13,11,SPECIALIST OFFICE VISIT,OUT-OF-NETWORK,PERCENT PLAN PAYS,50,80,70,60,70,3,20,high,low,RISK,3
2,3,4,2,Salaried,1919,No,Owns,48,61,80,13,12,SPECIALIST OFFICE VISIT,OUT-OF-NETWORK,PERCENT PLAN PAYS,80,50,60,70,70,3,50,high,low,RISK,3
4,4,3,2,Salaried,4671,Yes,Rents,57,53,77,13,12,SPECIALIST OFFICE VISIT,OUT-OF-NETWORK,PERCENT PLAN PAYS,70,50,80,60,70,3,50,high,low,RISK,3
4,4,2,2,Bonus,1139,No,Owns,52,65,80,13,12,SPECIALIST OFFICE VISIT,OUT-OF-NETWORK,PERCENT PLAN PAYS,80,60,50,70,70,3,50,high,low,RISK,3
3,4,4,3,Bonus,3085,No,Rents,45,54,88,13,12,SPECIALIST OFFICE VISIT,OUT-OF-NETWORK,PERCENT PLAN PAYS,60,50,80,70,70,3,50,high,low,RISK,3
3,4,4,3,Salaried,912,Yes,Rents,61,58,79,13,12,SPECIALIST OFFICE VISIT,OUT-OF-NETWORK,PERCENT PLAN PAYS,80,60,50,70,70,3,50,high,low,RISK,3
4,3,4,3,Hourly,3561,Yes,Owns,51,56,75,13,12,SPECIALIST OFFICE VISIT,OUT-OF-NETWORK,PERCENT PLAN PAYS,70,50,60,80,70,3,50,high,low,RISK,3
4,4,2,2,Hourly,4350,No,Rents,40,64,87,13,12,SPECIALIST OFFICE VISIT,OUT-OF-NETWORK,PERCENT PLAN PAYS,60,70,80,50,70,3,50,high,low,RISK,3
4,4,4,4,Salaried,3664,No,Owns,39,65,88,13,12,SPECIALIST OFFICE VISIT,OUT-OF-NETWORK,PERCENT PLAN PAYS,70,80,50,60,70,3,50,high,low,RISK,3
2,3,3,3,Bonus,1972,Yes,Owns,62,60,80,13,12,SPECIALIST OFFICE VISIT,OUT-OF-NETWORK,PERCENT PLAN PAYS,50,70,80,60,70,3,50,high,low,RISK,3
3,2,4,4,Salaried,1235,Yes,Rents,55,60,83,13,12,SPECIALIST OFFICE VISIT,OUT-OF-NETWORK,PERCENT PLAN PAYS,50,60,70,80,70,3,50,high,low,RISK,3
2,4,3,3,Bonus,2294,Yes,Owns,47,72,79,13,12,SPECIALIST OFFICE VISIT,OUT-OF-NETWORK,PERCENT PLAN PAYS,80,70,60,50,70,3,50,high,low,RISK,3
2,3,4,3,Salaried,4592,Yes,Rents,62,68,84,13,12,SPECIALIST OFFICE VISIT,OUT-OF-NETWORK,PERCENT PLAN PAYS,50,70,80,60,70,3,50,high,low,RISK,3
3,3,3,4,Hourly,2183,Yes,Owns,37,63,98,13,12,SPECIALIST OFFICE VISIT,OUT-OF-NETWORK,PERCENT PLAN PAYS,50,80,60,70,70,3,50,high,low,RISK,3
3,3,4,3,Salaried,1622,Yes,Rents,42,55,84,13,12,SPECIALIST OFFICE VISIT,OUT-OF-NETWORK,PERCENT PLAN PAYS,60,80,70,50,70,3,50,high,low,RISK,3
3,4,3,4,Salaried,4259,Yes,Rents,37,70,81,13,12,SPECIALIST OFFICE VISIT,OUT-OF-NETWORK,PERCENT PLAN PAYS,60,80,70,50,70,3,50,high,low,RISK,3
4,3,3,4,Salaried,4138,No,Owns,62,55,76,13,12,SPECIALIST OFFICE VISIT,OUT-OF-NETWORK,PERCENT PLAN PAYS,50,70,80,60,70,3,50,high,low,RISK,3
4,3,4,4,Bonus,2742,No,Owns,64,75,77,13,12,SPECIALIST OFFICE VISIT,OUT-OF-NETWORK,PERCENT PLAN PAYS,70,80,60,50,70,3,50,high,low,RISK,3
3,3,3,4,Bonus,4027,Yes,Rents,43,60,78,13,12,SPECIALIST OFFICE VISIT,OUT-OF-NETWORK,PERCENT PLAN PAYS,70,50,80,60,70,3,50,high,low,RISK,3
4,4,2,2,Bonus,3643,No,Rents,59,56,100,13,12,SPECIALIST OFFICE VISIT,OUT-OF-NETWORK,PERCENT PLAN PAYS,80,60,50,70,70,3,50,high,low,RISK,3
4,2,4,2,Salaried,1855,No,Rents,63,74,85,13,12,SPECIALIST OFFICE VISIT,OUT-OF-NETWORK,PERCENT PLAN PAYS,50,70,80,60,70,3,50,high,low,RISK,3
3,4,2,3,Bonus,4199,No,Owns,57,67,81,13,12,SPECIALIST OFFICE VISIT,OUT-OF-NETWORK,PERCENT PLAN PAYS,60,80,70,50,70,3,50,high,low,RISK,3
3,4,3,2,Salaried,358,No,Rents,50,64,80,13,12,SPECIALIST OFFICE VISIT,OUT-OF-NETWORK,PERCENT PLAN PAYS,60,70,80,50,70,3,50,high,low,RISK,3
4,3,4,3,Salaried,2175,No,Owns,59,75,83,13,12,SPECIALIST OFFICE VISIT,OUT-OF-NETWORK,PERCENT PLAN PAYS,60,70,80,50,70,3,50,high,low,RISK,3
4,4,2,2,Bonus,2804,No,Owns,48,51,79,13,12,SPECIALIST OFFICE VISIT,OUT-OF-NETWORK,PERCENT PLAN PAYS,70,80,60,50,70,3,50,high,low,RISK,3
4,4,4,4,Bonus,2793,Yes,Owns,63,73,76,13,12,SPECIALIST OFFICE VISIT,OUT-OF-NETWORK,PERCENT PLAN PAYS,50,80,60,70,70,3,50,high,low,RISK,3
4,3,4,2,Salaried,1366,No,Owns,56,61,80,13,12,SPECIALIST OFFICE VISIT,OUT-OF-NETWORK,PERCENT PLAN PAYS,60,50,80,70,70,3,50,high,low,RISK,3
2,4,4,4,Salaried,3990,No,Rents,53,53,77,13,12,SPECIALIST OFFICE VISIT,OUT-OF-NETWORK,PERCENT PLAN PAYS,50,80,60,70,70,3,50,high,low,RISK,3
2,4,3,3,Salaried,1625,No,Owns,60,65,80,13,12,SPECIALIST OFFICE VISIT,OUT-OF-NETWORK,PERCENT PLAN PAYS,80,70,60,50,70,3,50,high,low,RISK,3
4,4,3,3,Hourly,1178,No,Owns,35,54,88,13,12,SPECIALIST OFFICE VISIT,OUT-OF-NETWORK,PERCENT PLAN PAYS,80,60,70,50,70,3,50,high,low,RISK,3
3,3,2,2,Hourly,2665,No,Rents,41,58,79,13,12,SPECIALIST OFFICE VISIT,OUT-OF-NETWORK,PERCENT PLAN PAYS,70,80,50,60,70,3,50,high,low,RISK,3
4,4,4,2,Hourly,4144,No,Owns,44,56,75,13,12,SPECIALIST OFFICE VISIT,OUT-OF-NETWORK,PERCENT PLAN PAYS,60,50,80,70,70,3,50,high,low,RISK,3
3,3,4,3,Hourly,2547,Yes,Owns,55,64,87,13,12,SPECIALIST OFFICE VISIT,OUT-OF-NETWORK,PERCENT PLAN PAYS,80,50,70,60,70,3,50,high,low,RISK,3
4,3,4,2,Hourly,152,Yes,Owns,58,65,88,13,12,SPECIALIST OFFICE VISIT,OUT-OF-NETWORK,PERCENT PLAN PAYS,50,80,70,60,70,3,50,high,low,RISK,3
3,2,2,3,Bonus,2909,Yes,Rents,45,60,80,13,12,SPECIALIST OFFICE VISIT,OUT-OF-NETWORK,PERCENT PLAN PAYS,70,80,60,50,70,3,50,high,low,RISK,3
4,4,3,3,Bonus,2404,Yes,Owns,49,60,83,13,12,SPECIALIST OFFICE VISIT,OUT-OF-NETWORK,PERCENT PLAN PAYS,50,60,80,70,70,3,50,high,low,RISK,3
4,2,4,4,Bonus,144,Yes,Owns,46,72,79,13,12,SPECIALIST OFFICE VISIT,OUT-OF-NETWORK,PERCENT PLAN PAYS,60,50,80,70,70,3,50,high,low,RISK,3
4,2,4,2,Hourly,2250,No,Owns,48,68,84,13,12,SPECIALIST OFFICE VISIT,OUT-OF-NETWORK,PERCENT PLAN PAYS,50,80,70,60,70,3,50,high,low,RISK,3
4,3,3,3,Hourly,4826,No,Owns,47,63,98,13,12,SPECIALIST OFFICE VISIT,OUT-OF-NETWORK,PERCENT PLAN PAYS,70,60,50,80,70,3,50,high,low,RISK,3
4,4,2,3,Salaried,792,No,Owns,50,55,84,13,12,SPECIALIST OFFICE VISIT,OUT-OF-NETWORK,PERCENT PLAN PAYS,50,80,60,70,70,3,50,high,low,RISK,3
2,4,2,3,Hourly,3429,No,Rents,58,70,81,13,12,SPECIALIST OFFICE VISIT,OUT-OF-NETWORK,PERCENT PLAN PAYS,50,70,80,60,70,3,50,high,low,RISK,3
3,4,3,4,Hourly,1596,Yes,Owns,50,55,76,13,12,SPECIALIST OFFICE VISIT,OUT-OF-NETWORK,PERCENT PLAN PAYS,50,70,80,60,70,3,50,high,low,RISK,3
4,4,4,3,Salaried,83,Yes,Owns,40,75,77,13,12,SPECIALIST OFFICE VISIT,OUT-OF-NETWORK,PERCENT PLAN PAYS,60,50,80,70,70,3,50,high,low,RISK,3
4,4,3,4,Salaried,3601,No,Owns,38,60,78,13,12,SPECIALIST OFFICE VISIT,OUT-OF-NETWORK,PERCENT PLAN PAYS,50,60,70,80,70,3,50,high,low,RISK,3
3,4,2,4,Bonus,861,No,Owns,58,56,100,13,12,SPECIALIST OFFICE VISIT,OUT-OF-NETWORK,PERCENT PLAN PAYS,80,60,70,50,70,3,50,high,low,RISK,3
2,4,4,4,Salaried,2240,Yes,Rents,59,74,85,13,12,SPECIALIST OFFICE VISIT,OUT-OF-NETWORK,PERCENT PLAN PAYS,50,80,70,60,70,3,50,high,low,RISK,3
3,3,2,2,Hourly,2384,No,Rents,37,67,81,13,12,SPECIALIST OFFICE VISIT,OUT-OF-NETWORK,PERCENT PLAN PAYS,60,50,80,70,70,3,50,high,low,RISK,3
2,2,3,3,Bonus,2363,Yes,Rents,52,64,80,13,12,SPECIALIST OFFICE VISIT,OUT-OF-NETWORK,PERCENT PLAN PAYS,80,60,70,50,70,3,50,high,low,RISK,3
3,3,4,2,Salaried,4539,No,Owns,45,75,83,13,12,SPECIALIST OFFICE VISIT,OUT-OF-NETWORK,PERCENT PLAN PAYS,50,60,80,70,70,3,50,high,low,RISK,3
3,3,2,2,Bonus,489,No,Rents,45,51,79,13,12,SPECIALIST OFFICE VISIT,OUT-OF-NETWORK,PERCENT PLAN PAYS,60,80,70,50,70,3,50,high,low,RISK,3
4,4,2,4,Bonus,4623,Yes,Owns,40,73,76,13,12,SPECIALIST OFFICE VISIT,OUT-OF-NETWORK,PERCENT PLAN PAYS,80,60,70,50,70,3,50,high,low,RISK,3
3,3,3,2,Salaried,153,Yes,Owns,36,61,80,13,12,SPECIALIST OFFICE VISIT,OUT-OF-NETWORK,PERCENT PLAN PAYS,60,50,70,80,70,3,50,high,low,RISK,3
3,4,4,4,Salaried,3954,No,Owns,38,53,77,13,12,SPECIALIST OFFICE VISIT,OUT-OF-NETWORK,PERCENT PLAN PAYS,80,70,50,60,70,3,50,high,low,RISK,3
3,3,2,3,Salaried,4742,No,Rents,35,65,80,13,12,SPECIALIST OFFICE VISIT,OUT-OF-NETWORK,PERCENT PLAN PAYS,50,60,80,70,70,3,50,high,low,RISK,3
2,2,2,3,Hourly,3289,No,Rents,59,54,88,13,12,SPECIALIST OFFICE VISIT,OUT-OF-NETWORK,PERCENT PLAN PAYS,50,70,80,60,70,3,50,high,low,RISK,3
2,2,3,3,Bonus,3409,Yes,Rents,54,58,79,13,12,SPECIALIST OFFICE VISIT,OUT-OF-NETWORK,PERCENT PLAN PAYS,60,80,50,70,70,3,50,high,low,RISK,3
3,3,4,3,Bonus,3179,No,Rents,42,56,75,13,12,SPECIALIST OFFICE VISIT,OUT-OF-NETWORK,PERCENT PLAN PAYS,70,60,80,50,70,3,50,high,low,RISK,3
3,3,2,4,Bonus,4271,No,Rents,43,64,87,13,12,SPECIALIST OFFICE VISIT,OUT-OF-NETWORK,PERCENT PLAN PAYS,80,70,60,50,70,3,50,high,low,RISK,3
3,3,3,2,Hourly,4605,Yes,Rents,46,65,88,13,12,SPECIALIST OFFICE VISIT,OUT-OF-NETWORK,PERCENT PLAN PAYS,60,80,50,70,70,3,50,high,low,RISK,3
2,4,4,4,Salaried,3042,Yes,Rents,37,60,80,13,12,SPECIALIST OFFICE VISIT,OUT-OF-NETWORK,PERCENT PLAN PAYS,80,50,70,60,70,3,50,high,low,RISK,3
2,4,4,3,Hourly,170,No,Rents,61,60,83,13,12,SPECIALIST OFFICE VISIT,OUT-OF-NETWORK,PERCENT PLAN PAYS,50,80,70,60,70,3,50,high,low,RISK,3
2,3,3,4,Salaried,2062,No,Rents,40,72,79,13,12,SPECIALIST OFFICE VISIT,OUT-OF-NETWORK,PERCENT PLAN PAYS,60,50,70,80,70,3,50,high,low,RISK,3
4,4,4,4,Bonus,1962,No,Rents,35,68,84,13,12,SPECIALIST OFFICE VISIT,OUT-OF-NETWORK,PERCENT PLAN PAYS,60,70,50,80,70,3,50,high,low,RISK,3
2,2,3,2,Bonus,1006,No,Owns,50,63,98,13,12,SPECIALIST OFFICE VISIT,OUT-OF-NETWORK,PERCENT PLAN PAYS,50,80,60,70,70,3,50,high,low,RISK,3
2,4,3,4,Salaried,4555,No,Rents,42,55,84,13,12,SPECIALIST OFFICE VISIT,OUT-OF-NETWORK,PERCENT PLAN PAYS,50,60,70,80,70,3,50,high,low,RISK,3
4,3,4,3,Bonus,458,No,Rents,46,70,81,13,12,SPECIALIST OFFICE VISIT,OUT-OF-NETWORK,PERCENT PLAN PAYS,80,70,50,60,70,3,50,high,low,RISK,3
4,3,4,3,Hourly,1593,No,Owns,36,55,76,13,12,SPECIALIST OFFICE VISIT,OUT-OF-NETWORK,PERCENT PLAN PAYS,80,70,60,50,70,3,50,high,low,RISK,3
3,4,2,3,Hourly,4519,Yes,Owns,48,75,77,13,12,SPECIALIST OFFICE VISIT,OUT-OF-NETWORK,PERCENT PLAN PAYS,70,80,50,60,70,3,50,high,low,RISK,3
2,4,3,3,Bonus,2639,No,Rents,36,60,78,13,12,SPECIALIST OFFICE VISIT,OUT-OF-NETWORK,PERCENT PLAN PAYS,70,60,50,80,70,3,50,high,low,RISK,3
2,3,4,3,Hourly,2563,Yes,Rents,59,56,100,13,12,SPECIALIST OFFICE VISIT,OUT-OF-NETWORK,PERCENT PLAN PAYS,80,50,70,60,70,3,50,high,low,RISK,3
3,4,4,4,Bonus,2810,Yes,Owns,58,74,85,13,12,SPECIALIST OFFICE VISIT,OUT-OF-NETWORK,PERCENT PLAN PAYS,80,70,60,50,70,3,50,high,low,RISK,3
3,4,3,4,Hourly,2954,Yes,Owns,64,67,81,13,12,SPECIALIST OFFICE VISIT,OUT-OF-NETWORK,PERCENT PLAN PAYS,50,60,70,80,70,3,50,high,low,RISK,3
3,2,4,3,Hourly,2299,Yes,Owns,54,64,80,13,12,SPECIALIST OFFICE VISIT,OUT-OF-NETWORK,PERCENT PLAN PAYS,80,70,50,60,70,3,50,high,low,RISK,3
2,3,4,4,Hourly,1155,No,Rents,37,75,83,13,12,SPECIALIST OFFICE VISIT,OUT-OF-NETWORK,PERCENT PLAN PAYS,50,80,70,60,70,3,50,high,low,RISK,3
4,2,4,3,Bonus,1856,Yes,Rents,55,51,79,13,12,SPECIALIST OFFICE VISIT,OUT-OF-NETWORK,PERCENT PLAN PAYS,70,50,80,60,70,3,50,high,low,RISK,3
4,4,3,3,Salaried,3352,Yes,Rents,38,73,76,13,12,SPECIALIST OFFICE VISIT,OUT-OF-NETWORK,PERCENT PLAN PAYS,80,60,70,50,70,3,50,high,low,RISK,3
4,3,2,3,Hourly,3735,Yes,Owns,58,61,80,13,12,SPECIALIST OFFICE VISIT,OUT-OF-NETWORK,PERCENT PLAN PAYS,60,50,80,70,70,3,50,high,low,RISK,3
4,3,3,4,Salaried,1125,Yes,Rents,38,53,77,13,12,SPECIALIST OFFICE VISIT,OUT-OF-NETWORK,PERCENT PLAN PAYS,50,80,70,60,70,3,50,high,low,RISK,3
4,2,4,2,Bonus,4695,No,Owns,35,65,80,13,12,SPECIALIST OFFICE VISIT,OUT-OF-NETWORK,PERCENT PLAN PAYS,60,50,70,80,70,3,50,high,low,RISK,3
3,3,3,4,Salaried,1210,No,Rents,62,54,88,13,12,SPECIALIST OFFICE VISIT,OUT-OF-NETWORK,PERCENT PLAN PAYS,50,80,60,70,70,3,50,high,low,RISK,3
4,4,4,2,Bonus,3149,No,Owns,37,58,79,13,12,SPECIALIST OFFICE VISIT,OUT-OF-NETWORK,PERCENT PLAN PAYS,60,80,70,50,70,3,50,high,low,RISK,3
4,3,4,4,Bonus,3757,No,Rents,38,56,75,13,12,SPECIALIST OFFICE VISIT,OUT-OF-NETWORK,PERCENT PLAN PAYS,70,50,80,60,70,3,50,high,low,RISK,3
4,3,4,4,Salaried,4038,Yes,Rents,51,64,87,13,12,SPECIALIST OFFICE VISIT,OUT-OF-NETWORK,PERCENT PLAN PAYS,70,60,80,50,70,3,50,high,low,RISK,3
2,3,3,4,Bonus,381,No,Owns,41,65,88,13,12,SPECIALIST OFFICE VISIT,OUT-OF-NETWORK,PERCENT PLAN PAYS,50,60,80,70,70,3,50,high,low,RISK,3
3,3,3,3,Hourly,2879,Yes,Rents,61,60,80,13,12,SPECIALIST OFFICE VISIT,OUT-OF-NETWORK,PERCENT PLAN PAYS,70,50,60,80,70,3,50,high,low,RISK,3
4,4,3,2,Hourly,2246,No,Owns,62,60,83,13,12,SPECIALIST OFFICE VISIT,OUT-OF-NETWORK,PERCENT PLAN PAYS,50,80,60,70,70,3,50,high,low,RISK,3
2,4,3,2,Hourly,3337,No,Rents,39,72,79,13,12,SPECIALIST OFFICE VISIT,OUT-OF-NETWORK,PERCENT PLAN PAYS,70,50,60,80,70,3,50,high,low,RISK,3
4,3,3,4,Hourly,874,No,Owns,63,68,84,13,12,SPECIALIST OFFICE VISIT,OUT-OF-NETWORK,PERCENT PLAN PAYS,60,80,70,50,70,3,50,high,low,RISK,3
3,4,2,3,Hourly,4470,Yes,Owns,36,63,98,13,12,SPECIALIST OFFICE VISIT,OUT-OF-NETWORK,PERCENT PLAN PAYS,70,50,60,80,70,3,50,high,low,RISK,3
4,3,4,3,Hourly,3252,Yes,Owns,46,55,84,13,12,SPECIALIST OFFICE VISIT,OUT-OF-NETWORK,PERCENT PLAN PAYS,50,80,60,70,70,3,50,high,low,RISK,3
3,4,2,3,Hourly,176,Yes,Rents,45,70,81,13,12,SPECIALIST OFFICE VISIT,OUT-OF-NETWORK,PERCENT PLAN PAYS,60,50,70,80,70,3,50,high,low,RISK,3
4,3,4,2,Hourly,3681,Yes,Owns,38,55,76,13,12,SPECIALIST OFFICE VISIT,OUT-OF-NETWORK,PERCENT PLAN PAYS,80,50,70,60,70,3,50,high,low,RISK,3
3,4,4,4,Hourly,1019,Yes,Owns,59,75,77,13,12,SPECIALIST OFFICE VISIT,OUT-OF-NETWORK,PERCENT PLAN PAYS,70,80,60,50,70,3,50,high,low,RISK,3
3,4,4,3,Bonus,4493,Yes,Owns,64,60,78,13,12,SPECIALIST OFFICE VISIT,OUT-OF-NETWORK,PERCENT PLAN PAYS,50,70,60,80,70,3,50,high,low,RISK,3
3,4,4,2,Salaried,1012,Yes,Owns,58,56,100,13,12,SPECIALIST OFFICE VISIT,OUT-OF-NETWORK,PERCENT PLAN PAYS,50,60,70,80,70,3,50,high,low,RISK,3
2,2,4,3,Bonus,1248,Yes,Rents,39,74,85,13,12,SPECIALIST OFFICE VISIT,OUT-OF-NETWORK,PERCENT PLAN PAYS,50,70,60,80,70,3,50,high,low,RISK,3
2,3,3,3,Salaried,1214,No,Owns,37,67,81,13,12,SPECIALIST OFFICE VISIT,OUT-OF-NETWORK,PERCENT PLAN PAYS,70,80,60,50,70,3,50,high,low,RISK,3
4,3,3,2,Salaried,2852,Yes,Rents,38,64,80,13,12,SPECIALIST OFFICE VISIT,OUT-OF-NETWORK,PERCENT PLAN PAYS,80,70,60,50,70,3,50,high,low,RISK,3
3,3,2,2,Bonus,1440,Yes,Owns,46,75,83,13,12,SPECIALIST OFFICE VISIT,OUT-OF-NETWORK,PERCENT PLAN PAYS,50,70,80,60,70,3,50,high,low,RISK,3
4,2,4,3,Bonus,2951,No,Owns,48,51,79,13,12,SPECIALIST OFFICE VISIT,OUT-OF-NETWORK,PERCENT PLAN PAYS,80,70,60,50,70,3,50,high,low,RISK,3
1,0,0,1,Salaried,4377,No,Rents,4,9,1,13,13,SPECIALIST OFFICE VISIT,OUT-OF-NETWORK,PERCENT PLAN PAYS,80,60,70,50,70,3,5,high,high,RISK,4
0,0,1,0,Salaried,1919,No,Owns,4,4,5,13,13,SPECIALIST OFFICE VISIT,OUT-OF-NETWORK,PERCENT PLAN PAYS,70,80,50,60,70,3,5,high,high,RISK,4
0,0,0,0,Salaried,4671,Yes,Rents,7,1,2,13,13,SPECIALIST OFFICE VISIT,OUT-OF-NETWORK,PERCENT PLAN PAYS,60,80,50,70,70,3,5,high,high,RISK,4
1,1,0,0,Bonus,1139,No,Owns,6,6,5,13,13,SPECIALIST OFFICE VISIT,OUT-OF-NETWORK,PERCENT PLAN PAYS,50,70,80,60,70,3,5,high,high,RISK,4
0,1,1,0,Bonus,3085,No,Rents,3,1,13,13,13,SPECIALIST OFFICE VISIT,OUT-OF-NETWORK,PERCENT PLAN PAYS,70,80,50,60,70,3,5,high,high,RISK,4
0,1,1,0,Salaried,912,Yes,Rents,9,3,4,13,13,SPECIALIST OFFICE VISIT,OUT-OF-NETWORK,PERCENT PLAN PAYS,50,80,70,60,70,3,5,high,high,RISK,4
1,0,1,0,Hourly,3561,Yes,Owns,5,2,0,13,13,SPECIALIST OFFICE VISIT,OUT-OF-NETWORK,PERCENT PLAN PAYS,80,50,60,70,70,3,5,high,high,RISK,4
1,1,0,0,Hourly,4350,No,Rents,2,5,12,13,13,SPECIALIST OFFICE VISIT,OUT-OF-NETWORK,PERCENT PLAN PAYS,70,50,80,60,70,3,5,high,high,RISK,4
1,1,0,1,Salaried,3664,No,Owns,1,6,13,13,13,SPECIALIST OFFICE VISIT,OUT-OF-NETWORK,PERCENT PLAN PAYS,70,60,80,50,70,3,5,high,high,RISK,4
0,0,0,0,Bonus,1972,Yes,Owns,9,4,5,13,13,SPECIALIST OFFICE VISIT,OUT-OF-NETWORK,PERCENT PLAN PAYS,70,60,80,50,70,3,5,high,high,RISK,4
0,0,1,1,Salaried,1235,Yes,Rents,7,4,8,13,13,SPECIALIST OFFICE VISIT,OUT-OF-NETWORK,PERCENT PLAN PAYS,50,70,60,80,70,3,5,high,high,RISK,4
0,1,0,0,Bonus,2294,Yes,Owns,4,9,4,13,13,SPECIALIST OFFICE VISIT,OUT-OF-NETWORK,PERCENT PLAN PAYS,80,50,70,60,70,3,5,high,high,RISK,4
0,0,1,0,Salaried,4592,Yes,Rents,9,7,9,13,13,SPECIALIST OFFICE VISIT,OUT-OF-NETWORK,PERCENT PLAN PAYS,80,60,70,50,70,3,5,high,high,RISK,4
0,0,0,1,Hourly,2183,Yes,Owns,1,5,23,13,13,SPECIALIST OFFICE VISIT,OUT-OF-NETWORK,PERCENT PLAN PAYS,50,70,60,80,70,3,5,high,high,RISK,4
0,0,1,0,Salaried,1622,Yes,Rents,2,1,9,13,13,SPECIALIST OFFICE VISIT,OUT-OF-NETWORK,PERCENT PLAN PAYS,50,70,60,80,70,3,5,high,high,RISK,4
0,1,0,1,Salaried,4259,Yes,Rents,1,8,6,13,13,SPECIALIST OFFICE VISIT,OUT-OF-NETWORK,PERCENT PLAN PAYS,50,60,70,80,70,3,5,high,high,RISK,4
1,0,0,1,Salaried,4138,No,Owns,9,2,1,13,13,SPECIALIST OFFICE VISIT,OUT-OF-NETWORK,PERCENT PLAN PAYS,60,70,80,50,70,3,5,high,high,RISK,4
1,0,0,1,Bonus,2742,No,Owns,10,10,2,13,13,SPECIALIST OFFICE VISIT,OUT-OF-NETWORK,PERCENT PLAN PAYS,70,50,80,60,70,3,5,high,high,RISK,4
0,0,0,1,Bonus,4027,Yes,Rents,3,4,3,13,13,SPECIALIST OFFICE VISIT,OUT-OF-NETWORK,PERCENT PLAN PAYS,70,50,80,60,70,3,5,high,high,RISK,4
1,0,0,0,Bonus,3643,No,Rents,8,2,25,13,13,SPECIALIST OFFICE VISIT,OUT-OF-NETWORK,PERCENT PLAN PAYS,80,70,50,60,70,3,5,high,high,RISK,4
1,0,1,0,Salaried,1855,No,Rents,9,10,10,13,13,SPECIALIST OFFICE VISIT,OUT-OF-NETWORK,PERCENT PLAN PAYS,70,50,60,80,70,3,5,high,high,RISK,4
0,1,0,0,Bonus,4199,No,Owns,7,7,6,13,13,SPECIALIST OFFICE VISIT,OUT-OF-NETWORK,PERCENT PLAN PAYS,80,50,70,60,70,3,5,high,high,RISK,4
0,1,0,0,Salaried,358,No,Rents,5,5,5,13,13,SPECIALIST OFFICE VISIT,OUT-OF-NETWORK,PERCENT PLAN PAYS,80,50,70,60,70,3,5,high,high,RISK,4
0,0,1,0,Salaried,2175,No,Owns,8,10,8,13,13,SPECIALIST OFFICE VISIT,OUT-OF-NETWORK,PERCENT PLAN PAYS,50,80,60,70,70,3,5,high,high,RISK,4
0,1,0,0,Bonus,2804,No,Owns,4,0,4,13,13,SPECIALIST OFFICE VISIT,OUT-OF-NETWORK,PERCENT PLAN PAYS,60,70,50,80,70,3,5,high,high,RISK,4
1,1,1,0,Bonus,2793,Yes,Owns,9,9,1,13,13,SPECIALIST OFFICE VISIT,OUT-OF-NETWORK,PERCENT PLAN PAYS,60,80,50,70,70,3,5,high,high,RISK,4
1,0,1,0,Salaried,1366,No,Owns,7,4,5,13,13,SPECIALIST OFFICE VISIT,OUT-OF-NETWORK,PERCENT PLAN PAYS,80,50,70,60,70,3,5,high,high,RISK,4
0,1,1,1,Salaried,3990,No,Rents,6,1,2,13,13,SPECIALIST OFFICE VISIT,OUT-OF-NETWORK,PERCENT PLAN PAYS,80,70,50,60,70,3,5,high,high,RISK,4
0,0,0,0,Salaried,1625,No,Owns,8,6,5,13,13,SPECIALIST OFFICE VISIT,OUT-OF-NETWORK,PERCENT PLAN PAYS,80,50,70,60,70,3,5,high,high,RISK,4
1,1,0,0,Hourly,1178,No,Owns,0,1,13,13,13,SPECIALIST OFFICE VISIT,OUT-OF-NETWORK,PERCENT PLAN PAYS,50,60,80,70,70,3,5,high,high,RISK,4
0,0,0,0,Hourly,2665,No,Rents,2,3,4,13,13,SPECIALIST OFFICE VISIT,OUT-OF-NETWORK,PERCENT PLAN PAYS,50,70,80,60,70,3,5,high,high,RISK,4
1,1,1,0,Hourly,4144,No,Owns,3,2,0,13,13,SPECIALIST OFFICE VISIT,OUT-OF-NETWORK,PERCENT PLAN PAYS,60,70,80,50,70,3,5,high,high,RISK,4
0,0,1,0,Hourly,2547,Yes,Owns,7,5,12,13,13,SPECIALIST OFFICE VISIT,OUT-OF-NETWORK,PERCENT PLAN PAYS,80,60,70,50,70,3,5,high,high,RISK,4
1,0,1,0,Hourly,152,Yes,Owns,8,6,13,13,13,SPECIALIST OFFICE VISIT,OUT-OF-NETWORK,PERCENT PLAN PAYS,70,60,50,80,70,3,5,high,high,RISK,4
0,0,0,0,Bonus,2909,Yes,Rents,3,4,5,13,13,SPECIALIST OFFICE VISIT,OUT-OF-NETWORK,PERCENT PLAN PAYS,50,60,70,80,70,3,5,high,high,RISK,4
1,1,0,0,Bonus,2404,Yes,Owns,5,4,8,13,13,SPECIALIST OFFICE VISIT,OUT-OF-NETWORK,PERCENT PLAN PAYS,80,60,70,50,70,3,5,high,high,RISK,4
1,0,1,1,Bonus,144,Yes,Owns,4,9,4,13,13,SPECIALIST OFFICE VISIT,OUT-OF-NETWORK,PERCENT PLAN PAYS,80,70,60,50,70,3,5,high,high,RISK,4
1,0,1,0,Hourly,2250,No,Owns,4,7,9,13,13,SPECIALIST OFFICE VISIT,OUT-OF-NETWORK,PERCENT PLAN PAYS,50,70,80,60,70,3,5,high,high,RISK,4
1,0,0,0,Hourly,4826,No,Owns,4,5,23,13,13,SPECIALIST OFFICE VISIT,OUT-OF-NETWORK,PERCENT PLAN PAYS,80,60,50,70,70,3,5,high,high,RISK,4
1,1,0,0,Salaried,792,No,Owns,5,1,9,13,13,SPECIALIST OFFICE VISIT,OUT-OF-NETWORK,PERCENT PLAN PAYS,80,50,60,70,70,3,5,high,high,RISK,4
0,1,0,0,Hourly,3429,No,Rents,8,8,6,13,13,SPECIALIST OFFICE VISIT,OUT-OF-NETWORK,PERCENT PLAN PAYS,80,50,60,70,70,3,5,high,high,RISK,4
0,1,0,0,Hourly,1596,Yes,Owns,5,2,1,13,13,SPECIALIST OFFICE VISIT,OUT-OF-NETWORK,PERCENT PLAN PAYS,80,60,50,70,70,3,5,high,high,RISK,4
1,1,1,0,Salaried,83,Yes,Owns,2,10,2,13,13,SPECIALIST OFFICE VISIT,OUT-OF-NETWORK,PERCENT PLAN PAYS,50,70,60,80,70,3,5,high,high,RISK,4
1,1,0,1,Salaried,3601,No,Owns,1,4,3,13,13,SPECIALIST OFFICE VISIT,OUT-OF-NETWORK,PERCENT PLAN PAYS,60,80,50,70,70,3,5,high,high,RISK,4
0,0,0,1,Bonus,861,No,Owns,8,2,25,13,13,SPECIALIST OFFICE VISIT,OUT-OF-NETWORK,PERCENT PLAN PAYS,70,80,60,50,70,3,5,high,high,RISK,4
0,1,1,1,Salaried,2240,Yes,Rents,8,10,10,13,13,SPECIALIST OFFICE VISIT,OUT-OF-NETWORK,PERCENT PLAN PAYS,80,50,60,70,70,3,5,high,high,RISK,4
0,0,0,0,Hourly,2384,No,Rents,1,7,6,13,13,SPECIALIST OFFICE VISIT,OUT-OF-NETWORK,PERCENT PLAN PAYS,70,60,80,50,70,3,5,high,high,RISK,4
0,0,0,0,Bonus,2363,Yes,Rents,6,5,5,13,13,SPECIALIST OFFICE VISIT,OUT-OF-NETWORK,PERCENT PLAN PAYS,50,70,80,60,70,3,5,high,high,RISK,4
0,0,1,0,Salaried,4539,No,Owns,3,10,8,13,13,SPECIALIST OFFICE VISIT,OUT-OF-NETWORK,PERCENT PLAN PAYS,80,70,60,50,70,3,5,high,high,RISK,4
0,0,0,0,Bonus,489,No,Rents,3,0,4,13,13,SPECIALIST OFFICE VISIT,OUT-OF-NETWORK,PERCENT PLAN PAYS,60,50,80,70,70,3,5,high,high,RISK,4
0,1,0,1,Bonus,4623,Yes,Owns,2,9,1,13,13,SPECIALIST OFFICE VISIT,OUT-OF-NETWORK,PERCENT PLAN PAYS,70,60,50,80,70,3,5,high,high,RISK,4
0,0,0,0,Salaried,153,Yes,Owns,0,4,5,13,13,SPECIALIST OFFICE VISIT,OUT-OF-NETWORK,PERCENT PLAN PAYS,70,60,50,80,70,3,5,high,high,RISK,4
0,1,1,0,Salaried,3954,No,Owns,1,1,2,13,13,SPECIALIST OFFICE VISIT,OUT-OF-NETWORK,PERCENT PLAN PAYS,50,80,70,60,70,3,5,high,high,RISK,4
0,0,0,0,Salaried,4742,No,Rents,0,6,5,13,13,SPECIALIST OFFICE VISIT,OUT-OF-NETWORK,PERCENT PLAN PAYS,70,50,60,80,70,3,5,high,high,RISK,4
0,0,0,0,Hourly,3289,No,Rents,8,1,13,13,13,SPECIALIST OFFICE VISIT,OUT-OF-NETWORK,PERCENT PLAN PAYS,80,50,70,60,70,3,5,high,high,RISK,4
0,0,0,0,Bonus,3409,Yes,Rents,6,3,4,13,13,SPECIALIST OFFICE VISIT,OUT-OF-NETWORK,PERCENT PLAN PAYS,50,70,80,60,70,3,5,high,high,RISK,4
0,0,1,0,Bonus,3179,No,Rents,2,2,0,13,13,SPECIALIST OFFICE VISIT,OUT-OF-NETWORK,PERCENT PLAN PAYS,60,70,80,50,70,3,5,high,high,RISK,4
0,0,0,0,Bonus,4271,No,Rents,3,5,12,13,13,SPECIALIST OFFICE VISIT,OUT-OF-NETWORK,PERCENT PLAN PAYS,70,80,60,50,70,3,5,high,high,RISK,4
0,0,0,0,Hourly,4605,Yes,Rents,4,6,13,13,13,SPECIALIST OFFICE VISIT,OUT-OF-NETWORK,PERCENT PLAN PAYS,70,60,50,80,70,3,5,high,high,RISK,4
0,1,1,1,Salaried,3042,Yes,Rents,1,4,5,13,13,SPECIALIST OFFICE VISIT,OUT-OF-NETWORK,PERCENT PLAN PAYS,70,60,80,50,70,3,5,high,high,RISK,4
0,1,1,0,Hourly,170,No,Rents,9,4,8,13,13,SPECIALIST OFFICE VISIT,OUT-OF-NETWORK,PERCENT PLAN PAYS,50,70,60,80,70,3,5,high,high,RISK,4
0,0,0,1,Salaried,2062,No,Rents,2,9,4,13,13,SPECIALIST OFFICE VISIT,OUT-OF-NETWORK,PERCENT PLAN PAYS,50,80,70,60,70,3,5,high,high,RISK,4
1,0,1,1,Bonus,1962,No,Rents,0,7,9,13,13,SPECIALIST OFFICE VISIT,OUT-OF-NETWORK,PERCENT PLAN PAYS,70,80,50,60,70,3,5,high,high,RISK,4
0,0,0,0,Bonus,1006,No,Owns,5,5,23,13,13,SPECIALIST OFFICE VISIT,OUT-OF-NETWORK,PERCENT PLAN PAYS,60,80,70,50,70,3,5,high,high,RISK,4
0,1,0,1,Salaried,4555,No,Rents,2,1,9,13,13,SPECIALIST OFFICE VISIT,OUT-OF-NETWORK,PERCENT PLAN PAYS,80,60,50,70,70,3,5,high,high,RISK,4
1,0,1,0,Bonus,458,No,Rents,4,8,6,13,13,SPECIALIST OFFICE VISIT,OUT-OF-NETWORK,PERCENT PLAN PAYS,60,70,80,50,70,3,5,high,high,RISK,4
1,0,1,0,Hourly,1593,No,Owns,0,2,1,13,13,SPECIALIST OFFICE VISIT,OUT-OF-NETWORK,PERCENT PLAN PAYS,60,80,50,70,70,3,5,high,high,RISK,4
0,1,0,0,Hourly,4519,Yes,Owns,4,10,2,13,13,SPECIALIST OFFICE VISIT,OUT-OF-NETWORK,PERCENT PLAN PAYS,50,80,70,60,70,3,5,high,high,RISK,4
0,1,0,0,Bonus,2639,No,Rents,0,4,3,13,13,SPECIALIST OFFICE VISIT,OUT-OF-NETWORK,PERCENT PLAN PAYS,70,50,60,80,70,3,5,high,high,RISK,4
0,0,1,0,Hourly,2563,Yes,Rents,8,2,25,13,13,SPECIALIST OFFICE VISIT,OUT-OF-NETWORK,PERCENT PLAN PAYS,60,80,50,70,70,3,5,high,high,RISK,4
0,0,1,1,Bonus,2810,Yes,Owns,8,10,10,13,13,SPECIALIST OFFICE VISIT,OUT-OF-NETWORK,PERCENT PLAN PAYS,70,60,50,80,70,3,5,high,high,RISK,4
0,0,0,1,Hourly,2954,Yes,Owns,10,7,6,13,13,SPECIALIST OFFICE VISIT,OUT-OF-NETWORK,PERCENT PLAN PAYS,60,70,80,50,70,3,5,high,high,RISK,4
0,0,1,0,Hourly,2299,Yes,Owns,6,5,5,13,13,SPECIALIST OFFICE VISIT,OUT-OF-NETWORK,PERCENT PLAN PAYS,70,60,80,50,70,3,5,high,high,RISK,4
0,0,1,1,Hourly,1155,No,Rents,1,10,8,13,13,SPECIALIST OFFICE VISIT,OUT-OF-NETWORK,PERCENT PLAN PAYS,60,80,50,70,70,3,5,high,high,RISK,4
1,0,1,0,Bonus,1856,Yes,Rents,7,0,4,13,13,SPECIALIST OFFICE VISIT,OUT-OF-NETWORK,PERCENT PLAN PAYS,50,60,80,70,70,3,5,high,high,RISK,4
1,1,0,0,Salaried,3352,Yes,Rents,1,9,1,13,13,SPECIALIST OFFICE VISIT,OUT-OF-NETWORK,PERCENT PLAN PAYS,60,50,70,80,70,3,5,high,high,RISK,4
1,0,0,0,Hourly,3735,Yes,Owns,8,4,5,13,13,SPECIALIST OFFICE VISIT,OUT-OF-NETWORK,PERCENT PLAN PAYS,80,60,50,70,70,3,5,high,high,RISK,4
1,0,0,1,Salaried,1125,Yes,Rents,1,1,2,13,13,SPECIALIST OFFICE VISIT,OUT-OF-NETWORK,PERCENT PLAN PAYS,60,70,50,80,70,3,5,high,high,RISK,4
1,0,1,0,Bonus,4695,No,Owns,0,6,5,13,13,SPECIALIST OFFICE VISIT,OUT-OF-NETWORK,PERCENT PLAN PAYS,70,50,60,80,70,3,5,high,high,RISK,4
0,0,0,1,Salaried,1210,No,Rents,9,1,13,13,13,SPECIALIST OFFICE VISIT,OUT-OF-NETWORK,PERCENT PLAN PAYS,80,60,50,70,70,3,5,high,high,RISK,4
1,1,1,0,Bonus,3149,No,Owns,1,3,4,13,13,SPECIALIST OFFICE VISIT,OUT-OF-NETWORK,PERCENT PLAN PAYS,80,50,60,70,70,3,5,high,high,RISK,4
1,0,0,0,Bonus,3757,No,Rents,1,2,0,13,13,SPECIALIST OFFICE VISIT,OUT-OF-NETWORK,PERCENT PLAN PAYS,70,50,60,80,70,3,5,high,high,RISK,4
1,0,1,1,Salaried,4038,Yes,Rents,5,5,12,13,13,SPECIALIST OFFICE VISIT,OUT-OF-NETWORK,PERCENT PLAN PAYS,60,70,50,80,70,3,5,high,high,RISK,4
0,0,0,1,Bonus,381,No,Owns,2,6,13,13,13,SPECIALIST OFFICE VISIT,OUT-OF-NETWORK,PERCENT PLAN PAYS,60,70,80,50,70,3,5,high,high,RISK,4
0,0,0,0,Hourly,2879,Yes,Rents,9,4,5,13,13,SPECIALIST OFFICE VISIT,OUT-OF-NETWORK,PERCENT PLAN PAYS,80,50,70,60,70,3,5,high,high,RISK,4
0,1,0,0,Hourly,2246,No,Owns,9,4,8,13,13,SPECIALIST OFFICE VISIT,OUT-OF-NETWORK,PERCENT PLAN PAYS,60,50,80,70,70,3,5,high,high,RISK,4
0,1,0,0,Hourly,3337,No,Rents,1,9,4,13,13,SPECIALIST OFFICE VISIT,OUT-OF-NETWORK,PERCENT PLAN PAYS,80,60,70,50,70,3,5,high,high,RISK,4
1,0,0,0,Hourly,874,No,Owns,9,7,9,13,13,SPECIALIST OFFICE VISIT,OUT-OF-NETWORK,PERCENT PLAN PAYS,60,80,50,70,70,3,5,high,high,RISK,4
0,1,0,0,Hourly,4470,Yes,Owns,0,5,23,13,13,SPECIALIST OFFICE VISIT,OUT-OF-NETWORK,PERCENT PLAN PAYS,80,60,70,50,70,3,5,high,high,RISK,4
1,0,1,0,Hourly,3252,Yes,Owns,4,1,9,13,13,SPECIALIST OFFICE VISIT,OUT-OF-NETWORK,PERCENT PLAN PAYS,70,80,50,60,70,3,5,high,high,RISK,4
0,1,0,0,Hourly,176,Yes,Rents,3,8,6,13,13,SPECIALIST OFFICE VISIT,OUT-OF-NETWORK,PERCENT PLAN PAYS,70,60,50,80,70,3,5,high,high,RISK,4
0,0,1,0,Hourly,3681,Yes,Owns,1,2,1,13,13,SPECIALIST OFFICE VISIT,OUT-OF-NETWORK,PERCENT PLAN PAYS,60,50,70,80,70,3,5,high,high,RISK,4
0,1,1,1,Hourly,1019,Yes,Owns,8,10,2,13,13,SPECIALIST OFFICE VISIT,OUT-OF-NETWORK,PERCENT PLAN PAYS,60,80,50,70,70,3,5,high,high,RISK,4
0,1,1,0,Bonus,4493,Yes,Owns,10,4,3,13,13,SPECIALIST OFFICE VISIT,OUT-OF-NETWORK,PERCENT PLAN PAYS,80,60,70,50,70,3,5,high,high,RISK,4
0,1,1,0,Salaried,1012,Yes,Owns,8,2,25,13,13,SPECIALIST OFFICE VISIT,OUT-OF-NETWORK,PERCENT PLAN PAYS,60,50,80,70,70,3,5,high,high,RISK,4
0,0,0,0,Bonus,1248,Yes,Rents,1,10,10,13,13,SPECIALIST OFFICE VISIT,OUT-OF-NETWORK,PERCENT PLAN PAYS,70,60,80,50,70,3,5,high,high,RISK,4
0,0,0,0,Salaried,1214,No,Owns,1,7,6,13,13,SPECIALIST OFFICE VISIT,OUT-OF-NETWORK,PERCENT PLAN PAYS,70,50,80,60,70,3,5,high,high,RISK,4
1,0,0,0,Salaried,2852,Yes,Rents,1,5,5,13,13,SPECIALIST OFFICE VISIT,OUT-OF-NETWORK,PERCENT PLAN PAYS,50,80,60,70,70,3,5,high,high,RISK,4
0,0,0,0,Bonus,1440,Yes,Owns,4,10,8,13,13,SPECIALIST OFFICE VISIT,OUT-OF-NETWORK,PERCENT PLAN PAYS,80,60,50,70,70,3,5,high,high,RISK,4
1,0,1,0,Bonus,2951,No,Owns,4,0,4,13,13,SPECIALIST OFFICE VISIT,OUT-OF-NETWORK,PERCENT PLAN PAYS,60,70,50,80,70,3,5,high,high,RISK,4
2,1,0,2,Salaried,4377,No,Rents,10,19,27,13,14,SPECIALIST OFFICE VISIT,OUT-OF-NETWORK,PERCENT PLAN PAYS,60,80,50,70,70,3,10,high,high,RISK,4
0,1,1,0,Salaried,1919,No,Owns,10,15,31,13,14,SPECIALIST OFFICE VISIT,OUT-OF-NETWORK,PERCENT PLAN PAYS,70,60,50,80,70,3,10,high,high,RISK,4
1,1,0,0,Salaried,4671,Yes,Rents,15,12,28,13,14,SPECIALIST OFFICE VISIT,OUT-OF-NETWORK,PERCENT PLAN PAYS,70,80,50,60,70,3,10,high,high,RISK,4
2,1,0,0,Bonus,1139,No,Owns,13,16,31,13,14,SPECIALIST OFFICE VISIT,OUT-OF-NETWORK,PERCENT PLAN PAYS,70,80,50,60,70,3,10,high,high,RISK,4
1,1,2,1,Bonus,3085,No,Rents,9,12,39,13,14,SPECIALIST OFFICE VISIT,OUT-OF-NETWORK,PERCENT PLAN PAYS,50,80,70,60,70,3,10,high,high,RISK,4
0,1,2,0,Salaried,912,Yes,Rents,16,14,30,13,14,SPECIALIST OFFICE VISIT,OUT-OF-NETWORK,PERCENT PLAN PAYS,80,50,60,70,70,3,10,high,high,RISK,4
1,0,2,1,Hourly,3561,Yes,Owns,12,13,26,13,14,SPECIALIST OFFICE VISIT,OUT-OF-NETWORK,PERCENT PLAN PAYS,50,80,70,60,70,3,10,high,high,RISK,4
1,2,0,0,Hourly,4350,No,Rents,7,16,37,13,14,SPECIALIST OFFICE VISIT,OUT-OF-NETWORK,PERCENT PLAN PAYS,80,60,50,70,70,3,10,high,high,RISK,4
2,2,1,2,Salaried,3664,No,Owns,7,16,39,13,14,SPECIALIST OFFICE VISIT,OUT-OF-NETWORK,PERCENT PLAN PAYS,70,50,60,80,70,3,10,high,high,RISK,4
0,0,0,1,Bonus,1972,Yes,Owns,17,14,30,13,14,SPECIALIST OFFICE VISIT,OUT-OF-NETWORK,PERCENT PLAN PAYS,50,70,80,60,70,3,10,high,high,RISK,4
1,0,2,2,Salaried,1235,Yes,Rents,14,14,34,13,14,SPECIALIST OFFICE VISIT,OUT-OF-NETWORK,PERCENT PLAN PAYS,80,50,60,70,70,3,10,high,high,RISK,4
0,2,0,1,Bonus,2294,Yes,Owns,10,19,30,13,14,SPECIALIST OFFICE VISIT,OUT-OF-NETWORK,PERCENT PLAN PAYS,70,60,50,80,70,3,10,high,high,RISK,4
0,1,2,0,Salaried,4592,Yes,Rents,16,17,35,13,14,SPECIALIST OFFICE VISIT,OUT-OF-NETWORK,PERCENT PLAN PAYS,70,50,60,80,70,3,10,high,high,RISK,4
0,0,1,1,Hourly,2183,Yes,Owns,6,15,48,13,14,SPECIALIST OFFICE VISIT,OUT-OF-NETWORK,PERCENT PLAN PAYS,60,50,80,70,70,3,10,high,high,RISK,4
1,1,2,1,Salaried,1622,Yes,Rents,8,12,35,13,14,SPECIALIST OFFICE VISIT,OUT-OF-NETWORK,PERCENT PLAN PAYS,60,50,70,80,70,3,10,high,high,RISK,4
1,2,1,2,Salaried,4259,Yes,Rents,6,18,32,13,14,SPECIALIST OFFICE VISIT,OUT-OF-NETWORK,PERCENT PLAN PAYS,70,60,50,80,70,3,10,high,high,RISK,4
2,1,1,2,Salaried,4138,No,Owns,17,13,27,13,14,SPECIALIST OFFICE VISIT,OUT-OF-NETWORK,PERCENT PLAN PAYS,80,70,50,60,70,3,10,high,high,RISK,4
2,0,1,2,Bonus,2742,No,Owns,17,20,28,13,14,SPECIALIST OFFICE VISIT,OUT-OF-NETWORK,PERCENT PLAN PAYS,70,60,50,80,70,3,10,high,high,RISK,4
1,1,0,2,Bonus,4027,Yes,Rents,8,14,29,13,14,SPECIALIST OFFICE VISIT,OUT-OF-NETWORK,PERCENT PLAN PAYS,80,60,50,70,70,3,10,high,high,RISK,4
1,1,0,0,Bonus,3643,No,Rents,16,13,50,13,14,SPECIALIST OFFICE VISIT,OUT-OF-NETWORK,PERCENT PLAN PAYS,70,60,50,80,70,3,10,high,high,RISK,4
1,0,2,0,Salaried,1855,No,Rents,17,20,35,13,14,SPECIALIST OFFICE VISIT,OUT-OF-NETWORK,PERCENT PLAN PAYS,60,80,70,50,70,3,10,high,high,RISK,4
1,2,0,1,Bonus,4199,No,Owns,14,17,32,13,14,SPECIALIST OFFICE VISIT,OUT-OF-NETWORK,PERCENT PLAN PAYS,80,50,60,70,70,3,10,high,high,RISK,4
0,2,1,0,Salaried,358,No,Rents,12,16,31,13,14,SPECIALIST OFFICE VISIT,OUT-OF-NETWORK,PERCENT PLAN PAYS,80,70,60,50,70,3,10,high,high,RISK,4
1,1,1,1,Salaried,2175,No,Owns,16,20,34,13,14,SPECIALIST OFFICE VISIT,OUT-OF-NETWORK,PERCENT PLAN PAYS,70,80,50,60,70,3,10,high,high,RISK,4
1,1,0,0,Bonus,2804,No,Owns,11,11,30,13,14,SPECIALIST OFFICE VISIT,OUT-OF-NETWORK,PERCENT PLAN PAYS,70,50,80,60,70,3,10,high,high,RISK,4
2,1,2,1,Bonus,2793,Yes,Owns,17,19,27,13,14,SPECIALIST OFFICE VISIT,OUT-OF-NETWORK,PERCENT PLAN PAYS,50,70,60,80,70,3,10,high,high,RISK,4
2,0,2,0,Salaried,1366,No,Owns,14,15,31,13,14,SPECIALIST OFFICE VISIT,OUT-OF-NETWORK,PERCENT PLAN PAYS,70,50,60,80,70,3,10,high,high,RISK,4
0,1,1,2,Salaried,3990,No,Rents,13,12,28,13,14,SPECIALIST OFFICE VISIT,OUT-OF-NETWORK,PERCENT PLAN PAYS,80,70,60,50,70,3,10,high,high,RISK,4
0,1,1,0,Salaried,1625,No,Owns,16,16,31,13,14,SPECIALIST OFFICE VISIT,OUT-OF-NETWORK,PERCENT PLAN PAYS,70,80,50,60,70,3,10,high,high,RISK,4
1,2,0,0,Hourly,1178,No,Owns,5,12,39,13,14,SPECIALIST OFFICE VISIT,OUT-OF-NETWORK,PERCENT PLAN PAYS,80,60,70,50,70,3,10,high,high,RISK,4
1,1,0,0,Hourly,2665,No,Rents,8,14,30,13,14,SPECIALIST OFFICE VISIT,OUT-OF-NETWORK,PERCENT PLAN PAYS,70,60,50,80,70,3,10,high,high,RISK,4
1,1,2,0,Hourly,4144,No,Owns,9,13,26,13,14,SPECIALIST OFFICE VISIT,OUT-OF-NETWORK,PERCENT PLAN PAYS,50,70,80,60,70,3,10,high,high,RISK,4
1,1,2,0,Hourly,2547,Yes,Owns,14,16,37,13,14,SPECIALIST OFFICE VISIT,OUT-OF-NETWORK,PERCENT PLAN PAYS,50,80,70,60,70,3,10,high,high,RISK,4
1,1,1,0,Hourly,152,Yes,Owns,15,16,39,13,14,SPECIALIST OFFICE VISIT,OUT-OF-NETWORK,PERCENT PLAN PAYS,80,70,60,50,70,3,10,high,high,RISK,4
0,0,0,0,Bonus,2909,Yes,Rents,9,14,30,13,14,SPECIALIST OFFICE VISIT,OUT-OF-NETWORK,PERCENT PLAN PAYS,80,70,50,60,70,3,10,high,high,RISK,4
2,2,1,1,Bonus,2404,Yes,Owns,11,14,34,13,14,SPECIALIST OFFICE VISIT,OUT-OF-NETWORK,PERCENT PLAN PAYS,50,70,80,60,70,3,10,high,high,RISK,4
2,0,1,2,Bonus,144,Yes,Owns,10,19,30,13,14,SPECIALIST OFFICE VISIT,OUT-OF-NETWORK,PERCENT PLAN PAYS,60,80,70,50,70,3,10,high,high,RISK,4
2,0,0,0,Hourly,4826,No,Owns,10,15,48,13,14,SPECIALIST OFFICE VISIT,OUT-OF-NETWORK,PERCENT PLAN PAYS,70,50,80,60,70,3,10,high,high,RISK,4
1,1,0,0,Salaried,792,No,Owns,12,12,35,13,14,SPECIALIST OFFICE VISIT,OUT-OF-NETWORK,PERCENT PLAN PAYS,50,80,60,70,70,3,10,high,high,RISK,4
0,2,0,1,Hourly,3429,No,Rents,15,18,32,13,14,SPECIALIST OFFICE VISIT,OUT-OF-NETWORK,PERCENT PLAN PAYS,70,80,60,50,70,3,10,high,high,RISK,4
0,2,0,1,Hourly,1596,Yes,Owns,11,13,27,13,14,SPECIALIST OFFICE VISIT,OUT-OF-NETWORK,PERCENT PLAN PAYS,50,80,70,60,70,3,10,high,high,RISK,4
1,1,2,0,Salaried,83,Yes,Owns,7,20,28,13,14,SPECIALIST OFFICE VISIT,OUT-OF-NETWORK,PERCENT PLAN PAYS,70,50,60,80,70,3,10,high,high,RISK,4
1,2,0,2,Salaried,3601,No,Owns,6,14,29,13,14,SPECIALIST OFFICE VISIT,OUT-OF-NETWORK,PERCENT PLAN PAYS,50,80,60,70,70,3,10,high,high,RISK,4
1,1,0,1,Bonus,861,No,Owns,15,13,50,13,14,SPECIALIST OFFICE VISIT,OUT-OF-NETWORK,PERCENT PLAN PAYS,70,60,80,50,70,3,10,high,high,RISK,4
0,2,2,2,Salaried,2240,Yes,Rents,15,20,35,13,14,SPECIALIST OFFICE VISIT,OUT-OF-NETWORK,PERCENT PLAN PAYS,60,80,70,50,70,3,10,high,high,RISK,4
1,0,0,0,Hourly,2384,No,Rents,6,17,32,13,14,SPECIALIST OFFICE VISIT,OUT-OF-NETWORK,PERCENT PLAN PAYS,80,50,70,60,70,3,10,high,high,RISK,4
0,0,0,0,Bonus,2363,Yes,Rents,12,16,31,13,14,SPECIALIST OFFICE VISIT,OUT-OF-NETWORK,PERCENT PLAN PAYS,60,80,70,50,70,3,10,high,high,RISK,4
1,1,2,0,Salaried,4539,No,Owns,10,20,34,13,14,SPECIALIST OFFICE VISIT,OUT-OF-NETWORK,PERCENT PLAN PAYS,50,60,80,70,70,3,10,high,high,RISK,4
1,1,0,0,Bonus,489,No,Rents,9,11,30,13,14,SPECIALIST OFFICE VISIT,OUT-OF-NETWORK,PERCENT PLAN PAYS,80,70,60,50,70,3,10,high,high,RISK,4
1,2,0,2,Bonus,4623,Yes,Owns,7,19,27,13,14,SPECIALIST OFFICE VISIT,OUT-OF-NETWORK,PERCENT PLAN PAYS,50,80,60,70,70,3,10,high,high,RISK,4
1,0,0,0,Salaried,153,Yes,Owns,5,15,31,13,14,SPECIALIST OFFICE VISIT,OUT-OF-NETWORK,PERCENT PLAN PAYS,80,50,70,60,70,3,10,high,high,RISK,4
0,2,2,1,Salaried,3954,No,Owns,6,12,28,13,14,SPECIALIST OFFICE VISIT,OUT-OF-NETWORK,PERCENT PLAN PAYS,70,50,60,80,70,3,10,high,high,RISK,4
0,1,0,0,Salaried,4742,No,Rents,5,16,31,13,14,SPECIALIST OFFICE VISIT,OUT-OF-NETWORK,PERCENT PLAN PAYS,50,80,70,60,70,3,10,high,high,RISK,4
0,0,0,1,Hourly,3289,No,Rents,15,12,39,13,14,SPECIALIST OFFICE VISIT,OUT-OF-NETWORK,PERCENT PLAN PAYS,80,50,60,70,70,3,10,high,high,RISK,4
0,0,1,1,Bonus,3409,Yes,Rents,13,14,30,13,14,SPECIALIST OFFICE VISIT,OUT-OF-NETWORK,PERCENT PLAN PAYS,50,70,60,80,70,3,10,high,high,RISK,4
0,0,2,1,Bonus,3179,No,Rents,8,13,26,13,14,SPECIALIST OFFICE VISIT,OUT-OF-NETWORK,PERCENT PLAN PAYS,50,80,60,70,70,3,10,high,high,RISK,4
0,0,0,1,Bonus,4271,No,Rents,9,16,37,13,14,SPECIALIST OFFICE VISIT,OUT-OF-NETWORK,PERCENT PLAN PAYS,80,70,60,50,70,3,10,high,high,RISK,4
0,0,0,0,Hourly,4605,Yes,Rents,10,16,39,13,14,SPECIALIST OFFICE VISIT,OUT-OF-NETWORK,PERCENT PLAN PAYS,60,50,70,80,70,3,10,high,high,RISK,4
0,2,2,2,Salaried,3042,Yes,Rents,6,14,30,13,14,SPECIALIST OFFICE VISIT,OUT-OF-NETWORK,PERCENT PLAN PAYS,70,80,50,60,70,3,10,high,high,RISK,4
0,2,2,0,Hourly,170,No,Rents,16,14,34,13,14,SPECIALIST OFFICE VISIT,OUT-OF-NETWORK,PERCENT PLAN PAYS,70,60,80,50,70,3,10,high,high,RISK,4
0,1,0,2,Salaried,2062,No,Rents,7,19,30,13,14,SPECIALIST OFFICE VISIT,OUT-OF-NETWORK,PERCENT PLAN PAYS,50,70,80,60,70,3,10,high,high,RISK,4
1,1,2,2,Bonus,1962,No,Rents,5,17,35,13,14,SPECIALIST OFFICE VISIT,OUT-OF-NETWORK,PERCENT PLAN PAYS,70,80,50,60,70,3,10,high,high,RISK,4
0,0,0,0,Bonus,1006,No,Owns,11,15,48,13,14,SPECIALIST OFFICE VISIT,OUT-OF-NETWORK,PERCENT PLAN PAYS,70,50,60,80,70,3,10,high,high,RISK,4
0,2,1,2,Salaried,4555,No,Rents,8,12,35,13,14,SPECIALIST OFFICE VISIT,OUT-OF-NETWORK,PERCENT PLAN PAYS,80,60,70,50,70,3,10,high,high,RISK,4
2,1,1,0,Bonus,458,No,Rents,10,18,32,13,14,SPECIALIST OFFICE VISIT,OUT-OF-NETWORK,PERCENT PLAN PAYS,60,50,70,80,70,3,10,high,high,RISK,4
2,0,2,1,Hourly,1593,No,Owns,5,13,27,13,14,SPECIALIST OFFICE VISIT,OUT-OF-NETWORK,PERCENT PLAN PAYS,50,60,70,80,70,3,10,high,high,RISK,4
0,2,0,1,Hourly,4519,Yes,Owns,11,20,28,13,14,SPECIALIST OFFICE VISIT,OUT-OF-NETWORK,PERCENT PLAN PAYS,70,60,80,50,70,3,10,high,high,RISK,4
0,1,0,0,Bonus,2639,No,Rents,5,14,29,13,14,SPECIALIST OFFICE VISIT,OUT-OF-NETWORK,PERCENT PLAN PAYS,80,60,70,50,70,3,10,high,high,RISK,4
0,0,2,1,Hourly,2563,Yes,Rents,15,13,50,13,14,SPECIALIST OFFICE VISIT,OUT-OF-NETWORK,PERCENT PLAN PAYS,50,80,70,60,70,3,10,high,high,RISK,4
0,1,2,1,Bonus,2810,Yes,Owns,15,20,35,13,14,SPECIALIST OFFICE VISIT,OUT-OF-NETWORK,PERCENT PLAN PAYS,70,50,60,80,70,3,10,high,high,RISK,4
1,1,0,1,Hourly,2954,Yes,Owns,18,17,32,13,14,SPECIALIST OFFICE VISIT,OUT-OF-NETWORK,PERCENT PLAN PAYS,50,80,60,70,70,3,10,high,high,RISK,4
1,0,2,0,Hourly,2299,Yes,Owns,13,16,31,13,14,SPECIALIST OFFICE VISIT,OUT-OF-NETWORK,PERCENT PLAN PAYS,60,80,70,50,70,3,10,high,high,RISK,4
0,0,1,2,Hourly,1155,No,Rents,6,20,34,13,14,SPECIALIST OFFICE VISIT,OUT-OF-NETWORK,PERCENT PLAN PAYS,60,50,80,70,70,3,10,high,high,RISK,4
1,0,2,0,Bonus,1856,Yes,Rents,14,11,30,13,14,SPECIALIST OFFICE VISIT,OUT-OF-NETWORK,PERCENT PLAN PAYS,50,70,60,80,70,3,10,high,high,RISK,4
2,1,1,0,Salaried,3352,Yes,Rents,6,19,27,13,14,SPECIALIST OFFICE VISIT,OUT-OF-NETWORK,PERCENT PLAN PAYS,80,60,70,50,70,3,10,high,high,RISK,4
2,0,0,1,Hourly,3735,Yes,Owns,15,15,31,13,14,SPECIALIST OFFICE VISIT,OUT-OF-NETWORK,PERCENT PLAN PAYS,80,60,50,70,70,3,10,high,high,RISK,4
2,1,0,2,Salaried,1125,Yes,Rents,6,12,28,13,14,SPECIALIST OFFICE VISIT,OUT-OF-NETWORK,PERCENT PLAN PAYS,50,70,80,60,70,3,10,high,high,RISK,4
2,0,1,0,Bonus,4695,No,Owns,5,16,31,13,14,SPECIALIST OFFICE VISIT,OUT-OF-NETWORK,PERCENT PLAN PAYS,80,60,50,70,70,3,10,high,high,RISK,4
1,1,1,1,Salaried,1210,No,Rents,17,12,39,13,14,SPECIALIST OFFICE VISIT,OUT-OF-NETWORK,PERCENT PLAN PAYS,70,80,50,60,70,3,10,high,high,RISK,4
1,2,1,0,Bonus,3149,No,Owns,6,14,30,13,14,SPECIALIST OFFICE VISIT,OUT-OF-NETWORK,PERCENT PLAN PAYS,60,70,80,50,70,3,10,high,high,RISK,4
1,1,1,1,Bonus,3757,No,Rents,6,13,26,13,14,SPECIALIST OFFICE VISIT,OUT-OF-NETWORK,PERCENT PLAN PAYS,70,60,50,80,70,3,10,high,high,RISK,4
1,0,2,1,Salaried,4038,Yes,Rents,12,16,37,13,14,SPECIALIST OFFICE VISIT,OUT-OF-NETWORK,PERCENT PLAN PAYS,60,70,50,80,70,3,10,high,high,RISK,4
0,0,0,2,Bonus,381,No,Owns,8,16,39,13,14,SPECIALIST OFFICE VISIT,OUT-OF-NETWORK,PERCENT PLAN PAYS,80,50,70,60,70,3,10,high,high,RISK,4
0,0,1,1,Hourly,2879,Yes,Rents,16,14,30,13,14,SPECIALIST OFFICE VISIT,OUT-OF-NETWORK,PERCENT PLAN PAYS,70,80,60,50,70,3,10,high,high,RISK,4
1,2,0,0,Hourly,2246,No,Owns,17,14,34,13,14,SPECIALIST OFFICE VISIT,OUT-OF-NETWORK,PERCENT PLAN PAYS,50,60,80,70,70,3,10,high,high,RISK,4
0,2,1,0,Hourly,3337,No,Rents,7,19,30,13,14,SPECIALIST OFFICE VISIT,OUT-OF-NETWORK,PERCENT PLAN PAYS,50,80,60,70,70,3,10,high,high,RISK,4
1,1,1,1,Hourly,874,No,Owns,17,17,35,13,14,SPECIALIST OFFICE VISIT,OUT-OF-NETWORK,PERCENT PLAN PAYS,50,60,80,70,70,3,10,high,high,RISK,4
0,1,0,0,Hourly,4470,Yes,Owns,6,15,48,13,14,SPECIALIST OFFICE VISIT,OUT-OF-NETWORK,PERCENT PLAN PAYS,50,60,70,80,70,3,10,high,high,RISK,4
2,0,1,1,Hourly,3252,Yes,Owns,10,12,35,13,14,SPECIALIST OFFICE VISIT,OUT-OF-NETWORK,PERCENT PLAN PAYS,50,80,70,60,70,3,10,high,high,RISK,4
0,2,0,1,Hourly,176,Yes,Rents,9,18,32,13,14,SPECIALIST OFFICE VISIT,OUT-OF-NETWORK,PERCENT PLAN PAYS,70,50,60,80,70,3,10,high,high,RISK,4
1,0,2,0,Hourly,3681,Yes,Owns,6,13,27,13,14,SPECIALIST OFFICE VISIT,OUT-OF-NETWORK,PERCENT PLAN PAYS,80,70,60,50,70,3,10,high,high,RISK,4
1,2,1,2,Hourly,1019,Yes,Owns,15,20,28,13,14,SPECIALIST OFFICE VISIT,OUT-OF-NETWORK,PERCENT PLAN PAYS,70,80,60,50,70,3,10,high,high,RISK,4
1,2,1,1,Bonus,4493,Yes,Owns,18,14,29,13,14,SPECIALIST OFFICE VISIT,OUT-OF-NETWORK,PERCENT PLAN PAYS,70,80,60,50,70,3,10,high,high,RISK,4
1,2,2,0,Salaried,1012,Yes,Owns,15,13,50,13,14,SPECIALIST OFFICE VISIT,OUT-OF-NETWORK,PERCENT PLAN PAYS,70,60,80,50,70,3,10,high,high,RISK,4
0,0,1,1,Bonus,1248,Yes,Rents,7,20,35,13,14,SPECIALIST OFFICE VISIT,OUT-OF-NETWORK,PERCENT PLAN PAYS,60,80,50,70,70,3,10,high,high,RISK,4
0,0,1,0,Salaried,1214,No,Owns,6,17,32,13,14,SPECIALIST OFFICE VISIT,OUT-OF-NETWORK,PERCENT PLAN PAYS,50,70,60,80,70,3,10,high,high,RISK,4
1,0,1,0,Salaried,2852,Yes,Rents,6,16,31,13,14,SPECIALIST OFFICE VISIT,OUT-OF-NETWORK,PERCENT PLAN PAYS,50,60,80,70,70,3,10,high,high,RISK,4
1,0,0,0,Bonus,1440,Yes,Owns,10,20,34,13,14,SPECIALIST OFFICE VISIT,OUT-OF-NETWORK,PERCENT PLAN PAYS,60,80,70,50,70,3,10,high,high,RISK,4
1,0,1,0,Bonus,2951,No,Owns,11,11,30,13,14,SPECIALIST OFFICE VISIT,OUT-OF-NETWORK,PERCENT PLAN PAYS,80,60,70,50,70,3,10,high,high,RISK,4
3,2,1,3,Salaried,4377,No,Rents,24,48,52,13,15,SPECIALIST OFFICE VISIT,OUT-OF-NETWORK,PERCENT PLAN PAYS,70,50,60,80,80,4,20,high,high,RISK,4
1,1,2,1,Salaried,1919,No,Owns,25,33,56,13,15,SPECIALIST OFFICE VISIT,OUT-OF-NETWORK,PERCENT PLAN PAYS,50,80,70,60,80,4,20,high,high,RISK,4
2,2,1,1,Salaried,4671,Yes,Rents,33,23,53,13,15,SPECIALIST OFFICE VISIT,OUT-OF-NETWORK,PERCENT PLAN PAYS,50,70,80,60,80,4,20,high,high,RISK,4
3,2,1,1,Bonus,1139,No,Owns,29,38,56,13,15,SPECIALIST OFFICE VISIT,OUT-OF-NETWORK,PERCENT PLAN PAYS,70,50,80,60,80,4,20,high,high,RISK,4
1,2,3,2,Bonus,3085,No,Rents,23,24,64,13,15,SPECIALIST OFFICE VISIT,OUT-OF-NETWORK,PERCENT PLAN PAYS,60,70,80,50,80,4,20,high,high,RISK,4
1,2,3,1,Salaried,912,Yes,Rents,37,29,55,13,15,SPECIALIST OFFICE VISIT,OUT-OF-NETWORK,PERCENT PLAN PAYS,50,70,60,80,80,4,20,high,high,RISK,4
2,1,3,2,Hourly,3561,Yes,Owns,28,26,51,13,15,SPECIALIST OFFICE VISIT,OUT-OF-NETWORK,PERCENT PLAN PAYS,70,60,50,80,80,4,20,high,high,RISK,4
2,3,1,1,Hourly,4350,No,Rents,19,36,62,13,15,SPECIALIST OFFICE VISIT,OUT-OF-NETWORK,PERCENT PLAN PAYS,60,70,50,80,80,4,20,high,high,RISK,4
3,3,2,3,Salaried,3664,No,Owns,18,38,64,13,15,SPECIALIST OFFICE VISIT,OUT-OF-NETWORK,PERCENT PLAN PAYS,80,70,60,50,80,4,20,high,high,RISK,4
1,1,1,1,Bonus,1972,Yes,Owns,38,31,55,13,15,SPECIALIST OFFICE VISIT,OUT-OF-NETWORK,PERCENT PLAN PAYS,70,80,60,50,80,4,20,high,high,RISK,4
1,1,3,3,Salaried,1235,Yes,Rents,32,31,59,13,15,SPECIALIST OFFICE VISIT,OUT-OF-NETWORK,PERCENT PLAN PAYS,70,60,50,80,80,4,20,high,high,RISK,4
1,3,1,2,Bonus,2294,Yes,Owns,25,47,55,13,15,SPECIALIST OFFICE VISIT,OUT-OF-NETWORK,PERCENT PLAN PAYS,60,80,50,70,80,4,20,high,high,RISK,4
1,2,3,1,Salaried,4592,Yes,Rents,37,41,60,13,15,SPECIALIST OFFICE VISIT,OUT-OF-NETWORK,PERCENT PLAN PAYS,60,80,50,70,80,4,20,high,high,RISK,4
1,1,1,2,Hourly,2183,Yes,Owns,16,35,73,13,15,SPECIALIST OFFICE VISIT,OUT-OF-NETWORK,PERCENT PLAN PAYS,70,60,80,50,80,4,20,high,high,RISK,4
2,2,3,2,Salaried,1622,Yes,Rents,21,24,60,13,15,SPECIALIST OFFICE VISIT,OUT-OF-NETWORK,PERCENT PLAN PAYS,50,60,80,70,80,4,20,high,high,RISK,4
2,3,1,3,Salaried,4259,Yes,Rents,17,43,57,13,15,SPECIALIST OFFICE VISIT,OUT-OF-NETWORK,PERCENT PLAN PAYS,60,70,50,80,80,4,20,high,high,RISK,4
3,2,2,3,Salaried,4138,No,Owns,37,25,52,13,15,SPECIALIST OFFICE VISIT,OUT-OF-NETWORK,PERCENT PLAN PAYS,70,60,50,80,80,4,20,high,high,RISK,4
3,1,2,3,Bonus,2742,No,Owns,39,50,53,13,15,SPECIALIST OFFICE VISIT,OUT-OF-NETWORK,PERCENT PLAN PAYS,50,60,70,80,80,4,20,high,high,RISK,4
1,1,1,3,Bonus,4027,Yes,Rents,21,31,54,13,15,SPECIALIST OFFICE VISIT,OUT-OF-NETWORK,PERCENT PLAN PAYS,50,70,60,80,80,4,20,high,high,RISK,4
2,2,1,1,Bonus,3643,No,Rents,35,26,75,13,15,SPECIALIST OFFICE VISIT,OUT-OF-NETWORK,PERCENT PLAN PAYS,60,80,50,70,80,4,20,high,high,RISK,4
2,1,3,1,Salaried,1855,No,Rents,39,49,60,13,15,SPECIALIST OFFICE VISIT,OUT-OF-NETWORK,PERCENT PLAN PAYS,60,50,70,80,80,4,20,high,high,RISK,4
1,3,1,1,Bonus,4199,No,Owns,33,40,57,13,15,SPECIALIST OFFICE VISIT,OUT-OF-NETWORK,PERCENT PLAN PAYS,80,50,60,70,80,4,20,high,high,RISK,4
1,3,2,1,Salaried,358,No,Rents,28,36,56,13,15,SPECIALIST OFFICE VISIT,OUT-OF-NETWORK,PERCENT PLAN PAYS,70,80,50,60,80,4,20,high,high,RISK,4
2,2,2,1,Salaried,2175,No,Owns,35,49,59,13,15,SPECIALIST OFFICE VISIT,OUT-OF-NETWORK,PERCENT PLAN PAYS,50,80,60,70,80,4,20,high,high,RISK,4
2,2,1,1,Bonus,2804,No,Owns,26,20,55,13,15,SPECIALIST OFFICE VISIT,OUT-OF-NETWORK,PERCENT PLAN PAYS,50,70,80,60,80,4,20,high,high,RISK,4
3,3,3,2,Bonus,2793,Yes,Owns,39,48,52,13,15,SPECIALIST OFFICE VISIT,OUT-OF-NETWORK,PERCENT PLAN PAYS,50,70,80,60,80,4,20,high,high,RISK,4
3,1,3,1,Salaried,1366,No,Owns,32,33,56,13,15,SPECIALIST OFFICE VISIT,OUT-OF-NETWORK,PERCENT PLAN PAYS,60,70,50,80,80,4,20,high,high,RISK,4
1,2,2,3,Salaried,3990,No,Rents,30,23,53,13,15,SPECIALIST OFFICE VISIT,OUT-OF-NETWORK,PERCENT PLAN PAYS,70,80,50,60,80,4,20,high,high,RISK,4
1,2,2,1,Salaried,1625,No,Owns,36,38,56,13,15,SPECIALIST OFFICE VISIT,OUT-OF-NETWORK,PERCENT PLAN PAYS,60,70,50,80,80,4,20,high,high,RISK,4
2,3,1,1,Hourly,1178,No,Owns,15,24,64,13,15,SPECIALIST OFFICE VISIT,OUT-OF-NETWORK,PERCENT PLAN PAYS,50,60,70,80,80,4,20,high,high,RISK,4
2,1,1,1,Hourly,2665,No,Rents,20,29,55,13,15,SPECIALIST OFFICE VISIT,OUT-OF-NETWORK,PERCENT PLAN PAYS,50,70,60,80,80,4,20,high,high,RISK,4
2,3,3,1,Hourly,4144,No,Owns,23,26,51,13,15,SPECIALIST OFFICE VISIT,OUT-OF-NETWORK,PERCENT PLAN PAYS,60,50,70,80,80,4,20,high,high,RISK,4
2,2,3,1,Hourly,2547,Yes,Owns,32,36,62,13,15,SPECIALIST OFFICE VISIT,OUT-OF-NETWORK,PERCENT PLAN PAYS,70,60,80,50,80,4,20,high,high,RISK,4
2,1,2,1,Hourly,152,Yes,Owns,34,38,64,13,15,SPECIALIST OFFICE VISIT,OUT-OF-NETWORK,PERCENT PLAN PAYS,80,70,50,60,80,4,20,high,high,RISK,4
1,1,1,1,Bonus,2909,Yes,Rents,23,31,55,13,15,SPECIALIST OFFICE VISIT,OUT-OF-NETWORK,PERCENT PLAN PAYS,50,70,60,80,80,4,20,high,high,RISK,4
3,3,2,2,Bonus,2404,Yes,Owns,27,31,59,13,15,SPECIALIST OFFICE VISIT,OUT-OF-NETWORK,PERCENT PLAN PAYS,60,70,80,50,80,4,20,high,high,RISK,4
3,1,2,3,Bonus,144,Yes,Owns,24,47,55,13,15,SPECIALIST OFFICE VISIT,OUT-OF-NETWORK,PERCENT PLAN PAYS,60,50,80,70,80,4,20,high,high,RISK,4
3,1,2,1,Hourly,2250,No,Owns,26,41,60,13,15,SPECIALIST OFFICE VISIT,OUT-OF-NETWORK,PERCENT PLAN PAYS,80,50,60,70,80,4,20,high,high,RISK,4
3,1,1,1,Hourly,4826,No,Owns,25,35,73,13,15,SPECIALIST OFFICE VISIT,OUT-OF-NETWORK,PERCENT PLAN PAYS,80,70,50,60,80,4,20,high,high,RISK,4
2,2,1,1,Salaried,792,No,Owns,28,24,60,13,15,SPECIALIST OFFICE VISIT,OUT-OF-NETWORK,PERCENT PLAN PAYS,70,80,60,50,80,4,20,high,high,RISK,4
1,3,1,2,Hourly,3429,No,Rents,34,43,57,13,15,SPECIALIST OFFICE VISIT,OUT-OF-NETWORK,PERCENT PLAN PAYS,70,50,60,80,80,4,20,high,high,RISK,4
1,3,1,2,Hourly,1596,Yes,Owns,27,25,52,13,15,SPECIALIST OFFICE VISIT,OUT-OF-NETWORK,PERCENT PLAN PAYS,50,80,60,70,80,4,20,high,high,RISK,4
2,3,3,1,Salaried,83,Yes,Owns,19,50,53,13,15,SPECIALIST OFFICE VISIT,OUT-OF-NETWORK,PERCENT PLAN PAYS,80,50,70,60,80,4,20,high,high,RISK,4
2,3,1,3,Salaried,3601,No,Owns,17,31,54,13,15,SPECIALIST OFFICE VISIT,OUT-OF-NETWORK,PERCENT PLAN PAYS,50,60,80,70,80,4,20,high,high,RISK,4
2,2,1,2,Bonus,861,No,Owns,34,26,75,13,15,SPECIALIST OFFICE VISIT,OUT-OF-NETWORK,PERCENT PLAN PAYS,60,70,80,50,80,4,20,high,high,RISK,4
1,3,3,3,Salaried,2240,Yes,Rents,35,49,60,13,15,SPECIALIST OFFICE VISIT,OUT-OF-NETWORK,PERCENT PLAN PAYS,60,70,50,80,80,4,20,high,high,RISK,4
1,1,1,1,Hourly,2384,No,Rents,17,40,57,13,15,SPECIALIST OFFICE VISIT,OUT-OF-NETWORK,PERCENT PLAN PAYS,60,50,80,70,80,4,20,high,high,RISK,4
1,1,1,1,Bonus,2363,Yes,Rents,29,36,56,13,15,SPECIALIST OFFICE VISIT,OUT-OF-NETWORK,PERCENT PLAN PAYS,50,80,70,60,80,4,20,high,high,RISK,4
2,1,3,1,Salaried,4539,No,Owns,24,49,59,13,15,SPECIALIST OFFICE VISIT,OUT-OF-NETWORK,PERCENT PLAN PAYS,80,70,50,60,80,4,20,high,high,RISK,4
2,1,1,1,Bonus,489,No,Rents,23,20,55,13,15,SPECIALIST OFFICE VISIT,OUT-OF-NETWORK,PERCENT PLAN PAYS,70,50,60,80,80,4,20,high,high,RISK,4
2,3,1,3,Bonus,4623,Yes,Owns,19,48,52,13,15,SPECIALIST OFFICE VISIT,OUT-OF-NETWORK,PERCENT PLAN PAYS,50,80,70,60,80,4,20,high,high,RISK,4
2,1,1,1,Salaried,153,Yes,Owns,15,33,56,13,15,SPECIALIST OFFICE VISIT,OUT-OF-NETWORK,PERCENT PLAN PAYS,80,70,50,60,80,4,20,high,high,RISK,4
1,3,3,2,Salaried,3954,No,Owns,17,23,53,13,15,SPECIALIST OFFICE VISIT,OUT-OF-NETWORK,PERCENT PLAN PAYS,70,60,80,50,80,4,20,high,high,RISK,4
1,2,1,1,Salaried,4742,No,Rents,15,38,56,13,15,SPECIALIST OFFICE VISIT,OUT-OF-NETWORK,PERCENT PLAN PAYS,80,50,70,60,80,4,20,high,high,RISK,4
1,1,1,2,Hourly,3289,No,Rents,35,24,64,13,15,SPECIALIST OFFICE VISIT,OUT-OF-NETWORK,PERCENT PLAN PAYS,70,50,60,80,80,4,20,high,high,RISK,4
1,1,2,2,Bonus,3409,Yes,Rents,30,29,55,13,15,SPECIALIST OFFICE VISIT,OUT-OF-NETWORK,PERCENT PLAN PAYS,80,70,50,60,80,4,20,high,high,RISK,4
1,1,3,2,Bonus,3179,No,Rents,21,26,51,13,15,SPECIALIST OFFICE VISIT,OUT-OF-NETWORK,PERCENT PLAN PAYS,70,50,60,80,80,4,20,high,high,RISK,4
1,1,1,2,Bonus,4271,No,Rents,22,36,62,13,15,SPECIALIST OFFICE VISIT,OUT-OF-NETWORK,PERCENT PLAN PAYS,50,80,70,60,80,4,20,high,high,RISK,4
1,1,1,1,Hourly,4605,Yes,Rents,24,38,64,13,15,SPECIALIST OFFICE VISIT,OUT-OF-NETWORK,PERCENT PLAN PAYS,70,80,50,60,80,4,20,high,high,RISK,4
1,3,3,3,Salaried,3042,Yes,Rents,16,31,55,13,15,SPECIALIST OFFICE VISIT,OUT-OF-NETWORK,PERCENT PLAN PAYS,80,70,60,50,80,4,20,high,high,RISK,4
1,3,3,1,Hourly,170,No,Rents,37,31,59,13,15,SPECIALIST OFFICE VISIT,OUT-OF-NETWORK,PERCENT PLAN PAYS,80,50,60,70,80,4,20,high,high,RISK,4
1,1,1,3,Salaried,2062,No,Rents,20,47,55,13,15,SPECIALIST OFFICE VISIT,OUT-OF-NETWORK,PERCENT PLAN PAYS,70,60,80,50,80,4,20,high,high,RISK,4
2,2,3,3,Bonus,1962,No,Rents,15,41,60,13,15,SPECIALIST OFFICE VISIT,OUT-OF-NETWORK,PERCENT PLAN PAYS,70,60,80,50,80,4,20,high,high,RISK,4
1,1,1,1,Bonus,1006,No,Owns,27,35,73,13,15,SPECIALIST OFFICE VISIT,OUT-OF-NETWORK,PERCENT PLAN PAYS,50,60,80,70,80,4,20,high,high,RISK,4
1,3,2,3,Salaried,4555,No,Rents,20,24,60,13,15,SPECIALIST OFFICE VISIT,OUT-OF-NETWORK,PERCENT PLAN PAYS,70,80,50,60,80,4,20,high,high,RISK,4
3,1,2,1,Bonus,458,No,Rents,25,43,57,13,15,SPECIALIST OFFICE VISIT,OUT-OF-NETWORK,PERCENT PLAN PAYS,60,80,70,50,80,4,20,high,high,RISK,4
3,1,3,1,Hourly,1593,No,Owns,16,25,52,13,15,SPECIALIST OFFICE VISIT,OUT-OF-NETWORK,PERCENT PLAN PAYS,50,70,60,80,80,4,20,high,high,RISK,4
1,3,1,2,Hourly,4519,Yes,Owns,26,50,53,13,15,SPECIALIST OFFICE VISIT,OUT-OF-NETWORK,PERCENT PLAN PAYS,80,70,50,60,80,4,20,high,high,RISK,4
1,2,1,1,Bonus,2639,No,Rents,16,31,54,13,15,SPECIALIST OFFICE VISIT,OUT-OF-NETWORK,PERCENT PLAN PAYS,80,70,60,50,80,4,20,high,high,RISK,4
1,1,3,1,Hourly,2563,Yes,Rents,35,26,75,13,15,SPECIALIST OFFICE VISIT,OUT-OF-NETWORK,PERCENT PLAN PAYS,50,70,60,80,80,4,20,high,high,RISK,4
1,2,3,2,Bonus,2810,Yes,Owns,35,49,60,13,15,SPECIALIST OFFICE VISIT,OUT-OF-NETWORK,PERCENT PLAN PAYS,50,60,70,80,80,4,20,high,high,RISK,4
2,2,1,2,Hourly,2954,Yes,Owns,39,40,57,13,15,SPECIALIST OFFICE VISIT,OUT-OF-NETWORK,PERCENT PLAN PAYS,60,50,80,70,80,4,20,high,high,RISK,4
2,1,3,1,Hourly,2299,Yes,Owns,31,36,56,13,15,SPECIALIST OFFICE VISIT,OUT-OF-NETWORK,PERCENT PLAN PAYS,80,50,60,70,80,4,20,high,high,RISK,4
1,1,2,3,Hourly,1155,No,Rents,16,49,59,13,15,SPECIALIST OFFICE VISIT,OUT-OF-NETWORK,PERCENT PLAN PAYS,50,70,80,60,80,4,20,high,high,RISK,4
2,1,3,1,Bonus,1856,Yes,Rents,31,20,55,13,15,SPECIALIST OFFICE VISIT,OUT-OF-NETWORK,PERCENT PLAN PAYS,70,60,50,80,80,4,20,high,high,RISK,4
3,2,2,1,Salaried,3352,Yes,Rents,18,48,52,13,15,SPECIALIST OFFICE VISIT,OUT-OF-NETWORK,PERCENT PLAN PAYS,60,50,70,80,80,4,20,high,high,RISK,4
3,1,1,2,Hourly,3735,Yes,Owns,34,33,56,13,15,SPECIALIST OFFICE VISIT,OUT-OF-NETWORK,PERCENT PLAN PAYS,60,50,70,80,80,4,20,high,high,RISK,4
3,2,1,3,Salaried,1125,Yes,Rents,18,23,53,13,15,SPECIALIST OFFICE VISIT,OUT-OF-NETWORK,PERCENT PLAN PAYS,50,60,70,80,80,4,20,high,high,RISK,4
3,1,2,1,Bonus,4695,No,Owns,15,38,56,13,15,SPECIALIST OFFICE VISIT,OUT-OF-NETWORK,PERCENT PLAN PAYS,80,50,70,60,80,4,20,high,high,RISK,4
2,2,2,2,Salaried,1210,No,Rents,38,24,64,13,15,SPECIALIST OFFICE VISIT,OUT-OF-NETWORK,PERCENT PLAN PAYS,80,50,70,60,80,4,20,high,high,RISK,4
2,3,2,1,Bonus,3149,No,Owns,17,29,55,13,15,SPECIALIST OFFICE VISIT,OUT-OF-NETWORK,PERCENT PLAN PAYS,50,80,70,60,80,4,20,high,high,RISK,4
2,2,2,2,Bonus,3757,No,Rents,18,26,51,13,15,SPECIALIST OFFICE VISIT,OUT-OF-NETWORK,PERCENT PLAN PAYS,70,60,80,50,80,4,20,high,high,RISK,4
3,1,3,2,Salaried,4038,Yes,Rents,28,36,62,13,15,SPECIALIST OFFICE VISIT,OUT-OF-NETWORK,PERCENT PLAN PAYS,80,70,60,50,80,4,20,high,high,RISK,4
1,1,1,3,Bonus,381,No,Owns,20,38,64,13,15,SPECIALIST OFFICE VISIT,OUT-OF-NETWORK,PERCENT PLAN PAYS,70,50,60,80,80,4,20,high,high,RISK,4
1,1,1,2,Hourly,2879,Yes,Rents,37,31,55,13,15,SPECIALIST OFFICE VISIT,OUT-OF-NETWORK,PERCENT PLAN PAYS,60,80,50,70,80,4,20,high,high,RISK,4
2,3,1,1,Hourly,2246,No,Owns,38,31,59,13,15,SPECIALIST OFFICE VISIT,OUT-OF-NETWORK,PERCENT PLAN PAYS,70,50,80,60,80,4,20,high,high,RISK,4
1,3,2,1,Hourly,3337,No,Rents,18,47,55,13,15,SPECIALIST OFFICE VISIT,OUT-OF-NETWORK,PERCENT PLAN PAYS,70,50,60,80,80,4,20,high,high,RISK,4
2,2,1,2,Hourly,874,No,Owns,38,41,60,13,15,SPECIALIST OFFICE VISIT,OUT-OF-NETWORK,PERCENT PLAN PAYS,80,60,70,50,80,4,20,high,high,RISK,4
1,2,1,1,Hourly,4470,Yes,Owns,16,35,73,13,15,SPECIALIST OFFICE VISIT,OUT-OF-NETWORK,PERCENT PLAN PAYS,50,60,70,80,80,4,20,high,high,RISK,4
3,1,3,1,Hourly,3252,Yes,Owns,24,24,60,13,15,SPECIALIST OFFICE VISIT,OUT-OF-NETWORK,PERCENT PLAN PAYS,50,80,60,70,80,4,20,high,high,RISK,4
1,3,1,2,Hourly,176,Yes,Rents,23,43,57,13,15,SPECIALIST OFFICE VISIT,OUT-OF-NETWORK,PERCENT PLAN PAYS,60,70,80,50,80,4,20,high,high,RISK,4
2,1,3,1,Hourly,3681,Yes,Owns,17,25,52,13,15,SPECIALIST OFFICE VISIT,OUT-OF-NETWORK,PERCENT PLAN PAYS,80,50,60,70,80,4,20,high,high,RISK,4
1,3,2,3,Hourly,1019,Yes,Owns,35,50,53,13,15,SPECIALIST OFFICE VISIT,OUT-OF-NETWORK,PERCENT PLAN PAYS,50,70,80,60,80,4,20,high,high,RISK,4
1,3,2,1,Bonus,4493,Yes,Owns,39,31,54,13,15,SPECIALIST OFFICE VISIT,OUT-OF-NETWORK,PERCENT PLAN PAYS,50,70,60,80,80,4,20,high,high,RISK,4
1,3,3,1,Salaried,1012,Yes,Owns,34,26,75,13,15,SPECIALIST OFFICE VISIT,OUT-OF-NETWORK,PERCENT PLAN PAYS,60,80,70,50,80,4,20,high,high,RISK,4
1,1,2,1,Bonus,1248,Yes,Rents,18,49,60,13,15,SPECIALIST OFFICE VISIT,OUT-OF-NETWORK,PERCENT PLAN PAYS,50,60,70,80,80,4,20,high,high,RISK,4
1,1,2,1,Salaried,1214,No,Owns,17,40,57,13,15,SPECIALIST OFFICE VISIT,OUT-OF-NETWORK,PERCENT PLAN PAYS,60,70,50,80,80,4,20,high,high,RISK,4
2,1,1,1,Salaried,2852,Yes,Rents,18,36,56,13,15,SPECIALIST OFFICE VISIT,OUT-OF-NETWORK,PERCENT PLAN PAYS,80,60,70,50,80,4,20,high,high,RISK,4
2,1,1,1,Bonus,1440,Yes,Owns,24,49,59,13,15,SPECIALIST OFFICE VISIT,OUT-OF-NETWORK,PERCENT PLAN PAYS,70,80,60,50,80,4,20,high,high,RISK,4
3,1,3,1,Bonus,2951,No,Owns,26,20,55,13,15,SPECIALIST OFFICE VISIT,OUT-OF-NETWORK,PERCENT PLAN PAYS,80,70,50,60,80,4,20,high,high,RISK,4
4,3,2,4,Salaried,4377,No,Rents,46,73,76,13,16,SPECIALIST OFFICE VISIT,OUT-OF-NETWORK,PERCENT PLAN PAYS,80,50,70,60,80,4,50,high,high,RISK,4
2,3,4,2,Salaried,1919,No,Owns,48,61,80,13,16,SPECIALIST OFFICE VISIT,OUT-OF-NETWORK,PERCENT PLAN PAYS,70,60,50,80,80,4,50,high,high,RISK,4
4,4,3,2,Salaried,4671,Yes,Rents,57,53,77,13,16,SPECIALIST OFFICE VISIT,OUT-OF-NETWORK,PERCENT PLAN PAYS,70,60,50,80,80,4,50,high,high,RISK,4
4,4,2,2,Bonus,1139,No,Owns,52,65,80,13,16,SPECIALIST OFFICE VISIT,OUT-OF-NETWORK,PERCENT PLAN PAYS,70,80,60,50,80,4,50,high,high,RISK,4
3,4,4,3,Bonus,3085,No,Rents,45,54,88,13,16,SPECIALIST OFFICE VISIT,OUT-OF-NETWORK,PERCENT PLAN PAYS,60,70,50,80,80,4,50,high,high,RISK,4
3,4,4,3,Salaried,912,Yes,Rents,61,58,79,13,16,SPECIALIST OFFICE VISIT,OUT-OF-NETWORK,PERCENT PLAN PAYS,50,70,60,80,80,4,50,high,high,RISK,4
4,3,4,3,Hourly,3561,Yes,Owns,51,56,75,13,16,SPECIALIST OFFICE VISIT,OUT-OF-NETWORK,PERCENT PLAN PAYS,70,80,60,50,80,4,50,high,high,RISK,4
4,4,2,2,Hourly,4350,No,Rents,40,64,87,13,16,SPECIALIST OFFICE VISIT,OUT-OF-NETWORK,PERCENT PLAN PAYS,80,70,50,60,80,4,50,high,high,RISK,4
4,4,4,4,Salaried,3664,No,Owns,39,65,88,13,16,SPECIALIST OFFICE VISIT,OUT-OF-NETWORK,PERCENT PLAN PAYS,50,60,80,70,80,4,50,high,high,RISK,4
2,3,3,3,Bonus,1972,Yes,Owns,62,60,80,13,16,SPECIALIST OFFICE VISIT,OUT-OF-NETWORK,PERCENT PLAN PAYS,80,50,60,70,80,4,50,high,high,RISK,4
3,2,4,4,Salaried,1235,Yes,Rents,55,60,83,13,16,SPECIALIST OFFICE VISIT,OUT-OF-NETWORK,PERCENT PLAN PAYS,50,80,60,70,80,4,50,high,high,RISK,4
2,4,3,3,Bonus,2294,Yes,Owns,47,72,79,13,16,SPECIALIST OFFICE VISIT,OUT-OF-NETWORK,PERCENT PLAN PAYS,60,50,80,70,80,4,50,high,high,RISK,4
2,3,4,3,Salaried,4592,Yes,Rents,62,68,84,13,16,SPECIALIST OFFICE VISIT,OUT-OF-NETWORK,PERCENT PLAN PAYS,60,70,80,50,80,4,50,high,high,RISK,4
3,3,3,4,Hourly,2183,Yes,Owns,37,63,98,13,16,SPECIALIST OFFICE VISIT,OUT-OF-NETWORK,PERCENT PLAN PAYS,60,50,70,80,80,4,50,high,high,RISK,4
3,3,4,3,Salaried,1622,Yes,Rents,42,55,84,13,16,SPECIALIST OFFICE VISIT,OUT-OF-NETWORK,PERCENT PLAN PAYS,60,70,50,80,80,4,50,high,high,RISK,4
3,4,3,4,Salaried,4259,Yes,Rents,37,70,81,13,16,SPECIALIST OFFICE VISIT,OUT-OF-NETWORK,PERCENT PLAN PAYS,70,80,50,60,80,4,50,high,high,RISK,4
4,3,3,4,Salaried,4138,No,Owns,62,55,76,13,16,SPECIALIST OFFICE VISIT,OUT-OF-NETWORK,PERCENT PLAN PAYS,80,60,70,50,80,4,50,high,high,RISK,4
4,3,4,4,Bonus,2742,No,Owns,64,75,77,13,16,SPECIALIST OFFICE VISIT,OUT-OF-NETWORK,PERCENT PLAN PAYS,70,60,80,50,80,4,50,high,high,RISK,4
3,3,3,4,Bonus,4027,Yes,Rents,43,60,78,13,16,SPECIALIST OFFICE VISIT,OUT-OF-NETWORK,PERCENT PLAN PAYS,80,60,70,50,80,4,50,high,high,RISK,4
4,4,2,2,Bonus,3643,No,Rents,59,56,100,13,16,SPECIALIST OFFICE VISIT,OUT-OF-NETWORK,PERCENT PLAN PAYS,50,60,70,80,80,4,50,high,high,RISK,4
4,2,4,2,Salaried,1855,No,Rents,63,74,85,13,16,SPECIALIST OFFICE VISIT,OUT-OF-NETWORK,PERCENT PLAN PAYS,50,60,70,80,80,4,50,high,high,RISK,4
3,4,2,3,Bonus,4199,No,Owns,57,67,81,13,16,SPECIALIST OFFICE VISIT,OUT-OF-NETWORK,PERCENT PLAN PAYS,80,50,60,70,80,4,50,high,high,RISK,4
3,4,3,2,Salaried,358,No,Rents,50,64,80,13,16,SPECIALIST OFFICE VISIT,OUT-OF-NETWORK,PERCENT PLAN PAYS,60,50,70,80,80,4,50,high,high,RISK,4
4,3,4,3,Salaried,2175,No,Owns,59,75,83,13,16,SPECIALIST OFFICE VISIT,OUT-OF-NETWORK,PERCENT PLAN PAYS,60,80,50,70,80,4,50,high,high,RISK,4
4,4,2,2,Bonus,2804,No,Owns,48,51,79,13,16,SPECIALIST OFFICE VISIT,OUT-OF-NETWORK,PERCENT PLAN PAYS,60,50,80,70,80,4,50,high,high,RISK,4
4,4,4,4,Bonus,2793,Yes,Owns,63,73,76,13,16,SPECIALIST OFFICE VISIT,OUT-OF-NETWORK,PERCENT PLAN PAYS,80,60,50,70,80,4,50,high,high,RISK,4
4,3,4,2,Salaried,1366,No,Owns,56,61,80,13,16,SPECIALIST OFFICE VISIT,OUT-OF-NETWORK,PERCENT PLAN PAYS,50,80,70,60,80,4,50,high,high,RISK,4
2,4,4,4,Salaried,3990,No,Rents,53,53,77,13,16,SPECIALIST OFFICE VISIT,OUT-OF-NETWORK,PERCENT PLAN PAYS,70,60,50,80,80,4,50,high,high,RISK,4
2,4,3,3,Salaried,1625,No,Owns,60,65,80,13,16,SPECIALIST OFFICE VISIT,OUT-OF-NETWORK,PERCENT PLAN PAYS,50,80,70,60,80,4,50,high,high,RISK,4
4,4,3,3,Hourly,1178,No,Owns,35,54,88,13,16,SPECIALIST OFFICE VISIT,OUT-OF-NETWORK,PERCENT PLAN PAYS,60,50,70,80,80,4,50,high,high,RISK,4
3,3,2,2,Hourly,2665,No,Rents,41,58,79,13,16,SPECIALIST OFFICE VISIT,OUT-OF-NETWORK,PERCENT PLAN PAYS,60,80,50,70,80,4,50,high,high,RISK,4
4,4,4,2,Hourly,4144,No,Owns,44,56,75,13,16,SPECIALIST OFFICE VISIT,OUT-OF-NETWORK,PERCENT PLAN PAYS,80,70,50,60,80,4,50,high,high,RISK,4
3,3,4,3,Hourly,2547,Yes,Owns,55,64,87,13,16,SPECIALIST OFFICE VISIT,OUT-OF-NETWORK,PERCENT PLAN PAYS,70,80,60,50,80,4,50,high,high,RISK,4
4,3,4,2,Hourly,152,Yes,Owns,58,65,88,13,16,SPECIALIST OFFICE VISIT,OUT-OF-NETWORK,PERCENT PLAN PAYS,80,70,60,50,80,4,50,high,high,RISK,4
3,2,2,3,Bonus,2909,Yes,Rents,45,60,80,13,16,SPECIALIST OFFICE VISIT,OUT-OF-NETWORK,PERCENT PLAN PAYS,50,70,80,60,80,4,50,high,high,RISK,4
4,4,3,3,Bonus,2404,Yes,Owns,49,60,83,13,16,SPECIALIST OFFICE VISIT,OUT-OF-NETWORK,PERCENT PLAN PAYS,50,80,70,60,80,4,50,high,high,RISK,4
4,2,4,4,Bonus,144,Yes,Owns,46,72,79,13,16,SPECIALIST OFFICE VISIT,OUT-OF-NETWORK,PERCENT PLAN PAYS,60,70,80,50,80,4,50,high,high,RISK,4
4,2,4,2,Hourly,2250,No,Owns,48,68,84,13,16,SPECIALIST OFFICE VISIT,OUT-OF-NETWORK,PERCENT PLAN PAYS,80,60,50,70,80,4,50,high,high,RISK,4
4,3,3,3,Hourly,4826,No,Owns,47,63,98,13,16,SPECIALIST OFFICE VISIT,OUT-OF-NETWORK,PERCENT PLAN PAYS,80,50,70,60,80,4,50,high,high,RISK,4
4,4,2,3,Salaried,792,No,Owns,50,55,84,13,16,SPECIALIST OFFICE VISIT,OUT-OF-NETWORK,PERCENT PLAN PAYS,80,50,70,60,80,4,50,high,high,RISK,4
2,4,2,3,Hourly,3429,No,Rents,58,70,81,13,16,SPECIALIST OFFICE VISIT,OUT-OF-NETWORK,PERCENT PLAN PAYS,70,80,50,60,80,4,50,high,high,RISK,4
3,4,3,4,Hourly,1596,Yes,Owns,50,55,76,13,16,SPECIALIST OFFICE VISIT,OUT-OF-NETWORK,PERCENT PLAN PAYS,80,70,60,50,80,4,50,high,high,RISK,4
4,4,4,3,Salaried,83,Yes,Owns,40,75,77,13,16,SPECIALIST OFFICE VISIT,OUT-OF-NETWORK,PERCENT PLAN PAYS,80,70,60,50,80,4,50,high,high,RISK,4
4,4,3,4,Salaried,3601,No,Owns,38,60,78,13,16,SPECIALIST OFFICE VISIT,OUT-OF-NETWORK,PERCENT PLAN PAYS,80,50,70,60,80,4,50,high,high,RISK,4
3,4,2,4,Bonus,861,No,Owns,58,56,100,13,16,SPECIALIST OFFICE VISIT,OUT-OF-NETWORK,PERCENT PLAN PAYS,50,70,80,60,80,4,50,high,high,RISK,4
2,4,4,4,Salaried,2240,Yes,Rents,59,74,85,13,16,SPECIALIST OFFICE VISIT,OUT-OF-NETWORK,PERCENT PLAN PAYS,80,50,70,60,80,4,50,high,high,RISK,4
3,3,2,2,Hourly,2384,No,Rents,37,67,81,13,16,SPECIALIST OFFICE VISIT,OUT-OF-NETWORK,PERCENT PLAN PAYS,50,80,60,70,80,4,50,high,high,RISK,4
2,2,3,3,Bonus,2363,Yes,Rents,52,64,80,13,16,SPECIALIST OFFICE VISIT,OUT-OF-NETWORK,PERCENT PLAN PAYS,80,70,60,50,80,4,50,high,high,RISK,4
3,3,4,2,Salaried,4539,No,Owns,45,75,83,13,16,SPECIALIST OFFICE VISIT,OUT-OF-NETWORK,PERCENT PLAN PAYS,70,50,60,80,80,4,50,high,high,RISK,4
3,3,2,2,Bonus,489,No,Rents,45,51,79,13,16,SPECIALIST OFFICE VISIT,OUT-OF-NETWORK,PERCENT PLAN PAYS,50,60,80,70,80,4,50,high,high,RISK,4
4,4,2,4,Bonus,4623,Yes,Owns,40,73,76,13,16,SPECIALIST OFFICE VISIT,OUT-OF-NETWORK,PERCENT PLAN PAYS,70,80,50,60,80,4,50,high,high,RISK,4
3,3,3,2,Salaried,153,Yes,Owns,36,61,80,13,16,SPECIALIST OFFICE VISIT,OUT-OF-NETWORK,PERCENT PLAN PAYS,50,60,80,70,80,4,50,high,high,RISK,4
3,4,4,4,Salaried,3954,No,Owns,38,53,77,13,16,SPECIALIST OFFICE VISIT,OUT-OF-NETWORK,PERCENT PLAN PAYS,50,80,70,60,80,4,50,high,high,RISK,4
3,3,2,3,Salaried,4742,No,Rents,35,65,80,13,16,SPECIALIST OFFICE VISIT,OUT-OF-NETWORK,PERCENT PLAN PAYS,60,50,80,70,80,4,50,high,high,RISK,4
2,2,2,3,Hourly,3289,No,Rents,59,54,88,13,16,SPECIALIST OFFICE VISIT,OUT-OF-NETWORK,PERCENT PLAN PAYS,70,60,80,50,80,4,50,high,high,RISK,4
2,2,3,3,Bonus,3409,Yes,Rents,54,58,79,13,16,SPECIALIST OFFICE VISIT,OUT-OF-NETWORK,PERCENT PLAN PAYS,70,80,60,50,80,4,50,high,high,RISK,4
3,3,4,3,Bonus,3179,No,Rents,42,56,75,13,16,SPECIALIST OFFICE VISIT,OUT-OF-NETWORK,PERCENT PLAN PAYS,50,60,70,80,80,4,50,high,high,RISK,4
3,3,2,4,Bonus,4271,No,Rents,43,64,87,13,16,SPECIALIST OFFICE VISIT,OUT-OF-NETWORK,PERCENT PLAN PAYS,70,60,80,50,80,4,50,high,high,RISK,4
3,3,3,2,Hourly,4605,Yes,Rents,46,65,88,13,16,SPECIALIST OFFICE VISIT,OUT-OF-NETWORK,PERCENT PLAN PAYS,50,80,70,60,80,4,50,high,high,RISK,4
2,4,4,4,Salaried,3042,Yes,Rents,37,60,80,13,16,SPECIALIST OFFICE VISIT,OUT-OF-NETWORK,PERCENT PLAN PAYS,70,80,60,50,80,4,50,high,high,RISK,4
2,4,4,3,Hourly,170,No,Rents,61,60,83,13,16,SPECIALIST OFFICE VISIT,OUT-OF-NETWORK,PERCENT PLAN PAYS,80,60,50,70,80,4,50,high,high,RISK,4
2,3,3,4,Salaried,2062,No,Rents,40,72,79,13,16,SPECIALIST OFFICE VISIT,OUT-OF-NETWORK,PERCENT PLAN PAYS,60,70,80,50,80,4,50,high,high,RISK,4
4,4,4,4,Bonus,1962,No,Rents,35,68,84,13,16,SPECIALIST OFFICE VISIT,OUT-OF-NETWORK,PERCENT PLAN PAYS,50,80,70,60,80,4,50,high,high,RISK,4
2,2,3,2,Bonus,1006,No,Owns,50,63,98,13,16,SPECIALIST OFFICE VISIT,OUT-OF-NETWORK,PERCENT PLAN PAYS,50,70,80,60,80,4,50,high,high,RISK,4
2,4,3,4,Salaried,4555,No,Rents,42,55,84,13,16,SPECIALIST OFFICE VISIT,OUT-OF-NETWORK,PERCENT PLAN PAYS,60,80,50,70,80,4,50,high,high,RISK,4
4,3,4,3,Bonus,458,No,Rents,46,70,81,13,16,SPECIALIST OFFICE VISIT,OUT-OF-NETWORK,PERCENT PLAN PAYS,50,80,70,60,80,4,50,high,high,RISK,4
4,3,4,3,Hourly,1593,No,Owns,36,55,76,13,16,SPECIALIST OFFICE VISIT,OUT-OF-NETWORK,PERCENT PLAN PAYS,80,50,60,70,80,4,50,high,high,RISK,4
3,4,2,3,Hourly,4519,Yes,Owns,48,75,77,13,16,SPECIALIST OFFICE VISIT,OUT-OF-NETWORK,PERCENT PLAN PAYS,50,60,70,80,80,4,50,high,high,RISK,4
2,4,3,3,Bonus,2639,No,Rents,36,60,78,13,16,SPECIALIST OFFICE VISIT,OUT-OF-NETWORK,PERCENT PLAN PAYS,80,60,50,70,80,4,50,high,high,RISK,4
2,3,4,3,Hourly,2563,Yes,Rents,59,56,100,13,16,SPECIALIST OFFICE VISIT,OUT-OF-NETWORK,PERCENT PLAN PAYS,80,50,70,60,80,4,50,high,high,RISK,4
3,4,4,4,Bonus,2810,Yes,Owns,58,74,85,13,16,SPECIALIST OFFICE VISIT,OUT-OF-NETWORK,PERCENT PLAN PAYS,50,70,80,60,80,4,50,high,high,RISK,4
3,4,3,4,Hourly,2954,Yes,Owns,64,67,81,13,16,SPECIALIST OFFICE VISIT,OUT-OF-NETWORK,PERCENT PLAN PAYS,70,50,60,80,80,4,50,high,high,RISK,4
3,2,4,3,Hourly,2299,Yes,Owns,54,64,80,13,16,SPECIALIST OFFICE VISIT,OUT-OF-NETWORK,PERCENT PLAN PAYS,50,60,70,80,80,4,50,high,high,RISK,4
2,3,4,4,Hourly,1155,No,Rents,37,75,83,13,16,SPECIALIST OFFICE VISIT,OUT-OF-NETWORK,PERCENT PLAN PAYS,80,70,50,60,80,4,50,high,high,RISK,4
4,2,4,3,Bonus,1856,Yes,Rents,55,51,79,13,16,SPECIALIST OFFICE VISIT,OUT-OF-NETWORK,PERCENT PLAN PAYS,70,50,60,80,80,4,50,high,high,RISK,4
4,4,3,3,Salaried,3352,Yes,Rents,38,73,76,13,16,SPECIALIST OFFICE VISIT,OUT-OF-NETWORK,PERCENT PLAN PAYS,60,50,80,70,80,4,50,high,high,RISK,4
4,3,2,3,Hourly,3735,Yes,Owns,58,61,80,13,16,SPECIALIST OFFICE VISIT,OUT-OF-NETWORK,PERCENT PLAN PAYS,80,50,70,60,80,4,50,high,high,RISK,4
4,3,3,4,Salaried,1125,Yes,Rents,38,53,77,13,16,SPECIALIST OFFICE VISIT,OUT-OF-NETWORK,PERCENT PLAN PAYS,70,80,50,60,80,4,50,high,high,RISK,4
4,2,4,2,Bonus,4695,No,Owns,35,65,80,13,16,SPECIALIST OFFICE VISIT,OUT-OF-NETWORK,PERCENT PLAN PAYS,50,70,60,80,80,4,50,high,high,RISK,4
3,3,3,4,Salaried,1210,No,Rents,62,54,88,13,16,SPECIALIST OFFICE VISIT,OUT-OF-NETWORK,PERCENT PLAN PAYS,70,80,50,60,80,4,50,high,high,RISK,4
4,4,4,2,Bonus,3149,No,Owns,37,58,79,13,16,SPECIALIST OFFICE VISIT,OUT-OF-NETWORK,PERCENT PLAN PAYS,60,70,80,50,80,4,50,high,high,RISK,4
4,3,4,4,Bonus,3757,No,Rents,38,56,75,13,16,SPECIALIST OFFICE VISIT,OUT-OF-NETWORK,PERCENT PLAN PAYS,50,70,80,60,80,4,50,high,high,RISK,4
4,3,4,4,Salaried,4038,Yes,Rents,51,64,87,13,16,SPECIALIST OFFICE VISIT,OUT-OF-NETWORK,PERCENT PLAN PAYS,50,80,60,70,80,4,50,high,high,RISK,4
2,3,3,4,Bonus,381,No,Owns,41,65,88,13,16,SPECIALIST OFFICE VISIT,OUT-OF-NETWORK,PERCENT PLAN PAYS,70,80,60,50,80,4,50,high,high,RISK,4
3,3,3,3,Hourly,2879,Yes,Rents,61,60,80,13,16,SPECIALIST OFFICE VISIT,OUT-OF-NETWORK,PERCENT PLAN PAYS,70,60,80,50,80,4,50,high,high,RISK,4
4,4,3,2,Hourly,2246,No,Owns,62,60,83,13,16,SPECIALIST OFFICE VISIT,OUT-OF-NETWORK,PERCENT PLAN PAYS,80,50,70,60,80,4,50,high,high,RISK,4
2,4,3,2,Hourly,3337,No,Rents,39,72,79,13,16,SPECIALIST OFFICE VISIT,OUT-OF-NETWORK,PERCENT PLAN PAYS,60,50,80,70,80,4,50,high,high,RISK,4
4,3,3,4,Hourly,874,No,Owns,63,68,84,13,16,SPECIALIST OFFICE VISIT,OUT-OF-NETWORK,PERCENT PLAN PAYS,80,50,70,60,80,4,50,high,high,RISK,4
3,4,2,3,Hourly,4470,Yes,Owns,36,63,98,13,16,SPECIALIST OFFICE VISIT,OUT-OF-NETWORK,PERCENT PLAN PAYS,60,80,50,70,80,4,50,high,high,RISK,4
4,3,4,3,Hourly,3252,Yes,Owns,46,55,84,13,16,SPECIALIST OFFICE VISIT,OUT-OF-NETWORK,PERCENT PLAN PAYS,80,60,50,70,80,4,50,high,high,RISK,4
3,4,2,3,Hourly,176,Yes,Rents,45,70,81,13,16,SPECIALIST OFFICE VISIT,OUT-OF-NETWORK,PERCENT PLAN PAYS,80,60,50,70,80,4,50,high,high,RISK,4
4,3,4,2,Hourly,3681,Yes,Owns,38,55,76,13,16,SPECIALIST OFFICE VISIT,OUT-OF-NETWORK,PERCENT PLAN PAYS,50,70,60,80,80,4,50,high,high,RISK,4
3,4,4,4,Hourly,1019,Yes,Owns,59,75,77,13,16,SPECIALIST OFFICE VISIT,OUT-OF-NETWORK,PERCENT PLAN PAYS,80,50,70,60,80,4,50,high,high,RISK,4
3,4,4,3,Bonus,4493,Yes,Owns,64,60,78,13,16,SPECIALIST OFFICE VISIT,OUT-OF-NETWORK,PERCENT PLAN PAYS,60,80,70,50,80,4,50,high,high,RISK,4
3,4,4,2,Salaried,1012,Yes,Owns,58,56,100,13,16,SPECIALIST OFFICE VISIT,OUT-OF-NETWORK,PERCENT PLAN PAYS,60,50,70,80,80,4,50,high,high,RISK,4
2,2,4,3,Bonus,1248,Yes,Rents,39,74,85,13,16,SPECIALIST OFFICE VISIT,OUT-OF-NETWORK,PERCENT PLAN PAYS,60,50,70,80,80,4,50,high,high,RISK,4
2,3,3,3,Salaried,1214,No,Owns,37,67,81,13,16,SPECIALIST OFFICE VISIT,OUT-OF-NETWORK,PERCENT PLAN PAYS,80,60,50,70,80,4,50,high,high,RISK,4
4,3,3,2,Salaried,2852,Yes,Rents,38,64,80,13,16,SPECIALIST OFFICE VISIT,OUT-OF-NETWORK,PERCENT PLAN PAYS,80,50,70,60,80,4,50,high,high,RISK,4
3,3,2,2,Bonus,1440,Yes,Owns,46,75,83,13,16,SPECIALIST OFFICE VISIT,OUT-OF-NETWORK,PERCENT PLAN PAYS,80,50,70,60,80,4,50,high,high,RISK,4
4,2,4,3,Bonus,2951,No,Owns,48,51,79,13,16,SPECIALIST OFFICE VISIT,OUT-OF-NETWORK,PERCENT PLAN PAYS,70,80,60,50,80,4,50,high,high,RISK,4
1,0,0,1,Salaried,4377,No,Rents,4,9,1,14,1,OUTPATIENT SERVICES (SURGERY),IN-NETWORK,PERCENT PLAN PAYS,90,100,95,80,80,1,5,low,low,RISK,1
0,0,1,0,Salaried,1919,No,Owns,4,4,5,14,1,OUTPATIENT SERVICES (SURGERY),IN-NETWORK,PERCENT PLAN PAYS,80,100,90,95,80,1,5,low,low,RISK,1
0,0,0,0,Salaried,4671,Yes,Rents,7,1,2,14,1,OUTPATIENT SERVICES (SURGERY),IN-NETWORK,PERCENT PLAN PAYS,95,80,100,90,80,1,5,low,low,RISK,1
1,1,0,0,Bonus,1139,No,Owns,6,6,5,14,1,OUTPATIENT SERVICES (SURGERY),IN-NETWORK,PERCENT PLAN PAYS,95,90,80,100,80,1,5,low,low,RISK,1
0,1,1,0,Bonus,3085,No,Rents,3,1,13,14,1,OUTPATIENT SERVICES (SURGERY),IN-NETWORK,PERCENT PLAN PAYS,95,80,90,100,80,1,5,low,low,RISK,1
0,1,1,0,Salaried,912,Yes,Rents,9,3,4,14,1,OUTPATIENT SERVICES (SURGERY),IN-NETWORK,PERCENT PLAN PAYS,80,90,95,100,80,1,5,low,low,RISK,1
1,0,1,0,Hourly,3561,Yes,Owns,5,2,0,14,1,OUTPATIENT SERVICES (SURGERY),IN-NETWORK,PERCENT PLAN PAYS,80,100,90,95,80,1,5,low,low,RISK,1
1,1,0,0,Hourly,4350,No,Rents,2,5,12,14,1,OUTPATIENT SERVICES (SURGERY),IN-NETWORK,PERCENT PLAN PAYS,100,80,90,95,80,1,5,low,low,RISK,1
1,1,0,1,Salaried,3664,No,Owns,1,6,13,14,1,OUTPATIENT SERVICES (SURGERY),IN-NETWORK,PERCENT PLAN PAYS,80,95,90,100,80,1,5,low,low,RISK,1
0,0,0,0,Bonus,1972,Yes,Owns,9,4,5,14,1,OUTPATIENT SERVICES (SURGERY),IN-NETWORK,PERCENT PLAN PAYS,100,95,90,80,80,1,5,low,low,RISK,1
0,0,1,1,Salaried,1235,Yes,Rents,7,4,8,14,1,OUTPATIENT SERVICES (SURGERY),IN-NETWORK,PERCENT PLAN PAYS,95,80,100,90,80,1,5,low,low,RISK,1
0,1,0,0,Bonus,2294,Yes,Owns,4,9,4,14,1,OUTPATIENT SERVICES (SURGERY),IN-NETWORK,PERCENT PLAN PAYS,80,90,100,95,80,1,5,low,low,RISK,1
0,0,1,0,Salaried,4592,Yes,Rents,9,7,9,14,1,OUTPATIENT SERVICES (SURGERY),IN-NETWORK,PERCENT PLAN PAYS,100,80,90,95,80,1,5,low,low,RISK,1
0,0,0,1,Hourly,2183,Yes,Owns,1,5,23,14,1,OUTPATIENT SERVICES (SURGERY),IN-NETWORK,PERCENT PLAN PAYS,80,95,100,90,80,1,5,low,low,RISK,1
0,0,1,0,Salaried,1622,Yes,Rents,2,1,9,14,1,OUTPATIENT SERVICES (SURGERY),IN-NETWORK,PERCENT PLAN PAYS,95,80,90,100,80,1,5,low,low,RISK,1
0,1,0,1,Salaried,4259,Yes,Rents,1,8,6,14,1,OUTPATIENT SERVICES (SURGERY),IN-NETWORK,PERCENT PLAN PAYS,100,95,90,80,80,1,5,low,low,RISK,1
1,0,0,1,Salaried,4138,No,Owns,9,2,1,14,1,OUTPATIENT SERVICES (SURGERY),IN-NETWORK,PERCENT PLAN PAYS,90,95,100,80,80,1,5,low,low,RISK,1
1,0,0,1,Bonus,2742,No,Owns,10,10,2,14,1,OUTPATIENT SERVICES (SURGERY),IN-NETWORK,PERCENT PLAN PAYS,95,80,90,100,80,1,5,low,low,RISK,1
0,0,0,1,Bonus,4027,Yes,Rents,3,4,3,14,1,OUTPATIENT SERVICES (SURGERY),IN-NETWORK,PERCENT PLAN PAYS,80,95,90,100,80,1,5,low,low,RISK,1
1,0,0,0,Bonus,3643,No,Rents,8,2,25,14,1,OUTPATIENT SERVICES (SURGERY),IN-NETWORK,PERCENT PLAN PAYS,100,90,95,80,80,1,5,low,low,RISK,1
1,0,1,0,Salaried,1855,No,Rents,9,10,10,14,1,OUTPATIENT SERVICES (SURGERY),IN-NETWORK,PERCENT PLAN PAYS,90,95,80,100,80,1,5,low,low,RISK,1
0,1,0,0,Bonus,4199,No,Owns,7,7,6,14,1,OUTPATIENT SERVICES (SURGERY),IN-NETWORK,PERCENT PLAN PAYS,100,80,95,90,80,1,5,low,low,RISK,1
0,1,0,0,Salaried,358,No,Rents,5,5,5,14,1,OUTPATIENT SERVICES (SURGERY),IN-NETWORK,PERCENT PLAN PAYS,100,80,95,90,80,1,5,low,low,RISK,1
0,0,1,0,Salaried,2175,No,Owns,8,10,8,14,1,OUTPATIENT SERVICES (SURGERY),IN-NETWORK,PERCENT PLAN PAYS,80,90,95,100,80,1,5,low,low,RISK,1
0,1,0,0,Bonus,2804,No,Owns,4,0,4,14,1,OUTPATIENT SERVICES (SURGERY),IN-NETWORK,PERCENT PLAN PAYS,95,90,80,100,80,1,5,low,low,RISK,1
1,1,1,0,Bonus,2793,Yes,Owns,9,9,1,14,1,OUTPATIENT SERVICES (SURGERY),IN-NETWORK,PERCENT PLAN PAYS,95,80,90,100,80,1,5,low,low,RISK,1
1,0,1,0,Salaried,1366,No,Owns,7,4,5,14,1,OUTPATIENT SERVICES (SURGERY),IN-NETWORK,PERCENT PLAN PAYS,90,100,95,80,80,1,5,low,low,RISK,1
0,1,1,1,Salaried,3990,No,Rents,6,1,2,14,1,OUTPATIENT SERVICES (SURGERY),IN-NETWORK,PERCENT PLAN PAYS,95,90,100,80,80,1,5,low,low,RISK,1
0,0,0,0,Salaried,1625,No,Owns,8,6,5,14,1,OUTPATIENT SERVICES (SURGERY),IN-NETWORK,PERCENT PLAN PAYS,95,90,80,100,80,1,5,low,low,RISK,1
1,1,0,0,Hourly,1178,No,Owns,0,1,13,14,1,OUTPATIENT SERVICES (SURGERY),IN-NETWORK,PERCENT PLAN PAYS,100,80,95,90,80,1,5,low,low,RISK,1
0,0,0,0,Hourly,2665,No,Rents,2,3,4,14,1,OUTPATIENT SERVICES (SURGERY),IN-NETWORK,PERCENT PLAN PAYS,100,95,80,90,80,1,5,low,low,RISK,1
1,1,1,0,Hourly,4144,No,Owns,3,2,0,14,1,OUTPATIENT SERVICES (SURGERY),IN-NETWORK,PERCENT PLAN PAYS,80,100,90,95,80,1,5,low,low,RISK,1
0,0,1,0,Hourly,2547,Yes,Owns,7,5,12,14,1,OUTPATIENT SERVICES (SURGERY),IN-NETWORK,PERCENT PLAN PAYS,95,100,80,90,80,1,5,low,low,RISK,1
1,0,1,0,Hourly,152,Yes,Owns,8,6,13,14,1,OUTPATIENT SERVICES (SURGERY),IN-NETWORK,PERCENT PLAN PAYS,100,80,95,90,80,1,5,low,low,RISK,1
0,0,0,0,Bonus,2909,Yes,Rents,3,4,5,14,1,OUTPATIENT SERVICES (SURGERY),IN-NETWORK,PERCENT PLAN PAYS,100,90,95,80,80,1,5,low,low,RISK,1
1,1,0,0,Bonus,2404,Yes,Owns,5,4,8,14,1,OUTPATIENT SERVICES (SURGERY),IN-NETWORK,PERCENT PLAN PAYS,90,95,100,80,80,1,5,low,low,RISK,1
1,0,1,1,Bonus,144,Yes,Owns,4,9,4,14,1,OUTPATIENT SERVICES (SURGERY),IN-NETWORK,PERCENT PLAN PAYS,80,100,90,95,80,1,5,low,low,RISK,1
1,0,1,0,Hourly,2250,No,Owns,4,7,9,14,1,OUTPATIENT SERVICES (SURGERY),IN-NETWORK,PERCENT PLAN PAYS,80,100,90,95,80,1,5,low,low,RISK,1
1,0,0,0,Hourly,4826,No,Owns,4,5,23,14,1,OUTPATIENT SERVICES (SURGERY),IN-NETWORK,PERCENT PLAN PAYS,90,80,95,100,80,1,5,low,low,RISK,1
1,1,0,0,Salaried,792,No,Owns,5,1,9,14,1,OUTPATIENT SERVICES (SURGERY),IN-NETWORK,PERCENT PLAN PAYS,90,80,95,100,80,1,5,low,low,RISK,1
0,1,0,0,Hourly,3429,No,Rents,8,8,6,14,1,OUTPATIENT SERVICES (SURGERY),IN-NETWORK,PERCENT PLAN PAYS,80,95,100,90,80,1,5,low,low,RISK,1
0,1,0,0,Hourly,1596,Yes,Owns,5,2,1,14,1,OUTPATIENT SERVICES (SURGERY),IN-NETWORK,PERCENT PLAN PAYS,80,90,95,100,80,1,5,low,low,RISK,1
1,1,1,0,Salaried,83,Yes,Owns,2,10,2,14,1,OUTPATIENT SERVICES (SURGERY),IN-NETWORK,PERCENT PLAN PAYS,90,100,95,80,80,1,5,low,low,RISK,1
1,1,0,1,Salaried,3601,No,Owns,1,4,3,14,1,OUTPATIENT SERVICES (SURGERY),IN-NETWORK,PERCENT PLAN PAYS,95,90,80,100,80,1,5,low,low,RISK,1
0,0,0,1,Bonus,861,No,Owns,8,2,25,14,1,OUTPATIENT SERVICES (SURGERY),IN-NETWORK,PERCENT PLAN PAYS,100,95,90,80,80,1,5,low,low,RISK,1
0,1,1,1,Salaried,2240,Yes,Rents,8,10,10,14,1,OUTPATIENT SERVICES (SURGERY),IN-NETWORK,PERCENT PLAN PAYS,95,100,90,80,80,1,5,low,low,RISK,1
0,0,0,0,Hourly,2384,No,Rents,1,7,6,14,1,OUTPATIENT SERVICES (SURGERY),IN-NETWORK,PERCENT PLAN PAYS,90,80,100,95,80,1,5,low,low,RISK,1
0,0,0,0,Bonus,2363,Yes,Rents,6,5,5,14,1,OUTPATIENT SERVICES (SURGERY),IN-NETWORK,PERCENT PLAN PAYS,80,95,90,100,80,1,5,low,low,RISK,1
0,0,1,0,Salaried,4539,No,Owns,3,10,8,14,1,OUTPATIENT SERVICES (SURGERY),IN-NETWORK,PERCENT PLAN PAYS,95,80,100,90,80,1,5,low,low,RISK,1
0,0,0,0,Bonus,489,No,Rents,3,0,4,14,1,OUTPATIENT SERVICES (SURGERY),IN-NETWORK,PERCENT PLAN PAYS,100,80,90,95,80,1,5,low,low,RISK,1
0,1,0,1,Bonus,4623,Yes,Owns,2,9,1,14,1,OUTPATIENT SERVICES (SURGERY),IN-NETWORK,PERCENT PLAN PAYS,95,100,90,80,80,1,5,low,low,RISK,1
0,0,0,0,Salaried,153,Yes,Owns,0,4,5,14,1,OUTPATIENT SERVICES (SURGERY),IN-NETWORK,PERCENT PLAN PAYS,100,80,95,90,80,1,5,low,low,RISK,1
0,1,1,0,Salaried,3954,No,Owns,1,1,2,14,1,OUTPATIENT SERVICES (SURGERY),IN-NETWORK,PERCENT PLAN PAYS,90,80,100,95,80,1,5,low,low,RISK,1
0,0,0,0,Salaried,4742,No,Rents,0,6,5,14,1,OUTPATIENT SERVICES (SURGERY),IN-NETWORK,PERCENT PLAN PAYS,100,90,80,95,80,1,5,low,low,RISK,1
0,0,0,0,Hourly,3289,No,Rents,8,1,13,14,1,OUTPATIENT SERVICES (SURGERY),IN-NETWORK,PERCENT PLAN PAYS,95,100,90,80,80,1,5,low,low,RISK,1
0,0,0,0,Bonus,3409,Yes,Rents,6,3,4,14,1,OUTPATIENT SERVICES (SURGERY),IN-NETWORK,PERCENT PLAN PAYS,90,95,100,80,80,1,5,low,low,RISK,1
0,0,1,0,Bonus,3179,No,Rents,2,2,0,14,1,OUTPATIENT SERVICES (SURGERY),IN-NETWORK,PERCENT PLAN PAYS,80,90,95,100,80,1,5,low,low,RISK,1
0,0,0,0,Bonus,4271,No,Rents,3,5,12,14,1,OUTPATIENT SERVICES (SURGERY),IN-NETWORK,PERCENT PLAN PAYS,90,95,100,80,80,1,5,low,low,RISK,1
0,0,0,0,Hourly,4605,Yes,Rents,4,6,13,14,1,OUTPATIENT SERVICES (SURGERY),IN-NETWORK,PERCENT PLAN PAYS,95,90,80,100,80,1,5,low,low,RISK,1
0,1,1,1,Salaried,3042,Yes,Rents,1,4,5,14,1,OUTPATIENT SERVICES (SURGERY),IN-NETWORK,PERCENT PLAN PAYS,95,100,80,90,80,1,5,low,low,RISK,1
0,1,1,0,Hourly,170,No,Rents,9,4,8,14,1,OUTPATIENT SERVICES (SURGERY),IN-NETWORK,PERCENT PLAN PAYS,90,95,100,80,80,1,5,low,low,RISK,1
0,0,0,1,Salaried,2062,No,Rents,2,9,4,14,1,OUTPATIENT SERVICES (SURGERY),IN-NETWORK,PERCENT PLAN PAYS,80,100,90,95,80,1,5,low,low,RISK,1
1,0,1,1,Bonus,1962,No,Rents,0,7,9,14,1,OUTPATIENT SERVICES (SURGERY),IN-NETWORK,PERCENT PLAN PAYS,95,90,80,100,80,1,5,low,low,RISK,1
0,0,0,0,Bonus,1006,No,Owns,5,5,23,14,1,OUTPATIENT SERVICES (SURGERY),IN-NETWORK,PERCENT PLAN PAYS,95,80,90,100,80,1,5,low,low,RISK,1
0,1,0,1,Salaried,4555,No,Rents,2,1,9,14,1,OUTPATIENT SERVICES (SURGERY),IN-NETWORK,PERCENT PLAN PAYS,90,100,80,95,80,1,5,low,low,RISK,1
1,0,1,0,Bonus,458,No,Rents,4,8,6,14,1,OUTPATIENT SERVICES (SURGERY),IN-NETWORK,PERCENT PLAN PAYS,90,80,100,95,80,1,5,low,low,RISK,1
1,0,1,0,Hourly,1593,No,Owns,0,2,1,14,1,OUTPATIENT SERVICES (SURGERY),IN-NETWORK,PERCENT PLAN PAYS,100,90,95,80,80,1,5,low,low,RISK,1
0,1,0,0,Hourly,4519,Yes,Owns,4,10,2,14,1,OUTPATIENT SERVICES (SURGERY),IN-NETWORK,PERCENT PLAN PAYS,90,100,95,80,80,1,5,low,low,RISK,1
0,1,0,0,Bonus,2639,No,Rents,0,4,3,14,1,OUTPATIENT SERVICES (SURGERY),IN-NETWORK,PERCENT PLAN PAYS,90,80,100,95,80,1,5,low,low,RISK,1
0,0,1,0,Hourly,2563,Yes,Rents,8,2,25,14,1,OUTPATIENT SERVICES (SURGERY),IN-NETWORK,PERCENT PLAN PAYS,80,90,100,95,80,1,5,low,low,RISK,1
0,0,1,1,Bonus,2810,Yes,Owns,8,10,10,14,1,OUTPATIENT SERVICES (SURGERY),IN-NETWORK,PERCENT PLAN PAYS,100,90,80,95,80,1,5,low,low,RISK,1
0,0,0,1,Hourly,2954,Yes,Owns,10,7,6,14,1,OUTPATIENT SERVICES (SURGERY),IN-NETWORK,PERCENT PLAN PAYS,80,90,95,100,80,1,5,low,low,RISK,1
0,0,1,0,Hourly,2299,Yes,Owns,6,5,5,14,1,OUTPATIENT SERVICES (SURGERY),IN-NETWORK,PERCENT PLAN PAYS,90,100,80,95,80,1,5,low,low,RISK,1
0,0,1,1,Hourly,1155,No,Rents,1,10,8,14,1,OUTPATIENT SERVICES (SURGERY),IN-NETWORK,PERCENT PLAN PAYS,100,95,90,80,80,1,5,low,low,RISK,1
1,0,1,0,Bonus,1856,Yes,Rents,7,0,4,14,1,OUTPATIENT SERVICES (SURGERY),IN-NETWORK,PERCENT PLAN PAYS,100,80,90,95,80,1,5,low,low,RISK,1
1,1,0,0,Salaried,3352,Yes,Rents,1,9,1,14,1,OUTPATIENT SERVICES (SURGERY),IN-NETWORK,PERCENT PLAN PAYS,80,90,100,95,80,1,5,low,low,RISK,1
1,0,0,0,Hourly,3735,Yes,Owns,8,4,5,14,1,OUTPATIENT SERVICES (SURGERY),IN-NETWORK,PERCENT PLAN PAYS,90,100,80,95,80,1,5,low,low,RISK,1
1,0,0,1,Salaried,1125,Yes,Rents,1,1,2,14,1,OUTPATIENT SERVICES (SURGERY),IN-NETWORK,PERCENT PLAN PAYS,100,80,90,95,80,1,5,low,low,RISK,1
1,0,1,0,Bonus,4695,No,Owns,0,6,5,14,1,OUTPATIENT SERVICES (SURGERY),IN-NETWORK,PERCENT PLAN PAYS,100,95,80,90,80,1,5,low,low,RISK,1
0,0,0,1,Salaried,1210,No,Rents,9,1,13,14,1,OUTPATIENT SERVICES (SURGERY),IN-NETWORK,PERCENT PLAN PAYS,100,80,90,95,80,1,5,low,low,RISK,1
1,1,1,0,Bonus,3149,No,Owns,1,3,4,14,1,OUTPATIENT SERVICES (SURGERY),IN-NETWORK,PERCENT PLAN PAYS,90,100,80,95,80,1,5,low,low,RISK,1
1,0,0,0,Bonus,3757,No,Rents,1,2,0,14,1,OUTPATIENT SERVICES (SURGERY),IN-NETWORK,PERCENT PLAN PAYS,90,80,95,100,80,1,5,low,low,RISK,1
1,0,1,1,Salaried,4038,Yes,Rents,5,5,12,14,1,OUTPATIENT SERVICES (SURGERY),IN-NETWORK,PERCENT PLAN PAYS,95,100,80,90,80,1,5,low,low,RISK,1
0,0,0,1,Bonus,381,No,Owns,2,6,13,14,1,OUTPATIENT SERVICES (SURGERY),IN-NETWORK,PERCENT PLAN PAYS,95,90,80,100,80,1,5,low,low,RISK,1
0,0,0,0,Hourly,2879,Yes,Rents,9,4,5,14,1,OUTPATIENT SERVICES (SURGERY),IN-NETWORK,PERCENT PLAN PAYS,90,80,95,100,80,1,5,low,low,RISK,1
0,1,0,0,Hourly,2246,No,Owns,9,4,8,14,1,OUTPATIENT SERVICES (SURGERY),IN-NETWORK,PERCENT PLAN PAYS,95,80,90,100,80,1,5,low,low,RISK,1
0,1,0,0,Hourly,3337,No,Rents,1,9,4,14,1,OUTPATIENT SERVICES (SURGERY),IN-NETWORK,PERCENT PLAN PAYS,100,90,80,95,80,1,5,low,low,RISK,1
1,0,0,0,Hourly,874,No,Owns,9,7,9,14,1,OUTPATIENT SERVICES (SURGERY),IN-NETWORK,PERCENT PLAN PAYS,100,90,95,80,80,1,5,low,low,RISK,1
0,1,0,0,Hourly,4470,Yes,Owns,0,5,23,14,1,OUTPATIENT SERVICES (SURGERY),IN-NETWORK,PERCENT PLAN PAYS,100,90,95,80,80,1,5,low,low,RISK,1
1,0,1,0,Hourly,3252,Yes,Owns,4,1,9,14,1,OUTPATIENT SERVICES (SURGERY),IN-NETWORK,PERCENT PLAN PAYS,80,100,90,95,80,1,5,low,low,RISK,1
0,1,0,0,Hourly,176,Yes,Rents,3,8,6,14,1,OUTPATIENT SERVICES (SURGERY),IN-NETWORK,PERCENT PLAN PAYS,80,95,90,100,80,1,5,low,low,RISK,1
0,0,1,0,Hourly,3681,Yes,Owns,1,2,1,14,1,OUTPATIENT SERVICES (SURGERY),IN-NETWORK,PERCENT PLAN PAYS,100,90,80,95,80,1,5,low,low,RISK,1
0,1,1,1,Hourly,1019,Yes,Owns,8,10,2,14,1,OUTPATIENT SERVICES (SURGERY),IN-NETWORK,PERCENT PLAN PAYS,80,100,90,95,80,1,5,low,low,RISK,1
0,1,1,0,Bonus,4493,Yes,Owns,10,4,3,14,1,OUTPATIENT SERVICES (SURGERY),IN-NETWORK,PERCENT PLAN PAYS,90,95,100,80,80,1,5,low,low,RISK,1
0,1,1,0,Salaried,1012,Yes,Owns,8,2,25,14,1,OUTPATIENT SERVICES (SURGERY),IN-NETWORK,PERCENT PLAN PAYS,90,95,80,100,80,1,5,low,low,RISK,1
0,0,0,0,Bonus,1248,Yes,Rents,1,10,10,14,1,OUTPATIENT SERVICES (SURGERY),IN-NETWORK,PERCENT PLAN PAYS,95,100,90,80,80,1,5,low,low,RISK,1
0,0,0,0,Salaried,1214,No,Owns,1,7,6,14,1,OUTPATIENT SERVICES (SURGERY),IN-NETWORK,PERCENT PLAN PAYS,80,90,100,95,80,1,5,low,low,RISK,1
1,0,0,0,Salaried,2852,Yes,Rents,1,5,5,14,1,OUTPATIENT SERVICES (SURGERY),IN-NETWORK,PERCENT PLAN PAYS,100,95,80,90,80,1,5,low,low,RISK,1
0,0,0,0,Bonus,1440,Yes,Owns,4,10,8,14,1,OUTPATIENT SERVICES (SURGERY),IN-NETWORK,PERCENT PLAN PAYS,80,95,90,100,80,1,5,low,low,RISK,1
1,0,1,0,Bonus,2951,No,Owns,4,0,4,14,1,OUTPATIENT SERVICES (SURGERY),IN-NETWORK,PERCENT PLAN PAYS,100,90,95,80,80,1,5,low,low,RISK,1
2,1,0,2,Salaried,4377,No,Rents,10,19,27,14,2,OUTPATIENT SERVICES (SURGERY),IN-NETWORK,PERCENT PLAN PAYS,100,95,80,90,80,1,10,low,low,RISK,1
0,1,1,0,Salaried,1919,No,Owns,10,15,31,14,2,OUTPATIENT SERVICES (SURGERY),IN-NETWORK,PERCENT PLAN PAYS,95,80,90,100,80,1,10,low,low,RISK,1
1,1,0,0,Salaried,4671,Yes,Rents,15,12,28,14,2,OUTPATIENT SERVICES (SURGERY),IN-NETWORK,PERCENT PLAN PAYS,80,90,100,95,80,1,10,low,low,RISK,1
2,1,0,0,Bonus,1139,No,Owns,13,16,31,14,2,OUTPATIENT SERVICES (SURGERY),IN-NETWORK,PERCENT PLAN PAYS,95,80,100,90,80,1,10,low,low,RISK,1
1,1,2,1,Bonus,3085,No,Rents,9,12,39,14,2,OUTPATIENT SERVICES (SURGERY),IN-NETWORK,PERCENT PLAN PAYS,95,100,90,80,80,1,10,low,low,RISK,1
0,1,2,0,Salaried,912,Yes,Rents,16,14,30,14,2,OUTPATIENT SERVICES (SURGERY),IN-NETWORK,PERCENT PLAN PAYS,80,95,90,100,80,1,10,low,low,RISK,1
1,0,2,1,Hourly,3561,Yes,Owns,12,13,26,14,2,OUTPATIENT SERVICES (SURGERY),IN-NETWORK,PERCENT PLAN PAYS,80,95,90,100,80,1,10,low,low,RISK,1
1,2,0,0,Hourly,4350,No,Rents,7,16,37,14,2,OUTPATIENT SERVICES (SURGERY),IN-NETWORK,PERCENT PLAN PAYS,90,100,95,80,80,1,10,low,low,RISK,1
2,2,1,2,Salaried,3664,No,Owns,7,16,39,14,2,OUTPATIENT SERVICES (SURGERY),IN-NETWORK,PERCENT PLAN PAYS,80,100,90,95,80,1,10,low,low,RISK,1
0,0,0,1,Bonus,1972,Yes,Owns,17,14,30,14,2,OUTPATIENT SERVICES (SURGERY),IN-NETWORK,PERCENT PLAN PAYS,95,80,100,90,80,1,10,low,low,RISK,1
1,0,2,2,Salaried,1235,Yes,Rents,14,14,34,14,2,OUTPATIENT SERVICES (SURGERY),IN-NETWORK,PERCENT PLAN PAYS,100,80,90,95,80,1,10,low,low,RISK,1
0,2,0,1,Bonus,2294,Yes,Owns,10,19,30,14,2,OUTPATIENT SERVICES (SURGERY),IN-NETWORK,PERCENT PLAN PAYS,90,95,80,100,80,1,10,low,low,RISK,1
0,1,2,0,Salaried,4592,Yes,Rents,16,17,35,14,2,OUTPATIENT SERVICES (SURGERY),IN-NETWORK,PERCENT PLAN PAYS,90,95,80,100,80,1,10,low,low,RISK,1
0,0,1,1,Hourly,2183,Yes,Owns,6,15,48,14,2,OUTPATIENT SERVICES (SURGERY),IN-NETWORK,PERCENT PLAN PAYS,80,100,95,90,80,1,10,low,low,RISK,1
1,1,2,1,Salaried,1622,Yes,Rents,8,12,35,14,2,OUTPATIENT SERVICES (SURGERY),IN-NETWORK,PERCENT PLAN PAYS,95,90,80,100,80,1,10,low,low,RISK,1
1,2,1,2,Salaried,4259,Yes,Rents,6,18,32,14,2,OUTPATIENT SERVICES (SURGERY),IN-NETWORK,PERCENT PLAN PAYS,80,90,100,95,80,1,10,low,low,RISK,1
2,1,1,2,Salaried,4138,No,Owns,17,13,27,14,2,OUTPATIENT SERVICES (SURGERY),IN-NETWORK,PERCENT PLAN PAYS,80,100,90,95,80,1,10,low,low,RISK,1
2,0,1,2,Bonus,2742,No,Owns,17,20,28,14,2,OUTPATIENT SERVICES (SURGERY),IN-NETWORK,PERCENT PLAN PAYS,90,100,95,80,80,1,10,low,low,RISK,1
1,1,0,2,Bonus,4027,Yes,Rents,8,14,29,14,2,OUTPATIENT SERVICES (SURGERY),IN-NETWORK,PERCENT PLAN PAYS,100,95,90,80,80,1,10,low,low,RISK,1
1,1,0,0,Bonus,3643,No,Rents,16,13,50,14,2,OUTPATIENT SERVICES (SURGERY),IN-NETWORK,PERCENT PLAN PAYS,95,80,100,90,80,1,10,low,low,RISK,1
1,0,2,0,Salaried,1855,No,Rents,17,20,35,14,2,OUTPATIENT SERVICES (SURGERY),IN-NETWORK,PERCENT PLAN PAYS,80,100,90,95,80,1,10,low,low,RISK,1
1,2,0,1,Bonus,4199,No,Owns,14,17,32,14,2,OUTPATIENT SERVICES (SURGERY),IN-NETWORK,PERCENT PLAN PAYS,90,80,100,95,80,1,10,low,low,RISK,1
0,2,1,0,Salaried,358,No,Rents,12,16,31,14,2,OUTPATIENT SERVICES (SURGERY),IN-NETWORK,PERCENT PLAN PAYS,90,80,95,100,80,1,10,low,low,RISK,1
1,1,1,1,Salaried,2175,No,Owns,16,20,34,14,2,OUTPATIENT SERVICES (SURGERY),IN-NETWORK,PERCENT PLAN PAYS,90,95,100,80,80,1,10,low,low,RISK,1
1,1,0,0,Bonus,2804,No,Owns,11,11,30,14,2,OUTPATIENT SERVICES (SURGERY),IN-NETWORK,PERCENT PLAN PAYS,80,95,100,90,80,1,10,low,low,RISK,1
2,1,2,1,Bonus,2793,Yes,Owns,17,19,27,14,2,OUTPATIENT SERVICES (SURGERY),IN-NETWORK,PERCENT PLAN PAYS,100,90,80,95,80,1,10,low,low,RISK,1
2,0,2,0,Salaried,1366,No,Owns,14,15,31,14,2,OUTPATIENT SERVICES (SURGERY),IN-NETWORK,PERCENT PLAN PAYS,90,80,95,100,80,1,10,low,low,RISK,1
0,1,1,2,Salaried,3990,No,Rents,13,12,28,14,2,OUTPATIENT SERVICES (SURGERY),IN-NETWORK,PERCENT PLAN PAYS,95,80,100,90,80,1,10,low,low,RISK,1
0,1,1,0,Salaried,1625,No,Owns,16,16,31,14,2,OUTPATIENT SERVICES (SURGERY),IN-NETWORK,PERCENT PLAN PAYS,90,100,95,80,80,1,10,low,low,RISK,1
1,2,0,0,Hourly,1178,No,Owns,5,12,39,14,2,OUTPATIENT SERVICES (SURGERY),IN-NETWORK,PERCENT PLAN PAYS,90,95,80,100,80,1,10,low,low,RISK,1
1,1,0,0,Hourly,2665,No,Rents,8,14,30,14,2,OUTPATIENT SERVICES (SURGERY),IN-NETWORK,PERCENT PLAN PAYS,80,90,95,100,80,1,10,low,low,RISK,1
1,1,2,0,Hourly,4144,No,Owns,9,13,26,14,2,OUTPATIENT SERVICES (SURGERY),IN-NETWORK,PERCENT PLAN PAYS,95,100,90,80,80,1,10,low,low,RISK,1
1,1,2,0,Hourly,2547,Yes,Owns,14,16,37,14,2,OUTPATIENT SERVICES (SURGERY),IN-NETWORK,PERCENT PLAN PAYS,90,100,80,95,80,1,10,low,low,RISK,1
1,1,1,0,Hourly,152,Yes,Owns,15,16,39,14,2,OUTPATIENT SERVICES (SURGERY),IN-NETWORK,PERCENT PLAN PAYS,80,90,95,100,80,1,10,low,low,RISK,1
0,0,0,0,Bonus,2909,Yes,Rents,9,14,30,14,2,OUTPATIENT SERVICES (SURGERY),IN-NETWORK,PERCENT PLAN PAYS,95,80,90,100,80,1,10,low,low,RISK,1
2,2,1,1,Bonus,2404,Yes,Owns,11,14,34,14,2,OUTPATIENT SERVICES (SURGERY),IN-NETWORK,PERCENT PLAN PAYS,80,100,90,95,80,1,10,low,low,RISK,1
2,0,1,2,Bonus,144,Yes,Owns,10,19,30,14,2,OUTPATIENT SERVICES (SURGERY),IN-NETWORK,PERCENT PLAN PAYS,90,80,100,95,80,1,10,low,low,RISK,1
2,0,1,0,Hourly,2250,No,Owns,11,17,35,14,2,OUTPATIENT SERVICES (SURGERY),IN-NETWORK,PERCENT PLAN PAYS,80,95,90,100,80,1,10,low,low,RISK,1
2,0,0,0,Hourly,4826,No,Owns,10,15,48,14,2,OUTPATIENT SERVICES (SURGERY),IN-NETWORK,PERCENT PLAN PAYS,80,100,90,95,80,1,10,low,low,RISK,1
1,1,0,0,Salaried,792,No,Owns,12,12,35,14,2,OUTPATIENT SERVICES (SURGERY),IN-NETWORK,PERCENT PLAN PAYS,90,80,95,100,80,1,10,low,low,RISK,1
0,2,0,1,Hourly,3429,No,Rents,15,18,32,14,2,OUTPATIENT SERVICES (SURGERY),IN-NETWORK,PERCENT PLAN PAYS,80,90,95,100,80,1,10,low,low,RISK,1
0,2,0,1,Hourly,1596,Yes,Owns,11,13,27,14,2,OUTPATIENT SERVICES (SURGERY),IN-NETWORK,PERCENT PLAN PAYS,100,95,80,90,80,1,10,low,low,RISK,1
1,1,2,0,Salaried,83,Yes,Owns,7,20,28,14,2,OUTPATIENT SERVICES (SURGERY),IN-NETWORK,PERCENT PLAN PAYS,95,90,80,100,80,1,10,low,low,RISK,1
1,2,0,2,Salaried,3601,No,Owns,6,14,29,14,2,OUTPATIENT SERVICES (SURGERY),IN-NETWORK,PERCENT PLAN PAYS,95,90,100,80,80,1,10,low,low,RISK,1
1,1,0,1,Bonus,861,No,Owns,15,13,50,14,2,OUTPATIENT SERVICES (SURGERY),IN-NETWORK,PERCENT PLAN PAYS,95,100,90,80,80,1,10,low,low,RISK,1
1,0,0,0,Hourly,2384,No,Rents,6,17,32,14,2,OUTPATIENT SERVICES (SURGERY),IN-NETWORK,PERCENT PLAN PAYS,80,100,90,95,80,1,10,low,low,RISK,1
0,0,0,0,Bonus,2363,Yes,Rents,12,16,31,14,2,OUTPATIENT SERVICES (SURGERY),IN-NETWORK,PERCENT PLAN PAYS,90,100,95,80,80,1,10,low,low,RISK,1
1,1,2,0,Salaried,4539,No,Owns,10,20,34,14,2,OUTPATIENT SERVICES (SURGERY),IN-NETWORK,PERCENT PLAN PAYS,100,80,95,90,80,1,10,low,low,RISK,1
1,1,0,0,Bonus,489,No,Rents,9,11,30,14,2,OUTPATIENT SERVICES (SURGERY),IN-NETWORK,PERCENT PLAN PAYS,95,90,80,100,80,1,10,low,low,RISK,1
1,2,0,2,Bonus,4623,Yes,Owns,7,19,27,14,2,OUTPATIENT SERVICES (SURGERY),IN-NETWORK,PERCENT PLAN PAYS,100,95,80,90,80,1,10,low,low,RISK,1
1,0,0,0,Salaried,153,Yes,Owns,5,15,31,14,2,OUTPATIENT SERVICES (SURGERY),IN-NETWORK,PERCENT PLAN PAYS,90,95,80,100,80,1,10,low,low,RISK,1
0,2,2,1,Salaried,3954,No,Owns,6,12,28,14,2,OUTPATIENT SERVICES (SURGERY),IN-NETWORK,PERCENT PLAN PAYS,95,80,90,100,80,1,10,low,low,RISK,1
0,1,0,0,Salaried,4742,No,Rents,5,16,31,14,2,OUTPATIENT SERVICES (SURGERY),IN-NETWORK,PERCENT PLAN PAYS,95,90,100,80,80,1,10,low,low,RISK,1
0,0,0,1,Hourly,3289,No,Rents,15,12,39,14,2,OUTPATIENT SERVICES (SURGERY),IN-NETWORK,PERCENT PLAN PAYS,95,100,90,80,80,1,10,low,low,RISK,1
0,0,1,1,Bonus,3409,Yes,Rents,13,14,30,14,2,OUTPATIENT SERVICES (SURGERY),IN-NETWORK,PERCENT PLAN PAYS,100,80,90,95,80,1,10,low,low,RISK,1
0,0,2,1,Bonus,3179,No,Rents,8,13,26,14,2,OUTPATIENT SERVICES (SURGERY),IN-NETWORK,PERCENT PLAN PAYS,95,90,80,100,80,1,10,low,low,RISK,1
0,0,0,1,Bonus,4271,No,Rents,9,16,37,14,2,OUTPATIENT SERVICES (SURGERY),IN-NETWORK,PERCENT PLAN PAYS,80,90,95,100,80,1,10,low,low,RISK,1
0,0,0,0,Hourly,4605,Yes,Rents,10,16,39,14,2,OUTPATIENT SERVICES (SURGERY),IN-NETWORK,PERCENT PLAN PAYS,80,90,100,95,80,1,10,low,low,RISK,1
0,2,2,2,Salaried,3042,Yes,Rents,6,14,30,14,2,OUTPATIENT SERVICES (SURGERY),IN-NETWORK,PERCENT PLAN PAYS,95,100,80,90,80,1,10,low,low,RISK,1
0,2,2,0,Hourly,170,No,Rents,16,14,34,14,2,OUTPATIENT SERVICES (SURGERY),IN-NETWORK,PERCENT PLAN PAYS,80,100,90,95,80,1,10,low,low,RISK,1
0,1,0,2,Salaried,2062,No,Rents,7,19,30,14,2,OUTPATIENT SERVICES (SURGERY),IN-NETWORK,PERCENT PLAN PAYS,100,95,80,90,80,1,10,low,low,RISK,1
1,1,2,2,Bonus,1962,No,Rents,5,17,35,14,2,OUTPATIENT SERVICES (SURGERY),IN-NETWORK,PERCENT PLAN PAYS,80,90,100,95,80,1,10,low,low,RISK,1
0,0,0,0,Bonus,1006,No,Owns,11,15,48,14,2,OUTPATIENT SERVICES (SURGERY),IN-NETWORK,PERCENT PLAN PAYS,100,95,80,90,80,1,10,low,low,RISK,1
0,2,1,2,Salaried,4555,No,Rents,8,12,35,14,2,OUTPATIENT SERVICES (SURGERY),IN-NETWORK,PERCENT PLAN PAYS,80,90,95,100,80,1,10,low,low,RISK,1
2,1,1,0,Bonus,458,No,Rents,10,18,32,14,2,OUTPATIENT SERVICES (SURGERY),IN-NETWORK,PERCENT PLAN PAYS,90,100,95,80,80,1,10,low,low,RISK,1
2,0,2,1,Hourly,1593,No,Owns,5,13,27,14,2,OUTPATIENT SERVICES (SURGERY),IN-NETWORK,PERCENT PLAN PAYS,95,80,100,90,80,1,10,low,low,RISK,1
0,2,0,1,Hourly,4519,Yes,Owns,11,20,28,14,2,OUTPATIENT SERVICES (SURGERY),IN-NETWORK,PERCENT PLAN PAYS,90,100,80,95,80,1,10,low,low,RISK,1
0,1,0,0,Bonus,2639,No,Rents,5,14,29,14,2,OUTPATIENT SERVICES (SURGERY),IN-NETWORK,PERCENT PLAN PAYS,95,90,80,100,80,1,10,low,low,RISK,1
0,0,2,1,Hourly,2563,Yes,Rents,15,13,50,14,2,OUTPATIENT SERVICES (SURGERY),IN-NETWORK,PERCENT PLAN PAYS,100,80,90,95,80,1,10,low,low,RISK,1
0,1,2,1,Bonus,2810,Yes,Owns,15,20,35,14,2,OUTPATIENT SERVICES (SURGERY),IN-NETWORK,PERCENT PLAN PAYS,80,95,90,100,80,1,10,low,low,RISK,1
1,1,0,1,Hourly,2954,Yes,Owns,18,17,32,14,2,OUTPATIENT SERVICES (SURGERY),IN-NETWORK,PERCENT PLAN PAYS,80,90,95,100,80,1,10,low,low,RISK,1
1,0,2,0,Hourly,2299,Yes,Owns,13,16,31,14,2,OUTPATIENT SERVICES (SURGERY),IN-NETWORK,PERCENT PLAN PAYS,80,95,100,90,80,1,10,low,low,RISK,1
0,0,1,2,Hourly,1155,No,Rents,6,20,34,14,2,OUTPATIENT SERVICES (SURGERY),IN-NETWORK,PERCENT PLAN PAYS,100,95,80,90,80,1,10,low,low,RISK,1
1,0,2,0,Bonus,1856,Yes,Rents,14,11,30,14,2,OUTPATIENT SERVICES (SURGERY),IN-NETWORK,PERCENT PLAN PAYS,100,95,80,90,80,1,10,low,low,RISK,1
2,1,1,0,Salaried,3352,Yes,Rents,6,19,27,14,2,OUTPATIENT SERVICES (SURGERY),IN-NETWORK,PERCENT PLAN PAYS,80,100,90,95,80,1,10,low,low,RISK,1
2,0,0,1,Hourly,3735,Yes,Owns,15,15,31,14,2,OUTPATIENT SERVICES (SURGERY),IN-NETWORK,PERCENT PLAN PAYS,100,90,95,80,80,1,10,low,low,RISK,1
2,1,0,2,Salaried,1125,Yes,Rents,6,12,28,14,2,OUTPATIENT SERVICES (SURGERY),IN-NETWORK,PERCENT PLAN PAYS,90,80,95,100,80,1,10,low,low,RISK,1
2,0,1,0,Bonus,4695,No,Owns,5,16,31,14,2,OUTPATIENT SERVICES (SURGERY),IN-NETWORK,PERCENT PLAN PAYS,100,80,95,90,80,1,10,low,low,RISK,1
1,1,1,1,Salaried,1210,No,Rents,17,12,39,14,2,OUTPATIENT SERVICES (SURGERY),IN-NETWORK,PERCENT PLAN PAYS,95,80,90,100,80,1,10,low,low,RISK,1
1,2,1,0,Bonus,3149,No,Owns,6,14,30,14,2,OUTPATIENT SERVICES (SURGERY),IN-NETWORK,PERCENT PLAN PAYS,95,100,90,80,80,1,10,low,low,RISK,1
1,1,1,1,Bonus,3757,No,Rents,6,13,26,14,2,OUTPATIENT SERVICES (SURGERY),IN-NETWORK,PERCENT PLAN PAYS,90,100,80,95,80,1,10,low,low,RISK,1
1,0,2,1,Salaried,4038,Yes,Rents,12,16,37,14,2,OUTPATIENT SERVICES (SURGERY),IN-NETWORK,PERCENT PLAN PAYS,95,100,90,80,80,1,10,low,low,RISK,1
0,0,0,2,Bonus,381,No,Owns,8,16,39,14,2,OUTPATIENT SERVICES (SURGERY),IN-NETWORK,PERCENT PLAN PAYS,100,80,90,95,80,1,10,low,low,RISK,1
0,0,1,1,Hourly,2879,Yes,Rents,16,14,30,14,2,OUTPATIENT SERVICES (SURGERY),IN-NETWORK,PERCENT PLAN PAYS,90,100,80,95,80,1,10,low,low,RISK,1
1,2,0,0,Hourly,2246,No,Owns,17,14,34,14,2,OUTPATIENT SERVICES (SURGERY),IN-NETWORK,PERCENT PLAN PAYS,80,90,95,100,80,1,10,low,low,RISK,1
0,2,1,0,Hourly,3337,No,Rents,7,19,30,14,2,OUTPATIENT SERVICES (SURGERY),IN-NETWORK,PERCENT PLAN PAYS,100,95,90,80,80,1,10,low,low,RISK,1
1,1,1,1,Hourly,874,No,Owns,17,17,35,14,2,OUTPATIENT SERVICES (SURGERY),IN-NETWORK,PERCENT PLAN PAYS,90,100,95,80,80,1,10,low,low,RISK,1
0,1,0,0,Hourly,4470,Yes,Owns,6,15,48,14,2,OUTPATIENT SERVICES (SURGERY),IN-NETWORK,PERCENT PLAN PAYS,90,95,80,100,80,1,10,low,low,RISK,1
2,0,1,1,Hourly,3252,Yes,Owns,10,12,35,14,2,OUTPATIENT SERVICES (SURGERY),IN-NETWORK,PERCENT PLAN PAYS,90,100,95,80,80,1,10,low,low,RISK,1
0,2,0,1,Hourly,176,Yes,Rents,9,18,32,14,2,OUTPATIENT SERVICES (SURGERY),IN-NETWORK,PERCENT PLAN PAYS,90,95,100,80,80,1,10,low,low,RISK,1
1,0,2,0,Hourly,3681,Yes,Owns,6,13,27,14,2,OUTPATIENT SERVICES (SURGERY),IN-NETWORK,PERCENT PLAN PAYS,90,80,100,95,80,1,10,low,low,RISK,1
1,2,1,2,Hourly,1019,Yes,Owns,15,20,28,14,2,OUTPATIENT SERVICES (SURGERY),IN-NETWORK,PERCENT PLAN PAYS,90,100,95,80,80,1,10,low,low,RISK,1
1,2,1,1,Bonus,4493,Yes,Owns,18,14,29,14,2,OUTPATIENT SERVICES (SURGERY),IN-NETWORK,PERCENT PLAN PAYS,80,95,100,90,80,1,10,low,low,RISK,1
1,2,2,0,Salaried,1012,Yes,Owns,15,13,50,14,2,OUTPATIENT SERVICES (SURGERY),IN-NETWORK,PERCENT PLAN PAYS,95,100,80,90,80,1,10,low,low,RISK,1
0,0,1,1,Bonus,1248,Yes,Rents,7,20,35,14,2,OUTPATIENT SERVICES (SURGERY),IN-NETWORK,PERCENT PLAN PAYS,100,90,95,80,80,1,10,low,low,RISK,1
0,0,1,0,Salaried,1214,No,Owns,6,17,32,14,2,OUTPATIENT SERVICES (SURGERY),IN-NETWORK,PERCENT PLAN PAYS,80,95,100,90,80,1,10,low,low,RISK,1
1,0,0,0,Bonus,1440,Yes,Owns,10,20,34,14,2,OUTPATIENT SERVICES (SURGERY),IN-NETWORK,PERCENT PLAN PAYS,100,80,90,95,80,1,10,low,low,RISK,1
1,0,1,0,Bonus,2951,No,Owns,11,11,30,14,2,OUTPATIENT SERVICES (SURGERY),IN-NETWORK,PERCENT PLAN PAYS,80,100,90,95,80,1,10,low,low,RISK,1
3,2,1,3,Salaried,4377,No,Rents,24,48,52,14,3,OUTPATIENT SERVICES (SURGERY),IN-NETWORK,PERCENT PLAN PAYS,95,80,90,100,90,2,20,low,low,RISK,1
1,1,2,1,Salaried,1919,No,Owns,25,33,56,14,3,OUTPATIENT SERVICES (SURGERY),IN-NETWORK,PERCENT PLAN PAYS,80,100,95,90,90,2,20,low,low,RISK,1
2,2,1,1,Salaried,4671,Yes,Rents,33,23,53,14,3,OUTPATIENT SERVICES (SURGERY),IN-NETWORK,PERCENT PLAN PAYS,90,100,80,95,90,2,20,low,low,RISK,1
3,2,1,1,Bonus,1139,No,Owns,29,38,56,14,3,OUTPATIENT SERVICES (SURGERY),IN-NETWORK,PERCENT PLAN PAYS,90,80,95,100,90,2,20,low,low,RISK,1
1,2,3,2,Bonus,3085,No,Rents,23,24,64,14,3,OUTPATIENT SERVICES (SURGERY),IN-NETWORK,PERCENT PLAN PAYS,95,100,90,80,90,2,20,low,low,RISK,1
1,2,3,1,Salaried,912,Yes,Rents,37,29,55,14,3,OUTPATIENT SERVICES (SURGERY),IN-NETWORK,PERCENT PLAN PAYS,90,80,95,100,90,2,20,low,low,RISK,1
2,1,3,2,Hourly,3561,Yes,Owns,28,26,51,14,3,OUTPATIENT SERVICES (SURGERY),IN-NETWORK,PERCENT PLAN PAYS,95,100,80,90,90,2,20,low,low,RISK,1
2,3,1,1,Hourly,4350,No,Rents,19,36,62,14,3,OUTPATIENT SERVICES (SURGERY),IN-NETWORK,PERCENT PLAN PAYS,90,80,100,95,90,2,20,low,low,RISK,1
3,3,2,3,Salaried,3664,No,Owns,18,38,64,14,3,OUTPATIENT SERVICES (SURGERY),IN-NETWORK,PERCENT PLAN PAYS,100,90,80,95,90,2,20,low,low,RISK,1
1,1,1,1,Bonus,1972,Yes,Owns,38,31,55,14,3,OUTPATIENT SERVICES (SURGERY),IN-NETWORK,PERCENT PLAN PAYS,95,80,90,100,90,2,20,low,low,RISK,1
1,1,3,3,Salaried,1235,Yes,Rents,32,31,59,14,3,OUTPATIENT SERVICES (SURGERY),IN-NETWORK,PERCENT PLAN PAYS,100,95,90,80,90,2,20,low,low,RISK,1
1,3,1,2,Bonus,2294,Yes,Owns,25,47,55,14,3,OUTPATIENT SERVICES (SURGERY),IN-NETWORK,PERCENT PLAN PAYS,100,95,90,80,90,2,20,low,low,RISK,1
1,2,3,1,Salaried,4592,Yes,Rents,37,41,60,14,3,OUTPATIENT SERVICES (SURGERY),IN-NETWORK,PERCENT PLAN PAYS,80,100,90,95,90,2,20,low,low,RISK,1
1,1,1,2,Hourly,2183,Yes,Owns,16,35,73,14,3,OUTPATIENT SERVICES (SURGERY),IN-NETWORK,PERCENT PLAN PAYS,95,90,100,80,90,2,20,low,low,RISK,1
2,2,3,2,Salaried,1622,Yes,Rents,21,24,60,14,3,OUTPATIENT SERVICES (SURGERY),IN-NETWORK,PERCENT PLAN PAYS,90,80,100,95,90,2,20,low,low,RISK,1
2,3,1,3,Salaried,4259,Yes,Rents,17,43,57,14,3,OUTPATIENT SERVICES (SURGERY),IN-NETWORK,PERCENT PLAN PAYS,100,95,90,80,90,2,20,low,low,RISK,1
3,2,2,3,Salaried,4138,No,Owns,37,25,52,14,3,OUTPATIENT SERVICES (SURGERY),IN-NETWORK,PERCENT PLAN PAYS,90,80,95,100,90,2,20,low,low,RISK,1
3,1,2,3,Bonus,2742,No,Owns,39,50,53,14,3,OUTPATIENT SERVICES (SURGERY),IN-NETWORK,PERCENT PLAN PAYS,95,80,90,100,90,2,20,low,low,RISK,1
1,1,1,3,Bonus,4027,Yes,Rents,21,31,54,14,3,OUTPATIENT SERVICES (SURGERY),IN-NETWORK,PERCENT PLAN PAYS,95,90,80,100,90,2,20,low,low,RISK,1
2,2,1,1,Bonus,3643,No,Rents,35,26,75,14,3,OUTPATIENT SERVICES (SURGERY),IN-NETWORK,PERCENT PLAN PAYS,90,80,95,100,90,2,20,low,low,RISK,1
2,1,3,1,Salaried,1855,No,Rents,39,49,60,14,3,OUTPATIENT SERVICES (SURGERY),IN-NETWORK,PERCENT PLAN PAYS,80,90,100,95,90,2,20,low,low,RISK,1
1,3,1,1,Bonus,4199,No,Owns,33,40,57,14,3,OUTPATIENT SERVICES (SURGERY),IN-NETWORK,PERCENT PLAN PAYS,90,100,80,95,90,2,20,low,low,RISK,1
1,3,2,1,Salaried,358,No,Rents,28,36,56,14,3,OUTPATIENT SERVICES (SURGERY),IN-NETWORK,PERCENT PLAN PAYS,80,100,90,95,90,2,20,low,low,RISK,1
2,2,2,1,Salaried,2175,No,Owns,35,49,59,14,3,OUTPATIENT SERVICES (SURGERY),IN-NETWORK,PERCENT PLAN PAYS,90,100,80,95,90,2,20,low,low,RISK,1
2,2,1,1,Bonus,2804,No,Owns,26,20,55,14,3,OUTPATIENT SERVICES (SURGERY),IN-NETWORK,PERCENT PLAN PAYS,80,100,90,95,90,2,20,low,low,RISK,1
3,3,3,2,Bonus,2793,Yes,Owns,39,48,52,14,3,OUTPATIENT SERVICES (SURGERY),IN-NETWORK,PERCENT PLAN PAYS,80,90,100,95,90,2,20,low,low,RISK,1
3,1,3,1,Salaried,1366,No,Owns,32,33,56,14,3,OUTPATIENT SERVICES (SURGERY),IN-NETWORK,PERCENT PLAN PAYS,90,100,95,80,90,2,20,low,low,RISK,1
1,2,2,3,Salaried,3990,No,Rents,30,23,53,14,3,OUTPATIENT SERVICES (SURGERY),IN-NETWORK,PERCENT PLAN PAYS,80,100,95,90,90,2,20,low,low,RISK,1
1,2,2,1,Salaried,1625,No,Owns,36,38,56,14,3,OUTPATIENT SERVICES (SURGERY),IN-NETWORK,PERCENT PLAN PAYS,95,90,100,80,90,2,20,low,low,RISK,1
2,3,1,1,Hourly,1178,No,Owns,15,24,64,14,3,OUTPATIENT SERVICES (SURGERY),IN-NETWORK,PERCENT PLAN PAYS,95,90,100,80,90,2,20,low,low,RISK,1
2,1,1,1,Hourly,2665,No,Rents,20,29,55,14,3,OUTPATIENT SERVICES (SURGERY),IN-NETWORK,PERCENT PLAN PAYS,100,90,95,80,90,2,20,low,low,RISK,1
2,3,3,1,Hourly,4144,No,Owns,23,26,51,14,3,OUTPATIENT SERVICES (SURGERY),IN-NETWORK,PERCENT PLAN PAYS,100,90,80,95,90,2,20,low,low,RISK,1
2,2,3,1,Hourly,2547,Yes,Owns,32,36,62,14,3,OUTPATIENT SERVICES (SURGERY),IN-NETWORK,PERCENT PLAN PAYS,95,100,80,90,90,2,20,low,low,RISK,1
2,1,2,1,Hourly,152,Yes,Owns,34,38,64,14,3,OUTPATIENT SERVICES (SURGERY),IN-NETWORK,PERCENT PLAN PAYS,90,95,100,80,90,2,20,low,low,RISK,1
1,1,1,1,Bonus,2909,Yes,Rents,23,31,55,14,3,OUTPATIENT SERVICES (SURGERY),IN-NETWORK,PERCENT PLAN PAYS,100,95,90,80,90,2,20,low,low,RISK,1
3,3,2,2,Bonus,2404,Yes,Owns,27,31,59,14,3,OUTPATIENT SERVICES (SURGERY),IN-NETWORK,PERCENT PLAN PAYS,90,80,95,100,90,2,20,low,low,RISK,1
3,1,2,3,Bonus,144,Yes,Owns,24,47,55,14,3,OUTPATIENT SERVICES (SURGERY),IN-NETWORK,PERCENT PLAN PAYS,95,90,100,80,90,2,20,low,low,RISK,1
3,1,2,1,Hourly,2250,No,Owns,26,41,60,14,3,OUTPATIENT SERVICES (SURGERY),IN-NETWORK,PERCENT PLAN PAYS,95,90,80,100,90,2,20,low,low,RISK,1
3,1,1,1,Hourly,4826,No,Owns,25,35,73,14,3,OUTPATIENT SERVICES (SURGERY),IN-NETWORK,PERCENT PLAN PAYS,95,80,100,90,90,2,20,low,low,RISK,1
2,2,1,1,Salaried,792,No,Owns,28,24,60,14,3,OUTPATIENT SERVICES (SURGERY),IN-NETWORK,PERCENT PLAN PAYS,95,100,90,80,90,2,20,low,low,RISK,1
1,3,1,2,Hourly,3429,No,Rents,34,43,57,14,3,OUTPATIENT SERVICES (SURGERY),IN-NETWORK,PERCENT PLAN PAYS,80,90,100,95,90,2,20,low,low,RISK,1
1,3,1,2,Hourly,1596,Yes,Owns,27,25,52,14,3,OUTPATIENT SERVICES (SURGERY),IN-NETWORK,PERCENT PLAN PAYS,80,90,95,100,90,2,20,low,low,RISK,1
2,3,3,1,Salaried,83,Yes,Owns,19,50,53,14,3,OUTPATIENT SERVICES (SURGERY),IN-NETWORK,PERCENT PLAN PAYS,80,95,90,100,90,2,20,low,low,RISK,1
2,3,1,3,Salaried,3601,No,Owns,17,31,54,14,3,OUTPATIENT SERVICES (SURGERY),IN-NETWORK,PERCENT PLAN PAYS,90,80,95,100,90,2,20,low,low,RISK,1
2,2,1,2,Bonus,861,No,Owns,34,26,75,14,3,OUTPATIENT SERVICES (SURGERY),IN-NETWORK,PERCENT PLAN PAYS,100,90,95,80,90,2,20,low,low,RISK,1
1,3,3,3,Salaried,2240,Yes,Rents,35,49,60,14,3,OUTPATIENT SERVICES (SURGERY),IN-NETWORK,PERCENT PLAN PAYS,100,90,80,95,90,2,20,low,low,RISK,1
1,1,1,1,Hourly,2384,No,Rents,17,40,57,14,3,OUTPATIENT SERVICES (SURGERY),IN-NETWORK,PERCENT PLAN PAYS,90,80,100,95,90,2,20,low,low,RISK,1
1,1,1,1,Bonus,2363,Yes,Rents,29,36,56,14,3,OUTPATIENT SERVICES (SURGERY),IN-NETWORK,PERCENT PLAN PAYS,80,95,100,90,90,2,20,low,low,RISK,1
2,1,3,1,Salaried,4539,No,Owns,24,49,59,14,3,OUTPATIENT SERVICES (SURGERY),IN-NETWORK,PERCENT PLAN PAYS,90,95,100,80,90,2,20,low,low,RISK,1
2,1,1,1,Bonus,489,No,Rents,23,20,55,14,3,OUTPATIENT SERVICES (SURGERY),IN-NETWORK,PERCENT PLAN PAYS,90,80,100,95,90,2,20,low,low,RISK,1
2,3,1,3,Bonus,4623,Yes,Owns,19,48,52,14,3,OUTPATIENT SERVICES (SURGERY),IN-NETWORK,PERCENT PLAN PAYS,95,80,100,90,90,2,20,low,low,RISK,1
2,1,1,1,Salaried,153,Yes,Owns,15,33,56,14,3,OUTPATIENT SERVICES (SURGERY),IN-NETWORK,PERCENT PLAN PAYS,95,80,100,90,90,2,20,low,low,RISK,1
1,3,3,2,Salaried,3954,No,Owns,17,23,53,14,3,OUTPATIENT SERVICES (SURGERY),IN-NETWORK,PERCENT PLAN PAYS,90,80,100,95,90,2,20,low,low,RISK,1
1,2,1,1,Salaried,4742,No,Rents,15,38,56,14,3,OUTPATIENT SERVICES (SURGERY),IN-NETWORK,PERCENT PLAN PAYS,90,100,95,80,90,2,20,low,low,RISK,1
1,1,1,2,Hourly,3289,No,Rents,35,24,64,14,3,OUTPATIENT SERVICES (SURGERY),IN-NETWORK,PERCENT PLAN PAYS,90,95,100,80,90,2,20,low,low,RISK,1
1,1,2,2,Bonus,3409,Yes,Rents,30,29,55,14,3,OUTPATIENT SERVICES (SURGERY),IN-NETWORK,PERCENT PLAN PAYS,90,95,100,80,90,2,20,low,low,RISK,1
1,1,3,2,Bonus,3179,No,Rents,21,26,51,14,3,OUTPATIENT SERVICES (SURGERY),IN-NETWORK,PERCENT PLAN PAYS,95,100,90,80,90,2,20,low,low,RISK,1
1,1,1,2,Bonus,4271,No,Rents,22,36,62,14,3,OUTPATIENT SERVICES (SURGERY),IN-NETWORK,PERCENT PLAN PAYS,90,80,95,100,90,2,20,low,low,RISK,1
1,1,1,1,Hourly,4605,Yes,Rents,24,38,64,14,3,OUTPATIENT SERVICES (SURGERY),IN-NETWORK,PERCENT PLAN PAYS,80,90,95,100,90,2,20,low,low,RISK,1
1,3,3,3,Salaried,3042,Yes,Rents,16,31,55,14,3,OUTPATIENT SERVICES (SURGERY),IN-NETWORK,PERCENT PLAN PAYS,95,90,100,80,90,2,20,low,low,RISK,1
1,3,3,1,Hourly,170,No,Rents,37,31,59,14,3,OUTPATIENT SERVICES (SURGERY),IN-NETWORK,PERCENT PLAN PAYS,90,100,80,95,90,2,20,low,low,RISK,1
1,1,1,3,Salaried,2062,No,Rents,20,47,55,14,3,OUTPATIENT SERVICES (SURGERY),IN-NETWORK,PERCENT PLAN PAYS,100,95,90,80,90,2,20,low,low,RISK,1
2,2,3,3,Bonus,1962,No,Rents,15,41,60,14,3,OUTPATIENT SERVICES (SURGERY),IN-NETWORK,PERCENT PLAN PAYS,100,90,80,95,90,2,20,low,low,RISK,1
1,1,1,1,Bonus,1006,No,Owns,27,35,73,14,3,OUTPATIENT SERVICES (SURGERY),IN-NETWORK,PERCENT PLAN PAYS,100,95,90,80,90,2,20,low,low,RISK,1
1,3,2,3,Salaried,4555,No,Rents,20,24,60,14,3,OUTPATIENT SERVICES (SURGERY),IN-NETWORK,PERCENT PLAN PAYS,80,100,90,95,90,2,20,low,low,RISK,1
3,1,2,1,Bonus,458,No,Rents,25,43,57,14,3,OUTPATIENT SERVICES (SURGERY),IN-NETWORK,PERCENT PLAN PAYS,100,90,95,80,90,2,20,low,low,RISK,1
3,1,3,1,Hourly,1593,No,Owns,16,25,52,14,3,OUTPATIENT SERVICES (SURGERY),IN-NETWORK,PERCENT PLAN PAYS,90,95,80,100,90,2,20,low,low,RISK,1
1,3,1,2,Hourly,4519,Yes,Owns,26,50,53,14,3,OUTPATIENT SERVICES (SURGERY),IN-NETWORK,PERCENT PLAN PAYS,100,80,95,90,90,2,20,low,low,RISK,1
1,2,1,1,Bonus,2639,No,Rents,16,31,54,14,3,OUTPATIENT SERVICES (SURGERY),IN-NETWORK,PERCENT PLAN PAYS,80,95,100,90,90,2,20,low,low,RISK,1
1,1,3,1,Hourly,2563,Yes,Rents,35,26,75,14,3,OUTPATIENT SERVICES (SURGERY),IN-NETWORK,PERCENT PLAN PAYS,80,90,95,100,90,2,20,low,low,RISK,1
1,2,3,2,Bonus,2810,Yes,Owns,35,49,60,14,3,OUTPATIENT SERVICES (SURGERY),IN-NETWORK,PERCENT PLAN PAYS,100,80,95,90,90,2,20,low,low,RISK,1
2,2,1,2,Hourly,2954,Yes,Owns,39,40,57,14,3,OUTPATIENT SERVICES (SURGERY),IN-NETWORK,PERCENT PLAN PAYS,80,95,100,90,90,2,20,low,low,RISK,1
2,1,3,1,Hourly,2299,Yes,Owns,31,36,56,14,3,OUTPATIENT SERVICES (SURGERY),IN-NETWORK,PERCENT PLAN PAYS,90,80,95,100,90,2,20,low,low,RISK,1
1,1,2,3,Hourly,1155,No,Rents,16,49,59,14,3,OUTPATIENT SERVICES (SURGERY),IN-NETWORK,PERCENT PLAN PAYS,90,95,100,80,90,2,20,low,low,RISK,1
2,1,3,1,Bonus,1856,Yes,Rents,31,20,55,14,3,OUTPATIENT SERVICES (SURGERY),IN-NETWORK,PERCENT PLAN PAYS,90,100,80,95,90,2,20,low,low,RISK,1
3,2,2,1,Salaried,3352,Yes,Rents,18,48,52,14,3,OUTPATIENT SERVICES (SURGERY),IN-NETWORK,PERCENT PLAN PAYS,90,95,100,80,90,2,20,low,low,RISK,1
3,1,1,2,Hourly,3735,Yes,Owns,34,33,56,14,3,OUTPATIENT SERVICES (SURGERY),IN-NETWORK,PERCENT PLAN PAYS,95,80,90,100,90,2,20,low,low,RISK,1
3,2,1,3,Salaried,1125,Yes,Rents,18,23,53,14,3,OUTPATIENT SERVICES (SURGERY),IN-NETWORK,PERCENT PLAN PAYS,90,100,95,80,90,2,20,low,low,RISK,1
3,1,2,1,Bonus,4695,No,Owns,15,38,56,14,3,OUTPATIENT SERVICES (SURGERY),IN-NETWORK,PERCENT PLAN PAYS,90,100,80,95,90,2,20,low,low,RISK,1
2,2,2,2,Salaried,1210,No,Rents,38,24,64,14,3,OUTPATIENT SERVICES (SURGERY),IN-NETWORK,PERCENT PLAN PAYS,95,80,100,90,90,2,20,low,low,RISK,1
2,3,2,1,Bonus,3149,No,Owns,17,29,55,14,3,OUTPATIENT SERVICES (SURGERY),IN-NETWORK,PERCENT PLAN PAYS,80,95,100,90,90,2,20,low,low,RISK,1
2,2,2,2,Bonus,3757,No,Rents,18,26,51,14,3,OUTPATIENT SERVICES (SURGERY),IN-NETWORK,PERCENT PLAN PAYS,95,80,100,90,90,2,20,low,low,RISK,1
3,1,3,2,Salaried,4038,Yes,Rents,28,36,62,14,3,OUTPATIENT SERVICES (SURGERY),IN-NETWORK,PERCENT PLAN PAYS,100,95,80,90,90,2,20,low,low,RISK,1
1,1,1,3,Bonus,381,No,Owns,20,38,64,14,3,OUTPATIENT SERVICES (SURGERY),IN-NETWORK,PERCENT PLAN PAYS,100,95,90,80,90,2,20,low,low,RISK,1
1,1,1,2,Hourly,2879,Yes,Rents,37,31,55,14,3,OUTPATIENT SERVICES (SURGERY),IN-NETWORK,PERCENT PLAN PAYS,90,95,80,100,90,2,20,low,low,RISK,1
2,3,1,1,Hourly,2246,No,Owns,38,31,59,14,3,OUTPATIENT SERVICES (SURGERY),IN-NETWORK,PERCENT PLAN PAYS,90,100,95,80,90,2,20,low,low,RISK,1
1,3,2,1,Hourly,3337,No,Rents,18,47,55,14,3,OUTPATIENT SERVICES (SURGERY),IN-NETWORK,PERCENT PLAN PAYS,95,100,80,90,90,2,20,low,low,RISK,1
2,2,1,2,Hourly,874,No,Owns,38,41,60,14,3,OUTPATIENT SERVICES (SURGERY),IN-NETWORK,PERCENT PLAN PAYS,100,80,95,90,90,2,20,low,low,RISK,1
1,2,1,1,Hourly,4470,Yes,Owns,16,35,73,14,3,OUTPATIENT SERVICES (SURGERY),IN-NETWORK,PERCENT PLAN PAYS,90,80,100,95,90,2,20,low,low,RISK,1
3,1,3,1,Hourly,3252,Yes,Owns,24,24,60,14,3,OUTPATIENT SERVICES (SURGERY),IN-NETWORK,PERCENT PLAN PAYS,80,95,100,90,90,2,20,low,low,RISK,1
1,3,1,2,Hourly,176,Yes,Rents,23,43,57,14,3,OUTPATIENT SERVICES (SURGERY),IN-NETWORK,PERCENT PLAN PAYS,90,95,80,100,90,2,20,low,low,RISK,1
2,1,3,1,Hourly,3681,Yes,Owns,17,25,52,14,3,OUTPATIENT SERVICES (SURGERY),IN-NETWORK,PERCENT PLAN PAYS,90,80,95,100,90,2,20,low,low,RISK,1
1,3,2,3,Hourly,1019,Yes,Owns,35,50,53,14,3,OUTPATIENT SERVICES (SURGERY),IN-NETWORK,PERCENT PLAN PAYS,80,100,90,95,90,2,20,low,low,RISK,1
1,3,2,1,Bonus,4493,Yes,Owns,39,31,54,14,3,OUTPATIENT SERVICES (SURGERY),IN-NETWORK,PERCENT PLAN PAYS,100,95,90,80,90,2,20,low,low,RISK,1
1,3,3,1,Salaried,1012,Yes,Owns,34,26,75,14,3,OUTPATIENT SERVICES (SURGERY),IN-NETWORK,PERCENT PLAN PAYS,80,95,90,100,90,2,20,low,low,RISK,1
1,1,2,1,Bonus,1248,Yes,Rents,18,49,60,14,3,OUTPATIENT SERVICES (SURGERY),IN-NETWORK,PERCENT PLAN PAYS,80,90,95,100,90,2,20,low,low,RISK,1
1,1,2,1,Salaried,1214,No,Owns,17,40,57,14,3,OUTPATIENT SERVICES (SURGERY),IN-NETWORK,PERCENT PLAN PAYS,100,90,80,95,90,2,20,low,low,RISK,1
2,1,1,1,Salaried,2852,Yes,Rents,18,36,56,14,3,OUTPATIENT SERVICES (SURGERY),IN-NETWORK,PERCENT PLAN PAYS,95,80,90,100,90,2,20,low,low,RISK,1
2,1,1,1,Bonus,1440,Yes,Owns,24,49,59,14,3,OUTPATIENT SERVICES (SURGERY),IN-NETWORK,PERCENT PLAN PAYS,90,80,100,95,90,2,20,low,low,RISK,1
3,1,3,1,Bonus,2951,No,Owns,26,20,55,14,3,OUTPATIENT SERVICES (SURGERY),IN-NETWORK,PERCENT PLAN PAYS,80,90,100,95,90,2,20,low,low,RISK,1
4,3,2,4,Salaried,4377,No,Rents,46,73,76,14,4,OUTPATIENT SERVICES (SURGERY),IN-NETWORK,PERCENT PLAN PAYS,80,95,90,100,90,2,50,low,low,RISK,1
2,3,4,2,Salaried,1919,No,Owns,48,61,80,14,4,OUTPATIENT SERVICES (SURGERY),IN-NETWORK,PERCENT PLAN PAYS,80,90,100,95,90,2,50,low,low,RISK,1
4,4,3,2,Salaried,4671,Yes,Rents,57,53,77,14,4,OUTPATIENT SERVICES (SURGERY),IN-NETWORK,PERCENT PLAN PAYS,100,90,80,95,90,2,50,low,low,RISK,1
4,4,2,2,Bonus,1139,No,Owns,52,65,80,14,4,OUTPATIENT SERVICES (SURGERY),IN-NETWORK,PERCENT PLAN PAYS,90,95,80,100,90,2,50,low,low,RISK,1
3,4,4,3,Bonus,3085,No,Rents,45,54,88,14,4,OUTPATIENT SERVICES (SURGERY),IN-NETWORK,PERCENT PLAN PAYS,95,100,80,90,90,2,50,low,low,RISK,1
3,4,4,3,Salaried,912,Yes,Rents,61,58,79,14,4,OUTPATIENT SERVICES (SURGERY),IN-NETWORK,PERCENT PLAN PAYS,80,90,100,95,90,2,50,low,low,RISK,1
4,3,4,3,Hourly,3561,Yes,Owns,51,56,75,14,4,OUTPATIENT SERVICES (SURGERY),IN-NETWORK,PERCENT PLAN PAYS,90,100,80,95,90,2,50,low,low,RISK,1
4,4,2,2,Hourly,4350,No,Rents,40,64,87,14,4,OUTPATIENT SERVICES (SURGERY),IN-NETWORK,PERCENT PLAN PAYS,90,95,100,80,90,2,50,low,low,RISK,1
4,4,4,4,Salaried,3664,No,Owns,39,65,88,14,4,OUTPATIENT SERVICES (SURGERY),IN-NETWORK,PERCENT PLAN PAYS,95,100,90,80,90,2,50,low,low,RISK,1
2,3,3,3,Bonus,1972,Yes,Owns,62,60,80,14,4,OUTPATIENT SERVICES (SURGERY),IN-NETWORK,PERCENT PLAN PAYS,90,100,95,80,90,2,50,low,low,RISK,1
2,4,3,3,Bonus,2294,Yes,Owns,47,72,79,14,4,OUTPATIENT SERVICES (SURGERY),IN-NETWORK,PERCENT PLAN PAYS,95,100,90,80,90,2,50,low,low,RISK,1
2,3,4,3,Salaried,4592,Yes,Rents,62,68,84,14,4,OUTPATIENT SERVICES (SURGERY),IN-NETWORK,PERCENT PLAN PAYS,100,95,90,80,90,2,50,low,low,RISK,1
3,3,3,4,Hourly,2183,Yes,Owns,37,63,98,14,4,OUTPATIENT SERVICES (SURGERY),IN-NETWORK,PERCENT PLAN PAYS,80,90,100,95,90,2,50,low,low,RISK,1
3,3,4,3,Salaried,1622,Yes,Rents,42,55,84,14,4,OUTPATIENT SERVICES (SURGERY),IN-NETWORK,PERCENT PLAN PAYS,90,100,95,80,90,2,50,low,low,RISK,1
3,4,3,4,Salaried,4259,Yes,Rents,37,70,81,14,4,OUTPATIENT SERVICES (SURGERY),IN-NETWORK,PERCENT PLAN PAYS,95,100,90,80,90,2,50,low,low,RISK,1
4,3,3,4,Salaried,4138,No,Owns,62,55,76,14,4,OUTPATIENT SERVICES (SURGERY),IN-NETWORK,PERCENT PLAN PAYS,100,95,90,80,90,2,50,low,low,RISK,1
4,3,4,4,Bonus,2742,No,Owns,64,75,77,14,4,OUTPATIENT SERVICES (SURGERY),IN-NETWORK,PERCENT PLAN PAYS,100,90,95,80,90,2,50,low,low,RISK,1
3,3,3,4,Bonus,4027,Yes,Rents,43,60,78,14,4,OUTPATIENT SERVICES (SURGERY),IN-NETWORK,PERCENT PLAN PAYS,100,80,95,90,90,2,50,low,low,RISK,1
4,4,2,2,Bonus,3643,No,Rents,59,56,100,14,4,OUTPATIENT SERVICES (SURGERY),IN-NETWORK,PERCENT PLAN PAYS,90,100,80,95,90,2,50,low,low,RISK,1
4,2,4,2,Salaried,1855,No,Rents,63,74,85,14,4,OUTPATIENT SERVICES (SURGERY),IN-NETWORK,PERCENT PLAN PAYS,90,100,80,95,90,2,50,low,low,RISK,1
3,4,2,3,Bonus,4199,No,Owns,57,67,81,14,4,OUTPATIENT SERVICES (SURGERY),IN-NETWORK,PERCENT PLAN PAYS,100,95,80,90,90,2,50,low,low,RISK,1
3,4,3,2,Salaried,358,No,Rents,50,64,80,14,4,OUTPATIENT SERVICES (SURGERY),IN-NETWORK,PERCENT PLAN PAYS,90,95,80,100,90,2,50,low,low,RISK,1
4,3,4,3,Salaried,2175,No,Owns,59,75,83,14,4,OUTPATIENT SERVICES (SURGERY),IN-NETWORK,PERCENT PLAN PAYS,95,90,100,80,90,2,50,low,low,RISK,1
4,4,2,2,Bonus,2804,No,Owns,48,51,79,14,4,OUTPATIENT SERVICES (SURGERY),IN-NETWORK,PERCENT PLAN PAYS,80,100,90,95,90,2,50,low,low,RISK,1
4,4,4,4,Bonus,2793,Yes,Owns,63,73,76,14,4,OUTPATIENT SERVICES (SURGERY),IN-NETWORK,PERCENT PLAN PAYS,95,100,90,80,90,2,50,low,low,RISK,1
4,3,4,2,Salaried,1366,No,Owns,56,61,80,14,4,OUTPATIENT SERVICES (SURGERY),IN-NETWORK,PERCENT PLAN PAYS,95,80,90,100,90,2,50,low,low,RISK,1
2,4,4,4,Salaried,3990,No,Rents,53,53,77,14,4,OUTPATIENT SERVICES (SURGERY),IN-NETWORK,PERCENT PLAN PAYS,90,95,100,80,90,2,50,low,low,RISK,1
2,4,3,3,Salaried,1625,No,Owns,60,65,80,14,4,OUTPATIENT SERVICES (SURGERY),IN-NETWORK,PERCENT PLAN PAYS,90,80,100,95,90,2,50,low,low,RISK,1
4,4,3,3,Hourly,1178,No,Owns,35,54,88,14,4,OUTPATIENT SERVICES (SURGERY),IN-NETWORK,PERCENT PLAN PAYS,95,90,100,80,90,2,50,low,low,RISK,1
3,3,2,2,Hourly,2665,No,Rents,41,58,79,14,4,OUTPATIENT SERVICES (SURGERY),IN-NETWORK,PERCENT PLAN PAYS,90,100,80,95,90,2,50,low,low,RISK,1
4,4,4,2,Hourly,4144,No,Owns,44,56,75,14,4,OUTPATIENT SERVICES (SURGERY),IN-NETWORK,PERCENT PLAN PAYS,80,90,100,95,90,2,50,low,low,RISK,1
3,3,4,3,Hourly,2547,Yes,Owns,55,64,87,14,4,OUTPATIENT SERVICES (SURGERY),IN-NETWORK,PERCENT PLAN PAYS,80,90,95,100,90,2,50,low,low,RISK,1
4,3,4,2,Hourly,152,Yes,Owns,58,65,88,14,4,OUTPATIENT SERVICES (SURGERY),IN-NETWORK,PERCENT PLAN PAYS,90,100,95,80,90,2,50,low,low,RISK,1
3,2,2,3,Bonus,2909,Yes,Rents,45,60,80,14,4,OUTPATIENT SERVICES (SURGERY),IN-NETWORK,PERCENT PLAN PAYS,90,95,80,100,90,2,50,low,low,RISK,1
4,4,3,3,Bonus,2404,Yes,Owns,49,60,83,14,4,OUTPATIENT SERVICES (SURGERY),IN-NETWORK,PERCENT PLAN PAYS,80,95,90,100,90,2,50,low,low,RISK,1
4,2,4,4,Bonus,144,Yes,Owns,46,72,79,14,4,OUTPATIENT SERVICES (SURGERY),IN-NETWORK,PERCENT PLAN PAYS,90,100,80,95,90,2,50,low,low,RISK,1
4,2,4,2,Hourly,2250,No,Owns,48,68,84,14,4,OUTPATIENT SERVICES (SURGERY),IN-NETWORK,PERCENT PLAN PAYS,100,95,90,80,90,2,50,low,low,RISK,1
4,3,3,3,Hourly,4826,No,Owns,47,63,98,14,4,OUTPATIENT SERVICES (SURGERY),IN-NETWORK,PERCENT PLAN PAYS,100,90,80,95,90,2,50,low,low,RISK,1
4,4,2,3,Salaried,792,No,Owns,50,55,84,14,4,OUTPATIENT SERVICES (SURGERY),IN-NETWORK,PERCENT PLAN PAYS,95,90,100,80,90,2,50,low,low,RISK,1
2,4,2,3,Hourly,3429,No,Rents,58,70,81,14,4,OUTPATIENT SERVICES (SURGERY),IN-NETWORK,PERCENT PLAN PAYS,95,100,90,80,90,2,50,low,low,RISK,1
3,4,3,4,Hourly,1596,Yes,Owns,50,55,76,14,4,OUTPATIENT SERVICES (SURGERY),IN-NETWORK,PERCENT PLAN PAYS,80,95,100,90,90,2,50,low,low,RISK,1
4,4,4,3,Salaried,83,Yes,Owns,40,75,77,14,4,OUTPATIENT SERVICES (SURGERY),IN-NETWORK,PERCENT PLAN PAYS,95,80,100,90,90,2,50,low,low,RISK,1
4,4,3,4,Salaried,3601,No,Owns,38,60,78,14,4,OUTPATIENT SERVICES (SURGERY),IN-NETWORK,PERCENT PLAN PAYS,95,80,90,100,90,2,50,low,low,RISK,1
3,4,2,4,Bonus,861,No,Owns,58,56,100,14,4,OUTPATIENT SERVICES (SURGERY),IN-NETWORK,PERCENT PLAN PAYS,95,80,100,90,90,2,50,low,low,RISK,1
2,4,4,4,Salaried,2240,Yes,Rents,59,74,85,14,4,OUTPATIENT SERVICES (SURGERY),IN-NETWORK,PERCENT PLAN PAYS,90,100,80,95,90,2,50,low,low,RISK,1
3,3,2,2,Hourly,2384,No,Rents,37,67,81,14,4,OUTPATIENT SERVICES (SURGERY),IN-NETWORK,PERCENT PLAN PAYS,90,100,80,95,90,2,50,low,low,RISK,1
2,2,3,3,Bonus,2363,Yes,Rents,52,64,80,14,4,OUTPATIENT SERVICES (SURGERY),IN-NETWORK,PERCENT PLAN PAYS,100,95,80,90,90,2,50,low,low,RISK,1
3,3,4,2,Salaried,4539,No,Owns,45,75,83,14,4,OUTPATIENT SERVICES (SURGERY),IN-NETWORK,PERCENT PLAN PAYS,80,90,95,100,90,2,50,low,low,RISK,1
3,3,2,2,Bonus,489,No,Rents,45,51,79,14,4,OUTPATIENT SERVICES (SURGERY),IN-NETWORK,PERCENT PLAN PAYS,90,80,100,95,90,2,50,low,low,RISK,1
4,4,2,4,Bonus,4623,Yes,Owns,40,73,76,14,4,OUTPATIENT SERVICES (SURGERY),IN-NETWORK,PERCENT PLAN PAYS,80,90,100,95,90,2,50,low,low,RISK,1
3,3,3,2,Salaried,153,Yes,Owns,36,61,80,14,4,OUTPATIENT SERVICES (SURGERY),IN-NETWORK,PERCENT PLAN PAYS,95,80,90,100,90,2,50,low,low,RISK,1
3,4,4,4,Salaried,3954,No,Owns,38,53,77,14,4,OUTPATIENT SERVICES (SURGERY),IN-NETWORK,PERCENT PLAN PAYS,100,80,95,90,90,2,50,low,low,RISK,1
3,3,2,3,Salaried,4742,No,Rents,35,65,80,14,4,OUTPATIENT SERVICES (SURGERY),IN-NETWORK,PERCENT PLAN PAYS,80,100,95,90,90,2,50,low,low,RISK,1
2,2,2,3,Hourly,3289,No,Rents,59,54,88,14,4,OUTPATIENT SERVICES (SURGERY),IN-NETWORK,PERCENT PLAN PAYS,100,90,95,80,90,2,50,low,low,RISK,1
2,2,3,3,Bonus,3409,Yes,Rents,54,58,79,14,4,OUTPATIENT SERVICES (SURGERY),IN-NETWORK,PERCENT PLAN PAYS,100,95,80,90,90,2,50,low,low,RISK,1
3,3,4,3,Bonus,3179,No,Rents,42,56,75,14,4,OUTPATIENT SERVICES (SURGERY),IN-NETWORK,PERCENT PLAN PAYS,80,100,90,95,90,2,50,low,low,RISK,1
3,3,2,4,Bonus,4271,No,Rents,43,64,87,14,4,OUTPATIENT SERVICES (SURGERY),IN-NETWORK,PERCENT PLAN PAYS,100,90,80,95,90,2,50,low,low,RISK,1
3,3,3,2,Hourly,4605,Yes,Rents,46,65,88,14,4,OUTPATIENT SERVICES (SURGERY),IN-NETWORK,PERCENT PLAN PAYS,80,100,95,90,90,2,50,low,low,RISK,1
2,4,4,4,Salaried,3042,Yes,Rents,37,60,80,14,4,OUTPATIENT SERVICES (SURGERY),IN-NETWORK,PERCENT PLAN PAYS,100,80,90,95,90,2,50,low,low,RISK,1
2,4,4,3,Hourly,170,No,Rents,61,60,83,14,4,OUTPATIENT SERVICES (SURGERY),IN-NETWORK,PERCENT PLAN PAYS,80,90,100,95,90,2,50,low,low,RISK,1
2,3,3,4,Salaried,2062,No,Rents,40,72,79,14,4,OUTPATIENT SERVICES (SURGERY),IN-NETWORK,PERCENT PLAN PAYS,95,90,80,100,90,2,50,low,low,RISK,1
4,4,4,4,Bonus,1962,No,Rents,35,68,84,14,4,OUTPATIENT SERVICES (SURGERY),IN-NETWORK,PERCENT PLAN PAYS,80,100,90,95,90,2,50,low,low,RISK,1
2,2,3,2,Bonus,1006,No,Owns,50,63,98,14,4,OUTPATIENT SERVICES (SURGERY),IN-NETWORK,PERCENT PLAN PAYS,90,95,100,80,90,2,50,low,low,RISK,1
2,4,3,4,Salaried,4555,No,Rents,42,55,84,14,4,OUTPATIENT SERVICES (SURGERY),IN-NETWORK,PERCENT PLAN PAYS,95,80,100,90,90,2,50,low,low,RISK,1
4,3,4,3,Bonus,458,No,Rents,46,70,81,14,4,OUTPATIENT SERVICES (SURGERY),IN-NETWORK,PERCENT PLAN PAYS,95,100,90,80,90,2,50,low,low,RISK,1
4,3,4,3,Hourly,1593,No,Owns,36,55,76,14,4,OUTPATIENT SERVICES (SURGERY),IN-NETWORK,PERCENT PLAN PAYS,90,95,100,80,90,2,50,low,low,RISK,1
3,4,2,3,Hourly,4519,Yes,Owns,48,75,77,14,4,OUTPATIENT SERVICES (SURGERY),IN-NETWORK,PERCENT PLAN PAYS,90,100,95,80,90,2,50,low,low,RISK,1
2,4,3,3,Bonus,2639,No,Rents,36,60,78,14,4,OUTPATIENT SERVICES (SURGERY),IN-NETWORK,PERCENT PLAN PAYS,95,90,80,100,90,2,50,low,low,RISK,1
2,3,4,3,Hourly,2563,Yes,Rents,59,56,100,14,4,OUTPATIENT SERVICES (SURGERY),IN-NETWORK,PERCENT PLAN PAYS,95,80,90,100,90,2,50,low,low,RISK,1
3,4,4,4,Bonus,2810,Yes,Owns,58,74,85,14,4,OUTPATIENT SERVICES (SURGERY),IN-NETWORK,PERCENT PLAN PAYS,90,95,80,100,90,2,50,low,low,RISK,1
3,4,3,4,Hourly,2954,Yes,Owns,64,67,81,14,4,OUTPATIENT SERVICES (SURGERY),IN-NETWORK,PERCENT PLAN PAYS,80,95,90,100,90,2,50,low,low,RISK,1
3,2,4,3,Hourly,2299,Yes,Owns,54,64,80,14,4,OUTPATIENT SERVICES (SURGERY),IN-NETWORK,PERCENT PLAN PAYS,90,100,95,80,90,2,50,low,low,RISK,1
2,3,4,4,Hourly,1155,No,Rents,37,75,83,14,4,OUTPATIENT SERVICES (SURGERY),IN-NETWORK,PERCENT PLAN PAYS,80,100,90,95,90,2,50,low,low,RISK,1
4,2,4,3,Bonus,1856,Yes,Rents,55,51,79,14,4,OUTPATIENT SERVICES (SURGERY),IN-NETWORK,PERCENT PLAN PAYS,90,80,100,95,90,2,50,low,low,RISK,1
4,4,3,3,Salaried,3352,Yes,Rents,38,73,76,14,4,OUTPATIENT SERVICES (SURGERY),IN-NETWORK,PERCENT PLAN PAYS,95,90,100,80,90,2,50,low,low,RISK,1
4,3,2,3,Hourly,3735,Yes,Owns,58,61,80,14,4,OUTPATIENT SERVICES (SURGERY),IN-NETWORK,PERCENT PLAN PAYS,90,95,80,100,90,2,50,low,low,RISK,1
4,3,3,4,Salaried,1125,Yes,Rents,38,53,77,14,4,OUTPATIENT SERVICES (SURGERY),IN-NETWORK,PERCENT PLAN PAYS,90,95,100,80,90,2,50,low,low,RISK,1
4,2,4,2,Bonus,4695,No,Owns,35,65,80,14,4,OUTPATIENT SERVICES (SURGERY),IN-NETWORK,PERCENT PLAN PAYS,80,90,95,100,90,2,50,low,low,RISK,1
3,3,3,4,Salaried,1210,No,Rents,62,54,88,14,4,OUTPATIENT SERVICES (SURGERY),IN-NETWORK,PERCENT PLAN PAYS,90,95,100,80,90,2,50,low,low,RISK,1
4,4,4,2,Bonus,3149,No,Owns,37,58,79,14,4,OUTPATIENT SERVICES (SURGERY),IN-NETWORK,PERCENT PLAN PAYS,80,100,95,90,90,2,50,low,low,RISK,1
4,3,4,4,Bonus,3757,No,Rents,38,56,75,14,4,OUTPATIENT SERVICES (SURGERY),IN-NETWORK,PERCENT PLAN PAYS,90,100,80,95,90,2,50,low,low,RISK,1
4,3,4,4,Salaried,4038,Yes,Rents,51,64,87,14,4,OUTPATIENT SERVICES (SURGERY),IN-NETWORK,PERCENT PLAN PAYS,90,100,80,95,90,2,50,low,low,RISK,1
2,3,3,4,Bonus,381,No,Owns,41,65,88,14,4,OUTPATIENT SERVICES (SURGERY),IN-NETWORK,PERCENT PLAN PAYS,95,90,80,100,90,2,50,low,low,RISK,1
3,3,3,3,Hourly,2879,Yes,Rents,61,60,80,14,4,OUTPATIENT SERVICES (SURGERY),IN-NETWORK,PERCENT PLAN PAYS,100,90,80,95,90,2,50,low,low,RISK,1
4,4,3,2,Hourly,2246,No,Owns,62,60,83,14,4,OUTPATIENT SERVICES (SURGERY),IN-NETWORK,PERCENT PLAN PAYS,80,90,100,95,90,2,50,low,low,RISK,1
2,4,3,2,Hourly,3337,No,Rents,39,72,79,14,4,OUTPATIENT SERVICES (SURGERY),IN-NETWORK,PERCENT PLAN PAYS,80,90,100,95,90,2,50,low,low,RISK,1
4,3,3,4,Hourly,874,No,Owns,63,68,84,14,4,OUTPATIENT SERVICES (SURGERY),IN-NETWORK,PERCENT PLAN PAYS,90,100,80,95,90,2,50,low,low,RISK,1
3,4,2,3,Hourly,4470,Yes,Owns,36,63,98,14,4,OUTPATIENT SERVICES (SURGERY),IN-NETWORK,PERCENT PLAN PAYS,95,90,100,80,90,2,50,low,low,RISK,1
4,3,4,3,Hourly,3252,Yes,Owns,46,55,84,14,4,OUTPATIENT SERVICES (SURGERY),IN-NETWORK,PERCENT PLAN PAYS,100,80,90,95,90,2,50,low,low,RISK,1
3,4,2,3,Hourly,176,Yes,Rents,45,70,81,14,4,OUTPATIENT SERVICES (SURGERY),IN-NETWORK,PERCENT PLAN PAYS,100,90,80,95,90,2,50,low,low,RISK,1
4,3,4,2,Hourly,3681,Yes,Owns,38,55,76,14,4,OUTPATIENT SERVICES (SURGERY),IN-NETWORK,PERCENT PLAN PAYS,80,100,95,90,90,2,50,low,low,RISK,1
3,4,4,4,Hourly,1019,Yes,Owns,59,75,77,14,4,OUTPATIENT SERVICES (SURGERY),IN-NETWORK,PERCENT PLAN PAYS,90,100,80,95,90,2,50,low,low,RISK,1
3,4,4,3,Bonus,4493,Yes,Owns,64,60,78,14,4,OUTPATIENT SERVICES (SURGERY),IN-NETWORK,PERCENT PLAN PAYS,80,95,90,100,90,2,50,low,low,RISK,1
3,4,4,2,Salaried,1012,Yes,Owns,58,56,100,14,4,OUTPATIENT SERVICES (SURGERY),IN-NETWORK,PERCENT PLAN PAYS,95,80,100,90,90,2,50,low,low,RISK,1
2,2,4,3,Bonus,1248,Yes,Rents,39,74,85,14,4,OUTPATIENT SERVICES (SURGERY),IN-NETWORK,PERCENT PLAN PAYS,80,90,95,100,90,2,50,low,low,RISK,1
2,3,3,3,Salaried,1214,No,Owns,37,67,81,14,4,OUTPATIENT SERVICES (SURGERY),IN-NETWORK,PERCENT PLAN PAYS,95,100,80,90,90,2,50,low,low,RISK,1
4,3,3,2,Salaried,2852,Yes,Rents,38,64,80,14,4,OUTPATIENT SERVICES (SURGERY),IN-NETWORK,PERCENT PLAN PAYS,80,90,100,95,90,2,50,low,low,RISK,1
3,3,2,2,Bonus,1440,Yes,Owns,46,75,83,14,4,OUTPATIENT SERVICES (SURGERY),IN-NETWORK,PERCENT PLAN PAYS,90,95,100,80,90,2,50,low,low,RISK,1
4,2,4,3,Bonus,2951,No,Owns,48,51,79,14,4,OUTPATIENT SERVICES (SURGERY),IN-NETWORK,PERCENT PLAN PAYS,80,90,100,95,90,2,50,low,low,RISK,1
1,0,0,1,Salaried,4377,No,Rents,4,9,1,14,5,OUTPATIENT SERVICES (SURGERY),IN-NETWORK,PERCENT PLAN PAYS,80,100,90,95,80,1,5,low,high,RISK,2
0,0,1,0,Salaried,1919,No,Owns,4,4,5,14,5,OUTPATIENT SERVICES (SURGERY),IN-NETWORK,PERCENT PLAN PAYS,80,90,100,95,80,1,5,low,high,RISK,2
0,0,0,0,Salaried,4671,Yes,Rents,7,1,2,14,5,OUTPATIENT SERVICES (SURGERY),IN-NETWORK,PERCENT PLAN PAYS,95,90,100,80,80,1,5,low,high,RISK,2
1,1,0,0,Bonus,1139,No,Owns,6,6,5,14,5,OUTPATIENT SERVICES (SURGERY),IN-NETWORK,PERCENT PLAN PAYS,90,80,100,95,80,1,5,low,high,RISK,2
0,1,1,0,Bonus,3085,No,Rents,3,1,13,14,5,OUTPATIENT SERVICES (SURGERY),IN-NETWORK,PERCENT PLAN PAYS,100,90,95,80,80,1,5,low,high,RISK,2
0,1,1,0,Salaried,912,Yes,Rents,9,3,4,14,5,OUTPATIENT SERVICES (SURGERY),IN-NETWORK,PERCENT PLAN PAYS,90,100,80,95,80,1,5,low,high,RISK,2
1,0,1,0,Hourly,3561,Yes,Owns,5,2,0,14,5,OUTPATIENT SERVICES (SURGERY),IN-NETWORK,PERCENT PLAN PAYS,90,100,80,95,80,1,5,low,high,RISK,2
1,1,0,0,Hourly,4350,No,Rents,2,5,12,14,5,OUTPATIENT SERVICES (SURGERY),IN-NETWORK,PERCENT PLAN PAYS,100,80,90,95,80,1,5,low,high,RISK,2
1,1,0,1,Salaried,3664,No,Owns,1,6,13,14,5,OUTPATIENT SERVICES (SURGERY),IN-NETWORK,PERCENT PLAN PAYS,80,100,90,95,80,1,5,low,high,RISK,2
0,0,0,0,Bonus,1972,Yes,Owns,9,4,5,14,5,OUTPATIENT SERVICES (SURGERY),IN-NETWORK,PERCENT PLAN PAYS,100,95,80,90,80,1,5,low,high,RISK,2
0,0,1,1,Salaried,1235,Yes,Rents,7,4,8,14,5,OUTPATIENT SERVICES (SURGERY),IN-NETWORK,PERCENT PLAN PAYS,95,90,80,100,80,1,5,low,high,RISK,2
0,1,0,0,Bonus,2294,Yes,Owns,4,9,4,14,5,OUTPATIENT SERVICES (SURGERY),IN-NETWORK,PERCENT PLAN PAYS,95,80,90,100,80,1,5,low,high,RISK,2
0,0,1,0,Salaried,4592,Yes,Rents,9,7,9,14,5,OUTPATIENT SERVICES (SURGERY),IN-NETWORK,PERCENT PLAN PAYS,90,95,80,100,80,1,5,low,high,RISK,2
0,0,0,1,Hourly,2183,Yes,Owns,1,5,23,14,5,OUTPATIENT SERVICES (SURGERY),IN-NETWORK,PERCENT PLAN PAYS,95,90,100,80,80,1,5,low,high,RISK,2
0,0,1,0,Salaried,1622,Yes,Rents,2,1,9,14,5,OUTPATIENT SERVICES (SURGERY),IN-NETWORK,PERCENT PLAN PAYS,90,95,80,100,80,1,5,low,high,RISK,2
0,1,0,1,Salaried,4259,Yes,Rents,1,8,6,14,5,OUTPATIENT SERVICES (SURGERY),IN-NETWORK,PERCENT PLAN PAYS,80,100,95,90,80,1,5,low,high,RISK,2
1,0,0,1,Salaried,4138,No,Owns,9,2,1,14,5,OUTPATIENT SERVICES (SURGERY),IN-NETWORK,PERCENT PLAN PAYS,90,100,95,80,80,1,5,low,high,RISK,2
1,0,0,1,Bonus,2742,No,Owns,10,10,2,14,5,OUTPATIENT SERVICES (SURGERY),IN-NETWORK,PERCENT PLAN PAYS,95,100,80,90,80,1,5,low,high,RISK,2
0,0,0,1,Bonus,4027,Yes,Rents,3,4,3,14,5,OUTPATIENT SERVICES (SURGERY),IN-NETWORK,PERCENT PLAN PAYS,100,95,80,90,80,1,5,low,high,RISK,2
1,0,0,0,Bonus,3643,No,Rents,8,2,25,14,5,OUTPATIENT SERVICES (SURGERY),IN-NETWORK,PERCENT PLAN PAYS,90,100,95,80,80,1,5,low,high,RISK,2
1,0,1,0,Salaried,1855,No,Rents,9,10,10,14,5,OUTPATIENT SERVICES (SURGERY),IN-NETWORK,PERCENT PLAN PAYS,95,80,90,100,80,1,5,low,high,RISK,2
0,1,0,0,Bonus,4199,No,Owns,7,7,6,14,5,OUTPATIENT SERVICES (SURGERY),IN-NETWORK,PERCENT PLAN PAYS,80,90,95,100,80,1,5,low,high,RISK,2
0,1,0,0,Salaried,358,No,Rents,5,5,5,14,5,OUTPATIENT SERVICES (SURGERY),IN-NETWORK,PERCENT PLAN PAYS,95,80,90,100,80,1,5,low,high,RISK,2
0,0,1,0,Salaried,2175,No,Owns,8,10,8,14,5,OUTPATIENT SERVICES (SURGERY),IN-NETWORK,PERCENT PLAN PAYS,80,95,90,100,80,1,5,low,high,RISK,2
0,1,0,0,Bonus,2804,No,Owns,4,0,4,14,5,OUTPATIENT SERVICES (SURGERY),IN-NETWORK,PERCENT PLAN PAYS,90,100,80,95,80,1,5,low,high,RISK,2
1,1,1,0,Bonus,2793,Yes,Owns,9,9,1,14,5,OUTPATIENT SERVICES (SURGERY),IN-NETWORK,PERCENT PLAN PAYS,90,100,80,95,80,1,5,low,high,RISK,2
1,0,1,0,Salaried,1366,No,Owns,7,4,5,14,5,OUTPATIENT SERVICES (SURGERY),IN-NETWORK,PERCENT PLAN PAYS,100,95,80,90,80,1,5,low,high,RISK,2
0,1,1,1,Salaried,3990,No,Rents,6,1,2,14,5,OUTPATIENT SERVICES (SURGERY),IN-NETWORK,PERCENT PLAN PAYS,100,90,80,95,80,1,5,low,high,RISK,2
0,0,0,0,Salaried,1625,No,Owns,8,6,5,14,5,OUTPATIENT SERVICES (SURGERY),IN-NETWORK,PERCENT PLAN PAYS,95,80,90,100,80,1,5,low,high,RISK,2
1,1,0,0,Hourly,1178,No,Owns,0,1,13,14,5,OUTPATIENT SERVICES (SURGERY),IN-NETWORK,PERCENT PLAN PAYS,80,90,100,95,80,1,5,low,high,RISK,2
0,0,0,0,Hourly,2665,No,Rents,2,3,4,14,5,OUTPATIENT SERVICES (SURGERY),IN-NETWORK,PERCENT PLAN PAYS,95,90,80,100,80,1,5,low,high,RISK,2
1,1,1,0,Hourly,4144,No,Owns,3,2,0,14,5,OUTPATIENT SERVICES (SURGERY),IN-NETWORK,PERCENT PLAN PAYS,90,100,95,80,80,1,5,low,high,RISK,2
0,0,1,0,Hourly,2547,Yes,Owns,7,5,12,14,5,OUTPATIENT SERVICES (SURGERY),IN-NETWORK,PERCENT PLAN PAYS,100,95,80,90,80,1,5,low,high,RISK,2
1,0,1,0,Hourly,152,Yes,Owns,8,6,13,14,5,OUTPATIENT SERVICES (SURGERY),IN-NETWORK,PERCENT PLAN PAYS,100,80,90,95,80,1,5,low,high,RISK,2
0,0,0,0,Bonus,2909,Yes,Rents,3,4,5,14,5,OUTPATIENT SERVICES (SURGERY),IN-NETWORK,PERCENT PLAN PAYS,80,95,100,90,80,1,5,low,high,RISK,2
1,1,0,0,Bonus,2404,Yes,Owns,5,4,8,14,5,OUTPATIENT SERVICES (SURGERY),IN-NETWORK,PERCENT PLAN PAYS,100,90,80,95,80,1,5,low,high,RISK,2
1,0,1,1,Bonus,144,Yes,Owns,4,9,4,14,5,OUTPATIENT SERVICES (SURGERY),IN-NETWORK,PERCENT PLAN PAYS,90,95,100,80,80,1,5,low,high,RISK,2
1,0,1,0,Hourly,2250,No,Owns,4,7,9,14,5,OUTPATIENT SERVICES (SURGERY),IN-NETWORK,PERCENT PLAN PAYS,95,100,90,80,80,1,5,low,high,RISK,2
1,0,0,0,Hourly,4826,No,Owns,4,5,23,14,5,OUTPATIENT SERVICES (SURGERY),IN-NETWORK,PERCENT PLAN PAYS,100,90,95,80,80,1,5,low,high,RISK,2
1,1,0,0,Salaried,792,No,Owns,5,1,9,14,5,OUTPATIENT SERVICES (SURGERY),IN-NETWORK,PERCENT PLAN PAYS,90,95,100,80,80,1,5,low,high,RISK,2
0,1,0,0,Hourly,3429,No,Rents,8,8,6,14,5,OUTPATIENT SERVICES (SURGERY),IN-NETWORK,PERCENT PLAN PAYS,100,80,90,95,80,1,5,low,high,RISK,2
0,1,0,0,Hourly,1596,Yes,Owns,5,2,1,14,5,OUTPATIENT SERVICES (SURGERY),IN-NETWORK,PERCENT PLAN PAYS,80,95,100,90,80,1,5,low,high,RISK,2
1,1,1,0,Salaried,83,Yes,Owns,2,10,2,14,5,OUTPATIENT SERVICES (SURGERY),IN-NETWORK,PERCENT PLAN PAYS,90,100,95,80,80,1,5,low,high,RISK,2
1,1,0,1,Salaried,3601,No,Owns,1,4,3,14,5,OUTPATIENT SERVICES (SURGERY),IN-NETWORK,PERCENT PLAN PAYS,95,100,80,90,80,1,5,low,high,RISK,2
0,0,0,1,Bonus,861,No,Owns,8,2,25,14,5,OUTPATIENT SERVICES (SURGERY),IN-NETWORK,PERCENT PLAN PAYS,95,100,80,90,80,1,5,low,high,RISK,2
0,1,1,1,Salaried,2240,Yes,Rents,8,10,10,14,5,OUTPATIENT SERVICES (SURGERY),IN-NETWORK,PERCENT PLAN PAYS,90,80,95,100,80,1,5,low,high,RISK,2
0,0,0,0,Hourly,2384,No,Rents,1,7,6,14,5,OUTPATIENT SERVICES (SURGERY),IN-NETWORK,PERCENT PLAN PAYS,100,80,95,90,80,1,5,low,high,RISK,2
0,0,0,0,Bonus,2363,Yes,Rents,6,5,5,14,5,OUTPATIENT SERVICES (SURGERY),IN-NETWORK,PERCENT PLAN PAYS,80,100,95,90,80,1,5,low,high,RISK,2
0,0,1,0,Salaried,4539,No,Owns,3,10,8,14,5,OUTPATIENT SERVICES (SURGERY),IN-NETWORK,PERCENT PLAN PAYS,90,100,95,80,80,1,5,low,high,RISK,2
0,0,0,0,Bonus,489,No,Rents,3,0,4,14,5,OUTPATIENT SERVICES (SURGERY),IN-NETWORK,PERCENT PLAN PAYS,95,90,80,100,80,1,5,low,high,RISK,2
0,1,0,1,Bonus,4623,Yes,Owns,2,9,1,14,5,OUTPATIENT SERVICES (SURGERY),IN-NETWORK,PERCENT PLAN PAYS,90,95,80,100,80,1,5,low,high,RISK,2
0,0,0,0,Salaried,153,Yes,Owns,0,4,5,14,5,OUTPATIENT SERVICES (SURGERY),IN-NETWORK,PERCENT PLAN PAYS,95,80,100,90,80,1,5,low,high,RISK,2
0,1,1,0,Salaried,3954,No,Owns,1,1,2,14,5,OUTPATIENT SERVICES (SURGERY),IN-NETWORK,PERCENT PLAN PAYS,80,95,90,100,80,1,5,low,high,RISK,2
0,0,0,0,Salaried,4742,No,Rents,0,6,5,14,5,OUTPATIENT SERVICES (SURGERY),IN-NETWORK,PERCENT PLAN PAYS,95,90,80,100,80,1,5,low,high,RISK,2
0,0,0,0,Hourly,3289,No,Rents,8,1,13,14,5,OUTPATIENT SERVICES (SURGERY),IN-NETWORK,PERCENT PLAN PAYS,95,90,100,80,80,1,5,low,high,RISK,2
0,0,0,0,Bonus,3409,Yes,Rents,6,3,4,14,5,OUTPATIENT SERVICES (SURGERY),IN-NETWORK,PERCENT PLAN PAYS,95,90,80,100,80,1,5,low,high,RISK,2
0,0,1,0,Bonus,3179,No,Rents,2,2,0,14,5,OUTPATIENT SERVICES (SURGERY),IN-NETWORK,PERCENT PLAN PAYS,90,100,80,95,80,1,5,low,high,RISK,2
0,0,0,0,Bonus,4271,No,Rents,3,5,12,14,5,OUTPATIENT SERVICES (SURGERY),IN-NETWORK,PERCENT PLAN PAYS,90,80,95,100,80,1,5,low,high,RISK,2
0,0,0,0,Hourly,4605,Yes,Rents,4,6,13,14,5,OUTPATIENT SERVICES (SURGERY),IN-NETWORK,PERCENT PLAN PAYS,95,90,100,80,80,1,5,low,high,RISK,2
0,1,1,1,Salaried,3042,Yes,Rents,1,4,5,14,5,OUTPATIENT SERVICES (SURGERY),IN-NETWORK,PERCENT PLAN PAYS,100,95,90,80,80,1,5,low,high,RISK,2
0,1,1,0,Hourly,170,No,Rents,9,4,8,14,5,OUTPATIENT SERVICES (SURGERY),IN-NETWORK,PERCENT PLAN PAYS,95,90,100,80,80,1,5,low,high,RISK,2
0,0,0,1,Salaried,2062,No,Rents,2,9,4,14,5,OUTPATIENT SERVICES (SURGERY),IN-NETWORK,PERCENT PLAN PAYS,95,100,80,90,80,1,5,low,high,RISK,2
1,0,1,1,Bonus,1962,No,Rents,0,7,9,14,5,OUTPATIENT SERVICES (SURGERY),IN-NETWORK,PERCENT PLAN PAYS,80,100,90,95,80,1,5,low,high,RISK,2
0,0,0,0,Bonus,1006,No,Owns,5,5,23,14,5,OUTPATIENT SERVICES (SURGERY),IN-NETWORK,PERCENT PLAN PAYS,95,100,90,80,80,1,5,low,high,RISK,2
0,1,0,1,Salaried,4555,No,Rents,2,1,9,14,5,OUTPATIENT SERVICES (SURGERY),IN-NETWORK,PERCENT PLAN PAYS,100,95,80,90,80,1,5,low,high,RISK,2
1,0,1,0,Bonus,458,No,Rents,4,8,6,14,5,OUTPATIENT SERVICES (SURGERY),IN-NETWORK,PERCENT PLAN PAYS,80,100,90,95,80,1,5,low,high,RISK,2
1,0,1,0,Hourly,1593,No,Owns,0,2,1,14,5,OUTPATIENT SERVICES (SURGERY),IN-NETWORK,PERCENT PLAN PAYS,95,90,100,80,80,1,5,low,high,RISK,2
0,1,0,0,Hourly,4519,Yes,Owns,4,10,2,14,5,OUTPATIENT SERVICES (SURGERY),IN-NETWORK,PERCENT PLAN PAYS,90,80,100,95,80,1,5,low,high,RISK,2
0,1,0,0,Bonus,2639,No,Rents,0,4,3,14,5,OUTPATIENT SERVICES (SURGERY),IN-NETWORK,PERCENT PLAN PAYS,90,95,80,100,80,1,5,low,high,RISK,2
0,0,1,0,Hourly,2563,Yes,Rents,8,2,25,14,5,OUTPATIENT SERVICES (SURGERY),IN-NETWORK,PERCENT PLAN PAYS,100,80,95,90,80,1,5,low,high,RISK,2
0,0,1,1,Bonus,2810,Yes,Owns,8,10,10,14,5,OUTPATIENT SERVICES (SURGERY),IN-NETWORK,PERCENT PLAN PAYS,100,95,90,80,80,1,5,low,high,RISK,2
0,0,0,1,Hourly,2954,Yes,Owns,10,7,6,14,5,OUTPATIENT SERVICES (SURGERY),IN-NETWORK,PERCENT PLAN PAYS,95,80,90,100,80,1,5,low,high,RISK,2
0,0,1,0,Hourly,2299,Yes,Owns,6,5,5,14,5,OUTPATIENT SERVICES (SURGERY),IN-NETWORK,PERCENT PLAN PAYS,100,90,80,95,80,1,5,low,high,RISK,2
0,0,1,1,Hourly,1155,No,Rents,1,10,8,14,5,OUTPATIENT SERVICES (SURGERY),IN-NETWORK,PERCENT PLAN PAYS,100,90,80,95,80,1,5,low,high,RISK,2
1,0,1,0,Bonus,1856,Yes,Rents,7,0,4,14,5,OUTPATIENT SERVICES (SURGERY),IN-NETWORK,PERCENT PLAN PAYS,90,80,100,95,80,1,5,low,high,RISK,2
1,1,0,0,Salaried,3352,Yes,Rents,1,9,1,14,5,OUTPATIENT SERVICES (SURGERY),IN-NETWORK,PERCENT PLAN PAYS,100,95,90,80,80,1,5,low,high,RISK,2
1,0,0,0,Hourly,3735,Yes,Owns,8,4,5,14,5,OUTPATIENT SERVICES (SURGERY),IN-NETWORK,PERCENT PLAN PAYS,80,90,100,95,80,1,5,low,high,RISK,2
1,0,0,1,Salaried,1125,Yes,Rents,1,1,2,14,5,OUTPATIENT SERVICES (SURGERY),IN-NETWORK,PERCENT PLAN PAYS,100,90,95,80,80,1,5,low,high,RISK,2
1,0,1,0,Bonus,4695,No,Owns,0,6,5,14,5,OUTPATIENT SERVICES (SURGERY),IN-NETWORK,PERCENT PLAN PAYS,95,80,100,90,80,1,5,low,high,RISK,2
0,0,0,1,Salaried,1210,No,Rents,9,1,13,14,5,OUTPATIENT SERVICES (SURGERY),IN-NETWORK,PERCENT PLAN PAYS,90,80,95,100,80,1,5,low,high,RISK,2
1,1,1,0,Bonus,3149,No,Owns,1,3,4,14,5,OUTPATIENT SERVICES (SURGERY),IN-NETWORK,PERCENT PLAN PAYS,100,80,90,95,80,1,5,low,high,RISK,2
1,0,0,0,Bonus,3757,No,Rents,1,2,0,14,5,OUTPATIENT SERVICES (SURGERY),IN-NETWORK,PERCENT PLAN PAYS,90,80,100,95,80,1,5,low,high,RISK,2
1,0,1,1,Salaried,4038,Yes,Rents,5,5,12,14,5,OUTPATIENT SERVICES (SURGERY),IN-NETWORK,PERCENT PLAN PAYS,90,95,100,80,80,1,5,low,high,RISK,2
0,0,0,1,Bonus,381,No,Owns,2,6,13,14,5,OUTPATIENT SERVICES (SURGERY),IN-NETWORK,PERCENT PLAN PAYS,95,90,100,80,80,1,5,low,high,RISK,2
0,0,0,0,Hourly,2879,Yes,Rents,9,4,5,14,5,OUTPATIENT SERVICES (SURGERY),IN-NETWORK,PERCENT PLAN PAYS,95,90,80,100,80,1,5,low,high,RISK,2
0,1,0,0,Hourly,2246,No,Owns,9,4,8,14,5,OUTPATIENT SERVICES (SURGERY),IN-NETWORK,PERCENT PLAN PAYS,95,100,90,80,80,1,5,low,high,RISK,2
0,1,0,0,Hourly,3337,No,Rents,1,9,4,14,5,OUTPATIENT SERVICES (SURGERY),IN-NETWORK,PERCENT PLAN PAYS,90,100,95,80,80,1,5,low,high,RISK,2
1,0,0,0,Hourly,874,No,Owns,9,7,9,14,5,OUTPATIENT SERVICES (SURGERY),IN-NETWORK,PERCENT PLAN PAYS,90,80,95,100,80,1,5,low,high,RISK,2
0,1,0,0,Hourly,4470,Yes,Owns,0,5,23,14,5,OUTPATIENT SERVICES (SURGERY),IN-NETWORK,PERCENT PLAN PAYS,95,100,80,90,80,1,5,low,high,RISK,2
1,0,1,0,Hourly,3252,Yes,Owns,4,1,9,14,5,OUTPATIENT SERVICES (SURGERY),IN-NETWORK,PERCENT PLAN PAYS,80,90,100,95,80,1,5,low,high,RISK,2
0,1,0,0,Hourly,176,Yes,Rents,3,8,6,14,5,OUTPATIENT SERVICES (SURGERY),IN-NETWORK,PERCENT PLAN PAYS,90,95,100,80,80,1,5,low,high,RISK,2
0,0,1,0,Hourly,3681,Yes,Owns,1,2,1,14,5,OUTPATIENT SERVICES (SURGERY),IN-NETWORK,PERCENT PLAN PAYS,100,95,90,80,80,1,5,low,high,RISK,2
0,1,1,1,Hourly,1019,Yes,Owns,8,10,2,14,5,OUTPATIENT SERVICES (SURGERY),IN-NETWORK,PERCENT PLAN PAYS,95,80,100,90,80,1,5,low,high,RISK,2
0,1,1,0,Bonus,4493,Yes,Owns,10,4,3,14,5,OUTPATIENT SERVICES (SURGERY),IN-NETWORK,PERCENT PLAN PAYS,95,80,90,100,80,1,5,low,high,RISK,2
0,1,1,0,Salaried,1012,Yes,Owns,8,2,25,14,5,OUTPATIENT SERVICES (SURGERY),IN-NETWORK,PERCENT PLAN PAYS,90,80,95,100,80,1,5,low,high,RISK,2
0,0,0,0,Bonus,1248,Yes,Rents,1,10,10,14,5,OUTPATIENT SERVICES (SURGERY),IN-NETWORK,PERCENT PLAN PAYS,95,80,90,100,80,1,5,low,high,RISK,2
0,0,0,0,Salaried,1214,No,Owns,1,7,6,14,5,OUTPATIENT SERVICES (SURGERY),IN-NETWORK,PERCENT PLAN PAYS,95,80,90,100,80,1,5,low,high,RISK,2
1,0,0,0,Salaried,2852,Yes,Rents,1,5,5,14,5,OUTPATIENT SERVICES (SURGERY),IN-NETWORK,PERCENT PLAN PAYS,100,80,95,90,80,1,5,low,high,RISK,2
0,0,0,0,Bonus,1440,Yes,Owns,4,10,8,14,5,OUTPATIENT SERVICES (SURGERY),IN-NETWORK,PERCENT PLAN PAYS,80,100,95,90,80,1,5,low,high,RISK,2
1,0,1,0,Bonus,2951,No,Owns,4,0,4,14,5,OUTPATIENT SERVICES (SURGERY),IN-NETWORK,PERCENT PLAN PAYS,100,90,80,95,80,1,5,low,high,RISK,2
2,1,0,2,Salaried,4377,No,Rents,10,19,27,14,6,OUTPATIENT SERVICES (SURGERY),IN-NETWORK,PERCENT PLAN PAYS,95,100,80,90,90,2,10,low,high,RISK,2
0,1,1,0,Salaried,1919,No,Owns,10,15,31,14,6,OUTPATIENT SERVICES (SURGERY),IN-NETWORK,PERCENT PLAN PAYS,95,80,90,100,90,2,10,low,high,RISK,2
1,1,0,0,Salaried,4671,Yes,Rents,15,12,28,14,6,OUTPATIENT SERVICES (SURGERY),IN-NETWORK,PERCENT PLAN PAYS,90,80,100,95,90,2,10,low,high,RISK,2
2,1,0,0,Bonus,1139,No,Owns,13,16,31,14,6,OUTPATIENT SERVICES (SURGERY),IN-NETWORK,PERCENT PLAN PAYS,80,90,95,100,90,2,10,low,high,RISK,2
1,1,2,1,Bonus,3085,No,Rents,9,12,39,14,6,OUTPATIENT SERVICES (SURGERY),IN-NETWORK,PERCENT PLAN PAYS,90,80,100,95,90,2,10,low,high,RISK,2
0,1,2,0,Salaried,912,Yes,Rents,16,14,30,14,6,OUTPATIENT SERVICES (SURGERY),IN-NETWORK,PERCENT PLAN PAYS,90,100,80,95,90,2,10,low,high,RISK,2
1,0,2,1,Hourly,3561,Yes,Owns,12,13,26,14,6,OUTPATIENT SERVICES (SURGERY),IN-NETWORK,PERCENT PLAN PAYS,90,80,100,95,90,2,10,low,high,RISK,2
1,2,0,0,Hourly,4350,No,Rents,7,16,37,14,6,OUTPATIENT SERVICES (SURGERY),IN-NETWORK,PERCENT PLAN PAYS,80,90,95,100,90,2,10,low,high,RISK,2
2,2,1,2,Salaried,3664,No,Owns,7,16,39,14,6,OUTPATIENT SERVICES (SURGERY),IN-NETWORK,PERCENT PLAN PAYS,100,80,90,95,90,2,10,low,high,RISK,2
0,0,0,1,Bonus,1972,Yes,Owns,17,14,30,14,6,OUTPATIENT SERVICES (SURGERY),IN-NETWORK,PERCENT PLAN PAYS,95,90,80,100,90,2,10,low,high,RISK,2
1,0,2,2,Salaried,1235,Yes,Rents,14,14,34,14,6,OUTPATIENT SERVICES (SURGERY),IN-NETWORK,PERCENT PLAN PAYS,90,95,100,80,90,2,10,low,high,RISK,2
0,2,0,1,Bonus,2294,Yes,Owns,10,19,30,14,6,OUTPATIENT SERVICES (SURGERY),IN-NETWORK,PERCENT PLAN PAYS,100,90,80,95,90,2,10,low,high,RISK,2
0,1,2,0,Salaried,4592,Yes,Rents,16,17,35,14,6,OUTPATIENT SERVICES (SURGERY),IN-NETWORK,PERCENT PLAN PAYS,90,95,80,100,90,2,10,low,high,RISK,2
0,0,1,1,Hourly,2183,Yes,Owns,6,15,48,14,6,OUTPATIENT SERVICES (SURGERY),IN-NETWORK,PERCENT PLAN PAYS,90,100,95,80,90,2,10,low,high,RISK,2
1,1,2,1,Salaried,1622,Yes,Rents,8,12,35,14,6,OUTPATIENT SERVICES (SURGERY),IN-NETWORK,PERCENT PLAN PAYS,95,90,100,80,90,2,10,low,high,RISK,2
1,2,1,2,Salaried,4259,Yes,Rents,6,18,32,14,6,OUTPATIENT SERVICES (SURGERY),IN-NETWORK,PERCENT PLAN PAYS,90,95,80,100,90,2,10,low,high,RISK,2
2,1,1,2,Salaried,4138,No,Owns,17,13,27,14,6,OUTPATIENT SERVICES (SURGERY),IN-NETWORK,PERCENT PLAN PAYS,95,90,80,100,90,2,10,low,high,RISK,2
2,0,1,2,Bonus,2742,No,Owns,17,20,28,14,6,OUTPATIENT SERVICES (SURGERY),IN-NETWORK,PERCENT PLAN PAYS,90,100,80,95,90,2,10,low,high,RISK,2
1,1,0,2,Bonus,4027,Yes,Rents,8,14,29,14,6,OUTPATIENT SERVICES (SURGERY),IN-NETWORK,PERCENT PLAN PAYS,100,90,95,80,90,2,10,low,high,RISK,2
1,1,0,0,Bonus,3643,No,Rents,16,13,50,14,6,OUTPATIENT SERVICES (SURGERY),IN-NETWORK,PERCENT PLAN PAYS,95,100,90,80,90,2,10,low,high,RISK,2
1,0,2,0,Salaried,1855,No,Rents,17,20,35,14,6,OUTPATIENT SERVICES (SURGERY),IN-NETWORK,PERCENT PLAN PAYS,90,95,100,80,90,2,10,low,high,RISK,2
1,2,0,1,Bonus,4199,No,Owns,14,17,32,14,6,OUTPATIENT SERVICES (SURGERY),IN-NETWORK,PERCENT PLAN PAYS,100,80,90,95,90,2,10,low,high,RISK,2
0,2,1,0,Salaried,358,No,Rents,12,16,31,14,6,OUTPATIENT SERVICES (SURGERY),IN-NETWORK,PERCENT PLAN PAYS,90,95,80,100,90,2,10,low,high,RISK,2
1,1,1,1,Salaried,2175,No,Owns,16,20,34,14,6,OUTPATIENT SERVICES (SURGERY),IN-NETWORK,PERCENT PLAN PAYS,100,90,95,80,90,2,10,low,high,RISK,2
1,1,0,0,Bonus,2804,No,Owns,11,11,30,14,6,OUTPATIENT SERVICES (SURGERY),IN-NETWORK,PERCENT PLAN PAYS,90,100,95,80,90,2,10,low,high,RISK,2
2,1,2,1,Bonus,2793,Yes,Owns,17,19,27,14,6,OUTPATIENT SERVICES (SURGERY),IN-NETWORK,PERCENT PLAN PAYS,80,100,90,95,90,2,10,low,high,RISK,2
2,0,2,0,Salaried,1366,No,Owns,14,15,31,14,6,OUTPATIENT SERVICES (SURGERY),IN-NETWORK,PERCENT PLAN PAYS,100,90,95,80,90,2,10,low,high,RISK,2
0,1,1,2,Salaried,3990,No,Rents,13,12,28,14,6,OUTPATIENT SERVICES (SURGERY),IN-NETWORK,PERCENT PLAN PAYS,100,90,95,80,90,2,10,low,high,RISK,2
0,1,1,0,Salaried,1625,No,Owns,16,16,31,14,6,OUTPATIENT SERVICES (SURGERY),IN-NETWORK,PERCENT PLAN PAYS,95,90,100,80,90,2,10,low,high,RISK,2
1,2,0,0,Hourly,1178,No,Owns,5,12,39,14,6,OUTPATIENT SERVICES (SURGERY),IN-NETWORK,PERCENT PLAN PAYS,90,80,95,100,90,2,10,low,high,RISK,2
1,1,0,0,Hourly,2665,No,Rents,8,14,30,14,6,OUTPATIENT SERVICES (SURGERY),IN-NETWORK,PERCENT PLAN PAYS,90,95,100,80,90,2,10,low,high,RISK,2
1,1,2,0,Hourly,4144,No,Owns,9,13,26,14,6,OUTPATIENT SERVICES (SURGERY),IN-NETWORK,PERCENT PLAN PAYS,95,100,80,90,90,2,10,low,high,RISK,2
1,1,2,0,Hourly,2547,Yes,Owns,14,16,37,14,6,OUTPATIENT SERVICES (SURGERY),IN-NETWORK,PERCENT PLAN PAYS,90,95,100,80,90,2,10,low,high,RISK,2
1,1,1,0,Hourly,152,Yes,Owns,15,16,39,14,6,OUTPATIENT SERVICES (SURGERY),IN-NETWORK,PERCENT PLAN PAYS,80,100,90,95,90,2,10,low,high,RISK,2
0,0,0,0,Bonus,2909,Yes,Rents,9,14,30,14,6,OUTPATIENT SERVICES (SURGERY),IN-NETWORK,PERCENT PLAN PAYS,100,80,90,95,90,2,10,low,high,RISK,2
2,2,1,1,Bonus,2404,Yes,Owns,11,14,34,14,6,OUTPATIENT SERVICES (SURGERY),IN-NETWORK,PERCENT PLAN PAYS,100,80,90,95,90,2,10,low,high,RISK,2
2,0,1,2,Bonus,144,Yes,Owns,10,19,30,14,6,OUTPATIENT SERVICES (SURGERY),IN-NETWORK,PERCENT PLAN PAYS,100,80,95,90,90,2,10,low,high,RISK,2
2,0,1,0,Hourly,2250,No,Owns,11,17,35,14,6,OUTPATIENT SERVICES (SURGERY),IN-NETWORK,PERCENT PLAN PAYS,80,90,100,95,90,2,10,low,high,RISK,2
2,0,0,0,Hourly,4826,No,Owns,10,15,48,14,6,OUTPATIENT SERVICES (SURGERY),IN-NETWORK,PERCENT PLAN PAYS,100,90,95,80,90,2,10,low,high,RISK,2
1,1,0,0,Salaried,792,No,Owns,12,12,35,14,6,OUTPATIENT SERVICES (SURGERY),IN-NETWORK,PERCENT PLAN PAYS,80,100,90,95,90,2,10,low,high,RISK,2
0,2,0,1,Hourly,3429,No,Rents,15,18,32,14,6,OUTPATIENT SERVICES (SURGERY),IN-NETWORK,PERCENT PLAN PAYS,90,95,100,80,90,2,10,low,high,RISK,2
0,2,0,1,Hourly,1596,Yes,Owns,11,13,27,14,6,OUTPATIENT SERVICES (SURGERY),IN-NETWORK,PERCENT PLAN PAYS,100,90,95,80,90,2,10,low,high,RISK,2
1,1,2,0,Salaried,83,Yes,Owns,7,20,28,14,6,OUTPATIENT SERVICES (SURGERY),IN-NETWORK,PERCENT PLAN PAYS,80,100,95,90,90,2,10,low,high,RISK,2
1,2,0,2,Salaried,3601,No,Owns,6,14,29,14,6,OUTPATIENT SERVICES (SURGERY),IN-NETWORK,PERCENT PLAN PAYS,90,80,100,95,90,2,10,low,high,RISK,2
1,1,0,1,Bonus,861,No,Owns,15,13,50,14,6,OUTPATIENT SERVICES (SURGERY),IN-NETWORK,PERCENT PLAN PAYS,100,95,90,80,90,2,10,low,high,RISK,2
0,2,2,2,Salaried,2240,Yes,Rents,15,20,35,14,6,OUTPATIENT SERVICES (SURGERY),IN-NETWORK,PERCENT PLAN PAYS,95,90,100,80,90,2,10,low,high,RISK,2
1,0,0,0,Hourly,2384,No,Rents,6,17,32,14,6,OUTPATIENT SERVICES (SURGERY),IN-NETWORK,PERCENT PLAN PAYS,90,95,80,100,90,2,10,low,high,RISK,2
0,0,0,0,Bonus,2363,Yes,Rents,12,16,31,14,6,OUTPATIENT SERVICES (SURGERY),IN-NETWORK,PERCENT PLAN PAYS,95,80,100,90,90,2,10,low,high,RISK,2
1,1,2,0,Salaried,4539,No,Owns,10,20,34,14,6,OUTPATIENT SERVICES (SURGERY),IN-NETWORK,PERCENT PLAN PAYS,80,95,90,100,90,2,10,low,high,RISK,2
1,1,0,0,Bonus,489,No,Rents,9,11,30,14,6,OUTPATIENT SERVICES (SURGERY),IN-NETWORK,PERCENT PLAN PAYS,80,100,95,90,90,2,10,low,high,RISK,2
1,2,0,2,Bonus,4623,Yes,Owns,7,19,27,14,6,OUTPATIENT SERVICES (SURGERY),IN-NETWORK,PERCENT PLAN PAYS,80,95,90,100,90,2,10,low,high,RISK,2
1,0,0,0,Salaried,153,Yes,Owns,5,15,31,14,6,OUTPATIENT SERVICES (SURGERY),IN-NETWORK,PERCENT PLAN PAYS,90,80,95,100,90,2,10,low,high,RISK,2
0,2,2,1,Salaried,3954,No,Owns,6,12,28,14,6,OUTPATIENT SERVICES (SURGERY),IN-NETWORK,PERCENT PLAN PAYS,90,80,95,100,90,2,10,low,high,RISK,2
0,1,0,0,Salaried,4742,No,Rents,5,16,31,14,6,OUTPATIENT SERVICES (SURGERY),IN-NETWORK,PERCENT PLAN PAYS,80,100,95,90,90,2,10,low,high,RISK,2
0,0,0,1,Hourly,3289,No,Rents,15,12,39,14,6,OUTPATIENT SERVICES (SURGERY),IN-NETWORK,PERCENT PLAN PAYS,100,80,95,90,90,2,10,low,high,RISK,2
0,0,1,1,Bonus,3409,Yes,Rents,13,14,30,14,6,OUTPATIENT SERVICES (SURGERY),IN-NETWORK,PERCENT PLAN PAYS,100,80,95,90,90,2,10,low,high,RISK,2
0,0,2,1,Bonus,3179,No,Rents,8,13,26,14,6,OUTPATIENT SERVICES (SURGERY),IN-NETWORK,PERCENT PLAN PAYS,95,100,80,90,90,2,10,low,high,RISK,2
0,0,0,1,Bonus,4271,No,Rents,9,16,37,14,6,OUTPATIENT SERVICES (SURGERY),IN-NETWORK,PERCENT PLAN PAYS,80,100,95,90,90,2,10,low,high,RISK,2
0,0,0,0,Hourly,4605,Yes,Rents,10,16,39,14,6,OUTPATIENT SERVICES (SURGERY),IN-NETWORK,PERCENT PLAN PAYS,90,100,80,95,90,2,10,low,high,RISK,2
0,2,2,2,Salaried,3042,Yes,Rents,6,14,30,14,6,OUTPATIENT SERVICES (SURGERY),IN-NETWORK,PERCENT PLAN PAYS,95,100,80,90,90,2,10,low,high,RISK,2
0,2,2,0,Hourly,170,No,Rents,16,14,34,14,6,OUTPATIENT SERVICES (SURGERY),IN-NETWORK,PERCENT PLAN PAYS,90,95,100,80,90,2,10,low,high,RISK,2
0,1,0,2,Salaried,2062,No,Rents,7,19,30,14,6,OUTPATIENT SERVICES (SURGERY),IN-NETWORK,PERCENT PLAN PAYS,95,90,100,80,90,2,10,low,high,RISK,2
1,1,2,2,Bonus,1962,No,Rents,5,17,35,14,6,OUTPATIENT SERVICES (SURGERY),IN-NETWORK,PERCENT PLAN PAYS,90,80,100,95,90,2,10,low,high,RISK,2
0,0,0,0,Bonus,1006,No,Owns,11,15,48,14,6,OUTPATIENT SERVICES (SURGERY),IN-NETWORK,PERCENT PLAN PAYS,95,90,80,100,90,2,10,low,high,RISK,2
0,2,1,2,Salaried,4555,No,Rents,8,12,35,14,6,OUTPATIENT SERVICES (SURGERY),IN-NETWORK,PERCENT PLAN PAYS,100,90,95,80,90,2,10,low,high,RISK,2
2,1,1,0,Bonus,458,No,Rents,10,18,32,14,6,OUTPATIENT SERVICES (SURGERY),IN-NETWORK,PERCENT PLAN PAYS,90,100,80,95,90,2,10,low,high,RISK,2
2,0,2,1,Hourly,1593,No,Owns,5,13,27,14,6,OUTPATIENT SERVICES (SURGERY),IN-NETWORK,PERCENT PLAN PAYS,100,90,95,80,90,2,10,low,high,RISK,2
0,2,0,1,Hourly,4519,Yes,Owns,11,20,28,14,6,OUTPATIENT SERVICES (SURGERY),IN-NETWORK,PERCENT PLAN PAYS,100,80,95,90,90,2,10,low,high,RISK,2
0,1,0,0,Bonus,2639,No,Rents,5,14,29,14,6,OUTPATIENT SERVICES (SURGERY),IN-NETWORK,PERCENT PLAN PAYS,80,100,95,90,90,2,10,low,high,RISK,2
0,0,2,1,Hourly,2563,Yes,Rents,15,13,50,14,6,OUTPATIENT SERVICES (SURGERY),IN-NETWORK,PERCENT PLAN PAYS,80,90,100,95,90,2,10,low,high,RISK,2
0,1,2,1,Bonus,2810,Yes,Owns,15,20,35,14,6,OUTPATIENT SERVICES (SURGERY),IN-NETWORK,PERCENT PLAN PAYS,100,95,90,80,90,2,10,low,high,RISK,2
1,1,0,1,Hourly,2954,Yes,Owns,18,17,32,14,6,OUTPATIENT SERVICES (SURGERY),IN-NETWORK,PERCENT PLAN PAYS,90,100,95,80,90,2,10,low,high,RISK,2
1,0,2,0,Hourly,2299,Yes,Owns,13,16,31,14,6,OUTPATIENT SERVICES (SURGERY),IN-NETWORK,PERCENT PLAN PAYS,95,100,90,80,90,2,10,low,high,RISK,2
0,0,1,2,Hourly,1155,No,Rents,6,20,34,14,6,OUTPATIENT SERVICES (SURGERY),IN-NETWORK,PERCENT PLAN PAYS,90,95,80,100,90,2,10,low,high,RISK,2
1,0,2,0,Bonus,1856,Yes,Rents,14,11,30,14,6,OUTPATIENT SERVICES (SURGERY),IN-NETWORK,PERCENT PLAN PAYS,95,80,100,90,90,2,10,low,high,RISK,2
2,1,1,0,Salaried,3352,Yes,Rents,6,19,27,14,6,OUTPATIENT SERVICES (SURGERY),IN-NETWORK,PERCENT PLAN PAYS,95,80,90,100,90,2,10,low,high,RISK,2
2,0,0,1,Hourly,3735,Yes,Owns,15,15,31,14,6,OUTPATIENT SERVICES (SURGERY),IN-NETWORK,PERCENT PLAN PAYS,90,95,100,80,90,2,10,low,high,RISK,2
2,1,0,2,Salaried,1125,Yes,Rents,6,12,28,14,6,OUTPATIENT SERVICES (SURGERY),IN-NETWORK,PERCENT PLAN PAYS,90,100,95,80,90,2,10,low,high,RISK,2
2,0,1,0,Bonus,4695,No,Owns,5,16,31,14,6,OUTPATIENT SERVICES (SURGERY),IN-NETWORK,PERCENT PLAN PAYS,95,90,80,100,90,2,10,low,high,RISK,2
1,1,1,1,Salaried,1210,No,Rents,17,12,39,14,6,OUTPATIENT SERVICES (SURGERY),IN-NETWORK,PERCENT PLAN PAYS,80,100,95,90,90,2,10,low,high,RISK,2
1,1,1,1,Bonus,3757,No,Rents,6,13,26,14,6,OUTPATIENT SERVICES (SURGERY),IN-NETWORK,PERCENT PLAN PAYS,95,80,90,100,90,2,10,low,high,RISK,2
1,0,2,1,Salaried,4038,Yes,Rents,12,16,37,14,6,OUTPATIENT SERVICES (SURGERY),IN-NETWORK,PERCENT PLAN PAYS,100,95,90,80,90,2,10,low,high,RISK,2
0,0,0,2,Bonus,381,No,Owns,8,16,39,14,6,OUTPATIENT SERVICES (SURGERY),IN-NETWORK,PERCENT PLAN PAYS,100,90,80,95,90,2,10,low,high,RISK,2
0,0,1,1,Hourly,2879,Yes,Rents,16,14,30,14,6,OUTPATIENT SERVICES (SURGERY),IN-NETWORK,PERCENT PLAN PAYS,90,80,95,100,90,2,10,low,high,RISK,2
1,2,0,0,Hourly,2246,No,Owns,17,14,34,14,6,OUTPATIENT SERVICES (SURGERY),IN-NETWORK,PERCENT PLAN PAYS,80,95,90,100,90,2,10,low,high,RISK,2
0,2,1,0,Hourly,3337,No,Rents,7,19,30,14,6,OUTPATIENT SERVICES (SURGERY),IN-NETWORK,PERCENT PLAN PAYS,90,95,80,100,90,2,10,low,high,RISK,2
1,1,1,1,Hourly,874,No,Owns,17,17,35,14,6,OUTPATIENT SERVICES (SURGERY),IN-NETWORK,PERCENT PLAN PAYS,90,95,100,80,90,2,10,low,high,RISK,2
0,1,0,0,Hourly,4470,Yes,Owns,6,15,48,14,6,OUTPATIENT SERVICES (SURGERY),IN-NETWORK,PERCENT PLAN PAYS,90,95,100,80,90,2,10,low,high,RISK,2
2,0,1,1,Hourly,3252,Yes,Owns,10,12,35,14,6,OUTPATIENT SERVICES (SURGERY),IN-NETWORK,PERCENT PLAN PAYS,90,100,95,80,90,2,10,low,high,RISK,2
0,2,0,1,Hourly,176,Yes,Rents,9,18,32,14,6,OUTPATIENT SERVICES (SURGERY),IN-NETWORK,PERCENT PLAN PAYS,100,90,80,95,90,2,10,low,high,RISK,2
1,0,2,0,Hourly,3681,Yes,Owns,6,13,27,14,6,OUTPATIENT SERVICES (SURGERY),IN-NETWORK,PERCENT PLAN PAYS,80,90,95,100,90,2,10,low,high,RISK,2
1,2,1,2,Hourly,1019,Yes,Owns,15,20,28,14,6,OUTPATIENT SERVICES (SURGERY),IN-NETWORK,PERCENT PLAN PAYS,90,80,95,100,90,2,10,low,high,RISK,2
1,2,1,1,Bonus,4493,Yes,Owns,18,14,29,14,6,OUTPATIENT SERVICES (SURGERY),IN-NETWORK,PERCENT PLAN PAYS,100,95,80,90,90,2,10,low,high,RISK,2
1,2,2,0,Salaried,1012,Yes,Owns,15,13,50,14,6,OUTPATIENT SERVICES (SURGERY),IN-NETWORK,PERCENT PLAN PAYS,80,100,90,95,90,2,10,low,high,RISK,2
0,0,1,1,Bonus,1248,Yes,Rents,7,20,35,14,6,OUTPATIENT SERVICES (SURGERY),IN-NETWORK,PERCENT PLAN PAYS,100,80,95,90,90,2,10,low,high,RISK,2
0,0,1,0,Salaried,1214,No,Owns,6,17,32,14,6,OUTPATIENT SERVICES (SURGERY),IN-NETWORK,PERCENT PLAN PAYS,95,100,80,90,90,2,10,low,high,RISK,2
1,0,1,0,Salaried,2852,Yes,Rents,6,16,31,14,6,OUTPATIENT SERVICES (SURGERY),IN-NETWORK,PERCENT PLAN PAYS,90,95,80,100,90,2,10,low,high,RISK,2
1,0,0,0,Bonus,1440,Yes,Owns,10,20,34,14,6,OUTPATIENT SERVICES (SURGERY),IN-NETWORK,PERCENT PLAN PAYS,95,100,80,90,90,2,10,low,high,RISK,2
1,0,1,0,Bonus,2951,No,Owns,11,11,30,14,6,OUTPATIENT SERVICES (SURGERY),IN-NETWORK,PERCENT PLAN PAYS,80,100,90,95,90,2,10,low,high,RISK,2
3,2,1,3,Salaried,4377,No,Rents,24,48,52,14,7,OUTPATIENT SERVICES (SURGERY),IN-NETWORK,PERCENT PLAN PAYS,90,95,80,100,90,2,20,low,high,RISK,2
1,1,2,1,Salaried,1919,No,Owns,25,33,56,14,7,OUTPATIENT SERVICES (SURGERY),IN-NETWORK,PERCENT PLAN PAYS,95,100,80,90,90,2,20,low,high,RISK,2
2,2,1,1,Salaried,4671,Yes,Rents,33,23,53,14,7,OUTPATIENT SERVICES (SURGERY),IN-NETWORK,PERCENT PLAN PAYS,80,90,95,100,90,2,20,low,high,RISK,2
3,2,1,1,Bonus,1139,No,Owns,29,38,56,14,7,OUTPATIENT SERVICES (SURGERY),IN-NETWORK,PERCENT PLAN PAYS,80,100,90,95,90,2,20,low,high,RISK,2
1,2,3,2,Bonus,3085,No,Rents,23,24,64,14,7,OUTPATIENT SERVICES (SURGERY),IN-NETWORK,PERCENT PLAN PAYS,100,80,95,90,90,2,20,low,high,RISK,2
1,2,3,1,Salaried,912,Yes,Rents,37,29,55,14,7,OUTPATIENT SERVICES (SURGERY),IN-NETWORK,PERCENT PLAN PAYS,80,90,100,95,90,2,20,low,high,RISK,2
2,1,3,2,Hourly,3561,Yes,Owns,28,26,51,14,7,OUTPATIENT SERVICES (SURGERY),IN-NETWORK,PERCENT PLAN PAYS,95,100,90,80,90,2,20,low,high,RISK,2
2,3,1,1,Hourly,4350,No,Rents,19,36,62,14,7,OUTPATIENT SERVICES (SURGERY),IN-NETWORK,PERCENT PLAN PAYS,90,95,80,100,90,2,20,low,high,RISK,2
3,3,2,3,Salaried,3664,No,Owns,18,38,64,14,7,OUTPATIENT SERVICES (SURGERY),IN-NETWORK,PERCENT PLAN PAYS,95,90,80,100,90,2,20,low,high,RISK,2
1,1,1,1,Bonus,1972,Yes,Owns,38,31,55,14,7,OUTPATIENT SERVICES (SURGERY),IN-NETWORK,PERCENT PLAN PAYS,95,90,80,100,90,2,20,low,high,RISK,2
1,1,3,3,Salaried,1235,Yes,Rents,32,31,59,14,7,OUTPATIENT SERVICES (SURGERY),IN-NETWORK,PERCENT PLAN PAYS,90,100,80,95,90,2,20,low,high,RISK,2
1,3,1,2,Bonus,2294,Yes,Owns,25,47,55,14,7,OUTPATIENT SERVICES (SURGERY),IN-NETWORK,PERCENT PLAN PAYS,100,90,80,95,90,2,20,low,high,RISK,2
1,2,3,1,Salaried,4592,Yes,Rents,37,41,60,14,7,OUTPATIENT SERVICES (SURGERY),IN-NETWORK,PERCENT PLAN PAYS,90,95,100,80,90,2,20,low,high,RISK,2
1,1,1,2,Hourly,2183,Yes,Owns,16,35,73,14,7,OUTPATIENT SERVICES (SURGERY),IN-NETWORK,PERCENT PLAN PAYS,95,100,90,80,90,2,20,low,high,RISK,2
2,2,3,2,Salaried,1622,Yes,Rents,21,24,60,14,7,OUTPATIENT SERVICES (SURGERY),IN-NETWORK,PERCENT PLAN PAYS,95,100,80,90,90,2,20,low,high,RISK,2
2,3,1,3,Salaried,4259,Yes,Rents,17,43,57,14,7,OUTPATIENT SERVICES (SURGERY),IN-NETWORK,PERCENT PLAN PAYS,80,95,100,90,90,2,20,low,high,RISK,2
3,2,2,3,Salaried,4138,No,Owns,37,25,52,14,7,OUTPATIENT SERVICES (SURGERY),IN-NETWORK,PERCENT PLAN PAYS,80,100,95,90,90,2,20,low,high,RISK,2
3,1,2,3,Bonus,2742,No,Owns,39,50,53,14,7,OUTPATIENT SERVICES (SURGERY),IN-NETWORK,PERCENT PLAN PAYS,80,100,90,95,90,2,20,low,high,RISK,2
1,1,1,3,Bonus,4027,Yes,Rents,21,31,54,14,7,OUTPATIENT SERVICES (SURGERY),IN-NETWORK,PERCENT PLAN PAYS,90,80,100,95,90,2,20,low,high,RISK,2
2,2,1,1,Bonus,3643,No,Rents,35,26,75,14,7,OUTPATIENT SERVICES (SURGERY),IN-NETWORK,PERCENT PLAN PAYS,95,100,80,90,90,2,20,low,high,RISK,2
1,3,1,1,Bonus,4199,No,Owns,33,40,57,14,7,OUTPATIENT SERVICES (SURGERY),IN-NETWORK,PERCENT PLAN PAYS,80,100,90,95,90,2,20,low,high,RISK,2
2,2,2,1,Salaried,2175,No,Owns,35,49,59,14,7,OUTPATIENT SERVICES (SURGERY),IN-NETWORK,PERCENT PLAN PAYS,100,80,90,95,90,2,20,low,high,RISK,2
2,2,1,1,Bonus,2804,No,Owns,26,20,55,14,7,OUTPATIENT SERVICES (SURGERY),IN-NETWORK,PERCENT PLAN PAYS,95,80,100,90,90,2,20,low,high,RISK,2
3,3,3,2,Bonus,2793,Yes,Owns,39,48,52,14,7,OUTPATIENT SERVICES (SURGERY),IN-NETWORK,PERCENT PLAN PAYS,100,95,90,80,90,2,20,low,high,RISK,2
3,1,3,1,Salaried,1366,No,Owns,32,33,56,14,7,OUTPATIENT SERVICES (SURGERY),IN-NETWORK,PERCENT PLAN PAYS,90,100,80,95,90,2,20,low,high,RISK,2
1,2,2,3,Salaried,3990,No,Rents,30,23,53,14,7,OUTPATIENT SERVICES (SURGERY),IN-NETWORK,PERCENT PLAN PAYS,90,80,95,100,90,2,20,low,high,RISK,2
1,2,2,1,Salaried,1625,No,Owns,36,38,56,14,7,OUTPATIENT SERVICES (SURGERY),IN-NETWORK,PERCENT PLAN PAYS,90,95,100,80,90,2,20,low,high,RISK,2
2,3,1,1,Hourly,1178,No,Owns,15,24,64,14,7,OUTPATIENT SERVICES (SURGERY),IN-NETWORK,PERCENT PLAN PAYS,80,100,90,95,90,2,20,low,high,RISK,2
2,1,1,1,Hourly,2665,No,Rents,20,29,55,14,7,OUTPATIENT SERVICES (SURGERY),IN-NETWORK,PERCENT PLAN PAYS,90,100,80,95,90,2,20,low,high,RISK,2
2,3,3,1,Hourly,4144,No,Owns,23,26,51,14,7,OUTPATIENT SERVICES (SURGERY),IN-NETWORK,PERCENT PLAN PAYS,80,100,95,90,90,2,20,low,high,RISK,2
2,2,3,1,Hourly,2547,Yes,Owns,32,36,62,14,7,OUTPATIENT SERVICES (SURGERY),IN-NETWORK,PERCENT PLAN PAYS,90,80,95,100,90,2,20,low,high,RISK,2
2,1,2,1,Hourly,152,Yes,Owns,34,38,64,14,7,OUTPATIENT SERVICES (SURGERY),IN-NETWORK,PERCENT PLAN PAYS,90,100,80,95,90,2,20,low,high,RISK,2
1,1,1,1,Bonus,2909,Yes,Rents,23,31,55,14,7,OUTPATIENT SERVICES (SURGERY),IN-NETWORK,PERCENT PLAN PAYS,90,95,100,80,90,2,20,low,high,RISK,2
3,3,2,2,Bonus,2404,Yes,Owns,27,31,59,14,7,OUTPATIENT SERVICES (SURGERY),IN-NETWORK,PERCENT PLAN PAYS,80,95,100,90,90,2,20,low,high,RISK,2
3,1,2,3,Bonus,144,Yes,Owns,24,47,55,14,7,OUTPATIENT SERVICES (SURGERY),IN-NETWORK,PERCENT PLAN PAYS,80,90,95,100,90,2,20,low,high,RISK,2
3,1,2,1,Hourly,2250,No,Owns,26,41,60,14,7,OUTPATIENT SERVICES (SURGERY),IN-NETWORK,PERCENT PLAN PAYS,100,80,95,90,90,2,20,low,high,RISK,2
3,1,1,1,Hourly,4826,No,Owns,25,35,73,14,7,OUTPATIENT SERVICES (SURGERY),IN-NETWORK,PERCENT PLAN PAYS,80,95,100,90,90,2,20,low,high,RISK,2
2,2,1,1,Salaried,792,No,Owns,28,24,60,14,7,OUTPATIENT SERVICES (SURGERY),IN-NETWORK,PERCENT PLAN PAYS,80,95,100,90,90,2,20,low,high,RISK,2
1,3,1,2,Hourly,3429,No,Rents,34,43,57,14,7,OUTPATIENT SERVICES (SURGERY),IN-NETWORK,PERCENT PLAN PAYS,95,90,80,100,90,2,20,low,high,RISK,2
1,3,1,2,Hourly,1596,Yes,Owns,27,25,52,14,7,OUTPATIENT SERVICES (SURGERY),IN-NETWORK,PERCENT PLAN PAYS,80,90,95,100,90,2,20,low,high,RISK,2
2,3,3,1,Salaried,83,Yes,Owns,19,50,53,14,7,OUTPATIENT SERVICES (SURGERY),IN-NETWORK,PERCENT PLAN PAYS,95,90,80,100,90,2,20,low,high,RISK,2
2,3,1,3,Salaried,3601,No,Owns,17,31,54,14,7,OUTPATIENT SERVICES (SURGERY),IN-NETWORK,PERCENT PLAN PAYS,90,80,100,95,90,2,20,low,high,RISK,2
2,2,1,2,Bonus,861,No,Owns,34,26,75,14,7,OUTPATIENT SERVICES (SURGERY),IN-NETWORK,PERCENT PLAN PAYS,95,90,100,80,90,2,20,low,high,RISK,2
1,3,3,3,Salaried,2240,Yes,Rents,35,49,60,14,7,OUTPATIENT SERVICES (SURGERY),IN-NETWORK,PERCENT PLAN PAYS,100,95,80,90,90,2,20,low,high,RISK,2
1,1,1,1,Hourly,2384,No,Rents,17,40,57,14,7,OUTPATIENT SERVICES (SURGERY),IN-NETWORK,PERCENT PLAN PAYS,90,95,80,100,90,2,20,low,high,RISK,2
1,1,1,1,Bonus,2363,Yes,Rents,29,36,56,14,7,OUTPATIENT SERVICES (SURGERY),IN-NETWORK,PERCENT PLAN PAYS,95,90,80,100,90,2,20,low,high,RISK,2
2,1,3,1,Salaried,4539,No,Owns,24,49,59,14,7,OUTPATIENT SERVICES (SURGERY),IN-NETWORK,PERCENT PLAN PAYS,80,100,90,95,90,2,20,low,high,RISK,2
2,1,1,1,Bonus,489,No,Rents,23,20,55,14,7,OUTPATIENT SERVICES (SURGERY),IN-NETWORK,PERCENT PLAN PAYS,95,100,90,80,90,2,20,low,high,RISK,2
2,3,1,3,Bonus,4623,Yes,Owns,19,48,52,14,7,OUTPATIENT SERVICES (SURGERY),IN-NETWORK,PERCENT PLAN PAYS,100,95,80,90,90,2,20,low,high,RISK,2
2,1,1,1,Salaried,153,Yes,Owns,15,33,56,14,7,OUTPATIENT SERVICES (SURGERY),IN-NETWORK,PERCENT PLAN PAYS,80,95,100,90,90,2,20,low,high,RISK,2
1,3,3,2,Salaried,3954,No,Owns,17,23,53,14,7,OUTPATIENT SERVICES (SURGERY),IN-NETWORK,PERCENT PLAN PAYS,90,100,80,95,90,2,20,low,high,RISK,2
1,2,1,1,Salaried,4742,No,Rents,15,38,56,14,7,OUTPATIENT SERVICES (SURGERY),IN-NETWORK,PERCENT PLAN PAYS,80,90,95,100,90,2,20,low,high,RISK,2
1,1,1,2,Hourly,3289,No,Rents,35,24,64,14,7,OUTPATIENT SERVICES (SURGERY),IN-NETWORK,PERCENT PLAN PAYS,80,95,100,90,90,2,20,low,high,RISK,2
1,1,2,2,Bonus,3409,Yes,Rents,30,29,55,14,7,OUTPATIENT SERVICES (SURGERY),IN-NETWORK,PERCENT PLAN PAYS,80,90,95,100,90,2,20,low,high,RISK,2
1,1,3,2,Bonus,3179,No,Rents,21,26,51,14,7,OUTPATIENT SERVICES (SURGERY),IN-NETWORK,PERCENT PLAN PAYS,90,100,80,95,90,2,20,low,high,RISK,2
1,1,1,2,Bonus,4271,No,Rents,22,36,62,14,7,OUTPATIENT SERVICES (SURGERY),IN-NETWORK,PERCENT PLAN PAYS,100,95,80,90,90,2,20,low,high,RISK,2
1,1,1,1,Hourly,4605,Yes,Rents,24,38,64,14,7,OUTPATIENT SERVICES (SURGERY),IN-NETWORK,PERCENT PLAN PAYS,95,90,100,80,90,2,20,low,high,RISK,2
1,3,3,3,Salaried,3042,Yes,Rents,16,31,55,14,7,OUTPATIENT SERVICES (SURGERY),IN-NETWORK,PERCENT PLAN PAYS,90,95,80,100,90,2,20,low,high,RISK,2
1,3,3,1,Hourly,170,No,Rents,37,31,59,14,7,OUTPATIENT SERVICES (SURGERY),IN-NETWORK,PERCENT PLAN PAYS,95,100,80,90,90,2,20,low,high,RISK,2
1,1,1,3,Salaried,2062,No,Rents,20,47,55,14,7,OUTPATIENT SERVICES (SURGERY),IN-NETWORK,PERCENT PLAN PAYS,80,95,100,90,90,2,20,low,high,RISK,2
2,2,3,3,Bonus,1962,No,Rents,15,41,60,14,7,OUTPATIENT SERVICES (SURGERY),IN-NETWORK,PERCENT PLAN PAYS,80,90,95,100,90,2,20,low,high,RISK,2
1,1,1,1,Bonus,1006,No,Owns,27,35,73,14,7,OUTPATIENT SERVICES (SURGERY),IN-NETWORK,PERCENT PLAN PAYS,80,90,95,100,90,2,20,low,high,RISK,2
1,3,2,3,Salaried,4555,No,Rents,20,24,60,14,7,OUTPATIENT SERVICES (SURGERY),IN-NETWORK,PERCENT PLAN PAYS,100,90,95,80,90,2,20,low,high,RISK,2
3,1,2,1,Bonus,458,No,Rents,25,43,57,14,7,OUTPATIENT SERVICES (SURGERY),IN-NETWORK,PERCENT PLAN PAYS,100,80,90,95,90,2,20,low,high,RISK,2
3,1,3,1,Hourly,1593,No,Owns,16,25,52,14,7,OUTPATIENT SERVICES (SURGERY),IN-NETWORK,PERCENT PLAN PAYS,80,90,95,100,90,2,20,low,high,RISK,2
1,3,1,2,Hourly,4519,Yes,Owns,26,50,53,14,7,OUTPATIENT SERVICES (SURGERY),IN-NETWORK,PERCENT PLAN PAYS,80,100,95,90,90,2,20,low,high,RISK,2
1,2,1,1,Bonus,2639,No,Rents,16,31,54,14,7,OUTPATIENT SERVICES (SURGERY),IN-NETWORK,PERCENT PLAN PAYS,100,95,90,80,90,2,20,low,high,RISK,2
1,1,3,1,Hourly,2563,Yes,Rents,35,26,75,14,7,OUTPATIENT SERVICES (SURGERY),IN-NETWORK,PERCENT PLAN PAYS,80,95,90,100,90,2,20,low,high,RISK,2
1,2,3,2,Bonus,2810,Yes,Owns,35,49,60,14,7,OUTPATIENT SERVICES (SURGERY),IN-NETWORK,PERCENT PLAN PAYS,100,95,80,90,90,2,20,low,high,RISK,2
2,2,1,2,Hourly,2954,Yes,Owns,39,40,57,14,7,OUTPATIENT SERVICES (SURGERY),IN-NETWORK,PERCENT PLAN PAYS,90,100,80,95,90,2,20,low,high,RISK,2
2,1,3,1,Hourly,2299,Yes,Owns,31,36,56,14,7,OUTPATIENT SERVICES (SURGERY),IN-NETWORK,PERCENT PLAN PAYS,95,80,100,90,90,2,20,low,high,RISK,2
1,1,2,3,Hourly,1155,No,Rents,16,49,59,14,7,OUTPATIENT SERVICES (SURGERY),IN-NETWORK,PERCENT PLAN PAYS,80,95,90,100,90,2,20,low,high,RISK,2
2,1,3,1,Bonus,1856,Yes,Rents,31,20,55,14,7,OUTPATIENT SERVICES (SURGERY),IN-NETWORK,PERCENT PLAN PAYS,80,100,95,90,90,2,20,low,high,RISK,2
3,2,2,1,Salaried,3352,Yes,Rents,18,48,52,14,7,OUTPATIENT SERVICES (SURGERY),IN-NETWORK,PERCENT PLAN PAYS,100,80,95,90,90,2,20,low,high,RISK,2
3,1,1,2,Hourly,3735,Yes,Owns,34,33,56,14,7,OUTPATIENT SERVICES (SURGERY),IN-NETWORK,PERCENT PLAN PAYS,100,90,80,95,90,2,20,low,high,RISK,2
3,2,1,3,Salaried,1125,Yes,Rents,18,23,53,14,7,OUTPATIENT SERVICES (SURGERY),IN-NETWORK,PERCENT PLAN PAYS,80,90,95,100,90,2,20,low,high,RISK,2
3,1,2,1,Bonus,4695,No,Owns,15,38,56,14,7,OUTPATIENT SERVICES (SURGERY),IN-NETWORK,PERCENT PLAN PAYS,90,100,80,95,90,2,20,low,high,RISK,2
2,2,2,2,Salaried,1210,No,Rents,38,24,64,14,7,OUTPATIENT SERVICES (SURGERY),IN-NETWORK,PERCENT PLAN PAYS,100,90,95,80,90,2,20,low,high,RISK,2
2,3,2,1,Bonus,3149,No,Owns,17,29,55,14,7,OUTPATIENT SERVICES (SURGERY),IN-NETWORK,PERCENT PLAN PAYS,80,95,90,100,90,2,20,low,high,RISK,2
2,2,2,2,Bonus,3757,No,Rents,18,26,51,14,7,OUTPATIENT SERVICES (SURGERY),IN-NETWORK,PERCENT PLAN PAYS,80,90,100,95,90,2,20,low,high,RISK,2
3,1,3,2,Salaried,4038,Yes,Rents,28,36,62,14,7,OUTPATIENT SERVICES (SURGERY),IN-NETWORK,PERCENT PLAN PAYS,95,90,100,80,90,2,20,low,high,RISK,2
1,1,1,3,Bonus,381,No,Owns,20,38,64,14,7,OUTPATIENT SERVICES (SURGERY),IN-NETWORK,PERCENT PLAN PAYS,95,80,90,100,90,2,20,low,high,RISK,2
1,1,1,2,Hourly,2879,Yes,Rents,37,31,55,14,7,OUTPATIENT SERVICES (SURGERY),IN-NETWORK,PERCENT PLAN PAYS,95,100,90,80,90,2,20,low,high,RISK,2
2,3,1,1,Hourly,2246,No,Owns,38,31,59,14,7,OUTPATIENT SERVICES (SURGERY),IN-NETWORK,PERCENT PLAN PAYS,95,80,100,90,90,2,20,low,high,RISK,2
1,3,2,1,Hourly,3337,No,Rents,18,47,55,14,7,OUTPATIENT SERVICES (SURGERY),IN-NETWORK,PERCENT PLAN PAYS,100,90,80,95,90,2,20,low,high,RISK,2
2,2,1,2,Hourly,874,No,Owns,38,41,60,14,7,OUTPATIENT SERVICES (SURGERY),IN-NETWORK,PERCENT PLAN PAYS,90,95,80,100,90,2,20,low,high,RISK,2
1,2,1,1,Hourly,4470,Yes,Owns,16,35,73,14,7,OUTPATIENT SERVICES (SURGERY),IN-NETWORK,PERCENT PLAN PAYS,100,95,90,80,90,2,20,low,high,RISK,2
3,1,3,1,Hourly,3252,Yes,Owns,24,24,60,14,7,OUTPATIENT SERVICES (SURGERY),IN-NETWORK,PERCENT PLAN PAYS,80,95,100,90,90,2,20,low,high,RISK,2
1,3,1,2,Hourly,176,Yes,Rents,23,43,57,14,7,OUTPATIENT SERVICES (SURGERY),IN-NETWORK,PERCENT PLAN PAYS,80,90,95,100,90,2,20,low,high,RISK,2
2,1,3,1,Hourly,3681,Yes,Owns,17,25,52,14,7,OUTPATIENT SERVICES (SURGERY),IN-NETWORK,PERCENT PLAN PAYS,100,95,90,80,90,2,20,low,high,RISK,2
1,3,2,3,Hourly,1019,Yes,Owns,35,50,53,14,7,OUTPATIENT SERVICES (SURGERY),IN-NETWORK,PERCENT PLAN PAYS,80,95,90,100,90,2,20,low,high,RISK,2
1,3,2,1,Bonus,4493,Yes,Owns,39,31,54,14,7,OUTPATIENT SERVICES (SURGERY),IN-NETWORK,PERCENT PLAN PAYS,80,100,95,90,90,2,20,low,high,RISK,2
1,3,3,1,Salaried,1012,Yes,Owns,34,26,75,14,7,OUTPATIENT SERVICES (SURGERY),IN-NETWORK,PERCENT PLAN PAYS,95,100,80,90,90,2,20,low,high,RISK,2
1,1,2,1,Bonus,1248,Yes,Rents,18,49,60,14,7,OUTPATIENT SERVICES (SURGERY),IN-NETWORK,PERCENT PLAN PAYS,100,80,95,90,90,2,20,low,high,RISK,2
1,1,2,1,Salaried,1214,No,Owns,17,40,57,14,7,OUTPATIENT SERVICES (SURGERY),IN-NETWORK,PERCENT PLAN PAYS,90,80,95,100,90,2,20,low,high,RISK,2
2,1,1,1,Salaried,2852,Yes,Rents,18,36,56,14,7,OUTPATIENT SERVICES (SURGERY),IN-NETWORK,PERCENT PLAN PAYS,80,95,100,90,90,2,20,low,high,RISK,2
2,1,1,1,Bonus,1440,Yes,Owns,24,49,59,14,7,OUTPATIENT SERVICES (SURGERY),IN-NETWORK,PERCENT PLAN PAYS,90,80,100,95,90,2,20,low,high,RISK,2
3,1,3,1,Bonus,2951,No,Owns,26,20,55,14,7,OUTPATIENT SERVICES (SURGERY),IN-NETWORK,PERCENT PLAN PAYS,80,100,95,90,90,2,20,low,high,RISK,2
4,3,2,4,Salaried,4377,No,Rents,46,73,76,14,8,OUTPATIENT SERVICES (SURGERY),IN-NETWORK,PERCENT PLAN PAYS,90,100,80,95,95,3,50,low,high,RISK,2
2,3,4,2,Salaried,1919,No,Owns,48,61,80,14,8,OUTPATIENT SERVICES (SURGERY),IN-NETWORK,PERCENT PLAN PAYS,100,90,95,80,95,3,50,low,high,RISK,2
4,4,3,2,Salaried,4671,Yes,Rents,57,53,77,14,8,OUTPATIENT SERVICES (SURGERY),IN-NETWORK,PERCENT PLAN PAYS,100,95,80,90,95,3,50,low,high,RISK,2
4,4,2,2,Bonus,1139,No,Owns,52,65,80,14,8,OUTPATIENT SERVICES (SURGERY),IN-NETWORK,PERCENT PLAN PAYS,95,90,100,80,95,3,50,low,high,RISK,2
3,4,4,3,Bonus,3085,No,Rents,45,54,88,14,8,OUTPATIENT SERVICES (SURGERY),IN-NETWORK,PERCENT PLAN PAYS,95,90,100,80,95,3,50,low,high,RISK,2
3,4,4,3,Salaried,912,Yes,Rents,61,58,79,14,8,OUTPATIENT SERVICES (SURGERY),IN-NETWORK,PERCENT PLAN PAYS,95,100,80,90,95,3,50,low,high,RISK,2
4,3,4,3,Hourly,3561,Yes,Owns,51,56,75,14,8,OUTPATIENT SERVICES (SURGERY),IN-NETWORK,PERCENT PLAN PAYS,100,95,90,80,95,3,50,low,high,RISK,2
4,4,2,2,Hourly,4350,No,Rents,40,64,87,14,8,OUTPATIENT SERVICES (SURGERY),IN-NETWORK,PERCENT PLAN PAYS,80,100,90,95,95,3,50,low,high,RISK,2
4,4,4,4,Salaried,3664,No,Owns,39,65,88,14,8,OUTPATIENT SERVICES (SURGERY),IN-NETWORK,PERCENT PLAN PAYS,90,100,95,80,95,3,50,low,high,RISK,2
2,3,3,3,Bonus,1972,Yes,Owns,62,60,80,14,8,OUTPATIENT SERVICES (SURGERY),IN-NETWORK,PERCENT PLAN PAYS,100,95,80,90,95,3,50,low,high,RISK,2
3,2,4,4,Salaried,1235,Yes,Rents,55,60,83,14,8,OUTPATIENT SERVICES (SURGERY),IN-NETWORK,PERCENT PLAN PAYS,95,90,100,80,95,3,50,low,high,RISK,2
2,4,3,3,Bonus,2294,Yes,Owns,47,72,79,14,8,OUTPATIENT SERVICES (SURGERY),IN-NETWORK,PERCENT PLAN PAYS,100,80,90,95,95,3,50,low,high,RISK,2
2,3,4,3,Salaried,4592,Yes,Rents,62,68,84,14,8,OUTPATIENT SERVICES (SURGERY),IN-NETWORK,PERCENT PLAN PAYS,95,80,100,90,95,3,50,low,high,RISK,2
3,3,3,4,Hourly,2183,Yes,Owns,37,63,98,14,8,OUTPATIENT SERVICES (SURGERY),IN-NETWORK,PERCENT PLAN PAYS,100,90,80,95,95,3,50,low,high,RISK,2
3,3,4,3,Salaried,1622,Yes,Rents,42,55,84,14,8,OUTPATIENT SERVICES (SURGERY),IN-NETWORK,PERCENT PLAN PAYS,100,90,95,80,95,3,50,low,high,RISK,2
3,4,3,4,Salaried,4259,Yes,Rents,37,70,81,14,8,OUTPATIENT SERVICES (SURGERY),IN-NETWORK,PERCENT PLAN PAYS,90,80,100,95,95,3,50,low,high,RISK,2
4,3,3,4,Salaried,4138,No,Owns,62,55,76,14,8,OUTPATIENT SERVICES (SURGERY),IN-NETWORK,PERCENT PLAN PAYS,95,80,90,100,95,3,50,low,high,RISK,2
4,3,4,4,Bonus,2742,No,Owns,64,75,77,14,8,OUTPATIENT SERVICES (SURGERY),IN-NETWORK,PERCENT PLAN PAYS,90,80,100,95,95,3,50,low,high,RISK,2
3,3,3,4,Bonus,4027,Yes,Rents,43,60,78,14,8,OUTPATIENT SERVICES (SURGERY),IN-NETWORK,PERCENT PLAN PAYS,80,95,90,100,95,3,50,low,high,RISK,2
4,4,2,2,Bonus,3643,No,Rents,59,56,100,14,8,OUTPATIENT SERVICES (SURGERY),IN-NETWORK,PERCENT PLAN PAYS,95,90,100,80,95,3,50,low,high,RISK,2
4,2,4,2,Salaried,1855,No,Rents,63,74,85,14,8,OUTPATIENT SERVICES (SURGERY),IN-NETWORK,PERCENT PLAN PAYS,90,95,100,80,95,3,50,low,high,RISK,2
3,4,2,3,Bonus,4199,No,Owns,57,67,81,14,8,OUTPATIENT SERVICES (SURGERY),IN-NETWORK,PERCENT PLAN PAYS,95,100,80,90,95,3,50,low,high,RISK,2
3,4,3,2,Salaried,358,No,Rents,50,64,80,14,8,OUTPATIENT SERVICES (SURGERY),IN-NETWORK,PERCENT PLAN PAYS,90,100,80,95,95,3,50,low,high,RISK,2
4,3,4,3,Salaried,2175,No,Owns,59,75,83,14,8,OUTPATIENT SERVICES (SURGERY),IN-NETWORK,PERCENT PLAN PAYS,95,90,80,100,95,3,50,low,high,RISK,2
4,4,2,2,Bonus,2804,No,Owns,48,51,79,14,8,OUTPATIENT SERVICES (SURGERY),IN-NETWORK,PERCENT PLAN PAYS,80,100,95,90,95,3,50,low,high,RISK,2
4,4,4,4,Bonus,2793,Yes,Owns,63,73,76,14,8,OUTPATIENT SERVICES (SURGERY),IN-NETWORK,PERCENT PLAN PAYS,80,100,95,90,95,3,50,low,high,RISK,2
4,3,4,2,Salaried,1366,No,Owns,56,61,80,14,8,OUTPATIENT SERVICES (SURGERY),IN-NETWORK,PERCENT PLAN PAYS,80,90,95,100,95,3,50,low,high,RISK,2
2,4,4,4,Salaried,3990,No,Rents,53,53,77,14,8,OUTPATIENT SERVICES (SURGERY),IN-NETWORK,PERCENT PLAN PAYS,100,90,95,80,95,3,50,low,high,RISK,2
2,4,3,3,Salaried,1625,No,Owns,60,65,80,14,8,OUTPATIENT SERVICES (SURGERY),IN-NETWORK,PERCENT PLAN PAYS,100,95,90,80,95,3,50,low,high,RISK,2
4,4,3,3,Hourly,1178,No,Owns,35,54,88,14,8,OUTPATIENT SERVICES (SURGERY),IN-NETWORK,PERCENT PLAN PAYS,80,90,100,95,95,3,50,low,high,RISK,2
3,3,2,2,Hourly,2665,No,Rents,41,58,79,14,8,OUTPATIENT SERVICES (SURGERY),IN-NETWORK,PERCENT PLAN PAYS,90,95,80,100,95,3,50,low,high,RISK,2
4,4,4,2,Hourly,4144,No,Owns,44,56,75,14,8,OUTPATIENT SERVICES (SURGERY),IN-NETWORK,PERCENT PLAN PAYS,95,90,100,80,95,3,50,low,high,RISK,2
3,3,4,3,Hourly,2547,Yes,Owns,55,64,87,14,8,OUTPATIENT SERVICES (SURGERY),IN-NETWORK,PERCENT PLAN PAYS,90,95,80,100,95,3,50,low,high,RISK,2
4,3,4,2,Hourly,152,Yes,Owns,58,65,88,14,8,OUTPATIENT SERVICES (SURGERY),IN-NETWORK,PERCENT PLAN PAYS,100,90,80,95,95,3,50,low,high,RISK,2
3,2,2,3,Bonus,2909,Yes,Rents,45,60,80,14,8,OUTPATIENT SERVICES (SURGERY),IN-NETWORK,PERCENT PLAN PAYS,100,95,80,90,95,3,50,low,high,RISK,2
4,4,3,3,Bonus,2404,Yes,Owns,49,60,83,14,8,OUTPATIENT SERVICES (SURGERY),IN-NETWORK,PERCENT PLAN PAYS,80,95,90,100,95,3,50,low,high,RISK,2
4,2,4,4,Bonus,144,Yes,Owns,46,72,79,14,8,OUTPATIENT SERVICES (SURGERY),IN-NETWORK,PERCENT PLAN PAYS,100,80,95,90,95,3,50,low,high,RISK,2
4,2,4,2,Hourly,2250,No,Owns,48,68,84,14,8,OUTPATIENT SERVICES (SURGERY),IN-NETWORK,PERCENT PLAN PAYS,95,100,90,80,95,3,50,low,high,RISK,2
4,3,3,3,Hourly,4826,No,Owns,47,63,98,14,8,OUTPATIENT SERVICES (SURGERY),IN-NETWORK,PERCENT PLAN PAYS,80,95,100,90,95,3,50,low,high,RISK,2
4,4,2,3,Salaried,792,No,Owns,50,55,84,14,8,OUTPATIENT SERVICES (SURGERY),IN-NETWORK,PERCENT PLAN PAYS,100,80,90,95,95,3,50,low,high,RISK,2
2,4,2,3,Hourly,3429,No,Rents,58,70,81,14,8,OUTPATIENT SERVICES (SURGERY),IN-NETWORK,PERCENT PLAN PAYS,95,90,100,80,95,3,50,low,high,RISK,2
3,4,3,4,Hourly,1596,Yes,Owns,50,55,76,14,8,OUTPATIENT SERVICES (SURGERY),IN-NETWORK,PERCENT PLAN PAYS,100,95,90,80,95,3,50,low,high,RISK,2
4,4,4,3,Salaried,83,Yes,Owns,40,75,77,14,8,OUTPATIENT SERVICES (SURGERY),IN-NETWORK,PERCENT PLAN PAYS,100,80,95,90,95,3,50,low,high,RISK,2
4,4,3,4,Salaried,3601,No,Owns,38,60,78,14,8,OUTPATIENT SERVICES (SURGERY),IN-NETWORK,PERCENT PLAN PAYS,90,80,100,95,95,3,50,low,high,RISK,2
3,4,2,4,Bonus,861,No,Owns,58,56,100,14,8,OUTPATIENT SERVICES (SURGERY),IN-NETWORK,PERCENT PLAN PAYS,80,90,95,100,95,3,50,low,high,RISK,2
2,4,4,4,Salaried,2240,Yes,Rents,59,74,85,14,8,OUTPATIENT SERVICES (SURGERY),IN-NETWORK,PERCENT PLAN PAYS,80,95,90,100,95,3,50,low,high,RISK,2
3,3,2,2,Hourly,2384,No,Rents,37,67,81,14,8,OUTPATIENT SERVICES (SURGERY),IN-NETWORK,PERCENT PLAN PAYS,90,100,95,80,95,3,50,low,high,RISK,2
2,2,3,3,Bonus,2363,Yes,Rents,52,64,80,14,8,OUTPATIENT SERVICES (SURGERY),IN-NETWORK,PERCENT PLAN PAYS,95,90,80,100,95,3,50,low,high,RISK,2
3,3,4,2,Salaried,4539,No,Owns,45,75,83,14,8,OUTPATIENT SERVICES (SURGERY),IN-NETWORK,PERCENT PLAN PAYS,90,100,80,95,95,3,50,low,high,RISK,2
3,3,2,2,Bonus,489,No,Rents,45,51,79,14,8,OUTPATIENT SERVICES (SURGERY),IN-NETWORK,PERCENT PLAN PAYS,80,90,100,95,95,3,50,low,high,RISK,2
4,4,2,4,Bonus,4623,Yes,Owns,40,73,76,14,8,OUTPATIENT SERVICES (SURGERY),IN-NETWORK,PERCENT PLAN PAYS,100,90,95,80,95,3,50,low,high,RISK,2
3,3,3,2,Salaried,153,Yes,Owns,36,61,80,14,8,OUTPATIENT SERVICES (SURGERY),IN-NETWORK,PERCENT PLAN PAYS,80,90,100,95,95,3,50,low,high,RISK,2
3,4,4,4,Salaried,3954,No,Owns,38,53,77,14,8,OUTPATIENT SERVICES (SURGERY),IN-NETWORK,PERCENT PLAN PAYS,90,95,80,100,95,3,50,low,high,RISK,2
3,3,2,3,Salaried,4742,No,Rents,35,65,80,14,8,OUTPATIENT SERVICES (SURGERY),IN-NETWORK,PERCENT PLAN PAYS,95,80,90,100,95,3,50,low,high,RISK,2
2,2,2,3,Hourly,3289,No,Rents,59,54,88,14,8,OUTPATIENT SERVICES (SURGERY),IN-NETWORK,PERCENT PLAN PAYS,90,80,100,95,95,3,50,low,high,RISK,2
2,2,3,3,Bonus,3409,Yes,Rents,54,58,79,14,8,OUTPATIENT SERVICES (SURGERY),IN-NETWORK,PERCENT PLAN PAYS,95,90,100,80,95,3,50,low,high,RISK,2
3,3,4,3,Bonus,3179,No,Rents,42,56,75,14,8,OUTPATIENT SERVICES (SURGERY),IN-NETWORK,PERCENT PLAN PAYS,80,90,100,95,95,3,50,low,high,RISK,2
3,3,2,4,Bonus,4271,No,Rents,43,64,87,14,8,OUTPATIENT SERVICES (SURGERY),IN-NETWORK,PERCENT PLAN PAYS,95,80,90,100,95,3,50,low,high,RISK,2
3,3,3,2,Hourly,4605,Yes,Rents,46,65,88,14,8,OUTPATIENT SERVICES (SURGERY),IN-NETWORK,PERCENT PLAN PAYS,100,80,90,95,95,3,50,low,high,RISK,2
2,4,4,4,Salaried,3042,Yes,Rents,37,60,80,14,8,OUTPATIENT SERVICES (SURGERY),IN-NETWORK,PERCENT PLAN PAYS,90,100,80,95,95,3,50,low,high,RISK,2
2,4,4,3,Hourly,170,No,Rents,61,60,83,14,8,OUTPATIENT SERVICES (SURGERY),IN-NETWORK,PERCENT PLAN PAYS,90,95,100,80,95,3,50,low,high,RISK,2
2,3,3,4,Salaried,2062,No,Rents,40,72,79,14,8,OUTPATIENT SERVICES (SURGERY),IN-NETWORK,PERCENT PLAN PAYS,100,90,95,80,95,3,50,low,high,RISK,2
4,4,4,4,Bonus,1962,No,Rents,35,68,84,14,8,OUTPATIENT SERVICES (SURGERY),IN-NETWORK,PERCENT PLAN PAYS,90,100,80,95,95,3,50,low,high,RISK,2
2,2,3,2,Bonus,1006,No,Owns,50,63,98,14,8,OUTPATIENT SERVICES (SURGERY),IN-NETWORK,PERCENT PLAN PAYS,100,90,95,80,95,3,50,low,high,RISK,2
2,4,3,4,Salaried,4555,No,Rents,42,55,84,14,8,OUTPATIENT SERVICES (SURGERY),IN-NETWORK,PERCENT PLAN PAYS,95,90,80,100,95,3,50,low,high,RISK,2
4,3,4,3,Bonus,458,No,Rents,46,70,81,14,8,OUTPATIENT SERVICES (SURGERY),IN-NETWORK,PERCENT PLAN PAYS,90,100,80,95,95,3,50,low,high,RISK,2
4,3,4,3,Hourly,1593,No,Owns,36,55,76,14,8,OUTPATIENT SERVICES (SURGERY),IN-NETWORK,PERCENT PLAN PAYS,100,80,90,95,95,3,50,low,high,RISK,2
3,4,2,3,Hourly,4519,Yes,Owns,48,75,77,14,8,OUTPATIENT SERVICES (SURGERY),IN-NETWORK,PERCENT PLAN PAYS,100,80,95,90,95,3,50,low,high,RISK,2
2,4,3,3,Bonus,2639,No,Rents,36,60,78,14,8,OUTPATIENT SERVICES (SURGERY),IN-NETWORK,PERCENT PLAN PAYS,95,90,100,80,95,3,50,low,high,RISK,2
2,3,4,3,Hourly,2563,Yes,Rents,59,56,100,14,8,OUTPATIENT SERVICES (SURGERY),IN-NETWORK,PERCENT PLAN PAYS,100,80,90,95,95,3,50,low,high,RISK,2
3,4,4,4,Bonus,2810,Yes,Owns,58,74,85,14,8,OUTPATIENT SERVICES (SURGERY),IN-NETWORK,PERCENT PLAN PAYS,80,90,100,95,95,3,50,low,high,RISK,2
3,4,3,4,Hourly,2954,Yes,Owns,64,67,81,14,8,OUTPATIENT SERVICES (SURGERY),IN-NETWORK,PERCENT PLAN PAYS,95,90,100,80,95,3,50,low,high,RISK,2
2,3,4,4,Hourly,1155,No,Rents,37,75,83,14,8,OUTPATIENT SERVICES (SURGERY),IN-NETWORK,PERCENT PLAN PAYS,100,80,95,90,95,3,50,low,high,RISK,2
4,2,4,3,Bonus,1856,Yes,Rents,55,51,79,14,8,OUTPATIENT SERVICES (SURGERY),IN-NETWORK,PERCENT PLAN PAYS,80,95,100,90,95,3,50,low,high,RISK,2
4,4,3,3,Salaried,3352,Yes,Rents,38,73,76,14,8,OUTPATIENT SERVICES (SURGERY),IN-NETWORK,PERCENT PLAN PAYS,80,95,100,90,95,3,50,low,high,RISK,2
4,3,2,3,Hourly,3735,Yes,Owns,58,61,80,14,8,OUTPATIENT SERVICES (SURGERY),IN-NETWORK,PERCENT PLAN PAYS,90,100,95,80,95,3,50,low,high,RISK,2
4,3,3,4,Salaried,1125,Yes,Rents,38,53,77,14,8,OUTPATIENT SERVICES (SURGERY),IN-NETWORK,PERCENT PLAN PAYS,80,95,90,100,95,3,50,low,high,RISK,2
4,2,4,2,Bonus,4695,No,Owns,35,65,80,14,8,OUTPATIENT SERVICES (SURGERY),IN-NETWORK,PERCENT PLAN PAYS,100,90,80,95,95,3,50,low,high,RISK,2
3,3,3,4,Salaried,1210,No,Rents,62,54,88,14,8,OUTPATIENT SERVICES (SURGERY),IN-NETWORK,PERCENT PLAN PAYS,100,80,90,95,95,3,50,low,high,RISK,2
4,4,4,2,Bonus,3149,No,Owns,37,58,79,14,8,OUTPATIENT SERVICES (SURGERY),IN-NETWORK,PERCENT PLAN PAYS,80,95,100,90,95,3,50,low,high,RISK,2
4,3,4,4,Bonus,3757,No,Rents,38,56,75,14,8,OUTPATIENT SERVICES (SURGERY),IN-NETWORK,PERCENT PLAN PAYS,100,95,90,80,95,3,50,low,high,RISK,2
4,3,4,4,Salaried,4038,Yes,Rents,51,64,87,14,8,OUTPATIENT SERVICES (SURGERY),IN-NETWORK,PERCENT PLAN PAYS,95,90,80,100,95,3,50,low,high,RISK,2
2,3,3,4,Bonus,381,No,Owns,41,65,88,14,8,OUTPATIENT SERVICES (SURGERY),IN-NETWORK,PERCENT PLAN PAYS,80,100,95,90,95,3,50,low,high,RISK,2
3,3,3,3,Hourly,2879,Yes,Rents,61,60,80,14,8,OUTPATIENT SERVICES (SURGERY),IN-NETWORK,PERCENT PLAN PAYS,100,90,95,80,95,3,50,low,high,RISK,2
4,4,3,2,Hourly,2246,No,Owns,62,60,83,14,8,OUTPATIENT SERVICES (SURGERY),IN-NETWORK,PERCENT PLAN PAYS,100,95,80,90,95,3,50,low,high,RISK,2
2,4,3,2,Hourly,3337,No,Rents,39,72,79,14,8,OUTPATIENT SERVICES (SURGERY),IN-NETWORK,PERCENT PLAN PAYS,95,80,90,100,95,3,50,low,high,RISK,2
4,3,3,4,Hourly,874,No,Owns,63,68,84,14,8,OUTPATIENT SERVICES (SURGERY),IN-NETWORK,PERCENT PLAN PAYS,80,90,100,95,95,3,50,low,high,RISK,2
3,4,2,3,Hourly,4470,Yes,Owns,36,63,98,14,8,OUTPATIENT SERVICES (SURGERY),IN-NETWORK,PERCENT PLAN PAYS,80,95,90,100,95,3,50,low,high,RISK,2
4,3,4,3,Hourly,3252,Yes,Owns,46,55,84,14,8,OUTPATIENT SERVICES (SURGERY),IN-NETWORK,PERCENT PLAN PAYS,100,90,95,80,95,3,50,low,high,RISK,2
3,4,2,3,Hourly,176,Yes,Rents,45,70,81,14,8,OUTPATIENT SERVICES (SURGERY),IN-NETWORK,PERCENT PLAN PAYS,100,95,80,90,95,3,50,low,high,RISK,2
4,3,4,2,Hourly,3681,Yes,Owns,38,55,76,14,8,OUTPATIENT SERVICES (SURGERY),IN-NETWORK,PERCENT PLAN PAYS,95,80,90,100,95,3,50,low,high,RISK,2
3,4,4,4,Hourly,1019,Yes,Owns,59,75,77,14,8,OUTPATIENT SERVICES (SURGERY),IN-NETWORK,PERCENT PLAN PAYS,95,80,90,100,95,3,50,low,high,RISK,2
3,4,4,3,Bonus,4493,Yes,Owns,64,60,78,14,8,OUTPATIENT SERVICES (SURGERY),IN-NETWORK,PERCENT PLAN PAYS,80,100,95,90,95,3,50,low,high,RISK,2
3,4,4,2,Salaried,1012,Yes,Owns,58,56,100,14,8,OUTPATIENT SERVICES (SURGERY),IN-NETWORK,PERCENT PLAN PAYS,90,80,100,95,95,3,50,low,high,RISK,2
2,2,4,3,Bonus,1248,Yes,Rents,39,74,85,14,8,OUTPATIENT SERVICES (SURGERY),IN-NETWORK,PERCENT PLAN PAYS,95,100,90,80,95,3,50,low,high,RISK,2
2,3,3,3,Salaried,1214,No,Owns,37,67,81,14,8,OUTPATIENT SERVICES (SURGERY),IN-NETWORK,PERCENT PLAN PAYS,95,80,90,100,95,3,50,low,high,RISK,2
4,3,3,2,Salaried,2852,Yes,Rents,38,64,80,14,8,OUTPATIENT SERVICES (SURGERY),IN-NETWORK,PERCENT PLAN PAYS,95,100,80,90,95,3,50,low,high,RISK,2
3,3,2,2,Bonus,1440,Yes,Owns,46,75,83,14,8,OUTPATIENT SERVICES (SURGERY),IN-NETWORK,PERCENT PLAN PAYS,80,100,95,90,95,3,50,low,high,RISK,2
4,2,4,3,Bonus,2951,No,Owns,48,51,79,14,8,OUTPATIENT SERVICES (SURGERY),IN-NETWORK,PERCENT PLAN PAYS,80,100,90,95,95,3,50,low,high,RISK,2
1,0,0,1,Salaried,4377,No,Rents,4,9,1,14,9,OUTPATIENT SERVICES (SURGERY),IN-NETWORK,PERCENT PLAN PAYS,95,100,80,90,90,2,5,high,low,RISK,3
0,0,1,0,Salaried,1919,No,Owns,4,4,5,14,9,OUTPATIENT SERVICES (SURGERY),IN-NETWORK,PERCENT PLAN PAYS,80,95,100,90,90,2,5,high,low,RISK,3
0,0,0,0,Salaried,4671,Yes,Rents,7,1,2,14,9,OUTPATIENT SERVICES (SURGERY),IN-NETWORK,PERCENT PLAN PAYS,95,90,100,80,90,2,5,high,low,RISK,3
1,1,0,0,Bonus,1139,No,Owns,6,6,5,14,9,OUTPATIENT SERVICES (SURGERY),IN-NETWORK,PERCENT PLAN PAYS,100,80,95,90,90,2,5,high,low,RISK,3
0,1,1,0,Bonus,3085,No,Rents,3,1,13,14,9,OUTPATIENT SERVICES (SURGERY),IN-NETWORK,PERCENT PLAN PAYS,80,95,90,100,90,2,5,high,low,RISK,3
0,1,1,0,Salaried,912,Yes,Rents,9,3,4,14,9,OUTPATIENT SERVICES (SURGERY),IN-NETWORK,PERCENT PLAN PAYS,95,100,90,80,90,2,5,high,low,RISK,3
1,0,1,0,Hourly,3561,Yes,Owns,5,2,0,14,9,OUTPATIENT SERVICES (SURGERY),IN-NETWORK,PERCENT PLAN PAYS,100,95,90,80,90,2,5,high,low,RISK,3
1,1,0,0,Hourly,4350,No,Rents,2,5,12,14,9,OUTPATIENT SERVICES (SURGERY),IN-NETWORK,PERCENT PLAN PAYS,90,100,95,80,90,2,5,high,low,RISK,3
1,1,0,1,Salaried,3664,No,Owns,1,6,13,14,9,OUTPATIENT SERVICES (SURGERY),IN-NETWORK,PERCENT PLAN PAYS,90,80,100,95,90,2,5,high,low,RISK,3
0,0,0,0,Bonus,1972,Yes,Owns,9,4,5,14,9,OUTPATIENT SERVICES (SURGERY),IN-NETWORK,PERCENT PLAN PAYS,90,100,80,95,90,2,5,high,low,RISK,3
0,0,1,1,Salaried,1235,Yes,Rents,7,4,8,14,9,OUTPATIENT SERVICES (SURGERY),IN-NETWORK,PERCENT PLAN PAYS,95,80,90,100,90,2,5,high,low,RISK,3
0,1,0,0,Bonus,2294,Yes,Owns,4,9,4,14,9,OUTPATIENT SERVICES (SURGERY),IN-NETWORK,PERCENT PLAN PAYS,95,90,80,100,90,2,5,high,low,RISK,3
0,0,1,0,Salaried,4592,Yes,Rents,9,7,9,14,9,OUTPATIENT SERVICES (SURGERY),IN-NETWORK,PERCENT PLAN PAYS,100,95,80,90,90,2,5,high,low,RISK,3
0,0,0,1,Hourly,2183,Yes,Owns,1,5,23,14,9,OUTPATIENT SERVICES (SURGERY),IN-NETWORK,PERCENT PLAN PAYS,100,90,95,80,90,2,5,high,low,RISK,3
0,0,1,0,Salaried,1622,Yes,Rents,2,1,9,14,9,OUTPATIENT SERVICES (SURGERY),IN-NETWORK,PERCENT PLAN PAYS,80,90,95,100,90,2,5,high,low,RISK,3
0,1,0,1,Salaried,4259,Yes,Rents,1,8,6,14,9,OUTPATIENT SERVICES (SURGERY),IN-NETWORK,PERCENT PLAN PAYS,90,95,80,100,90,2,5,high,low,RISK,3
1,0,0,1,Salaried,4138,No,Owns,9,2,1,14,9,OUTPATIENT SERVICES (SURGERY),IN-NETWORK,PERCENT PLAN PAYS,100,90,80,95,90,2,5,high,low,RISK,3
1,0,0,1,Bonus,2742,No,Owns,10,10,2,14,9,OUTPATIENT SERVICES (SURGERY),IN-NETWORK,PERCENT PLAN PAYS,80,90,95,100,90,2,5,high,low,RISK,3
0,0,0,1,Bonus,4027,Yes,Rents,3,4,3,14,9,OUTPATIENT SERVICES (SURGERY),IN-NETWORK,PERCENT PLAN PAYS,95,100,80,90,90,2,5,high,low,RISK,3
1,0,0,0,Bonus,3643,No,Rents,8,2,25,14,9,OUTPATIENT SERVICES (SURGERY),IN-NETWORK,PERCENT PLAN PAYS,80,90,100,95,90,2,5,high,low,RISK,3
1,0,1,0,Salaried,1855,No,Rents,9,10,10,14,9,OUTPATIENT SERVICES (SURGERY),IN-NETWORK,PERCENT PLAN PAYS,80,90,100,95,90,2,5,high,low,RISK,3
0,1,0,0,Bonus,4199,No,Owns,7,7,6,14,9,OUTPATIENT SERVICES (SURGERY),IN-NETWORK,PERCENT PLAN PAYS,100,90,95,80,90,2,5,high,low,RISK,3
0,1,0,0,Salaried,358,No,Rents,5,5,5,14,9,OUTPATIENT SERVICES (SURGERY),IN-NETWORK,PERCENT PLAN PAYS,95,100,90,80,90,2,5,high,low,RISK,3
0,0,1,0,Salaried,2175,No,Owns,8,10,8,14,9,OUTPATIENT SERVICES (SURGERY),IN-NETWORK,PERCENT PLAN PAYS,80,95,100,90,90,2,5,high,low,RISK,3
0,1,0,0,Bonus,2804,No,Owns,4,0,4,14,9,OUTPATIENT SERVICES (SURGERY),IN-NETWORK,PERCENT PLAN PAYS,100,80,95,90,90,2,5,high,low,RISK,3
1,1,1,0,Bonus,2793,Yes,Owns,9,9,1,14,9,OUTPATIENT SERVICES (SURGERY),IN-NETWORK,PERCENT PLAN PAYS,80,90,95,100,90,2,5,high,low,RISK,3
1,0,1,0,Salaried,1366,No,Owns,7,4,5,14,9,OUTPATIENT SERVICES (SURGERY),IN-NETWORK,PERCENT PLAN PAYS,95,90,100,80,90,2,5,high,low,RISK,3
0,1,1,1,Salaried,3990,No,Rents,6,1,2,14,9,OUTPATIENT SERVICES (SURGERY),IN-NETWORK,PERCENT PLAN PAYS,95,90,100,80,90,2,5,high,low,RISK,3
0,0,0,0,Salaried,1625,No,Owns,8,6,5,14,9,OUTPATIENT SERVICES (SURGERY),IN-NETWORK,PERCENT PLAN PAYS,100,90,80,95,90,2,5,high,low,RISK,3
1,1,0,0,Hourly,1178,No,Owns,0,1,13,14,9,OUTPATIENT SERVICES (SURGERY),IN-NETWORK,PERCENT PLAN PAYS,100,90,95,80,90,2,5,high,low,RISK,3
0,0,0,0,Hourly,2665,No,Rents,2,3,4,14,9,OUTPATIENT SERVICES (SURGERY),IN-NETWORK,PERCENT PLAN PAYS,90,80,95,100,90,2,5,high,low,RISK,3
1,1,1,0,Hourly,4144,No,Owns,3,2,0,14,9,OUTPATIENT SERVICES (SURGERY),IN-NETWORK,PERCENT PLAN PAYS,80,100,95,90,90,2,5,high,low,RISK,3
0,0,1,0,Hourly,2547,Yes,Owns,7,5,12,14,9,OUTPATIENT SERVICES (SURGERY),IN-NETWORK,PERCENT PLAN PAYS,100,80,90,95,90,2,5,high,low,RISK,3
1,0,1,0,Hourly,152,Yes,Owns,8,6,13,14,9,OUTPATIENT SERVICES (SURGERY),IN-NETWORK,PERCENT PLAN PAYS,80,90,100,95,90,2,5,high,low,RISK,3
0,0,0,0,Bonus,2909,Yes,Rents,3,4,5,14,9,OUTPATIENT SERVICES (SURGERY),IN-NETWORK,PERCENT PLAN PAYS,100,90,95,80,90,2,5,high,low,RISK,3
1,1,0,0,Bonus,2404,Yes,Owns,5,4,8,14,9,OUTPATIENT SERVICES (SURGERY),IN-NETWORK,PERCENT PLAN PAYS,90,80,100,95,90,2,5,high,low,RISK,3
1,0,1,1,Bonus,144,Yes,Owns,4,9,4,14,9,OUTPATIENT SERVICES (SURGERY),IN-NETWORK,PERCENT PLAN PAYS,95,80,90,100,90,2,5,high,low,RISK,3
1,0,1,0,Hourly,2250,No,Owns,4,7,9,14,9,OUTPATIENT SERVICES (SURGERY),IN-NETWORK,PERCENT PLAN PAYS,90,95,80,100,90,2,5,high,low,RISK,3
1,0,0,0,Hourly,4826,No,Owns,4,5,23,14,9,OUTPATIENT SERVICES (SURGERY),IN-NETWORK,PERCENT PLAN PAYS,100,80,90,95,90,2,5,high,low,RISK,3
1,1,0,0,Salaried,792,No,Owns,5,1,9,14,9,OUTPATIENT SERVICES (SURGERY),IN-NETWORK,PERCENT PLAN PAYS,95,90,100,80,90,2,5,high,low,RISK,3
0,1,0,0,Hourly,3429,No,Rents,8,8,6,14,9,OUTPATIENT SERVICES (SURGERY),IN-NETWORK,PERCENT PLAN PAYS,90,80,95,100,90,2,5,high,low,RISK,3
0,1,0,0,Hourly,1596,Yes,Owns,5,2,1,14,9,OUTPATIENT SERVICES (SURGERY),IN-NETWORK,PERCENT PLAN PAYS,90,80,100,95,90,2,5,high,low,RISK,3
1,1,1,0,Salaried,83,Yes,Owns,2,10,2,14,9,OUTPATIENT SERVICES (SURGERY),IN-NETWORK,PERCENT PLAN PAYS,95,80,90,100,90,2,5,high,low,RISK,3
1,1,0,1,Salaried,3601,No,Owns,1,4,3,14,9,OUTPATIENT SERVICES (SURGERY),IN-NETWORK,PERCENT PLAN PAYS,90,95,80,100,90,2,5,high,low,RISK,3
0,0,0,1,Bonus,861,No,Owns,8,2,25,14,9,OUTPATIENT SERVICES (SURGERY),IN-NETWORK,PERCENT PLAN PAYS,90,80,95,100,90,2,5,high,low,RISK,3
0,1,1,1,Salaried,2240,Yes,Rents,8,10,10,14,9,OUTPATIENT SERVICES (SURGERY),IN-NETWORK,PERCENT PLAN PAYS,100,90,80,95,90,2,5,high,low,RISK,3
0,0,0,0,Hourly,2384,No,Rents,1,7,6,14,9,OUTPATIENT SERVICES (SURGERY),IN-NETWORK,PERCENT PLAN PAYS,100,90,80,95,90,2,5,high,low,RISK,3
0,0,0,0,Bonus,2363,Yes,Rents,6,5,5,14,9,OUTPATIENT SERVICES (SURGERY),IN-NETWORK,PERCENT PLAN PAYS,95,80,90,100,90,2,5,high,low,RISK,3
0,0,1,0,Salaried,4539,No,Owns,3,10,8,14,9,OUTPATIENT SERVICES (SURGERY),IN-NETWORK,PERCENT PLAN PAYS,100,90,80,95,90,2,5,high,low,RISK,3
0,0,0,0,Bonus,489,No,Rents,3,0,4,14,9,OUTPATIENT SERVICES (SURGERY),IN-NETWORK,PERCENT PLAN PAYS,80,90,95,100,90,2,5,high,low,RISK,3
0,1,0,1,Bonus,4623,Yes,Owns,2,9,1,14,9,OUTPATIENT SERVICES (SURGERY),IN-NETWORK,PERCENT PLAN PAYS,95,80,90,100,90,2,5,high,low,RISK,3
0,0,0,0,Salaried,153,Yes,Owns,0,4,5,14,9,OUTPATIENT SERVICES (SURGERY),IN-NETWORK,PERCENT PLAN PAYS,80,100,95,90,90,2,5,high,low,RISK,3
0,1,1,0,Salaried,3954,No,Owns,1,1,2,14,9,OUTPATIENT SERVICES (SURGERY),IN-NETWORK,PERCENT PLAN PAYS,80,90,95,100,90,2,5,high,low,RISK,3
0,0,0,0,Salaried,4742,No,Rents,0,6,5,14,9,OUTPATIENT SERVICES (SURGERY),IN-NETWORK,PERCENT PLAN PAYS,90,80,100,95,90,2,5,high,low,RISK,3
0,0,0,0,Hourly,3289,No,Rents,8,1,13,14,9,OUTPATIENT SERVICES (SURGERY),IN-NETWORK,PERCENT PLAN PAYS,80,100,95,90,90,2,5,high,low,RISK,3
0,0,0,0,Bonus,3409,Yes,Rents,6,3,4,14,9,OUTPATIENT SERVICES (SURGERY),IN-NETWORK,PERCENT PLAN PAYS,100,90,80,95,90,2,5,high,low,RISK,3
0,0,1,0,Bonus,3179,No,Rents,2,2,0,14,9,OUTPATIENT SERVICES (SURGERY),IN-NETWORK,PERCENT PLAN PAYS,80,95,90,100,90,2,5,high,low,RISK,3
0,0,0,0,Bonus,4271,No,Rents,3,5,12,14,9,OUTPATIENT SERVICES (SURGERY),IN-NETWORK,PERCENT PLAN PAYS,95,100,80,90,90,2,5,high,low,RISK,3
0,0,0,0,Hourly,4605,Yes,Rents,4,6,13,14,9,OUTPATIENT SERVICES (SURGERY),IN-NETWORK,PERCENT PLAN PAYS,90,95,100,80,90,2,5,high,low,RISK,3
0,1,1,1,Salaried,3042,Yes,Rents,1,4,5,14,9,OUTPATIENT SERVICES (SURGERY),IN-NETWORK,PERCENT PLAN PAYS,80,95,90,100,90,2,5,high,low,RISK,3
0,1,1,0,Hourly,170,No,Rents,9,4,8,14,9,OUTPATIENT SERVICES (SURGERY),IN-NETWORK,PERCENT PLAN PAYS,80,95,90,100,90,2,5,high,low,RISK,3
0,0,0,1,Salaried,2062,No,Rents,2,9,4,14,9,OUTPATIENT SERVICES (SURGERY),IN-NETWORK,PERCENT PLAN PAYS,100,90,95,80,90,2,5,high,low,RISK,3
1,0,1,1,Bonus,1962,No,Rents,0,7,9,14,9,OUTPATIENT SERVICES (SURGERY),IN-NETWORK,PERCENT PLAN PAYS,95,100,80,90,90,2,5,high,low,RISK,3
0,0,0,0,Bonus,1006,No,Owns,5,5,23,14,9,OUTPATIENT SERVICES (SURGERY),IN-NETWORK,PERCENT PLAN PAYS,90,100,80,95,90,2,5,high,low,RISK,3
0,1,0,1,Salaried,4555,No,Rents,2,1,9,14,9,OUTPATIENT SERVICES (SURGERY),IN-NETWORK,PERCENT PLAN PAYS,100,80,95,90,90,2,5,high,low,RISK,3
1,0,1,0,Bonus,458,No,Rents,4,8,6,14,9,OUTPATIENT SERVICES (SURGERY),IN-NETWORK,PERCENT PLAN PAYS,90,95,80,100,90,2,5,high,low,RISK,3
1,0,1,0,Hourly,1593,No,Owns,0,2,1,14,9,OUTPATIENT SERVICES (SURGERY),IN-NETWORK,PERCENT PLAN PAYS,90,100,80,95,90,2,5,high,low,RISK,3
0,1,0,0,Hourly,4519,Yes,Owns,4,10,2,14,9,OUTPATIENT SERVICES (SURGERY),IN-NETWORK,PERCENT PLAN PAYS,100,90,80,95,90,2,5,high,low,RISK,3
0,1,0,0,Bonus,2639,No,Rents,0,4,3,14,9,OUTPATIENT SERVICES (SURGERY),IN-NETWORK,PERCENT PLAN PAYS,80,100,90,95,90,2,5,high,low,RISK,3
0,0,1,0,Hourly,2563,Yes,Rents,8,2,25,14,9,OUTPATIENT SERVICES (SURGERY),IN-NETWORK,PERCENT PLAN PAYS,90,95,80,100,90,2,5,high,low,RISK,3
0,0,1,1,Bonus,2810,Yes,Owns,8,10,10,14,9,OUTPATIENT SERVICES (SURGERY),IN-NETWORK,PERCENT PLAN PAYS,100,95,80,90,90,2,5,high,low,RISK,3
0,0,0,1,Hourly,2954,Yes,Owns,10,7,6,14,9,OUTPATIENT SERVICES (SURGERY),IN-NETWORK,PERCENT PLAN PAYS,100,90,95,80,90,2,5,high,low,RISK,3
0,0,1,0,Hourly,2299,Yes,Owns,6,5,5,14,9,OUTPATIENT SERVICES (SURGERY),IN-NETWORK,PERCENT PLAN PAYS,90,95,100,80,90,2,5,high,low,RISK,3
0,0,1,1,Hourly,1155,No,Rents,1,10,8,14,9,OUTPATIENT SERVICES (SURGERY),IN-NETWORK,PERCENT PLAN PAYS,80,95,100,90,90,2,5,high,low,RISK,3
1,0,1,0,Bonus,1856,Yes,Rents,7,0,4,14,9,OUTPATIENT SERVICES (SURGERY),IN-NETWORK,PERCENT PLAN PAYS,90,100,80,95,90,2,5,high,low,RISK,3
1,1,0,0,Salaried,3352,Yes,Rents,1,9,1,14,9,OUTPATIENT SERVICES (SURGERY),IN-NETWORK,PERCENT PLAN PAYS,95,90,100,80,90,2,5,high,low,RISK,3
1,0,0,0,Hourly,3735,Yes,Owns,8,4,5,14,9,OUTPATIENT SERVICES (SURGERY),IN-NETWORK,PERCENT PLAN PAYS,90,80,100,95,90,2,5,high,low,RISK,3
1,0,0,1,Salaried,1125,Yes,Rents,1,1,2,14,9,OUTPATIENT SERVICES (SURGERY),IN-NETWORK,PERCENT PLAN PAYS,90,80,100,95,90,2,5,high,low,RISK,3
1,0,1,0,Bonus,4695,No,Owns,0,6,5,14,9,OUTPATIENT SERVICES (SURGERY),IN-NETWORK,PERCENT PLAN PAYS,100,80,95,90,90,2,5,high,low,RISK,3
0,0,0,1,Salaried,1210,No,Rents,9,1,13,14,9,OUTPATIENT SERVICES (SURGERY),IN-NETWORK,PERCENT PLAN PAYS,90,80,95,100,90,2,5,high,low,RISK,3
1,1,1,0,Bonus,3149,No,Owns,1,3,4,14,9,OUTPATIENT SERVICES (SURGERY),IN-NETWORK,PERCENT PLAN PAYS,80,100,95,90,90,2,5,high,low,RISK,3
1,0,0,0,Bonus,3757,No,Rents,1,2,0,14,9,OUTPATIENT SERVICES (SURGERY),IN-NETWORK,PERCENT PLAN PAYS,95,100,80,90,90,2,5,high,low,RISK,3
1,0,1,1,Salaried,4038,Yes,Rents,5,5,12,14,9,OUTPATIENT SERVICES (SURGERY),IN-NETWORK,PERCENT PLAN PAYS,95,100,90,80,90,2,5,high,low,RISK,3
0,0,0,1,Bonus,381,No,Owns,2,6,13,14,9,OUTPATIENT SERVICES (SURGERY),IN-NETWORK,PERCENT PLAN PAYS,100,95,80,90,90,2,5,high,low,RISK,3
0,0,0,0,Hourly,2879,Yes,Rents,9,4,5,14,9,OUTPATIENT SERVICES (SURGERY),IN-NETWORK,PERCENT PLAN PAYS,80,95,100,90,90,2,5,high,low,RISK,3
0,1,0,0,Hourly,2246,No,Owns,9,4,8,14,9,OUTPATIENT SERVICES (SURGERY),IN-NETWORK,PERCENT PLAN PAYS,100,90,80,95,90,2,5,high,low,RISK,3
0,1,0,0,Hourly,3337,No,Rents,1,9,4,14,9,OUTPATIENT SERVICES (SURGERY),IN-NETWORK,PERCENT PLAN PAYS,90,95,80,100,90,2,5,high,low,RISK,3
1,0,0,0,Hourly,874,No,Owns,9,7,9,14,9,OUTPATIENT SERVICES (SURGERY),IN-NETWORK,PERCENT PLAN PAYS,95,90,100,80,90,2,5,high,low,RISK,3
0,1,0,0,Hourly,4470,Yes,Owns,0,5,23,14,9,OUTPATIENT SERVICES (SURGERY),IN-NETWORK,PERCENT PLAN PAYS,95,100,80,90,90,2,5,high,low,RISK,3
1,0,1,0,Hourly,3252,Yes,Owns,4,1,9,14,9,OUTPATIENT SERVICES (SURGERY),IN-NETWORK,PERCENT PLAN PAYS,100,95,80,90,90,2,5,high,low,RISK,3
0,1,0,0,Hourly,176,Yes,Rents,3,8,6,14,9,OUTPATIENT SERVICES (SURGERY),IN-NETWORK,PERCENT PLAN PAYS,95,100,80,90,90,2,5,high,low,RISK,3
0,0,1,0,Hourly,3681,Yes,Owns,1,2,1,14,9,OUTPATIENT SERVICES (SURGERY),IN-NETWORK,PERCENT PLAN PAYS,90,80,95,100,90,2,5,high,low,RISK,3
0,1,1,1,Hourly,1019,Yes,Owns,8,10,2,14,9,OUTPATIENT SERVICES (SURGERY),IN-NETWORK,PERCENT PLAN PAYS,80,95,90,100,90,2,5,high,low,RISK,3
0,1,1,0,Bonus,4493,Yes,Owns,10,4,3,14,9,OUTPATIENT SERVICES (SURGERY),IN-NETWORK,PERCENT PLAN PAYS,90,80,100,95,90,2,5,high,low,RISK,3
0,1,1,0,Salaried,1012,Yes,Owns,8,2,25,14,9,OUTPATIENT SERVICES (SURGERY),IN-NETWORK,PERCENT PLAN PAYS,95,90,80,100,90,2,5,high,low,RISK,3
0,0,0,0,Bonus,1248,Yes,Rents,1,10,10,14,9,OUTPATIENT SERVICES (SURGERY),IN-NETWORK,PERCENT PLAN PAYS,100,90,80,95,90,2,5,high,low,RISK,3
0,0,0,0,Salaried,1214,No,Owns,1,7,6,14,9,OUTPATIENT SERVICES (SURGERY),IN-NETWORK,PERCENT PLAN PAYS,100,90,80,95,90,2,5,high,low,RISK,3
1,0,0,0,Salaried,2852,Yes,Rents,1,5,5,14,9,OUTPATIENT SERVICES (SURGERY),IN-NETWORK,PERCENT PLAN PAYS,90,95,100,80,90,2,5,high,low,RISK,3
0,0,0,0,Bonus,1440,Yes,Owns,4,10,8,14,9,OUTPATIENT SERVICES (SURGERY),IN-NETWORK,PERCENT PLAN PAYS,100,80,90,95,90,2,5,high,low,RISK,3
1,0,1,0,Bonus,2951,No,Owns,4,0,4,14,9,OUTPATIENT SERVICES (SURGERY),IN-NETWORK,PERCENT PLAN PAYS,80,95,100,90,90,2,5,high,low,RISK,3
2,1,0,2,Salaried,4377,No,Rents,10,19,27,14,10,OUTPATIENT SERVICES (SURGERY),IN-NETWORK,PERCENT PLAN PAYS,100,90,95,80,90,2,10,high,low,RISK,3
0,1,1,0,Salaried,1919,No,Owns,10,15,31,14,10,OUTPATIENT SERVICES (SURGERY),IN-NETWORK,PERCENT PLAN PAYS,90,100,95,80,90,2,10,high,low,RISK,3
1,1,0,0,Salaried,4671,Yes,Rents,15,12,28,14,10,OUTPATIENT SERVICES (SURGERY),IN-NETWORK,PERCENT PLAN PAYS,95,80,100,90,90,2,10,high,low,RISK,3
2,1,0,0,Bonus,1139,No,Owns,13,16,31,14,10,OUTPATIENT SERVICES (SURGERY),IN-NETWORK,PERCENT PLAN PAYS,100,80,90,95,90,2,10,high,low,RISK,3
1,1,2,1,Bonus,3085,No,Rents,9,12,39,14,10,OUTPATIENT SERVICES (SURGERY),IN-NETWORK,PERCENT PLAN PAYS,90,80,100,95,90,2,10,high,low,RISK,3
0,1,2,0,Salaried,912,Yes,Rents,16,14,30,14,10,OUTPATIENT SERVICES (SURGERY),IN-NETWORK,PERCENT PLAN PAYS,95,100,80,90,90,2,10,high,low,RISK,3
1,0,2,1,Hourly,3561,Yes,Owns,12,13,26,14,10,OUTPATIENT SERVICES (SURGERY),IN-NETWORK,PERCENT PLAN PAYS,100,80,90,95,90,2,10,high,low,RISK,3
1,2,0,0,Hourly,4350,No,Rents,7,16,37,14,10,OUTPATIENT SERVICES (SURGERY),IN-NETWORK,PERCENT PLAN PAYS,100,95,90,80,90,2,10,high,low,RISK,3
2,2,1,2,Salaried,3664,No,Owns,7,16,39,14,10,OUTPATIENT SERVICES (SURGERY),IN-NETWORK,PERCENT PLAN PAYS,90,80,100,95,90,2,10,high,low,RISK,3
0,0,0,1,Bonus,1972,Yes,Owns,17,14,30,14,10,OUTPATIENT SERVICES (SURGERY),IN-NETWORK,PERCENT PLAN PAYS,80,90,95,100,90,2,10,high,low,RISK,3
1,0,2,2,Salaried,1235,Yes,Rents,14,14,34,14,10,OUTPATIENT SERVICES (SURGERY),IN-NETWORK,PERCENT PLAN PAYS,80,90,100,95,90,2,10,high,low,RISK,3
0,2,0,1,Bonus,2294,Yes,Owns,10,19,30,14,10,OUTPATIENT SERVICES (SURGERY),IN-NETWORK,PERCENT PLAN PAYS,90,100,80,95,90,2,10,high,low,RISK,3
0,1,2,0,Salaried,4592,Yes,Rents,16,17,35,14,10,OUTPATIENT SERVICES (SURGERY),IN-NETWORK,PERCENT PLAN PAYS,100,90,95,80,90,2,10,high,low,RISK,3
0,0,1,1,Hourly,2183,Yes,Owns,6,15,48,14,10,OUTPATIENT SERVICES (SURGERY),IN-NETWORK,PERCENT PLAN PAYS,100,80,90,95,90,2,10,high,low,RISK,3
1,1,2,1,Salaried,1622,Yes,Rents,8,12,35,14,10,OUTPATIENT SERVICES (SURGERY),IN-NETWORK,PERCENT PLAN PAYS,80,100,95,90,90,2,10,high,low,RISK,3
1,2,1,2,Salaried,4259,Yes,Rents,6,18,32,14,10,OUTPATIENT SERVICES (SURGERY),IN-NETWORK,PERCENT PLAN PAYS,100,80,95,90,90,2,10,high,low,RISK,3
2,1,1,2,Salaried,4138,No,Owns,17,13,27,14,10,OUTPATIENT SERVICES (SURGERY),IN-NETWORK,PERCENT PLAN PAYS,80,90,95,100,90,2,10,high,low,RISK,3
2,0,1,2,Bonus,2742,No,Owns,17,20,28,14,10,OUTPATIENT SERVICES (SURGERY),IN-NETWORK,PERCENT PLAN PAYS,95,90,80,100,90,2,10,high,low,RISK,3
1,1,0,2,Bonus,4027,Yes,Rents,8,14,29,14,10,OUTPATIENT SERVICES (SURGERY),IN-NETWORK,PERCENT PLAN PAYS,80,90,95,100,90,2,10,high,low,RISK,3
1,1,0,0,Bonus,3643,No,Rents,16,13,50,14,10,OUTPATIENT SERVICES (SURGERY),IN-NETWORK,PERCENT PLAN PAYS,95,100,90,80,90,2,10,high,low,RISK,3
1,2,0,1,Bonus,4199,No,Owns,14,17,32,14,10,OUTPATIENT SERVICES (SURGERY),IN-NETWORK,PERCENT PLAN PAYS,90,80,95,100,90,2,10,high,low,RISK,3
0,2,1,0,Salaried,358,No,Rents,12,16,31,14,10,OUTPATIENT SERVICES (SURGERY),IN-NETWORK,PERCENT PLAN PAYS,95,90,80,100,90,2,10,high,low,RISK,3
1,1,1,1,Salaried,2175,No,Owns,16,20,34,14,10,OUTPATIENT SERVICES (SURGERY),IN-NETWORK,PERCENT PLAN PAYS,95,80,90,100,90,2,10,high,low,RISK,3
2,1,2,1,Bonus,2793,Yes,Owns,17,19,27,14,10,OUTPATIENT SERVICES (SURGERY),IN-NETWORK,PERCENT PLAN PAYS,80,100,90,95,90,2,10,high,low,RISK,3
2,0,2,0,Salaried,1366,No,Owns,14,15,31,14,10,OUTPATIENT SERVICES (SURGERY),IN-NETWORK,PERCENT PLAN PAYS,100,80,95,90,90,2,10,high,low,RISK,3
0,1,1,2,Salaried,3990,No,Rents,13,12,28,14,10,OUTPATIENT SERVICES (SURGERY),IN-NETWORK,PERCENT PLAN PAYS,95,90,80,100,90,2,10,high,low,RISK,3
0,1,1,0,Salaried,1625,No,Owns,16,16,31,14,10,OUTPATIENT SERVICES (SURGERY),IN-NETWORK,PERCENT PLAN PAYS,95,80,100,90,90,2,10,high,low,RISK,3
1,2,0,0,Hourly,1178,No,Owns,5,12,39,14,10,OUTPATIENT SERVICES (SURGERY),IN-NETWORK,PERCENT PLAN PAYS,100,80,90,95,90,2,10,high,low,RISK,3
1,1,0,0,Hourly,2665,No,Rents,8,14,30,14,10,OUTPATIENT SERVICES (SURGERY),IN-NETWORK,PERCENT PLAN PAYS,90,100,80,95,90,2,10,high,low,RISK,3
1,1,2,0,Hourly,4144,No,Owns,9,13,26,14,10,OUTPATIENT SERVICES (SURGERY),IN-NETWORK,PERCENT PLAN PAYS,95,80,100,90,90,2,10,high,low,RISK,3
1,1,2,0,Hourly,2547,Yes,Owns,14,16,37,14,10,OUTPATIENT SERVICES (SURGERY),IN-NETWORK,PERCENT PLAN PAYS,80,95,90,100,90,2,10,high,low,RISK,3
1,1,1,0,Hourly,152,Yes,Owns,15,16,39,14,10,OUTPATIENT SERVICES (SURGERY),IN-NETWORK,PERCENT PLAN PAYS,80,100,95,90,90,2,10,high,low,RISK,3
0,0,0,0,Bonus,2909,Yes,Rents,9,14,30,14,10,OUTPATIENT SERVICES (SURGERY),IN-NETWORK,PERCENT PLAN PAYS,90,95,100,80,90,2,10,high,low,RISK,3
2,2,1,1,Bonus,2404,Yes,Owns,11,14,34,14,10,OUTPATIENT SERVICES (SURGERY),IN-NETWORK,PERCENT PLAN PAYS,95,90,80,100,90,2,10,high,low,RISK,3
2,0,1,2,Bonus,144,Yes,Owns,10,19,30,14,10,OUTPATIENT SERVICES (SURGERY),IN-NETWORK,PERCENT PLAN PAYS,100,90,80,95,90,2,10,high,low,RISK,3
2,0,1,0,Hourly,2250,No,Owns,11,17,35,14,10,OUTPATIENT SERVICES (SURGERY),IN-NETWORK,PERCENT PLAN PAYS,90,80,100,95,90,2,10,high,low,RISK,3
2,0,0,0,Hourly,4826,No,Owns,10,15,48,14,10,OUTPATIENT SERVICES (SURGERY),IN-NETWORK,PERCENT PLAN PAYS,90,80,95,100,90,2,10,high,low,RISK,3
1,1,0,0,Salaried,792,No,Owns,12,12,35,14,10,OUTPATIENT SERVICES (SURGERY),IN-NETWORK,PERCENT PLAN PAYS,90,100,95,80,90,2,10,high,low,RISK,3
0,2,0,1,Hourly,3429,No,Rents,15,18,32,14,10,OUTPATIENT SERVICES (SURGERY),IN-NETWORK,PERCENT PLAN PAYS,100,80,90,95,90,2,10,high,low,RISK,3
0,2,0,1,Hourly,1596,Yes,Owns,11,13,27,14,10,OUTPATIENT SERVICES (SURGERY),IN-NETWORK,PERCENT PLAN PAYS,100,90,80,95,90,2,10,high,low,RISK,3
1,1,2,0,Salaried,83,Yes,Owns,7,20,28,14,10,OUTPATIENT SERVICES (SURGERY),IN-NETWORK,PERCENT PLAN PAYS,100,80,90,95,90,2,10,high,low,RISK,3
1,2,0,2,Salaried,3601,No,Owns,6,14,29,14,10,OUTPATIENT SERVICES (SURGERY),IN-NETWORK,PERCENT PLAN PAYS,80,90,100,95,90,2,10,high,low,RISK,3
1,1,0,1,Bonus,861,No,Owns,15,13,50,14,10,OUTPATIENT SERVICES (SURGERY),IN-NETWORK,PERCENT PLAN PAYS,80,100,95,90,90,2,10,high,low,RISK,3
0,2,2,2,Salaried,2240,Yes,Rents,15,20,35,14,10,OUTPATIENT SERVICES (SURGERY),IN-NETWORK,PERCENT PLAN PAYS,95,80,90,100,90,2,10,high,low,RISK,3
1,0,0,0,Hourly,2384,No,Rents,6,17,32,14,10,OUTPATIENT SERVICES (SURGERY),IN-NETWORK,PERCENT PLAN PAYS,100,95,90,80,90,2,10,high,low,RISK,3
0,0,0,0,Bonus,2363,Yes,Rents,12,16,31,14,10,OUTPATIENT SERVICES (SURGERY),IN-NETWORK,PERCENT PLAN PAYS,80,90,95,100,90,2,10,high,low,RISK,3
1,1,2,0,Salaried,4539,No,Owns,10,20,34,14,10,OUTPATIENT SERVICES (SURGERY),IN-NETWORK,PERCENT PLAN PAYS,80,100,90,95,90,2,10,high,low,RISK,3
1,1,0,0,Bonus,489,No,Rents,9,11,30,14,10,OUTPATIENT SERVICES (SURGERY),IN-NETWORK,PERCENT PLAN PAYS,80,90,100,95,90,2,10,high,low,RISK,3
1,2,0,2,Bonus,4623,Yes,Owns,7,19,27,14,10,OUTPATIENT SERVICES (SURGERY),IN-NETWORK,PERCENT PLAN PAYS,95,90,80,100,90,2,10,high,low,RISK,3
1,0,0,0,Salaried,153,Yes,Owns,5,15,31,14,10,OUTPATIENT SERVICES (SURGERY),IN-NETWORK,PERCENT PLAN PAYS,100,80,90,95,90,2,10,high,low,RISK,3
0,2,2,1,Salaried,3954,No,Owns,6,12,28,14,10,OUTPATIENT SERVICES (SURGERY),IN-NETWORK,PERCENT PLAN PAYS,80,95,100,90,90,2,10,high,low,RISK,3
0,1,0,0,Salaried,4742,No,Rents,5,16,31,14,10,OUTPATIENT SERVICES (SURGERY),IN-NETWORK,PERCENT PLAN PAYS,100,90,80,95,90,2,10,high,low,RISK,3
0,0,0,1,Hourly,3289,No,Rents,15,12,39,14,10,OUTPATIENT SERVICES (SURGERY),IN-NETWORK,PERCENT PLAN PAYS,90,100,95,80,90,2,10,high,low,RISK,3
0,0,1,1,Bonus,3409,Yes,Rents,13,14,30,14,10,OUTPATIENT SERVICES (SURGERY),IN-NETWORK,PERCENT PLAN PAYS,80,100,95,90,90,2,10,high,low,RISK,3
0,0,2,1,Bonus,3179,No,Rents,8,13,26,14,10,OUTPATIENT SERVICES (SURGERY),IN-NETWORK,PERCENT PLAN PAYS,100,90,80,95,90,2,10,high,low,RISK,3
0,0,0,1,Bonus,4271,No,Rents,9,16,37,14,10,OUTPATIENT SERVICES (SURGERY),IN-NETWORK,PERCENT PLAN PAYS,90,80,100,95,90,2,10,high,low,RISK,3
0,0,0,0,Hourly,4605,Yes,Rents,10,16,39,14,10,OUTPATIENT SERVICES (SURGERY),IN-NETWORK,PERCENT PLAN PAYS,100,90,95,80,90,2,10,high,low,RISK,3
0,2,2,2,Salaried,3042,Yes,Rents,6,14,30,14,10,OUTPATIENT SERVICES (SURGERY),IN-NETWORK,PERCENT PLAN PAYS,100,90,80,95,90,2,10,high,low,RISK,3
0,2,2,0,Hourly,170,No,Rents,16,14,34,14,10,OUTPATIENT SERVICES (SURGERY),IN-NETWORK,PERCENT PLAN PAYS,90,100,80,95,90,2,10,high,low,RISK,3
0,1,0,2,Salaried,2062,No,Rents,7,19,30,14,10,OUTPATIENT SERVICES (SURGERY),IN-NETWORK,PERCENT PLAN PAYS,100,80,95,90,90,2,10,high,low,RISK,3
1,1,2,2,Bonus,1962,No,Rents,5,17,35,14,10,OUTPATIENT SERVICES (SURGERY),IN-NETWORK,PERCENT PLAN PAYS,90,80,95,100,90,2,10,high,low,RISK,3
0,0,0,0,Bonus,1006,No,Owns,11,15,48,14,10,OUTPATIENT SERVICES (SURGERY),IN-NETWORK,PERCENT PLAN PAYS,80,90,100,95,90,2,10,high,low,RISK,3
0,2,1,2,Salaried,4555,No,Rents,8,12,35,14,10,OUTPATIENT SERVICES (SURGERY),IN-NETWORK,PERCENT PLAN PAYS,80,100,90,95,90,2,10,high,low,RISK,3
2,1,1,0,Bonus,458,No,Rents,10,18,32,14,10,OUTPATIENT SERVICES (SURGERY),IN-NETWORK,PERCENT PLAN PAYS,95,100,80,90,90,2,10,high,low,RISK,3
2,0,2,1,Hourly,1593,No,Owns,5,13,27,14,10,OUTPATIENT SERVICES (SURGERY),IN-NETWORK,PERCENT PLAN PAYS,90,95,100,80,90,2,10,high,low,RISK,3
0,2,0,1,Hourly,4519,Yes,Owns,11,20,28,14,10,OUTPATIENT SERVICES (SURGERY),IN-NETWORK,PERCENT PLAN PAYS,100,90,80,95,90,2,10,high,low,RISK,3
0,1,0,0,Bonus,2639,No,Rents,5,14,29,14,10,OUTPATIENT SERVICES (SURGERY),IN-NETWORK,PERCENT PLAN PAYS,95,100,90,80,90,2,10,high,low,RISK,3
0,0,2,1,Hourly,2563,Yes,Rents,15,13,50,14,10,OUTPATIENT SERVICES (SURGERY),IN-NETWORK,PERCENT PLAN PAYS,100,95,90,80,90,2,10,high,low,RISK,3
0,1,2,1,Bonus,2810,Yes,Owns,15,20,35,14,10,OUTPATIENT SERVICES (SURGERY),IN-NETWORK,PERCENT PLAN PAYS,80,100,95,90,90,2,10,high,low,RISK,3
1,1,0,1,Hourly,2954,Yes,Owns,18,17,32,14,10,OUTPATIENT SERVICES (SURGERY),IN-NETWORK,PERCENT PLAN PAYS,95,100,80,90,90,2,10,high,low,RISK,3
1,0,2,0,Hourly,2299,Yes,Owns,13,16,31,14,10,OUTPATIENT SERVICES (SURGERY),IN-NETWORK,PERCENT PLAN PAYS,90,80,100,95,90,2,10,high,low,RISK,3
0,0,1,2,Hourly,1155,No,Rents,6,20,34,14,10,OUTPATIENT SERVICES (SURGERY),IN-NETWORK,PERCENT PLAN PAYS,95,100,90,80,90,2,10,high,low,RISK,3
1,0,2,0,Bonus,1856,Yes,Rents,14,11,30,14,10,OUTPATIENT SERVICES (SURGERY),IN-NETWORK,PERCENT PLAN PAYS,95,90,80,100,90,2,10,high,low,RISK,3
2,1,1,0,Salaried,3352,Yes,Rents,6,19,27,14,10,OUTPATIENT SERVICES (SURGERY),IN-NETWORK,PERCENT PLAN PAYS,100,90,80,95,90,2,10,high,low,RISK,3
2,0,0,1,Hourly,3735,Yes,Owns,15,15,31,14,10,OUTPATIENT SERVICES (SURGERY),IN-NETWORK,PERCENT PLAN PAYS,95,90,80,100,90,2,10,high,low,RISK,3
2,1,0,2,Salaried,1125,Yes,Rents,6,12,28,14,10,OUTPATIENT SERVICES (SURGERY),IN-NETWORK,PERCENT PLAN PAYS,90,95,80,100,90,2,10,high,low,RISK,3
2,0,1,0,Bonus,4695,No,Owns,5,16,31,14,10,OUTPATIENT SERVICES (SURGERY),IN-NETWORK,PERCENT PLAN PAYS,95,90,100,80,90,2,10,high,low,RISK,3
1,1,1,1,Salaried,1210,No,Rents,17,12,39,14,10,OUTPATIENT SERVICES (SURGERY),IN-NETWORK,PERCENT PLAN PAYS,95,90,80,100,90,2,10,high,low,RISK,3
1,2,1,0,Bonus,3149,No,Owns,6,14,30,14,10,OUTPATIENT SERVICES (SURGERY),IN-NETWORK,PERCENT PLAN PAYS,80,90,95,100,90,2,10,high,low,RISK,3
1,1,1,1,Bonus,3757,No,Rents,6,13,26,14,10,OUTPATIENT SERVICES (SURGERY),IN-NETWORK,PERCENT PLAN PAYS,95,100,80,90,90,2,10,high,low,RISK,3
1,0,2,1,Salaried,4038,Yes,Rents,12,16,37,14,10,OUTPATIENT SERVICES (SURGERY),IN-NETWORK,PERCENT PLAN PAYS,90,95,100,80,90,2,10,high,low,RISK,3
0,0,0,2,Bonus,381,No,Owns,8,16,39,14,10,OUTPATIENT SERVICES (SURGERY),IN-NETWORK,PERCENT PLAN PAYS,95,90,80,100,90,2,10,high,low,RISK,3
0,0,1,1,Hourly,2879,Yes,Rents,16,14,30,14,10,OUTPATIENT SERVICES (SURGERY),IN-NETWORK,PERCENT PLAN PAYS,100,80,95,90,90,2,10,high,low,RISK,3
1,2,0,0,Hourly,2246,No,Owns,17,14,34,14,10,OUTPATIENT SERVICES (SURGERY),IN-NETWORK,PERCENT PLAN PAYS,90,80,100,95,90,2,10,high,low,RISK,3
0,2,1,0,Hourly,3337,No,Rents,7,19,30,14,10,OUTPATIENT SERVICES (SURGERY),IN-NETWORK,PERCENT PLAN PAYS,100,90,95,80,90,2,10,high,low,RISK,3
1,1,1,1,Hourly,874,No,Owns,17,17,35,14,10,OUTPATIENT SERVICES (SURGERY),IN-NETWORK,PERCENT PLAN PAYS,90,95,80,100,90,2,10,high,low,RISK,3
0,1,0,0,Hourly,4470,Yes,Owns,6,15,48,14,10,OUTPATIENT SERVICES (SURGERY),IN-NETWORK,PERCENT PLAN PAYS,80,90,95,100,90,2,10,high,low,RISK,3
2,0,1,1,Hourly,3252,Yes,Owns,10,12,35,14,10,OUTPATIENT SERVICES (SURGERY),IN-NETWORK,PERCENT PLAN PAYS,90,100,80,95,90,2,10,high,low,RISK,3
0,2,0,1,Hourly,176,Yes,Rents,9,18,32,14,10,OUTPATIENT SERVICES (SURGERY),IN-NETWORK,PERCENT PLAN PAYS,100,80,95,90,90,2,10,high,low,RISK,3
1,0,2,0,Hourly,3681,Yes,Owns,6,13,27,14,10,OUTPATIENT SERVICES (SURGERY),IN-NETWORK,PERCENT PLAN PAYS,90,100,80,95,90,2,10,high,low,RISK,3
1,2,1,2,Hourly,1019,Yes,Owns,15,20,28,14,10,OUTPATIENT SERVICES (SURGERY),IN-NETWORK,PERCENT PLAN PAYS,90,80,95,100,90,2,10,high,low,RISK,3
1,2,1,1,Bonus,4493,Yes,Owns,18,14,29,14,10,OUTPATIENT SERVICES (SURGERY),IN-NETWORK,PERCENT PLAN PAYS,100,90,80,95,90,2,10,high,low,RISK,3
1,2,2,0,Salaried,1012,Yes,Owns,15,13,50,14,10,OUTPATIENT SERVICES (SURGERY),IN-NETWORK,PERCENT PLAN PAYS,90,95,100,80,90,2,10,high,low,RISK,3
0,0,1,1,Bonus,1248,Yes,Rents,7,20,35,14,10,OUTPATIENT SERVICES (SURGERY),IN-NETWORK,PERCENT PLAN PAYS,80,95,90,100,90,2,10,high,low,RISK,3
0,0,1,0,Salaried,1214,No,Owns,6,17,32,14,10,OUTPATIENT SERVICES (SURGERY),IN-NETWORK,PERCENT PLAN PAYS,95,100,90,80,90,2,10,high,low,RISK,3
1,0,1,0,Salaried,2852,Yes,Rents,6,16,31,14,10,OUTPATIENT SERVICES (SURGERY),IN-NETWORK,PERCENT PLAN PAYS,90,95,80,100,90,2,10,high,low,RISK,3
1,0,0,0,Bonus,1440,Yes,Owns,10,20,34,14,10,OUTPATIENT SERVICES (SURGERY),IN-NETWORK,PERCENT PLAN PAYS,100,95,90,80,90,2,10,high,low,RISK,3
1,0,1,0,Bonus,2951,No,Owns,11,11,30,14,10,OUTPATIENT SERVICES (SURGERY),IN-NETWORK,PERCENT PLAN PAYS,80,100,90,95,90,2,10,high,low,RISK,3
3,2,1,3,Salaried,4377,No,Rents,24,48,52,14,11,OUTPATIENT SERVICES (SURGERY),IN-NETWORK,PERCENT PLAN PAYS,90,100,95,80,95,3,20,high,low,RISK,3
1,1,2,1,Salaried,1919,No,Owns,25,33,56,14,11,OUTPATIENT SERVICES (SURGERY),IN-NETWORK,PERCENT PLAN PAYS,80,95,90,100,95,3,20,high,low,RISK,3
2,2,1,1,Salaried,4671,Yes,Rents,33,23,53,14,11,OUTPATIENT SERVICES (SURGERY),IN-NETWORK,PERCENT PLAN PAYS,90,100,80,95,95,3,20,high,low,RISK,3
3,2,1,1,Bonus,1139,No,Owns,29,38,56,14,11,OUTPATIENT SERVICES (SURGERY),IN-NETWORK,PERCENT PLAN PAYS,95,90,80,100,95,3,20,high,low,RISK,3
1,2,3,2,Bonus,3085,No,Rents,23,24,64,14,11,OUTPATIENT SERVICES (SURGERY),IN-NETWORK,PERCENT PLAN PAYS,100,80,95,90,95,3,20,high,low,RISK,3
1,2,3,1,Salaried,912,Yes,Rents,37,29,55,14,11,OUTPATIENT SERVICES (SURGERY),IN-NETWORK,PERCENT PLAN PAYS,90,100,80,95,95,3,20,high,low,RISK,3
2,1,3,2,Hourly,3561,Yes,Owns,28,26,51,14,11,OUTPATIENT SERVICES (SURGERY),IN-NETWORK,PERCENT PLAN PAYS,95,100,80,90,95,3,20,high,low,RISK,3
2,3,1,1,Hourly,4350,No,Rents,19,36,62,14,11,OUTPATIENT SERVICES (SURGERY),IN-NETWORK,PERCENT PLAN PAYS,95,90,100,80,95,3,20,high,low,RISK,3
3,3,2,3,Salaried,3664,No,Owns,18,38,64,14,11,OUTPATIENT SERVICES (SURGERY),IN-NETWORK,PERCENT PLAN PAYS,80,100,90,95,95,3,20,high,low,RISK,3
1,1,1,1,Bonus,1972,Yes,Owns,38,31,55,14,11,OUTPATIENT SERVICES (SURGERY),IN-NETWORK,PERCENT PLAN PAYS,100,80,90,95,95,3,20,high,low,RISK,3
1,1,3,3,Salaried,1235,Yes,Rents,32,31,59,14,11,OUTPATIENT SERVICES (SURGERY),IN-NETWORK,PERCENT PLAN PAYS,95,90,100,80,95,3,20,high,low,RISK,3
1,3,1,2,Bonus,2294,Yes,Owns,25,47,55,14,11,OUTPATIENT SERVICES (SURGERY),IN-NETWORK,PERCENT PLAN PAYS,100,80,90,95,95,3,20,high,low,RISK,3
1,2,3,1,Salaried,4592,Yes,Rents,37,41,60,14,11,OUTPATIENT SERVICES (SURGERY),IN-NETWORK,PERCENT PLAN PAYS,100,95,80,90,95,3,20,high,low,RISK,3
2,2,3,2,Salaried,1622,Yes,Rents,21,24,60,14,11,OUTPATIENT SERVICES (SURGERY),IN-NETWORK,PERCENT PLAN PAYS,100,90,95,80,95,3,20,high,low,RISK,3
2,3,1,3,Salaried,4259,Yes,Rents,17,43,57,14,11,OUTPATIENT SERVICES (SURGERY),IN-NETWORK,PERCENT PLAN PAYS,90,95,100,80,95,3,20,high,low,RISK,3
3,2,2,3,Salaried,4138,No,Owns,37,25,52,14,11,OUTPATIENT SERVICES (SURGERY),IN-NETWORK,PERCENT PLAN PAYS,100,95,80,90,95,3,20,high,low,RISK,3
3,1,2,3,Bonus,2742,No,Owns,39,50,53,14,11,OUTPATIENT SERVICES (SURGERY),IN-NETWORK,PERCENT PLAN PAYS,80,95,90,100,95,3,20,high,low,RISK,3
1,1,1,3,Bonus,4027,Yes,Rents,21,31,54,14,11,OUTPATIENT SERVICES (SURGERY),IN-NETWORK,PERCENT PLAN PAYS,100,80,95,90,95,3,20,high,low,RISK,3
2,2,1,1,Bonus,3643,No,Rents,35,26,75,14,11,OUTPATIENT SERVICES (SURGERY),IN-NETWORK,PERCENT PLAN PAYS,80,100,95,90,95,3,20,high,low,RISK,3
2,1,3,1,Salaried,1855,No,Rents,39,49,60,14,11,OUTPATIENT SERVICES (SURGERY),IN-NETWORK,PERCENT PLAN PAYS,95,100,80,90,95,3,20,high,low,RISK,3
1,3,1,1,Bonus,4199,No,Owns,33,40,57,14,11,OUTPATIENT SERVICES (SURGERY),IN-NETWORK,PERCENT PLAN PAYS,100,90,80,95,95,3,20,high,low,RISK,3
1,3,2,1,Salaried,358,No,Rents,28,36,56,14,11,OUTPATIENT SERVICES (SURGERY),IN-NETWORK,PERCENT PLAN PAYS,90,80,100,95,95,3,20,high,low,RISK,3
2,2,2,1,Salaried,2175,No,Owns,35,49,59,14,11,OUTPATIENT SERVICES (SURGERY),IN-NETWORK,PERCENT PLAN PAYS,80,100,90,95,95,3,20,high,low,RISK,3
2,2,1,1,Bonus,2804,No,Owns,26,20,55,14,11,OUTPATIENT SERVICES (SURGERY),IN-NETWORK,PERCENT PLAN PAYS,90,95,80,100,95,3,20,high,low,RISK,3
3,3,3,2,Bonus,2793,Yes,Owns,39,48,52,14,11,OUTPATIENT SERVICES (SURGERY),IN-NETWORK,PERCENT PLAN PAYS,90,95,80,100,95,3,20,high,low,RISK,3
3,1,3,1,Salaried,1366,No,Owns,32,33,56,14,11,OUTPATIENT SERVICES (SURGERY),IN-NETWORK,PERCENT PLAN PAYS,80,95,100,90,95,3,20,high,low,RISK,3
1,2,2,3,Salaried,3990,No,Rents,30,23,53,14,11,OUTPATIENT SERVICES (SURGERY),IN-NETWORK,PERCENT PLAN PAYS,80,95,100,90,95,3,20,high,low,RISK,3
1,2,2,1,Salaried,1625,No,Owns,36,38,56,14,11,OUTPATIENT SERVICES (SURGERY),IN-NETWORK,PERCENT PLAN PAYS,100,95,90,80,95,3,20,high,low,RISK,3
2,3,1,1,Hourly,1178,No,Owns,15,24,64,14,11,OUTPATIENT SERVICES (SURGERY),IN-NETWORK,PERCENT PLAN PAYS,90,95,80,100,95,3,20,high,low,RISK,3
2,1,1,1,Hourly,2665,No,Rents,20,29,55,14,11,OUTPATIENT SERVICES (SURGERY),IN-NETWORK,PERCENT PLAN PAYS,90,100,80,95,95,3,20,high,low,RISK,3
2,3,3,1,Hourly,4144,No,Owns,23,26,51,14,11,OUTPATIENT SERVICES (SURGERY),IN-NETWORK,PERCENT PLAN PAYS,100,80,95,90,95,3,20,high,low,RISK,3
2,2,3,1,Hourly,2547,Yes,Owns,32,36,62,14,11,OUTPATIENT SERVICES (SURGERY),IN-NETWORK,PERCENT PLAN PAYS,90,95,80,100,95,3,20,high,low,RISK,3
2,1,2,1,Hourly,152,Yes,Owns,34,38,64,14,11,OUTPATIENT SERVICES (SURGERY),IN-NETWORK,PERCENT PLAN PAYS,80,95,90,100,95,3,20,high,low,RISK,3
1,1,1,1,Bonus,2909,Yes,Rents,23,31,55,14,11,OUTPATIENT SERVICES (SURGERY),IN-NETWORK,PERCENT PLAN PAYS,90,80,95,100,95,3,20,high,low,RISK,3
3,3,2,2,Bonus,2404,Yes,Owns,27,31,59,14,11,OUTPATIENT SERVICES (SURGERY),IN-NETWORK,PERCENT PLAN PAYS,100,80,90,95,95,3,20,high,low,RISK,3
3,1,2,3,Bonus,144,Yes,Owns,24,47,55,14,11,OUTPATIENT SERVICES (SURGERY),IN-NETWORK,PERCENT PLAN PAYS,90,100,95,80,95,3,20,high,low,RISK,3
3,1,2,1,Hourly,2250,No,Owns,26,41,60,14,11,OUTPATIENT SERVICES (SURGERY),IN-NETWORK,PERCENT PLAN PAYS,100,80,90,95,95,3,20,high,low,RISK,3
3,1,1,1,Hourly,4826,No,Owns,25,35,73,14,11,OUTPATIENT SERVICES (SURGERY),IN-NETWORK,PERCENT PLAN PAYS,80,90,95,100,95,3,20,high,low,RISK,3
2,2,1,1,Salaried,792,No,Owns,28,24,60,14,11,OUTPATIENT SERVICES (SURGERY),IN-NETWORK,PERCENT PLAN PAYS,95,90,100,80,95,3,20,high,low,RISK,3
1,3,1,2,Hourly,3429,No,Rents,34,43,57,14,11,OUTPATIENT SERVICES (SURGERY),IN-NETWORK,PERCENT PLAN PAYS,80,100,90,95,95,3,20,high,low,RISK,3
1,3,1,2,Hourly,1596,Yes,Owns,27,25,52,14,11,OUTPATIENT SERVICES (SURGERY),IN-NETWORK,PERCENT PLAN PAYS,90,80,95,100,95,3,20,high,low,RISK,3
2,3,3,1,Salaried,83,Yes,Owns,19,50,53,14,11,OUTPATIENT SERVICES (SURGERY),IN-NETWORK,PERCENT PLAN PAYS,100,90,80,95,95,3,20,high,low,RISK,3
2,3,1,3,Salaried,3601,No,Owns,17,31,54,14,11,OUTPATIENT SERVICES (SURGERY),IN-NETWORK,PERCENT PLAN PAYS,80,100,95,90,95,3,20,high,low,RISK,3
2,2,1,2,Bonus,861,No,Owns,34,26,75,14,11,OUTPATIENT SERVICES (SURGERY),IN-NETWORK,PERCENT PLAN PAYS,80,90,100,95,95,3,20,high,low,RISK,3
1,3,3,3,Salaried,2240,Yes,Rents,35,49,60,14,11,OUTPATIENT SERVICES (SURGERY),IN-NETWORK,PERCENT PLAN PAYS,95,100,90,80,95,3,20,high,low,RISK,3
1,1,1,1,Hourly,2384,No,Rents,17,40,57,14,11,OUTPATIENT SERVICES (SURGERY),IN-NETWORK,PERCENT PLAN PAYS,90,95,100,80,95,3,20,high,low,RISK,3
1,1,1,1,Bonus,2363,Yes,Rents,29,36,56,14,11,OUTPATIENT SERVICES (SURGERY),IN-NETWORK,PERCENT PLAN PAYS,95,80,100,90,95,3,20,high,low,RISK,3
2,1,3,1,Salaried,4539,No,Owns,24,49,59,14,11,OUTPATIENT SERVICES (SURGERY),IN-NETWORK,PERCENT PLAN PAYS,90,100,95,80,95,3,20,high,low,RISK,3
2,1,1,1,Bonus,489,No,Rents,23,20,55,14,11,OUTPATIENT SERVICES (SURGERY),IN-NETWORK,PERCENT PLAN PAYS,95,100,80,90,95,3,20,high,low,RISK,3
2,3,1,3,Bonus,4623,Yes,Owns,19,48,52,14,11,OUTPATIENT SERVICES (SURGERY),IN-NETWORK,PERCENT PLAN PAYS,80,100,95,90,95,3,20,high,low,RISK,3
2,1,1,1,Salaried,153,Yes,Owns,15,33,56,14,11,OUTPATIENT SERVICES (SURGERY),IN-NETWORK,PERCENT PLAN PAYS,100,80,95,90,95,3,20,high,low,RISK,3
1,3,3,2,Salaried,3954,No,Owns,17,23,53,14,11,OUTPATIENT SERVICES (SURGERY),IN-NETWORK,PERCENT PLAN PAYS,100,95,80,90,95,3,20,high,low,RISK,3
1,2,1,1,Salaried,4742,No,Rents,15,38,56,14,11,OUTPATIENT SERVICES (SURGERY),IN-NETWORK,PERCENT PLAN PAYS,100,95,90,80,95,3,20,high,low,RISK,3
1,1,1,2,Hourly,3289,No,Rents,35,24,64,14,11,OUTPATIENT SERVICES (SURGERY),IN-NETWORK,PERCENT PLAN PAYS,90,80,95,100,95,3,20,high,low,RISK,3
1,1,2,2,Bonus,3409,Yes,Rents,30,29,55,14,11,OUTPATIENT SERVICES (SURGERY),IN-NETWORK,PERCENT PLAN PAYS,90,100,80,95,95,3,20,high,low,RISK,3
1,1,3,2,Bonus,3179,No,Rents,21,26,51,14,11,OUTPATIENT SERVICES (SURGERY),IN-NETWORK,PERCENT PLAN PAYS,95,90,80,100,95,3,20,high,low,RISK,3
1,1,1,2,Bonus,4271,No,Rents,22,36,62,14,11,OUTPATIENT SERVICES (SURGERY),IN-NETWORK,PERCENT PLAN PAYS,95,80,100,90,95,3,20,high,low,RISK,3
1,1,1,1,Hourly,4605,Yes,Rents,24,38,64,14,11,OUTPATIENT SERVICES (SURGERY),IN-NETWORK,PERCENT PLAN PAYS,95,80,90,100,95,3,20,high,low,RISK,3
1,3,3,3,Salaried,3042,Yes,Rents,16,31,55,14,11,OUTPATIENT SERVICES (SURGERY),IN-NETWORK,PERCENT PLAN PAYS,90,95,80,100,95,3,20,high,low,RISK,3
1,3,3,1,Hourly,170,No,Rents,37,31,59,14,11,OUTPATIENT SERVICES (SURGERY),IN-NETWORK,PERCENT PLAN PAYS,90,95,80,100,95,3,20,high,low,RISK,3
1,1,1,3,Salaried,2062,No,Rents,20,47,55,14,11,OUTPATIENT SERVICES (SURGERY),IN-NETWORK,PERCENT PLAN PAYS,80,95,100,90,95,3,20,high,low,RISK,3
2,2,3,3,Bonus,1962,No,Rents,15,41,60,14,11,OUTPATIENT SERVICES (SURGERY),IN-NETWORK,PERCENT PLAN PAYS,90,100,80,95,95,3,20,high,low,RISK,3
1,1,1,1,Bonus,1006,No,Owns,27,35,73,14,11,OUTPATIENT SERVICES (SURGERY),IN-NETWORK,PERCENT PLAN PAYS,80,95,90,100,95,3,20,high,low,RISK,3
1,3,2,3,Salaried,4555,No,Rents,20,24,60,14,11,OUTPATIENT SERVICES (SURGERY),IN-NETWORK,PERCENT PLAN PAYS,95,100,90,80,95,3,20,high,low,RISK,3
3,1,2,1,Bonus,458,No,Rents,25,43,57,14,11,OUTPATIENT SERVICES (SURGERY),IN-NETWORK,PERCENT PLAN PAYS,100,90,80,95,95,3,20,high,low,RISK,3
3,1,3,1,Hourly,1593,No,Owns,16,25,52,14,11,OUTPATIENT SERVICES (SURGERY),IN-NETWORK,PERCENT PLAN PAYS,80,90,100,95,95,3,20,high,low,RISK,3
1,3,1,2,Hourly,4519,Yes,Owns,26,50,53,14,11,OUTPATIENT SERVICES (SURGERY),IN-NETWORK,PERCENT PLAN PAYS,80,95,100,90,95,3,20,high,low,RISK,3
1,2,1,1,Bonus,2639,No,Rents,16,31,54,14,11,OUTPATIENT SERVICES (SURGERY),IN-NETWORK,PERCENT PLAN PAYS,95,100,90,80,95,3,20,high,low,RISK,3
1,1,3,1,Hourly,2563,Yes,Rents,35,26,75,14,11,OUTPATIENT SERVICES (SURGERY),IN-NETWORK,PERCENT PLAN PAYS,80,100,95,90,95,3,20,high,low,RISK,3
1,2,3,2,Bonus,2810,Yes,Owns,35,49,60,14,11,OUTPATIENT SERVICES (SURGERY),IN-NETWORK,PERCENT PLAN PAYS,80,95,100,90,95,3,20,high,low,RISK,3
2,2,1,2,Hourly,2954,Yes,Owns,39,40,57,14,11,OUTPATIENT SERVICES (SURGERY),IN-NETWORK,PERCENT PLAN PAYS,95,90,80,100,95,3,20,high,low,RISK,3
2,1,3,1,Hourly,2299,Yes,Owns,31,36,56,14,11,OUTPATIENT SERVICES (SURGERY),IN-NETWORK,PERCENT PLAN PAYS,90,80,95,100,95,3,20,high,low,RISK,3
1,1,2,3,Hourly,1155,No,Rents,16,49,59,14,11,OUTPATIENT SERVICES (SURGERY),IN-NETWORK,PERCENT PLAN PAYS,90,100,95,80,95,3,20,high,low,RISK,3
2,1,3,1,Bonus,1856,Yes,Rents,31,20,55,14,11,OUTPATIENT SERVICES (SURGERY),IN-NETWORK,PERCENT PLAN PAYS,90,100,95,80,95,3,20,high,low,RISK,3
3,2,2,1,Salaried,3352,Yes,Rents,18,48,52,14,11,OUTPATIENT SERVICES (SURGERY),IN-NETWORK,PERCENT PLAN PAYS,80,100,95,90,95,3,20,high,low,RISK,3
3,1,1,2,Hourly,3735,Yes,Owns,34,33,56,14,11,OUTPATIENT SERVICES (SURGERY),IN-NETWORK,PERCENT PLAN PAYS,80,100,95,90,95,3,20,high,low,RISK,3
3,2,1,3,Salaried,1125,Yes,Rents,18,23,53,14,11,OUTPATIENT SERVICES (SURGERY),IN-NETWORK,PERCENT PLAN PAYS,90,100,80,95,95,3,20,high,low,RISK,3
3,1,2,1,Bonus,4695,No,Owns,15,38,56,14,11,OUTPATIENT SERVICES (SURGERY),IN-NETWORK,PERCENT PLAN PAYS,95,90,80,100,95,3,20,high,low,RISK,3
2,2,2,2,Salaried,1210,No,Rents,38,24,64,14,11,OUTPATIENT SERVICES (SURGERY),IN-NETWORK,PERCENT PLAN PAYS,90,80,100,95,95,3,20,high,low,RISK,3
2,3,2,1,Bonus,3149,No,Owns,17,29,55,14,11,OUTPATIENT SERVICES (SURGERY),IN-NETWORK,PERCENT PLAN PAYS,90,80,100,95,95,3,20,high,low,RISK,3
2,2,2,2,Bonus,3757,No,Rents,18,26,51,14,11,OUTPATIENT SERVICES (SURGERY),IN-NETWORK,PERCENT PLAN PAYS,80,90,100,95,95,3,20,high,low,RISK,3
3,1,3,2,Salaried,4038,Yes,Rents,28,36,62,14,11,OUTPATIENT SERVICES (SURGERY),IN-NETWORK,PERCENT PLAN PAYS,100,90,80,95,95,3,20,high,low,RISK,3
1,1,1,3,Bonus,381,No,Owns,20,38,64,14,11,OUTPATIENT SERVICES (SURGERY),IN-NETWORK,PERCENT PLAN PAYS,100,95,90,80,95,3,20,high,low,RISK,3
1,1,1,2,Hourly,2879,Yes,Rents,37,31,55,14,11,OUTPATIENT SERVICES (SURGERY),IN-NETWORK,PERCENT PLAN PAYS,90,100,95,80,95,3,20,high,low,RISK,3
2,3,1,1,Hourly,2246,No,Owns,38,31,59,14,11,OUTPATIENT SERVICES (SURGERY),IN-NETWORK,PERCENT PLAN PAYS,100,95,80,90,95,3,20,high,low,RISK,3
1,3,2,1,Hourly,3337,No,Rents,18,47,55,14,11,OUTPATIENT SERVICES (SURGERY),IN-NETWORK,PERCENT PLAN PAYS,100,80,95,90,95,3,20,high,low,RISK,3
2,2,1,2,Hourly,874,No,Owns,38,41,60,14,11,OUTPATIENT SERVICES (SURGERY),IN-NETWORK,PERCENT PLAN PAYS,95,90,100,80,95,3,20,high,low,RISK,3
1,2,1,1,Hourly,4470,Yes,Owns,16,35,73,14,11,OUTPATIENT SERVICES (SURGERY),IN-NETWORK,PERCENT PLAN PAYS,95,100,80,90,95,3,20,high,low,RISK,3
3,1,3,1,Hourly,3252,Yes,Owns,24,24,60,14,11,OUTPATIENT SERVICES (SURGERY),IN-NETWORK,PERCENT PLAN PAYS,95,90,80,100,95,3,20,high,low,RISK,3
1,3,1,2,Hourly,176,Yes,Rents,23,43,57,14,11,OUTPATIENT SERVICES (SURGERY),IN-NETWORK,PERCENT PLAN PAYS,100,90,80,95,95,3,20,high,low,RISK,3
2,1,3,1,Hourly,3681,Yes,Owns,17,25,52,14,11,OUTPATIENT SERVICES (SURGERY),IN-NETWORK,PERCENT PLAN PAYS,80,100,95,90,95,3,20,high,low,RISK,3
1,3,2,3,Hourly,1019,Yes,Owns,35,50,53,14,11,OUTPATIENT SERVICES (SURGERY),IN-NETWORK,PERCENT PLAN PAYS,90,95,80,100,95,3,20,high,low,RISK,3
1,3,2,1,Bonus,4493,Yes,Owns,39,31,54,14,11,OUTPATIENT SERVICES (SURGERY),IN-NETWORK,PERCENT PLAN PAYS,95,90,80,100,95,3,20,high,low,RISK,3
1,3,3,1,Salaried,1012,Yes,Owns,34,26,75,14,11,OUTPATIENT SERVICES (SURGERY),IN-NETWORK,PERCENT PLAN PAYS,95,80,90,100,95,3,20,high,low,RISK,3
1,1,2,1,Bonus,1248,Yes,Rents,18,49,60,14,11,OUTPATIENT SERVICES (SURGERY),IN-NETWORK,PERCENT PLAN PAYS,90,95,100,80,95,3,20,high,low,RISK,3
1,1,2,1,Salaried,1214,No,Owns,17,40,57,14,11,OUTPATIENT SERVICES (SURGERY),IN-NETWORK,PERCENT PLAN PAYS,90,100,80,95,95,3,20,high,low,RISK,3
2,1,1,1,Salaried,2852,Yes,Rents,18,36,56,14,11,OUTPATIENT SERVICES (SURGERY),IN-NETWORK,PERCENT PLAN PAYS,80,100,90,95,95,3,20,high,low,RISK,3
2,1,1,1,Bonus,1440,Yes,Owns,24,49,59,14,11,OUTPATIENT SERVICES (SURGERY),IN-NETWORK,PERCENT PLAN PAYS,80,95,90,100,95,3,20,high,low,RISK,3
4,3,2,4,Salaried,4377,No,Rents,46,73,76,14,12,OUTPATIENT SERVICES (SURGERY),IN-NETWORK,PERCENT PLAN PAYS,100,80,95,90,95,3,50,high,low,RISK,3
2,3,4,2,Salaried,1919,No,Owns,48,61,80,14,12,OUTPATIENT SERVICES (SURGERY),IN-NETWORK,PERCENT PLAN PAYS,80,95,90,100,95,3,50,high,low,RISK,3
4,4,3,2,Salaried,4671,Yes,Rents,57,53,77,14,12,OUTPATIENT SERVICES (SURGERY),IN-NETWORK,PERCENT PLAN PAYS,100,90,95,80,95,3,50,high,low,RISK,3
4,4,2,2,Bonus,1139,No,Owns,52,65,80,14,12,OUTPATIENT SERVICES (SURGERY),IN-NETWORK,PERCENT PLAN PAYS,80,100,95,90,95,3,50,high,low,RISK,3
3,4,4,3,Bonus,3085,No,Rents,45,54,88,14,12,OUTPATIENT SERVICES (SURGERY),IN-NETWORK,PERCENT PLAN PAYS,90,95,80,100,95,3,50,high,low,RISK,3
3,4,4,3,Salaried,912,Yes,Rents,61,58,79,14,12,OUTPATIENT SERVICES (SURGERY),IN-NETWORK,PERCENT PLAN PAYS,80,100,90,95,95,3,50,high,low,RISK,3
4,3,4,3,Hourly,3561,Yes,Owns,51,56,75,14,12,OUTPATIENT SERVICES (SURGERY),IN-NETWORK,PERCENT PLAN PAYS,100,95,80,90,95,3,50,high,low,RISK,3
4,4,2,2,Hourly,4350,No,Rents,40,64,87,14,12,OUTPATIENT SERVICES (SURGERY),IN-NETWORK,PERCENT PLAN PAYS,100,95,80,90,95,3,50,high,low,RISK,3
4,4,4,4,Salaried,3664,No,Owns,39,65,88,14,12,OUTPATIENT SERVICES (SURGERY),IN-NETWORK,PERCENT PLAN PAYS,90,100,95,80,95,3,50,high,low,RISK,3
2,3,3,3,Bonus,1972,Yes,Owns,62,60,80,14,12,OUTPATIENT SERVICES (SURGERY),IN-NETWORK,PERCENT PLAN PAYS,90,95,80,100,95,3,50,high,low,RISK,3
3,2,4,4,Salaried,1235,Yes,Rents,55,60,83,14,12,OUTPATIENT SERVICES (SURGERY),IN-NETWORK,PERCENT PLAN PAYS,80,95,90,100,95,3,50,high,low,RISK,3
2,4,3,3,Bonus,2294,Yes,Owns,47,72,79,14,12,OUTPATIENT SERVICES (SURGERY),IN-NETWORK,PERCENT PLAN PAYS,90,80,100,95,95,3,50,high,low,RISK,3
2,3,4,3,Salaried,4592,Yes,Rents,62,68,84,14,12,OUTPATIENT SERVICES (SURGERY),IN-NETWORK,PERCENT PLAN PAYS,90,80,100,95,95,3,50,high,low,RISK,3
3,3,3,4,Hourly,2183,Yes,Owns,37,63,98,14,12,OUTPATIENT SERVICES (SURGERY),IN-NETWORK,PERCENT PLAN PAYS,100,90,95,80,95,3,50,high,low,RISK,3
3,3,4,3,Salaried,1622,Yes,Rents,42,55,84,14,12,OUTPATIENT SERVICES (SURGERY),IN-NETWORK,PERCENT PLAN PAYS,100,90,80,95,95,3,50,high,low,RISK,3
3,4,3,4,Salaried,4259,Yes,Rents,37,70,81,14,12,OUTPATIENT SERVICES (SURGERY),IN-NETWORK,PERCENT PLAN PAYS,100,80,95,90,95,3,50,high,low,RISK,3
4,3,3,4,Salaried,4138,No,Owns,62,55,76,14,12,OUTPATIENT SERVICES (SURGERY),IN-NETWORK,PERCENT PLAN PAYS,90,80,100,95,95,3,50,high,low,RISK,3
4,3,4,4,Bonus,2742,No,Owns,64,75,77,14,12,OUTPATIENT SERVICES (SURGERY),IN-NETWORK,PERCENT PLAN PAYS,100,90,80,95,95,3,50,high,low,RISK,3
3,3,3,4,Bonus,4027,Yes,Rents,43,60,78,14,12,OUTPATIENT SERVICES (SURGERY),IN-NETWORK,PERCENT PLAN PAYS,90,100,95,80,95,3,50,high,low,RISK,3
4,4,2,2,Bonus,3643,No,Rents,59,56,100,14,12,OUTPATIENT SERVICES (SURGERY),IN-NETWORK,PERCENT PLAN PAYS,80,95,90,100,95,3,50,high,low,RISK,3
4,2,4,2,Salaried,1855,No,Rents,63,74,85,14,12,OUTPATIENT SERVICES (SURGERY),IN-NETWORK,PERCENT PLAN PAYS,95,100,80,90,95,3,50,high,low,RISK,3
3,4,2,3,Bonus,4199,No,Owns,57,67,81,14,12,OUTPATIENT SERVICES (SURGERY),IN-NETWORK,PERCENT PLAN PAYS,90,95,80,100,95,3,50,high,low,RISK,3
3,4,3,2,Salaried,358,No,Rents,50,64,80,14,12,OUTPATIENT SERVICES (SURGERY),IN-NETWORK,PERCENT PLAN PAYS,80,95,100,90,95,3,50,high,low,RISK,3
4,3,4,3,Salaried,2175,No,Owns,59,75,83,14,12,OUTPATIENT SERVICES (SURGERY),IN-NETWORK,PERCENT PLAN PAYS,95,90,80,100,95,3,50,high,low,RISK,3
4,4,2,2,Bonus,2804,No,Owns,48,51,79,14,12,OUTPATIENT SERVICES (SURGERY),IN-NETWORK,PERCENT PLAN PAYS,100,90,80,95,95,3,50,high,low,RISK,3
4,4,4,4,Bonus,2793,Yes,Owns,63,73,76,14,12,OUTPATIENT SERVICES (SURGERY),IN-NETWORK,PERCENT PLAN PAYS,100,95,80,90,95,3,50,high,low,RISK,3
4,3,4,2,Salaried,1366,No,Owns,56,61,80,14,12,OUTPATIENT SERVICES (SURGERY),IN-NETWORK,PERCENT PLAN PAYS,80,100,95,90,95,3,50,high,low,RISK,3
2,4,4,4,Salaried,3990,No,Rents,53,53,77,14,12,OUTPATIENT SERVICES (SURGERY),IN-NETWORK,PERCENT PLAN PAYS,90,80,95,100,95,3,50,high,low,RISK,3
2,4,3,3,Salaried,1625,No,Owns,60,65,80,14,12,OUTPATIENT SERVICES (SURGERY),IN-NETWORK,PERCENT PLAN PAYS,100,80,90,95,95,3,50,high,low,RISK,3
4,4,3,3,Hourly,1178,No,Owns,35,54,88,14,12,OUTPATIENT SERVICES (SURGERY),IN-NETWORK,PERCENT PLAN PAYS,100,80,95,90,95,3,50,high,low,RISK,3
3,3,2,2,Hourly,2665,No,Rents,41,58,79,14,12,OUTPATIENT SERVICES (SURGERY),IN-NETWORK,PERCENT PLAN PAYS,95,90,80,100,95,3,50,high,low,RISK,3
4,4,4,2,Hourly,4144,No,Owns,44,56,75,14,12,OUTPATIENT SERVICES (SURGERY),IN-NETWORK,PERCENT PLAN PAYS,80,90,100,95,95,3,50,high,low,RISK,3
3,3,4,3,Hourly,2547,Yes,Owns,55,64,87,14,12,OUTPATIENT SERVICES (SURGERY),IN-NETWORK,PERCENT PLAN PAYS,90,80,95,100,95,3,50,high,low,RISK,3
3,2,2,3,Bonus,2909,Yes,Rents,45,60,80,14,12,OUTPATIENT SERVICES (SURGERY),IN-NETWORK,PERCENT PLAN PAYS,95,80,90,100,95,3,50,high,low,RISK,3
4,4,3,3,Bonus,2404,Yes,Owns,49,60,83,14,12,OUTPATIENT SERVICES (SURGERY),IN-NETWORK,PERCENT PLAN PAYS,100,80,95,90,95,3,50,high,low,RISK,3
4,2,4,4,Bonus,144,Yes,Owns,46,72,79,14,12,OUTPATIENT SERVICES (SURGERY),IN-NETWORK,PERCENT PLAN PAYS,100,90,95,80,95,3,50,high,low,RISK,3
4,2,4,2,Hourly,2250,No,Owns,48,68,84,14,12,OUTPATIENT SERVICES (SURGERY),IN-NETWORK,PERCENT PLAN PAYS,80,100,90,95,95,3,50,high,low,RISK,3
4,3,3,3,Hourly,4826,No,Owns,47,63,98,14,12,OUTPATIENT SERVICES (SURGERY),IN-NETWORK,PERCENT PLAN PAYS,90,100,80,95,95,3,50,high,low,RISK,3
4,4,2,3,Salaried,792,No,Owns,50,55,84,14,12,OUTPATIENT SERVICES (SURGERY),IN-NETWORK,PERCENT PLAN PAYS,80,100,95,90,95,3,50,high,low,RISK,3
2,4,2,3,Hourly,3429,No,Rents,58,70,81,14,12,OUTPATIENT SERVICES (SURGERY),IN-NETWORK,PERCENT PLAN PAYS,90,100,95,80,95,3,50,high,low,RISK,3
3,4,3,4,Hourly,1596,Yes,Owns,50,55,76,14,12,OUTPATIENT SERVICES (SURGERY),IN-NETWORK,PERCENT PLAN PAYS,80,95,90,100,95,3,50,high,low,RISK,3
4,4,4,3,Salaried,83,Yes,Owns,40,75,77,14,12,OUTPATIENT SERVICES (SURGERY),IN-NETWORK,PERCENT PLAN PAYS,95,80,100,90,95,3,50,high,low,RISK,3
4,4,3,4,Salaried,3601,No,Owns,38,60,78,14,12,OUTPATIENT SERVICES (SURGERY),IN-NETWORK,PERCENT PLAN PAYS,80,95,100,90,95,3,50,high,low,RISK,3
3,4,2,4,Bonus,861,No,Owns,58,56,100,14,12,OUTPATIENT SERVICES (SURGERY),IN-NETWORK,PERCENT PLAN PAYS,90,80,95,100,95,3,50,high,low,RISK,3
2,4,4,4,Salaried,2240,Yes,Rents,59,74,85,14,12,OUTPATIENT SERVICES (SURGERY),IN-NETWORK,PERCENT PLAN PAYS,90,95,100,80,95,3,50,high,low,RISK,3
3,3,2,2,Hourly,2384,No,Rents,37,67,81,14,12,OUTPATIENT SERVICES (SURGERY),IN-NETWORK,PERCENT PLAN PAYS,90,80,100,95,95,3,50,high,low,RISK,3
2,2,3,3,Bonus,2363,Yes,Rents,52,64,80,14,12,OUTPATIENT SERVICES (SURGERY),IN-NETWORK,PERCENT PLAN PAYS,95,90,100,80,95,3,50,high,low,RISK,3
3,3,4,2,Salaried,4539,No,Owns,45,75,83,14,12,OUTPATIENT SERVICES (SURGERY),IN-NETWORK,PERCENT PLAN PAYS,100,80,95,90,95,3,50,high,low,RISK,3
4,4,2,4,Bonus,4623,Yes,Owns,40,73,76,14,12,OUTPATIENT SERVICES (SURGERY),IN-NETWORK,PERCENT PLAN PAYS,100,80,95,90,95,3,50,high,low,RISK,3
3,3,3,2,Salaried,153,Yes,Owns,36,61,80,14,12,OUTPATIENT SERVICES (SURGERY),IN-NETWORK,PERCENT PLAN PAYS,90,100,95,80,95,3,50,high,low,RISK,3
3,4,4,4,Salaried,3954,No,Owns,38,53,77,14,12,OUTPATIENT SERVICES (SURGERY),IN-NETWORK,PERCENT PLAN PAYS,100,80,90,95,95,3,50,high,low,RISK,3
3,3,2,3,Salaried,4742,No,Rents,35,65,80,14,12,OUTPATIENT SERVICES (SURGERY),IN-NETWORK,PERCENT PLAN PAYS,80,100,95,90,95,3,50,high,low,RISK,3
2,2,2,3,Hourly,3289,No,Rents,59,54,88,14,12,OUTPATIENT SERVICES (SURGERY),IN-NETWORK,PERCENT PLAN PAYS,100,95,90,80,95,3,50,high,low,RISK,3
2,2,3,3,Bonus,3409,Yes,Rents,54,58,79,14,12,OUTPATIENT SERVICES (SURGERY),IN-NETWORK,PERCENT PLAN PAYS,100,90,95,80,95,3,50,high,low,RISK,3
3,3,4,3,Bonus,3179,No,Rents,42,56,75,14,12,OUTPATIENT SERVICES (SURGERY),IN-NETWORK,PERCENT PLAN PAYS,80,95,100,90,95,3,50,high,low,RISK,3
3,3,2,4,Bonus,4271,No,Rents,43,64,87,14,12,OUTPATIENT SERVICES (SURGERY),IN-NETWORK,PERCENT PLAN PAYS,90,100,95,80,95,3,50,high,low,RISK,3
3,3,3,2,Hourly,4605,Yes,Rents,46,65,88,14,12,OUTPATIENT SERVICES (SURGERY),IN-NETWORK,PERCENT PLAN PAYS,80,100,95,90,95,3,50,high,low,RISK,3
2,4,4,4,Salaried,3042,Yes,Rents,37,60,80,14,12,OUTPATIENT SERVICES (SURGERY),IN-NETWORK,PERCENT PLAN PAYS,90,100,80,95,95,3,50,high,low,RISK,3
2,4,4,3,Hourly,170,No,Rents,61,60,83,14,12,OUTPATIENT SERVICES (SURGERY),IN-NETWORK,PERCENT PLAN PAYS,100,80,95,90,95,3,50,high,low,RISK,3
2,3,3,4,Salaried,2062,No,Rents,40,72,79,14,12,OUTPATIENT SERVICES (SURGERY),IN-NETWORK,PERCENT PLAN PAYS,80,90,100,95,95,3,50,high,low,RISK,3
4,4,4,4,Bonus,1962,No,Rents,35,68,84,14,12,OUTPATIENT SERVICES (SURGERY),IN-NETWORK,PERCENT PLAN PAYS,90,100,80,95,95,3,50,high,low,RISK,3
2,2,3,2,Bonus,1006,No,Owns,50,63,98,14,12,OUTPATIENT SERVICES (SURGERY),IN-NETWORK,PERCENT PLAN PAYS,100,80,90,95,95,3,50,high,low,RISK,3
2,4,3,4,Salaried,4555,No,Rents,42,55,84,14,12,OUTPATIENT SERVICES (SURGERY),IN-NETWORK,PERCENT PLAN PAYS,80,90,95,100,95,3,50,high,low,RISK,3
4,3,4,3,Bonus,458,No,Rents,46,70,81,14,12,OUTPATIENT SERVICES (SURGERY),IN-NETWORK,PERCENT PLAN PAYS,80,90,95,100,95,3,50,high,low,RISK,3
4,3,4,3,Hourly,1593,No,Owns,36,55,76,14,12,OUTPATIENT SERVICES (SURGERY),IN-NETWORK,PERCENT PLAN PAYS,90,100,80,95,95,3,50,high,low,RISK,3
3,4,2,3,Hourly,4519,Yes,Owns,48,75,77,14,12,OUTPATIENT SERVICES (SURGERY),IN-NETWORK,PERCENT PLAN PAYS,100,95,80,90,95,3,50,high,low,RISK,3
2,4,3,3,Bonus,2639,No,Rents,36,60,78,14,12,OUTPATIENT SERVICES (SURGERY),IN-NETWORK,PERCENT PLAN PAYS,95,90,80,100,95,3,50,high,low,RISK,3
2,3,4,3,Hourly,2563,Yes,Rents,59,56,100,14,12,OUTPATIENT SERVICES (SURGERY),IN-NETWORK,PERCENT PLAN PAYS,90,100,95,80,95,3,50,high,low,RISK,3
3,4,4,4,Bonus,2810,Yes,Owns,58,74,85,14,12,OUTPATIENT SERVICES (SURGERY),IN-NETWORK,PERCENT PLAN PAYS,90,80,95,100,95,3,50,high,low,RISK,3
3,4,3,4,Hourly,2954,Yes,Owns,64,67,81,14,12,OUTPATIENT SERVICES (SURGERY),IN-NETWORK,PERCENT PLAN PAYS,90,80,95,100,95,3,50,high,low,RISK,3
3,2,4,3,Hourly,2299,Yes,Owns,54,64,80,14,12,OUTPATIENT SERVICES (SURGERY),IN-NETWORK,PERCENT PLAN PAYS,95,90,100,80,95,3,50,high,low,RISK,3
2,3,4,4,Hourly,1155,No,Rents,37,75,83,14,12,OUTPATIENT SERVICES (SURGERY),IN-NETWORK,PERCENT PLAN PAYS,100,90,80,95,95,3,50,high,low,RISK,3
4,2,4,3,Bonus,1856,Yes,Rents,55,51,79,14,12,OUTPATIENT SERVICES (SURGERY),IN-NETWORK,PERCENT PLAN PAYS,80,90,95,100,95,3,50,high,low,RISK,3
4,4,3,3,Salaried,3352,Yes,Rents,38,73,76,14,12,OUTPATIENT SERVICES (SURGERY),IN-NETWORK,PERCENT PLAN PAYS,100,90,95,80,95,3,50,high,low,RISK,3
4,3,2,3,Hourly,3735,Yes,Owns,58,61,80,14,12,OUTPATIENT SERVICES (SURGERY),IN-NETWORK,PERCENT PLAN PAYS,90,100,80,95,95,3,50,high,low,RISK,3
4,3,3,4,Salaried,1125,Yes,Rents,38,53,77,14,12,OUTPATIENT SERVICES (SURGERY),IN-NETWORK,PERCENT PLAN PAYS,90,100,95,80,95,3,50,high,low,RISK,3
4,2,4,2,Bonus,4695,No,Owns,35,65,80,14,12,OUTPATIENT SERVICES (SURGERY),IN-NETWORK,PERCENT PLAN PAYS,90,80,100,95,95,3,50,high,low,RISK,3
3,3,3,4,Salaried,1210,No,Rents,62,54,88,14,12,OUTPATIENT SERVICES (SURGERY),IN-NETWORK,PERCENT PLAN PAYS,100,95,80,90,95,3,50,high,low,RISK,3
4,4,4,2,Bonus,3149,No,Owns,37,58,79,14,12,OUTPATIENT SERVICES (SURGERY),IN-NETWORK,PERCENT PLAN PAYS,90,100,80,95,95,3,50,high,low,RISK,3
4,3,4,4,Bonus,3757,No,Rents,38,56,75,14,12,OUTPATIENT SERVICES (SURGERY),IN-NETWORK,PERCENT PLAN PAYS,80,95,90,100,95,3,50,high,low,RISK,3
4,3,4,4,Salaried,4038,Yes,Rents,51,64,87,14,12,OUTPATIENT SERVICES (SURGERY),IN-NETWORK,PERCENT PLAN PAYS,90,80,100,95,95,3,50,high,low,RISK,3
2,3,3,4,Bonus,381,No,Owns,41,65,88,14,12,OUTPATIENT SERVICES (SURGERY),IN-NETWORK,PERCENT PLAN PAYS,90,80,95,100,95,3,50,high,low,RISK,3
3,3,3,3,Hourly,2879,Yes,Rents,61,60,80,14,12,OUTPATIENT SERVICES (SURGERY),IN-NETWORK,PERCENT PLAN PAYS,90,100,95,80,95,3,50,high,low,RISK,3
4,4,3,2,Hourly,2246,No,Owns,62,60,83,14,12,OUTPATIENT SERVICES (SURGERY),IN-NETWORK,PERCENT PLAN PAYS,80,90,100,95,95,3,50,high,low,RISK,3
2,4,3,2,Hourly,3337,No,Rents,39,72,79,14,12,OUTPATIENT SERVICES (SURGERY),IN-NETWORK,PERCENT PLAN PAYS,100,90,80,95,95,3,50,high,low,RISK,3
4,3,3,4,Hourly,874,No,Owns,63,68,84,14,12,OUTPATIENT SERVICES (SURGERY),IN-NETWORK,PERCENT PLAN PAYS,90,100,95,80,95,3,50,high,low,RISK,3
3,4,2,3,Hourly,4470,Yes,Owns,36,63,98,14,12,OUTPATIENT SERVICES (SURGERY),IN-NETWORK,PERCENT PLAN PAYS,80,100,90,95,95,3,50,high,low,RISK,3
4,3,4,3,Hourly,3252,Yes,Owns,46,55,84,14,12,OUTPATIENT SERVICES (SURGERY),IN-NETWORK,PERCENT PLAN PAYS,90,100,80,95,95,3,50,high,low,RISK,3
3,4,2,3,Hourly,176,Yes,Rents,45,70,81,14,12,OUTPATIENT SERVICES (SURGERY),IN-NETWORK,PERCENT PLAN PAYS,100,90,80,95,95,3,50,high,low,RISK,3
4,3,4,2,Hourly,3681,Yes,Owns,38,55,76,14,12,OUTPATIENT SERVICES (SURGERY),IN-NETWORK,PERCENT PLAN PAYS,95,100,90,80,95,3,50,high,low,RISK,3
3,4,4,4,Hourly,1019,Yes,Owns,59,75,77,14,12,OUTPATIENT SERVICES (SURGERY),IN-NETWORK,PERCENT PLAN PAYS,80,90,95,100,95,3,50,high,low,RISK,3
3,4,4,3,Bonus,4493,Yes,Owns,64,60,78,14,12,OUTPATIENT SERVICES (SURGERY),IN-NETWORK,PERCENT PLAN PAYS,95,80,100,90,95,3,50,high,low,RISK,3
3,4,4,2,Salaried,1012,Yes,Owns,58,56,100,14,12,OUTPATIENT SERVICES (SURGERY),IN-NETWORK,PERCENT PLAN PAYS,100,90,95,80,95,3,50,high,low,RISK,3
2,2,4,3,Bonus,1248,Yes,Rents,39,74,85,14,12,OUTPATIENT SERVICES (SURGERY),IN-NETWORK,PERCENT PLAN PAYS,100,95,90,80,95,3,50,high,low,RISK,3
2,3,3,3,Salaried,1214,No,Owns,37,67,81,14,12,OUTPATIENT SERVICES (SURGERY),IN-NETWORK,PERCENT PLAN PAYS,90,80,95,100,95,3,50,high,low,RISK,3
4,3,3,2,Salaried,2852,Yes,Rents,38,64,80,14,12,OUTPATIENT SERVICES (SURGERY),IN-NETWORK,PERCENT PLAN PAYS,80,95,90,100,95,3,50,high,low,RISK,3
3,3,2,2,Bonus,1440,Yes,Owns,46,75,83,14,12,OUTPATIENT SERVICES (SURGERY),IN-NETWORK,PERCENT PLAN PAYS,80,100,95,90,95,3,50,high,low,RISK,3
4,2,4,3,Bonus,2951,No,Owns,48,51,79,14,12,OUTPATIENT SERVICES (SURGERY),IN-NETWORK,PERCENT PLAN PAYS,80,95,90,100,95,3,50,high,low,RISK,3
0,0,1,0,Salaried,1919,No,Owns,4,4,5,14,13,OUTPATIENT SERVICES (SURGERY),IN-NETWORK,PERCENT PLAN PAYS,95,80,90,100,95,3,5,high,high,RISK,4
0,0,0,0,Salaried,4671,Yes,Rents,7,1,2,14,13,OUTPATIENT SERVICES (SURGERY),IN-NETWORK,PERCENT PLAN PAYS,80,95,90,100,95,3,5,high,high,RISK,4
1,1,0,0,Bonus,1139,No,Owns,6,6,5,14,13,OUTPATIENT SERVICES (SURGERY),IN-NETWORK,PERCENT PLAN PAYS,100,95,90,80,95,3,5,high,high,RISK,4
0,1,1,0,Bonus,3085,No,Rents,3,1,13,14,13,OUTPATIENT SERVICES (SURGERY),IN-NETWORK,PERCENT PLAN PAYS,90,80,100,95,95,3,5,high,high,RISK,4
0,1,1,0,Salaried,912,Yes,Rents,9,3,4,14,13,OUTPATIENT SERVICES (SURGERY),IN-NETWORK,PERCENT PLAN PAYS,95,90,100,80,95,3,5,high,high,RISK,4
1,0,1,0,Hourly,3561,Yes,Owns,5,2,0,14,13,OUTPATIENT SERVICES (SURGERY),IN-NETWORK,PERCENT PLAN PAYS,80,100,95,90,95,3,5,high,high,RISK,4
1,1,0,0,Hourly,4350,No,Rents,2,5,12,14,13,OUTPATIENT SERVICES (SURGERY),IN-NETWORK,PERCENT PLAN PAYS,95,100,80,90,95,3,5,high,high,RISK,4
1,1,0,1,Salaried,3664,No,Owns,1,6,13,14,13,OUTPATIENT SERVICES (SURGERY),IN-NETWORK,PERCENT PLAN PAYS,90,95,100,80,95,3,5,high,high,RISK,4
0,0,0,0,Bonus,1972,Yes,Owns,9,4,5,14,13,OUTPATIENT SERVICES (SURGERY),IN-NETWORK,PERCENT PLAN PAYS,95,80,100,90,95,3,5,high,high,RISK,4
0,0,1,1,Salaried,1235,Yes,Rents,7,4,8,14,13,OUTPATIENT SERVICES (SURGERY),IN-NETWORK,PERCENT PLAN PAYS,80,95,90,100,95,3,5,high,high,RISK,4
0,1,0,0,Bonus,2294,Yes,Owns,4,9,4,14,13,OUTPATIENT SERVICES (SURGERY),IN-NETWORK,PERCENT PLAN PAYS,95,100,90,80,95,3,5,high,high,RISK,4
0,0,1,0,Salaried,4592,Yes,Rents,9,7,9,14,13,OUTPATIENT SERVICES (SURGERY),IN-NETWORK,PERCENT PLAN PAYS,100,95,80,90,95,3,5,high,high,RISK,4
0,0,0,1,Hourly,2183,Yes,Owns,1,5,23,14,13,OUTPATIENT SERVICES (SURGERY),IN-NETWORK,PERCENT PLAN PAYS,95,90,100,80,95,3,5,high,high,RISK,4
0,0,1,0,Salaried,1622,Yes,Rents,2,1,9,14,13,OUTPATIENT SERVICES (SURGERY),IN-NETWORK,PERCENT PLAN PAYS,80,90,100,95,95,3,5,high,high,RISK,4
0,1,0,1,Salaried,4259,Yes,Rents,1,8,6,14,13,OUTPATIENT SERVICES (SURGERY),IN-NETWORK,PERCENT PLAN PAYS,80,100,90,95,95,3,5,high,high,RISK,4
1,0,0,1,Salaried,4138,No,Owns,9,2,1,14,13,OUTPATIENT SERVICES (SURGERY),IN-NETWORK,PERCENT PLAN PAYS,95,80,100,90,95,3,5,high,high,RISK,4
1,0,0,1,Bonus,2742,No,Owns,10,10,2,14,13,OUTPATIENT SERVICES (SURGERY),IN-NETWORK,PERCENT PLAN PAYS,80,100,95,90,95,3,5,high,high,RISK,4
0,0,0,1,Bonus,4027,Yes,Rents,3,4,3,14,13,OUTPATIENT SERVICES (SURGERY),IN-NETWORK,PERCENT PLAN PAYS,100,80,95,90,95,3,5,high,high,RISK,4
1,0,0,0,Bonus,3643,No,Rents,8,2,25,14,13,OUTPATIENT SERVICES (SURGERY),IN-NETWORK,PERCENT PLAN PAYS,95,80,100,90,95,3,5,high,high,RISK,4
1,0,1,0,Salaried,1855,No,Rents,9,10,10,14,13,OUTPATIENT SERVICES (SURGERY),IN-NETWORK,PERCENT PLAN PAYS,95,100,90,80,95,3,5,high,high,RISK,4
0,1,0,0,Bonus,4199,No,Owns,7,7,6,14,13,OUTPATIENT SERVICES (SURGERY),IN-NETWORK,PERCENT PLAN PAYS,100,80,90,95,95,3,5,high,high,RISK,4
0,1,0,0,Salaried,358,No,Rents,5,5,5,14,13,OUTPATIENT SERVICES (SURGERY),IN-NETWORK,PERCENT PLAN PAYS,95,90,100,80,95,3,5,high,high,RISK,4
0,0,1,0,Salaried,2175,No,Owns,8,10,8,14,13,OUTPATIENT SERVICES (SURGERY),IN-NETWORK,PERCENT PLAN PAYS,100,80,95,90,95,3,5,high,high,RISK,4
0,1,0,0,Bonus,2804,No,Owns,4,0,4,14,13,OUTPATIENT SERVICES (SURGERY),IN-NETWORK,PERCENT PLAN PAYS,100,90,95,80,95,3,5,high,high,RISK,4
1,1,1,0,Bonus,2793,Yes,Owns,9,9,1,14,13,OUTPATIENT SERVICES (SURGERY),IN-NETWORK,PERCENT PLAN PAYS,80,95,100,90,95,3,5,high,high,RISK,4
1,0,1,0,Salaried,1366,No,Owns,7,4,5,14,13,OUTPATIENT SERVICES (SURGERY),IN-NETWORK,PERCENT PLAN PAYS,80,90,100,95,95,3,5,high,high,RISK,4
0,1,1,1,Salaried,3990,No,Rents,6,1,2,14,13,OUTPATIENT SERVICES (SURGERY),IN-NETWORK,PERCENT PLAN PAYS,95,80,90,100,95,3,5,high,high,RISK,4
0,0,0,0,Salaried,1625,No,Owns,8,6,5,14,13,OUTPATIENT SERVICES (SURGERY),IN-NETWORK,PERCENT PLAN PAYS,80,90,100,95,95,3,5,high,high,RISK,4
1,1,0,0,Hourly,1178,No,Owns,0,1,13,14,13,OUTPATIENT SERVICES (SURGERY),IN-NETWORK,PERCENT PLAN PAYS,95,100,80,90,95,3,5,high,high,RISK,4
0,0,0,0,Hourly,2665,No,Rents,2,3,4,14,13,OUTPATIENT SERVICES (SURGERY),IN-NETWORK,PERCENT PLAN PAYS,90,95,100,80,95,3,5,high,high,RISK,4
1,1,1,0,Hourly,4144,No,Owns,3,2,0,14,13,OUTPATIENT SERVICES (SURGERY),IN-NETWORK,PERCENT PLAN PAYS,100,90,80,95,95,3,5,high,high,RISK,4
0,0,1,0,Hourly,2547,Yes,Owns,7,5,12,14,13,OUTPATIENT SERVICES (SURGERY),IN-NETWORK,PERCENT PLAN PAYS,90,100,80,95,95,3,5,high,high,RISK,4
1,0,1,0,Hourly,152,Yes,Owns,8,6,13,14,13,OUTPATIENT SERVICES (SURGERY),IN-NETWORK,PERCENT PLAN PAYS,80,100,95,90,95,3,5,high,high,RISK,4
0,0,0,0,Bonus,2909,Yes,Rents,3,4,5,14,13,OUTPATIENT SERVICES (SURGERY),IN-NETWORK,PERCENT PLAN PAYS,95,80,90,100,95,3,5,high,high,RISK,4
1,1,0,0,Bonus,2404,Yes,Owns,5,4,8,14,13,OUTPATIENT SERVICES (SURGERY),IN-NETWORK,PERCENT PLAN PAYS,100,80,90,95,95,3,5,high,high,RISK,4
1,0,1,1,Bonus,144,Yes,Owns,4,9,4,14,13,OUTPATIENT SERVICES (SURGERY),IN-NETWORK,PERCENT PLAN PAYS,90,80,95,100,95,3,5,high,high,RISK,4
1,0,1,0,Hourly,2250,No,Owns,4,7,9,14,13,OUTPATIENT SERVICES (SURGERY),IN-NETWORK,PERCENT PLAN PAYS,100,90,80,95,95,3,5,high,high,RISK,4
1,0,0,0,Hourly,4826,No,Owns,4,5,23,14,13,OUTPATIENT SERVICES (SURGERY),IN-NETWORK,PERCENT PLAN PAYS,95,100,90,80,95,3,5,high,high,RISK,4
1,1,0,0,Salaried,792,No,Owns,5,1,9,14,13,OUTPATIENT SERVICES (SURGERY),IN-NETWORK,PERCENT PLAN PAYS,95,80,100,90,95,3,5,high,high,RISK,4
0,1,0,0,Hourly,3429,No,Rents,8,8,6,14,13,OUTPATIENT SERVICES (SURGERY),IN-NETWORK,PERCENT PLAN PAYS,80,100,90,95,95,3,5,high,high,RISK,4
0,1,0,0,Hourly,1596,Yes,Owns,5,2,1,14,13,OUTPATIENT SERVICES (SURGERY),IN-NETWORK,PERCENT PLAN PAYS,90,100,95,80,95,3,5,high,high,RISK,4
1,1,1,0,Salaried,83,Yes,Owns,2,10,2,14,13,OUTPATIENT SERVICES (SURGERY),IN-NETWORK,PERCENT PLAN PAYS,90,95,100,80,95,3,5,high,high,RISK,4
1,1,0,1,Salaried,3601,No,Owns,1,4,3,14,13,OUTPATIENT SERVICES (SURGERY),IN-NETWORK,PERCENT PLAN PAYS,95,100,80,90,95,3,5,high,high,RISK,4
0,0,0,1,Bonus,861,No,Owns,8,2,25,14,13,OUTPATIENT SERVICES (SURGERY),IN-NETWORK,PERCENT PLAN PAYS,80,90,95,100,95,3,5,high,high,RISK,4
0,1,1,1,Salaried,2240,Yes,Rents,8,10,10,14,13,OUTPATIENT SERVICES (SURGERY),IN-NETWORK,PERCENT PLAN PAYS,95,80,90,100,95,3,5,high,high,RISK,4
0,0,0,0,Hourly,2384,No,Rents,1,7,6,14,13,OUTPATIENT SERVICES (SURGERY),IN-NETWORK,PERCENT PLAN PAYS,80,90,100,95,95,3,5,high,high,RISK,4
0,0,0,0,Bonus,2363,Yes,Rents,6,5,5,14,13,OUTPATIENT SERVICES (SURGERY),IN-NETWORK,PERCENT PLAN PAYS,95,90,80,100,95,3,5,high,high,RISK,4
0,0,1,0,Salaried,4539,No,Owns,3,10,8,14,13,OUTPATIENT SERVICES (SURGERY),IN-NETWORK,PERCENT PLAN PAYS,80,95,100,90,95,3,5,high,high,RISK,4
0,0,0,0,Bonus,489,No,Rents,3,0,4,14,13,OUTPATIENT SERVICES (SURGERY),IN-NETWORK,PERCENT PLAN PAYS,100,95,80,90,95,3,5,high,high,RISK,4
0,1,0,1,Bonus,4623,Yes,Owns,2,9,1,14,13,OUTPATIENT SERVICES (SURGERY),IN-NETWORK,PERCENT PLAN PAYS,90,80,95,100,95,3,5,high,high,RISK,4
0,0,0,0,Salaried,153,Yes,Owns,0,4,5,14,13,OUTPATIENT SERVICES (SURGERY),IN-NETWORK,PERCENT PLAN PAYS,90,100,80,95,95,3,5,high,high,RISK,4
0,1,1,0,Salaried,3954,No,Owns,1,1,2,14,13,OUTPATIENT SERVICES (SURGERY),IN-NETWORK,PERCENT PLAN PAYS,95,80,100,90,95,3,5,high,high,RISK,4
0,0,0,0,Salaried,4742,No,Rents,0,6,5,14,13,OUTPATIENT SERVICES (SURGERY),IN-NETWORK,PERCENT PLAN PAYS,95,80,90,100,95,3,5,high,high,RISK,4
0,0,0,0,Hourly,3289,No,Rents,8,1,13,14,13,OUTPATIENT SERVICES (SURGERY),IN-NETWORK,PERCENT PLAN PAYS,95,90,100,80,95,3,5,high,high,RISK,4
0,0,0,0,Bonus,3409,Yes,Rents,6,3,4,14,13,OUTPATIENT SERVICES (SURGERY),IN-NETWORK,PERCENT PLAN PAYS,80,100,95,90,95,3,5,high,high,RISK,4
0,0,1,0,Bonus,3179,No,Rents,2,2,0,14,13,OUTPATIENT SERVICES (SURGERY),IN-NETWORK,PERCENT PLAN PAYS,80,100,95,90,95,3,5,high,high,RISK,4
0,0,0,0,Bonus,4271,No,Rents,3,5,12,14,13,OUTPATIENT SERVICES (SURGERY),IN-NETWORK,PERCENT PLAN PAYS,100,80,95,90,95,3,5,high,high,RISK,4
0,0,0,0,Hourly,4605,Yes,Rents,4,6,13,14,13,OUTPATIENT SERVICES (SURGERY),IN-NETWORK,PERCENT PLAN PAYS,95,80,100,90,95,3,5,high,high,RISK,4
0,1,1,1,Salaried,3042,Yes,Rents,1,4,5,14,13,OUTPATIENT SERVICES (SURGERY),IN-NETWORK,PERCENT PLAN PAYS,95,90,100,80,95,3,5,high,high,RISK,4
0,1,1,0,Hourly,170,No,Rents,9,4,8,14,13,OUTPATIENT SERVICES (SURGERY),IN-NETWORK,PERCENT PLAN PAYS,80,100,95,90,95,3,5,high,high,RISK,4
0,0,0,1,Salaried,2062,No,Rents,2,9,4,14,13,OUTPATIENT SERVICES (SURGERY),IN-NETWORK,PERCENT PLAN PAYS,90,80,95,100,95,3,5,high,high,RISK,4
1,0,1,1,Bonus,1962,No,Rents,0,7,9,14,13,OUTPATIENT SERVICES (SURGERY),IN-NETWORK,PERCENT PLAN PAYS,80,95,100,90,95,3,5,high,high,RISK,4
0,0,0,0,Bonus,1006,No,Owns,5,5,23,14,13,OUTPATIENT SERVICES (SURGERY),IN-NETWORK,PERCENT PLAN PAYS,90,100,80,95,95,3,5,high,high,RISK,4
0,1,0,1,Salaried,4555,No,Rents,2,1,9,14,13,OUTPATIENT SERVICES (SURGERY),IN-NETWORK,PERCENT PLAN PAYS,100,90,80,95,95,3,5,high,high,RISK,4
1,0,1,0,Bonus,458,No,Rents,4,8,6,14,13,OUTPATIENT SERVICES (SURGERY),IN-NETWORK,PERCENT PLAN PAYS,80,90,95,100,95,3,5,high,high,RISK,4
1,0,1,0,Hourly,1593,No,Owns,0,2,1,14,13,OUTPATIENT SERVICES (SURGERY),IN-NETWORK,PERCENT PLAN PAYS,80,100,90,95,95,3,5,high,high,RISK,4
0,1,0,0,Hourly,4519,Yes,Owns,4,10,2,14,13,OUTPATIENT SERVICES (SURGERY),IN-NETWORK,PERCENT PLAN PAYS,90,80,100,95,95,3,5,high,high,RISK,4
0,1,0,0,Bonus,2639,No,Rents,0,4,3,14,13,OUTPATIENT SERVICES (SURGERY),IN-NETWORK,PERCENT PLAN PAYS,100,80,95,90,95,3,5,high,high,RISK,4
0,0,1,0,Hourly,2563,Yes,Rents,8,2,25,14,13,OUTPATIENT SERVICES (SURGERY),IN-NETWORK,PERCENT PLAN PAYS,90,80,100,95,95,3,5,high,high,RISK,4
0,0,1,1,Bonus,2810,Yes,Owns,8,10,10,14,13,OUTPATIENT SERVICES (SURGERY),IN-NETWORK,PERCENT PLAN PAYS,80,90,95,100,95,3,5,high,high,RISK,4
0,0,0,1,Hourly,2954,Yes,Owns,10,7,6,14,13,OUTPATIENT SERVICES (SURGERY),IN-NETWORK,PERCENT PLAN PAYS,100,90,95,80,95,3,5,high,high,RISK,4
0,0,1,0,Hourly,2299,Yes,Owns,6,5,5,14,13,OUTPATIENT SERVICES (SURGERY),IN-NETWORK,PERCENT PLAN PAYS,95,100,90,80,95,3,5,high,high,RISK,4
0,0,1,1,Hourly,1155,No,Rents,1,10,8,14,13,OUTPATIENT SERVICES (SURGERY),IN-NETWORK,PERCENT PLAN PAYS,90,100,95,80,95,3,5,high,high,RISK,4
1,0,1,0,Bonus,1856,Yes,Rents,7,0,4,14,13,OUTPATIENT SERVICES (SURGERY),IN-NETWORK,PERCENT PLAN PAYS,100,90,95,80,95,3,5,high,high,RISK,4
1,1,0,0,Salaried,3352,Yes,Rents,1,9,1,14,13,OUTPATIENT SERVICES (SURGERY),IN-NETWORK,PERCENT PLAN PAYS,100,90,95,80,95,3,5,high,high,RISK,4
1,0,0,0,Hourly,3735,Yes,Owns,8,4,5,14,13,OUTPATIENT SERVICES (SURGERY),IN-NETWORK,PERCENT PLAN PAYS,80,90,95,100,95,3,5,high,high,RISK,4
1,0,0,1,Salaried,1125,Yes,Rents,1,1,2,14,13,OUTPATIENT SERVICES (SURGERY),IN-NETWORK,PERCENT PLAN PAYS,100,80,95,90,95,3,5,high,high,RISK,4
1,0,1,0,Bonus,4695,No,Owns,0,6,5,14,13,OUTPATIENT SERVICES (SURGERY),IN-NETWORK,PERCENT PLAN PAYS,90,95,100,80,95,3,5,high,high,RISK,4
0,0,0,1,Salaried,1210,No,Rents,9,1,13,14,13,OUTPATIENT SERVICES (SURGERY),IN-NETWORK,PERCENT PLAN PAYS,90,100,80,95,95,3,5,high,high,RISK,4
1,1,1,0,Bonus,3149,No,Owns,1,3,4,14,13,OUTPATIENT SERVICES (SURGERY),IN-NETWORK,PERCENT PLAN PAYS,90,80,100,95,95,3,5,high,high,RISK,4
1,0,0,0,Bonus,3757,No,Rents,1,2,0,14,13,OUTPATIENT SERVICES (SURGERY),IN-NETWORK,PERCENT PLAN PAYS,80,100,95,90,95,3,5,high,high,RISK,4
1,0,1,1,Salaried,4038,Yes,Rents,5,5,12,14,13,OUTPATIENT SERVICES (SURGERY),IN-NETWORK,PERCENT PLAN PAYS,95,100,80,90,95,3,5,high,high,RISK,4
0,0,0,1,Bonus,381,No,Owns,2,6,13,14,13,OUTPATIENT SERVICES (SURGERY),IN-NETWORK,PERCENT PLAN PAYS,90,95,80,100,95,3,5,high,high,RISK,4
0,0,0,0,Hourly,2879,Yes,Rents,9,4,5,14,13,OUTPATIENT SERVICES (SURGERY),IN-NETWORK,PERCENT PLAN PAYS,100,95,90,80,95,3,5,high,high,RISK,4
0,1,0,0,Hourly,2246,No,Owns,9,4,8,14,13,OUTPATIENT SERVICES (SURGERY),IN-NETWORK,PERCENT PLAN PAYS,100,80,95,90,95,3,5,high,high,RISK,4
0,1,0,0,Hourly,3337,No,Rents,1,9,4,14,13,OUTPATIENT SERVICES (SURGERY),IN-NETWORK,PERCENT PLAN PAYS,95,80,90,100,95,3,5,high,high,RISK,4
1,0,0,0,Hourly,874,No,Owns,9,7,9,14,13,OUTPATIENT SERVICES (SURGERY),IN-NETWORK,PERCENT PLAN PAYS,100,80,90,95,95,3,5,high,high,RISK,4
0,1,0,0,Hourly,4470,Yes,Owns,0,5,23,14,13,OUTPATIENT SERVICES (SURGERY),IN-NETWORK,PERCENT PLAN PAYS,95,80,100,90,95,3,5,high,high,RISK,4
1,0,1,0,Hourly,3252,Yes,Owns,4,1,9,14,13,OUTPATIENT SERVICES (SURGERY),IN-NETWORK,PERCENT PLAN PAYS,95,100,80,90,95,3,5,high,high,RISK,4
0,1,0,0,Hourly,176,Yes,Rents,3,8,6,14,13,OUTPATIENT SERVICES (SURGERY),IN-NETWORK,PERCENT PLAN PAYS,90,100,80,95,95,3,5,high,high,RISK,4
0,0,1,0,Hourly,3681,Yes,Owns,1,2,1,14,13,OUTPATIENT SERVICES (SURGERY),IN-NETWORK,PERCENT PLAN PAYS,100,90,80,95,95,3,5,high,high,RISK,4
0,1,1,1,Hourly,1019,Yes,Owns,8,10,2,14,13,OUTPATIENT SERVICES (SURGERY),IN-NETWORK,PERCENT PLAN PAYS,95,100,90,80,95,3,5,high,high,RISK,4
0,1,1,0,Bonus,4493,Yes,Owns,10,4,3,14,13,OUTPATIENT SERVICES (SURGERY),IN-NETWORK,PERCENT PLAN PAYS,100,80,90,95,95,3,5,high,high,RISK,4
0,1,1,0,Salaried,1012,Yes,Owns,8,2,25,14,13,OUTPATIENT SERVICES (SURGERY),IN-NETWORK,PERCENT PLAN PAYS,100,80,90,95,95,3,5,high,high,RISK,4
0,0,0,0,Bonus,1248,Yes,Rents,1,10,10,14,13,OUTPATIENT SERVICES (SURGERY),IN-NETWORK,PERCENT PLAN PAYS,90,80,95,100,95,3,5,high,high,RISK,4
0,0,0,0,Salaried,1214,No,Owns,1,7,6,14,13,OUTPATIENT SERVICES (SURGERY),IN-NETWORK,PERCENT PLAN PAYS,100,80,95,90,95,3,5,high,high,RISK,4
1,0,0,0,Salaried,2852,Yes,Rents,1,5,5,14,13,OUTPATIENT SERVICES (SURGERY),IN-NETWORK,PERCENT PLAN PAYS,80,95,100,90,95,3,5,high,high,RISK,4
0,0,0,0,Bonus,1440,Yes,Owns,4,10,8,14,13,OUTPATIENT SERVICES (SURGERY),IN-NETWORK,PERCENT PLAN PAYS,90,100,95,80,95,3,5,high,high,RISK,4
1,0,1,0,Bonus,2951,No,Owns,4,0,4,14,13,OUTPATIENT SERVICES (SURGERY),IN-NETWORK,PERCENT PLAN PAYS,80,90,100,95,95,3,5,high,high,RISK,4
2,1,0,2,Salaried,4377,No,Rents,10,19,27,14,14,OUTPATIENT SERVICES (SURGERY),IN-NETWORK,PERCENT PLAN PAYS,80,90,100,95,95,3,10,high,high,RISK,4
0,1,1,0,Salaried,1919,No,Owns,10,15,31,14,14,OUTPATIENT SERVICES (SURGERY),IN-NETWORK,PERCENT PLAN PAYS,95,100,80,90,95,3,10,high,high,RISK,4
1,1,0,0,Salaried,4671,Yes,Rents,15,12,28,14,14,OUTPATIENT SERVICES (SURGERY),IN-NETWORK,PERCENT PLAN PAYS,80,95,90,100,95,3,10,high,high,RISK,4
2,1,0,0,Bonus,1139,No,Owns,13,16,31,14,14,OUTPATIENT SERVICES (SURGERY),IN-NETWORK,PERCENT PLAN PAYS,100,90,80,95,95,3,10,high,high,RISK,4
1,1,2,1,Bonus,3085,No,Rents,9,12,39,14,14,OUTPATIENT SERVICES (SURGERY),IN-NETWORK,PERCENT PLAN PAYS,95,90,80,100,95,3,10,high,high,RISK,4
0,1,2,0,Salaried,912,Yes,Rents,16,14,30,14,14,OUTPATIENT SERVICES (SURGERY),IN-NETWORK,PERCENT PLAN PAYS,100,80,90,95,95,3,10,high,high,RISK,4
1,0,2,1,Hourly,3561,Yes,Owns,12,13,26,14,14,OUTPATIENT SERVICES (SURGERY),IN-NETWORK,PERCENT PLAN PAYS,80,90,100,95,95,3,10,high,high,RISK,4
1,2,0,0,Hourly,4350,No,Rents,7,16,37,14,14,OUTPATIENT SERVICES (SURGERY),IN-NETWORK,PERCENT PLAN PAYS,95,100,90,80,95,3,10,high,high,RISK,4
2,2,1,2,Salaried,3664,No,Owns,7,16,39,14,14,OUTPATIENT SERVICES (SURGERY),IN-NETWORK,PERCENT PLAN PAYS,90,95,100,80,95,3,10,high,high,RISK,4
0,0,0,1,Bonus,1972,Yes,Owns,17,14,30,14,14,OUTPATIENT SERVICES (SURGERY),IN-NETWORK,PERCENT PLAN PAYS,90,80,100,95,95,3,10,high,high,RISK,4
1,0,2,2,Salaried,1235,Yes,Rents,14,14,34,14,14,OUTPATIENT SERVICES (SURGERY),IN-NETWORK,PERCENT PLAN PAYS,80,95,90,100,95,3,10,high,high,RISK,4
0,2,0,1,Bonus,2294,Yes,Owns,10,19,30,14,14,OUTPATIENT SERVICES (SURGERY),IN-NETWORK,PERCENT PLAN PAYS,95,100,90,80,95,3,10,high,high,RISK,4
0,1,2,0,Salaried,4592,Yes,Rents,16,17,35,14,14,OUTPATIENT SERVICES (SURGERY),IN-NETWORK,PERCENT PLAN PAYS,100,95,80,90,95,3,10,high,high,RISK,4
0,0,1,1,Hourly,2183,Yes,Owns,6,15,48,14,14,OUTPATIENT SERVICES (SURGERY),IN-NETWORK,PERCENT PLAN PAYS,80,95,90,100,95,3,10,high,high,RISK,4
1,1,2,1,Salaried,1622,Yes,Rents,8,12,35,14,14,OUTPATIENT SERVICES (SURGERY),IN-NETWORK,PERCENT PLAN PAYS,100,90,95,80,95,3,10,high,high,RISK,4
1,2,1,2,Salaried,4259,Yes,Rents,6,18,32,14,14,OUTPATIENT SERVICES (SURGERY),IN-NETWORK,PERCENT PLAN PAYS,90,100,80,95,95,3,10,high,high,RISK,4
2,1,1,2,Salaried,4138,No,Owns,17,13,27,14,14,OUTPATIENT SERVICES (SURGERY),IN-NETWORK,PERCENT PLAN PAYS,95,80,100,90,95,3,10,high,high,RISK,4
2,0,1,2,Bonus,2742,No,Owns,17,20,28,14,14,OUTPATIENT SERVICES (SURGERY),IN-NETWORK,PERCENT PLAN PAYS,80,90,100,95,95,3,10,high,high,RISK,4
1,1,0,2,Bonus,4027,Yes,Rents,8,14,29,14,14,OUTPATIENT SERVICES (SURGERY),IN-NETWORK,PERCENT PLAN PAYS,80,100,90,95,95,3,10,high,high,RISK,4
1,1,0,0,Bonus,3643,No,Rents,16,13,50,14,14,OUTPATIENT SERVICES (SURGERY),IN-NETWORK,PERCENT PLAN PAYS,100,80,90,95,95,3,10,high,high,RISK,4
1,0,2,0,Salaried,1855,No,Rents,17,20,35,14,14,OUTPATIENT SERVICES (SURGERY),IN-NETWORK,PERCENT PLAN PAYS,80,100,90,95,95,3,10,high,high,RISK,4
1,2,0,1,Bonus,4199,No,Owns,14,17,32,14,14,OUTPATIENT SERVICES (SURGERY),IN-NETWORK,PERCENT PLAN PAYS,90,95,100,80,95,3,10,high,high,RISK,4
0,2,1,0,Salaried,358,No,Rents,12,16,31,14,14,OUTPATIENT SERVICES (SURGERY),IN-NETWORK,PERCENT PLAN PAYS,100,95,80,90,95,3,10,high,high,RISK,4
1,1,1,1,Salaried,2175,No,Owns,16,20,34,14,14,OUTPATIENT SERVICES (SURGERY),IN-NETWORK,PERCENT PLAN PAYS,90,100,95,80,95,3,10,high,high,RISK,4
1,1,0,0,Bonus,2804,No,Owns,11,11,30,14,14,OUTPATIENT SERVICES (SURGERY),IN-NETWORK,PERCENT PLAN PAYS,95,100,90,80,95,3,10,high,high,RISK,4
2,1,2,1,Bonus,2793,Yes,Owns,17,19,27,14,14,OUTPATIENT SERVICES (SURGERY),IN-NETWORK,PERCENT PLAN PAYS,100,95,90,80,95,3,10,high,high,RISK,4
2,0,2,0,Salaried,1366,No,Owns,14,15,31,14,14,OUTPATIENT SERVICES (SURGERY),IN-NETWORK,PERCENT PLAN PAYS,100,95,80,90,95,3,10,high,high,RISK,4
0,1,1,2,Salaried,3990,No,Rents,13,12,28,14,14,OUTPATIENT SERVICES (SURGERY),IN-NETWORK,PERCENT PLAN PAYS,80,100,95,90,95,3,10,high,high,RISK,4
1,2,0,0,Hourly,1178,No,Owns,5,12,39,14,14,OUTPATIENT SERVICES (SURGERY),IN-NETWORK,PERCENT PLAN PAYS,95,90,80,100,95,3,10,high,high,RISK,4
1,1,0,0,Hourly,2665,No,Rents,8,14,30,14,14,OUTPATIENT SERVICES (SURGERY),IN-NETWORK,PERCENT PLAN PAYS,80,95,90,100,95,3,10,high,high,RISK,4
1,1,2,0,Hourly,4144,No,Owns,9,13,26,14,14,OUTPATIENT SERVICES (SURGERY),IN-NETWORK,PERCENT PLAN PAYS,100,90,95,80,95,3,10,high,high,RISK,4
1,1,2,0,Hourly,2547,Yes,Owns,14,16,37,14,14,OUTPATIENT SERVICES (SURGERY),IN-NETWORK,PERCENT PLAN PAYS,80,90,95,100,95,3,10,high,high,RISK,4
1,1,1,0,Hourly,152,Yes,Owns,15,16,39,14,14,OUTPATIENT SERVICES (SURGERY),IN-NETWORK,PERCENT PLAN PAYS,90,100,80,95,95,3,10,high,high,RISK,4
0,0,0,0,Bonus,2909,Yes,Rents,9,14,30,14,14,OUTPATIENT SERVICES (SURGERY),IN-NETWORK,PERCENT PLAN PAYS,90,80,95,100,95,3,10,high,high,RISK,4
2,2,1,1,Bonus,2404,Yes,Owns,11,14,34,14,14,OUTPATIENT SERVICES (SURGERY),IN-NETWORK,PERCENT PLAN PAYS,90,80,100,95,95,3,10,high,high,RISK,4
2,0,1,2,Bonus,144,Yes,Owns,10,19,30,14,14,OUTPATIENT SERVICES (SURGERY),IN-NETWORK,PERCENT PLAN PAYS,95,90,80,100,95,3,10,high,high,RISK,4
2,0,1,0,Hourly,2250,No,Owns,11,17,35,14,14,OUTPATIENT SERVICES (SURGERY),IN-NETWORK,PERCENT PLAN PAYS,90,80,95,100,95,3,10,high,high,RISK,4
2,0,0,0,Hourly,4826,No,Owns,10,15,48,14,14,OUTPATIENT SERVICES (SURGERY),IN-NETWORK,PERCENT PLAN PAYS,100,95,90,80,95,3,10,high,high,RISK,4
1,1,0,0,Salaried,792,No,Owns,12,12,35,14,14,OUTPATIENT SERVICES (SURGERY),IN-NETWORK,PERCENT PLAN PAYS,100,90,95,80,95,3,10,high,high,RISK,4
0,2,0,1,Hourly,3429,No,Rents,15,18,32,14,14,OUTPATIENT SERVICES (SURGERY),IN-NETWORK,PERCENT PLAN PAYS,80,90,95,100,95,3,10,high,high,RISK,4
0,2,0,1,Hourly,1596,Yes,Owns,11,13,27,14,14,OUTPATIENT SERVICES (SURGERY),IN-NETWORK,PERCENT PLAN PAYS,100,95,90,80,95,3,10,high,high,RISK,4
1,1,2,0,Salaried,83,Yes,Owns,7,20,28,14,14,OUTPATIENT SERVICES (SURGERY),IN-NETWORK,PERCENT PLAN PAYS,90,80,95,100,95,3,10,high,high,RISK,4
1,2,0,2,Salaried,3601,No,Owns,6,14,29,14,14,OUTPATIENT SERVICES (SURGERY),IN-NETWORK,PERCENT PLAN PAYS,95,100,90,80,95,3,10,high,high,RISK,4
1,1,0,1,Bonus,861,No,Owns,15,13,50,14,14,OUTPATIENT SERVICES (SURGERY),IN-NETWORK,PERCENT PLAN PAYS,100,95,80,90,95,3,10,high,high,RISK,4
0,2,2,2,Salaried,2240,Yes,Rents,15,20,35,14,14,OUTPATIENT SERVICES (SURGERY),IN-NETWORK,PERCENT PLAN PAYS,95,100,80,90,95,3,10,high,high,RISK,4
1,0,0,0,Hourly,2384,No,Rents,6,17,32,14,14,OUTPATIENT SERVICES (SURGERY),IN-NETWORK,PERCENT PLAN PAYS,80,100,90,95,95,3,10,high,high,RISK,4
0,0,0,0,Bonus,2363,Yes,Rents,12,16,31,14,14,OUTPATIENT SERVICES (SURGERY),IN-NETWORK,PERCENT PLAN PAYS,95,80,90,100,95,3,10,high,high,RISK,4
1,1,2,0,Salaried,4539,No,Owns,10,20,34,14,14,OUTPATIENT SERVICES (SURGERY),IN-NETWORK,PERCENT PLAN PAYS,95,80,90,100,95,3,10,high,high,RISK,4
1,1,0,0,Bonus,489,No,Rents,9,11,30,14,14,OUTPATIENT SERVICES (SURGERY),IN-NETWORK,PERCENT PLAN PAYS,80,95,90,100,95,3,10,high,high,RISK,4
1,2,0,2,Bonus,4623,Yes,Owns,7,19,27,14,14,OUTPATIENT SERVICES (SURGERY),IN-NETWORK,PERCENT PLAN PAYS,95,100,90,80,95,3,10,high,high,RISK,4
1,0,0,0,Salaried,153,Yes,Owns,5,15,31,14,14,OUTPATIENT SERVICES (SURGERY),IN-NETWORK,PERCENT PLAN PAYS,80,90,95,100,95,3,10,high,high,RISK,4
0,2,2,1,Salaried,3954,No,Owns,6,12,28,14,14,OUTPATIENT SERVICES (SURGERY),IN-NETWORK,PERCENT PLAN PAYS,95,100,80,90,95,3,10,high,high,RISK,4
0,1,0,0,Salaried,4742,No,Rents,5,16,31,14,14,OUTPATIENT SERVICES (SURGERY),IN-NETWORK,PERCENT PLAN PAYS,80,95,100,90,95,3,10,high,high,RISK,4
0,0,0,1,Hourly,3289,No,Rents,15,12,39,14,14,OUTPATIENT SERVICES (SURGERY),IN-NETWORK,PERCENT PLAN PAYS,95,100,80,90,95,3,10,high,high,RISK,4
0,0,1,1,Bonus,3409,Yes,Rents,13,14,30,14,14,OUTPATIENT SERVICES (SURGERY),IN-NETWORK,PERCENT PLAN PAYS,100,90,95,80,95,3,10,high,high,RISK,4
0,0,0,1,Bonus,4271,No,Rents,9,16,37,14,14,OUTPATIENT SERVICES (SURGERY),IN-NETWORK,PERCENT PLAN PAYS,90,95,80,100,95,3,10,high,high,RISK,4
0,0,0,0,Hourly,4605,Yes,Rents,10,16,39,14,14,OUTPATIENT SERVICES (SURGERY),IN-NETWORK,PERCENT PLAN PAYS,100,90,80,95,95,3,10,high,high,RISK,4
0,2,2,2,Salaried,3042,Yes,Rents,6,14,30,14,14,OUTPATIENT SERVICES (SURGERY),IN-NETWORK,PERCENT PLAN PAYS,100,80,95,90,95,3,10,high,high,RISK,4
0,2,2,0,Hourly,170,No,Rents,16,14,34,14,14,OUTPATIENT SERVICES (SURGERY),IN-NETWORK,PERCENT PLAN PAYS,90,80,95,100,95,3,10,high,high,RISK,4
0,1,0,2,Salaried,2062,No,Rents,7,19,30,14,14,OUTPATIENT SERVICES (SURGERY),IN-NETWORK,PERCENT PLAN PAYS,80,95,100,90,95,3,10,high,high,RISK,4
1,1,2,2,Bonus,1962,No,Rents,5,17,35,14,14,OUTPATIENT SERVICES (SURGERY),IN-NETWORK,PERCENT PLAN PAYS,100,90,95,80,95,3,10,high,high,RISK,4
0,0,0,0,Bonus,1006,No,Owns,11,15,48,14,14,OUTPATIENT SERVICES (SURGERY),IN-NETWORK,PERCENT PLAN PAYS,90,80,95,100,95,3,10,high,high,RISK,4
0,2,1,2,Salaried,4555,No,Rents,8,12,35,14,14,OUTPATIENT SERVICES (SURGERY),IN-NETWORK,PERCENT PLAN PAYS,95,80,100,90,95,3,10,high,high,RISK,4
2,1,1,0,Bonus,458,No,Rents,10,18,32,14,14,OUTPATIENT SERVICES (SURGERY),IN-NETWORK,PERCENT PLAN PAYS,90,80,100,95,95,3,10,high,high,RISK,4
2,0,2,1,Hourly,1593,No,Owns,5,13,27,14,14,OUTPATIENT SERVICES (SURGERY),IN-NETWORK,PERCENT PLAN PAYS,95,80,90,100,95,3,10,high,high,RISK,4
0,2,0,1,Hourly,4519,Yes,Owns,11,20,28,14,14,OUTPATIENT SERVICES (SURGERY),IN-NETWORK,PERCENT PLAN PAYS,80,90,95,100,95,3,10,high,high,RISK,4
0,1,0,0,Bonus,2639,No,Rents,5,14,29,14,14,OUTPATIENT SERVICES (SURGERY),IN-NETWORK,PERCENT PLAN PAYS,90,95,80,100,95,3,10,high,high,RISK,4
0,0,2,1,Hourly,2563,Yes,Rents,15,13,50,14,14,OUTPATIENT SERVICES (SURGERY),IN-NETWORK,PERCENT PLAN PAYS,90,80,100,95,95,3,10,high,high,RISK,4
0,1,2,1,Bonus,2810,Yes,Owns,15,20,35,14,14,OUTPATIENT SERVICES (SURGERY),IN-NETWORK,PERCENT PLAN PAYS,90,95,80,100,95,3,10,high,high,RISK,4
1,1,0,1,Hourly,2954,Yes,Owns,18,17,32,14,14,OUTPATIENT SERVICES (SURGERY),IN-NETWORK,PERCENT PLAN PAYS,90,100,95,80,95,3,10,high,high,RISK,4
1,0,2,0,Hourly,2299,Yes,Owns,13,16,31,14,14,OUTPATIENT SERVICES (SURGERY),IN-NETWORK,PERCENT PLAN PAYS,90,95,100,80,95,3,10,high,high,RISK,4
0,0,1,2,Hourly,1155,No,Rents,6,20,34,14,14,OUTPATIENT SERVICES (SURGERY),IN-NETWORK,PERCENT PLAN PAYS,80,100,90,95,95,3,10,high,high,RISK,4
1,0,2,0,Bonus,1856,Yes,Rents,14,11,30,14,14,OUTPATIENT SERVICES (SURGERY),IN-NETWORK,PERCENT PLAN PAYS,95,100,90,80,95,3,10,high,high,RISK,4
2,1,1,0,Salaried,3352,Yes,Rents,6,19,27,14,14,OUTPATIENT SERVICES (SURGERY),IN-NETWORK,PERCENT PLAN PAYS,95,100,90,80,95,3,10,high,high,RISK,4
2,0,0,1,Hourly,3735,Yes,Owns,15,15,31,14,14,OUTPATIENT SERVICES (SURGERY),IN-NETWORK,PERCENT PLAN PAYS,90,80,100,95,95,3,10,high,high,RISK,4
2,1,0,2,Salaried,1125,Yes,Rents,6,12,28,14,14,OUTPATIENT SERVICES (SURGERY),IN-NETWORK,PERCENT PLAN PAYS,80,95,100,90,95,3,10,high,high,RISK,4
2,0,1,0,Bonus,4695,No,Owns,5,16,31,14,14,OUTPATIENT SERVICES (SURGERY),IN-NETWORK,PERCENT PLAN PAYS,95,80,100,90,95,3,10,high,high,RISK,4
1,1,1,1,Salaried,1210,No,Rents,17,12,39,14,14,OUTPATIENT SERVICES (SURGERY),IN-NETWORK,PERCENT PLAN PAYS,100,95,80,90,95,3,10,high,high,RISK,4
1,2,1,0,Bonus,3149,No,Owns,6,14,30,14,14,OUTPATIENT SERVICES (SURGERY),IN-NETWORK,PERCENT PLAN PAYS,100,95,90,80,95,3,10,high,high,RISK,4
1,1,1,1,Bonus,3757,No,Rents,6,13,26,14,14,OUTPATIENT SERVICES (SURGERY),IN-NETWORK,PERCENT PLAN PAYS,80,90,95,100,95,3,10,high,high,RISK,4
1,0,2,1,Salaried,4038,Yes,Rents,12,16,37,14,14,OUTPATIENT SERVICES (SURGERY),IN-NETWORK,PERCENT PLAN PAYS,100,80,95,90,95,3,10,high,high,RISK,4
0,0,0,2,Bonus,381,No,Owns,8,16,39,14,14,OUTPATIENT SERVICES (SURGERY),IN-NETWORK,PERCENT PLAN PAYS,100,90,80,95,95,3,10,high,high,RISK,4
0,0,1,1,Hourly,2879,Yes,Rents,16,14,30,14,14,OUTPATIENT SERVICES (SURGERY),IN-NETWORK,PERCENT PLAN PAYS,90,80,95,100,95,3,10,high,high,RISK,4
1,2,0,0,Hourly,2246,No,Owns,17,14,34,14,14,OUTPATIENT SERVICES (SURGERY),IN-NETWORK,PERCENT PLAN PAYS,100,90,80,95,95,3,10,high,high,RISK,4
0,2,1,0,Hourly,3337,No,Rents,7,19,30,14,14,OUTPATIENT SERVICES (SURGERY),IN-NETWORK,PERCENT PLAN PAYS,100,90,95,80,95,3,10,high,high,RISK,4
1,1,1,1,Hourly,874,No,Owns,17,17,35,14,14,OUTPATIENT SERVICES (SURGERY),IN-NETWORK,PERCENT PLAN PAYS,100,90,95,80,95,3,10,high,high,RISK,4
0,1,0,0,Hourly,4470,Yes,Owns,6,15,48,14,14,OUTPATIENT SERVICES (SURGERY),IN-NETWORK,PERCENT PLAN PAYS,95,80,100,90,95,3,10,high,high,RISK,4
2,0,1,1,Hourly,3252,Yes,Owns,10,12,35,14,14,OUTPATIENT SERVICES (SURGERY),IN-NETWORK,PERCENT PLAN PAYS,80,90,100,95,95,3,10,high,high,RISK,4
0,2,0,1,Hourly,176,Yes,Rents,9,18,32,14,14,OUTPATIENT SERVICES (SURGERY),IN-NETWORK,PERCENT PLAN PAYS,90,95,80,100,95,3,10,high,high,RISK,4
1,0,2,0,Hourly,3681,Yes,Owns,6,13,27,14,14,OUTPATIENT SERVICES (SURGERY),IN-NETWORK,PERCENT PLAN PAYS,100,95,80,90,95,3,10,high,high,RISK,4
1,2,1,1,Bonus,4493,Yes,Owns,18,14,29,14,14,OUTPATIENT SERVICES (SURGERY),IN-NETWORK,PERCENT PLAN PAYS,90,100,95,80,95,3,10,high,high,RISK,4
1,2,2,0,Salaried,1012,Yes,Owns,15,13,50,14,14,OUTPATIENT SERVICES (SURGERY),IN-NETWORK,PERCENT PLAN PAYS,95,100,80,90,95,3,10,high,high,RISK,4
0,0,1,1,Bonus,1248,Yes,Rents,7,20,35,14,14,OUTPATIENT SERVICES (SURGERY),IN-NETWORK,PERCENT PLAN PAYS,80,100,95,90,95,3,10,high,high,RISK,4
0,0,1,0,Salaried,1214,No,Owns,6,17,32,14,14,OUTPATIENT SERVICES (SURGERY),IN-NETWORK,PERCENT PLAN PAYS,90,100,80,95,95,3,10,high,high,RISK,4
1,0,1,0,Salaried,2852,Yes,Rents,6,16,31,14,14,OUTPATIENT SERVICES (SURGERY),IN-NETWORK,PERCENT PLAN PAYS,100,95,80,90,95,3,10,high,high,RISK,4
1,0,0,0,Bonus,1440,Yes,Owns,10,20,34,14,14,OUTPATIENT SERVICES (SURGERY),IN-NETWORK,PERCENT PLAN PAYS,80,100,90,95,95,3,10,high,high,RISK,4
1,0,1,0,Bonus,2951,No,Owns,11,11,30,14,14,OUTPATIENT SERVICES (SURGERY),IN-NETWORK,PERCENT PLAN PAYS,100,90,95,80,95,3,10,high,high,RISK,4
3,2,1,3,Salaried,4377,No,Rents,24,48,52,14,15,OUTPATIENT SERVICES (SURGERY),IN-NETWORK,PERCENT PLAN PAYS,100,95,80,90,100,4,20,high,high,RISK,4
1,1,2,1,Salaried,1919,No,Owns,25,33,56,14,15,OUTPATIENT SERVICES (SURGERY),IN-NETWORK,PERCENT PLAN PAYS,95,80,100,90,100,4,20,high,high,RISK,4
2,2,1,1,Salaried,4671,Yes,Rents,33,23,53,14,15,OUTPATIENT SERVICES (SURGERY),IN-NETWORK,PERCENT PLAN PAYS,90,100,95,80,100,4,20,high,high,RISK,4
3,2,1,1,Bonus,1139,No,Owns,29,38,56,14,15,OUTPATIENT SERVICES (SURGERY),IN-NETWORK,PERCENT PLAN PAYS,80,100,90,95,100,4,20,high,high,RISK,4
1,2,3,2,Bonus,3085,No,Rents,23,24,64,14,15,OUTPATIENT SERVICES (SURGERY),IN-NETWORK,PERCENT PLAN PAYS,95,100,80,90,100,4,20,high,high,RISK,4
1,2,3,1,Salaried,912,Yes,Rents,37,29,55,14,15,OUTPATIENT SERVICES (SURGERY),IN-NETWORK,PERCENT PLAN PAYS,80,90,95,100,100,4,20,high,high,RISK,4
2,1,3,2,Hourly,3561,Yes,Owns,28,26,51,14,15,OUTPATIENT SERVICES (SURGERY),IN-NETWORK,PERCENT PLAN PAYS,100,95,80,90,100,4,20,high,high,RISK,4
2,3,1,1,Hourly,4350,No,Rents,19,36,62,14,15,OUTPATIENT SERVICES (SURGERY),IN-NETWORK,PERCENT PLAN PAYS,90,95,80,100,100,4,20,high,high,RISK,4
3,3,2,3,Salaried,3664,No,Owns,18,38,64,14,15,OUTPATIENT SERVICES (SURGERY),IN-NETWORK,PERCENT PLAN PAYS,80,95,100,90,100,4,20,high,high,RISK,4
1,1,1,1,Bonus,1972,Yes,Owns,38,31,55,14,15,OUTPATIENT SERVICES (SURGERY),IN-NETWORK,PERCENT PLAN PAYS,95,90,100,80,100,4,20,high,high,RISK,4
1,1,3,3,Salaried,1235,Yes,Rents,32,31,59,14,15,OUTPATIENT SERVICES (SURGERY),IN-NETWORK,PERCENT PLAN PAYS,100,90,95,80,100,4,20,high,high,RISK,4
1,3,1,2,Bonus,2294,Yes,Owns,25,47,55,14,15,OUTPATIENT SERVICES (SURGERY),IN-NETWORK,PERCENT PLAN PAYS,90,80,95,100,100,4,20,high,high,RISK,4
1,2,3,1,Salaried,4592,Yes,Rents,37,41,60,14,15,OUTPATIENT SERVICES (SURGERY),IN-NETWORK,PERCENT PLAN PAYS,90,100,80,95,100,4,20,high,high,RISK,4
1,1,1,2,Hourly,2183,Yes,Owns,16,35,73,14,15,OUTPATIENT SERVICES (SURGERY),IN-NETWORK,PERCENT PLAN PAYS,80,100,90,95,100,4,20,high,high,RISK,4
2,2,3,2,Salaried,1622,Yes,Rents,21,24,60,14,15,OUTPATIENT SERVICES (SURGERY),IN-NETWORK,PERCENT PLAN PAYS,90,100,95,80,100,4,20,high,high,RISK,4
2,3,1,3,Salaried,4259,Yes,Rents,17,43,57,14,15,OUTPATIENT SERVICES (SURGERY),IN-NETWORK,PERCENT PLAN PAYS,80,100,90,95,100,4,20,high,high,RISK,4
3,2,2,3,Salaried,4138,No,Owns,37,25,52,14,15,OUTPATIENT SERVICES (SURGERY),IN-NETWORK,PERCENT PLAN PAYS,100,80,90,95,100,4,20,high,high,RISK,4
3,1,2,3,Bonus,2742,No,Owns,39,50,53,14,15,OUTPATIENT SERVICES (SURGERY),IN-NETWORK,PERCENT PLAN PAYS,95,80,100,90,100,4,20,high,high,RISK,4
1,1,1,3,Bonus,4027,Yes,Rents,21,31,54,14,15,OUTPATIENT SERVICES (SURGERY),IN-NETWORK,PERCENT PLAN PAYS,90,80,95,100,100,4,20,high,high,RISK,4
2,2,1,1,Bonus,3643,No,Rents,35,26,75,14,15,OUTPATIENT SERVICES (SURGERY),IN-NETWORK,PERCENT PLAN PAYS,90,100,80,95,100,4,20,high,high,RISK,4
2,1,3,1,Salaried,1855,No,Rents,39,49,60,14,15,OUTPATIENT SERVICES (SURGERY),IN-NETWORK,PERCENT PLAN PAYS,95,100,90,80,100,4,20,high,high,RISK,4
1,3,1,1,Bonus,4199,No,Owns,33,40,57,14,15,OUTPATIENT SERVICES (SURGERY),IN-NETWORK,PERCENT PLAN PAYS,90,80,95,100,100,4,20,high,high,RISK,4
1,3,2,1,Salaried,358,No,Rents,28,36,56,14,15,OUTPATIENT SERVICES (SURGERY),IN-NETWORK,PERCENT PLAN PAYS,95,90,100,80,100,4,20,high,high,RISK,4
2,2,2,1,Salaried,2175,No,Owns,35,49,59,14,15,OUTPATIENT SERVICES (SURGERY),IN-NETWORK,PERCENT PLAN PAYS,95,90,80,100,100,4,20,high,high,RISK,4
2,2,1,1,Bonus,2804,No,Owns,26,20,55,14,15,OUTPATIENT SERVICES (SURGERY),IN-NETWORK,PERCENT PLAN PAYS,80,95,90,100,100,4,20,high,high,RISK,4
3,3,3,2,Bonus,2793,Yes,Owns,39,48,52,14,15,OUTPATIENT SERVICES (SURGERY),IN-NETWORK,PERCENT PLAN PAYS,80,90,100,95,100,4,20,high,high,RISK,4
3,1,3,1,Salaried,1366,No,Owns,32,33,56,14,15,OUTPATIENT SERVICES (SURGERY),IN-NETWORK,PERCENT PLAN PAYS,80,90,95,100,100,4,20,high,high,RISK,4
1,2,2,3,Salaried,3990,No,Rents,30,23,53,14,15,OUTPATIENT SERVICES (SURGERY),IN-NETWORK,PERCENT PLAN PAYS,90,95,80,100,100,4,20,high,high,RISK,4
1,2,2,1,Salaried,1625,No,Owns,36,38,56,14,15,OUTPATIENT SERVICES (SURGERY),IN-NETWORK,PERCENT PLAN PAYS,90,100,95,80,100,4,20,high,high,RISK,4
2,3,1,1,Hourly,1178,No,Owns,15,24,64,14,15,OUTPATIENT SERVICES (SURGERY),IN-NETWORK,PERCENT PLAN PAYS,100,95,80,90,100,4,20,high,high,RISK,4
2,1,1,1,Hourly,2665,No,Rents,20,29,55,14,15,OUTPATIENT SERVICES (SURGERY),IN-NETWORK,PERCENT PLAN PAYS,100,90,95,80,100,4,20,high,high,RISK,4
2,3,3,1,Hourly,4144,No,Owns,23,26,51,14,15,OUTPATIENT SERVICES (SURGERY),IN-NETWORK,PERCENT PLAN PAYS,100,80,90,95,100,4,20,high,high,RISK,4
2,2,3,1,Hourly,2547,Yes,Owns,32,36,62,14,15,OUTPATIENT SERVICES (SURGERY),IN-NETWORK,PERCENT PLAN PAYS,95,100,90,80,100,4,20,high,high,RISK,4
2,1,2,1,Hourly,152,Yes,Owns,34,38,64,14,15,OUTPATIENT SERVICES (SURGERY),IN-NETWORK,PERCENT PLAN PAYS,95,90,80,100,100,4,20,high,high,RISK,4
1,1,1,1,Bonus,2909,Yes,Rents,23,31,55,14,15,OUTPATIENT SERVICES (SURGERY),IN-NETWORK,PERCENT PLAN PAYS,80,100,90,95,100,4,20,high,high,RISK,4
3,3,2,2,Bonus,2404,Yes,Owns,27,31,59,14,15,OUTPATIENT SERVICES (SURGERY),IN-NETWORK,PERCENT PLAN PAYS,80,90,100,95,100,4,20,high,high,RISK,4
3,1,2,3,Bonus,144,Yes,Owns,24,47,55,14,15,OUTPATIENT SERVICES (SURGERY),IN-NETWORK,PERCENT PLAN PAYS,100,90,95,80,100,4,20,high,high,RISK,4
3,1,2,1,Hourly,2250,No,Owns,26,41,60,14,15,OUTPATIENT SERVICES (SURGERY),IN-NETWORK,PERCENT PLAN PAYS,80,100,95,90,100,4,20,high,high,RISK,4
3,1,1,1,Hourly,4826,No,Owns,25,35,73,14,15,OUTPATIENT SERVICES (SURGERY),IN-NETWORK,PERCENT PLAN PAYS,100,80,95,90,100,4,20,high,high,RISK,4
2,2,1,1,Salaried,792,No,Owns,28,24,60,14,15,OUTPATIENT SERVICES (SURGERY),IN-NETWORK,PERCENT PLAN PAYS,80,100,90,95,100,4,20,high,high,RISK,4
1,3,1,2,Hourly,3429,No,Rents,34,43,57,14,15,OUTPATIENT SERVICES (SURGERY),IN-NETWORK,PERCENT PLAN PAYS,90,100,80,95,100,4,20,high,high,RISK,4
1,3,1,2,Hourly,1596,Yes,Owns,27,25,52,14,15,OUTPATIENT SERVICES (SURGERY),IN-NETWORK,PERCENT PLAN PAYS,95,100,80,90,100,4,20,high,high,RISK,4
2,3,3,1,Salaried,83,Yes,Owns,19,50,53,14,15,OUTPATIENT SERVICES (SURGERY),IN-NETWORK,PERCENT PLAN PAYS,90,100,95,80,100,4,20,high,high,RISK,4
2,3,1,3,Salaried,3601,No,Owns,17,31,54,14,15,OUTPATIENT SERVICES (SURGERY),IN-NETWORK,PERCENT PLAN PAYS,90,100,80,95,100,4,20,high,high,RISK,4
2,2,1,2,Bonus,861,No,Owns,34,26,75,14,15,OUTPATIENT SERVICES (SURGERY),IN-NETWORK,PERCENT PLAN PAYS,95,80,100,90,100,4,20,high,high,RISK,4
1,3,3,3,Salaried,2240,Yes,Rents,35,49,60,14,15,OUTPATIENT SERVICES (SURGERY),IN-NETWORK,PERCENT PLAN PAYS,100,80,95,90,100,4,20,high,high,RISK,4
1,1,1,1,Hourly,2384,No,Rents,17,40,57,14,15,OUTPATIENT SERVICES (SURGERY),IN-NETWORK,PERCENT PLAN PAYS,90,95,80,100,100,4,20,high,high,RISK,4
1,1,1,1,Bonus,2363,Yes,Rents,29,36,56,14,15,OUTPATIENT SERVICES (SURGERY),IN-NETWORK,PERCENT PLAN PAYS,90,95,80,100,100,4,20,high,high,RISK,4
2,1,3,1,Salaried,4539,No,Owns,24,49,59,14,15,OUTPATIENT SERVICES (SURGERY),IN-NETWORK,PERCENT PLAN PAYS,80,90,95,100,100,4,20,high,high,RISK,4
2,1,1,1,Bonus,489,No,Rents,23,20,55,14,15,OUTPATIENT SERVICES (SURGERY),IN-NETWORK,PERCENT PLAN PAYS,80,95,100,90,100,4,20,high,high,RISK,4
2,3,1,3,Bonus,4623,Yes,Owns,19,48,52,14,15,OUTPATIENT SERVICES (SURGERY),IN-NETWORK,PERCENT PLAN PAYS,80,100,95,90,100,4,20,high,high,RISK,4
2,1,1,1,Salaried,153,Yes,Owns,15,33,56,14,15,OUTPATIENT SERVICES (SURGERY),IN-NETWORK,PERCENT PLAN PAYS,100,80,95,90,100,4,20,high,high,RISK,4
1,3,3,2,Salaried,3954,No,Owns,17,23,53,14,15,OUTPATIENT SERVICES (SURGERY),IN-NETWORK,PERCENT PLAN PAYS,80,95,100,90,100,4,20,high,high,RISK,4
1,2,1,1,Salaried,4742,No,Rents,15,38,56,14,15,OUTPATIENT SERVICES (SURGERY),IN-NETWORK,PERCENT PLAN PAYS,90,95,80,100,100,4,20,high,high,RISK,4
1,1,1,2,Hourly,3289,No,Rents,35,24,64,14,15,OUTPATIENT SERVICES (SURGERY),IN-NETWORK,PERCENT PLAN PAYS,80,95,90,100,100,4,20,high,high,RISK,4
1,1,2,2,Bonus,3409,Yes,Rents,30,29,55,14,15,OUTPATIENT SERVICES (SURGERY),IN-NETWORK,PERCENT PLAN PAYS,95,80,100,90,100,4,20,high,high,RISK,4
1,1,3,2,Bonus,3179,No,Rents,21,26,51,14,15,OUTPATIENT SERVICES (SURGERY),IN-NETWORK,PERCENT PLAN PAYS,100,80,95,90,100,4,20,high,high,RISK,4
1,1,1,2,Bonus,4271,No,Rents,22,36,62,14,15,OUTPATIENT SERVICES (SURGERY),IN-NETWORK,PERCENT PLAN PAYS,95,90,100,80,100,4,20,high,high,RISK,4
1,1,1,1,Hourly,4605,Yes,Rents,24,38,64,14,15,OUTPATIENT SERVICES (SURGERY),IN-NETWORK,PERCENT PLAN PAYS,80,100,90,95,100,4,20,high,high,RISK,4
1,3,3,3,Salaried,3042,Yes,Rents,16,31,55,14,15,OUTPATIENT SERVICES (SURGERY),IN-NETWORK,PERCENT PLAN PAYS,90,95,80,100,100,4,20,high,high,RISK,4
1,3,3,1,Hourly,170,No,Rents,37,31,59,14,15,OUTPATIENT SERVICES (SURGERY),IN-NETWORK,PERCENT PLAN PAYS,80,95,100,90,100,4,20,high,high,RISK,4
1,1,1,3,Salaried,2062,No,Rents,20,47,55,14,15,OUTPATIENT SERVICES (SURGERY),IN-NETWORK,PERCENT PLAN PAYS,80,100,90,95,100,4,20,high,high,RISK,4
2,2,3,3,Bonus,1962,No,Rents,15,41,60,14,15,OUTPATIENT SERVICES (SURGERY),IN-NETWORK,PERCENT PLAN PAYS,90,80,100,95,100,4,20,high,high,RISK,4
1,1,1,1,Bonus,1006,No,Owns,27,35,73,14,15,OUTPATIENT SERVICES (SURGERY),IN-NETWORK,PERCENT PLAN PAYS,100,95,80,90,100,4,20,high,high,RISK,4
1,3,2,3,Salaried,4555,No,Rents,20,24,60,14,15,OUTPATIENT SERVICES (SURGERY),IN-NETWORK,PERCENT PLAN PAYS,80,100,90,95,100,4,20,high,high,RISK,4
3,1,2,1,Bonus,458,No,Rents,25,43,57,14,15,OUTPATIENT SERVICES (SURGERY),IN-NETWORK,PERCENT PLAN PAYS,95,90,80,100,100,4,20,high,high,RISK,4
3,1,3,1,Hourly,1593,No,Owns,16,25,52,14,15,OUTPATIENT SERVICES (SURGERY),IN-NETWORK,PERCENT PLAN PAYS,95,90,80,100,100,4,20,high,high,RISK,4
1,3,1,2,Hourly,4519,Yes,Owns,26,50,53,14,15,OUTPATIENT SERVICES (SURGERY),IN-NETWORK,PERCENT PLAN PAYS,90,100,95,80,100,4,20,high,high,RISK,4
1,2,1,1,Bonus,2639,No,Rents,16,31,54,14,15,OUTPATIENT SERVICES (SURGERY),IN-NETWORK,PERCENT PLAN PAYS,80,95,90,100,100,4,20,high,high,RISK,4
1,1,3,1,Hourly,2563,Yes,Rents,35,26,75,14,15,OUTPATIENT SERVICES (SURGERY),IN-NETWORK,PERCENT PLAN PAYS,95,100,80,90,100,4,20,high,high,RISK,4
1,2,3,2,Bonus,2810,Yes,Owns,35,49,60,14,15,OUTPATIENT SERVICES (SURGERY),IN-NETWORK,PERCENT PLAN PAYS,90,80,95,100,100,4,20,high,high,RISK,4
2,2,1,2,Hourly,2954,Yes,Owns,39,40,57,14,15,OUTPATIENT SERVICES (SURGERY),IN-NETWORK,PERCENT PLAN PAYS,90,95,80,100,100,4,20,high,high,RISK,4
2,1,3,1,Hourly,2299,Yes,Owns,31,36,56,14,15,OUTPATIENT SERVICES (SURGERY),IN-NETWORK,PERCENT PLAN PAYS,80,100,90,95,100,4,20,high,high,RISK,4
1,1,2,3,Hourly,1155,No,Rents,16,49,59,14,15,OUTPATIENT SERVICES (SURGERY),IN-NETWORK,PERCENT PLAN PAYS,95,80,100,90,100,4,20,high,high,RISK,4
2,1,3,1,Bonus,1856,Yes,Rents,31,20,55,14,15,OUTPATIENT SERVICES (SURGERY),IN-NETWORK,PERCENT PLAN PAYS,80,100,90,95,100,4,20,high,high,RISK,4
3,2,2,1,Salaried,3352,Yes,Rents,18,48,52,14,15,OUTPATIENT SERVICES (SURGERY),IN-NETWORK,PERCENT PLAN PAYS,90,95,100,80,100,4,20,high,high,RISK,4
3,1,1,2,Hourly,3735,Yes,Owns,34,33,56,14,15,OUTPATIENT SERVICES (SURGERY),IN-NETWORK,PERCENT PLAN PAYS,100,80,95,90,100,4,20,high,high,RISK,4
3,2,1,3,Salaried,1125,Yes,Rents,18,23,53,14,15,OUTPATIENT SERVICES (SURGERY),IN-NETWORK,PERCENT PLAN PAYS,95,100,90,80,100,4,20,high,high,RISK,4
3,1,2,1,Bonus,4695,No,Owns,15,38,56,14,15,OUTPATIENT SERVICES (SURGERY),IN-NETWORK,PERCENT PLAN PAYS,95,80,100,90,100,4,20,high,high,RISK,4
2,2,2,2,Salaried,1210,No,Rents,38,24,64,14,15,OUTPATIENT SERVICES (SURGERY),IN-NETWORK,PERCENT PLAN PAYS,90,95,100,80,100,4,20,high,high,RISK,4
2,3,2,1,Bonus,3149,No,Owns,17,29,55,14,15,OUTPATIENT SERVICES (SURGERY),IN-NETWORK,PERCENT PLAN PAYS,95,80,100,90,100,4,20,high,high,RISK,4
2,2,2,2,Bonus,3757,No,Rents,18,26,51,14,15,OUTPATIENT SERVICES (SURGERY),IN-NETWORK,PERCENT PLAN PAYS,100,95,80,90,100,4,20,high,high,RISK,4
3,1,3,2,Salaried,4038,Yes,Rents,28,36,62,14,15,OUTPATIENT SERVICES (SURGERY),IN-NETWORK,PERCENT PLAN PAYS,80,100,95,90,100,4,20,high,high,RISK,4
1,1,1,3,Bonus,381,No,Owns,20,38,64,14,15,OUTPATIENT SERVICES (SURGERY),IN-NETWORK,PERCENT PLAN PAYS,100,95,80,90,100,4,20,high,high,RISK,4
1,1,1,2,Hourly,2879,Yes,Rents,37,31,55,14,15,OUTPATIENT SERVICES (SURGERY),IN-NETWORK,PERCENT PLAN PAYS,90,100,80,95,100,4,20,high,high,RISK,4
2,3,1,1,Hourly,2246,No,Owns,38,31,59,14,15,OUTPATIENT SERVICES (SURGERY),IN-NETWORK,PERCENT PLAN PAYS,95,80,100,90,100,4,20,high,high,RISK,4
1,3,2,1,Hourly,3337,No,Rents,18,47,55,14,15,OUTPATIENT SERVICES (SURGERY),IN-NETWORK,PERCENT PLAN PAYS,95,100,80,90,100,4,20,high,high,RISK,4
2,2,1,2,Hourly,874,No,Owns,38,41,60,14,15,OUTPATIENT SERVICES (SURGERY),IN-NETWORK,PERCENT PLAN PAYS,80,100,95,90,100,4,20,high,high,RISK,4
1,2,1,1,Hourly,4470,Yes,Owns,16,35,73,14,15,OUTPATIENT SERVICES (SURGERY),IN-NETWORK,PERCENT PLAN PAYS,100,90,95,80,100,4,20,high,high,RISK,4
3,1,3,1,Hourly,3252,Yes,Owns,24,24,60,14,15,OUTPATIENT SERVICES (SURGERY),IN-NETWORK,PERCENT PLAN PAYS,95,100,80,90,100,4,20,high,high,RISK,4
1,3,1,2,Hourly,176,Yes,Rents,23,43,57,14,15,OUTPATIENT SERVICES (SURGERY),IN-NETWORK,PERCENT PLAN PAYS,100,80,95,90,100,4,20,high,high,RISK,4
2,1,3,1,Hourly,3681,Yes,Owns,17,25,52,14,15,OUTPATIENT SERVICES (SURGERY),IN-NETWORK,PERCENT PLAN PAYS,95,80,100,90,100,4,20,high,high,RISK,4
1,3,2,3,Hourly,1019,Yes,Owns,35,50,53,14,15,OUTPATIENT SERVICES (SURGERY),IN-NETWORK,PERCENT PLAN PAYS,80,95,90,100,100,4,20,high,high,RISK,4
1,3,2,1,Bonus,4493,Yes,Owns,39,31,54,14,15,OUTPATIENT SERVICES (SURGERY),IN-NETWORK,PERCENT PLAN PAYS,95,80,100,90,100,4,20,high,high,RISK,4
1,3,3,1,Salaried,1012,Yes,Owns,34,26,75,14,15,OUTPATIENT SERVICES (SURGERY),IN-NETWORK,PERCENT PLAN PAYS,80,100,95,90,100,4,20,high,high,RISK,4
1,1,2,1,Bonus,1248,Yes,Rents,18,49,60,14,15,OUTPATIENT SERVICES (SURGERY),IN-NETWORK,PERCENT PLAN PAYS,80,100,90,95,100,4,20,high,high,RISK,4
1,1,2,1,Salaried,1214,No,Owns,17,40,57,14,15,OUTPATIENT SERVICES (SURGERY),IN-NETWORK,PERCENT PLAN PAYS,80,90,100,95,100,4,20,high,high,RISK,4
2,1,1,1,Salaried,2852,Yes,Rents,18,36,56,14,15,OUTPATIENT SERVICES (SURGERY),IN-NETWORK,PERCENT PLAN PAYS,95,90,100,80,100,4,20,high,high,RISK,4
2,1,1,1,Bonus,1440,Yes,Owns,24,49,59,14,15,OUTPATIENT SERVICES (SURGERY),IN-NETWORK,PERCENT PLAN PAYS,90,95,100,80,100,4,20,high,high,RISK,4
3,1,3,1,Bonus,2951,No,Owns,26,20,55,14,15,OUTPATIENT SERVICES (SURGERY),IN-NETWORK,PERCENT PLAN PAYS,100,90,95,80,100,4,20,high,high,RISK,4
4,3,2,4,Salaried,4377,No,Rents,46,73,76,14,16,OUTPATIENT SERVICES (SURGERY),IN-NETWORK,PERCENT PLAN PAYS,80,90,100,95,100,4,50,high,high,RISK,4
2,3,4,2,Salaried,1919,No,Owns,48,61,80,14,16,OUTPATIENT SERVICES (SURGERY),IN-NETWORK,PERCENT PLAN PAYS,95,90,80,100,100,4,50,high,high,RISK,4
4,4,3,2,Salaried,4671,Yes,Rents,57,53,77,14,16,OUTPATIENT SERVICES (SURGERY),IN-NETWORK,PERCENT PLAN PAYS,100,80,90,95,100,4,50,high,high,RISK,4
4,4,2,2,Bonus,1139,No,Owns,52,65,80,14,16,OUTPATIENT SERVICES (SURGERY),IN-NETWORK,PERCENT PLAN PAYS,80,95,100,90,100,4,50,high,high,RISK,4
3,4,4,3,Bonus,3085,No,Rents,45,54,88,14,16,OUTPATIENT SERVICES (SURGERY),IN-NETWORK,PERCENT PLAN PAYS,95,80,90,100,100,4,50,high,high,RISK,4
3,4,4,3,Salaried,912,Yes,Rents,61,58,79,14,16,OUTPATIENT SERVICES (SURGERY),IN-NETWORK,PERCENT PLAN PAYS,80,90,100,95,100,4,50,high,high,RISK,4
4,3,4,3,Hourly,3561,Yes,Owns,51,56,75,14,16,OUTPATIENT SERVICES (SURGERY),IN-NETWORK,PERCENT PLAN PAYS,90,100,95,80,100,4,50,high,high,RISK,4
4,4,2,2,Hourly,4350,No,Rents,40,64,87,14,16,OUTPATIENT SERVICES (SURGERY),IN-NETWORK,PERCENT PLAN PAYS,95,90,80,100,100,4,50,high,high,RISK,4
4,4,4,4,Salaried,3664,No,Owns,39,65,88,14,16,OUTPATIENT SERVICES (SURGERY),IN-NETWORK,PERCENT PLAN PAYS,80,90,100,95,100,4,50,high,high,RISK,4
2,3,3,3,Bonus,1972,Yes,Owns,62,60,80,14,16,OUTPATIENT SERVICES (SURGERY),IN-NETWORK,PERCENT PLAN PAYS,80,90,95,100,100,4,50,high,high,RISK,4
3,2,4,4,Salaried,1235,Yes,Rents,55,60,83,14,16,OUTPATIENT SERVICES (SURGERY),IN-NETWORK,PERCENT PLAN PAYS,90,80,95,100,100,4,50,high,high,RISK,4
2,3,4,3,Salaried,4592,Yes,Rents,62,68,84,14,16,OUTPATIENT SERVICES (SURGERY),IN-NETWORK,PERCENT PLAN PAYS,90,95,80,100,100,4,50,high,high,RISK,4
3,3,3,4,Hourly,2183,Yes,Owns,37,63,98,14,16,OUTPATIENT SERVICES (SURGERY),IN-NETWORK,PERCENT PLAN PAYS,80,100,90,95,100,4,50,high,high,RISK,4
3,3,4,3,Salaried,1622,Yes,Rents,42,55,84,14,16,OUTPATIENT SERVICES (SURGERY),IN-NETWORK,PERCENT PLAN PAYS,90,95,100,80,100,4,50,high,high,RISK,4
3,4,3,4,Salaried,4259,Yes,Rents,37,70,81,14,16,OUTPATIENT SERVICES (SURGERY),IN-NETWORK,PERCENT PLAN PAYS,90,100,95,80,100,4,50,high,high,RISK,4
4,3,3,4,Salaried,4138,No,Owns,62,55,76,14,16,OUTPATIENT SERVICES (SURGERY),IN-NETWORK,PERCENT PLAN PAYS,80,90,100,95,100,4,50,high,high,RISK,4
4,3,4,4,Bonus,2742,No,Owns,64,75,77,14,16,OUTPATIENT SERVICES (SURGERY),IN-NETWORK,PERCENT PLAN PAYS,100,80,90,95,100,4,50,high,high,RISK,4
3,3,3,4,Bonus,4027,Yes,Rents,43,60,78,14,16,OUTPATIENT SERVICES (SURGERY),IN-NETWORK,PERCENT PLAN PAYS,95,80,100,90,100,4,50,high,high,RISK,4
4,4,2,2,Bonus,3643,No,Rents,59,56,100,14,16,OUTPATIENT SERVICES (SURGERY),IN-NETWORK,PERCENT PLAN PAYS,90,100,95,80,100,4,50,high,high,RISK,4
4,2,4,2,Salaried,1855,No,Rents,63,74,85,14,16,OUTPATIENT SERVICES (SURGERY),IN-NETWORK,PERCENT PLAN PAYS,80,90,100,95,100,4,50,high,high,RISK,4
3,4,2,3,Bonus,4199,No,Owns,57,67,81,14,16,OUTPATIENT SERVICES (SURGERY),IN-NETWORK,PERCENT PLAN PAYS,90,95,80,100,100,4,50,high,high,RISK,4
3,4,3,2,Salaried,358,No,Rents,50,64,80,14,16,OUTPATIENT SERVICES (SURGERY),IN-NETWORK,PERCENT PLAN PAYS,80,100,90,95,100,4,50,high,high,RISK,4
4,3,4,3,Salaried,2175,No,Owns,59,75,83,14,16,OUTPATIENT SERVICES (SURGERY),IN-NETWORK,PERCENT PLAN PAYS,95,90,100,80,100,4,50,high,high,RISK,4
4,4,2,2,Bonus,2804,No,Owns,48,51,79,14,16,OUTPATIENT SERVICES (SURGERY),IN-NETWORK,PERCENT PLAN PAYS,80,90,100,95,100,4,50,high,high,RISK,4
4,4,4,4,Bonus,2793,Yes,Owns,63,73,76,14,16,OUTPATIENT SERVICES (SURGERY),IN-NETWORK,PERCENT PLAN PAYS,80,100,90,95,100,4,50,high,high,RISK,4
4,3,4,2,Salaried,1366,No,Owns,56,61,80,14,16,OUTPATIENT SERVICES (SURGERY),IN-NETWORK,PERCENT PLAN PAYS,80,90,100,95,100,4,50,high,high,RISK,4
2,4,4,4,Salaried,3990,No,Rents,53,53,77,14,16,OUTPATIENT SERVICES (SURGERY),IN-NETWORK,PERCENT PLAN PAYS,100,95,80,90,100,4,50,high,high,RISK,4
2,4,3,3,Salaried,1625,No,Owns,60,65,80,14,16,OUTPATIENT SERVICES (SURGERY),IN-NETWORK,PERCENT PLAN PAYS,90,100,80,95,100,4,50,high,high,RISK,4
4,4,3,3,Hourly,1178,No,Owns,35,54,88,14,16,OUTPATIENT SERVICES (SURGERY),IN-NETWORK,PERCENT PLAN PAYS,95,100,90,80,100,4,50,high,high,RISK,4
3,3,2,2,Hourly,2665,No,Rents,41,58,79,14,16,OUTPATIENT SERVICES (SURGERY),IN-NETWORK,PERCENT PLAN PAYS,95,90,100,80,100,4,50,high,high,RISK,4
4,4,4,2,Hourly,4144,No,Owns,44,56,75,14,16,OUTPATIENT SERVICES (SURGERY),IN-NETWORK,PERCENT PLAN PAYS,90,80,100,95,100,4,50,high,high,RISK,4
3,3,4,3,Hourly,2547,Yes,Owns,55,64,87,14,16,OUTPATIENT SERVICES (SURGERY),IN-NETWORK,PERCENT PLAN PAYS,90,80,95,100,100,4,50,high,high,RISK,4
4,3,4,2,Hourly,152,Yes,Owns,58,65,88,14,16,OUTPATIENT SERVICES (SURGERY),IN-NETWORK,PERCENT PLAN PAYS,100,80,95,90,100,4,50,high,high,RISK,4
3,2,2,3,Bonus,2909,Yes,Rents,45,60,80,14,16,OUTPATIENT SERVICES (SURGERY),IN-NETWORK,PERCENT PLAN PAYS,90,95,80,100,100,4,50,high,high,RISK,4
4,4,3,3,Bonus,2404,Yes,Owns,49,60,83,14,16,OUTPATIENT SERVICES (SURGERY),IN-NETWORK,PERCENT PLAN PAYS,100,90,95,80,100,4,50,high,high,RISK,4
4,2,4,4,Bonus,144,Yes,Owns,46,72,79,14,16,OUTPATIENT SERVICES (SURGERY),IN-NETWORK,PERCENT PLAN PAYS,100,80,90,95,100,4,50,high,high,RISK,4
4,2,4,2,Hourly,2250,No,Owns,48,68,84,14,16,OUTPATIENT SERVICES (SURGERY),IN-NETWORK,PERCENT PLAN PAYS,80,90,95,100,100,4,50,high,high,RISK,4
4,3,3,3,Hourly,4826,No,Owns,47,63,98,14,16,OUTPATIENT SERVICES (SURGERY),IN-NETWORK,PERCENT PLAN PAYS,100,80,90,95,100,4,50,high,high,RISK,4
4,4,2,3,Salaried,792,No,Owns,50,55,84,14,16,OUTPATIENT SERVICES (SURGERY),IN-NETWORK,PERCENT PLAN PAYS,100,95,80,90,100,4,50,high,high,RISK,4
2,4,2,3,Hourly,3429,No,Rents,58,70,81,14,16,OUTPATIENT SERVICES (SURGERY),IN-NETWORK,PERCENT PLAN PAYS,90,80,100,95,100,4,50,high,high,RISK,4
4,4,4,3,Salaried,83,Yes,Owns,40,75,77,14,16,OUTPATIENT SERVICES (SURGERY),IN-NETWORK,PERCENT PLAN PAYS,100,80,90,95,100,4,50,high,high,RISK,4
4,4,3,4,Salaried,3601,No,Owns,38,60,78,14,16,OUTPATIENT SERVICES (SURGERY),IN-NETWORK,PERCENT PLAN PAYS,95,80,90,100,100,4,50,high,high,RISK,4
3,4,2,4,Bonus,861,No,Owns,58,56,100,14,16,OUTPATIENT SERVICES (SURGERY),IN-NETWORK,PERCENT PLAN PAYS,80,100,90,95,100,4,50,high,high,RISK,4
2,4,4,4,Salaried,2240,Yes,Rents,59,74,85,14,16,OUTPATIENT SERVICES (SURGERY),IN-NETWORK,PERCENT PLAN PAYS,90,100,95,80,100,4,50,high,high,RISK,4
3,3,2,2,Hourly,2384,No,Rents,37,67,81,14,16,OUTPATIENT SERVICES (SURGERY),IN-NETWORK,PERCENT PLAN PAYS,100,90,80,95,100,4,50,high,high,RISK,4
2,2,3,3,Bonus,2363,Yes,Rents,52,64,80,14,16,OUTPATIENT SERVICES (SURGERY),IN-NETWORK,PERCENT PLAN PAYS,90,80,95,100,100,4,50,high,high,RISK,4
3,3,4,2,Salaried,4539,No,Owns,45,75,83,14,16,OUTPATIENT SERVICES (SURGERY),IN-NETWORK,PERCENT PLAN PAYS,80,90,95,100,100,4,50,high,high,RISK,4
3,3,2,2,Bonus,489,No,Rents,45,51,79,14,16,OUTPATIENT SERVICES (SURGERY),IN-NETWORK,PERCENT PLAN PAYS,80,95,90,100,100,4,50,high,high,RISK,4
4,4,2,4,Bonus,4623,Yes,Owns,40,73,76,14,16,OUTPATIENT SERVICES (SURGERY),IN-NETWORK,PERCENT PLAN PAYS,100,90,80,95,100,4,50,high,high,RISK,4
3,3,3,2,Salaried,153,Yes,Owns,36,61,80,14,16,OUTPATIENT SERVICES (SURGERY),IN-NETWORK,PERCENT PLAN PAYS,90,95,100,80,100,4,50,high,high,RISK,4
3,4,4,4,Salaried,3954,No,Owns,38,53,77,14,16,OUTPATIENT SERVICES (SURGERY),IN-NETWORK,PERCENT PLAN PAYS,80,100,90,95,100,4,50,high,high,RISK,4
3,3,2,3,Salaried,4742,No,Rents,35,65,80,14,16,OUTPATIENT SERVICES (SURGERY),IN-NETWORK,PERCENT PLAN PAYS,90,95,80,100,100,4,50,high,high,RISK,4
2,2,2,3,Hourly,3289,No,Rents,59,54,88,14,16,OUTPATIENT SERVICES (SURGERY),IN-NETWORK,PERCENT PLAN PAYS,100,90,80,95,100,4,50,high,high,RISK,4
2,2,3,3,Bonus,3409,Yes,Rents,54,58,79,14,16,OUTPATIENT SERVICES (SURGERY),IN-NETWORK,PERCENT PLAN PAYS,95,90,100,80,100,4,50,high,high,RISK,4
3,3,4,3,Bonus,3179,No,Rents,42,56,75,14,16,OUTPATIENT SERVICES (SURGERY),IN-NETWORK,PERCENT PLAN PAYS,80,100,95,90,100,4,50,high,high,RISK,4
3,3,2,4,Bonus,4271,No,Rents,43,64,87,14,16,OUTPATIENT SERVICES (SURGERY),IN-NETWORK,PERCENT PLAN PAYS,95,100,80,90,100,4,50,high,high,RISK,4
2,4,4,4,Salaried,3042,Yes,Rents,37,60,80,14,16,OUTPATIENT SERVICES (SURGERY),IN-NETWORK,PERCENT PLAN PAYS,100,90,95,80,100,4,50,high,high,RISK,4
2,4,4,3,Hourly,170,No,Rents,61,60,83,14,16,OUTPATIENT SERVICES (SURGERY),IN-NETWORK,PERCENT PLAN PAYS,80,90,95,100,100,4,50,high,high,RISK,4
2,3,3,4,Salaried,2062,No,Rents,40,72,79,14,16,OUTPATIENT SERVICES (SURGERY),IN-NETWORK,PERCENT PLAN PAYS,80,95,90,100,100,4,50,high,high,RISK,4
4,4,4,4,Bonus,1962,No,Rents,35,68,84,14,16,OUTPATIENT SERVICES (SURGERY),IN-NETWORK,PERCENT PLAN PAYS,80,90,100,95,100,4,50,high,high,RISK,4
2,2,3,2,Bonus,1006,No,Owns,50,63,98,14,16,OUTPATIENT SERVICES (SURGERY),IN-NETWORK,PERCENT PLAN PAYS,90,95,100,80,100,4,50,high,high,RISK,4
2,4,3,4,Salaried,4555,No,Rents,42,55,84,14,16,OUTPATIENT SERVICES (SURGERY),IN-NETWORK,PERCENT PLAN PAYS,80,100,95,90,100,4,50,high,high,RISK,4
4,3,4,3,Bonus,458,No,Rents,46,70,81,14,16,OUTPATIENT SERVICES (SURGERY),IN-NETWORK,PERCENT PLAN PAYS,80,100,90,95,100,4,50,high,high,RISK,4
4,3,4,3,Hourly,1593,No,Owns,36,55,76,14,16,OUTPATIENT SERVICES (SURGERY),IN-NETWORK,PERCENT PLAN PAYS,95,80,100,90,100,4,50,high,high,RISK,4
3,4,2,3,Hourly,4519,Yes,Owns,48,75,77,14,16,OUTPATIENT SERVICES (SURGERY),IN-NETWORK,PERCENT PLAN PAYS,100,90,80,95,100,4,50,high,high,RISK,4
2,4,3,3,Bonus,2639,No,Rents,36,60,78,14,16,OUTPATIENT SERVICES (SURGERY),IN-NETWORK,PERCENT PLAN PAYS,90,95,80,100,100,4,50,high,high,RISK,4
2,3,4,3,Hourly,2563,Yes,Rents,59,56,100,14,16,OUTPATIENT SERVICES (SURGERY),IN-NETWORK,PERCENT PLAN PAYS,80,90,100,95,100,4,50,high,high,RISK,4
3,4,4,4,Bonus,2810,Yes,Owns,58,74,85,14,16,OUTPATIENT SERVICES (SURGERY),IN-NETWORK,PERCENT PLAN PAYS,95,80,100,90,100,4,50,high,high,RISK,4
3,4,3,4,Hourly,2954,Yes,Owns,64,67,81,14,16,OUTPATIENT SERVICES (SURGERY),IN-NETWORK,PERCENT PLAN PAYS,90,80,95,100,100,4,50,high,high,RISK,4
3,2,4,3,Hourly,2299,Yes,Owns,54,64,80,14,16,OUTPATIENT SERVICES (SURGERY),IN-NETWORK,PERCENT PLAN PAYS,95,80,100,90,100,4,50,high,high,RISK,4
2,3,4,4,Hourly,1155,No,Rents,37,75,83,14,16,OUTPATIENT SERVICES (SURGERY),IN-NETWORK,PERCENT PLAN PAYS,80,90,95,100,100,4,50,high,high,RISK,4
4,2,4,3,Bonus,1856,Yes,Rents,55,51,79,14,16,OUTPATIENT SERVICES (SURGERY),IN-NETWORK,PERCENT PLAN PAYS,80,90,100,95,100,4,50,high,high,RISK,4
4,4,3,3,Salaried,3352,Yes,Rents,38,73,76,14,16,OUTPATIENT SERVICES (SURGERY),IN-NETWORK,PERCENT PLAN PAYS,100,90,80,95,100,4,50,high,high,RISK,4
4,3,2,3,Hourly,3735,Yes,Owns,58,61,80,14,16,OUTPATIENT SERVICES (SURGERY),IN-NETWORK,PERCENT PLAN PAYS,90,100,95,80,100,4,50,high,high,RISK,4
4,3,3,4,Salaried,1125,Yes,Rents,38,53,77,14,16,OUTPATIENT SERVICES (SURGERY),IN-NETWORK,PERCENT PLAN PAYS,90,80,95,100,100,4,50,high,high,RISK,4
4,2,4,2,Bonus,4695,No,Owns,35,65,80,14,16,OUTPATIENT SERVICES (SURGERY),IN-NETWORK,PERCENT PLAN PAYS,80,100,90,95,100,4,50,high,high,RISK,4
3,3,3,4,Salaried,1210,No,Rents,62,54,88,14,16,OUTPATIENT SERVICES (SURGERY),IN-NETWORK,PERCENT PLAN PAYS,90,95,80,100,100,4,50,high,high,RISK,4
4,4,4,2,Bonus,3149,No,Owns,37,58,79,14,16,OUTPATIENT SERVICES (SURGERY),IN-NETWORK,PERCENT PLAN PAYS,90,95,100,80,100,4,50,high,high,RISK,4
4,3,4,4,Bonus,3757,No,Rents,38,56,75,14,16,OUTPATIENT SERVICES (SURGERY),IN-NETWORK,PERCENT PLAN PAYS,95,100,80,90,100,4,50,high,high,RISK,4
4,3,4,4,Salaried,4038,Yes,Rents,51,64,87,14,16,OUTPATIENT SERVICES (SURGERY),IN-NETWORK,PERCENT PLAN PAYS,95,100,80,90,100,4,50,high,high,RISK,4
2,3,3,4,Bonus,381,No,Owns,41,65,88,14,16,OUTPATIENT SERVICES (SURGERY),IN-NETWORK,PERCENT PLAN PAYS,95,100,80,90,100,4,50,high,high,RISK,4
3,3,3,3,Hourly,2879,Yes,Rents,61,60,80,14,16,OUTPATIENT SERVICES (SURGERY),IN-NETWORK,PERCENT PLAN PAYS,90,95,80,100,100,4,50,high,high,RISK,4
4,4,3,2,Hourly,2246,No,Owns,62,60,83,14,16,OUTPATIENT SERVICES (SURGERY),IN-NETWORK,PERCENT PLAN PAYS,100,95,80,90,100,4,50,high,high,RISK,4
2,4,3,2,Hourly,3337,No,Rents,39,72,79,14,16,OUTPATIENT SERVICES (SURGERY),IN-NETWORK,PERCENT PLAN PAYS,80,100,90,95,100,4,50,high,high,RISK,4
4,3,3,4,Hourly,874,No,Owns,63,68,84,14,16,OUTPATIENT SERVICES (SURGERY),IN-NETWORK,PERCENT PLAN PAYS,95,90,80,100,100,4,50,high,high,RISK,4
3,4,2,3,Hourly,4470,Yes,Owns,36,63,98,14,16,OUTPATIENT SERVICES (SURGERY),IN-NETWORK,PERCENT PLAN PAYS,95,80,100,90,100,4,50,high,high,RISK,4
4,3,4,3,Hourly,3252,Yes,Owns,46,55,84,14,16,OUTPATIENT SERVICES (SURGERY),IN-NETWORK,PERCENT PLAN PAYS,80,90,100,95,100,4,50,high,high,RISK,4
3,4,2,3,Hourly,176,Yes,Rents,45,70,81,14,16,OUTPATIENT SERVICES (SURGERY),IN-NETWORK,PERCENT PLAN PAYS,80,90,95,100,100,4,50,high,high,RISK,4
4,3,4,2,Hourly,3681,Yes,Owns,38,55,76,14,16,OUTPATIENT SERVICES (SURGERY),IN-NETWORK,PERCENT PLAN PAYS,95,90,80,100,100,4,50,high,high,RISK,4
3,4,4,4,Hourly,1019,Yes,Owns,59,75,77,14,16,OUTPATIENT SERVICES (SURGERY),IN-NETWORK,PERCENT PLAN PAYS,95,80,90,100,100,4,50,high,high,RISK,4
3,4,4,3,Bonus,4493,Yes,Owns,64,60,78,14,16,OUTPATIENT SERVICES (SURGERY),IN-NETWORK,PERCENT PLAN PAYS,80,95,100,90,100,4,50,high,high,RISK,4
3,4,4,2,Salaried,1012,Yes,Owns,58,56,100,14,16,OUTPATIENT SERVICES (SURGERY),IN-NETWORK,PERCENT PLAN PAYS,95,90,100,80,100,4,50,high,high,RISK,4
2,2,4,3,Bonus,1248,Yes,Rents,39,74,85,14,16,OUTPATIENT SERVICES (SURGERY),IN-NETWORK,PERCENT PLAN PAYS,100,80,95,90,100,4,50,high,high,RISK,4
2,3,3,3,Salaried,1214,No,Owns,37,67,81,14,16,OUTPATIENT SERVICES (SURGERY),IN-NETWORK,PERCENT PLAN PAYS,95,100,80,90,100,4,50,high,high,RISK,4
4,3,3,2,Salaried,2852,Yes,Rents,38,64,80,14,16,OUTPATIENT SERVICES (SURGERY),IN-NETWORK,PERCENT PLAN PAYS,90,95,100,80,100,4,50,high,high,RISK,4
3,3,2,2,Bonus,1440,Yes,Owns,46,75,83,14,16,OUTPATIENT SERVICES (SURGERY),IN-NETWORK,PERCENT PLAN PAYS,80,90,95,100,100,4,50,high,high,RISK,4
4,2,4,3,Bonus,2951,No,Owns,48,51,79,14,16,OUTPATIENT SERVICES (SURGERY),IN-NETWORK,PERCENT PLAN PAYS,100,90,80,95,100,4,50,high,high,RISK,4
1,0,0,1,Salaried,4377,No,Rents,4,9,1,15,1,OUTPATIENT SERVICES (SURGERY),OUT-OF-NETWORK,PERCENT PLAN PAYS,70,80,50,70,50,1,5,low,low,RISK,1
0,0,1,0,Salaried,1919,No,Owns,4,4,5,15,1,OUTPATIENT SERVICES (SURGERY),OUT-OF-NETWORK,PERCENT PLAN PAYS,70,70,50,80,50,1,5,low,low,RISK,1
1,1,0,0,Bonus,1139,No,Owns,6,6,5,15,1,OUTPATIENT SERVICES (SURGERY),OUT-OF-NETWORK,PERCENT PLAN PAYS,70,50,80,70,50,1,5,low,low,RISK,1
0,1,1,0,Bonus,3085,No,Rents,3,1,13,15,1,OUTPATIENT SERVICES (SURGERY),OUT-OF-NETWORK,PERCENT PLAN PAYS,50,80,70,70,50,1,5,low,low,RISK,1
0,1,1,0,Salaried,912,Yes,Rents,9,3,4,15,1,OUTPATIENT SERVICES (SURGERY),OUT-OF-NETWORK,PERCENT PLAN PAYS,70,70,80,50,50,1,5,low,low,RISK,1
1,0,1,0,Hourly,3561,Yes,Owns,5,2,0,15,1,OUTPATIENT SERVICES (SURGERY),OUT-OF-NETWORK,PERCENT PLAN PAYS,70,70,50,80,50,1,5,low,low,RISK,1
1,1,0,0,Hourly,4350,No,Rents,2,5,12,15,1,OUTPATIENT SERVICES (SURGERY),OUT-OF-NETWORK,PERCENT PLAN PAYS,70,70,50,80,50,1,5,low,low,RISK,1
1,1,0,1,Salaried,3664,No,Owns,1,6,13,15,1,OUTPATIENT SERVICES (SURGERY),OUT-OF-NETWORK,PERCENT PLAN PAYS,50,70,80,70,50,1,5,low,low,RISK,1
0,0,0,0,Bonus,1972,Yes,Owns,9,4,5,15,1,OUTPATIENT SERVICES (SURGERY),OUT-OF-NETWORK,PERCENT PLAN PAYS,80,70,70,50,50,1,5,low,low,RISK,1
0,0,1,1,Salaried,1235,Yes,Rents,7,4,8,15,1,OUTPATIENT SERVICES (SURGERY),OUT-OF-NETWORK,PERCENT PLAN PAYS,50,80,70,70,50,1,5,low,low,RISK,1
0,1,0,0,Bonus,2294,Yes,Owns,4,9,4,15,1,OUTPATIENT SERVICES (SURGERY),OUT-OF-NETWORK,PERCENT PLAN PAYS,70,80,50,70,50,1,5,low,low,RISK,1
0,0,1,0,Salaried,4592,Yes,Rents,9,7,9,15,1,OUTPATIENT SERVICES (SURGERY),OUT-OF-NETWORK,PERCENT PLAN PAYS,50,70,80,70,50,1,5,low,low,RISK,1
0,0,0,1,Hourly,2183,Yes,Owns,1,5,23,15,1,OUTPATIENT SERVICES (SURGERY),OUT-OF-NETWORK,PERCENT PLAN PAYS,70,80,50,70,50,1,5,low,low,RISK,1
0,0,1,0,Salaried,1622,Yes,Rents,2,1,9,15,1,OUTPATIENT SERVICES (SURGERY),OUT-OF-NETWORK,PERCENT PLAN PAYS,80,50,70,70,50,1,5,low,low,RISK,1
0,1,0,1,Salaried,4259,Yes,Rents,1,8,6,15,1,OUTPATIENT SERVICES (SURGERY),OUT-OF-NETWORK,PERCENT PLAN PAYS,80,70,70,50,50,1,5,low,low,RISK,1
1,0,0,1,Salaried,4138,No,Owns,9,2,1,15,1,OUTPATIENT SERVICES (SURGERY),OUT-OF-NETWORK,PERCENT PLAN PAYS,70,80,70,50,50,1,5,low,low,RISK,1
1,0,0,1,Bonus,2742,No,Owns,10,10,2,15,1,OUTPATIENT SERVICES (SURGERY),OUT-OF-NETWORK,PERCENT PLAN PAYS,80,70,70,50,50,1,5,low,low,RISK,1
0,0,0,1,Bonus,4027,Yes,Rents,3,4,3,15,1,OUTPATIENT SERVICES (SURGERY),OUT-OF-NETWORK,PERCENT PLAN PAYS,70,70,50,80,50,1,5,low,low,RISK,1
1,0,0,0,Bonus,3643,No,Rents,8,2,25,15,1,OUTPATIENT SERVICES (SURGERY),OUT-OF-NETWORK,PERCENT PLAN PAYS,80,70,50,70,50,1,5,low,low,RISK,1
1,0,1,0,Salaried,1855,No,Rents,9,10,10,15,1,OUTPATIENT SERVICES (SURGERY),OUT-OF-NETWORK,PERCENT PLAN PAYS,50,80,70,70,50,1,5,low,low,RISK,1
0,1,0,0,Bonus,4199,No,Owns,7,7,6,15,1,OUTPATIENT SERVICES (SURGERY),OUT-OF-NETWORK,PERCENT PLAN PAYS,70,50,70,80,50,1,5,low,low,RISK,1
0,1,0,0,Salaried,358,No,Rents,5,5,5,15,1,OUTPATIENT SERVICES (SURGERY),OUT-OF-NETWORK,PERCENT PLAN PAYS,70,80,70,50,50,1,5,low,low,RISK,1
0,0,1,0,Salaried,2175,No,Owns,8,10,8,15,1,OUTPATIENT SERVICES (SURGERY),OUT-OF-NETWORK,PERCENT PLAN PAYS,80,70,70,50,50,1,5,low,low,RISK,1
0,1,0,0,Bonus,2804,No,Owns,4,0,4,15,1,OUTPATIENT SERVICES (SURGERY),OUT-OF-NETWORK,PERCENT PLAN PAYS,50,70,70,80,50,1,5,low,low,RISK,1
1,1,1,0,Bonus,2793,Yes,Owns,9,9,1,15,1,OUTPATIENT SERVICES (SURGERY),OUT-OF-NETWORK,PERCENT PLAN PAYS,80,70,50,70,50,1,5,low,low,RISK,1
1,0,1,0,Salaried,1366,No,Owns,7,4,5,15,1,OUTPATIENT SERVICES (SURGERY),OUT-OF-NETWORK,PERCENT PLAN PAYS,70,70,80,50,50,1,5,low,low,RISK,1
0,1,1,1,Salaried,3990,No,Rents,6,1,2,15,1,OUTPATIENT SERVICES (SURGERY),OUT-OF-NETWORK,PERCENT PLAN PAYS,50,70,80,70,50,1,5,low,low,RISK,1
0,0,0,0,Salaried,1625,No,Owns,8,6,5,15,1,OUTPATIENT SERVICES (SURGERY),OUT-OF-NETWORK,PERCENT PLAN PAYS,70,50,70,80,50,1,5,low,low,RISK,1
1,1,0,0,Hourly,1178,No,Owns,0,1,13,15,1,OUTPATIENT SERVICES (SURGERY),OUT-OF-NETWORK,PERCENT PLAN PAYS,70,50,80,70,50,1,5,low,low,RISK,1
0,0,0,0,Hourly,2665,No,Rents,2,3,4,15,1,OUTPATIENT SERVICES (SURGERY),OUT-OF-NETWORK,PERCENT PLAN PAYS,70,50,80,70,50,1,5,low,low,RISK,1
1,1,1,0,Hourly,4144,No,Owns,3,2,0,15,1,OUTPATIENT SERVICES (SURGERY),OUT-OF-NETWORK,PERCENT PLAN PAYS,70,50,70,80,50,1,5,low,low,RISK,1
0,0,1,0,Hourly,2547,Yes,Owns,7,5,12,15,1,OUTPATIENT SERVICES (SURGERY),OUT-OF-NETWORK,PERCENT PLAN PAYS,70,50,70,80,50,1,5,low,low,RISK,1
1,0,1,0,Hourly,152,Yes,Owns,8,6,13,15,1,OUTPATIENT SERVICES (SURGERY),OUT-OF-NETWORK,PERCENT PLAN PAYS,70,50,80,70,50,1,5,low,low,RISK,1
0,0,0,0,Bonus,2909,Yes,Rents,3,4,5,15,1,OUTPATIENT SERVICES (SURGERY),OUT-OF-NETWORK,PERCENT PLAN PAYS,70,70,80,50,50,1,5,low,low,RISK,1
1,1,0,0,Bonus,2404,Yes,Owns,5,4,8,15,1,OUTPATIENT SERVICES (SURGERY),OUT-OF-NETWORK,PERCENT PLAN PAYS,50,80,70,70,50,1,5,low,low,RISK,1
1,0,1,1,Bonus,144,Yes,Owns,4,9,4,15,1,OUTPATIENT SERVICES (SURGERY),OUT-OF-NETWORK,PERCENT PLAN PAYS,70,50,80,70,50,1,5,low,low,RISK,1
1,0,1,0,Hourly,2250,No,Owns,4,7,9,15,1,OUTPATIENT SERVICES (SURGERY),OUT-OF-NETWORK,PERCENT PLAN PAYS,70,50,70,80,50,1,5,low,low,RISK,1
1,0,0,0,Hourly,4826,No,Owns,4,5,23,15,1,OUTPATIENT SERVICES (SURGERY),OUT-OF-NETWORK,PERCENT PLAN PAYS,50,70,70,80,50,1,5,low,low,RISK,1
1,1,0,0,Salaried,792,No,Owns,5,1,9,15,1,OUTPATIENT SERVICES (SURGERY),OUT-OF-NETWORK,PERCENT PLAN PAYS,80,70,70,50,50,1,5,low,low,RISK,1
0,1,0,0,Hourly,3429,No,Rents,8,8,6,15,1,OUTPATIENT SERVICES (SURGERY),OUT-OF-NETWORK,PERCENT PLAN PAYS,80,70,50,70,50,1,5,low,low,RISK,1
0,1,0,0,Hourly,1596,Yes,Owns,5,2,1,15,1,OUTPATIENT SERVICES (SURGERY),OUT-OF-NETWORK,PERCENT PLAN PAYS,70,70,50,80,50,1,5,low,low,RISK,1
1,1,1,0,Salaried,83,Yes,Owns,2,10,2,15,1,OUTPATIENT SERVICES (SURGERY),OUT-OF-NETWORK,PERCENT PLAN PAYS,70,80,70,50,50,1,5,low,low,RISK,1
1,1,0,1,Salaried,3601,No,Owns,1,4,3,15,1,OUTPATIENT SERVICES (SURGERY),OUT-OF-NETWORK,PERCENT PLAN PAYS,70,50,80,70,50,1,5,low,low,RISK,1
0,0,0,1,Bonus,861,No,Owns,8,2,25,15,1,OUTPATIENT SERVICES (SURGERY),OUT-OF-NETWORK,PERCENT PLAN PAYS,80,50,70,70,50,1,5,low,low,RISK,1
0,1,1,1,Salaried,2240,Yes,Rents,8,10,10,15,1,OUTPATIENT SERVICES (SURGERY),OUT-OF-NETWORK,PERCENT PLAN PAYS,50,80,70,70,50,1,5,low,low,RISK,1
0,0,0,0,Hourly,2384,No,Rents,1,7,6,15,1,OUTPATIENT SERVICES (SURGERY),OUT-OF-NETWORK,PERCENT PLAN PAYS,70,50,80,70,50,1,5,low,low,RISK,1
0,0,0,0,Bonus,2363,Yes,Rents,6,5,5,15,1,OUTPATIENT SERVICES (SURGERY),OUT-OF-NETWORK,PERCENT PLAN PAYS,80,70,70,50,50,1,5,low,low,RISK,1
0,0,1,0,Salaried,4539,No,Owns,3,10,8,15,1,OUTPATIENT SERVICES (SURGERY),OUT-OF-NETWORK,PERCENT PLAN PAYS,50,70,70,80,50,1,5,low,low,RISK,1
0,0,0,0,Bonus,489,No,Rents,3,0,4,15,1,OUTPATIENT SERVICES (SURGERY),OUT-OF-NETWORK,PERCENT PLAN PAYS,70,80,50,70,50,1,5,low,low,RISK,1
0,1,0,1,Bonus,4623,Yes,Owns,2,9,1,15,1,OUTPATIENT SERVICES (SURGERY),OUT-OF-NETWORK,PERCENT PLAN PAYS,50,80,70,70,50,1,5,low,low,RISK,1
0,0,0,0,Salaried,153,Yes,Owns,0,4,5,15,1,OUTPATIENT SERVICES (SURGERY),OUT-OF-NETWORK,PERCENT PLAN PAYS,50,70,80,70,50,1,5,low,low,RISK,1
0,1,1,0,Salaried,3954,No,Owns,1,1,2,15,1,OUTPATIENT SERVICES (SURGERY),OUT-OF-NETWORK,PERCENT PLAN PAYS,50,80,70,70,50,1,5,low,low,RISK,1
0,0,0,0,Salaried,4742,No,Rents,0,6,5,15,1,OUTPATIENT SERVICES (SURGERY),OUT-OF-NETWORK,PERCENT PLAN PAYS,50,80,70,70,50,1,5,low,low,RISK,1
0,0,0,0,Hourly,3289,No,Rents,8,1,13,15,1,OUTPATIENT SERVICES (SURGERY),OUT-OF-NETWORK,PERCENT PLAN PAYS,70,80,50,70,50,1,5,low,low,RISK,1
0,0,0,0,Bonus,3409,Yes,Rents,6,3,4,15,1,OUTPATIENT SERVICES (SURGERY),OUT-OF-NETWORK,PERCENT PLAN PAYS,50,80,70,70,50,1,5,low,low,RISK,1
0,0,1,0,Bonus,3179,No,Rents,2,2,0,15,1,OUTPATIENT SERVICES (SURGERY),OUT-OF-NETWORK,PERCENT PLAN PAYS,80,70,50,70,50,1,5,low,low,RISK,1
0,0,0,0,Bonus,4271,No,Rents,3,5,12,15,1,OUTPATIENT SERVICES (SURGERY),OUT-OF-NETWORK,PERCENT PLAN PAYS,80,70,70,50,50,1,5,low,low,RISK,1
0,0,0,0,Hourly,4605,Yes,Rents,4,6,13,15,1,OUTPATIENT SERVICES (SURGERY),OUT-OF-NETWORK,PERCENT PLAN PAYS,50,80,70,70,50,1,5,low,low,RISK,1
0,1,1,1,Salaried,3042,Yes,Rents,1,4,5,15,1,OUTPATIENT SERVICES (SURGERY),OUT-OF-NETWORK,PERCENT PLAN PAYS,70,80,70,50,50,1,5,low,low,RISK,1
0,1,1,0,Hourly,170,No,Rents,9,4,8,15,1,OUTPATIENT SERVICES (SURGERY),OUT-OF-NETWORK,PERCENT PLAN PAYS,70,80,50,70,50,1,5,low,low,RISK,1
0,0,0,1,Salaried,2062,No,Rents,2,9,4,15,1,OUTPATIENT SERVICES (SURGERY),OUT-OF-NETWORK,PERCENT PLAN PAYS,50,80,70,70,50,1,5,low,low,RISK,1
1,0,1,1,Bonus,1962,No,Rents,0,7,9,15,1,OUTPATIENT SERVICES (SURGERY),OUT-OF-NETWORK,PERCENT PLAN PAYS,70,50,80,70,50,1,5,low,low,RISK,1
0,0,0,0,Bonus,1006,No,Owns,5,5,23,15,1,OUTPATIENT SERVICES (SURGERY),OUT-OF-NETWORK,PERCENT PLAN PAYS,50,80,70,70,50,1,5,low,low,RISK,1
0,1,0,1,Salaried,4555,No,Rents,2,1,9,15,1,OUTPATIENT SERVICES (SURGERY),OUT-OF-NETWORK,PERCENT PLAN PAYS,70,50,70,80,50,1,5,low,low,RISK,1
1,0,1,0,Bonus,458,No,Rents,4,8,6,15,1,OUTPATIENT SERVICES (SURGERY),OUT-OF-NETWORK,PERCENT PLAN PAYS,70,70,50,80,50,1,5,low,low,RISK,1
1,0,1,0,Hourly,1593,No,Owns,0,2,1,15,1,OUTPATIENT SERVICES (SURGERY),OUT-OF-NETWORK,PERCENT PLAN PAYS,80,70,50,70,50,1,5,low,low,RISK,1
0,1,0,0,Hourly,4519,Yes,Owns,4,10,2,15,1,OUTPATIENT SERVICES (SURGERY),OUT-OF-NETWORK,PERCENT PLAN PAYS,80,70,70,50,50,1,5,low,low,RISK,1
0,1,0,0,Bonus,2639,No,Rents,0,4,3,15,1,OUTPATIENT SERVICES (SURGERY),OUT-OF-NETWORK,PERCENT PLAN PAYS,50,80,70,70,50,1,5,low,low,RISK,1
0,0,1,0,Hourly,2563,Yes,Rents,8,2,25,15,1,OUTPATIENT SERVICES (SURGERY),OUT-OF-NETWORK,PERCENT PLAN PAYS,70,50,80,70,50,1,5,low,low,RISK,1
0,0,1,1,Bonus,2810,Yes,Owns,8,10,10,15,1,OUTPATIENT SERVICES (SURGERY),OUT-OF-NETWORK,PERCENT PLAN PAYS,50,70,70,80,50,1,5,low,low,RISK,1
0,0,0,1,Hourly,2954,Yes,Owns,10,7,6,15,1,OUTPATIENT SERVICES (SURGERY),OUT-OF-NETWORK,PERCENT PLAN PAYS,70,50,80,70,50,1,5,low,low,RISK,1
0,0,1,0,Hourly,2299,Yes,Owns,6,5,5,15,1,OUTPATIENT SERVICES (SURGERY),OUT-OF-NETWORK,PERCENT PLAN PAYS,70,50,80,70,50,1,5,low,low,RISK,1
0,0,1,1,Hourly,1155,No,Rents,1,10,8,15,1,OUTPATIENT SERVICES (SURGERY),OUT-OF-NETWORK,PERCENT PLAN PAYS,70,50,70,80,50,1,5,low,low,RISK,1
1,0,1,0,Bonus,1856,Yes,Rents,7,0,4,15,1,OUTPATIENT SERVICES (SURGERY),OUT-OF-NETWORK,PERCENT PLAN PAYS,80,70,50,70,50,1,5,low,low,RISK,1
1,1,0,0,Salaried,3352,Yes,Rents,1,9,1,15,1,OUTPATIENT SERVICES (SURGERY),OUT-OF-NETWORK,PERCENT PLAN PAYS,80,70,50,70,50,1,5,low,low,RISK,1
1,0,0,0,Hourly,3735,Yes,Owns,8,4,5,15,1,OUTPATIENT SERVICES (SURGERY),OUT-OF-NETWORK,PERCENT PLAN PAYS,80,50,70,70,50,1,5,low,low,RISK,1
1,0,0,1,Salaried,1125,Yes,Rents,1,1,2,15,1,OUTPATIENT SERVICES (SURGERY),OUT-OF-NETWORK,PERCENT PLAN PAYS,70,70,50,80,50,1,5,low,low,RISK,1
1,0,1,0,Bonus,4695,No,Owns,0,6,5,15,1,OUTPATIENT SERVICES (SURGERY),OUT-OF-NETWORK,PERCENT PLAN PAYS,80,70,70,50,50,1,5,low,low,RISK,1
0,0,0,1,Salaried,1210,No,Rents,9,1,13,15,1,OUTPATIENT SERVICES (SURGERY),OUT-OF-NETWORK,PERCENT PLAN PAYS,70,80,70,50,50,1,5,low,low,RISK,1
1,1,1,0,Bonus,3149,No,Owns,1,3,4,15,1,OUTPATIENT SERVICES (SURGERY),OUT-OF-NETWORK,PERCENT PLAN PAYS,80,70,70,50,50,1,5,low,low,RISK,1
1,0,0,0,Bonus,3757,No,Rents,1,2,0,15,1,OUTPATIENT SERVICES (SURGERY),OUT-OF-NETWORK,PERCENT PLAN PAYS,80,50,70,70,50,1,5,low,low,RISK,1
1,0,1,1,Salaried,4038,Yes,Rents,5,5,12,15,1,OUTPATIENT SERVICES (SURGERY),OUT-OF-NETWORK,PERCENT PLAN PAYS,80,50,70,70,50,1,5,low,low,RISK,1
0,0,0,1,Bonus,381,No,Owns,2,6,13,15,1,OUTPATIENT SERVICES (SURGERY),OUT-OF-NETWORK,PERCENT PLAN PAYS,70,50,70,80,50,1,5,low,low,RISK,1
0,0,0,0,Hourly,2879,Yes,Rents,9,4,5,15,1,OUTPATIENT SERVICES (SURGERY),OUT-OF-NETWORK,PERCENT PLAN PAYS,50,80,70,70,50,1,5,low,low,RISK,1
0,1,0,0,Hourly,2246,No,Owns,9,4,8,15,1,OUTPATIENT SERVICES (SURGERY),OUT-OF-NETWORK,PERCENT PLAN PAYS,80,70,50,70,50,1,5,low,low,RISK,1
0,1,0,0,Hourly,3337,No,Rents,1,9,4,15,1,OUTPATIENT SERVICES (SURGERY),OUT-OF-NETWORK,PERCENT PLAN PAYS,50,70,70,80,50,1,5,low,low,RISK,1
1,0,0,0,Hourly,874,No,Owns,9,7,9,15,1,OUTPATIENT SERVICES (SURGERY),OUT-OF-NETWORK,PERCENT PLAN PAYS,70,70,80,50,50,1,5,low,low,RISK,1
0,1,0,0,Hourly,4470,Yes,Owns,0,5,23,15,1,OUTPATIENT SERVICES (SURGERY),OUT-OF-NETWORK,PERCENT PLAN PAYS,50,70,70,80,50,1,5,low,low,RISK,1
1,0,1,0,Hourly,3252,Yes,Owns,4,1,9,15,1,OUTPATIENT SERVICES (SURGERY),OUT-OF-NETWORK,PERCENT PLAN PAYS,80,50,70,70,50,1,5,low,low,RISK,1
0,1,0,0,Hourly,176,Yes,Rents,3,8,6,15,1,OUTPATIENT SERVICES (SURGERY),OUT-OF-NETWORK,PERCENT PLAN PAYS,70,50,70,80,50,1,5,low,low,RISK,1
0,0,1,0,Hourly,3681,Yes,Owns,1,2,1,15,1,OUTPATIENT SERVICES (SURGERY),OUT-OF-NETWORK,PERCENT PLAN PAYS,70,70,80,50,50,1,5,low,low,RISK,1
0,1,1,1,Hourly,1019,Yes,Owns,8,10,2,15,1,OUTPATIENT SERVICES (SURGERY),OUT-OF-NETWORK,PERCENT PLAN PAYS,50,70,70,80,50,1,5,low,low,RISK,1
0,1,1,0,Bonus,4493,Yes,Owns,10,4,3,15,1,OUTPATIENT SERVICES (SURGERY),OUT-OF-NETWORK,PERCENT PLAN PAYS,70,70,50,80,50,1,5,low,low,RISK,1
0,1,1,0,Salaried,1012,Yes,Owns,8,2,25,15,1,OUTPATIENT SERVICES (SURGERY),OUT-OF-NETWORK,PERCENT PLAN PAYS,70,70,50,80,50,1,5,low,low,RISK,1
0,0,0,0,Bonus,1248,Yes,Rents,1,10,10,15,1,OUTPATIENT SERVICES (SURGERY),OUT-OF-NETWORK,PERCENT PLAN PAYS,80,70,70,50,50,1,5,low,low,RISK,1
0,0,0,0,Salaried,1214,No,Owns,1,7,6,15,1,OUTPATIENT SERVICES (SURGERY),OUT-OF-NETWORK,PERCENT PLAN PAYS,50,80,70,70,50,1,5,low,low,RISK,1
1,0,0,0,Salaried,2852,Yes,Rents,1,5,5,15,1,OUTPATIENT SERVICES (SURGERY),OUT-OF-NETWORK,PERCENT PLAN PAYS,80,50,70,70,50,1,5,low,low,RISK,1
0,0,0,0,Bonus,1440,Yes,Owns,4,10,8,15,1,OUTPATIENT SERVICES (SURGERY),OUT-OF-NETWORK,PERCENT PLAN PAYS,50,80,70,70,50,1,5,low,low,RISK,1
1,0,1,0,Bonus,2951,No,Owns,4,0,4,15,1,OUTPATIENT SERVICES (SURGERY),OUT-OF-NETWORK,PERCENT PLAN PAYS,70,70,50,80,50,1,5,low,low,RISK,1
2,1,0,2,Salaried,4377,No,Rents,10,19,27,15,2,OUTPATIENT SERVICES (SURGERY),OUT-OF-NETWORK,PERCENT PLAN PAYS,70,50,70,80,50,1,10,low,low,RISK,1
0,1,1,0,Salaried,1919,No,Owns,10,15,31,15,2,OUTPATIENT SERVICES (SURGERY),OUT-OF-NETWORK,PERCENT PLAN PAYS,50,80,70,70,50,1,10,low,low,RISK,1
1,1,0,0,Salaried,4671,Yes,Rents,15,12,28,15,2,OUTPATIENT SERVICES (SURGERY),OUT-OF-NETWORK,PERCENT PLAN PAYS,50,80,70,70,50,1,10,low,low,RISK,1
2,1,0,0,Bonus,1139,No,Owns,13,16,31,15,2,OUTPATIENT SERVICES (SURGERY),OUT-OF-NETWORK,PERCENT PLAN PAYS,70,70,50,80,50,1,10,low,low,RISK,1
0,1,2,0,Salaried,912,Yes,Rents,16,14,30,15,2,OUTPATIENT SERVICES (SURGERY),OUT-OF-NETWORK,PERCENT PLAN PAYS,50,80,70,70,50,1,10,low,low,RISK,1
1,0,2,1,Hourly,3561,Yes,Owns,12,13,26,15,2,OUTPATIENT SERVICES (SURGERY),OUT-OF-NETWORK,PERCENT PLAN PAYS,70,80,70,50,50,1,10,low,low,RISK,1
1,2,0,0,Hourly,4350,No,Rents,7,16,37,15,2,OUTPATIENT SERVICES (SURGERY),OUT-OF-NETWORK,PERCENT PLAN PAYS,70,80,70,50,50,1,10,low,low,RISK,1
2,2,1,2,Salaried,3664,No,Owns,7,16,39,15,2,OUTPATIENT SERVICES (SURGERY),OUT-OF-NETWORK,PERCENT PLAN PAYS,50,70,70,80,50,1,10,low,low,RISK,1
0,0,0,1,Bonus,1972,Yes,Owns,17,14,30,15,2,OUTPATIENT SERVICES (SURGERY),OUT-OF-NETWORK,PERCENT PLAN PAYS,50,80,70,70,50,1,10,low,low,RISK,1
1,0,2,2,Salaried,1235,Yes,Rents,14,14,34,15,2,OUTPATIENT SERVICES (SURGERY),OUT-OF-NETWORK,PERCENT PLAN PAYS,50,80,70,70,50,1,10,low,low,RISK,1
0,2,0,1,Bonus,2294,Yes,Owns,10,19,30,15,2,OUTPATIENT SERVICES (SURGERY),OUT-OF-NETWORK,PERCENT PLAN PAYS,50,70,80,70,50,1,10,low,low,RISK,1
0,1,2,0,Salaried,4592,Yes,Rents,16,17,35,15,2,OUTPATIENT SERVICES (SURGERY),OUT-OF-NETWORK,PERCENT PLAN PAYS,70,80,70,50,50,1,10,low,low,RISK,1
0,0,1,1,Hourly,2183,Yes,Owns,6,15,48,15,2,OUTPATIENT SERVICES (SURGERY),OUT-OF-NETWORK,PERCENT PLAN PAYS,80,70,50,70,50,1,10,low,low,RISK,1
1,1,2,1,Salaried,1622,Yes,Rents,8,12,35,15,2,OUTPATIENT SERVICES (SURGERY),OUT-OF-NETWORK,PERCENT PLAN PAYS,70,50,80,70,50,1,10,low,low,RISK,1
1,2,1,2,Salaried,4259,Yes,Rents,6,18,32,15,2,OUTPATIENT SERVICES (SURGERY),OUT-OF-NETWORK,PERCENT PLAN PAYS,80,70,50,70,50,1,10,low,low,RISK,1
2,1,1,2,Salaried,4138,No,Owns,17,13,27,15,2,OUTPATIENT SERVICES (SURGERY),OUT-OF-NETWORK,PERCENT PLAN PAYS,80,70,50,70,50,1,10,low,low,RISK,1
2,0,1,2,Bonus,2742,No,Owns,17,20,28,15,2,OUTPATIENT SERVICES (SURGERY),OUT-OF-NETWORK,PERCENT PLAN PAYS,70,50,80,70,50,1,10,low,low,RISK,1
1,1,0,2,Bonus,4027,Yes,Rents,8,14,29,15,2,OUTPATIENT SERVICES (SURGERY),OUT-OF-NETWORK,PERCENT PLAN PAYS,50,70,80,70,50,1,10,low,low,RISK,1
1,1,0,0,Bonus,3643,No,Rents,16,13,50,15,2,OUTPATIENT SERVICES (SURGERY),OUT-OF-NETWORK,PERCENT PLAN PAYS,50,70,80,70,50,1,10,low,low,RISK,1
1,0,2,0,Salaried,1855,No,Rents,17,20,35,15,2,OUTPATIENT SERVICES (SURGERY),OUT-OF-NETWORK,PERCENT PLAN PAYS,70,80,70,50,50,1,10,low,low,RISK,1
1,2,0,1,Bonus,4199,No,Owns,14,17,32,15,2,OUTPATIENT SERVICES (SURGERY),OUT-OF-NETWORK,PERCENT PLAN PAYS,70,50,70,80,50,1,10,low,low,RISK,1
1,1,1,1,Salaried,2175,No,Owns,16,20,34,15,2,OUTPATIENT SERVICES (SURGERY),OUT-OF-NETWORK,PERCENT PLAN PAYS,70,70,80,50,50,1,10,low,low,RISK,1
1,1,0,0,Bonus,2804,No,Owns,11,11,30,15,2,OUTPATIENT SERVICES (SURGERY),OUT-OF-NETWORK,PERCENT PLAN PAYS,50,80,70,70,50,1,10,low,low,RISK,1
2,1,2,1,Bonus,2793,Yes,Owns,17,19,27,15,2,OUTPATIENT SERVICES (SURGERY),OUT-OF-NETWORK,PERCENT PLAN PAYS,70,50,70,80,50,1,10,low,low,RISK,1
2,0,2,0,Salaried,1366,No,Owns,14,15,31,15,2,OUTPATIENT SERVICES (SURGERY),OUT-OF-NETWORK,PERCENT PLAN PAYS,80,50,70,70,50,1,10,low,low,RISK,1
0,1,1,2,Salaried,3990,No,Rents,13,12,28,15,2,OUTPATIENT SERVICES (SURGERY),OUT-OF-NETWORK,PERCENT PLAN PAYS,80,70,50,70,50,1,10,low,low,RISK,1
0,1,1,0,Salaried,1625,No,Owns,16,16,31,15,2,OUTPATIENT SERVICES (SURGERY),OUT-OF-NETWORK,PERCENT PLAN PAYS,50,80,70,70,50,1,10,low,low,RISK,1
1,2,0,0,Hourly,1178,No,Owns,5,12,39,15,2,OUTPATIENT SERVICES (SURGERY),OUT-OF-NETWORK,PERCENT PLAN PAYS,50,70,80,70,50,1,10,low,low,RISK,1
1,1,0,0,Hourly,2665,No,Rents,8,14,30,15,2,OUTPATIENT SERVICES (SURGERY),OUT-OF-NETWORK,PERCENT PLAN PAYS,70,70,50,80,50,1,10,low,low,RISK,1
1,1,2,0,Hourly,4144,No,Owns,9,13,26,15,2,OUTPATIENT SERVICES (SURGERY),OUT-OF-NETWORK,PERCENT PLAN PAYS,50,70,80,70,50,1,10,low,low,RISK,1
1,1,2,0,Hourly,2547,Yes,Owns,14,16,37,15,2,OUTPATIENT SERVICES (SURGERY),OUT-OF-NETWORK,PERCENT PLAN PAYS,80,70,50,70,50,1,10,low,low,RISK,1
1,1,1,0,Hourly,152,Yes,Owns,15,16,39,15,2,OUTPATIENT SERVICES (SURGERY),OUT-OF-NETWORK,PERCENT PLAN PAYS,70,80,50,70,50,1,10,low,low,RISK,1
2,2,1,1,Bonus,2404,Yes,Owns,11,14,34,15,2,OUTPATIENT SERVICES (SURGERY),OUT-OF-NETWORK,PERCENT PLAN PAYS,80,50,70,70,50,1,10,low,low,RISK,1
2,0,1,2,Bonus,144,Yes,Owns,10,19,30,15,2,OUTPATIENT SERVICES (SURGERY),OUT-OF-NETWORK,PERCENT PLAN PAYS,80,70,70,50,50,1,10,low,low,RISK,1
2,0,1,0,Hourly,2250,No,Owns,11,17,35,15,2,OUTPATIENT SERVICES (SURGERY),OUT-OF-NETWORK,PERCENT PLAN PAYS,70,50,70,80,50,1,10,low,low,RISK,1
2,0,0,0,Hourly,4826,No,Owns,10,15,48,15,2,OUTPATIENT SERVICES (SURGERY),OUT-OF-NETWORK,PERCENT PLAN PAYS,70,80,70,50,50,1,10,low,low,RISK,1
1,1,0,0,Salaried,792,No,Owns,12,12,35,15,2,OUTPATIENT SERVICES (SURGERY),OUT-OF-NETWORK,PERCENT PLAN PAYS,70,80,70,50,50,1,10,low,low,RISK,1
0,2,0,1,Hourly,3429,No,Rents,15,18,32,15,2,OUTPATIENT SERVICES (SURGERY),OUT-OF-NETWORK,PERCENT PLAN PAYS,70,70,80,50,50,1,10,low,low,RISK,1
0,2,0,1,Hourly,1596,Yes,Owns,11,13,27,15,2,OUTPATIENT SERVICES (SURGERY),OUT-OF-NETWORK,PERCENT PLAN PAYS,50,70,70,80,50,1,10,low,low,RISK,1
1,1,2,0,Salaried,83,Yes,Owns,7,20,28,15,2,OUTPATIENT SERVICES (SURGERY),OUT-OF-NETWORK,PERCENT PLAN PAYS,50,70,70,80,50,1,10,low,low,RISK,1
1,2,0,2,Salaried,3601,No,Owns,6,14,29,15,2,OUTPATIENT SERVICES (SURGERY),OUT-OF-NETWORK,PERCENT PLAN PAYS,70,70,50,80,50,1,10,low,low,RISK,1
1,1,0,1,Bonus,861,No,Owns,15,13,50,15,2,OUTPATIENT SERVICES (SURGERY),OUT-OF-NETWORK,PERCENT PLAN PAYS,50,70,70,80,50,1,10,low,low,RISK,1
0,2,2,2,Salaried,2240,Yes,Rents,15,20,35,15,2,OUTPATIENT SERVICES (SURGERY),OUT-OF-NETWORK,PERCENT PLAN PAYS,80,70,50,70,50,1,10,low,low,RISK,1
1,0,0,0,Hourly,2384,No,Rents,6,17,32,15,2,OUTPATIENT SERVICES (SURGERY),OUT-OF-NETWORK,PERCENT PLAN PAYS,70,50,70,80,50,1,10,low,low,RISK,1
0,0,0,0,Bonus,2363,Yes,Rents,12,16,31,15,2,OUTPATIENT SERVICES (SURGERY),OUT-OF-NETWORK,PERCENT PLAN PAYS,80,50,70,70,50,1,10,low,low,RISK,1
1,1,2,0,Salaried,4539,No,Owns,10,20,34,15,2,OUTPATIENT SERVICES (SURGERY),OUT-OF-NETWORK,PERCENT PLAN PAYS,70,50,70,80,50,1,10,low,low,RISK,1
1,1,0,0,Bonus,489,No,Rents,9,11,30,15,2,OUTPATIENT SERVICES (SURGERY),OUT-OF-NETWORK,PERCENT PLAN PAYS,80,70,70,50,50,1,10,low,low,RISK,1
1,2,0,2,Bonus,4623,Yes,Owns,7,19,27,15,2,OUTPATIENT SERVICES (SURGERY),OUT-OF-NETWORK,PERCENT PLAN PAYS,80,50,70,70,50,1,10,low,low,RISK,1
1,0,0,0,Salaried,153,Yes,Owns,5,15,31,15,2,OUTPATIENT SERVICES (SURGERY),OUT-OF-NETWORK,PERCENT PLAN PAYS,80,70,50,70,50,1,10,low,low,RISK,1
0,2,2,1,Salaried,3954,No,Owns,6,12,28,15,2,OUTPATIENT SERVICES (SURGERY),OUT-OF-NETWORK,PERCENT PLAN PAYS,70,70,80,50,50,1,10,low,low,RISK,1
0,1,0,0,Salaried,4742,No,Rents,5,16,31,15,2,OUTPATIENT SERVICES (SURGERY),OUT-OF-NETWORK,PERCENT PLAN PAYS,80,50,70,70,50,1,10,low,low,RISK,1
0,0,0,1,Hourly,3289,No,Rents,15,12,39,15,2,OUTPATIENT SERVICES (SURGERY),OUT-OF-NETWORK,PERCENT PLAN PAYS,80,50,70,70,50,1,10,low,low,RISK,1
0,0,1,1,Bonus,3409,Yes,Rents,13,14,30,15,2,OUTPATIENT SERVICES (SURGERY),OUT-OF-NETWORK,PERCENT PLAN PAYS,70,50,70,80,50,1,10,low,low,RISK,1
0,0,2,1,Bonus,3179,No,Rents,8,13,26,15,2,OUTPATIENT SERVICES (SURGERY),OUT-OF-NETWORK,PERCENT PLAN PAYS,50,70,80,70,50,1,10,low,low,RISK,1
0,0,0,1,Bonus,4271,No,Rents,9,16,37,15,2,OUTPATIENT SERVICES (SURGERY),OUT-OF-NETWORK,PERCENT PLAN PAYS,80,70,50,70,50,1,10,low,low,RISK,1
0,0,0,0,Hourly,4605,Yes,Rents,10,16,39,15,2,OUTPATIENT SERVICES (SURGERY),OUT-OF-NETWORK,PERCENT PLAN PAYS,70,50,80,70,50,1,10,low,low,RISK,1
0,2,2,2,Salaried,3042,Yes,Rents,6,14,30,15,2,OUTPATIENT SERVICES (SURGERY),OUT-OF-NETWORK,PERCENT PLAN PAYS,50,70,70,80,50,1,10,low,low,RISK,1
0,2,2,0,Hourly,170,No,Rents,16,14,34,15,2,OUTPATIENT SERVICES (SURGERY),OUT-OF-NETWORK,PERCENT PLAN PAYS,70,70,50,80,50,1,10,low,low,RISK,1
0,1,0,2,Salaried,2062,No,Rents,7,19,30,15,2,OUTPATIENT SERVICES (SURGERY),OUT-OF-NETWORK,PERCENT PLAN PAYS,70,70,50,80,50,1,10,low,low,RISK,1
1,1,2,2,Bonus,1962,No,Rents,5,17,35,15,2,OUTPATIENT SERVICES (SURGERY),OUT-OF-NETWORK,PERCENT PLAN PAYS,80,50,70,70,50,1,10,low,low,RISK,1
0,0,0,0,Bonus,1006,No,Owns,11,15,48,15,2,OUTPATIENT SERVICES (SURGERY),OUT-OF-NETWORK,PERCENT PLAN PAYS,50,80,70,70,50,1,10,low,low,RISK,1
0,2,1,2,Salaried,4555,No,Rents,8,12,35,15,2,OUTPATIENT SERVICES (SURGERY),OUT-OF-NETWORK,PERCENT PLAN PAYS,70,80,50,70,50,1,10,low,low,RISK,1
2,1,1,0,Bonus,458,No,Rents,10,18,32,15,2,OUTPATIENT SERVICES (SURGERY),OUT-OF-NETWORK,PERCENT PLAN PAYS,70,80,50,70,50,1,10,low,low,RISK,1
2,0,2,1,Hourly,1593,No,Owns,5,13,27,15,2,OUTPATIENT SERVICES (SURGERY),OUT-OF-NETWORK,PERCENT PLAN PAYS,80,70,50,70,50,1,10,low,low,RISK,1
0,2,0,1,Hourly,4519,Yes,Owns,11,20,28,15,2,OUTPATIENT SERVICES (SURGERY),OUT-OF-NETWORK,PERCENT PLAN PAYS,70,80,50,70,50,1,10,low,low,RISK,1
0,1,0,0,Bonus,2639,No,Rents,5,14,29,15,2,OUTPATIENT SERVICES (SURGERY),OUT-OF-NETWORK,PERCENT PLAN PAYS,70,80,50,70,50,1,10,low,low,RISK,1
0,0,2,1,Hourly,2563,Yes,Rents,15,13,50,15,2,OUTPATIENT SERVICES (SURGERY),OUT-OF-NETWORK,PERCENT PLAN PAYS,70,80,50,70,50,1,10,low,low,RISK,1
0,1,2,1,Bonus,2810,Yes,Owns,15,20,35,15,2,OUTPATIENT SERVICES (SURGERY),OUT-OF-NETWORK,PERCENT PLAN PAYS,70,50,70,80,50,1,10,low,low,RISK,1
1,1,0,1,Hourly,2954,Yes,Owns,18,17,32,15,2,OUTPATIENT SERVICES (SURGERY),OUT-OF-NETWORK,PERCENT PLAN PAYS,70,50,80,70,50,1,10,low,low,RISK,1
1,0,2,0,Hourly,2299,Yes,Owns,13,16,31,15,2,OUTPATIENT SERVICES (SURGERY),OUT-OF-NETWORK,PERCENT PLAN PAYS,80,50,70,70,50,1,10,low,low,RISK,1
0,0,1,2,Hourly,1155,No,Rents,6,20,34,15,2,OUTPATIENT SERVICES (SURGERY),OUT-OF-NETWORK,PERCENT PLAN PAYS,50,70,70,80,50,1,10,low,low,RISK,1
1,0,2,0,Bonus,1856,Yes,Rents,14,11,30,15,2,OUTPATIENT SERVICES (SURGERY),OUT-OF-NETWORK,PERCENT PLAN PAYS,70,70,50,80,50,1,10,low,low,RISK,1
2,1,1,0,Salaried,3352,Yes,Rents,6,19,27,15,2,OUTPATIENT SERVICES (SURGERY),OUT-OF-NETWORK,PERCENT PLAN PAYS,80,70,70,50,50,1,10,low,low,RISK,1
2,0,0,1,Hourly,3735,Yes,Owns,15,15,31,15,2,OUTPATIENT SERVICES (SURGERY),OUT-OF-NETWORK,PERCENT PLAN PAYS,80,50,70,70,50,1,10,low,low,RISK,1
2,1,0,2,Salaried,1125,Yes,Rents,6,12,28,15,2,OUTPATIENT SERVICES (SURGERY),OUT-OF-NETWORK,PERCENT PLAN PAYS,70,70,80,50,50,1,10,low,low,RISK,1
2,0,1,0,Bonus,4695,No,Owns,5,16,31,15,2,OUTPATIENT SERVICES (SURGERY),OUT-OF-NETWORK,PERCENT PLAN PAYS,70,50,70,80,50,1,10,low,low,RISK,1
1,1,1,1,Salaried,1210,No,Rents,17,12,39,15,2,OUTPATIENT SERVICES (SURGERY),OUT-OF-NETWORK,PERCENT PLAN PAYS,50,80,70,70,50,1,10,low,low,RISK,1
1,2,1,0,Bonus,3149,No,Owns,6,14,30,15,2,OUTPATIENT SERVICES (SURGERY),OUT-OF-NETWORK,PERCENT PLAN PAYS,70,70,80,50,50,1,10,low,low,RISK,1
1,1,1,1,Bonus,3757,No,Rents,6,13,26,15,2,OUTPATIENT SERVICES (SURGERY),OUT-OF-NETWORK,PERCENT PLAN PAYS,50,80,70,70,50,1,10,low,low,RISK,1
1,0,2,1,Salaried,4038,Yes,Rents,12,16,37,15,2,OUTPATIENT SERVICES (SURGERY),OUT-OF-NETWORK,PERCENT PLAN PAYS,80,50,70,70,50,1,10,low,low,RISK,1
0,0,0,2,Bonus,381,No,Owns,8,16,39,15,2,OUTPATIENT SERVICES (SURGERY),OUT-OF-NETWORK,PERCENT PLAN PAYS,50,70,70,80,50,1,10,low,low,RISK,1
0,0,1,1,Hourly,2879,Yes,Rents,16,14,30,15,2,OUTPATIENT SERVICES (SURGERY),OUT-OF-NETWORK,PERCENT PLAN PAYS,70,80,50,70,50,1,10,low,low,RISK,1
1,2,0,0,Hourly,2246,No,Owns,17,14,34,15,2,OUTPATIENT SERVICES (SURGERY),OUT-OF-NETWORK,PERCENT PLAN PAYS,80,70,70,50,50,1,10,low,low,RISK,1
0,2,1,0,Hourly,3337,No,Rents,7,19,30,15,2,OUTPATIENT SERVICES (SURGERY),OUT-OF-NETWORK,PERCENT PLAN PAYS,80,70,70,50,50,1,10,low,low,RISK,1
1,1,1,1,Hourly,874,No,Owns,17,17,35,15,2,OUTPATIENT SERVICES (SURGERY),OUT-OF-NETWORK,PERCENT PLAN PAYS,70,50,80,70,50,1,10,low,low,RISK,1
0,1,0,0,Hourly,4470,Yes,Owns,6,15,48,15,2,OUTPATIENT SERVICES (SURGERY),OUT-OF-NETWORK,PERCENT PLAN PAYS,70,80,70,50,50,1,10,low,low,RISK,1
2,0,1,1,Hourly,3252,Yes,Owns,10,12,35,15,2,OUTPATIENT SERVICES (SURGERY),OUT-OF-NETWORK,PERCENT PLAN PAYS,70,80,70,50,50,1,10,low,low,RISK,1
0,2,0,1,Hourly,176,Yes,Rents,9,18,32,15,2,OUTPATIENT SERVICES (SURGERY),OUT-OF-NETWORK,PERCENT PLAN PAYS,50,70,70,80,50,1,10,low,low,RISK,1
1,0,2,0,Hourly,3681,Yes,Owns,6,13,27,15,2,OUTPATIENT SERVICES (SURGERY),OUT-OF-NETWORK,PERCENT PLAN PAYS,50,80,70,70,50,1,10,low,low,RISK,1
1,2,1,2,Hourly,1019,Yes,Owns,15,20,28,15,2,OUTPATIENT SERVICES (SURGERY),OUT-OF-NETWORK,PERCENT PLAN PAYS,80,70,50,70,50,1,10,low,low,RISK,1
1,2,1,1,Bonus,4493,Yes,Owns,18,14,29,15,2,OUTPATIENT SERVICES (SURGERY),OUT-OF-NETWORK,PERCENT PLAN PAYS,70,70,80,50,50,1,10,low,low,RISK,1
1,2,2,0,Salaried,1012,Yes,Owns,15,13,50,15,2,OUTPATIENT SERVICES (SURGERY),OUT-OF-NETWORK,PERCENT PLAN PAYS,50,80,70,70,50,1,10,low,low,RISK,1
0,0,1,1,Bonus,1248,Yes,Rents,7,20,35,15,2,OUTPATIENT SERVICES (SURGERY),OUT-OF-NETWORK,PERCENT PLAN PAYS,70,80,50,70,50,1,10,low,low,RISK,1
0,0,1,0,Salaried,1214,No,Owns,6,17,32,15,2,OUTPATIENT SERVICES (SURGERY),OUT-OF-NETWORK,PERCENT PLAN PAYS,80,70,50,70,50,1,10,low,low,RISK,1
1,0,1,0,Salaried,2852,Yes,Rents,6,16,31,15,2,OUTPATIENT SERVICES (SURGERY),OUT-OF-NETWORK,PERCENT PLAN PAYS,80,50,70,70,50,1,10,low,low,RISK,1
1,0,0,0,Bonus,1440,Yes,Owns,10,20,34,15,2,OUTPATIENT SERVICES (SURGERY),OUT-OF-NETWORK,PERCENT PLAN PAYS,80,70,70,50,50,1,10,low,low,RISK,1
1,0,1,0,Bonus,2951,No,Owns,11,11,30,15,2,OUTPATIENT SERVICES (SURGERY),OUT-OF-NETWORK,PERCENT PLAN PAYS,70,50,80,70,50,1,10,low,low,RISK,1
3,2,1,3,Salaried,4377,No,Rents,24,48,52,15,3,OUTPATIENT SERVICES (SURGERY),OUT-OF-NETWORK,PERCENT PLAN PAYS,70,70,80,50,70,2,20,low,low,RISK,1
1,1,2,1,Salaried,1919,No,Owns,25,33,56,15,3,OUTPATIENT SERVICES (SURGERY),OUT-OF-NETWORK,PERCENT PLAN PAYS,50,80,70,70,70,2,20,low,low,RISK,1
2,2,1,1,Salaried,4671,Yes,Rents,33,23,53,15,3,OUTPATIENT SERVICES (SURGERY),OUT-OF-NETWORK,PERCENT PLAN PAYS,50,80,70,70,70,2,20,low,low,RISK,1
3,2,1,1,Bonus,1139,No,Owns,29,38,56,15,3,OUTPATIENT SERVICES (SURGERY),OUT-OF-NETWORK,PERCENT PLAN PAYS,70,50,70,80,70,2,20,low,low,RISK,1
1,2,3,2,Bonus,3085,No,Rents,23,24,64,15,3,OUTPATIENT SERVICES (SURGERY),OUT-OF-NETWORK,PERCENT PLAN PAYS,50,70,70,80,70,2,20,low,low,RISK,1
1,2,3,1,Salaried,912,Yes,Rents,37,29,55,15,3,OUTPATIENT SERVICES (SURGERY),OUT-OF-NETWORK,PERCENT PLAN PAYS,70,50,80,70,70,2,20,low,low,RISK,1
2,1,3,2,Hourly,3561,Yes,Owns,28,26,51,15,3,OUTPATIENT SERVICES (SURGERY),OUT-OF-NETWORK,PERCENT PLAN PAYS,50,80,70,70,70,2,20,low,low,RISK,1
2,3,1,1,Hourly,4350,No,Rents,19,36,62,15,3,OUTPATIENT SERVICES (SURGERY),OUT-OF-NETWORK,PERCENT PLAN PAYS,50,80,70,70,70,2,20,low,low,RISK,1
3,3,2,3,Salaried,3664,No,Owns,18,38,64,15,3,OUTPATIENT SERVICES (SURGERY),OUT-OF-NETWORK,PERCENT PLAN PAYS,80,70,50,70,70,2,20,low,low,RISK,1
1,1,1,1,Bonus,1972,Yes,Owns,38,31,55,15,3,OUTPATIENT SERVICES (SURGERY),OUT-OF-NETWORK,PERCENT PLAN PAYS,80,50,70,70,70,2,20,low,low,RISK,1
1,1,3,3,Salaried,1235,Yes,Rents,32,31,59,15,3,OUTPATIENT SERVICES (SURGERY),OUT-OF-NETWORK,PERCENT PLAN PAYS,70,50,80,70,70,2,20,low,low,RISK,1
1,3,1,2,Bonus,2294,Yes,Owns,25,47,55,15,3,OUTPATIENT SERVICES (SURGERY),OUT-OF-NETWORK,PERCENT PLAN PAYS,70,80,70,50,70,2,20,low,low,RISK,1
1,2,3,1,Salaried,4592,Yes,Rents,37,41,60,15,3,OUTPATIENT SERVICES (SURGERY),OUT-OF-NETWORK,PERCENT PLAN PAYS,50,70,80,70,70,2,20,low,low,RISK,1
1,1,1,2,Hourly,2183,Yes,Owns,16,35,73,15,3,OUTPATIENT SERVICES (SURGERY),OUT-OF-NETWORK,PERCENT PLAN PAYS,70,80,70,50,70,2,20,low,low,RISK,1
2,2,3,2,Salaried,1622,Yes,Rents,21,24,60,15,3,OUTPATIENT SERVICES (SURGERY),OUT-OF-NETWORK,PERCENT PLAN PAYS,70,70,50,80,70,2,20,low,low,RISK,1
2,3,1,3,Salaried,4259,Yes,Rents,17,43,57,15,3,OUTPATIENT SERVICES (SURGERY),OUT-OF-NETWORK,PERCENT PLAN PAYS,70,80,70,50,70,2,20,low,low,RISK,1
3,2,2,3,Salaried,4138,No,Owns,37,25,52,15,3,OUTPATIENT SERVICES (SURGERY),OUT-OF-NETWORK,PERCENT PLAN PAYS,50,80,70,70,70,2,20,low,low,RISK,1
3,1,2,3,Bonus,2742,No,Owns,39,50,53,15,3,OUTPATIENT SERVICES (SURGERY),OUT-OF-NETWORK,PERCENT PLAN PAYS,70,70,80,50,70,2,20,low,low,RISK,1
1,1,1,3,Bonus,4027,Yes,Rents,21,31,54,15,3,OUTPATIENT SERVICES (SURGERY),OUT-OF-NETWORK,PERCENT PLAN PAYS,70,70,50,80,70,2,20,low,low,RISK,1
2,2,1,1,Bonus,3643,No,Rents,35,26,75,15,3,OUTPATIENT SERVICES (SURGERY),OUT-OF-NETWORK,PERCENT PLAN PAYS,80,70,50,70,70,2,20,low,low,RISK,1
2,1,3,1,Salaried,1855,No,Rents,39,49,60,15,3,OUTPATIENT SERVICES (SURGERY),OUT-OF-NETWORK,PERCENT PLAN PAYS,70,80,70,50,70,2,20,low,low,RISK,1
1,3,2,1,Salaried,358,No,Rents,28,36,56,15,3,OUTPATIENT SERVICES (SURGERY),OUT-OF-NETWORK,PERCENT PLAN PAYS,70,80,70,50,70,2,20,low,low,RISK,1
2,2,2,1,Salaried,2175,No,Owns,35,49,59,15,3,OUTPATIENT SERVICES (SURGERY),OUT-OF-NETWORK,PERCENT PLAN PAYS,80,70,70,50,70,2,20,low,low,RISK,1
2,2,1,1,Bonus,2804,No,Owns,26,20,55,15,3,OUTPATIENT SERVICES (SURGERY),OUT-OF-NETWORK,PERCENT PLAN PAYS,70,70,80,50,70,2,20,low,low,RISK,1
3,3,3,2,Bonus,2793,Yes,Owns,39,48,52,15,3,OUTPATIENT SERVICES (SURGERY),OUT-OF-NETWORK,PERCENT PLAN PAYS,70,50,80,70,70,2,20,low,low,RISK,1
3,1,3,1,Salaried,1366,No,Owns,32,33,56,15,3,OUTPATIENT SERVICES (SURGERY),OUT-OF-NETWORK,PERCENT PLAN PAYS,50,70,80,70,70,2,20,low,low,RISK,1
1,2,2,3,Salaried,3990,No,Rents,30,23,53,15,3,OUTPATIENT SERVICES (SURGERY),OUT-OF-NETWORK,PERCENT PLAN PAYS,80,50,70,70,70,2,20,low,low,RISK,1
1,2,2,1,Salaried,1625,No,Owns,36,38,56,15,3,OUTPATIENT SERVICES (SURGERY),OUT-OF-NETWORK,PERCENT PLAN PAYS,80,70,50,70,70,2,20,low,low,RISK,1
2,3,1,1,Hourly,1178,No,Owns,15,24,64,15,3,OUTPATIENT SERVICES (SURGERY),OUT-OF-NETWORK,PERCENT PLAN PAYS,70,50,80,70,70,2,20,low,low,RISK,1
2,1,1,1,Hourly,2665,No,Rents,20,29,55,15,3,OUTPATIENT SERVICES (SURGERY),OUT-OF-NETWORK,PERCENT PLAN PAYS,70,50,80,70,70,2,20,low,low,RISK,1
2,3,3,1,Hourly,4144,No,Owns,23,26,51,15,3,OUTPATIENT SERVICES (SURGERY),OUT-OF-NETWORK,PERCENT PLAN PAYS,70,70,50,80,70,2,20,low,low,RISK,1
2,2,3,1,Hourly,2547,Yes,Owns,32,36,62,15,3,OUTPATIENT SERVICES (SURGERY),OUT-OF-NETWORK,PERCENT PLAN PAYS,80,70,50,70,70,2,20,low,low,RISK,1
2,1,2,1,Hourly,152,Yes,Owns,34,38,64,15,3,OUTPATIENT SERVICES (SURGERY),OUT-OF-NETWORK,PERCENT PLAN PAYS,50,70,80,70,70,2,20,low,low,RISK,1
1,1,1,1,Bonus,2909,Yes,Rents,23,31,55,15,3,OUTPATIENT SERVICES (SURGERY),OUT-OF-NETWORK,PERCENT PLAN PAYS,80,70,70,50,70,2,20,low,low,RISK,1
3,3,2,2,Bonus,2404,Yes,Owns,27,31,59,15,3,OUTPATIENT SERVICES (SURGERY),OUT-OF-NETWORK,PERCENT PLAN PAYS,50,70,70,80,70,2,20,low,low,RISK,1
3,1,2,3,Bonus,144,Yes,Owns,24,47,55,15,3,OUTPATIENT SERVICES (SURGERY),OUT-OF-NETWORK,PERCENT PLAN PAYS,70,70,80,50,70,2,20,low,low,RISK,1
3,1,2,1,Hourly,2250,No,Owns,26,41,60,15,3,OUTPATIENT SERVICES (SURGERY),OUT-OF-NETWORK,PERCENT PLAN PAYS,70,80,50,70,70,2,20,low,low,RISK,1
3,1,1,1,Hourly,4826,No,Owns,25,35,73,15,3,OUTPATIENT SERVICES (SURGERY),OUT-OF-NETWORK,PERCENT PLAN PAYS,80,50,70,70,70,2,20,low,low,RISK,1
2,2,1,1,Salaried,792,No,Owns,28,24,60,15,3,OUTPATIENT SERVICES (SURGERY),OUT-OF-NETWORK,PERCENT PLAN PAYS,70,70,50,80,70,2,20,low,low,RISK,1
1,3,1,2,Hourly,3429,No,Rents,34,43,57,15,3,OUTPATIENT SERVICES (SURGERY),OUT-OF-NETWORK,PERCENT PLAN PAYS,70,50,80,70,70,2,20,low,low,RISK,1
1,3,1,2,Hourly,1596,Yes,Owns,27,25,52,15,3,OUTPATIENT SERVICES (SURGERY),OUT-OF-NETWORK,PERCENT PLAN PAYS,50,70,70,80,70,2,20,low,low,RISK,1
2,3,3,1,Salaried,83,Yes,Owns,19,50,53,15,3,OUTPATIENT SERVICES (SURGERY),OUT-OF-NETWORK,PERCENT PLAN PAYS,70,80,50,70,70,2,20,low,low,RISK,1
2,3,1,3,Salaried,3601,No,Owns,17,31,54,15,3,OUTPATIENT SERVICES (SURGERY),OUT-OF-NETWORK,PERCENT PLAN PAYS,80,70,50,70,70,2,20,low,low,RISK,1
2,2,1,2,Bonus,861,No,Owns,34,26,75,15,3,OUTPATIENT SERVICES (SURGERY),OUT-OF-NETWORK,PERCENT PLAN PAYS,70,80,70,50,70,2,20,low,low,RISK,1
1,3,3,3,Salaried,2240,Yes,Rents,35,49,60,15,3,OUTPATIENT SERVICES (SURGERY),OUT-OF-NETWORK,PERCENT PLAN PAYS,70,50,70,80,70,2,20,low,low,RISK,1
1,1,1,1,Hourly,2384,No,Rents,17,40,57,15,3,OUTPATIENT SERVICES (SURGERY),OUT-OF-NETWORK,PERCENT PLAN PAYS,70,70,80,50,70,2,20,low,low,RISK,1
1,1,1,1,Bonus,2363,Yes,Rents,29,36,56,15,3,OUTPATIENT SERVICES (SURGERY),OUT-OF-NETWORK,PERCENT PLAN PAYS,80,50,70,70,70,2,20,low,low,RISK,1
2,1,3,1,Salaried,4539,No,Owns,24,49,59,15,3,OUTPATIENT SERVICES (SURGERY),OUT-OF-NETWORK,PERCENT PLAN PAYS,70,70,50,80,70,2,20,low,low,RISK,1
2,1,1,1,Bonus,489,No,Rents,23,20,55,15,3,OUTPATIENT SERVICES (SURGERY),OUT-OF-NETWORK,PERCENT PLAN PAYS,70,70,50,80,70,2,20,low,low,RISK,1
2,3,1,3,Bonus,4623,Yes,Owns,19,48,52,15,3,OUTPATIENT SERVICES (SURGERY),OUT-OF-NETWORK,PERCENT PLAN PAYS,70,50,70,80,70,2,20,low,low,RISK,1
2,1,1,1,Salaried,153,Yes,Owns,15,33,56,15,3,OUTPATIENT SERVICES (SURGERY),OUT-OF-NETWORK,PERCENT PLAN PAYS,70,80,70,50,70,2,20,low,low,RISK,1
1,3,3,2,Salaried,3954,No,Owns,17,23,53,15,3,OUTPATIENT SERVICES (SURGERY),OUT-OF-NETWORK,PERCENT PLAN PAYS,80,50,70,70,70,2,20,low,low,RISK,1
1,2,1,1,Salaried,4742,No,Rents,15,38,56,15,3,OUTPATIENT SERVICES (SURGERY),OUT-OF-NETWORK,PERCENT PLAN PAYS,70,50,70,80,70,2,20,low,low,RISK,1
1,1,1,2,Hourly,3289,No,Rents,35,24,64,15,3,OUTPATIENT SERVICES (SURGERY),OUT-OF-NETWORK,PERCENT PLAN PAYS,50,80,70,70,70,2,20,low,low,RISK,1
1,1,2,2,Bonus,3409,Yes,Rents,30,29,55,15,3,OUTPATIENT SERVICES (SURGERY),OUT-OF-NETWORK,PERCENT PLAN PAYS,50,70,70,80,70,2,20,low,low,RISK,1
1,1,3,2,Bonus,3179,No,Rents,21,26,51,15,3,OUTPATIENT SERVICES (SURGERY),OUT-OF-NETWORK,PERCENT PLAN PAYS,70,80,50,70,70,2,20,low,low,RISK,1
1,1,1,2,Bonus,4271,No,Rents,22,36,62,15,3,OUTPATIENT SERVICES (SURGERY),OUT-OF-NETWORK,PERCENT PLAN PAYS,80,70,70,50,70,2,20,low,low,RISK,1
1,1,1,1,Hourly,4605,Yes,Rents,24,38,64,15,3,OUTPATIENT SERVICES (SURGERY),OUT-OF-NETWORK,PERCENT PLAN PAYS,70,50,80,70,70,2,20,low,low,RISK,1
1,3,3,3,Salaried,3042,Yes,Rents,16,31,55,15,3,OUTPATIENT SERVICES (SURGERY),OUT-OF-NETWORK,PERCENT PLAN PAYS,70,80,70,50,70,2,20,low,low,RISK,1
1,3,3,1,Hourly,170,No,Rents,37,31,59,15,3,OUTPATIENT SERVICES (SURGERY),OUT-OF-NETWORK,PERCENT PLAN PAYS,50,70,70,80,70,2,20,low,low,RISK,1
1,1,1,3,Salaried,2062,No,Rents,20,47,55,15,3,OUTPATIENT SERVICES (SURGERY),OUT-OF-NETWORK,PERCENT PLAN PAYS,50,70,80,70,70,2,20,low,low,RISK,1
2,2,3,3,Bonus,1962,No,Rents,15,41,60,15,3,OUTPATIENT SERVICES (SURGERY),OUT-OF-NETWORK,PERCENT PLAN PAYS,70,70,50,80,70,2,20,low,low,RISK,1
1,1,1,1,Bonus,1006,No,Owns,27,35,73,15,3,OUTPATIENT SERVICES (SURGERY),OUT-OF-NETWORK,PERCENT PLAN PAYS,80,50,70,70,70,2,20,low,low,RISK,1
1,3,2,3,Salaried,4555,No,Rents,20,24,60,15,3,OUTPATIENT SERVICES (SURGERY),OUT-OF-NETWORK,PERCENT PLAN PAYS,70,50,70,80,70,2,20,low,low,RISK,1
3,1,2,1,Bonus,458,No,Rents,25,43,57,15,3,OUTPATIENT SERVICES (SURGERY),OUT-OF-NETWORK,PERCENT PLAN PAYS,70,50,70,80,70,2,20,low,low,RISK,1
3,1,3,1,Hourly,1593,No,Owns,16,25,52,15,3,OUTPATIENT SERVICES (SURGERY),OUT-OF-NETWORK,PERCENT PLAN PAYS,70,50,70,80,70,2,20,low,low,RISK,1
1,3,1,2,Hourly,4519,Yes,Owns,26,50,53,15,3,OUTPATIENT SERVICES (SURGERY),OUT-OF-NETWORK,PERCENT PLAN PAYS,50,70,70,80,70,2,20,low,low,RISK,1
1,2,1,1,Bonus,2639,No,Rents,16,31,54,15,3,OUTPATIENT SERVICES (SURGERY),OUT-OF-NETWORK,PERCENT PLAN PAYS,70,80,70,50,70,2,20,low,low,RISK,1
1,1,3,1,Hourly,2563,Yes,Rents,35,26,75,15,3,OUTPATIENT SERVICES (SURGERY),OUT-OF-NETWORK,PERCENT PLAN PAYS,70,50,70,80,70,2,20,low,low,RISK,1
1,2,3,2,Bonus,2810,Yes,Owns,35,49,60,15,3,OUTPATIENT SERVICES (SURGERY),OUT-OF-NETWORK,PERCENT PLAN PAYS,70,50,70,80,70,2,20,low,low,RISK,1
2,2,1,2,Hourly,2954,Yes,Owns,39,40,57,15,3,OUTPATIENT SERVICES (SURGERY),OUT-OF-NETWORK,PERCENT PLAN PAYS,80,70,70,50,70,2,20,low,low,RISK,1
2,1,3,1,Hourly,2299,Yes,Owns,31,36,56,15,3,OUTPATIENT SERVICES (SURGERY),OUT-OF-NETWORK,PERCENT PLAN PAYS,70,80,50,70,70,2,20,low,low,RISK,1
1,1,2,3,Hourly,1155,No,Rents,16,49,59,15,3,OUTPATIENT SERVICES (SURGERY),OUT-OF-NETWORK,PERCENT PLAN PAYS,80,70,50,70,70,2,20,low,low,RISK,1
2,1,3,1,Bonus,1856,Yes,Rents,31,20,55,15,3,OUTPATIENT SERVICES (SURGERY),OUT-OF-NETWORK,PERCENT PLAN PAYS,70,80,70,50,70,2,20,low,low,RISK,1
3,2,2,1,Salaried,3352,Yes,Rents,18,48,52,15,3,OUTPATIENT SERVICES (SURGERY),OUT-OF-NETWORK,PERCENT PLAN PAYS,70,50,80,70,70,2,20,low,low,RISK,1
3,1,1,2,Hourly,3735,Yes,Owns,34,33,56,15,3,OUTPATIENT SERVICES (SURGERY),OUT-OF-NETWORK,PERCENT PLAN PAYS,70,50,80,70,70,2,20,low,low,RISK,1
3,2,1,3,Salaried,1125,Yes,Rents,18,23,53,15,3,OUTPATIENT SERVICES (SURGERY),OUT-OF-NETWORK,PERCENT PLAN PAYS,80,70,70,50,70,2,20,low,low,RISK,1
3,1,2,1,Bonus,4695,No,Owns,15,38,56,15,3,OUTPATIENT SERVICES (SURGERY),OUT-OF-NETWORK,PERCENT PLAN PAYS,70,50,80,70,70,2,20,low,low,RISK,1
2,2,2,2,Salaried,1210,No,Rents,38,24,64,15,3,OUTPATIENT SERVICES (SURGERY),OUT-OF-NETWORK,PERCENT PLAN PAYS,70,80,50,70,70,2,20,low,low,RISK,1
2,3,2,1,Bonus,3149,No,Owns,17,29,55,15,3,OUTPATIENT SERVICES (SURGERY),OUT-OF-NETWORK,PERCENT PLAN PAYS,70,50,70,80,70,2,20,low,low,RISK,1
2,2,2,2,Bonus,3757,No,Rents,18,26,51,15,3,OUTPATIENT SERVICES (SURGERY),OUT-OF-NETWORK,PERCENT PLAN PAYS,80,50,70,70,70,2,20,low,low,RISK,1
3,1,3,2,Salaried,4038,Yes,Rents,28,36,62,15,3,OUTPATIENT SERVICES (SURGERY),OUT-OF-NETWORK,PERCENT PLAN PAYS,50,80,70,70,70,2,20,low,low,RISK,1
1,1,1,3,Bonus,381,No,Owns,20,38,64,15,3,OUTPATIENT SERVICES (SURGERY),OUT-OF-NETWORK,PERCENT PLAN PAYS,50,70,80,70,70,2,20,low,low,RISK,1
1,1,1,2,Hourly,2879,Yes,Rents,37,31,55,15,3,OUTPATIENT SERVICES (SURGERY),OUT-OF-NETWORK,PERCENT PLAN PAYS,70,80,50,70,70,2,20,low,low,RISK,1
2,3,1,1,Hourly,2246,No,Owns,38,31,59,15,3,OUTPATIENT SERVICES (SURGERY),OUT-OF-NETWORK,PERCENT PLAN PAYS,70,70,50,80,70,2,20,low,low,RISK,1
1,3,2,1,Hourly,3337,No,Rents,18,47,55,15,3,OUTPATIENT SERVICES (SURGERY),OUT-OF-NETWORK,PERCENT PLAN PAYS,70,80,70,50,70,2,20,low,low,RISK,1
2,2,1,2,Hourly,874,No,Owns,38,41,60,15,3,OUTPATIENT SERVICES (SURGERY),OUT-OF-NETWORK,PERCENT PLAN PAYS,70,80,70,50,70,2,20,low,low,RISK,1
1,2,1,1,Hourly,4470,Yes,Owns,16,35,73,15,3,OUTPATIENT SERVICES (SURGERY),OUT-OF-NETWORK,PERCENT PLAN PAYS,80,70,50,70,70,2,20,low,low,RISK,1
3,1,3,1,Hourly,3252,Yes,Owns,24,24,60,15,3,OUTPATIENT SERVICES (SURGERY),OUT-OF-NETWORK,PERCENT PLAN PAYS,70,80,50,70,70,2,20,low,low,RISK,1
1,3,1,2,Hourly,176,Yes,Rents,23,43,57,15,3,OUTPATIENT SERVICES (SURGERY),OUT-OF-NETWORK,PERCENT PLAN PAYS,70,70,50,80,70,2,20,low,low,RISK,1
2,1,3,1,Hourly,3681,Yes,Owns,17,25,52,15,3,OUTPATIENT SERVICES (SURGERY),OUT-OF-NETWORK,PERCENT PLAN PAYS,50,70,70,80,70,2,20,low,low,RISK,1
1,3,2,3,Hourly,1019,Yes,Owns,35,50,53,15,3,OUTPATIENT SERVICES (SURGERY),OUT-OF-NETWORK,PERCENT PLAN PAYS,50,70,70,80,70,2,20,low,low,RISK,1
1,3,2,1,Bonus,4493,Yes,Owns,39,31,54,15,3,OUTPATIENT SERVICES (SURGERY),OUT-OF-NETWORK,PERCENT PLAN PAYS,80,70,50,70,70,2,20,low,low,RISK,1
1,3,3,1,Salaried,1012,Yes,Owns,34,26,75,15,3,OUTPATIENT SERVICES (SURGERY),OUT-OF-NETWORK,PERCENT PLAN PAYS,70,50,70,80,70,2,20,low,low,RISK,1
1,1,2,1,Bonus,1248,Yes,Rents,18,49,60,15,3,OUTPATIENT SERVICES (SURGERY),OUT-OF-NETWORK,PERCENT PLAN PAYS,70,50,70,80,70,2,20,low,low,RISK,1
1,1,2,1,Salaried,1214,No,Owns,17,40,57,15,3,OUTPATIENT SERVICES (SURGERY),OUT-OF-NETWORK,PERCENT PLAN PAYS,70,80,70,50,70,2,20,low,low,RISK,1
2,1,1,1,Salaried,2852,Yes,Rents,18,36,56,15,3,OUTPATIENT SERVICES (SURGERY),OUT-OF-NETWORK,PERCENT PLAN PAYS,70,80,70,50,70,2,20,low,low,RISK,1
2,1,1,1,Bonus,1440,Yes,Owns,24,49,59,15,3,OUTPATIENT SERVICES (SURGERY),OUT-OF-NETWORK,PERCENT PLAN PAYS,70,50,80,70,70,2,20,low,low,RISK,1
3,1,3,1,Bonus,2951,No,Owns,26,20,55,15,3,OUTPATIENT SERVICES (SURGERY),OUT-OF-NETWORK,PERCENT PLAN PAYS,70,50,80,70,70,2,20,low,low,RISK,1
4,3,2,4,Salaried,4377,No,Rents,46,73,76,15,4,OUTPATIENT SERVICES (SURGERY),OUT-OF-NETWORK,PERCENT PLAN PAYS,80,50,70,70,70,2,50,low,low,RISK,1
2,3,4,2,Salaried,1919,No,Owns,48,61,80,15,4,OUTPATIENT SERVICES (SURGERY),OUT-OF-NETWORK,PERCENT PLAN PAYS,80,70,70,50,70,2,50,low,low,RISK,1
4,4,3,2,Salaried,4671,Yes,Rents,57,53,77,15,4,OUTPATIENT SERVICES (SURGERY),OUT-OF-NETWORK,PERCENT PLAN PAYS,50,70,80,70,70,2,50,low,low,RISK,1
4,4,2,2,Bonus,1139,No,Owns,52,65,80,15,4,OUTPATIENT SERVICES (SURGERY),OUT-OF-NETWORK,PERCENT PLAN PAYS,70,70,50,80,70,2,50,low,low,RISK,1
3,4,4,3,Bonus,3085,No,Rents,45,54,88,15,4,OUTPATIENT SERVICES (SURGERY),OUT-OF-NETWORK,PERCENT PLAN PAYS,70,70,50,80,70,2,50,low,low,RISK,1
3,4,4,3,Salaried,912,Yes,Rents,61,58,79,15,4,OUTPATIENT SERVICES (SURGERY),OUT-OF-NETWORK,PERCENT PLAN PAYS,70,80,70,50,70,2,50,low,low,RISK,1
4,3,4,3,Hourly,3561,Yes,Owns,51,56,75,15,4,OUTPATIENT SERVICES (SURGERY),OUT-OF-NETWORK,PERCENT PLAN PAYS,50,70,70,80,70,2,50,low,low,RISK,1
4,4,2,2,Hourly,4350,No,Rents,40,64,87,15,4,OUTPATIENT SERVICES (SURGERY),OUT-OF-NETWORK,PERCENT PLAN PAYS,70,50,70,80,70,2,50,low,low,RISK,1
4,4,4,4,Salaried,3664,No,Owns,39,65,88,15,4,OUTPATIENT SERVICES (SURGERY),OUT-OF-NETWORK,PERCENT PLAN PAYS,50,80,70,70,70,2,50,low,low,RISK,1
2,3,3,3,Bonus,1972,Yes,Owns,62,60,80,15,4,OUTPATIENT SERVICES (SURGERY),OUT-OF-NETWORK,PERCENT PLAN PAYS,80,70,70,50,70,2,50,low,low,RISK,1
2,4,3,3,Bonus,2294,Yes,Owns,47,72,79,15,4,OUTPATIENT SERVICES (SURGERY),OUT-OF-NETWORK,PERCENT PLAN PAYS,50,70,70,80,70,2,50,low,low,RISK,1
2,3,4,3,Salaried,4592,Yes,Rents,62,68,84,15,4,OUTPATIENT SERVICES (SURGERY),OUT-OF-NETWORK,PERCENT PLAN PAYS,70,80,50,70,70,2,50,low,low,RISK,1
3,3,3,4,Hourly,2183,Yes,Owns,37,63,98,15,4,OUTPATIENT SERVICES (SURGERY),OUT-OF-NETWORK,PERCENT PLAN PAYS,50,80,70,70,70,2,50,low,low,RISK,1
3,3,4,3,Salaried,1622,Yes,Rents,42,55,84,15,4,OUTPATIENT SERVICES (SURGERY),OUT-OF-NETWORK,PERCENT PLAN PAYS,80,70,70,50,70,2,50,low,low,RISK,1
3,4,3,4,Salaried,4259,Yes,Rents,37,70,81,15,4,OUTPATIENT SERVICES (SURGERY),OUT-OF-NETWORK,PERCENT PLAN PAYS,70,50,80,70,70,2,50,low,low,RISK,1
4,3,3,4,Salaried,4138,No,Owns,62,55,76,15,4,OUTPATIENT SERVICES (SURGERY),OUT-OF-NETWORK,PERCENT PLAN PAYS,50,70,80,70,70,2,50,low,low,RISK,1
4,3,4,4,Bonus,2742,No,Owns,64,75,77,15,4,OUTPATIENT SERVICES (SURGERY),OUT-OF-NETWORK,PERCENT PLAN PAYS,70,80,50,70,70,2,50,low,low,RISK,1
3,3,3,4,Bonus,4027,Yes,Rents,43,60,78,15,4,OUTPATIENT SERVICES (SURGERY),OUT-OF-NETWORK,PERCENT PLAN PAYS,70,50,80,70,70,2,50,low,low,RISK,1
4,4,2,2,Bonus,3643,No,Rents,59,56,100,15,4,OUTPATIENT SERVICES (SURGERY),OUT-OF-NETWORK,PERCENT PLAN PAYS,70,80,70,50,70,2,50,low,low,RISK,1
4,2,4,2,Salaried,1855,No,Rents,63,74,85,15,4,OUTPATIENT SERVICES (SURGERY),OUT-OF-NETWORK,PERCENT PLAN PAYS,70,70,50,80,70,2,50,low,low,RISK,1
3,4,2,3,Bonus,4199,No,Owns,57,67,81,15,4,OUTPATIENT SERVICES (SURGERY),OUT-OF-NETWORK,PERCENT PLAN PAYS,70,70,80,50,70,2,50,low,low,RISK,1
3,4,3,2,Salaried,358,No,Rents,50,64,80,15,4,OUTPATIENT SERVICES (SURGERY),OUT-OF-NETWORK,PERCENT PLAN PAYS,80,70,50,70,70,2,50,low,low,RISK,1
4,3,4,3,Salaried,2175,No,Owns,59,75,83,15,4,OUTPATIENT SERVICES (SURGERY),OUT-OF-NETWORK,PERCENT PLAN PAYS,50,70,80,70,70,2,50,low,low,RISK,1
4,4,2,2,Bonus,2804,No,Owns,48,51,79,15,4,OUTPATIENT SERVICES (SURGERY),OUT-OF-NETWORK,PERCENT PLAN PAYS,80,70,50,70,70,2,50,low,low,RISK,1
4,4,4,4,Bonus,2793,Yes,Owns,63,73,76,15,4,OUTPATIENT SERVICES (SURGERY),OUT-OF-NETWORK,PERCENT PLAN PAYS,80,70,70,50,70,2,50,low,low,RISK,1
4,3,4,2,Salaried,1366,No,Owns,56,61,80,15,4,OUTPATIENT SERVICES (SURGERY),OUT-OF-NETWORK,PERCENT PLAN PAYS,50,70,80,70,70,2,50,low,low,RISK,1
2,4,4,4,Salaried,3990,No,Rents,53,53,77,15,4,OUTPATIENT SERVICES (SURGERY),OUT-OF-NETWORK,PERCENT PLAN PAYS,70,70,80,50,70,2,50,low,low,RISK,1
2,4,3,3,Salaried,1625,No,Owns,60,65,80,15,4,OUTPATIENT SERVICES (SURGERY),OUT-OF-NETWORK,PERCENT PLAN PAYS,80,70,50,70,70,2,50,low,low,RISK,1
4,4,3,3,Hourly,1178,No,Owns,35,54,88,15,4,OUTPATIENT SERVICES (SURGERY),OUT-OF-NETWORK,PERCENT PLAN PAYS,80,70,50,70,70,2,50,low,low,RISK,1
3,3,2,2,Hourly,2665,No,Rents,41,58,79,15,4,OUTPATIENT SERVICES (SURGERY),OUT-OF-NETWORK,PERCENT PLAN PAYS,70,70,80,50,70,2,50,low,low,RISK,1
4,4,4,2,Hourly,4144,No,Owns,44,56,75,15,4,OUTPATIENT SERVICES (SURGERY),OUT-OF-NETWORK,PERCENT PLAN PAYS,50,70,80,70,70,2,50,low,low,RISK,1
3,3,4,3,Hourly,2547,Yes,Owns,55,64,87,15,4,OUTPATIENT SERVICES (SURGERY),OUT-OF-NETWORK,PERCENT PLAN PAYS,70,80,70,50,70,2,50,low,low,RISK,1
4,3,4,2,Hourly,152,Yes,Owns,58,65,88,15,4,OUTPATIENT SERVICES (SURGERY),OUT-OF-NETWORK,PERCENT PLAN PAYS,70,70,50,80,70,2,50,low,low,RISK,1
3,2,2,3,Bonus,2909,Yes,Rents,45,60,80,15,4,OUTPATIENT SERVICES (SURGERY),OUT-OF-NETWORK,PERCENT PLAN PAYS,70,80,50,70,70,2,50,low,low,RISK,1
4,4,3,3,Bonus,2404,Yes,Owns,49,60,83,15,4,OUTPATIENT SERVICES (SURGERY),OUT-OF-NETWORK,PERCENT PLAN PAYS,70,80,50,70,70,2,50,low,low,RISK,1
4,2,4,4,Bonus,144,Yes,Owns,46,72,79,15,4,OUTPATIENT SERVICES (SURGERY),OUT-OF-NETWORK,PERCENT PLAN PAYS,70,50,70,80,70,2,50,low,low,RISK,1
4,2,4,2,Hourly,2250,No,Owns,48,68,84,15,4,OUTPATIENT SERVICES (SURGERY),OUT-OF-NETWORK,PERCENT PLAN PAYS,70,70,50,80,70,2,50,low,low,RISK,1
4,3,3,3,Hourly,4826,No,Owns,47,63,98,15,4,OUTPATIENT SERVICES (SURGERY),OUT-OF-NETWORK,PERCENT PLAN PAYS,70,50,80,70,70,2,50,low,low,RISK,1
4,4,2,3,Salaried,792,No,Owns,50,55,84,15,4,OUTPATIENT SERVICES (SURGERY),OUT-OF-NETWORK,PERCENT PLAN PAYS,70,70,80,50,70,2,50,low,low,RISK,1
2,4,2,3,Hourly,3429,No,Rents,58,70,81,15,4,OUTPATIENT SERVICES (SURGERY),OUT-OF-NETWORK,PERCENT PLAN PAYS,80,70,70,50,70,2,50,low,low,RISK,1
3,4,3,4,Hourly,1596,Yes,Owns,50,55,76,15,4,OUTPATIENT SERVICES (SURGERY),OUT-OF-NETWORK,PERCENT PLAN PAYS,70,70,50,80,70,2,50,low,low,RISK,1
4,4,4,3,Salaried,83,Yes,Owns,40,75,77,15,4,OUTPATIENT SERVICES (SURGERY),OUT-OF-NETWORK,PERCENT PLAN PAYS,50,70,80,70,70,2,50,low,low,RISK,1
4,4,3,4,Salaried,3601,No,Owns,38,60,78,15,4,OUTPATIENT SERVICES (SURGERY),OUT-OF-NETWORK,PERCENT PLAN PAYS,50,70,80,70,70,2,50,low,low,RISK,1
3,4,2,4,Bonus,861,No,Owns,58,56,100,15,4,OUTPATIENT SERVICES (SURGERY),OUT-OF-NETWORK,PERCENT PLAN PAYS,70,50,80,70,70,2,50,low,low,RISK,1
2,4,4,4,Salaried,2240,Yes,Rents,59,74,85,15,4,OUTPATIENT SERVICES (SURGERY),OUT-OF-NETWORK,PERCENT PLAN PAYS,70,50,80,70,70,2,50,low,low,RISK,1
3,3,2,2,Hourly,2384,No,Rents,37,67,81,15,4,OUTPATIENT SERVICES (SURGERY),OUT-OF-NETWORK,PERCENT PLAN PAYS,80,70,70,50,70,2,50,low,low,RISK,1
2,2,3,3,Bonus,2363,Yes,Rents,52,64,80,15,4,OUTPATIENT SERVICES (SURGERY),OUT-OF-NETWORK,PERCENT PLAN PAYS,70,50,70,80,70,2,50,low,low,RISK,1
3,3,4,2,Salaried,4539,No,Owns,45,75,83,15,4,OUTPATIENT SERVICES (SURGERY),OUT-OF-NETWORK,PERCENT PLAN PAYS,70,70,50,80,70,2,50,low,low,RISK,1
3,3,2,2,Bonus,489,No,Rents,45,51,79,15,4,OUTPATIENT SERVICES (SURGERY),OUT-OF-NETWORK,PERCENT PLAN PAYS,70,50,70,80,70,2,50,low,low,RISK,1
4,4,2,4,Bonus,4623,Yes,Owns,40,73,76,15,4,OUTPATIENT SERVICES (SURGERY),OUT-OF-NETWORK,PERCENT PLAN PAYS,70,70,50,80,70,2,50,low,low,RISK,1
3,3,3,2,Salaried,153,Yes,Owns,36,61,80,15,4,OUTPATIENT SERVICES (SURGERY),OUT-OF-NETWORK,PERCENT PLAN PAYS,80,70,70,50,70,2,50,low,low,RISK,1
3,4,4,4,Salaried,3954,No,Owns,38,53,77,15,4,OUTPATIENT SERVICES (SURGERY),OUT-OF-NETWORK,PERCENT PLAN PAYS,70,70,50,80,70,2,50,low,low,RISK,1
3,3,2,3,Salaried,4742,No,Rents,35,65,80,15,4,OUTPATIENT SERVICES (SURGERY),OUT-OF-NETWORK,PERCENT PLAN PAYS,50,70,70,80,70,2,50,low,low,RISK,1
2,2,2,3,Hourly,3289,No,Rents,59,54,88,15,4,OUTPATIENT SERVICES (SURGERY),OUT-OF-NETWORK,PERCENT PLAN PAYS,80,70,50,70,70,2,50,low,low,RISK,1
2,2,3,3,Bonus,3409,Yes,Rents,54,58,79,15,4,OUTPATIENT SERVICES (SURGERY),OUT-OF-NETWORK,PERCENT PLAN PAYS,80,50,70,70,70,2,50,low,low,RISK,1
3,3,4,3,Bonus,3179,No,Rents,42,56,75,15,4,OUTPATIENT SERVICES (SURGERY),OUT-OF-NETWORK,PERCENT PLAN PAYS,50,80,70,70,70,2,50,low,low,RISK,1
3,3,2,4,Bonus,4271,No,Rents,43,64,87,15,4,OUTPATIENT SERVICES (SURGERY),OUT-OF-NETWORK,PERCENT PLAN PAYS,70,50,80,70,70,2,50,low,low,RISK,1
3,3,3,2,Hourly,4605,Yes,Rents,46,65,88,15,4,OUTPATIENT SERVICES (SURGERY),OUT-OF-NETWORK,PERCENT PLAN PAYS,80,50,70,70,70,2,50,low,low,RISK,1
2,4,4,4,Salaried,3042,Yes,Rents,37,60,80,15,4,OUTPATIENT SERVICES (SURGERY),OUT-OF-NETWORK,PERCENT PLAN PAYS,80,50,70,70,70,2,50,low,low,RISK,1
2,4,4,3,Hourly,170,No,Rents,61,60,83,15,4,OUTPATIENT SERVICES (SURGERY),OUT-OF-NETWORK,PERCENT PLAN PAYS,50,70,80,70,70,2,50,low,low,RISK,1
2,3,3,4,Salaried,2062,No,Rents,40,72,79,15,4,OUTPATIENT SERVICES (SURGERY),OUT-OF-NETWORK,PERCENT PLAN PAYS,70,50,80,70,70,2,50,low,low,RISK,1
4,4,4,4,Bonus,1962,No,Rents,35,68,84,15,4,OUTPATIENT SERVICES (SURGERY),OUT-OF-NETWORK,PERCENT PLAN PAYS,70,80,50,70,70,2,50,low,low,RISK,1
2,2,3,2,Bonus,1006,No,Owns,50,63,98,15,4,OUTPATIENT SERVICES (SURGERY),OUT-OF-NETWORK,PERCENT PLAN PAYS,50,80,70,70,70,2,50,low,low,RISK,1
2,4,3,4,Salaried,4555,No,Rents,42,55,84,15,4,OUTPATIENT SERVICES (SURGERY),OUT-OF-NETWORK,PERCENT PLAN PAYS,70,80,70,50,70,2,50,low,low,RISK,1
4,3,4,3,Bonus,458,No,Rents,46,70,81,15,4,OUTPATIENT SERVICES (SURGERY),OUT-OF-NETWORK,PERCENT PLAN PAYS,70,80,70,50,70,2,50,low,low,RISK,1
4,3,4,3,Hourly,1593,No,Owns,36,55,76,15,4,OUTPATIENT SERVICES (SURGERY),OUT-OF-NETWORK,PERCENT PLAN PAYS,50,80,70,70,70,2,50,low,low,RISK,1
3,4,2,3,Hourly,4519,Yes,Owns,48,75,77,15,4,OUTPATIENT SERVICES (SURGERY),OUT-OF-NETWORK,PERCENT PLAN PAYS,80,70,70,50,70,2,50,low,low,RISK,1
2,4,3,3,Bonus,2639,No,Rents,36,60,78,15,4,OUTPATIENT SERVICES (SURGERY),OUT-OF-NETWORK,PERCENT PLAN PAYS,50,70,70,80,70,2,50,low,low,RISK,1
2,3,4,3,Hourly,2563,Yes,Rents,59,56,100,15,4,OUTPATIENT SERVICES (SURGERY),OUT-OF-NETWORK,PERCENT PLAN PAYS,80,70,70,50,70,2,50,low,low,RISK,1
3,4,4,4,Bonus,2810,Yes,Owns,58,74,85,15,4,OUTPATIENT SERVICES (SURGERY),OUT-OF-NETWORK,PERCENT PLAN PAYS,50,80,70,70,70,2,50,low,low,RISK,1
3,4,3,4,Hourly,2954,Yes,Owns,64,67,81,15,4,OUTPATIENT SERVICES (SURGERY),OUT-OF-NETWORK,PERCENT PLAN PAYS,50,70,70,80,70,2,50,low,low,RISK,1
3,2,4,3,Hourly,2299,Yes,Owns,54,64,80,15,4,OUTPATIENT SERVICES (SURGERY),OUT-OF-NETWORK,PERCENT PLAN PAYS,50,80,70,70,70,2,50,low,low,RISK,1
2,3,4,4,Hourly,1155,No,Rents,37,75,83,15,4,OUTPATIENT SERVICES (SURGERY),OUT-OF-NETWORK,PERCENT PLAN PAYS,50,70,80,70,70,2,50,low,low,RISK,1
4,2,4,3,Bonus,1856,Yes,Rents,55,51,79,15,4,OUTPATIENT SERVICES (SURGERY),OUT-OF-NETWORK,PERCENT PLAN PAYS,50,70,80,70,70,2,50,low,low,RISK,1
4,4,3,3,Salaried,3352,Yes,Rents,38,73,76,15,4,OUTPATIENT SERVICES (SURGERY),OUT-OF-NETWORK,PERCENT PLAN PAYS,50,80,70,70,70,2,50,low,low,RISK,1
4,3,2,3,Hourly,3735,Yes,Owns,58,61,80,15,4,OUTPATIENT SERVICES (SURGERY),OUT-OF-NETWORK,PERCENT PLAN PAYS,50,70,70,80,70,2,50,low,low,RISK,1
4,3,3,4,Salaried,1125,Yes,Rents,38,53,77,15,4,OUTPATIENT SERVICES (SURGERY),OUT-OF-NETWORK,PERCENT PLAN PAYS,70,80,50,70,70,2,50,low,low,RISK,1
4,2,4,2,Bonus,4695,No,Owns,35,65,80,15,4,OUTPATIENT SERVICES (SURGERY),OUT-OF-NETWORK,PERCENT PLAN PAYS,70,50,80,70,70,2,50,low,low,RISK,1
3,3,3,4,Salaried,1210,No,Rents,62,54,88,15,4,OUTPATIENT SERVICES (SURGERY),OUT-OF-NETWORK,PERCENT PLAN PAYS,50,80,70,70,70,2,50,low,low,RISK,1
4,4,4,2,Bonus,3149,No,Owns,37,58,79,15,4,OUTPATIENT SERVICES (SURGERY),OUT-OF-NETWORK,PERCENT PLAN PAYS,80,70,50,70,70,2,50,low,low,RISK,1
4,3,4,4,Bonus,3757,No,Rents,38,56,75,15,4,OUTPATIENT SERVICES (SURGERY),OUT-OF-NETWORK,PERCENT PLAN PAYS,70,80,70,50,70,2,50,low,low,RISK,1
4,3,4,4,Salaried,4038,Yes,Rents,51,64,87,15,4,OUTPATIENT SERVICES (SURGERY),OUT-OF-NETWORK,PERCENT PLAN PAYS,50,70,80,70,70,2,50,low,low,RISK,1
2,3,3,4,Bonus,381,No,Owns,41,65,88,15,4,OUTPATIENT SERVICES (SURGERY),OUT-OF-NETWORK,PERCENT PLAN PAYS,80,70,70,50,70,2,50,low,low,RISK,1
3,3,3,3,Hourly,2879,Yes,Rents,61,60,80,15,4,OUTPATIENT SERVICES (SURGERY),OUT-OF-NETWORK,PERCENT PLAN PAYS,50,70,80,70,70,2,50,low,low,RISK,1
4,4,3,2,Hourly,2246,No,Owns,62,60,83,15,4,OUTPATIENT SERVICES (SURGERY),OUT-OF-NETWORK,PERCENT PLAN PAYS,80,70,70,50,70,2,50,low,low,RISK,1
2,4,3,2,Hourly,3337,No,Rents,39,72,79,15,4,OUTPATIENT SERVICES (SURGERY),OUT-OF-NETWORK,PERCENT PLAN PAYS,80,50,70,70,70,2,50,low,low,RISK,1
4,3,3,4,Hourly,874,No,Owns,63,68,84,15,4,OUTPATIENT SERVICES (SURGERY),OUT-OF-NETWORK,PERCENT PLAN PAYS,70,70,80,50,70,2,50,low,low,RISK,1
3,4,2,3,Hourly,4470,Yes,Owns,36,63,98,15,4,OUTPATIENT SERVICES (SURGERY),OUT-OF-NETWORK,PERCENT PLAN PAYS,50,70,70,80,70,2,50,low,low,RISK,1
4,3,4,3,Hourly,3252,Yes,Owns,46,55,84,15,4,OUTPATIENT SERVICES (SURGERY),OUT-OF-NETWORK,PERCENT PLAN PAYS,80,70,70,50,70,2,50,low,low,RISK,1
3,4,2,3,Hourly,176,Yes,Rents,45,70,81,15,4,OUTPATIENT SERVICES (SURGERY),OUT-OF-NETWORK,PERCENT PLAN PAYS,50,80,70,70,70,2,50,low,low,RISK,1
4,3,4,2,Hourly,3681,Yes,Owns,38,55,76,15,4,OUTPATIENT SERVICES (SURGERY),OUT-OF-NETWORK,PERCENT PLAN PAYS,80,70,50,70,70,2,50,low,low,RISK,1
3,4,4,4,Hourly,1019,Yes,Owns,59,75,77,15,4,OUTPATIENT SERVICES (SURGERY),OUT-OF-NETWORK,PERCENT PLAN PAYS,80,50,70,70,70,2,50,low,low,RISK,1
3,4,4,3,Bonus,4493,Yes,Owns,64,60,78,15,4,OUTPATIENT SERVICES (SURGERY),OUT-OF-NETWORK,PERCENT PLAN PAYS,80,70,50,70,70,2,50,low,low,RISK,1
3,4,4,2,Salaried,1012,Yes,Owns,58,56,100,15,4,OUTPATIENT SERVICES (SURGERY),OUT-OF-NETWORK,PERCENT PLAN PAYS,50,80,70,70,70,2,50,low,low,RISK,1
2,2,4,3,Bonus,1248,Yes,Rents,39,74,85,15,4,OUTPATIENT SERVICES (SURGERY),OUT-OF-NETWORK,PERCENT PLAN PAYS,80,50,70,70,70,2,50,low,low,RISK,1
2,3,3,3,Salaried,1214,No,Owns,37,67,81,15,4,OUTPATIENT SERVICES (SURGERY),OUT-OF-NETWORK,PERCENT PLAN PAYS,80,50,70,70,70,2,50,low,low,RISK,1
4,3,3,2,Salaried,2852,Yes,Rents,38,64,80,15,4,OUTPATIENT SERVICES (SURGERY),OUT-OF-NETWORK,PERCENT PLAN PAYS,70,50,80,70,70,2,50,low,low,RISK,1
3,3,2,2,Bonus,1440,Yes,Owns,46,75,83,15,4,OUTPATIENT SERVICES (SURGERY),OUT-OF-NETWORK,PERCENT PLAN PAYS,70,50,80,70,70,2,50,low,low,RISK,1
4,2,4,3,Bonus,2951,No,Owns,48,51,79,15,4,OUTPATIENT SERVICES (SURGERY),OUT-OF-NETWORK,PERCENT PLAN PAYS,70,50,70,80,70,2,50,low,low,RISK,1
1,0,0,1,Salaried,4377,No,Rents,4,9,1,15,5,OUTPATIENT SERVICES (SURGERY),OUT-OF-NETWORK,PERCENT PLAN PAYS,70,80,50,70,50,1,5,low,high,RISK,2
0,0,1,0,Salaried,1919,No,Owns,4,4,5,15,5,OUTPATIENT SERVICES (SURGERY),OUT-OF-NETWORK,PERCENT PLAN PAYS,70,50,70,80,50,1,5,low,high,RISK,2
0,0,0,0,Salaried,4671,Yes,Rents,7,1,2,15,5,OUTPATIENT SERVICES (SURGERY),OUT-OF-NETWORK,PERCENT PLAN PAYS,70,80,70,50,50,1,5,low,high,RISK,2
1,1,0,0,Bonus,1139,No,Owns,6,6,5,15,5,OUTPATIENT SERVICES (SURGERY),OUT-OF-NETWORK,PERCENT PLAN PAYS,70,80,50,70,50,1,5,low,high,RISK,2
0,1,1,0,Bonus,3085,No,Rents,3,1,13,15,5,OUTPATIENT SERVICES (SURGERY),OUT-OF-NETWORK,PERCENT PLAN PAYS,70,50,80,70,50,1,5,low,high,RISK,2
0,1,1,0,Salaried,912,Yes,Rents,9,3,4,15,5,OUTPATIENT SERVICES (SURGERY),OUT-OF-NETWORK,PERCENT PLAN PAYS,80,70,50,70,50,1,5,low,high,RISK,2
1,0,1,0,Hourly,3561,Yes,Owns,5,2,0,15,5,OUTPATIENT SERVICES (SURGERY),OUT-OF-NETWORK,PERCENT PLAN PAYS,50,80,70,70,50,1,5,low,high,RISK,2
1,1,0,0,Hourly,4350,No,Rents,2,5,12,15,5,OUTPATIENT SERVICES (SURGERY),OUT-OF-NETWORK,PERCENT PLAN PAYS,50,70,80,70,50,1,5,low,high,RISK,2
1,1,0,1,Salaried,3664,No,Owns,1,6,13,15,5,OUTPATIENT SERVICES (SURGERY),OUT-OF-NETWORK,PERCENT PLAN PAYS,70,80,70,50,50,1,5,low,high,RISK,2
0,0,0,0,Bonus,1972,Yes,Owns,9,4,5,15,5,OUTPATIENT SERVICES (SURGERY),OUT-OF-NETWORK,PERCENT PLAN PAYS,50,70,80,70,50,1,5,low,high,RISK,2
0,0,1,1,Salaried,1235,Yes,Rents,7,4,8,15,5,OUTPATIENT SERVICES (SURGERY),OUT-OF-NETWORK,PERCENT PLAN PAYS,80,50,70,70,50,1,5,low,high,RISK,2
0,1,0,0,Bonus,2294,Yes,Owns,4,9,4,15,5,OUTPATIENT SERVICES (SURGERY),OUT-OF-NETWORK,PERCENT PLAN PAYS,80,70,50,70,50,1,5,low,high,RISK,2
0,0,1,0,Salaried,4592,Yes,Rents,9,7,9,15,5,OUTPATIENT SERVICES (SURGERY),OUT-OF-NETWORK,PERCENT PLAN PAYS,80,70,50,70,50,1,5,low,high,RISK,2
0,0,0,1,Hourly,2183,Yes,Owns,1,5,23,15,5,OUTPATIENT SERVICES (SURGERY),OUT-OF-NETWORK,PERCENT PLAN PAYS,70,70,80,50,50,1,5,low,high,RISK,2
0,0,1,0,Salaried,1622,Yes,Rents,2,1,9,15,5,OUTPATIENT SERVICES (SURGERY),OUT-OF-NETWORK,PERCENT PLAN PAYS,80,50,70,70,50,1,5,low,high,RISK,2
0,1,0,1,Salaried,4259,Yes,Rents,1,8,6,15,5,OUTPATIENT SERVICES (SURGERY),OUT-OF-NETWORK,PERCENT PLAN PAYS,80,70,50,70,50,1,5,low,high,RISK,2
1,0,0,1,Salaried,4138,No,Owns,9,2,1,15,5,OUTPATIENT SERVICES (SURGERY),OUT-OF-NETWORK,PERCENT PLAN PAYS,70,70,50,80,50,1,5,low,high,RISK,2
1,0,0,1,Bonus,2742,No,Owns,10,10,2,15,5,OUTPATIENT SERVICES (SURGERY),OUT-OF-NETWORK,PERCENT PLAN PAYS,70,50,70,80,50,1,5,low,high,RISK,2
0,0,0,1,Bonus,4027,Yes,Rents,3,4,3,15,5,OUTPATIENT SERVICES (SURGERY),OUT-OF-NETWORK,PERCENT PLAN PAYS,80,70,50,70,50,1,5,low,high,RISK,2
1,0,0,0,Bonus,3643,No,Rents,8,2,25,15,5,OUTPATIENT SERVICES (SURGERY),OUT-OF-NETWORK,PERCENT PLAN PAYS,70,50,80,70,50,1,5,low,high,RISK,2
0,1,0,0,Bonus,4199,No,Owns,7,7,6,15,5,OUTPATIENT SERVICES (SURGERY),OUT-OF-NETWORK,PERCENT PLAN PAYS,50,70,80,70,50,1,5,low,high,RISK,2
0,1,0,0,Salaried,358,No,Rents,5,5,5,15,5,OUTPATIENT SERVICES (SURGERY),OUT-OF-NETWORK,PERCENT PLAN PAYS,70,70,80,50,50,1,5,low,high,RISK,2
0,0,1,0,Salaried,2175,No,Owns,8,10,8,15,5,OUTPATIENT SERVICES (SURGERY),OUT-OF-NETWORK,PERCENT PLAN PAYS,50,70,70,80,50,1,5,low,high,RISK,2
0,1,0,0,Bonus,2804,No,Owns,4,0,4,15,5,OUTPATIENT SERVICES (SURGERY),OUT-OF-NETWORK,PERCENT PLAN PAYS,70,50,80,70,50,1,5,low,high,RISK,2
1,1,1,0,Bonus,2793,Yes,Owns,9,9,1,15,5,OUTPATIENT SERVICES (SURGERY),OUT-OF-NETWORK,PERCENT PLAN PAYS,80,70,50,70,50,1,5,low,high,RISK,2
1,0,1,0,Salaried,1366,No,Owns,7,4,5,15,5,OUTPATIENT SERVICES (SURGERY),OUT-OF-NETWORK,PERCENT PLAN PAYS,50,70,80,70,50,1,5,low,high,RISK,2
0,1,1,1,Salaried,3990,No,Rents,6,1,2,15,5,OUTPATIENT SERVICES (SURGERY),OUT-OF-NETWORK,PERCENT PLAN PAYS,70,70,80,50,50,1,5,low,high,RISK,2
0,0,0,0,Salaried,1625,No,Owns,8,6,5,15,5,OUTPATIENT SERVICES (SURGERY),OUT-OF-NETWORK,PERCENT PLAN PAYS,70,50,70,80,50,1,5,low,high,RISK,2
1,1,0,0,Hourly,1178,No,Owns,0,1,13,15,5,OUTPATIENT SERVICES (SURGERY),OUT-OF-NETWORK,PERCENT PLAN PAYS,80,70,50,70,50,1,5,low,high,RISK,2
0,0,0,0,Hourly,2665,No,Rents,2,3,4,15,5,OUTPATIENT SERVICES (SURGERY),OUT-OF-NETWORK,PERCENT PLAN PAYS,80,50,70,70,50,1,5,low,high,RISK,2
1,1,1,0,Hourly,4144,No,Owns,3,2,0,15,5,OUTPATIENT SERVICES (SURGERY),OUT-OF-NETWORK,PERCENT PLAN PAYS,70,80,50,70,50,1,5,low,high,RISK,2
0,0,1,0,Hourly,2547,Yes,Owns,7,5,12,15,5,OUTPATIENT SERVICES (SURGERY),OUT-OF-NETWORK,PERCENT PLAN PAYS,80,70,50,70,50,1,5,low,high,RISK,2
1,0,1,0,Hourly,152,Yes,Owns,8,6,13,15,5,OUTPATIENT SERVICES (SURGERY),OUT-OF-NETWORK,PERCENT PLAN PAYS,50,70,80,70,50,1,5,low,high,RISK,2
0,0,0,0,Bonus,2909,Yes,Rents,3,4,5,15,5,OUTPATIENT SERVICES (SURGERY),OUT-OF-NETWORK,PERCENT PLAN PAYS,70,80,70,50,50,1,5,low,high,RISK,2
1,1,0,0,Bonus,2404,Yes,Owns,5,4,8,15,5,OUTPATIENT SERVICES (SURGERY),OUT-OF-NETWORK,PERCENT PLAN PAYS,80,70,50,70,50,1,5,low,high,RISK,2
1,0,1,1,Bonus,144,Yes,Owns,4,9,4,15,5,OUTPATIENT SERVICES (SURGERY),OUT-OF-NETWORK,PERCENT PLAN PAYS,70,50,70,80,50,1,5,low,high,RISK,2
1,0,1,0,Hourly,2250,No,Owns,4,7,9,15,5,OUTPATIENT SERVICES (SURGERY),OUT-OF-NETWORK,PERCENT PLAN PAYS,50,70,80,70,50,1,5,low,high,RISK,2
1,0,0,0,Hourly,4826,No,Owns,4,5,23,15,5,OUTPATIENT SERVICES (SURGERY),OUT-OF-NETWORK,PERCENT PLAN PAYS,80,70,50,70,50,1,5,low,high,RISK,2
1,1,0,0,Salaried,792,No,Owns,5,1,9,15,5,OUTPATIENT SERVICES (SURGERY),OUT-OF-NETWORK,PERCENT PLAN PAYS,70,80,70,50,50,1,5,low,high,RISK,2
0,1,0,0,Hourly,3429,No,Rents,8,8,6,15,5,OUTPATIENT SERVICES (SURGERY),OUT-OF-NETWORK,PERCENT PLAN PAYS,70,80,70,50,50,1,5,low,high,RISK,2
0,1,0,0,Hourly,1596,Yes,Owns,5,2,1,15,5,OUTPATIENT SERVICES (SURGERY),OUT-OF-NETWORK,PERCENT PLAN PAYS,80,70,70,50,50,1,5,low,high,RISK,2
1,1,1,0,Salaried,83,Yes,Owns,2,10,2,15,5,OUTPATIENT SERVICES (SURGERY),OUT-OF-NETWORK,PERCENT PLAN PAYS,80,70,70,50,50,1,5,low,high,RISK,2
1,1,0,1,Salaried,3601,No,Owns,1,4,3,15,5,OUTPATIENT SERVICES (SURGERY),OUT-OF-NETWORK,PERCENT PLAN PAYS,70,50,70,80,50,1,5,low,high,RISK,2
0,0,0,1,Bonus,861,No,Owns,8,2,25,15,5,OUTPATIENT SERVICES (SURGERY),OUT-OF-NETWORK,PERCENT PLAN PAYS,50,70,70,80,50,1,5,low,high,RISK,2
0,1,1,1,Salaried,2240,Yes,Rents,8,10,10,15,5,OUTPATIENT SERVICES (SURGERY),OUT-OF-NETWORK,PERCENT PLAN PAYS,70,80,70,50,50,1,5,low,high,RISK,2
0,0,0,0,Hourly,2384,No,Rents,1,7,6,15,5,OUTPATIENT SERVICES (SURGERY),OUT-OF-NETWORK,PERCENT PLAN PAYS,50,70,70,80,50,1,5,low,high,RISK,2
0,0,0,0,Bonus,2363,Yes,Rents,6,5,5,15,5,OUTPATIENT SERVICES (SURGERY),OUT-OF-NETWORK,PERCENT PLAN PAYS,80,70,50,70,50,1,5,low,high,RISK,2
0,0,1,0,Salaried,4539,No,Owns,3,10,8,15,5,OUTPATIENT SERVICES (SURGERY),OUT-OF-NETWORK,PERCENT PLAN PAYS,50,70,80,70,50,1,5,low,high,RISK,2
0,0,0,0,Bonus,489,No,Rents,3,0,4,15,5,OUTPATIENT SERVICES (SURGERY),OUT-OF-NETWORK,PERCENT PLAN PAYS,70,80,70,50,50,1,5,low,high,RISK,2
0,1,0,1,Bonus,4623,Yes,Owns,2,9,1,15,5,OUTPATIENT SERVICES (SURGERY),OUT-OF-NETWORK,PERCENT PLAN PAYS,70,70,80,50,50,1,5,low,high,RISK,2
0,0,0,0,Salaried,153,Yes,Owns,0,4,5,15,5,OUTPATIENT SERVICES (SURGERY),OUT-OF-NETWORK,PERCENT PLAN PAYS,70,50,70,80,50,1,5,low,high,RISK,2
0,1,1,0,Salaried,3954,No,Owns,1,1,2,15,5,OUTPATIENT SERVICES (SURGERY),OUT-OF-NETWORK,PERCENT PLAN PAYS,80,50,70,70,50,1,5,low,high,RISK,2
0,0,0,0,Salaried,4742,No,Rents,0,6,5,15,5,OUTPATIENT SERVICES (SURGERY),OUT-OF-NETWORK,PERCENT PLAN PAYS,70,80,50,70,50,1,5,low,high,RISK,2
0,0,0,0,Hourly,3289,No,Rents,8,1,13,15,5,OUTPATIENT SERVICES (SURGERY),OUT-OF-NETWORK,PERCENT PLAN PAYS,70,80,50,70,50,1,5,low,high,RISK,2
0,0,0,0,Bonus,3409,Yes,Rents,6,3,4,15,5,OUTPATIENT SERVICES (SURGERY),OUT-OF-NETWORK,PERCENT PLAN PAYS,70,50,70,80,50,1,5,low,high,RISK,2
0,0,1,0,Bonus,3179,No,Rents,2,2,0,15,5,OUTPATIENT SERVICES (SURGERY),OUT-OF-NETWORK,PERCENT PLAN PAYS,70,80,70,50,50,1,5,low,high,RISK,2
0,0,0,0,Bonus,4271,No,Rents,3,5,12,15,5,OUTPATIENT SERVICES (SURGERY),OUT-OF-NETWORK,PERCENT PLAN PAYS,70,70,50,80,50,1,5,low,high,RISK,2
0,0,0,0,Hourly,4605,Yes,Rents,4,6,13,15,5,OUTPATIENT SERVICES (SURGERY),OUT-OF-NETWORK,PERCENT PLAN PAYS,70,50,80,70,50,1,5,low,high,RISK,2
0,1,1,1,Salaried,3042,Yes,Rents,1,4,5,15,5,OUTPATIENT SERVICES (SURGERY),OUT-OF-NETWORK,PERCENT PLAN PAYS,80,70,50,70,50,1,5,low,high,RISK,2
0,1,1,0,Hourly,170,No,Rents,9,4,8,15,5,OUTPATIENT SERVICES (SURGERY),OUT-OF-NETWORK,PERCENT PLAN PAYS,70,80,70,50,50,1,5,low,high,RISK,2
0,0,0,1,Salaried,2062,No,Rents,2,9,4,15,5,OUTPATIENT SERVICES (SURGERY),OUT-OF-NETWORK,PERCENT PLAN PAYS,70,70,80,50,50,1,5,low,high,RISK,2
1,0,1,1,Bonus,1962,No,Rents,0,7,9,15,5,OUTPATIENT SERVICES (SURGERY),OUT-OF-NETWORK,PERCENT PLAN PAYS,80,50,70,70,50,1,5,low,high,RISK,2
0,0,0,0,Bonus,1006,No,Owns,5,5,23,15,5,OUTPATIENT SERVICES (SURGERY),OUT-OF-NETWORK,PERCENT PLAN PAYS,70,70,50,80,50,1,5,low,high,RISK,2
0,1,0,1,Salaried,4555,No,Rents,2,1,9,15,5,OUTPATIENT SERVICES (SURGERY),OUT-OF-NETWORK,PERCENT PLAN PAYS,80,70,70,50,50,1,5,low,high,RISK,2
1,0,1,0,Bonus,458,No,Rents,4,8,6,15,5,OUTPATIENT SERVICES (SURGERY),OUT-OF-NETWORK,PERCENT PLAN PAYS,80,70,50,70,50,1,5,low,high,RISK,2
1,0,1,0,Hourly,1593,No,Owns,0,2,1,15,5,OUTPATIENT SERVICES (SURGERY),OUT-OF-NETWORK,PERCENT PLAN PAYS,70,50,80,70,50,1,5,low,high,RISK,2
0,1,0,0,Hourly,4519,Yes,Owns,4,10,2,15,5,OUTPATIENT SERVICES (SURGERY),OUT-OF-NETWORK,PERCENT PLAN PAYS,80,70,70,50,50,1,5,low,high,RISK,2
0,1,0,0,Bonus,2639,No,Rents,0,4,3,15,5,OUTPATIENT SERVICES (SURGERY),OUT-OF-NETWORK,PERCENT PLAN PAYS,70,70,80,50,50,1,5,low,high,RISK,2
0,0,1,0,Hourly,2563,Yes,Rents,8,2,25,15,5,OUTPATIENT SERVICES (SURGERY),OUT-OF-NETWORK,PERCENT PLAN PAYS,70,80,70,50,50,1,5,low,high,RISK,2
0,0,1,1,Bonus,2810,Yes,Owns,8,10,10,15,5,OUTPATIENT SERVICES (SURGERY),OUT-OF-NETWORK,PERCENT PLAN PAYS,70,80,50,70,50,1,5,low,high,RISK,2
0,0,0,1,Hourly,2954,Yes,Owns,10,7,6,15,5,OUTPATIENT SERVICES (SURGERY),OUT-OF-NETWORK,PERCENT PLAN PAYS,70,80,50,70,50,1,5,low,high,RISK,2
0,0,1,0,Hourly,2299,Yes,Owns,6,5,5,15,5,OUTPATIENT SERVICES (SURGERY),OUT-OF-NETWORK,PERCENT PLAN PAYS,50,80,70,70,50,1,5,low,high,RISK,2
0,0,1,1,Hourly,1155,No,Rents,1,10,8,15,5,OUTPATIENT SERVICES (SURGERY),OUT-OF-NETWORK,PERCENT PLAN PAYS,80,50,70,70,50,1,5,low,high,RISK,2
1,0,1,0,Bonus,1856,Yes,Rents,7,0,4,15,5,OUTPATIENT SERVICES (SURGERY),OUT-OF-NETWORK,PERCENT PLAN PAYS,70,50,80,70,50,1,5,low,high,RISK,2
1,1,0,0,Salaried,3352,Yes,Rents,1,9,1,15,5,OUTPATIENT SERVICES (SURGERY),OUT-OF-NETWORK,PERCENT PLAN PAYS,80,50,70,70,50,1,5,low,high,RISK,2
1,0,0,0,Hourly,3735,Yes,Owns,8,4,5,15,5,OUTPATIENT SERVICES (SURGERY),OUT-OF-NETWORK,PERCENT PLAN PAYS,70,80,50,70,50,1,5,low,high,RISK,2
1,0,0,1,Salaried,1125,Yes,Rents,1,1,2,15,5,OUTPATIENT SERVICES (SURGERY),OUT-OF-NETWORK,PERCENT PLAN PAYS,80,70,70,50,50,1,5,low,high,RISK,2
1,0,1,0,Bonus,4695,No,Owns,0,6,5,15,5,OUTPATIENT SERVICES (SURGERY),OUT-OF-NETWORK,PERCENT PLAN PAYS,50,80,70,70,50,1,5,low,high,RISK,2
0,0,0,1,Salaried,1210,No,Rents,9,1,13,15,5,OUTPATIENT SERVICES (SURGERY),OUT-OF-NETWORK,PERCENT PLAN PAYS,70,50,80,70,50,1,5,low,high,RISK,2
1,1,1,0,Bonus,3149,No,Owns,1,3,4,15,5,OUTPATIENT SERVICES (SURGERY),OUT-OF-NETWORK,PERCENT PLAN PAYS,70,70,80,50,50,1,5,low,high,RISK,2
1,0,0,0,Bonus,3757,No,Rents,1,2,0,15,5,OUTPATIENT SERVICES (SURGERY),OUT-OF-NETWORK,PERCENT PLAN PAYS,50,80,70,70,50,1,5,low,high,RISK,2
1,0,1,1,Salaried,4038,Yes,Rents,5,5,12,15,5,OUTPATIENT SERVICES (SURGERY),OUT-OF-NETWORK,PERCENT PLAN PAYS,70,80,50,70,50,1,5,low,high,RISK,2
0,0,0,1,Bonus,381,No,Owns,2,6,13,15,5,OUTPATIENT SERVICES (SURGERY),OUT-OF-NETWORK,PERCENT PLAN PAYS,80,70,70,50,50,1,5,low,high,RISK,2
0,0,0,0,Hourly,2879,Yes,Rents,9,4,5,15,5,OUTPATIENT SERVICES (SURGERY),OUT-OF-NETWORK,PERCENT PLAN PAYS,70,80,70,50,50,1,5,low,high,RISK,2
0,1,0,0,Hourly,2246,No,Owns,9,4,8,15,5,OUTPATIENT SERVICES (SURGERY),OUT-OF-NETWORK,PERCENT PLAN PAYS,50,70,80,70,50,1,5,low,high,RISK,2
0,1,0,0,Hourly,3337,No,Rents,1,9,4,15,5,OUTPATIENT SERVICES (SURGERY),OUT-OF-NETWORK,PERCENT PLAN PAYS,50,70,80,70,50,1,5,low,high,RISK,2
1,0,0,0,Hourly,874,No,Owns,9,7,9,15,5,OUTPATIENT SERVICES (SURGERY),OUT-OF-NETWORK,PERCENT PLAN PAYS,70,70,50,80,50,1,5,low,high,RISK,2
0,1,0,0,Hourly,4470,Yes,Owns,0,5,23,15,5,OUTPATIENT SERVICES (SURGERY),OUT-OF-NETWORK,PERCENT PLAN PAYS,80,50,70,70,50,1,5,low,high,RISK,2
1,0,1,0,Hourly,3252,Yes,Owns,4,1,9,15,5,OUTPATIENT SERVICES (SURGERY),OUT-OF-NETWORK,PERCENT PLAN PAYS,80,70,50,70,50,1,5,low,high,RISK,2
0,1,0,0,Hourly,176,Yes,Rents,3,8,6,15,5,OUTPATIENT SERVICES (SURGERY),OUT-OF-NETWORK,PERCENT PLAN PAYS,50,70,80,70,50,1,5,low,high,RISK,2
0,0,1,0,Hourly,3681,Yes,Owns,1,2,1,15,5,OUTPATIENT SERVICES (SURGERY),OUT-OF-NETWORK,PERCENT PLAN PAYS,70,50,80,70,50,1,5,low,high,RISK,2
0,1,1,1,Hourly,1019,Yes,Owns,8,10,2,15,5,OUTPATIENT SERVICES (SURGERY),OUT-OF-NETWORK,PERCENT PLAN PAYS,70,80,70,50,50,1,5,low,high,RISK,2
0,1,1,0,Bonus,4493,Yes,Owns,10,4,3,15,5,OUTPATIENT SERVICES (SURGERY),OUT-OF-NETWORK,PERCENT PLAN PAYS,50,70,70,80,50,1,5,low,high,RISK,2
0,1,1,0,Salaried,1012,Yes,Owns,8,2,25,15,5,OUTPATIENT SERVICES (SURGERY),OUT-OF-NETWORK,PERCENT PLAN PAYS,70,70,80,50,50,1,5,low,high,RISK,2
0,0,0,0,Bonus,1248,Yes,Rents,1,10,10,15,5,OUTPATIENT SERVICES (SURGERY),OUT-OF-NETWORK,PERCENT PLAN PAYS,70,80,50,70,50,1,5,low,high,RISK,2
0,0,0,0,Salaried,1214,No,Owns,1,7,6,15,5,OUTPATIENT SERVICES (SURGERY),OUT-OF-NETWORK,PERCENT PLAN PAYS,80,70,50,70,50,1,5,low,high,RISK,2
1,0,0,0,Salaried,2852,Yes,Rents,1,5,5,15,5,OUTPATIENT SERVICES (SURGERY),OUT-OF-NETWORK,PERCENT PLAN PAYS,70,50,70,80,50,1,5,low,high,RISK,2
0,0,0,0,Bonus,1440,Yes,Owns,4,10,8,15,5,OUTPATIENT SERVICES (SURGERY),OUT-OF-NETWORK,PERCENT PLAN PAYS,50,80,70,70,50,1,5,low,high,RISK,2
1,0,1,0,Bonus,2951,No,Owns,4,0,4,15,5,OUTPATIENT SERVICES (SURGERY),OUT-OF-NETWORK,PERCENT PLAN PAYS,80,70,50,70,50,1,5,low,high,RISK,2
2,1,0,2,Salaried,4377,No,Rents,10,19,27,15,6,OUTPATIENT SERVICES (SURGERY),OUT-OF-NETWORK,PERCENT PLAN PAYS,80,70,70,50,70,2,10,low,high,RISK,2
0,1,1,0,Salaried,1919,No,Owns,10,15,31,15,6,OUTPATIENT SERVICES (SURGERY),OUT-OF-NETWORK,PERCENT PLAN PAYS,70,80,50,70,70,2,10,low,high,RISK,2
1,1,0,0,Salaried,4671,Yes,Rents,15,12,28,15,6,OUTPATIENT SERVICES (SURGERY),OUT-OF-NETWORK,PERCENT PLAN PAYS,50,80,70,70,70,2,10,low,high,RISK,2
2,1,0,0,Bonus,1139,No,Owns,13,16,31,15,6,OUTPATIENT SERVICES (SURGERY),OUT-OF-NETWORK,PERCENT PLAN PAYS,80,70,70,50,70,2,10,low,high,RISK,2
1,1,2,1,Bonus,3085,No,Rents,9,12,39,15,6,OUTPATIENT SERVICES (SURGERY),OUT-OF-NETWORK,PERCENT PLAN PAYS,70,50,70,80,70,2,10,low,high,RISK,2
0,1,2,0,Salaried,912,Yes,Rents,16,14,30,15,6,OUTPATIENT SERVICES (SURGERY),OUT-OF-NETWORK,PERCENT PLAN PAYS,80,70,50,70,70,2,10,low,high,RISK,2
1,0,2,1,Hourly,3561,Yes,Owns,12,13,26,15,6,OUTPATIENT SERVICES (SURGERY),OUT-OF-NETWORK,PERCENT PLAN PAYS,70,70,80,50,70,2,10,low,high,RISK,2
1,2,0,0,Hourly,4350,No,Rents,7,16,37,15,6,OUTPATIENT SERVICES (SURGERY),OUT-OF-NETWORK,PERCENT PLAN PAYS,70,50,80,70,70,2,10,low,high,RISK,2
2,2,1,2,Salaried,3664,No,Owns,7,16,39,15,6,OUTPATIENT SERVICES (SURGERY),OUT-OF-NETWORK,PERCENT PLAN PAYS,70,50,70,80,70,2,10,low,high,RISK,2
0,0,0,1,Bonus,1972,Yes,Owns,17,14,30,15,6,OUTPATIENT SERVICES (SURGERY),OUT-OF-NETWORK,PERCENT PLAN PAYS,70,50,70,80,70,2,10,low,high,RISK,2
1,0,2,2,Salaried,1235,Yes,Rents,14,14,34,15,6,OUTPATIENT SERVICES (SURGERY),OUT-OF-NETWORK,PERCENT PLAN PAYS,80,50,70,70,70,2,10,low,high,RISK,2
0,2,0,1,Bonus,2294,Yes,Owns,10,19,30,15,6,OUTPATIENT SERVICES (SURGERY),OUT-OF-NETWORK,PERCENT PLAN PAYS,50,70,70,80,70,2,10,low,high,RISK,2
0,1,2,0,Salaried,4592,Yes,Rents,16,17,35,15,6,OUTPATIENT SERVICES (SURGERY),OUT-OF-NETWORK,PERCENT PLAN PAYS,70,70,80,50,70,2,10,low,high,RISK,2
0,0,1,1,Hourly,2183,Yes,Owns,6,15,48,15,6,OUTPATIENT SERVICES (SURGERY),OUT-OF-NETWORK,PERCENT PLAN PAYS,50,80,70,70,70,2,10,low,high,RISK,2
1,1,2,1,Salaried,1622,Yes,Rents,8,12,35,15,6,OUTPATIENT SERVICES (SURGERY),OUT-OF-NETWORK,PERCENT PLAN PAYS,50,70,70,80,70,2,10,low,high,RISK,2
1,2,1,2,Salaried,4259,Yes,Rents,6,18,32,15,6,OUTPATIENT SERVICES (SURGERY),OUT-OF-NETWORK,PERCENT PLAN PAYS,80,70,70,50,70,2,10,low,high,RISK,2
2,1,1,2,Salaried,4138,No,Owns,17,13,27,15,6,OUTPATIENT SERVICES (SURGERY),OUT-OF-NETWORK,PERCENT PLAN PAYS,70,70,80,50,70,2,10,low,high,RISK,2
2,0,1,2,Bonus,2742,No,Owns,17,20,28,15,6,OUTPATIENT SERVICES (SURGERY),OUT-OF-NETWORK,PERCENT PLAN PAYS,70,70,80,50,70,2,10,low,high,RISK,2
1,1,0,2,Bonus,4027,Yes,Rents,8,14,29,15,6,OUTPATIENT SERVICES (SURGERY),OUT-OF-NETWORK,PERCENT PLAN PAYS,70,70,80,50,70,2,10,low,high,RISK,2
1,1,0,0,Bonus,3643,No,Rents,16,13,50,15,6,OUTPATIENT SERVICES (SURGERY),OUT-OF-NETWORK,PERCENT PLAN PAYS,70,80,50,70,70,2,10,low,high,RISK,2
1,0,2,0,Salaried,1855,No,Rents,17,20,35,15,6,OUTPATIENT SERVICES (SURGERY),OUT-OF-NETWORK,PERCENT PLAN PAYS,70,70,50,80,70,2,10,low,high,RISK,2
1,2,0,1,Bonus,4199,No,Owns,14,17,32,15,6,OUTPATIENT SERVICES (SURGERY),OUT-OF-NETWORK,PERCENT PLAN PAYS,70,80,50,70,70,2,10,low,high,RISK,2
0,2,1,0,Salaried,358,No,Rents,12,16,31,15,6,OUTPATIENT SERVICES (SURGERY),OUT-OF-NETWORK,PERCENT PLAN PAYS,80,50,70,70,70,2,10,low,high,RISK,2
1,1,1,1,Salaried,2175,No,Owns,16,20,34,15,6,OUTPATIENT SERVICES (SURGERY),OUT-OF-NETWORK,PERCENT PLAN PAYS,70,80,70,50,70,2,10,low,high,RISK,2
1,1,0,0,Bonus,2804,No,Owns,11,11,30,15,6,OUTPATIENT SERVICES (SURGERY),OUT-OF-NETWORK,PERCENT PLAN PAYS,50,70,70,80,70,2,10,low,high,RISK,2
2,1,2,1,Bonus,2793,Yes,Owns,17,19,27,15,6,OUTPATIENT SERVICES (SURGERY),OUT-OF-NETWORK,PERCENT PLAN PAYS,70,70,80,50,70,2,10,low,high,RISK,2
2,0,2,0,Salaried,1366,No,Owns,14,15,31,15,6,OUTPATIENT SERVICES (SURGERY),OUT-OF-NETWORK,PERCENT PLAN PAYS,80,70,70,50,70,2,10,low,high,RISK,2
0,1,1,2,Salaried,3990,No,Rents,13,12,28,15,6,OUTPATIENT SERVICES (SURGERY),OUT-OF-NETWORK,PERCENT PLAN PAYS,80,70,70,50,70,2,10,low,high,RISK,2
0,1,1,0,Salaried,1625,No,Owns,16,16,31,15,6,OUTPATIENT SERVICES (SURGERY),OUT-OF-NETWORK,PERCENT PLAN PAYS,50,70,80,70,70,2,10,low,high,RISK,2
1,2,0,0,Hourly,1178,No,Owns,5,12,39,15,6,OUTPATIENT SERVICES (SURGERY),OUT-OF-NETWORK,PERCENT PLAN PAYS,70,50,80,70,70,2,10,low,high,RISK,2
1,1,0,0,Hourly,2665,No,Rents,8,14,30,15,6,OUTPATIENT SERVICES (SURGERY),OUT-OF-NETWORK,PERCENT PLAN PAYS,70,70,80,50,70,2,10,low,high,RISK,2
1,1,2,0,Hourly,4144,No,Owns,9,13,26,15,6,OUTPATIENT SERVICES (SURGERY),OUT-OF-NETWORK,PERCENT PLAN PAYS,50,80,70,70,70,2,10,low,high,RISK,2
1,1,2,0,Hourly,2547,Yes,Owns,14,16,37,15,6,OUTPATIENT SERVICES (SURGERY),OUT-OF-NETWORK,PERCENT PLAN PAYS,70,70,50,80,70,2,10,low,high,RISK,2
1,1,1,0,Hourly,152,Yes,Owns,15,16,39,15,6,OUTPATIENT SERVICES (SURGERY),OUT-OF-NETWORK,PERCENT PLAN PAYS,50,80,70,70,70,2,10,low,high,RISK,2
0,0,0,0,Bonus,2909,Yes,Rents,9,14,30,15,6,OUTPATIENT SERVICES (SURGERY),OUT-OF-NETWORK,PERCENT PLAN PAYS,50,70,80,70,70,2,10,low,high,RISK,2
2,2,1,1,Bonus,2404,Yes,Owns,11,14,34,15,6,OUTPATIENT SERVICES (SURGERY),OUT-OF-NETWORK,PERCENT PLAN PAYS,50,70,70,80,70,2,10,low,high,RISK,2
2,0,1,2,Bonus,144,Yes,Owns,10,19,30,15,6,OUTPATIENT SERVICES (SURGERY),OUT-OF-NETWORK,PERCENT PLAN PAYS,80,50,70,70,70,2,10,low,high,RISK,2
2,0,1,0,Hourly,2250,No,Owns,11,17,35,15,6,OUTPATIENT SERVICES (SURGERY),OUT-OF-NETWORK,PERCENT PLAN PAYS,50,80,70,70,70,2,10,low,high,RISK,2
2,0,0,0,Hourly,4826,No,Owns,10,15,48,15,6,OUTPATIENT SERVICES (SURGERY),OUT-OF-NETWORK,PERCENT PLAN PAYS,80,70,50,70,70,2,10,low,high,RISK,2
1,1,0,0,Salaried,792,No,Owns,12,12,35,15,6,OUTPATIENT SERVICES (SURGERY),OUT-OF-NETWORK,PERCENT PLAN PAYS,80,50,70,70,70,2,10,low,high,RISK,2
0,2,0,1,Hourly,3429,No,Rents,15,18,32,15,6,OUTPATIENT SERVICES (SURGERY),OUT-OF-NETWORK,PERCENT PLAN PAYS,80,70,50,70,70,2,10,low,high,RISK,2
0,2,0,1,Hourly,1596,Yes,Owns,11,13,27,15,6,OUTPATIENT SERVICES (SURGERY),OUT-OF-NETWORK,PERCENT PLAN PAYS,70,50,70,80,70,2,10,low,high,RISK,2
1,1,2,0,Salaried,83,Yes,Owns,7,20,28,15,6,OUTPATIENT SERVICES (SURGERY),OUT-OF-NETWORK,PERCENT PLAN PAYS,50,70,70,80,70,2,10,low,high,RISK,2
1,2,0,2,Salaried,3601,No,Owns,6,14,29,15,6,OUTPATIENT SERVICES (SURGERY),OUT-OF-NETWORK,PERCENT PLAN PAYS,50,80,70,70,70,2,10,low,high,RISK,2
1,1,0,1,Bonus,861,No,Owns,15,13,50,15,6,OUTPATIENT SERVICES (SURGERY),OUT-OF-NETWORK,PERCENT PLAN PAYS,70,50,80,70,70,2,10,low,high,RISK,2
0,2,2,2,Salaried,2240,Yes,Rents,15,20,35,15,6,OUTPATIENT SERVICES (SURGERY),OUT-OF-NETWORK,PERCENT PLAN PAYS,70,70,50,80,70,2,10,low,high,RISK,2
1,0,0,0,Hourly,2384,No,Rents,6,17,32,15,6,OUTPATIENT SERVICES (SURGERY),OUT-OF-NETWORK,PERCENT PLAN PAYS,70,80,70,50,70,2,10,low,high,RISK,2
0,0,0,0,Bonus,2363,Yes,Rents,12,16,31,15,6,OUTPATIENT SERVICES (SURGERY),OUT-OF-NETWORK,PERCENT PLAN PAYS,80,50,70,70,70,2,10,low,high,RISK,2
1,1,2,0,Salaried,4539,No,Owns,10,20,34,15,6,OUTPATIENT SERVICES (SURGERY),OUT-OF-NETWORK,PERCENT PLAN PAYS,70,80,70,50,70,2,10,low,high,RISK,2
1,1,0,0,Bonus,489,No,Rents,9,11,30,15,6,OUTPATIENT SERVICES (SURGERY),OUT-OF-NETWORK,PERCENT PLAN PAYS,50,80,70,70,70,2,10,low,high,RISK,2
1,2,0,2,Bonus,4623,Yes,Owns,7,19,27,15,6,OUTPATIENT SERVICES (SURGERY),OUT-OF-NETWORK,PERCENT PLAN PAYS,70,80,70,50,70,2,10,low,high,RISK,2
1,0,0,0,Salaried,153,Yes,Owns,5,15,31,15,6,OUTPATIENT SERVICES (SURGERY),OUT-OF-NETWORK,PERCENT PLAN PAYS,70,50,70,80,70,2,10,low,high,RISK,2
0,2,2,1,Salaried,3954,No,Owns,6,12,28,15,6,OUTPATIENT SERVICES (SURGERY),OUT-OF-NETWORK,PERCENT PLAN PAYS,80,70,70,50,70,2,10,low,high,RISK,2
0,1,0,0,Salaried,4742,No,Rents,5,16,31,15,6,OUTPATIENT SERVICES (SURGERY),OUT-OF-NETWORK,PERCENT PLAN PAYS,70,70,80,50,70,2,10,low,high,RISK,2
0,0,0,1,Hourly,3289,No,Rents,15,12,39,15,6,OUTPATIENT SERVICES (SURGERY),OUT-OF-NETWORK,PERCENT PLAN PAYS,70,70,80,50,70,2,10,low,high,RISK,2
0,0,1,1,Bonus,3409,Yes,Rents,13,14,30,15,6,OUTPATIENT SERVICES (SURGERY),OUT-OF-NETWORK,PERCENT PLAN PAYS,50,70,80,70,70,2,10,low,high,RISK,2
0,0,2,1,Bonus,3179,No,Rents,8,13,26,15,6,OUTPATIENT SERVICES (SURGERY),OUT-OF-NETWORK,PERCENT PLAN PAYS,50,80,70,70,70,2,10,low,high,RISK,2
0,0,0,1,Bonus,4271,No,Rents,9,16,37,15,6,OUTPATIENT SERVICES (SURGERY),OUT-OF-NETWORK,PERCENT PLAN PAYS,80,70,50,70,70,2,10,low,high,RISK,2
0,0,0,0,Hourly,4605,Yes,Rents,10,16,39,15,6,OUTPATIENT SERVICES (SURGERY),OUT-OF-NETWORK,PERCENT PLAN PAYS,80,70,70,50,70,2,10,low,high,RISK,2
0,2,2,2,Salaried,3042,Yes,Rents,6,14,30,15,6,OUTPATIENT SERVICES (SURGERY),OUT-OF-NETWORK,PERCENT PLAN PAYS,50,80,70,70,70,2,10,low,high,RISK,2
0,2,2,0,Hourly,170,No,Rents,16,14,34,15,6,OUTPATIENT SERVICES (SURGERY),OUT-OF-NETWORK,PERCENT PLAN PAYS,70,80,50,70,70,2,10,low,high,RISK,2
0,1,0,2,Salaried,2062,No,Rents,7,19,30,15,6,OUTPATIENT SERVICES (SURGERY),OUT-OF-NETWORK,PERCENT PLAN PAYS,70,80,50,70,70,2,10,low,high,RISK,2
1,1,2,2,Bonus,1962,No,Rents,5,17,35,15,6,OUTPATIENT SERVICES (SURGERY),OUT-OF-NETWORK,PERCENT PLAN PAYS,70,50,80,70,70,2,10,low,high,RISK,2
0,0,0,0,Bonus,1006,No,Owns,11,15,48,15,6,OUTPATIENT SERVICES (SURGERY),OUT-OF-NETWORK,PERCENT PLAN PAYS,70,50,70,80,70,2,10,low,high,RISK,2
0,2,1,2,Salaried,4555,No,Rents,8,12,35,15,6,OUTPATIENT SERVICES (SURGERY),OUT-OF-NETWORK,PERCENT PLAN PAYS,80,70,70,50,70,2,10,low,high,RISK,2
2,1,1,0,Bonus,458,No,Rents,10,18,32,15,6,OUTPATIENT SERVICES (SURGERY),OUT-OF-NETWORK,PERCENT PLAN PAYS,70,80,50,70,70,2,10,low,high,RISK,2
2,0,2,1,Hourly,1593,No,Owns,5,13,27,15,6,OUTPATIENT SERVICES (SURGERY),OUT-OF-NETWORK,PERCENT PLAN PAYS,80,50,70,70,70,2,10,low,high,RISK,2
0,2,0,1,Hourly,4519,Yes,Owns,11,20,28,15,6,OUTPATIENT SERVICES (SURGERY),OUT-OF-NETWORK,PERCENT PLAN PAYS,70,80,70,50,70,2,10,low,high,RISK,2
0,1,0,0,Bonus,2639,No,Rents,5,14,29,15,6,OUTPATIENT SERVICES (SURGERY),OUT-OF-NETWORK,PERCENT PLAN PAYS,80,70,70,50,70,2,10,low,high,RISK,2
0,0,2,1,Hourly,2563,Yes,Rents,15,13,50,15,6,OUTPATIENT SERVICES (SURGERY),OUT-OF-NETWORK,PERCENT PLAN PAYS,80,70,70,50,70,2,10,low,high,RISK,2
0,1,2,1,Bonus,2810,Yes,Owns,15,20,35,15,6,OUTPATIENT SERVICES (SURGERY),OUT-OF-NETWORK,PERCENT PLAN PAYS,80,70,70,50,70,2,10,low,high,RISK,2
1,1,0,1,Hourly,2954,Yes,Owns,18,17,32,15,6,OUTPATIENT SERVICES (SURGERY),OUT-OF-NETWORK,PERCENT PLAN PAYS,50,70,80,70,70,2,10,low,high,RISK,2
1,0,2,0,Hourly,2299,Yes,Owns,13,16,31,15,6,OUTPATIENT SERVICES (SURGERY),OUT-OF-NETWORK,PERCENT PLAN PAYS,50,70,70,80,70,2,10,low,high,RISK,2
0,0,1,2,Hourly,1155,No,Rents,6,20,34,15,6,OUTPATIENT SERVICES (SURGERY),OUT-OF-NETWORK,PERCENT PLAN PAYS,80,70,50,70,70,2,10,low,high,RISK,2
1,0,2,0,Bonus,1856,Yes,Rents,14,11,30,15,6,OUTPATIENT SERVICES (SURGERY),OUT-OF-NETWORK,PERCENT PLAN PAYS,50,80,70,70,70,2,10,low,high,RISK,2
2,1,1,0,Salaried,3352,Yes,Rents,6,19,27,15,6,OUTPATIENT SERVICES (SURGERY),OUT-OF-NETWORK,PERCENT PLAN PAYS,70,50,70,80,70,2,10,low,high,RISK,2
2,0,0,1,Hourly,3735,Yes,Owns,15,15,31,15,6,OUTPATIENT SERVICES (SURGERY),OUT-OF-NETWORK,PERCENT PLAN PAYS,70,50,70,80,70,2,10,low,high,RISK,2
2,1,0,2,Salaried,1125,Yes,Rents,6,12,28,15,6,OUTPATIENT SERVICES (SURGERY),OUT-OF-NETWORK,PERCENT PLAN PAYS,70,50,80,70,70,2,10,low,high,RISK,2
2,0,1,0,Bonus,4695,No,Owns,5,16,31,15,6,OUTPATIENT SERVICES (SURGERY),OUT-OF-NETWORK,PERCENT PLAN PAYS,50,70,70,80,70,2,10,low,high,RISK,2
1,1,1,1,Salaried,1210,No,Rents,17,12,39,15,6,OUTPATIENT SERVICES (SURGERY),OUT-OF-NETWORK,PERCENT PLAN PAYS,70,70,80,50,70,2,10,low,high,RISK,2
1,2,1,0,Bonus,3149,No,Owns,6,14,30,15,6,OUTPATIENT SERVICES (SURGERY),OUT-OF-NETWORK,PERCENT PLAN PAYS,80,70,50,70,70,2,10,low,high,RISK,2
1,1,1,1,Bonus,3757,No,Rents,6,13,26,15,6,OUTPATIENT SERVICES (SURGERY),OUT-OF-NETWORK,PERCENT PLAN PAYS,80,70,50,70,70,2,10,low,high,RISK,2
1,0,2,1,Salaried,4038,Yes,Rents,12,16,37,15,6,OUTPATIENT SERVICES (SURGERY),OUT-OF-NETWORK,PERCENT PLAN PAYS,50,70,80,70,70,2,10,low,high,RISK,2
0,0,0,2,Bonus,381,No,Owns,8,16,39,15,6,OUTPATIENT SERVICES (SURGERY),OUT-OF-NETWORK,PERCENT PLAN PAYS,50,70,70,80,70,2,10,low,high,RISK,2
0,0,1,1,Hourly,2879,Yes,Rents,16,14,30,15,6,OUTPATIENT SERVICES (SURGERY),OUT-OF-NETWORK,PERCENT PLAN PAYS,50,80,70,70,70,2,10,low,high,RISK,2
1,2,0,0,Hourly,2246,No,Owns,17,14,34,15,6,OUTPATIENT SERVICES (SURGERY),OUT-OF-NETWORK,PERCENT PLAN PAYS,70,70,80,50,70,2,10,low,high,RISK,2
0,2,1,0,Hourly,3337,No,Rents,7,19,30,15,6,OUTPATIENT SERVICES (SURGERY),OUT-OF-NETWORK,PERCENT PLAN PAYS,50,80,70,70,70,2,10,low,high,RISK,2
1,1,1,1,Hourly,874,No,Owns,17,17,35,15,6,OUTPATIENT SERVICES (SURGERY),OUT-OF-NETWORK,PERCENT PLAN PAYS,50,70,70,80,70,2,10,low,high,RISK,2
0,1,0,0,Hourly,4470,Yes,Owns,6,15,48,15,6,OUTPATIENT SERVICES (SURGERY),OUT-OF-NETWORK,PERCENT PLAN PAYS,70,80,50,70,70,2,10,low,high,RISK,2
2,0,1,1,Hourly,3252,Yes,Owns,10,12,35,15,6,OUTPATIENT SERVICES (SURGERY),OUT-OF-NETWORK,PERCENT PLAN PAYS,70,70,50,80,70,2,10,low,high,RISK,2
0,2,0,1,Hourly,176,Yes,Rents,9,18,32,15,6,OUTPATIENT SERVICES (SURGERY),OUT-OF-NETWORK,PERCENT PLAN PAYS,70,70,80,50,70,2,10,low,high,RISK,2
1,0,2,0,Hourly,3681,Yes,Owns,6,13,27,15,6,OUTPATIENT SERVICES (SURGERY),OUT-OF-NETWORK,PERCENT PLAN PAYS,70,80,70,50,70,2,10,low,high,RISK,2
1,2,1,2,Hourly,1019,Yes,Owns,15,20,28,15,6,OUTPATIENT SERVICES (SURGERY),OUT-OF-NETWORK,PERCENT PLAN PAYS,70,70,80,50,70,2,10,low,high,RISK,2
1,2,1,1,Bonus,4493,Yes,Owns,18,14,29,15,6,OUTPATIENT SERVICES (SURGERY),OUT-OF-NETWORK,PERCENT PLAN PAYS,70,70,50,80,70,2,10,low,high,RISK,2
1,2,2,0,Salaried,1012,Yes,Owns,15,13,50,15,6,OUTPATIENT SERVICES (SURGERY),OUT-OF-NETWORK,PERCENT PLAN PAYS,50,70,80,70,70,2,10,low,high,RISK,2
0,0,1,1,Bonus,1248,Yes,Rents,7,20,35,15,6,OUTPATIENT SERVICES (SURGERY),OUT-OF-NETWORK,PERCENT PLAN PAYS,50,70,80,70,70,2,10,low,high,RISK,2
0,0,1,0,Salaried,1214,No,Owns,6,17,32,15,6,OUTPATIENT SERVICES (SURGERY),OUT-OF-NETWORK,PERCENT PLAN PAYS,70,50,70,80,70,2,10,low,high,RISK,2
1,0,1,0,Salaried,2852,Yes,Rents,6,16,31,15,6,OUTPATIENT SERVICES (SURGERY),OUT-OF-NETWORK,PERCENT PLAN PAYS,70,80,70,50,70,2,10,low,high,RISK,2
1,0,1,0,Bonus,2951,No,Owns,11,11,30,15,6,OUTPATIENT SERVICES (SURGERY),OUT-OF-NETWORK,PERCENT PLAN PAYS,70,50,70,80,70,2,10,low,high,RISK,2
3,2,1,3,Salaried,4377,No,Rents,24,48,52,15,7,OUTPATIENT SERVICES (SURGERY),OUT-OF-NETWORK,PERCENT PLAN PAYS,70,50,80,70,70,2,20,low,high,RISK,2
1,1,2,1,Salaried,1919,No,Owns,25,33,56,15,7,OUTPATIENT SERVICES (SURGERY),OUT-OF-NETWORK,PERCENT PLAN PAYS,50,70,70,80,70,2,20,low,high,RISK,2
2,2,1,1,Salaried,4671,Yes,Rents,33,23,53,15,7,OUTPATIENT SERVICES (SURGERY),OUT-OF-NETWORK,PERCENT PLAN PAYS,80,70,70,50,70,2,20,low,high,RISK,2
3,2,1,1,Bonus,1139,No,Owns,29,38,56,15,7,OUTPATIENT SERVICES (SURGERY),OUT-OF-NETWORK,PERCENT PLAN PAYS,70,80,50,70,70,2,20,low,high,RISK,2
1,2,3,2,Bonus,3085,No,Rents,23,24,64,15,7,OUTPATIENT SERVICES (SURGERY),OUT-OF-NETWORK,PERCENT PLAN PAYS,70,70,80,50,70,2,20,low,high,RISK,2
1,2,3,1,Salaried,912,Yes,Rents,37,29,55,15,7,OUTPATIENT SERVICES (SURGERY),OUT-OF-NETWORK,PERCENT PLAN PAYS,50,70,80,70,70,2,20,low,high,RISK,2
2,1,3,2,Hourly,3561,Yes,Owns,28,26,51,15,7,OUTPATIENT SERVICES (SURGERY),OUT-OF-NETWORK,PERCENT PLAN PAYS,80,70,50,70,70,2,20,low,high,RISK,2
2,3,1,1,Hourly,4350,No,Rents,19,36,62,15,7,OUTPATIENT SERVICES (SURGERY),OUT-OF-NETWORK,PERCENT PLAN PAYS,50,70,80,70,70,2,20,low,high,RISK,2
3,3,2,3,Salaried,3664,No,Owns,18,38,64,15,7,OUTPATIENT SERVICES (SURGERY),OUT-OF-NETWORK,PERCENT PLAN PAYS,70,70,50,80,70,2,20,low,high,RISK,2
1,1,1,1,Bonus,1972,Yes,Owns,38,31,55,15,7,OUTPATIENT SERVICES (SURGERY),OUT-OF-NETWORK,PERCENT PLAN PAYS,80,70,50,70,70,2,20,low,high,RISK,2
1,1,3,3,Salaried,1235,Yes,Rents,32,31,59,15,7,OUTPATIENT SERVICES (SURGERY),OUT-OF-NETWORK,PERCENT PLAN PAYS,70,70,80,50,70,2,20,low,high,RISK,2
1,3,1,2,Bonus,2294,Yes,Owns,25,47,55,15,7,OUTPATIENT SERVICES (SURGERY),OUT-OF-NETWORK,PERCENT PLAN PAYS,80,50,70,70,70,2,20,low,high,RISK,2
1,2,3,1,Salaried,4592,Yes,Rents,37,41,60,15,7,OUTPATIENT SERVICES (SURGERY),OUT-OF-NETWORK,PERCENT PLAN PAYS,50,70,70,80,70,2,20,low,high,RISK,2
1,1,1,2,Hourly,2183,Yes,Owns,16,35,73,15,7,OUTPATIENT SERVICES (SURGERY),OUT-OF-NETWORK,PERCENT PLAN PAYS,50,70,70,80,70,2,20,low,high,RISK,2
2,2,3,2,Salaried,1622,Yes,Rents,21,24,60,15,7,OUTPATIENT SERVICES (SURGERY),OUT-OF-NETWORK,PERCENT PLAN PAYS,50,80,70,70,70,2,20,low,high,RISK,2
2,3,1,3,Salaried,4259,Yes,Rents,17,43,57,15,7,OUTPATIENT SERVICES (SURGERY),OUT-OF-NETWORK,PERCENT PLAN PAYS,50,70,70,80,70,2,20,low,high,RISK,2
3,2,2,3,Salaried,4138,No,Owns,37,25,52,15,7,OUTPATIENT SERVICES (SURGERY),OUT-OF-NETWORK,PERCENT PLAN PAYS,70,50,80,70,70,2,20,low,high,RISK,2
3,1,2,3,Bonus,2742,No,Owns,39,50,53,15,7,OUTPATIENT SERVICES (SURGERY),OUT-OF-NETWORK,PERCENT PLAN PAYS,70,70,50,80,70,2,20,low,high,RISK,2
1,1,1,3,Bonus,4027,Yes,Rents,21,31,54,15,7,OUTPATIENT SERVICES (SURGERY),OUT-OF-NETWORK,PERCENT PLAN PAYS,70,80,50,70,70,2,20,low,high,RISK,2
2,2,1,1,Bonus,3643,No,Rents,35,26,75,15,7,OUTPATIENT SERVICES (SURGERY),OUT-OF-NETWORK,PERCENT PLAN PAYS,70,80,70,50,70,2,20,low,high,RISK,2
2,1,3,1,Salaried,1855,No,Rents,39,49,60,15,7,OUTPATIENT SERVICES (SURGERY),OUT-OF-NETWORK,PERCENT PLAN PAYS,70,70,50,80,70,2,20,low,high,RISK,2
1,3,1,1,Bonus,4199,No,Owns,33,40,57,15,7,OUTPATIENT SERVICES (SURGERY),OUT-OF-NETWORK,PERCENT PLAN PAYS,70,50,80,70,70,2,20,low,high,RISK,2
1,3,2,1,Salaried,358,No,Rents,28,36,56,15,7,OUTPATIENT SERVICES (SURGERY),OUT-OF-NETWORK,PERCENT PLAN PAYS,50,70,80,70,70,2,20,low,high,RISK,2
2,2,2,1,Salaried,2175,No,Owns,35,49,59,15,7,OUTPATIENT SERVICES (SURGERY),OUT-OF-NETWORK,PERCENT PLAN PAYS,70,50,70,80,70,2,20,low,high,RISK,2
2,2,1,1,Bonus,2804,No,Owns,26,20,55,15,7,OUTPATIENT SERVICES (SURGERY),OUT-OF-NETWORK,PERCENT PLAN PAYS,70,70,50,80,70,2,20,low,high,RISK,2
3,3,3,2,Bonus,2793,Yes,Owns,39,48,52,15,7,OUTPATIENT SERVICES (SURGERY),OUT-OF-NETWORK,PERCENT PLAN PAYS,50,70,70,80,70,2,20,low,high,RISK,2
3,1,3,1,Salaried,1366,No,Owns,32,33,56,15,7,OUTPATIENT SERVICES (SURGERY),OUT-OF-NETWORK,PERCENT PLAN PAYS,70,70,80,50,70,2,20,low,high,RISK,2
1,2,2,3,Salaried,3990,No,Rents,30,23,53,15,7,OUTPATIENT SERVICES (SURGERY),OUT-OF-NETWORK,PERCENT PLAN PAYS,70,50,70,80,70,2,20,low,high,RISK,2
1,2,2,1,Salaried,1625,No,Owns,36,38,56,15,7,OUTPATIENT SERVICES (SURGERY),OUT-OF-NETWORK,PERCENT PLAN PAYS,70,70,80,50,70,2,20,low,high,RISK,2
2,3,1,1,Hourly,1178,No,Owns,15,24,64,15,7,OUTPATIENT SERVICES (SURGERY),OUT-OF-NETWORK,PERCENT PLAN PAYS,70,70,50,80,70,2,20,low,high,RISK,2
2,1,1,1,Hourly,2665,No,Rents,20,29,55,15,7,OUTPATIENT SERVICES (SURGERY),OUT-OF-NETWORK,PERCENT PLAN PAYS,50,70,80,70,70,2,20,low,high,RISK,2
2,3,3,1,Hourly,4144,No,Owns,23,26,51,15,7,OUTPATIENT SERVICES (SURGERY),OUT-OF-NETWORK,PERCENT PLAN PAYS,50,80,70,70,70,2,20,low,high,RISK,2
2,2,3,1,Hourly,2547,Yes,Owns,32,36,62,15,7,OUTPATIENT SERVICES (SURGERY),OUT-OF-NETWORK,PERCENT PLAN PAYS,70,50,80,70,70,2,20,low,high,RISK,2
2,1,2,1,Hourly,152,Yes,Owns,34,38,64,15,7,OUTPATIENT SERVICES (SURGERY),OUT-OF-NETWORK,PERCENT PLAN PAYS,50,80,70,70,70,2,20,low,high,RISK,2
1,1,1,1,Bonus,2909,Yes,Rents,23,31,55,15,7,OUTPATIENT SERVICES (SURGERY),OUT-OF-NETWORK,PERCENT PLAN PAYS,70,50,80,70,70,2,20,low,high,RISK,2
3,3,2,2,Bonus,2404,Yes,Owns,27,31,59,15,7,OUTPATIENT SERVICES (SURGERY),OUT-OF-NETWORK,PERCENT PLAN PAYS,70,80,70,50,70,2,20,low,high,RISK,2
3,1,2,3,Bonus,144,Yes,Owns,24,47,55,15,7,OUTPATIENT SERVICES (SURGERY),OUT-OF-NETWORK,PERCENT PLAN PAYS,50,80,70,70,70,2,20,low,high,RISK,2
3,1,2,1,Hourly,2250,No,Owns,26,41,60,15,7,OUTPATIENT SERVICES (SURGERY),OUT-OF-NETWORK,PERCENT PLAN PAYS,70,80,50,70,70,2,20,low,high,RISK,2
3,1,1,1,Hourly,4826,No,Owns,25,35,73,15,7,OUTPATIENT SERVICES (SURGERY),OUT-OF-NETWORK,PERCENT PLAN PAYS,50,80,70,70,70,2,20,low,high,RISK,2
2,2,1,1,Salaried,792,No,Owns,28,24,60,15,7,OUTPATIENT SERVICES (SURGERY),OUT-OF-NETWORK,PERCENT PLAN PAYS,80,70,70,50,70,2,20,low,high,RISK,2
1,3,1,2,Hourly,3429,No,Rents,34,43,57,15,7,OUTPATIENT SERVICES (SURGERY),OUT-OF-NETWORK,PERCENT PLAN PAYS,80,50,70,70,70,2,20,low,high,RISK,2
1,3,1,2,Hourly,1596,Yes,Owns,27,25,52,15,7,OUTPATIENT SERVICES (SURGERY),OUT-OF-NETWORK,PERCENT PLAN PAYS,70,50,80,70,70,2,20,low,high,RISK,2
2,3,3,1,Salaried,83,Yes,Owns,19,50,53,15,7,OUTPATIENT SERVICES (SURGERY),OUT-OF-NETWORK,PERCENT PLAN PAYS,70,50,70,80,70,2,20,low,high,RISK,2
2,3,1,3,Salaried,3601,No,Owns,17,31,54,15,7,OUTPATIENT SERVICES (SURGERY),OUT-OF-NETWORK,PERCENT PLAN PAYS,80,70,70,50,70,2,20,low,high,RISK,2
2,2,1,2,Bonus,861,No,Owns,34,26,75,15,7,OUTPATIENT SERVICES (SURGERY),OUT-OF-NETWORK,PERCENT PLAN PAYS,70,50,70,80,70,2,20,low,high,RISK,2
1,3,3,3,Salaried,2240,Yes,Rents,35,49,60,15,7,OUTPATIENT SERVICES (SURGERY),OUT-OF-NETWORK,PERCENT PLAN PAYS,70,70,50,80,70,2,20,low,high,RISK,2
1,1,1,1,Hourly,2384,No,Rents,17,40,57,15,7,OUTPATIENT SERVICES (SURGERY),OUT-OF-NETWORK,PERCENT PLAN PAYS,80,50,70,70,70,2,20,low,high,RISK,2
1,1,1,1,Bonus,2363,Yes,Rents,29,36,56,15,7,OUTPATIENT SERVICES (SURGERY),OUT-OF-NETWORK,PERCENT PLAN PAYS,80,50,70,70,70,2,20,low,high,RISK,2
2,1,3,1,Salaried,4539,No,Owns,24,49,59,15,7,OUTPATIENT SERVICES (SURGERY),OUT-OF-NETWORK,PERCENT PLAN PAYS,80,50,70,70,70,2,20,low,high,RISK,2
2,1,1,1,Bonus,489,No,Rents,23,20,55,15,7,OUTPATIENT SERVICES (SURGERY),OUT-OF-NETWORK,PERCENT PLAN PAYS,50,70,80,70,70,2,20,low,high,RISK,2
2,3,1,3,Bonus,4623,Yes,Owns,19,48,52,15,7,OUTPATIENT SERVICES (SURGERY),OUT-OF-NETWORK,PERCENT PLAN PAYS,70,80,50,70,70,2,20,low,high,RISK,2
2,1,1,1,Salaried,153,Yes,Owns,15,33,56,15,7,OUTPATIENT SERVICES (SURGERY),OUT-OF-NETWORK,PERCENT PLAN PAYS,70,50,70,80,70,2,20,low,high,RISK,2
1,3,3,2,Salaried,3954,No,Owns,17,23,53,15,7,OUTPATIENT SERVICES (SURGERY),OUT-OF-NETWORK,PERCENT PLAN PAYS,50,80,70,70,70,2,20,low,high,RISK,2
1,2,1,1,Salaried,4742,No,Rents,15,38,56,15,7,OUTPATIENT SERVICES (SURGERY),OUT-OF-NETWORK,PERCENT PLAN PAYS,80,50,70,70,70,2,20,low,high,RISK,2
1,1,1,2,Hourly,3289,No,Rents,35,24,64,15,7,OUTPATIENT SERVICES (SURGERY),OUT-OF-NETWORK,PERCENT PLAN PAYS,50,70,70,80,70,2,20,low,high,RISK,2
1,1,2,2,Bonus,3409,Yes,Rents,30,29,55,15,7,OUTPATIENT SERVICES (SURGERY),OUT-OF-NETWORK,PERCENT PLAN PAYS,50,80,70,70,70,2,20,low,high,RISK,2
1,1,3,2,Bonus,3179,No,Rents,21,26,51,15,7,OUTPATIENT SERVICES (SURGERY),OUT-OF-NETWORK,PERCENT PLAN PAYS,80,70,50,70,70,2,20,low,high,RISK,2
1,1,1,2,Bonus,4271,No,Rents,22,36,62,15,7,OUTPATIENT SERVICES (SURGERY),OUT-OF-NETWORK,PERCENT PLAN PAYS,70,80,70,50,70,2,20,low,high,RISK,2
1,1,1,1,Hourly,4605,Yes,Rents,24,38,64,15,7,OUTPATIENT SERVICES (SURGERY),OUT-OF-NETWORK,PERCENT PLAN PAYS,70,80,70,50,70,2,20,low,high,RISK,2
1,3,3,3,Salaried,3042,Yes,Rents,16,31,55,15,7,OUTPATIENT SERVICES (SURGERY),OUT-OF-NETWORK,PERCENT PLAN PAYS,70,80,50,70,70,2,20,low,high,RISK,2
1,3,3,1,Hourly,170,No,Rents,37,31,59,15,7,OUTPATIENT SERVICES (SURGERY),OUT-OF-NETWORK,PERCENT PLAN PAYS,70,70,80,50,70,2,20,low,high,RISK,2
1,1,1,3,Salaried,2062,No,Rents,20,47,55,15,7,OUTPATIENT SERVICES (SURGERY),OUT-OF-NETWORK,PERCENT PLAN PAYS,80,70,50,70,70,2,20,low,high,RISK,2
2,2,3,3,Bonus,1962,No,Rents,15,41,60,15,7,OUTPATIENT SERVICES (SURGERY),OUT-OF-NETWORK,PERCENT PLAN PAYS,50,70,80,70,70,2,20,low,high,RISK,2
1,1,1,1,Bonus,1006,No,Owns,27,35,73,15,7,OUTPATIENT SERVICES (SURGERY),OUT-OF-NETWORK,PERCENT PLAN PAYS,50,70,80,70,70,2,20,low,high,RISK,2
1,3,2,3,Salaried,4555,No,Rents,20,24,60,15,7,OUTPATIENT SERVICES (SURGERY),OUT-OF-NETWORK,PERCENT PLAN PAYS,50,80,70,70,70,2,20,low,high,RISK,2
3,1,2,1,Bonus,458,No,Rents,25,43,57,15,7,OUTPATIENT SERVICES (SURGERY),OUT-OF-NETWORK,PERCENT PLAN PAYS,50,80,70,70,70,2,20,low,high,RISK,2
3,1,3,1,Hourly,1593,No,Owns,16,25,52,15,7,OUTPATIENT SERVICES (SURGERY),OUT-OF-NETWORK,PERCENT PLAN PAYS,70,80,50,70,70,2,20,low,high,RISK,2
1,3,1,2,Hourly,4519,Yes,Owns,26,50,53,15,7,OUTPATIENT SERVICES (SURGERY),OUT-OF-NETWORK,PERCENT PLAN PAYS,80,50,70,70,70,2,20,low,high,RISK,2
1,2,1,1,Bonus,2639,No,Rents,16,31,54,15,7,OUTPATIENT SERVICES (SURGERY),OUT-OF-NETWORK,PERCENT PLAN PAYS,50,70,70,80,70,2,20,low,high,RISK,2
1,1,3,1,Hourly,2563,Yes,Rents,35,26,75,15,7,OUTPATIENT SERVICES (SURGERY),OUT-OF-NETWORK,PERCENT PLAN PAYS,80,70,70,50,70,2,20,low,high,RISK,2
1,2,3,2,Bonus,2810,Yes,Owns,35,49,60,15,7,OUTPATIENT SERVICES (SURGERY),OUT-OF-NETWORK,PERCENT PLAN PAYS,70,50,70,80,70,2,20,low,high,RISK,2
2,2,1,2,Hourly,2954,Yes,Owns,39,40,57,15,7,OUTPATIENT SERVICES (SURGERY),OUT-OF-NETWORK,PERCENT PLAN PAYS,70,80,50,70,70,2,20,low,high,RISK,2
2,1,3,1,Hourly,2299,Yes,Owns,31,36,56,15,7,OUTPATIENT SERVICES (SURGERY),OUT-OF-NETWORK,PERCENT PLAN PAYS,50,70,70,80,70,2,20,low,high,RISK,2
1,1,2,3,Hourly,1155,No,Rents,16,49,59,15,7,OUTPATIENT SERVICES (SURGERY),OUT-OF-NETWORK,PERCENT PLAN PAYS,50,70,70,80,70,2,20,low,high,RISK,2
2,1,3,1,Bonus,1856,Yes,Rents,31,20,55,15,7,OUTPATIENT SERVICES (SURGERY),OUT-OF-NETWORK,PERCENT PLAN PAYS,50,80,70,70,70,2,20,low,high,RISK,2
3,2,2,1,Salaried,3352,Yes,Rents,18,48,52,15,7,OUTPATIENT SERVICES (SURGERY),OUT-OF-NETWORK,PERCENT PLAN PAYS,50,70,70,80,70,2,20,low,high,RISK,2
3,1,1,2,Hourly,3735,Yes,Owns,34,33,56,15,7,OUTPATIENT SERVICES (SURGERY),OUT-OF-NETWORK,PERCENT PLAN PAYS,70,70,50,80,70,2,20,low,high,RISK,2
3,2,1,3,Salaried,1125,Yes,Rents,18,23,53,15,7,OUTPATIENT SERVICES (SURGERY),OUT-OF-NETWORK,PERCENT PLAN PAYS,50,70,80,70,70,2,20,low,high,RISK,2
3,1,2,1,Bonus,4695,No,Owns,15,38,56,15,7,OUTPATIENT SERVICES (SURGERY),OUT-OF-NETWORK,PERCENT PLAN PAYS,50,70,70,80,70,2,20,low,high,RISK,2
2,2,2,2,Salaried,1210,No,Rents,38,24,64,15,7,OUTPATIENT SERVICES (SURGERY),OUT-OF-NETWORK,PERCENT PLAN PAYS,80,70,70,50,70,2,20,low,high,RISK,2
2,3,2,1,Bonus,3149,No,Owns,17,29,55,15,7,OUTPATIENT SERVICES (SURGERY),OUT-OF-NETWORK,PERCENT PLAN PAYS,70,70,80,50,70,2,20,low,high,RISK,2
2,2,2,2,Bonus,3757,No,Rents,18,26,51,15,7,OUTPATIENT SERVICES (SURGERY),OUT-OF-NETWORK,PERCENT PLAN PAYS,80,70,50,70,70,2,20,low,high,RISK,2
3,1,3,2,Salaried,4038,Yes,Rents,28,36,62,15,7,OUTPATIENT SERVICES (SURGERY),OUT-OF-NETWORK,PERCENT PLAN PAYS,70,50,70,80,70,2,20,low,high,RISK,2
1,1,1,3,Bonus,381,No,Owns,20,38,64,15,7,OUTPATIENT SERVICES (SURGERY),OUT-OF-NETWORK,PERCENT PLAN PAYS,70,70,80,50,70,2,20,low,high,RISK,2
1,1,1,2,Hourly,2879,Yes,Rents,37,31,55,15,7,OUTPATIENT SERVICES (SURGERY),OUT-OF-NETWORK,PERCENT PLAN PAYS,70,70,50,80,70,2,20,low,high,RISK,2
2,3,1,1,Hourly,2246,No,Owns,38,31,59,15,7,OUTPATIENT SERVICES (SURGERY),OUT-OF-NETWORK,PERCENT PLAN PAYS,70,70,80,50,70,2,20,low,high,RISK,2
1,3,2,1,Hourly,3337,No,Rents,18,47,55,15,7,OUTPATIENT SERVICES (SURGERY),OUT-OF-NETWORK,PERCENT PLAN PAYS,80,70,50,70,70,2,20,low,high,RISK,2
2,2,1,2,Hourly,874,No,Owns,38,41,60,15,7,OUTPATIENT SERVICES (SURGERY),OUT-OF-NETWORK,PERCENT PLAN PAYS,70,50,80,70,70,2,20,low,high,RISK,2
1,2,1,1,Hourly,4470,Yes,Owns,16,35,73,15,7,OUTPATIENT SERVICES (SURGERY),OUT-OF-NETWORK,PERCENT PLAN PAYS,70,50,80,70,70,2,20,low,high,RISK,2
3,1,3,1,Hourly,3252,Yes,Owns,24,24,60,15,7,OUTPATIENT SERVICES (SURGERY),OUT-OF-NETWORK,PERCENT PLAN PAYS,50,70,70,80,70,2,20,low,high,RISK,2
1,3,1,2,Hourly,176,Yes,Rents,23,43,57,15,7,OUTPATIENT SERVICES (SURGERY),OUT-OF-NETWORK,PERCENT PLAN PAYS,70,50,80,70,70,2,20,low,high,RISK,2
2,1,3,1,Hourly,3681,Yes,Owns,17,25,52,15,7,OUTPATIENT SERVICES (SURGERY),OUT-OF-NETWORK,PERCENT PLAN PAYS,70,70,80,50,70,2,20,low,high,RISK,2
1,3,2,3,Hourly,1019,Yes,Owns,35,50,53,15,7,OUTPATIENT SERVICES (SURGERY),OUT-OF-NETWORK,PERCENT PLAN PAYS,80,70,70,50,70,2,20,low,high,RISK,2
1,3,2,1,Bonus,4493,Yes,Owns,39,31,54,15,7,OUTPATIENT SERVICES (SURGERY),OUT-OF-NETWORK,PERCENT PLAN PAYS,80,50,70,70,70,2,20,low,high,RISK,2
1,3,3,1,Salaried,1012,Yes,Owns,34,26,75,15,7,OUTPATIENT SERVICES (SURGERY),OUT-OF-NETWORK,PERCENT PLAN PAYS,50,80,70,70,70,2,20,low,high,RISK,2
1,1,2,1,Bonus,1248,Yes,Rents,18,49,60,15,7,OUTPATIENT SERVICES (SURGERY),OUT-OF-NETWORK,PERCENT PLAN PAYS,70,80,50,70,70,2,20,low,high,RISK,2
1,1,2,1,Salaried,1214,No,Owns,17,40,57,15,7,OUTPATIENT SERVICES (SURGERY),OUT-OF-NETWORK,PERCENT PLAN PAYS,70,80,50,70,70,2,20,low,high,RISK,2
2,1,1,1,Salaried,2852,Yes,Rents,18,36,56,15,7,OUTPATIENT SERVICES (SURGERY),OUT-OF-NETWORK,PERCENT PLAN PAYS,50,70,70,80,70,2,20,low,high,RISK,2
2,1,1,1,Bonus,1440,Yes,Owns,24,49,59,15,7,OUTPATIENT SERVICES (SURGERY),OUT-OF-NETWORK,PERCENT PLAN PAYS,70,50,70,80,70,2,20,low,high,RISK,2
3,1,3,1,Bonus,2951,No,Owns,26,20,55,15,7,OUTPATIENT SERVICES (SURGERY),OUT-OF-NETWORK,PERCENT PLAN PAYS,80,70,70,50,70,2,20,low,high,RISK,2
4,3,2,4,Salaried,4377,No,Rents,46,73,76,15,8,OUTPATIENT SERVICES (SURGERY),OUT-OF-NETWORK,PERCENT PLAN PAYS,70,50,80,70,70,3,50,low,high,RISK,2
2,3,4,2,Salaried,1919,No,Owns,48,61,80,15,8,OUTPATIENT SERVICES (SURGERY),OUT-OF-NETWORK,PERCENT PLAN PAYS,70,50,80,70,70,3,50,low,high,RISK,2
4,4,3,2,Salaried,4671,Yes,Rents,57,53,77,15,8,OUTPATIENT SERVICES (SURGERY),OUT-OF-NETWORK,PERCENT PLAN PAYS,50,70,80,70,70,3,50,low,high,RISK,2
4,4,2,2,Bonus,1139,No,Owns,52,65,80,15,8,OUTPATIENT SERVICES (SURGERY),OUT-OF-NETWORK,PERCENT PLAN PAYS,50,80,70,70,70,3,50,low,high,RISK,2
3,4,4,3,Bonus,3085,No,Rents,45,54,88,15,8,OUTPATIENT SERVICES (SURGERY),OUT-OF-NETWORK,PERCENT PLAN PAYS,70,70,50,80,70,3,50,low,high,RISK,2
3,4,4,3,Salaried,912,Yes,Rents,61,58,79,15,8,OUTPATIENT SERVICES (SURGERY),OUT-OF-NETWORK,PERCENT PLAN PAYS,70,70,80,50,70,3,50,low,high,RISK,2
4,3,4,3,Hourly,3561,Yes,Owns,51,56,75,15,8,OUTPATIENT SERVICES (SURGERY),OUT-OF-NETWORK,PERCENT PLAN PAYS,70,50,80,70,70,3,50,low,high,RISK,2
4,4,2,2,Hourly,4350,No,Rents,40,64,87,15,8,OUTPATIENT SERVICES (SURGERY),OUT-OF-NETWORK,PERCENT PLAN PAYS,70,80,70,50,70,3,50,low,high,RISK,2
4,4,4,4,Salaried,3664,No,Owns,39,65,88,15,8,OUTPATIENT SERVICES (SURGERY),OUT-OF-NETWORK,PERCENT PLAN PAYS,50,70,80,70,70,3,50,low,high,RISK,2
2,3,3,3,Bonus,1972,Yes,Owns,62,60,80,15,8,OUTPATIENT SERVICES (SURGERY),OUT-OF-NETWORK,PERCENT PLAN PAYS,50,70,70,80,70,3,50,low,high,RISK,2
3,2,4,4,Salaried,1235,Yes,Rents,55,60,83,15,8,OUTPATIENT SERVICES (SURGERY),OUT-OF-NETWORK,PERCENT PLAN PAYS,70,50,80,70,70,3,50,low,high,RISK,2
2,4,3,3,Bonus,2294,Yes,Owns,47,72,79,15,8,OUTPATIENT SERVICES (SURGERY),OUT-OF-NETWORK,PERCENT PLAN PAYS,70,70,80,50,70,3,50,low,high,RISK,2
2,3,4,3,Salaried,4592,Yes,Rents,62,68,84,15,8,OUTPATIENT SERVICES (SURGERY),OUT-OF-NETWORK,PERCENT PLAN PAYS,70,50,80,70,70,3,50,low,high,RISK,2
3,3,3,4,Hourly,2183,Yes,Owns,37,63,98,15,8,OUTPATIENT SERVICES (SURGERY),OUT-OF-NETWORK,PERCENT PLAN PAYS,70,80,70,50,70,3,50,low,high,RISK,2
3,3,4,3,Salaried,1622,Yes,Rents,42,55,84,15,8,OUTPATIENT SERVICES (SURGERY),OUT-OF-NETWORK,PERCENT PLAN PAYS,70,80,50,70,70,3,50,low,high,RISK,2
3,4,3,4,Salaried,4259,Yes,Rents,37,70,81,15,8,OUTPATIENT SERVICES (SURGERY),OUT-OF-NETWORK,PERCENT PLAN PAYS,70,80,70,50,70,3,50,low,high,RISK,2
4,3,3,4,Salaried,4138,No,Owns,62,55,76,15,8,OUTPATIENT SERVICES (SURGERY),OUT-OF-NETWORK,PERCENT PLAN PAYS,70,50,70,80,70,3,50,low,high,RISK,2
4,3,4,4,Bonus,2742,No,Owns,64,75,77,15,8,OUTPATIENT SERVICES (SURGERY),OUT-OF-NETWORK,PERCENT PLAN PAYS,50,70,80,70,70,3,50,low,high,RISK,2
3,3,3,4,Bonus,4027,Yes,Rents,43,60,78,15,8,OUTPATIENT SERVICES (SURGERY),OUT-OF-NETWORK,PERCENT PLAN PAYS,50,70,80,70,70,3,50,low,high,RISK,2
4,4,2,2,Bonus,3643,No,Rents,59,56,100,15,8,OUTPATIENT SERVICES (SURGERY),OUT-OF-NETWORK,PERCENT PLAN PAYS,80,70,70,50,70,3,50,low,high,RISK,2
4,2,4,2,Salaried,1855,No,Rents,63,74,85,15,8,OUTPATIENT SERVICES (SURGERY),OUT-OF-NETWORK,PERCENT PLAN PAYS,50,70,80,70,70,3,50,low,high,RISK,2
3,4,2,3,Bonus,4199,No,Owns,57,67,81,15,8,OUTPATIENT SERVICES (SURGERY),OUT-OF-NETWORK,PERCENT PLAN PAYS,50,70,70,80,70,3,50,low,high,RISK,2
3,4,3,2,Salaried,358,No,Rents,50,64,80,15,8,OUTPATIENT SERVICES (SURGERY),OUT-OF-NETWORK,PERCENT PLAN PAYS,80,70,50,70,70,3,50,low,high,RISK,2
4,3,4,3,Salaried,2175,No,Owns,59,75,83,15,8,OUTPATIENT SERVICES (SURGERY),OUT-OF-NETWORK,PERCENT PLAN PAYS,70,50,80,70,70,3,50,low,high,RISK,2
4,4,2,2,Bonus,2804,No,Owns,48,51,79,15,8,OUTPATIENT SERVICES (SURGERY),OUT-OF-NETWORK,PERCENT PLAN PAYS,70,80,50,70,70,3,50,low,high,RISK,2
4,4,4,4,Bonus,2793,Yes,Owns,63,73,76,15,8,OUTPATIENT SERVICES (SURGERY),OUT-OF-NETWORK,PERCENT PLAN PAYS,80,50,70,70,70,3,50,low,high,RISK,2
4,3,4,2,Salaried,1366,No,Owns,56,61,80,15,8,OUTPATIENT SERVICES (SURGERY),OUT-OF-NETWORK,PERCENT PLAN PAYS,50,70,80,70,70,3,50,low,high,RISK,2
2,4,4,4,Salaried,3990,No,Rents,53,53,77,15,8,OUTPATIENT SERVICES (SURGERY),OUT-OF-NETWORK,PERCENT PLAN PAYS,80,70,50,70,70,3,50,low,high,RISK,2
2,4,3,3,Salaried,1625,No,Owns,60,65,80,15,8,OUTPATIENT SERVICES (SURGERY),OUT-OF-NETWORK,PERCENT PLAN PAYS,50,70,70,80,70,3,50,low,high,RISK,2
4,4,3,3,Hourly,1178,No,Owns,35,54,88,15,8,OUTPATIENT SERVICES (SURGERY),OUT-OF-NETWORK,PERCENT PLAN PAYS,70,70,80,50,70,3,50,low,high,RISK,2
3,3,2,2,Hourly,2665,No,Rents,41,58,79,15,8,OUTPATIENT SERVICES (SURGERY),OUT-OF-NETWORK,PERCENT PLAN PAYS,80,50,70,70,70,3,50,low,high,RISK,2
4,4,4,2,Hourly,4144,No,Owns,44,56,75,15,8,OUTPATIENT SERVICES (SURGERY),OUT-OF-NETWORK,PERCENT PLAN PAYS,50,70,70,80,70,3,50,low,high,RISK,2
3,3,4,3,Hourly,2547,Yes,Owns,55,64,87,15,8,OUTPATIENT SERVICES (SURGERY),OUT-OF-NETWORK,PERCENT PLAN PAYS,80,50,70,70,70,3,50,low,high,RISK,2
4,3,4,2,Hourly,152,Yes,Owns,58,65,88,15,8,OUTPATIENT SERVICES (SURGERY),OUT-OF-NETWORK,PERCENT PLAN PAYS,80,70,70,50,70,3,50,low,high,RISK,2
3,2,2,3,Bonus,2909,Yes,Rents,45,60,80,15,8,OUTPATIENT SERVICES (SURGERY),OUT-OF-NETWORK,PERCENT PLAN PAYS,70,50,70,80,70,3,50,low,high,RISK,2
4,4,3,3,Bonus,2404,Yes,Owns,49,60,83,15,8,OUTPATIENT SERVICES (SURGERY),OUT-OF-NETWORK,PERCENT PLAN PAYS,70,80,70,50,70,3,50,low,high,RISK,2
4,2,4,4,Bonus,144,Yes,Owns,46,72,79,15,8,OUTPATIENT SERVICES (SURGERY),OUT-OF-NETWORK,PERCENT PLAN PAYS,80,70,50,70,70,3,50,low,high,RISK,2
4,2,4,2,Hourly,2250,No,Owns,48,68,84,15,8,OUTPATIENT SERVICES (SURGERY),OUT-OF-NETWORK,PERCENT PLAN PAYS,70,70,80,50,70,3,50,low,high,RISK,2
4,3,3,3,Hourly,4826,No,Owns,47,63,98,15,8,OUTPATIENT SERVICES (SURGERY),OUT-OF-NETWORK,PERCENT PLAN PAYS,80,70,50,70,70,3,50,low,high,RISK,2
4,4,2,3,Salaried,792,No,Owns,50,55,84,15,8,OUTPATIENT SERVICES (SURGERY),OUT-OF-NETWORK,PERCENT PLAN PAYS,50,70,80,70,70,3,50,low,high,RISK,2
2,4,2,3,Hourly,3429,No,Rents,58,70,81,15,8,OUTPATIENT SERVICES (SURGERY),OUT-OF-NETWORK,PERCENT PLAN PAYS,70,50,70,80,70,3,50,low,high,RISK,2
3,4,3,4,Hourly,1596,Yes,Owns,50,55,76,15,8,OUTPATIENT SERVICES (SURGERY),OUT-OF-NETWORK,PERCENT PLAN PAYS,70,80,50,70,70,3,50,low,high,RISK,2
4,4,4,3,Salaried,83,Yes,Owns,40,75,77,15,8,OUTPATIENT SERVICES (SURGERY),OUT-OF-NETWORK,PERCENT PLAN PAYS,70,70,80,50,70,3,50,low,high,RISK,2
4,4,3,4,Salaried,3601,No,Owns,38,60,78,15,8,OUTPATIENT SERVICES (SURGERY),OUT-OF-NETWORK,PERCENT PLAN PAYS,70,80,70,50,70,3,50,low,high,RISK,2
3,4,2,4,Bonus,861,No,Owns,58,56,100,15,8,OUTPATIENT SERVICES (SURGERY),OUT-OF-NETWORK,PERCENT PLAN PAYS,50,80,70,70,70,3,50,low,high,RISK,2
2,4,4,4,Salaried,2240,Yes,Rents,59,74,85,15,8,OUTPATIENT SERVICES (SURGERY),OUT-OF-NETWORK,PERCENT PLAN PAYS,70,80,70,50,70,3,50,low,high,RISK,2
3,3,2,2,Hourly,2384,No,Rents,37,67,81,15,8,OUTPATIENT SERVICES (SURGERY),OUT-OF-NETWORK,PERCENT PLAN PAYS,80,70,50,70,70,3,50,low,high,RISK,2
2,2,3,3,Bonus,2363,Yes,Rents,52,64,80,15,8,OUTPATIENT SERVICES (SURGERY),OUT-OF-NETWORK,PERCENT PLAN PAYS,80,70,50,70,70,3,50,low,high,RISK,2
3,3,4,2,Salaried,4539,No,Owns,45,75,83,15,8,OUTPATIENT SERVICES (SURGERY),OUT-OF-NETWORK,PERCENT PLAN PAYS,70,80,70,50,70,3,50,low,high,RISK,2
3,3,2,2,Bonus,489,No,Rents,45,51,79,15,8,OUTPATIENT SERVICES (SURGERY),OUT-OF-NETWORK,PERCENT PLAN PAYS,50,70,70,80,70,3,50,low,high,RISK,2
4,4,2,4,Bonus,4623,Yes,Owns,40,73,76,15,8,OUTPATIENT SERVICES (SURGERY),OUT-OF-NETWORK,PERCENT PLAN PAYS,70,70,50,80,70,3,50,low,high,RISK,2
3,3,3,2,Salaried,153,Yes,Owns,36,61,80,15,8,OUTPATIENT SERVICES (SURGERY),OUT-OF-NETWORK,PERCENT PLAN PAYS,70,80,70,50,70,3,50,low,high,RISK,2
3,4,4,4,Salaried,3954,No,Owns,38,53,77,15,8,OUTPATIENT SERVICES (SURGERY),OUT-OF-NETWORK,PERCENT PLAN PAYS,70,70,80,50,70,3,50,low,high,RISK,2
3,3,2,3,Salaried,4742,No,Rents,35,65,80,15,8,OUTPATIENT SERVICES (SURGERY),OUT-OF-NETWORK,PERCENT PLAN PAYS,70,80,50,70,70,3,50,low,high,RISK,2
2,2,2,3,Hourly,3289,No,Rents,59,54,88,15,8,OUTPATIENT SERVICES (SURGERY),OUT-OF-NETWORK,PERCENT PLAN PAYS,70,70,50,80,70,3,50,low,high,RISK,2
2,2,3,3,Bonus,3409,Yes,Rents,54,58,79,15,8,OUTPATIENT SERVICES (SURGERY),OUT-OF-NETWORK,PERCENT PLAN PAYS,70,80,70,50,70,3,50,low,high,RISK,2
3,3,4,3,Bonus,3179,No,Rents,42,56,75,15,8,OUTPATIENT SERVICES (SURGERY),OUT-OF-NETWORK,PERCENT PLAN PAYS,50,70,80,70,70,3,50,low,high,RISK,2
3,3,2,4,Bonus,4271,No,Rents,43,64,87,15,8,OUTPATIENT SERVICES (SURGERY),OUT-OF-NETWORK,PERCENT PLAN PAYS,70,50,70,80,70,3,50,low,high,RISK,2
3,3,3,2,Hourly,4605,Yes,Rents,46,65,88,15,8,OUTPATIENT SERVICES (SURGERY),OUT-OF-NETWORK,PERCENT PLAN PAYS,80,70,50,70,70,3,50,low,high,RISK,2
2,4,4,4,Salaried,3042,Yes,Rents,37,60,80,15,8,OUTPATIENT SERVICES (SURGERY),OUT-OF-NETWORK,PERCENT PLAN PAYS,70,50,70,80,70,3,50,low,high,RISK,2
2,4,4,3,Hourly,170,No,Rents,61,60,83,15,8,OUTPATIENT SERVICES (SURGERY),OUT-OF-NETWORK,PERCENT PLAN PAYS,50,80,70,70,70,3,50,low,high,RISK,2
2,3,3,4,Salaried,2062,No,Rents,40,72,79,15,8,OUTPATIENT SERVICES (SURGERY),OUT-OF-NETWORK,PERCENT PLAN PAYS,70,70,50,80,70,3,50,low,high,RISK,2
4,4,4,4,Bonus,1962,No,Rents,35,68,84,15,8,OUTPATIENT SERVICES (SURGERY),OUT-OF-NETWORK,PERCENT PLAN PAYS,70,50,80,70,70,3,50,low,high,RISK,2
2,2,3,2,Bonus,1006,No,Owns,50,63,98,15,8,OUTPATIENT SERVICES (SURGERY),OUT-OF-NETWORK,PERCENT PLAN PAYS,80,70,50,70,70,3,50,low,high,RISK,2
2,4,3,4,Salaried,4555,No,Rents,42,55,84,15,8,OUTPATIENT SERVICES (SURGERY),OUT-OF-NETWORK,PERCENT PLAN PAYS,70,70,80,50,70,3,50,low,high,RISK,2
4,3,4,3,Bonus,458,No,Rents,46,70,81,15,8,OUTPATIENT SERVICES (SURGERY),OUT-OF-NETWORK,PERCENT PLAN PAYS,80,70,70,50,70,3,50,low,high,RISK,2
4,3,4,3,Hourly,1593,No,Owns,36,55,76,15,8,OUTPATIENT SERVICES (SURGERY),OUT-OF-NETWORK,PERCENT PLAN PAYS,80,50,70,70,70,3,50,low,high,RISK,2
3,4,2,3,Hourly,4519,Yes,Owns,48,75,77,15,8,OUTPATIENT SERVICES (SURGERY),OUT-OF-NETWORK,PERCENT PLAN PAYS,70,70,80,50,70,3,50,low,high,RISK,2
2,4,3,3,Bonus,2639,No,Rents,36,60,78,15,8,OUTPATIENT SERVICES (SURGERY),OUT-OF-NETWORK,PERCENT PLAN PAYS,80,70,50,70,70,3,50,low,high,RISK,2
2,3,4,3,Hourly,2563,Yes,Rents,59,56,100,15,8,OUTPATIENT SERVICES (SURGERY),OUT-OF-NETWORK,PERCENT PLAN PAYS,50,70,70,80,70,3,50,low,high,RISK,2
3,4,4,4,Bonus,2810,Yes,Owns,58,74,85,15,8,OUTPATIENT SERVICES (SURGERY),OUT-OF-NETWORK,PERCENT PLAN PAYS,70,80,50,70,70,3,50,low,high,RISK,2
3,4,3,4,Hourly,2954,Yes,Owns,64,67,81,15,8,OUTPATIENT SERVICES (SURGERY),OUT-OF-NETWORK,PERCENT PLAN PAYS,70,50,80,70,70,3,50,low,high,RISK,2
3,2,4,3,Hourly,2299,Yes,Owns,54,64,80,15,8,OUTPATIENT SERVICES (SURGERY),OUT-OF-NETWORK,PERCENT PLAN PAYS,70,80,70,50,70,3,50,low,high,RISK,2
2,3,4,4,Hourly,1155,No,Rents,37,75,83,15,8,OUTPATIENT SERVICES (SURGERY),OUT-OF-NETWORK,PERCENT PLAN PAYS,70,80,50,70,70,3,50,low,high,RISK,2
4,2,4,3,Bonus,1856,Yes,Rents,55,51,79,15,8,OUTPATIENT SERVICES (SURGERY),OUT-OF-NETWORK,PERCENT PLAN PAYS,80,50,70,70,70,3,50,low,high,RISK,2
4,4,3,3,Salaried,3352,Yes,Rents,38,73,76,15,8,OUTPATIENT SERVICES (SURGERY),OUT-OF-NETWORK,PERCENT PLAN PAYS,50,70,80,70,70,3,50,low,high,RISK,2
4,3,2,3,Hourly,3735,Yes,Owns,58,61,80,15,8,OUTPATIENT SERVICES (SURGERY),OUT-OF-NETWORK,PERCENT PLAN PAYS,80,50,70,70,70,3,50,low,high,RISK,2
4,3,3,4,Salaried,1125,Yes,Rents,38,53,77,15,8,OUTPATIENT SERVICES (SURGERY),OUT-OF-NETWORK,PERCENT PLAN PAYS,80,50,70,70,70,3,50,low,high,RISK,2
4,2,4,2,Bonus,4695,No,Owns,35,65,80,15,8,OUTPATIENT SERVICES (SURGERY),OUT-OF-NETWORK,PERCENT PLAN PAYS,70,70,80,50,70,3,50,low,high,RISK,2
3,3,3,4,Salaried,1210,No,Rents,62,54,88,15,8,OUTPATIENT SERVICES (SURGERY),OUT-OF-NETWORK,PERCENT PLAN PAYS,80,70,50,70,70,3,50,low,high,RISK,2
4,4,4,2,Bonus,3149,No,Owns,37,58,79,15,8,OUTPATIENT SERVICES (SURGERY),OUT-OF-NETWORK,PERCENT PLAN PAYS,80,50,70,70,70,3,50,low,high,RISK,2
4,3,4,4,Bonus,3757,No,Rents,38,56,75,15,8,OUTPATIENT SERVICES (SURGERY),OUT-OF-NETWORK,PERCENT PLAN PAYS,70,80,50,70,70,3,50,low,high,RISK,2
4,3,4,4,Salaried,4038,Yes,Rents,51,64,87,15,8,OUTPATIENT SERVICES (SURGERY),OUT-OF-NETWORK,PERCENT PLAN PAYS,80,50,70,70,70,3,50,low,high,RISK,2
2,3,3,4,Bonus,381,No,Owns,41,65,88,15,8,OUTPATIENT SERVICES (SURGERY),OUT-OF-NETWORK,PERCENT PLAN PAYS,80,50,70,70,70,3,50,low,high,RISK,2
3,3,3,3,Hourly,2879,Yes,Rents,61,60,80,15,8,OUTPATIENT SERVICES (SURGERY),OUT-OF-NETWORK,PERCENT PLAN PAYS,80,70,50,70,70,3,50,low,high,RISK,2
4,4,3,2,Hourly,2246,No,Owns,62,60,83,15,8,OUTPATIENT SERVICES (SURGERY),OUT-OF-NETWORK,PERCENT PLAN PAYS,70,50,80,70,70,3,50,low,high,RISK,2
2,4,3,2,Hourly,3337,No,Rents,39,72,79,15,8,OUTPATIENT SERVICES (SURGERY),OUT-OF-NETWORK,PERCENT PLAN PAYS,80,50,70,70,70,3,50,low,high,RISK,2
4,3,3,4,Hourly,874,No,Owns,63,68,84,15,8,OUTPATIENT SERVICES (SURGERY),OUT-OF-NETWORK,PERCENT PLAN PAYS,50,80,70,70,70,3,50,low,high,RISK,2
3,4,2,3,Hourly,4470,Yes,Owns,36,63,98,15,8,OUTPATIENT SERVICES (SURGERY),OUT-OF-NETWORK,PERCENT PLAN PAYS,80,70,50,70,70,3,50,low,high,RISK,2
4,3,4,3,Hourly,3252,Yes,Owns,46,55,84,15,8,OUTPATIENT SERVICES (SURGERY),OUT-OF-NETWORK,PERCENT PLAN PAYS,70,50,80,70,70,3,50,low,high,RISK,2
3,4,2,3,Hourly,176,Yes,Rents,45,70,81,15,8,OUTPATIENT SERVICES (SURGERY),OUT-OF-NETWORK,PERCENT PLAN PAYS,50,70,70,80,70,3,50,low,high,RISK,2
4,3,4,2,Hourly,3681,Yes,Owns,38,55,76,15,8,OUTPATIENT SERVICES (SURGERY),OUT-OF-NETWORK,PERCENT PLAN PAYS,70,80,70,50,70,3,50,low,high,RISK,2
3,4,4,4,Hourly,1019,Yes,Owns,59,75,77,15,8,OUTPATIENT SERVICES (SURGERY),OUT-OF-NETWORK,PERCENT PLAN PAYS,70,70,80,50,70,3,50,low,high,RISK,2
3,4,4,3,Bonus,4493,Yes,Owns,64,60,78,15,8,OUTPATIENT SERVICES (SURGERY),OUT-OF-NETWORK,PERCENT PLAN PAYS,70,50,80,70,70,3,50,low,high,RISK,2
3,4,4,2,Salaried,1012,Yes,Owns,58,56,100,15,8,OUTPATIENT SERVICES (SURGERY),OUT-OF-NETWORK,PERCENT PLAN PAYS,50,70,80,70,70,3,50,low,high,RISK,2
2,2,4,3,Bonus,1248,Yes,Rents,39,74,85,15,8,OUTPATIENT SERVICES (SURGERY),OUT-OF-NETWORK,PERCENT PLAN PAYS,70,70,80,50,70,3,50,low,high,RISK,2
2,3,3,3,Salaried,1214,No,Owns,37,67,81,15,8,OUTPATIENT SERVICES (SURGERY),OUT-OF-NETWORK,PERCENT PLAN PAYS,80,50,70,70,70,3,50,low,high,RISK,2
4,3,3,2,Salaried,2852,Yes,Rents,38,64,80,15,8,OUTPATIENT SERVICES (SURGERY),OUT-OF-NETWORK,PERCENT PLAN PAYS,50,70,70,80,70,3,50,low,high,RISK,2
3,3,2,2,Bonus,1440,Yes,Owns,46,75,83,15,8,OUTPATIENT SERVICES (SURGERY),OUT-OF-NETWORK,PERCENT PLAN PAYS,70,50,70,80,70,3,50,low,high,RISK,2
4,2,4,3,Bonus,2951,No,Owns,48,51,79,15,8,OUTPATIENT SERVICES (SURGERY),OUT-OF-NETWORK,PERCENT PLAN PAYS,80,50,70,70,70,3,50,low,high,RISK,2
1,0,0,1,Salaried,4377,No,Rents,4,9,1,15,9,OUTPATIENT SERVICES (SURGERY),OUT-OF-NETWORK,PERCENT PLAN PAYS,50,70,80,70,70,2,5,high,low,RISK,3
0,0,1,0,Salaried,1919,No,Owns,4,4,5,15,9,OUTPATIENT SERVICES (SURGERY),OUT-OF-NETWORK,PERCENT PLAN PAYS,50,70,70,80,70,2,5,high,low,RISK,3
0,0,0,0,Salaried,4671,Yes,Rents,7,1,2,15,9,OUTPATIENT SERVICES (SURGERY),OUT-OF-NETWORK,PERCENT PLAN PAYS,70,50,80,70,70,2,5,high,low,RISK,3
1,1,0,0,Bonus,1139,No,Owns,6,6,5,15,9,OUTPATIENT SERVICES (SURGERY),OUT-OF-NETWORK,PERCENT PLAN PAYS,70,50,70,80,70,2,5,high,low,RISK,3
0,1,1,0,Bonus,3085,No,Rents,3,1,13,15,9,OUTPATIENT SERVICES (SURGERY),OUT-OF-NETWORK,PERCENT PLAN PAYS,70,50,80,70,70,2,5,high,low,RISK,3
0,1,1,0,Salaried,912,Yes,Rents,9,3,4,15,9,OUTPATIENT SERVICES (SURGERY),OUT-OF-NETWORK,PERCENT PLAN PAYS,70,50,70,80,70,2,5,high,low,RISK,3
1,0,1,0,Hourly,3561,Yes,Owns,5,2,0,15,9,OUTPATIENT SERVICES (SURGERY),OUT-OF-NETWORK,PERCENT PLAN PAYS,50,70,70,80,70,2,5,high,low,RISK,3
1,1,0,0,Hourly,4350,No,Rents,2,5,12,15,9,OUTPATIENT SERVICES (SURGERY),OUT-OF-NETWORK,PERCENT PLAN PAYS,70,80,70,50,70,2,5,high,low,RISK,3
1,1,0,1,Salaried,3664,No,Owns,1,6,13,15,9,OUTPATIENT SERVICES (SURGERY),OUT-OF-NETWORK,PERCENT PLAN PAYS,70,70,50,80,70,2,5,high,low,RISK,3
0,0,0,0,Bonus,1972,Yes,Owns,9,4,5,15,9,OUTPATIENT SERVICES (SURGERY),OUT-OF-NETWORK,PERCENT PLAN PAYS,50,70,70,80,70,2,5,high,low,RISK,3
0,0,1,1,Salaried,1235,Yes,Rents,7,4,8,15,9,OUTPATIENT SERVICES (SURGERY),OUT-OF-NETWORK,PERCENT PLAN PAYS,70,70,50,80,70,2,5,high,low,RISK,3
0,1,0,0,Bonus,2294,Yes,Owns,4,9,4,15,9,OUTPATIENT SERVICES (SURGERY),OUT-OF-NETWORK,PERCENT PLAN PAYS,50,80,70,70,70,2,5,high,low,RISK,3
0,0,1,0,Salaried,4592,Yes,Rents,9,7,9,15,9,OUTPATIENT SERVICES (SURGERY),OUT-OF-NETWORK,PERCENT PLAN PAYS,80,70,50,70,70,2,5,high,low,RISK,3
0,0,0,1,Hourly,2183,Yes,Owns,1,5,23,15,9,OUTPATIENT SERVICES (SURGERY),OUT-OF-NETWORK,PERCENT PLAN PAYS,80,70,70,50,70,2,5,high,low,RISK,3
0,0,1,0,Salaried,1622,Yes,Rents,2,1,9,15,9,OUTPATIENT SERVICES (SURGERY),OUT-OF-NETWORK,PERCENT PLAN PAYS,70,80,50,70,70,2,5,high,low,RISK,3
0,1,0,1,Salaried,4259,Yes,Rents,1,8,6,15,9,OUTPATIENT SERVICES (SURGERY),OUT-OF-NETWORK,PERCENT PLAN PAYS,70,70,80,50,70,2,5,high,low,RISK,3
1,0,0,1,Salaried,4138,No,Owns,9,2,1,15,9,OUTPATIENT SERVICES (SURGERY),OUT-OF-NETWORK,PERCENT PLAN PAYS,80,70,70,50,70,2,5,high,low,RISK,3
1,0,0,1,Bonus,2742,No,Owns,10,10,2,15,9,OUTPATIENT SERVICES (SURGERY),OUT-OF-NETWORK,PERCENT PLAN PAYS,80,70,50,70,70,2,5,high,low,RISK,3
0,0,0,1,Bonus,4027,Yes,Rents,3,4,3,15,9,OUTPATIENT SERVICES (SURGERY),OUT-OF-NETWORK,PERCENT PLAN PAYS,50,80,70,70,70,2,5,high,low,RISK,3
1,0,0,0,Bonus,3643,No,Rents,8,2,25,15,9,OUTPATIENT SERVICES (SURGERY),OUT-OF-NETWORK,PERCENT PLAN PAYS,70,80,50,70,70,2,5,high,low,RISK,3
1,0,1,0,Salaried,1855,No,Rents,9,10,10,15,9,OUTPATIENT SERVICES (SURGERY),OUT-OF-NETWORK,PERCENT PLAN PAYS,80,70,70,50,70,2,5,high,low,RISK,3
0,1,0,0,Bonus,4199,No,Owns,7,7,6,15,9,OUTPATIENT SERVICES (SURGERY),OUT-OF-NETWORK,PERCENT PLAN PAYS,80,70,70,50,70,2,5,high,low,RISK,3
0,1,0,0,Salaried,358,No,Rents,5,5,5,15,9,OUTPATIENT SERVICES (SURGERY),OUT-OF-NETWORK,PERCENT PLAN PAYS,80,50,70,70,70,2,5,high,low,RISK,3
0,0,1,0,Salaried,2175,No,Owns,8,10,8,15,9,OUTPATIENT SERVICES (SURGERY),OUT-OF-NETWORK,PERCENT PLAN PAYS,70,80,70,50,70,2,5,high,low,RISK,3
0,1,0,0,Bonus,2804,No,Owns,4,0,4,15,9,OUTPATIENT SERVICES (SURGERY),OUT-OF-NETWORK,PERCENT PLAN PAYS,70,70,80,50,70,2,5,high,low,RISK,3
1,1,1,0,Bonus,2793,Yes,Owns,9,9,1,15,9,OUTPATIENT SERVICES (SURGERY),OUT-OF-NETWORK,PERCENT PLAN PAYS,70,50,80,70,70,2,5,high,low,RISK,3
1,0,1,0,Salaried,1366,No,Owns,7,4,5,15,9,OUTPATIENT SERVICES (SURGERY),OUT-OF-NETWORK,PERCENT PLAN PAYS,70,80,70,50,70,2,5,high,low,RISK,3
0,1,1,1,Salaried,3990,No,Rents,6,1,2,15,9,OUTPATIENT SERVICES (SURGERY),OUT-OF-NETWORK,PERCENT PLAN PAYS,70,80,50,70,70,2,5,high,low,RISK,3
0,0,0,0,Salaried,1625,No,Owns,8,6,5,15,9,OUTPATIENT SERVICES (SURGERY),OUT-OF-NETWORK,PERCENT PLAN PAYS,70,50,70,80,70,2,5,high,low,RISK,3
1,1,0,0,Hourly,1178,No,Owns,0,1,13,15,9,OUTPATIENT SERVICES (SURGERY),OUT-OF-NETWORK,PERCENT PLAN PAYS,50,70,80,70,70,2,5,high,low,RISK,3
0,0,0,0,Hourly,2665,No,Rents,2,3,4,15,9,OUTPATIENT SERVICES (SURGERY),OUT-OF-NETWORK,PERCENT PLAN PAYS,80,70,70,50,70,2,5,high,low,RISK,3
1,1,1,0,Hourly,4144,No,Owns,3,2,0,15,9,OUTPATIENT SERVICES (SURGERY),OUT-OF-NETWORK,PERCENT PLAN PAYS,50,70,80,70,70,2,5,high,low,RISK,3
0,0,1,0,Hourly,2547,Yes,Owns,7,5,12,15,9,OUTPATIENT SERVICES (SURGERY),OUT-OF-NETWORK,PERCENT PLAN PAYS,50,70,80,70,70,2,5,high,low,RISK,3
1,0,1,0,Hourly,152,Yes,Owns,8,6,13,15,9,OUTPATIENT SERVICES (SURGERY),OUT-OF-NETWORK,PERCENT PLAN PAYS,80,70,70,50,70,2,5,high,low,RISK,3
0,0,0,0,Bonus,2909,Yes,Rents,3,4,5,15,9,OUTPATIENT SERVICES (SURGERY),OUT-OF-NETWORK,PERCENT PLAN PAYS,70,70,50,80,70,2,5,high,low,RISK,3
1,1,0,0,Bonus,2404,Yes,Owns,5,4,8,15,9,OUTPATIENT SERVICES (SURGERY),OUT-OF-NETWORK,PERCENT PLAN PAYS,50,80,70,70,70,2,5,high,low,RISK,3
1,0,1,1,Bonus,144,Yes,Owns,4,9,4,15,9,OUTPATIENT SERVICES (SURGERY),OUT-OF-NETWORK,PERCENT PLAN PAYS,70,70,80,50,70,2,5,high,low,RISK,3
1,0,1,0,Hourly,2250,No,Owns,4,7,9,15,9,OUTPATIENT SERVICES (SURGERY),OUT-OF-NETWORK,PERCENT PLAN PAYS,70,50,70,80,70,2,5,high,low,RISK,3
1,0,0,0,Hourly,4826,No,Owns,4,5,23,15,9,OUTPATIENT SERVICES (SURGERY),OUT-OF-NETWORK,PERCENT PLAN PAYS,70,50,70,80,70,2,5,high,low,RISK,3
1,1,0,0,Salaried,792,No,Owns,5,1,9,15,9,OUTPATIENT SERVICES (SURGERY),OUT-OF-NETWORK,PERCENT PLAN PAYS,70,70,80,50,70,2,5,high,low,RISK,3
0,1,0,0,Hourly,3429,No,Rents,8,8,6,15,9,OUTPATIENT SERVICES (SURGERY),OUT-OF-NETWORK,PERCENT PLAN PAYS,50,80,70,70,70,2,5,high,low,RISK,3
0,1,0,0,Hourly,1596,Yes,Owns,5,2,1,15,9,OUTPATIENT SERVICES (SURGERY),OUT-OF-NETWORK,PERCENT PLAN PAYS,80,50,70,70,70,2,5,high,low,RISK,3
1,1,1,0,Salaried,83,Yes,Owns,2,10,2,15,9,OUTPATIENT SERVICES (SURGERY),OUT-OF-NETWORK,PERCENT PLAN PAYS,50,70,80,70,70,2,5,high,low,RISK,3
1,1,0,1,Salaried,3601,No,Owns,1,4,3,15,9,OUTPATIENT SERVICES (SURGERY),OUT-OF-NETWORK,PERCENT PLAN PAYS,80,70,50,70,70,2,5,high,low,RISK,3
0,0,0,1,Bonus,861,No,Owns,8,2,25,15,9,OUTPATIENT SERVICES (SURGERY),OUT-OF-NETWORK,PERCENT PLAN PAYS,70,70,80,50,70,2,5,high,low,RISK,3
0,1,1,1,Salaried,2240,Yes,Rents,8,10,10,15,9,OUTPATIENT SERVICES (SURGERY),OUT-OF-NETWORK,PERCENT PLAN PAYS,50,80,70,70,70,2,5,high,low,RISK,3
0,0,0,0,Hourly,2384,No,Rents,1,7,6,15,9,OUTPATIENT SERVICES (SURGERY),OUT-OF-NETWORK,PERCENT PLAN PAYS,80,70,70,50,70,2,5,high,low,RISK,3
0,0,0,0,Bonus,2363,Yes,Rents,6,5,5,15,9,OUTPATIENT SERVICES (SURGERY),OUT-OF-NETWORK,PERCENT PLAN PAYS,70,70,80,50,70,2,5,high,low,RISK,3
0,0,1,0,Salaried,4539,No,Owns,3,10,8,15,9,OUTPATIENT SERVICES (SURGERY),OUT-OF-NETWORK,PERCENT PLAN PAYS,70,80,70,50,70,2,5,high,low,RISK,3
0,0,0,0,Bonus,489,No,Rents,3,0,4,15,9,OUTPATIENT SERVICES (SURGERY),OUT-OF-NETWORK,PERCENT PLAN PAYS,50,70,70,80,70,2,5,high,low,RISK,3
0,1,0,1,Bonus,4623,Yes,Owns,2,9,1,15,9,OUTPATIENT SERVICES (SURGERY),OUT-OF-NETWORK,PERCENT PLAN PAYS,50,70,80,70,70,2,5,high,low,RISK,3
0,0,0,0,Salaried,153,Yes,Owns,0,4,5,15,9,OUTPATIENT SERVICES (SURGERY),OUT-OF-NETWORK,PERCENT PLAN PAYS,50,80,70,70,70,2,5,high,low,RISK,3
0,1,1,0,Salaried,3954,No,Owns,1,1,2,15,9,OUTPATIENT SERVICES (SURGERY),OUT-OF-NETWORK,PERCENT PLAN PAYS,50,70,80,70,70,2,5,high,low,RISK,3
0,0,0,0,Salaried,4742,No,Rents,0,6,5,15,9,OUTPATIENT SERVICES (SURGERY),OUT-OF-NETWORK,PERCENT PLAN PAYS,80,70,50,70,70,2,5,high,low,RISK,3
0,0,0,0,Hourly,3289,No,Rents,8,1,13,15,9,OUTPATIENT SERVICES (SURGERY),OUT-OF-NETWORK,PERCENT PLAN PAYS,50,70,70,80,70,2,5,high,low,RISK,3
0,0,0,0,Bonus,3409,Yes,Rents,6,3,4,15,9,OUTPATIENT SERVICES (SURGERY),OUT-OF-NETWORK,PERCENT PLAN PAYS,70,80,50,70,70,2,5,high,low,RISK,3
0,0,1,0,Bonus,3179,No,Rents,2,2,0,15,9,OUTPATIENT SERVICES (SURGERY),OUT-OF-NETWORK,PERCENT PLAN PAYS,70,70,80,50,70,2,5,high,low,RISK,3
0,0,0,0,Bonus,4271,No,Rents,3,5,12,15,9,OUTPATIENT SERVICES (SURGERY),OUT-OF-NETWORK,PERCENT PLAN PAYS,70,80,50,70,70,2,5,high,low,RISK,3
0,0,0,0,Hourly,4605,Yes,Rents,4,6,13,15,9,OUTPATIENT SERVICES (SURGERY),OUT-OF-NETWORK,PERCENT PLAN PAYS,70,50,70,80,70,2,5,high,low,RISK,3
0,1,1,1,Salaried,3042,Yes,Rents,1,4,5,15,9,OUTPATIENT SERVICES (SURGERY),OUT-OF-NETWORK,PERCENT PLAN PAYS,80,50,70,70,70,2,5,high,low,RISK,3
0,1,1,0,Hourly,170,No,Rents,9,4,8,15,9,OUTPATIENT SERVICES (SURGERY),OUT-OF-NETWORK,PERCENT PLAN PAYS,80,70,50,70,70,2,5,high,low,RISK,3
0,0,0,1,Salaried,2062,No,Rents,2,9,4,15,9,OUTPATIENT SERVICES (SURGERY),OUT-OF-NETWORK,PERCENT PLAN PAYS,70,50,80,70,70,2,5,high,low,RISK,3
1,0,1,1,Bonus,1962,No,Rents,0,7,9,15,9,OUTPATIENT SERVICES (SURGERY),OUT-OF-NETWORK,PERCENT PLAN PAYS,70,50,70,80,70,2,5,high,low,RISK,3
0,0,0,0,Bonus,1006,No,Owns,5,5,23,15,9,OUTPATIENT SERVICES (SURGERY),OUT-OF-NETWORK,PERCENT PLAN PAYS,50,70,70,80,70,2,5,high,low,RISK,3
0,1,0,1,Salaried,4555,No,Rents,2,1,9,15,9,OUTPATIENT SERVICES (SURGERY),OUT-OF-NETWORK,PERCENT PLAN PAYS,50,70,70,80,70,2,5,high,low,RISK,3
1,0,1,0,Bonus,458,No,Rents,4,8,6,15,9,OUTPATIENT SERVICES (SURGERY),OUT-OF-NETWORK,PERCENT PLAN PAYS,80,70,70,50,70,2,5,high,low,RISK,3
1,0,1,0,Hourly,1593,No,Owns,0,2,1,15,9,OUTPATIENT SERVICES (SURGERY),OUT-OF-NETWORK,PERCENT PLAN PAYS,70,50,80,70,70,2,5,high,low,RISK,3
0,1,0,0,Hourly,4519,Yes,Owns,4,10,2,15,9,OUTPATIENT SERVICES (SURGERY),OUT-OF-NETWORK,PERCENT PLAN PAYS,80,70,70,50,70,2,5,high,low,RISK,3
0,1,0,0,Bonus,2639,No,Rents,0,4,3,15,9,OUTPATIENT SERVICES (SURGERY),OUT-OF-NETWORK,PERCENT PLAN PAYS,80,70,50,70,70,2,5,high,low,RISK,3
0,0,1,0,Hourly,2563,Yes,Rents,8,2,25,15,9,OUTPATIENT SERVICES (SURGERY),OUT-OF-NETWORK,PERCENT PLAN PAYS,70,70,80,50,70,2,5,high,low,RISK,3
0,0,1,1,Bonus,2810,Yes,Owns,8,10,10,15,9,OUTPATIENT SERVICES (SURGERY),OUT-OF-NETWORK,PERCENT PLAN PAYS,80,70,70,50,70,2,5,high,low,RISK,3
0,0,0,1,Hourly,2954,Yes,Owns,10,7,6,15,9,OUTPATIENT SERVICES (SURGERY),OUT-OF-NETWORK,PERCENT PLAN PAYS,70,70,80,50,70,2,5,high,low,RISK,3
0,0,1,0,Hourly,2299,Yes,Owns,6,5,5,15,9,OUTPATIENT SERVICES (SURGERY),OUT-OF-NETWORK,PERCENT PLAN PAYS,70,70,80,50,70,2,5,high,low,RISK,3
0,0,1,1,Hourly,1155,No,Rents,1,10,8,15,9,OUTPATIENT SERVICES (SURGERY),OUT-OF-NETWORK,PERCENT PLAN PAYS,80,50,70,70,70,2,5,high,low,RISK,3
1,0,1,0,Bonus,1856,Yes,Rents,7,0,4,15,9,OUTPATIENT SERVICES (SURGERY),OUT-OF-NETWORK,PERCENT PLAN PAYS,70,80,50,70,70,2,5,high,low,RISK,3
1,1,0,0,Salaried,3352,Yes,Rents,1,9,1,15,9,OUTPATIENT SERVICES (SURGERY),OUT-OF-NETWORK,PERCENT PLAN PAYS,50,70,80,70,70,2,5,high,low,RISK,3
1,0,0,0,Hourly,3735,Yes,Owns,8,4,5,15,9,OUTPATIENT SERVICES (SURGERY),OUT-OF-NETWORK,PERCENT PLAN PAYS,70,50,80,70,70,2,5,high,low,RISK,3
1,0,0,1,Salaried,1125,Yes,Rents,1,1,2,15,9,OUTPATIENT SERVICES (SURGERY),OUT-OF-NETWORK,PERCENT PLAN PAYS,50,70,70,80,70,2,5,high,low,RISK,3
1,0,1,0,Bonus,4695,No,Owns,0,6,5,15,9,OUTPATIENT SERVICES (SURGERY),OUT-OF-NETWORK,PERCENT PLAN PAYS,70,70,80,50,70,2,5,high,low,RISK,3
0,0,0,1,Salaried,1210,No,Rents,9,1,13,15,9,OUTPATIENT SERVICES (SURGERY),OUT-OF-NETWORK,PERCENT PLAN PAYS,70,80,70,50,70,2,5,high,low,RISK,3
1,1,1,0,Bonus,3149,No,Owns,1,3,4,15,9,OUTPATIENT SERVICES (SURGERY),OUT-OF-NETWORK,PERCENT PLAN PAYS,70,80,50,70,70,2,5,high,low,RISK,3
1,0,0,0,Bonus,3757,No,Rents,1,2,0,15,9,OUTPATIENT SERVICES (SURGERY),OUT-OF-NETWORK,PERCENT PLAN PAYS,70,80,50,70,70,2,5,high,low,RISK,3
1,0,1,1,Salaried,4038,Yes,Rents,5,5,12,15,9,OUTPATIENT SERVICES (SURGERY),OUT-OF-NETWORK,PERCENT PLAN PAYS,80,70,50,70,70,2,5,high,low,RISK,3
0,0,0,1,Bonus,381,No,Owns,2,6,13,15,9,OUTPATIENT SERVICES (SURGERY),OUT-OF-NETWORK,PERCENT PLAN PAYS,70,80,70,50,70,2,5,high,low,RISK,3
0,0,0,0,Hourly,2879,Yes,Rents,9,4,5,15,9,OUTPATIENT SERVICES (SURGERY),OUT-OF-NETWORK,PERCENT PLAN PAYS,70,70,50,80,70,2,5,high,low,RISK,3
0,1,0,0,Hourly,2246,No,Owns,9,4,8,15,9,OUTPATIENT SERVICES (SURGERY),OUT-OF-NETWORK,PERCENT PLAN PAYS,70,80,50,70,70,2,5,high,low,RISK,3
0,1,0,0,Hourly,3337,No,Rents,1,9,4,15,9,OUTPATIENT SERVICES (SURGERY),OUT-OF-NETWORK,PERCENT PLAN PAYS,70,50,70,80,70,2,5,high,low,RISK,3
1,0,0,0,Hourly,874,No,Owns,9,7,9,15,9,OUTPATIENT SERVICES (SURGERY),OUT-OF-NETWORK,PERCENT PLAN PAYS,50,80,70,70,70,2,5,high,low,RISK,3
0,1,0,0,Hourly,4470,Yes,Owns,0,5,23,15,9,OUTPATIENT SERVICES (SURGERY),OUT-OF-NETWORK,PERCENT PLAN PAYS,70,50,80,70,70,2,5,high,low,RISK,3
1,0,1,0,Hourly,3252,Yes,Owns,4,1,9,15,9,OUTPATIENT SERVICES (SURGERY),OUT-OF-NETWORK,PERCENT PLAN PAYS,50,70,70,80,70,2,5,high,low,RISK,3
0,1,0,0,Hourly,176,Yes,Rents,3,8,6,15,9,OUTPATIENT SERVICES (SURGERY),OUT-OF-NETWORK,PERCENT PLAN PAYS,70,80,70,50,70,2,5,high,low,RISK,3
0,0,1,0,Hourly,3681,Yes,Owns,1,2,1,15,9,OUTPATIENT SERVICES (SURGERY),OUT-OF-NETWORK,PERCENT PLAN PAYS,70,50,80,70,70,2,5,high,low,RISK,3
0,1,1,1,Hourly,1019,Yes,Owns,8,10,2,15,9,OUTPATIENT SERVICES (SURGERY),OUT-OF-NETWORK,PERCENT PLAN PAYS,80,50,70,70,70,2,5,high,low,RISK,3
0,1,1,0,Bonus,4493,Yes,Owns,10,4,3,15,9,OUTPATIENT SERVICES (SURGERY),OUT-OF-NETWORK,PERCENT PLAN PAYS,80,70,50,70,70,2,5,high,low,RISK,3
0,1,1,0,Salaried,1012,Yes,Owns,8,2,25,15,9,OUTPATIENT SERVICES (SURGERY),OUT-OF-NETWORK,PERCENT PLAN PAYS,70,70,50,80,70,2,5,high,low,RISK,3
0,0,0,0,Bonus,1248,Yes,Rents,1,10,10,15,9,OUTPATIENT SERVICES (SURGERY),OUT-OF-NETWORK,PERCENT PLAN PAYS,70,80,50,70,70,2,5,high,low,RISK,3
1,0,0,0,Salaried,2852,Yes,Rents,1,5,5,15,9,OUTPATIENT SERVICES (SURGERY),OUT-OF-NETWORK,PERCENT PLAN PAYS,70,80,70,50,70,2,5,high,low,RISK,3
0,0,0,0,Bonus,1440,Yes,Owns,4,10,8,15,9,OUTPATIENT SERVICES (SURGERY),OUT-OF-NETWORK,PERCENT PLAN PAYS,80,70,70,50,70,2,5,high,low,RISK,3
1,0,1,0,Bonus,2951,No,Owns,4,0,4,15,9,OUTPATIENT SERVICES (SURGERY),OUT-OF-NETWORK,PERCENT PLAN PAYS,80,70,50,70,70,2,5,high,low,RISK,3
2,1,0,2,Salaried,4377,No,Rents,10,19,27,15,10,OUTPATIENT SERVICES (SURGERY),OUT-OF-NETWORK,PERCENT PLAN PAYS,70,70,50,80,70,2,10,high,low,RISK,3
0,1,1,0,Salaried,1919,No,Owns,10,15,31,15,10,OUTPATIENT SERVICES (SURGERY),OUT-OF-NETWORK,PERCENT PLAN PAYS,80,70,50,70,70,2,10,high,low,RISK,3
2,1,0,0,Bonus,1139,No,Owns,13,16,31,15,10,OUTPATIENT SERVICES (SURGERY),OUT-OF-NETWORK,PERCENT PLAN PAYS,80,50,70,70,70,2,10,high,low,RISK,3
1,1,2,1,Bonus,3085,No,Rents,9,12,39,15,10,OUTPATIENT SERVICES (SURGERY),OUT-OF-NETWORK,PERCENT PLAN PAYS,80,70,70,50,70,2,10,high,low,RISK,3
0,1,2,0,Salaried,912,Yes,Rents,16,14,30,15,10,OUTPATIENT SERVICES (SURGERY),OUT-OF-NETWORK,PERCENT PLAN PAYS,70,70,80,50,70,2,10,high,low,RISK,3
1,0,2,1,Hourly,3561,Yes,Owns,12,13,26,15,10,OUTPATIENT SERVICES (SURGERY),OUT-OF-NETWORK,PERCENT PLAN PAYS,50,70,70,80,70,2,10,high,low,RISK,3
1,2,0,0,Hourly,4350,No,Rents,7,16,37,15,10,OUTPATIENT SERVICES (SURGERY),OUT-OF-NETWORK,PERCENT PLAN PAYS,50,70,70,80,70,2,10,high,low,RISK,3
2,2,1,2,Salaried,3664,No,Owns,7,16,39,15,10,OUTPATIENT SERVICES (SURGERY),OUT-OF-NETWORK,PERCENT PLAN PAYS,50,70,80,70,70,2,10,high,low,RISK,3
0,0,0,1,Bonus,1972,Yes,Owns,17,14,30,15,10,OUTPATIENT SERVICES (SURGERY),OUT-OF-NETWORK,PERCENT PLAN PAYS,50,70,80,70,70,2,10,high,low,RISK,3
1,0,2,2,Salaried,1235,Yes,Rents,14,14,34,15,10,OUTPATIENT SERVICES (SURGERY),OUT-OF-NETWORK,PERCENT PLAN PAYS,80,70,70,50,70,2,10,high,low,RISK,3
0,2,0,1,Bonus,2294,Yes,Owns,10,19,30,15,10,OUTPATIENT SERVICES (SURGERY),OUT-OF-NETWORK,PERCENT PLAN PAYS,70,50,70,80,70,2,10,high,low,RISK,3
0,1,2,0,Salaried,4592,Yes,Rents,16,17,35,15,10,OUTPATIENT SERVICES (SURGERY),OUT-OF-NETWORK,PERCENT PLAN PAYS,50,70,70,80,70,2,10,high,low,RISK,3
0,0,1,1,Hourly,2183,Yes,Owns,6,15,48,15,10,OUTPATIENT SERVICES (SURGERY),OUT-OF-NETWORK,PERCENT PLAN PAYS,70,70,80,50,70,2,10,high,low,RISK,3
1,1,2,1,Salaried,1622,Yes,Rents,8,12,35,15,10,OUTPATIENT SERVICES (SURGERY),OUT-OF-NETWORK,PERCENT PLAN PAYS,50,70,70,80,70,2,10,high,low,RISK,3
1,2,1,2,Salaried,4259,Yes,Rents,6,18,32,15,10,OUTPATIENT SERVICES (SURGERY),OUT-OF-NETWORK,PERCENT PLAN PAYS,70,70,80,50,70,2,10,high,low,RISK,3
2,1,1,2,Salaried,4138,No,Owns,17,13,27,15,10,OUTPATIENT SERVICES (SURGERY),OUT-OF-NETWORK,PERCENT PLAN PAYS,70,80,50,70,70,2,10,high,low,RISK,3
2,0,1,2,Bonus,2742,No,Owns,17,20,28,15,10,OUTPATIENT SERVICES (SURGERY),OUT-OF-NETWORK,PERCENT PLAN PAYS,80,50,70,70,70,2,10,high,low,RISK,3
1,1,0,2,Bonus,4027,Yes,Rents,8,14,29,15,10,OUTPATIENT SERVICES (SURGERY),OUT-OF-NETWORK,PERCENT PLAN PAYS,70,80,70,50,70,2,10,high,low,RISK,3
1,1,0,0,Bonus,3643,No,Rents,16,13,50,15,10,OUTPATIENT SERVICES (SURGERY),OUT-OF-NETWORK,PERCENT PLAN PAYS,80,70,50,70,70,2,10,high,low,RISK,3
1,0,2,0,Salaried,1855,No,Rents,17,20,35,15,10,OUTPATIENT SERVICES (SURGERY),OUT-OF-NETWORK,PERCENT PLAN PAYS,80,70,70,50,70,2,10,high,low,RISK,3
1,2,0,1,Bonus,4199,No,Owns,14,17,32,15,10,OUTPATIENT SERVICES (SURGERY),OUT-OF-NETWORK,PERCENT PLAN PAYS,70,50,70,80,70,2,10,high,low,RISK,3
0,2,1,0,Salaried,358,No,Rents,12,16,31,15,10,OUTPATIENT SERVICES (SURGERY),OUT-OF-NETWORK,PERCENT PLAN PAYS,80,70,50,70,70,2,10,high,low,RISK,3
1,1,1,1,Salaried,2175,No,Owns,16,20,34,15,10,OUTPATIENT SERVICES (SURGERY),OUT-OF-NETWORK,PERCENT PLAN PAYS,80,70,50,70,70,2,10,high,low,RISK,3
1,1,0,0,Bonus,2804,No,Owns,11,11,30,15,10,OUTPATIENT SERVICES (SURGERY),OUT-OF-NETWORK,PERCENT PLAN PAYS,70,70,50,80,70,2,10,high,low,RISK,3
2,1,2,1,Bonus,2793,Yes,Owns,17,19,27,15,10,OUTPATIENT SERVICES (SURGERY),OUT-OF-NETWORK,PERCENT PLAN PAYS,70,50,70,80,70,2,10,high,low,RISK,3
2,0,2,0,Salaried,1366,No,Owns,14,15,31,15,10,OUTPATIENT SERVICES (SURGERY),OUT-OF-NETWORK,PERCENT PLAN PAYS,70,50,80,70,70,2,10,high,low,RISK,3
0,1,1,2,Salaried,3990,No,Rents,13,12,28,15,10,OUTPATIENT SERVICES (SURGERY),OUT-OF-NETWORK,PERCENT PLAN PAYS,70,50,80,70,70,2,10,high,low,RISK,3
0,1,1,0,Salaried,1625,No,Owns,16,16,31,15,10,OUTPATIENT SERVICES (SURGERY),OUT-OF-NETWORK,PERCENT PLAN PAYS,70,50,80,70,70,2,10,high,low,RISK,3
1,2,0,0,Hourly,1178,No,Owns,5,12,39,15,10,OUTPATIENT SERVICES (SURGERY),OUT-OF-NETWORK,PERCENT PLAN PAYS,80,50,70,70,70,2,10,high,low,RISK,3
1,1,0,0,Hourly,2665,No,Rents,8,14,30,15,10,OUTPATIENT SERVICES (SURGERY),OUT-OF-NETWORK,PERCENT PLAN PAYS,70,50,80,70,70,2,10,high,low,RISK,3
1,1,2,0,Hourly,4144,No,Owns,9,13,26,15,10,OUTPATIENT SERVICES (SURGERY),OUT-OF-NETWORK,PERCENT PLAN PAYS,50,70,80,70,70,2,10,high,low,RISK,3
1,1,2,0,Hourly,2547,Yes,Owns,14,16,37,15,10,OUTPATIENT SERVICES (SURGERY),OUT-OF-NETWORK,PERCENT PLAN PAYS,70,50,80,70,70,2,10,high,low,RISK,3
1,1,1,0,Hourly,152,Yes,Owns,15,16,39,15,10,OUTPATIENT SERVICES (SURGERY),OUT-OF-NETWORK,PERCENT PLAN PAYS,70,70,50,80,70,2,10,high,low,RISK,3
0,0,0,0,Bonus,2909,Yes,Rents,9,14,30,15,10,OUTPATIENT SERVICES (SURGERY),OUT-OF-NETWORK,PERCENT PLAN PAYS,70,50,70,80,70,2,10,high,low,RISK,3
2,2,1,1,Bonus,2404,Yes,Owns,11,14,34,15,10,OUTPATIENT SERVICES (SURGERY),OUT-OF-NETWORK,PERCENT PLAN PAYS,70,80,70,50,70,2,10,high,low,RISK,3
2,0,1,2,Bonus,144,Yes,Owns,10,19,30,15,10,OUTPATIENT SERVICES (SURGERY),OUT-OF-NETWORK,PERCENT PLAN PAYS,70,80,70,50,70,2,10,high,low,RISK,3
2,0,1,0,Hourly,2250,No,Owns,11,17,35,15,10,OUTPATIENT SERVICES (SURGERY),OUT-OF-NETWORK,PERCENT PLAN PAYS,80,70,70,50,70,2,10,high,low,RISK,3
2,0,0,0,Hourly,4826,No,Owns,10,15,48,15,10,OUTPATIENT SERVICES (SURGERY),OUT-OF-NETWORK,PERCENT PLAN PAYS,80,50,70,70,70,2,10,high,low,RISK,3
1,1,0,0,Salaried,792,No,Owns,12,12,35,15,10,OUTPATIENT SERVICES (SURGERY),OUT-OF-NETWORK,PERCENT PLAN PAYS,70,70,50,80,70,2,10,high,low,RISK,3
0,2,0,1,Hourly,3429,No,Rents,15,18,32,15,10,OUTPATIENT SERVICES (SURGERY),OUT-OF-NETWORK,PERCENT PLAN PAYS,70,70,80,50,70,2,10,high,low,RISK,3
0,2,0,1,Hourly,1596,Yes,Owns,11,13,27,15,10,OUTPATIENT SERVICES (SURGERY),OUT-OF-NETWORK,PERCENT PLAN PAYS,70,50,70,80,70,2,10,high,low,RISK,3
1,1,2,0,Salaried,83,Yes,Owns,7,20,28,15,10,OUTPATIENT SERVICES (SURGERY),OUT-OF-NETWORK,PERCENT PLAN PAYS,80,50,70,70,70,2,10,high,low,RISK,3
1,2,0,2,Salaried,3601,No,Owns,6,14,29,15,10,OUTPATIENT SERVICES (SURGERY),OUT-OF-NETWORK,PERCENT PLAN PAYS,50,70,80,70,70,2,10,high,low,RISK,3
1,1,0,1,Bonus,861,No,Owns,15,13,50,15,10,OUTPATIENT SERVICES (SURGERY),OUT-OF-NETWORK,PERCENT PLAN PAYS,70,50,70,80,70,2,10,high,low,RISK,3
0,2,2,2,Salaried,2240,Yes,Rents,15,20,35,15,10,OUTPATIENT SERVICES (SURGERY),OUT-OF-NETWORK,PERCENT PLAN PAYS,80,70,50,70,70,2,10,high,low,RISK,3
1,0,0,0,Hourly,2384,No,Rents,6,17,32,15,10,OUTPATIENT SERVICES (SURGERY),OUT-OF-NETWORK,PERCENT PLAN PAYS,50,80,70,70,70,2,10,high,low,RISK,3
0,0,0,0,Bonus,2363,Yes,Rents,12,16,31,15,10,OUTPATIENT SERVICES (SURGERY),OUT-OF-NETWORK,PERCENT PLAN PAYS,70,50,70,80,70,2,10,high,low,RISK,3
1,1,2,0,Salaried,4539,No,Owns,10,20,34,15,10,OUTPATIENT SERVICES (SURGERY),OUT-OF-NETWORK,PERCENT PLAN PAYS,50,70,70,80,70,2,10,high,low,RISK,3
1,1,0,0,Bonus,489,No,Rents,9,11,30,15,10,OUTPATIENT SERVICES (SURGERY),OUT-OF-NETWORK,PERCENT PLAN PAYS,50,70,80,70,70,2,10,high,low,RISK,3
1,2,0,2,Bonus,4623,Yes,Owns,7,19,27,15,10,OUTPATIENT SERVICES (SURGERY),OUT-OF-NETWORK,PERCENT PLAN PAYS,70,70,80,50,70,2,10,high,low,RISK,3
1,0,0,0,Salaried,153,Yes,Owns,5,15,31,15,10,OUTPATIENT SERVICES (SURGERY),OUT-OF-NETWORK,PERCENT PLAN PAYS,80,70,70,50,70,2,10,high,low,RISK,3
0,2,2,1,Salaried,3954,No,Owns,6,12,28,15,10,OUTPATIENT SERVICES (SURGERY),OUT-OF-NETWORK,PERCENT PLAN PAYS,70,70,50,80,70,2,10,high,low,RISK,3
0,1,0,0,Salaried,4742,No,Rents,5,16,31,15,10,OUTPATIENT SERVICES (SURGERY),OUT-OF-NETWORK,PERCENT PLAN PAYS,80,70,70,50,70,2,10,high,low,RISK,3
0,0,0,1,Hourly,3289,No,Rents,15,12,39,15,10,OUTPATIENT SERVICES (SURGERY),OUT-OF-NETWORK,PERCENT PLAN PAYS,70,80,50,70,70,2,10,high,low,RISK,3
0,0,1,1,Bonus,3409,Yes,Rents,13,14,30,15,10,OUTPATIENT SERVICES (SURGERY),OUT-OF-NETWORK,PERCENT PLAN PAYS,80,70,50,70,70,2,10,high,low,RISK,3
0,0,2,1,Bonus,3179,No,Rents,8,13,26,15,10,OUTPATIENT SERVICES (SURGERY),OUT-OF-NETWORK,PERCENT PLAN PAYS,70,80,70,50,70,2,10,high,low,RISK,3
0,0,0,1,Bonus,4271,No,Rents,9,16,37,15,10,OUTPATIENT SERVICES (SURGERY),OUT-OF-NETWORK,PERCENT PLAN PAYS,70,80,70,50,70,2,10,high,low,RISK,3
0,0,0,0,Hourly,4605,Yes,Rents,10,16,39,15,10,OUTPATIENT SERVICES (SURGERY),OUT-OF-NETWORK,PERCENT PLAN PAYS,70,50,80,70,70,2,10,high,low,RISK,3
0,2,2,2,Salaried,3042,Yes,Rents,6,14,30,15,10,OUTPATIENT SERVICES (SURGERY),OUT-OF-NETWORK,PERCENT PLAN PAYS,50,70,70,80,70,2,10,high,low,RISK,3
0,2,2,0,Hourly,170,No,Rents,16,14,34,15,10,OUTPATIENT SERVICES (SURGERY),OUT-OF-NETWORK,PERCENT PLAN PAYS,70,50,80,70,70,2,10,high,low,RISK,3
0,1,0,2,Salaried,2062,No,Rents,7,19,30,15,10,OUTPATIENT SERVICES (SURGERY),OUT-OF-NETWORK,PERCENT PLAN PAYS,50,70,80,70,70,2,10,high,low,RISK,3
1,1,2,2,Bonus,1962,No,Rents,5,17,35,15,10,OUTPATIENT SERVICES (SURGERY),OUT-OF-NETWORK,PERCENT PLAN PAYS,70,50,70,80,70,2,10,high,low,RISK,3
0,0,0,0,Bonus,1006,No,Owns,11,15,48,15,10,OUTPATIENT SERVICES (SURGERY),OUT-OF-NETWORK,PERCENT PLAN PAYS,70,50,80,70,70,2,10,high,low,RISK,3
0,2,1,2,Salaried,4555,No,Rents,8,12,35,15,10,OUTPATIENT SERVICES (SURGERY),OUT-OF-NETWORK,PERCENT PLAN PAYS,70,80,50,70,70,2,10,high,low,RISK,3
2,1,1,0,Bonus,458,No,Rents,10,18,32,15,10,OUTPATIENT SERVICES (SURGERY),OUT-OF-NETWORK,PERCENT PLAN PAYS,70,80,50,70,70,2,10,high,low,RISK,3
2,0,2,1,Hourly,1593,No,Owns,5,13,27,15,10,OUTPATIENT SERVICES (SURGERY),OUT-OF-NETWORK,PERCENT PLAN PAYS,50,70,80,70,70,2,10,high,low,RISK,3
0,2,0,1,Hourly,4519,Yes,Owns,11,20,28,15,10,OUTPATIENT SERVICES (SURGERY),OUT-OF-NETWORK,PERCENT PLAN PAYS,70,80,70,50,70,2,10,high,low,RISK,3
0,1,0,0,Bonus,2639,No,Rents,5,14,29,15,10,OUTPATIENT SERVICES (SURGERY),OUT-OF-NETWORK,PERCENT PLAN PAYS,70,70,80,50,70,2,10,high,low,RISK,3
0,0,2,1,Hourly,2563,Yes,Rents,15,13,50,15,10,OUTPATIENT SERVICES (SURGERY),OUT-OF-NETWORK,PERCENT PLAN PAYS,50,80,70,70,70,2,10,high,low,RISK,3
0,1,2,1,Bonus,2810,Yes,Owns,15,20,35,15,10,OUTPATIENT SERVICES (SURGERY),OUT-OF-NETWORK,PERCENT PLAN PAYS,80,70,70,50,70,2,10,high,low,RISK,3
1,1,0,1,Hourly,2954,Yes,Owns,18,17,32,15,10,OUTPATIENT SERVICES (SURGERY),OUT-OF-NETWORK,PERCENT PLAN PAYS,70,80,50,70,70,2,10,high,low,RISK,3
1,0,2,0,Hourly,2299,Yes,Owns,13,16,31,15,10,OUTPATIENT SERVICES (SURGERY),OUT-OF-NETWORK,PERCENT PLAN PAYS,70,50,70,80,70,2,10,high,low,RISK,3
0,0,1,2,Hourly,1155,No,Rents,6,20,34,15,10,OUTPATIENT SERVICES (SURGERY),OUT-OF-NETWORK,PERCENT PLAN PAYS,70,70,80,50,70,2,10,high,low,RISK,3
1,0,2,0,Bonus,1856,Yes,Rents,14,11,30,15,10,OUTPATIENT SERVICES (SURGERY),OUT-OF-NETWORK,PERCENT PLAN PAYS,70,50,70,80,70,2,10,high,low,RISK,3
2,1,1,0,Salaried,3352,Yes,Rents,6,19,27,15,10,OUTPATIENT SERVICES (SURGERY),OUT-OF-NETWORK,PERCENT PLAN PAYS,70,70,50,80,70,2,10,high,low,RISK,3
2,0,0,1,Hourly,3735,Yes,Owns,15,15,31,15,10,OUTPATIENT SERVICES (SURGERY),OUT-OF-NETWORK,PERCENT PLAN PAYS,70,70,50,80,70,2,10,high,low,RISK,3
2,1,0,2,Salaried,1125,Yes,Rents,6,12,28,15,10,OUTPATIENT SERVICES (SURGERY),OUT-OF-NETWORK,PERCENT PLAN PAYS,70,80,70,50,70,2,10,high,low,RISK,3
2,0,1,0,Bonus,4695,No,Owns,5,16,31,15,10,OUTPATIENT SERVICES (SURGERY),OUT-OF-NETWORK,PERCENT PLAN PAYS,80,70,50,70,70,2,10,high,low,RISK,3
1,1,1,1,Salaried,1210,No,Rents,17,12,39,15,10,OUTPATIENT SERVICES (SURGERY),OUT-OF-NETWORK,PERCENT PLAN PAYS,50,70,80,70,70,2,10,high,low,RISK,3
1,2,1,0,Bonus,3149,No,Owns,6,14,30,15,10,OUTPATIENT SERVICES (SURGERY),OUT-OF-NETWORK,PERCENT PLAN PAYS,80,70,50,70,70,2,10,high,low,RISK,3
1,1,1,1,Bonus,3757,No,Rents,6,13,26,15,10,OUTPATIENT SERVICES (SURGERY),OUT-OF-NETWORK,PERCENT PLAN PAYS,70,70,50,80,70,2,10,high,low,RISK,3
1,0,2,1,Salaried,4038,Yes,Rents,12,16,37,15,10,OUTPATIENT SERVICES (SURGERY),OUT-OF-NETWORK,PERCENT PLAN PAYS,70,70,80,50,70,2,10,high,low,RISK,3
0,0,0,2,Bonus,381,No,Owns,8,16,39,15,10,OUTPATIENT SERVICES (SURGERY),OUT-OF-NETWORK,PERCENT PLAN PAYS,50,70,80,70,70,2,10,high,low,RISK,3
0,0,1,1,Hourly,2879,Yes,Rents,16,14,30,15,10,OUTPATIENT SERVICES (SURGERY),OUT-OF-NETWORK,PERCENT PLAN PAYS,70,70,80,50,70,2,10,high,low,RISK,3
1,2,0,0,Hourly,2246,No,Owns,17,14,34,15,10,OUTPATIENT SERVICES (SURGERY),OUT-OF-NETWORK,PERCENT PLAN PAYS,70,80,50,70,70,2,10,high,low,RISK,3
0,2,1,0,Hourly,3337,No,Rents,7,19,30,15,10,OUTPATIENT SERVICES (SURGERY),OUT-OF-NETWORK,PERCENT PLAN PAYS,50,70,70,80,70,2,10,high,low,RISK,3
1,1,1,1,Hourly,874,No,Owns,17,17,35,15,10,OUTPATIENT SERVICES (SURGERY),OUT-OF-NETWORK,PERCENT PLAN PAYS,80,70,50,70,70,2,10,high,low,RISK,3
0,1,0,0,Hourly,4470,Yes,Owns,6,15,48,15,10,OUTPATIENT SERVICES (SURGERY),OUT-OF-NETWORK,PERCENT PLAN PAYS,80,70,70,50,70,2,10,high,low,RISK,3
2,0,1,1,Hourly,3252,Yes,Owns,10,12,35,15,10,OUTPATIENT SERVICES (SURGERY),OUT-OF-NETWORK,PERCENT PLAN PAYS,50,70,80,70,70,2,10,high,low,RISK,3
0,2,0,1,Hourly,176,Yes,Rents,9,18,32,15,10,OUTPATIENT SERVICES (SURGERY),OUT-OF-NETWORK,PERCENT PLAN PAYS,70,80,50,70,70,2,10,high,low,RISK,3
1,0,2,0,Hourly,3681,Yes,Owns,6,13,27,15,10,OUTPATIENT SERVICES (SURGERY),OUT-OF-NETWORK,PERCENT PLAN PAYS,70,80,50,70,70,2,10,high,low,RISK,3
1,2,1,2,Hourly,1019,Yes,Owns,15,20,28,15,10,OUTPATIENT SERVICES (SURGERY),OUT-OF-NETWORK,PERCENT PLAN PAYS,80,70,70,50,70,2,10,high,low,RISK,3
1,2,1,1,Bonus,4493,Yes,Owns,18,14,29,15,10,OUTPATIENT SERVICES (SURGERY),OUT-OF-NETWORK,PERCENT PLAN PAYS,50,70,80,70,70,2,10,high,low,RISK,3
1,2,2,0,Salaried,1012,Yes,Owns,15,13,50,15,10,OUTPATIENT SERVICES (SURGERY),OUT-OF-NETWORK,PERCENT PLAN PAYS,80,50,70,70,70,2,10,high,low,RISK,3
0,0,1,1,Bonus,1248,Yes,Rents,7,20,35,15,10,OUTPATIENT SERVICES (SURGERY),OUT-OF-NETWORK,PERCENT PLAN PAYS,80,70,50,70,70,2,10,high,low,RISK,3
0,0,1,0,Salaried,1214,No,Owns,6,17,32,15,10,OUTPATIENT SERVICES (SURGERY),OUT-OF-NETWORK,PERCENT PLAN PAYS,80,70,70,50,70,2,10,high,low,RISK,3
1,0,1,0,Salaried,2852,Yes,Rents,6,16,31,15,10,OUTPATIENT SERVICES (SURGERY),OUT-OF-NETWORK,PERCENT PLAN PAYS,70,50,70,80,70,2,10,high,low,RISK,3
1,0,0,0,Bonus,1440,Yes,Owns,10,20,34,15,10,OUTPATIENT SERVICES (SURGERY),OUT-OF-NETWORK,PERCENT PLAN PAYS,70,50,70,80,70,2,10,high,low,RISK,3
1,0,1,0,Bonus,2951,No,Owns,11,11,30,15,10,OUTPATIENT SERVICES (SURGERY),OUT-OF-NETWORK,PERCENT PLAN PAYS,80,50,70,70,70,2,10,high,low,RISK,3
3,2,1,3,Salaried,4377,No,Rents,24,48,52,15,11,OUTPATIENT SERVICES (SURGERY),OUT-OF-NETWORK,PERCENT PLAN PAYS,80,70,70,50,70,3,20,high,low,RISK,3
1,1,2,1,Salaried,1919,No,Owns,25,33,56,15,11,OUTPATIENT SERVICES (SURGERY),OUT-OF-NETWORK,PERCENT PLAN PAYS,70,50,80,70,70,3,20,high,low,RISK,3
2,2,1,1,Salaried,4671,Yes,Rents,33,23,53,15,11,OUTPATIENT SERVICES (SURGERY),OUT-OF-NETWORK,PERCENT PLAN PAYS,70,70,50,80,70,3,20,high,low,RISK,3
3,2,1,1,Bonus,1139,No,Owns,29,38,56,15,11,OUTPATIENT SERVICES (SURGERY),OUT-OF-NETWORK,PERCENT PLAN PAYS,70,70,80,50,70,3,20,high,low,RISK,3
1,2,3,2,Bonus,3085,No,Rents,23,24,64,15,11,OUTPATIENT SERVICES (SURGERY),OUT-OF-NETWORK,PERCENT PLAN PAYS,50,80,70,70,70,3,20,high,low,RISK,3
1,2,3,1,Salaried,912,Yes,Rents,37,29,55,15,11,OUTPATIENT SERVICES (SURGERY),OUT-OF-NETWORK,PERCENT PLAN PAYS,70,70,80,50,70,3,20,high,low,RISK,3
2,1,3,2,Hourly,3561,Yes,Owns,28,26,51,15,11,OUTPATIENT SERVICES (SURGERY),OUT-OF-NETWORK,PERCENT PLAN PAYS,80,70,70,50,70,3,20,high,low,RISK,3
2,3,1,1,Hourly,4350,No,Rents,19,36,62,15,11,OUTPATIENT SERVICES (SURGERY),OUT-OF-NETWORK,PERCENT PLAN PAYS,70,70,80,50,70,3,20,high,low,RISK,3
3,3,2,3,Salaried,3664,No,Owns,18,38,64,15,11,OUTPATIENT SERVICES (SURGERY),OUT-OF-NETWORK,PERCENT PLAN PAYS,80,50,70,70,70,3,20,high,low,RISK,3
1,1,1,1,Bonus,1972,Yes,Owns,38,31,55,15,11,OUTPATIENT SERVICES (SURGERY),OUT-OF-NETWORK,PERCENT PLAN PAYS,80,70,70,50,70,3,20,high,low,RISK,3
1,1,3,3,Salaried,1235,Yes,Rents,32,31,59,15,11,OUTPATIENT SERVICES (SURGERY),OUT-OF-NETWORK,PERCENT PLAN PAYS,50,70,80,70,70,3,20,high,low,RISK,3
1,3,1,2,Bonus,2294,Yes,Owns,25,47,55,15,11,OUTPATIENT SERVICES (SURGERY),OUT-OF-NETWORK,PERCENT PLAN PAYS,70,70,80,50,70,3,20,high,low,RISK,3
1,2,3,1,Salaried,4592,Yes,Rents,37,41,60,15,11,OUTPATIENT SERVICES (SURGERY),OUT-OF-NETWORK,PERCENT PLAN PAYS,70,50,80,70,70,3,20,high,low,RISK,3
1,1,1,2,Hourly,2183,Yes,Owns,16,35,73,15,11,OUTPATIENT SERVICES (SURGERY),OUT-OF-NETWORK,PERCENT PLAN PAYS,50,70,80,70,70,3,20,high,low,RISK,3
2,2,3,2,Salaried,1622,Yes,Rents,21,24,60,15,11,OUTPATIENT SERVICES (SURGERY),OUT-OF-NETWORK,PERCENT PLAN PAYS,70,80,50,70,70,3,20,high,low,RISK,3
2,3,1,3,Salaried,4259,Yes,Rents,17,43,57,15,11,OUTPATIENT SERVICES (SURGERY),OUT-OF-NETWORK,PERCENT PLAN PAYS,70,80,50,70,70,3,20,high,low,RISK,3
3,2,2,3,Salaried,4138,No,Owns,37,25,52,15,11,OUTPATIENT SERVICES (SURGERY),OUT-OF-NETWORK,PERCENT PLAN PAYS,50,80,70,70,70,3,20,high,low,RISK,3
3,1,2,3,Bonus,2742,No,Owns,39,50,53,15,11,OUTPATIENT SERVICES (SURGERY),OUT-OF-NETWORK,PERCENT PLAN PAYS,80,70,70,50,70,3,20,high,low,RISK,3
1,1,1,3,Bonus,4027,Yes,Rents,21,31,54,15,11,OUTPATIENT SERVICES (SURGERY),OUT-OF-NETWORK,PERCENT PLAN PAYS,80,70,70,50,70,3,20,high,low,RISK,3
2,2,1,1,Bonus,3643,No,Rents,35,26,75,15,11,OUTPATIENT SERVICES (SURGERY),OUT-OF-NETWORK,PERCENT PLAN PAYS,80,50,70,70,70,3,20,high,low,RISK,3
2,1,3,1,Salaried,1855,No,Rents,39,49,60,15,11,OUTPATIENT SERVICES (SURGERY),OUT-OF-NETWORK,PERCENT PLAN PAYS,50,80,70,70,70,3,20,high,low,RISK,3
1,3,1,1,Bonus,4199,No,Owns,33,40,57,15,11,OUTPATIENT SERVICES (SURGERY),OUT-OF-NETWORK,PERCENT PLAN PAYS,50,70,80,70,70,3,20,high,low,RISK,3
1,3,2,1,Salaried,358,No,Rents,28,36,56,15,11,OUTPATIENT SERVICES (SURGERY),OUT-OF-NETWORK,PERCENT PLAN PAYS,50,80,70,70,70,3,20,high,low,RISK,3
2,2,2,1,Salaried,2175,No,Owns,35,49,59,15,11,OUTPATIENT SERVICES (SURGERY),OUT-OF-NETWORK,PERCENT PLAN PAYS,80,50,70,70,70,3,20,high,low,RISK,3
2,2,1,1,Bonus,2804,No,Owns,26,20,55,15,11,OUTPATIENT SERVICES (SURGERY),OUT-OF-NETWORK,PERCENT PLAN PAYS,80,70,50,70,70,3,20,high,low,RISK,3
3,3,3,2,Bonus,2793,Yes,Owns,39,48,52,15,11,OUTPATIENT SERVICES (SURGERY),OUT-OF-NETWORK,PERCENT PLAN PAYS,50,70,80,70,70,3,20,high,low,RISK,3
3,1,3,1,Salaried,1366,No,Owns,32,33,56,15,11,OUTPATIENT SERVICES (SURGERY),OUT-OF-NETWORK,PERCENT PLAN PAYS,80,70,70,50,70,3,20,high,low,RISK,3
1,2,2,3,Salaried,3990,No,Rents,30,23,53,15,11,OUTPATIENT SERVICES (SURGERY),OUT-OF-NETWORK,PERCENT PLAN PAYS,70,80,50,70,70,3,20,high,low,RISK,3
1,2,2,1,Salaried,1625,No,Owns,36,38,56,15,11,OUTPATIENT SERVICES (SURGERY),OUT-OF-NETWORK,PERCENT PLAN PAYS,80,70,70,50,70,3,20,high,low,RISK,3
2,3,1,1,Hourly,1178,No,Owns,15,24,64,15,11,OUTPATIENT SERVICES (SURGERY),OUT-OF-NETWORK,PERCENT PLAN PAYS,50,70,70,80,70,3,20,high,low,RISK,3
2,1,1,1,Hourly,2665,No,Rents,20,29,55,15,11,OUTPATIENT SERVICES (SURGERY),OUT-OF-NETWORK,PERCENT PLAN PAYS,50,80,70,70,70,3,20,high,low,RISK,3
2,3,3,1,Hourly,4144,No,Owns,23,26,51,15,11,OUTPATIENT SERVICES (SURGERY),OUT-OF-NETWORK,PERCENT PLAN PAYS,50,80,70,70,70,3,20,high,low,RISK,3
2,2,3,1,Hourly,2547,Yes,Owns,32,36,62,15,11,OUTPATIENT SERVICES (SURGERY),OUT-OF-NETWORK,PERCENT PLAN PAYS,50,70,80,70,70,3,20,high,low,RISK,3
2,1,2,1,Hourly,152,Yes,Owns,34,38,64,15,11,OUTPATIENT SERVICES (SURGERY),OUT-OF-NETWORK,PERCENT PLAN PAYS,50,70,70,80,70,3,20,high,low,RISK,3
1,1,1,1,Bonus,2909,Yes,Rents,23,31,55,15,11,OUTPATIENT SERVICES (SURGERY),OUT-OF-NETWORK,PERCENT PLAN PAYS,70,50,80,70,70,3,20,high,low,RISK,3
3,3,2,2,Bonus,2404,Yes,Owns,27,31,59,15,11,OUTPATIENT SERVICES (SURGERY),OUT-OF-NETWORK,PERCENT PLAN PAYS,70,80,70,50,70,3,20,high,low,RISK,3
3,1,2,3,Bonus,144,Yes,Owns,24,47,55,15,11,OUTPATIENT SERVICES (SURGERY),OUT-OF-NETWORK,PERCENT PLAN PAYS,70,50,80,70,70,3,20,high,low,RISK,3
3,1,2,1,Hourly,2250,No,Owns,26,41,60,15,11,OUTPATIENT SERVICES (SURGERY),OUT-OF-NETWORK,PERCENT PLAN PAYS,50,80,70,70,70,3,20,high,low,RISK,3
3,1,1,1,Hourly,4826,No,Owns,25,35,73,15,11,OUTPATIENT SERVICES (SURGERY),OUT-OF-NETWORK,PERCENT PLAN PAYS,70,50,80,70,70,3,20,high,low,RISK,3
2,2,1,1,Salaried,792,No,Owns,28,24,60,15,11,OUTPATIENT SERVICES (SURGERY),OUT-OF-NETWORK,PERCENT PLAN PAYS,50,70,70,80,70,3,20,high,low,RISK,3
1,3,1,2,Hourly,3429,No,Rents,34,43,57,15,11,OUTPATIENT SERVICES (SURGERY),OUT-OF-NETWORK,PERCENT PLAN PAYS,70,50,80,70,70,3,20,high,low,RISK,3
1,3,1,2,Hourly,1596,Yes,Owns,27,25,52,15,11,OUTPATIENT SERVICES (SURGERY),OUT-OF-NETWORK,PERCENT PLAN PAYS,50,70,70,80,70,3,20,high,low,RISK,3
2,3,3,1,Salaried,83,Yes,Owns,19,50,53,15,11,OUTPATIENT SERVICES (SURGERY),OUT-OF-NETWORK,PERCENT PLAN PAYS,80,70,50,70,70,3,20,high,low,RISK,3
2,3,1,3,Salaried,3601,No,Owns,17,31,54,15,11,OUTPATIENT SERVICES (SURGERY),OUT-OF-NETWORK,PERCENT PLAN PAYS,70,50,80,70,70,3,20,high,low,RISK,3
2,2,1,2,Bonus,861,No,Owns,34,26,75,15,11,OUTPATIENT SERVICES (SURGERY),OUT-OF-NETWORK,PERCENT PLAN PAYS,50,70,70,80,70,3,20,high,low,RISK,3
1,3,3,3,Salaried,2240,Yes,Rents,35,49,60,15,11,OUTPATIENT SERVICES (SURGERY),OUT-OF-NETWORK,PERCENT PLAN PAYS,80,50,70,70,70,3,20,high,low,RISK,3
1,1,1,1,Hourly,2384,No,Rents,17,40,57,15,11,OUTPATIENT SERVICES (SURGERY),OUT-OF-NETWORK,PERCENT PLAN PAYS,80,70,50,70,70,3,20,high,low,RISK,3
1,1,1,1,Bonus,2363,Yes,Rents,29,36,56,15,11,OUTPATIENT SERVICES (SURGERY),OUT-OF-NETWORK,PERCENT PLAN PAYS,70,50,70,80,70,3,20,high,low,RISK,3
2,1,3,1,Salaried,4539,No,Owns,24,49,59,15,11,OUTPATIENT SERVICES (SURGERY),OUT-OF-NETWORK,PERCENT PLAN PAYS,50,70,80,70,70,3,20,high,low,RISK,3
2,1,1,1,Bonus,489,No,Rents,23,20,55,15,11,OUTPATIENT SERVICES (SURGERY),OUT-OF-NETWORK,PERCENT PLAN PAYS,80,50,70,70,70,3,20,high,low,RISK,3
2,3,1,3,Bonus,4623,Yes,Owns,19,48,52,15,11,OUTPATIENT SERVICES (SURGERY),OUT-OF-NETWORK,PERCENT PLAN PAYS,70,70,80,50,70,3,20,high,low,RISK,3
2,1,1,1,Salaried,153,Yes,Owns,15,33,56,15,11,OUTPATIENT SERVICES (SURGERY),OUT-OF-NETWORK,PERCENT PLAN PAYS,50,80,70,70,70,3,20,high,low,RISK,3
1,3,3,2,Salaried,3954,No,Owns,17,23,53,15,11,OUTPATIENT SERVICES (SURGERY),OUT-OF-NETWORK,PERCENT PLAN PAYS,70,70,50,80,70,3,20,high,low,RISK,3
1,2,1,1,Salaried,4742,No,Rents,15,38,56,15,11,OUTPATIENT SERVICES (SURGERY),OUT-OF-NETWORK,PERCENT PLAN PAYS,50,80,70,70,70,3,20,high,low,RISK,3
1,1,1,2,Hourly,3289,No,Rents,35,24,64,15,11,OUTPATIENT SERVICES (SURGERY),OUT-OF-NETWORK,PERCENT PLAN PAYS,80,70,70,50,70,3,20,high,low,RISK,3
1,1,2,2,Bonus,3409,Yes,Rents,30,29,55,15,11,OUTPATIENT SERVICES (SURGERY),OUT-OF-NETWORK,PERCENT PLAN PAYS,80,50,70,70,70,3,20,high,low,RISK,3
1,1,3,2,Bonus,3179,No,Rents,21,26,51,15,11,OUTPATIENT SERVICES (SURGERY),OUT-OF-NETWORK,PERCENT PLAN PAYS,80,70,50,70,70,3,20,high,low,RISK,3
1,1,1,2,Bonus,4271,No,Rents,22,36,62,15,11,OUTPATIENT SERVICES (SURGERY),OUT-OF-NETWORK,PERCENT PLAN PAYS,80,50,70,70,70,3,20,high,low,RISK,3
1,1,1,1,Hourly,4605,Yes,Rents,24,38,64,15,11,OUTPATIENT SERVICES (SURGERY),OUT-OF-NETWORK,PERCENT PLAN PAYS,50,70,80,70,70,3,20,high,low,RISK,3
1,3,3,3,Salaried,3042,Yes,Rents,16,31,55,15,11,OUTPATIENT SERVICES (SURGERY),OUT-OF-NETWORK,PERCENT PLAN PAYS,50,70,70,80,70,3,20,high,low,RISK,3
1,3,3,1,Hourly,170,No,Rents,37,31,59,15,11,OUTPATIENT SERVICES (SURGERY),OUT-OF-NETWORK,PERCENT PLAN PAYS,70,50,70,80,70,3,20,high,low,RISK,3
1,1,1,3,Salaried,2062,No,Rents,20,47,55,15,11,OUTPATIENT SERVICES (SURGERY),OUT-OF-NETWORK,PERCENT PLAN PAYS,50,80,70,70,70,3,20,high,low,RISK,3
2,2,3,3,Bonus,1962,No,Rents,15,41,60,15,11,OUTPATIENT SERVICES (SURGERY),OUT-OF-NETWORK,PERCENT PLAN PAYS,70,50,80,70,70,3,20,high,low,RISK,3
1,1,1,1,Bonus,1006,No,Owns,27,35,73,15,11,OUTPATIENT SERVICES (SURGERY),OUT-OF-NETWORK,PERCENT PLAN PAYS,50,70,70,80,70,3,20,high,low,RISK,3
1,3,2,3,Salaried,4555,No,Rents,20,24,60,15,11,OUTPATIENT SERVICES (SURGERY),OUT-OF-NETWORK,PERCENT PLAN PAYS,70,50,80,70,70,3,20,high,low,RISK,3
3,1,2,1,Bonus,458,No,Rents,25,43,57,15,11,OUTPATIENT SERVICES (SURGERY),OUT-OF-NETWORK,PERCENT PLAN PAYS,50,80,70,70,70,3,20,high,low,RISK,3
3,1,3,1,Hourly,1593,No,Owns,16,25,52,15,11,OUTPATIENT SERVICES (SURGERY),OUT-OF-NETWORK,PERCENT PLAN PAYS,50,70,70,80,70,3,20,high,low,RISK,3
1,3,1,2,Hourly,4519,Yes,Owns,26,50,53,15,11,OUTPATIENT SERVICES (SURGERY),OUT-OF-NETWORK,PERCENT PLAN PAYS,50,80,70,70,70,3,20,high,low,RISK,3
1,2,1,1,Bonus,2639,No,Rents,16,31,54,15,11,OUTPATIENT SERVICES (SURGERY),OUT-OF-NETWORK,PERCENT PLAN PAYS,50,80,70,70,70,3,20,high,low,RISK,3
1,1,3,1,Hourly,2563,Yes,Rents,35,26,75,15,11,OUTPATIENT SERVICES (SURGERY),OUT-OF-NETWORK,PERCENT PLAN PAYS,80,50,70,70,70,3,20,high,low,RISK,3
1,2,3,2,Bonus,2810,Yes,Owns,35,49,60,15,11,OUTPATIENT SERVICES (SURGERY),OUT-OF-NETWORK,PERCENT PLAN PAYS,80,50,70,70,70,3,20,high,low,RISK,3
2,2,1,2,Hourly,2954,Yes,Owns,39,40,57,15,11,OUTPATIENT SERVICES (SURGERY),OUT-OF-NETWORK,PERCENT PLAN PAYS,50,70,70,80,70,3,20,high,low,RISK,3
2,1,3,1,Hourly,2299,Yes,Owns,31,36,56,15,11,OUTPATIENT SERVICES (SURGERY),OUT-OF-NETWORK,PERCENT PLAN PAYS,80,70,50,70,70,3,20,high,low,RISK,3
1,1,2,3,Hourly,1155,No,Rents,16,49,59,15,11,OUTPATIENT SERVICES (SURGERY),OUT-OF-NETWORK,PERCENT PLAN PAYS,70,70,50,80,70,3,20,high,low,RISK,3
2,1,3,1,Bonus,1856,Yes,Rents,31,20,55,15,11,OUTPATIENT SERVICES (SURGERY),OUT-OF-NETWORK,PERCENT PLAN PAYS,70,70,80,50,70,3,20,high,low,RISK,3
3,2,2,1,Salaried,3352,Yes,Rents,18,48,52,15,11,OUTPATIENT SERVICES (SURGERY),OUT-OF-NETWORK,PERCENT PLAN PAYS,70,50,80,70,70,3,20,high,low,RISK,3
3,1,1,2,Hourly,3735,Yes,Owns,34,33,56,15,11,OUTPATIENT SERVICES (SURGERY),OUT-OF-NETWORK,PERCENT PLAN PAYS,70,70,80,50,70,3,20,high,low,RISK,3
3,2,1,3,Salaried,1125,Yes,Rents,18,23,53,15,11,OUTPATIENT SERVICES (SURGERY),OUT-OF-NETWORK,PERCENT PLAN PAYS,80,50,70,70,70,3,20,high,low,RISK,3
3,1,2,1,Bonus,4695,No,Owns,15,38,56,15,11,OUTPATIENT SERVICES (SURGERY),OUT-OF-NETWORK,PERCENT PLAN PAYS,50,80,70,70,70,3,20,high,low,RISK,3
2,2,2,2,Salaried,1210,No,Rents,38,24,64,15,11,OUTPATIENT SERVICES (SURGERY),OUT-OF-NETWORK,PERCENT PLAN PAYS,70,70,50,80,70,3,20,high,low,RISK,3
2,3,2,1,Bonus,3149,No,Owns,17,29,55,15,11,OUTPATIENT SERVICES (SURGERY),OUT-OF-NETWORK,PERCENT PLAN PAYS,80,70,50,70,70,3,20,high,low,RISK,3
2,2,2,2,Bonus,3757,No,Rents,18,26,51,15,11,OUTPATIENT SERVICES (SURGERY),OUT-OF-NETWORK,PERCENT PLAN PAYS,70,80,70,50,70,3,20,high,low,RISK,3
3,1,3,2,Salaried,4038,Yes,Rents,28,36,62,15,11,OUTPATIENT SERVICES (SURGERY),OUT-OF-NETWORK,PERCENT PLAN PAYS,50,70,70,80,70,3,20,high,low,RISK,3
1,1,1,3,Bonus,381,No,Owns,20,38,64,15,11,OUTPATIENT SERVICES (SURGERY),OUT-OF-NETWORK,PERCENT PLAN PAYS,70,80,70,50,70,3,20,high,low,RISK,3
1,1,1,2,Hourly,2879,Yes,Rents,37,31,55,15,11,OUTPATIENT SERVICES (SURGERY),OUT-OF-NETWORK,PERCENT PLAN PAYS,70,70,50,80,70,3,20,high,low,RISK,3
2,3,1,1,Hourly,2246,No,Owns,38,31,59,15,11,OUTPATIENT SERVICES (SURGERY),OUT-OF-NETWORK,PERCENT PLAN PAYS,50,80,70,70,70,3,20,high,low,RISK,3
1,3,2,1,Hourly,3337,No,Rents,18,47,55,15,11,OUTPATIENT SERVICES (SURGERY),OUT-OF-NETWORK,PERCENT PLAN PAYS,70,70,80,50,70,3,20,high,low,RISK,3
2,2,1,2,Hourly,874,No,Owns,38,41,60,15,11,OUTPATIENT SERVICES (SURGERY),OUT-OF-NETWORK,PERCENT PLAN PAYS,80,50,70,70,70,3,20,high,low,RISK,3
1,2,1,1,Hourly,4470,Yes,Owns,16,35,73,15,11,OUTPATIENT SERVICES (SURGERY),OUT-OF-NETWORK,PERCENT PLAN PAYS,50,80,70,70,70,3,20,high,low,RISK,3
3,1,3,1,Hourly,3252,Yes,Owns,24,24,60,15,11,OUTPATIENT SERVICES (SURGERY),OUT-OF-NETWORK,PERCENT PLAN PAYS,70,80,50,70,70,3,20,high,low,RISK,3
1,3,1,2,Hourly,176,Yes,Rents,23,43,57,15,11,OUTPATIENT SERVICES (SURGERY),OUT-OF-NETWORK,PERCENT PLAN PAYS,70,70,80,50,70,3,20,high,low,RISK,3
2,1,3,1,Hourly,3681,Yes,Owns,17,25,52,15,11,OUTPATIENT SERVICES (SURGERY),OUT-OF-NETWORK,PERCENT PLAN PAYS,80,50,70,70,70,3,20,high,low,RISK,3
1,3,2,3,Hourly,1019,Yes,Owns,35,50,53,15,11,OUTPATIENT SERVICES (SURGERY),OUT-OF-NETWORK,PERCENT PLAN PAYS,50,70,70,80,70,3,20,high,low,RISK,3
1,3,2,1,Bonus,4493,Yes,Owns,39,31,54,15,11,OUTPATIENT SERVICES (SURGERY),OUT-OF-NETWORK,PERCENT PLAN PAYS,70,50,70,80,70,3,20,high,low,RISK,3
1,3,3,1,Salaried,1012,Yes,Owns,34,26,75,15,11,OUTPATIENT SERVICES (SURGERY),OUT-OF-NETWORK,PERCENT PLAN PAYS,50,70,80,70,70,3,20,high,low,RISK,3
1,1,2,1,Bonus,1248,Yes,Rents,18,49,60,15,11,OUTPATIENT SERVICES (SURGERY),OUT-OF-NETWORK,PERCENT PLAN PAYS,70,50,70,80,70,3,20,high,low,RISK,3
1,1,2,1,Salaried,1214,No,Owns,17,40,57,15,11,OUTPATIENT SERVICES (SURGERY),OUT-OF-NETWORK,PERCENT PLAN PAYS,70,70,50,80,70,3,20,high,low,RISK,3
2,1,1,1,Salaried,2852,Yes,Rents,18,36,56,15,11,OUTPATIENT SERVICES (SURGERY),OUT-OF-NETWORK,PERCENT PLAN PAYS,70,70,50,80,70,3,20,high,low,RISK,3
2,1,1,1,Bonus,1440,Yes,Owns,24,49,59,15,11,OUTPATIENT SERVICES (SURGERY),OUT-OF-NETWORK,PERCENT PLAN PAYS,50,80,70,70,70,3,20,high,low,RISK,3
3,1,3,1,Bonus,2951,No,Owns,26,20,55,15,11,OUTPATIENT SERVICES (SURGERY),OUT-OF-NETWORK,PERCENT PLAN PAYS,70,70,50,80,70,3,20,high,low,RISK,3
4,3,2,4,Salaried,4377,No,Rents,46,73,76,15,12,OUTPATIENT SERVICES (SURGERY),OUT-OF-NETWORK,PERCENT PLAN PAYS,70,50,80,70,70,3,50,high,low,RISK,3
2,3,4,2,Salaried,1919,No,Owns,48,61,80,15,12,OUTPATIENT SERVICES (SURGERY),OUT-OF-NETWORK,PERCENT PLAN PAYS,70,80,50,70,70,3,50,high,low,RISK,3
4,4,3,2,Salaried,4671,Yes,Rents,57,53,77,15,12,OUTPATIENT SERVICES (SURGERY),OUT-OF-NETWORK,PERCENT PLAN PAYS,70,50,70,80,70,3,50,high,low,RISK,3
4,4,2,2,Bonus,1139,No,Owns,52,65,80,15,12,OUTPATIENT SERVICES (SURGERY),OUT-OF-NETWORK,PERCENT PLAN PAYS,70,70,50,80,70,3,50,high,low,RISK,3
3,4,4,3,Bonus,3085,No,Rents,45,54,88,15,12,OUTPATIENT SERVICES (SURGERY),OUT-OF-NETWORK,PERCENT PLAN PAYS,50,80,70,70,70,3,50,high,low,RISK,3
3,4,4,3,Salaried,912,Yes,Rents,61,58,79,15,12,OUTPATIENT SERVICES (SURGERY),OUT-OF-NETWORK,PERCENT PLAN PAYS,80,70,50,70,70,3,50,high,low,RISK,3
4,3,4,3,Hourly,3561,Yes,Owns,51,56,75,15,12,OUTPATIENT SERVICES (SURGERY),OUT-OF-NETWORK,PERCENT PLAN PAYS,80,50,70,70,70,3,50,high,low,RISK,3
4,4,2,2,Hourly,4350,No,Rents,40,64,87,15,12,OUTPATIENT SERVICES (SURGERY),OUT-OF-NETWORK,PERCENT PLAN PAYS,70,70,50,80,70,3,50,high,low,RISK,3
4,4,4,4,Salaried,3664,No,Owns,39,65,88,15,12,OUTPATIENT SERVICES (SURGERY),OUT-OF-NETWORK,PERCENT PLAN PAYS,50,80,70,70,70,3,50,high,low,RISK,3
2,3,3,3,Bonus,1972,Yes,Owns,62,60,80,15,12,OUTPATIENT SERVICES (SURGERY),OUT-OF-NETWORK,PERCENT PLAN PAYS,50,80,70,70,70,3,50,high,low,RISK,3
3,2,4,4,Salaried,1235,Yes,Rents,55,60,83,15,12,OUTPATIENT SERVICES (SURGERY),OUT-OF-NETWORK,PERCENT PLAN PAYS,70,50,70,80,70,3,50,high,low,RISK,3
2,4,3,3,Bonus,2294,Yes,Owns,47,72,79,15,12,OUTPATIENT SERVICES (SURGERY),OUT-OF-NETWORK,PERCENT PLAN PAYS,70,50,70,80,70,3,50,high,low,RISK,3
2,3,4,3,Salaried,4592,Yes,Rents,62,68,84,15,12,OUTPATIENT SERVICES (SURGERY),OUT-OF-NETWORK,PERCENT PLAN PAYS,50,80,70,70,70,3,50,high,low,RISK,3
3,3,3,4,Hourly,2183,Yes,Owns,37,63,98,15,12,OUTPATIENT SERVICES (SURGERY),OUT-OF-NETWORK,PERCENT PLAN PAYS,70,70,80,50,70,3,50,high,low,RISK,3
3,3,4,3,Salaried,1622,Yes,Rents,42,55,84,15,12,OUTPATIENT SERVICES (SURGERY),OUT-OF-NETWORK,PERCENT PLAN PAYS,70,80,70,50,70,3,50,high,low,RISK,3
3,4,3,4,Salaried,4259,Yes,Rents,37,70,81,15,12,OUTPATIENT SERVICES (SURGERY),OUT-OF-NETWORK,PERCENT PLAN PAYS,50,80,70,70,70,3,50,high,low,RISK,3
4,3,3,4,Salaried,4138,No,Owns,62,55,76,15,12,OUTPATIENT SERVICES (SURGERY),OUT-OF-NETWORK,PERCENT PLAN PAYS,80,70,50,70,70,3,50,high,low,RISK,3
4,3,4,4,Bonus,2742,No,Owns,64,75,77,15,12,OUTPATIENT SERVICES (SURGERY),OUT-OF-NETWORK,PERCENT PLAN PAYS,50,70,70,80,70,3,50,high,low,RISK,3
3,3,3,4,Bonus,4027,Yes,Rents,43,60,78,15,12,OUTPATIENT SERVICES (SURGERY),OUT-OF-NETWORK,PERCENT PLAN PAYS,70,50,70,80,70,3,50,high,low,RISK,3
4,4,2,2,Bonus,3643,No,Rents,59,56,100,15,12,OUTPATIENT SERVICES (SURGERY),OUT-OF-NETWORK,PERCENT PLAN PAYS,70,70,50,80,70,3,50,high,low,RISK,3
4,2,4,2,Salaried,1855,No,Rents,63,74,85,15,12,OUTPATIENT SERVICES (SURGERY),OUT-OF-NETWORK,PERCENT PLAN PAYS,70,70,50,80,70,3,50,high,low,RISK,3
3,4,2,3,Bonus,4199,No,Owns,57,67,81,15,12,OUTPATIENT SERVICES (SURGERY),OUT-OF-NETWORK,PERCENT PLAN PAYS,50,70,80,70,70,3,50,high,low,RISK,3
3,4,3,2,Salaried,358,No,Rents,50,64,80,15,12,OUTPATIENT SERVICES (SURGERY),OUT-OF-NETWORK,PERCENT PLAN PAYS,50,80,70,70,70,3,50,high,low,RISK,3
4,3,4,3,Salaried,2175,No,Owns,59,75,83,15,12,OUTPATIENT SERVICES (SURGERY),OUT-OF-NETWORK,PERCENT PLAN PAYS,70,70,50,80,70,3,50,high,low,RISK,3
4,4,2,2,Bonus,2804,No,Owns,48,51,79,15,12,OUTPATIENT SERVICES (SURGERY),OUT-OF-NETWORK,PERCENT PLAN PAYS,70,70,80,50,70,3,50,high,low,RISK,3
4,4,4,4,Bonus,2793,Yes,Owns,63,73,76,15,12,OUTPATIENT SERVICES (SURGERY),OUT-OF-NETWORK,PERCENT PLAN PAYS,50,70,80,70,70,3,50,high,low,RISK,3
4,3,4,2,Salaried,1366,No,Owns,56,61,80,15,12,OUTPATIENT SERVICES (SURGERY),OUT-OF-NETWORK,PERCENT PLAN PAYS,80,50,70,70,70,3,50,high,low,RISK,3
2,4,4,4,Salaried,3990,No,Rents,53,53,77,15,12,OUTPATIENT SERVICES (SURGERY),OUT-OF-NETWORK,PERCENT PLAN PAYS,50,80,70,70,70,3,50,high,low,RISK,3
2,4,3,3,Salaried,1625,No,Owns,60,65,80,15,12,OUTPATIENT SERVICES (SURGERY),OUT-OF-NETWORK,PERCENT PLAN PAYS,50,80,70,70,70,3,50,high,low,RISK,3
4,4,3,3,Hourly,1178,No,Owns,35,54,88,15,12,OUTPATIENT SERVICES (SURGERY),OUT-OF-NETWORK,PERCENT PLAN PAYS,80,70,70,50,70,3,50,high,low,RISK,3
3,3,2,2,Hourly,2665,No,Rents,41,58,79,15,12,OUTPATIENT SERVICES (SURGERY),OUT-OF-NETWORK,PERCENT PLAN PAYS,50,80,70,70,70,3,50,high,low,RISK,3
4,4,4,2,Hourly,4144,No,Owns,44,56,75,15,12,OUTPATIENT SERVICES (SURGERY),OUT-OF-NETWORK,PERCENT PLAN PAYS,80,70,50,70,70,3,50,high,low,RISK,3
3,3,4,3,Hourly,2547,Yes,Owns,55,64,87,15,12,OUTPATIENT SERVICES (SURGERY),OUT-OF-NETWORK,PERCENT PLAN PAYS,70,50,70,80,70,3,50,high,low,RISK,3
4,3,4,2,Hourly,152,Yes,Owns,58,65,88,15,12,OUTPATIENT SERVICES (SURGERY),OUT-OF-NETWORK,PERCENT PLAN PAYS,80,70,50,70,70,3,50,high,low,RISK,3
3,2,2,3,Bonus,2909,Yes,Rents,45,60,80,15,12,OUTPATIENT SERVICES (SURGERY),OUT-OF-NETWORK,PERCENT PLAN PAYS,70,50,70,80,70,3,50,high,low,RISK,3
4,4,3,3,Bonus,2404,Yes,Owns,49,60,83,15,12,OUTPATIENT SERVICES (SURGERY),OUT-OF-NETWORK,PERCENT PLAN PAYS,70,70,80,50,70,3,50,high,low,RISK,3
4,2,4,4,Bonus,144,Yes,Owns,46,72,79,15,12,OUTPATIENT SERVICES (SURGERY),OUT-OF-NETWORK,PERCENT PLAN PAYS,80,70,50,70,70,3,50,high,low,RISK,3
4,2,4,2,Hourly,2250,No,Owns,48,68,84,15,12,OUTPATIENT SERVICES (SURGERY),OUT-OF-NETWORK,PERCENT PLAN PAYS,70,70,80,50,70,3,50,high,low,RISK,3
4,3,3,3,Hourly,4826,No,Owns,47,63,98,15,12,OUTPATIENT SERVICES (SURGERY),OUT-OF-NETWORK,PERCENT PLAN PAYS,70,80,50,70,70,3,50,high,low,RISK,3
4,4,2,3,Salaried,792,No,Owns,50,55,84,15,12,OUTPATIENT SERVICES (SURGERY),OUT-OF-NETWORK,PERCENT PLAN PAYS,70,70,50,80,70,3,50,high,low,RISK,3
2,4,2,3,Hourly,3429,No,Rents,58,70,81,15,12,OUTPATIENT SERVICES (SURGERY),OUT-OF-NETWORK,PERCENT PLAN PAYS,80,70,50,70,70,3,50,high,low,RISK,3
3,4,3,4,Hourly,1596,Yes,Owns,50,55,76,15,12,OUTPATIENT SERVICES (SURGERY),OUT-OF-NETWORK,PERCENT PLAN PAYS,70,80,50,70,70,3,50,high,low,RISK,3
4,4,4,3,Salaried,83,Yes,Owns,40,75,77,15,12,OUTPATIENT SERVICES (SURGERY),OUT-OF-NETWORK,PERCENT PLAN PAYS,70,70,50,80,70,3,50,high,low,RISK,3
4,4,3,4,Salaried,3601,No,Owns,38,60,78,15,12,OUTPATIENT SERVICES (SURGERY),OUT-OF-NETWORK,PERCENT PLAN PAYS,50,70,70,80,70,3,50,high,low,RISK,3
3,4,2,4,Bonus,861,No,Owns,58,56,100,15,12,OUTPATIENT SERVICES (SURGERY),OUT-OF-NETWORK,PERCENT PLAN PAYS,70,80,70,50,70,3,50,high,low,RISK,3
2,4,4,4,Salaried,2240,Yes,Rents,59,74,85,15,12,OUTPATIENT SERVICES (SURGERY),OUT-OF-NETWORK,PERCENT PLAN PAYS,70,70,80,50,70,3,50,high,low,RISK,3
3,3,2,2,Hourly,2384,No,Rents,37,67,81,15,12,OUTPATIENT SERVICES (SURGERY),OUT-OF-NETWORK,PERCENT PLAN PAYS,70,80,70,50,70,3,50,high,low,RISK,3
2,2,3,3,Bonus,2363,Yes,Rents,52,64,80,15,12,OUTPATIENT SERVICES (SURGERY),OUT-OF-NETWORK,PERCENT PLAN PAYS,70,70,50,80,70,3,50,high,low,RISK,3
3,3,4,2,Salaried,4539,No,Owns,45,75,83,15,12,OUTPATIENT SERVICES (SURGERY),OUT-OF-NETWORK,PERCENT PLAN PAYS,70,50,80,70,70,3,50,high,low,RISK,3
3,3,2,2,Bonus,489,No,Rents,45,51,79,15,12,OUTPATIENT SERVICES (SURGERY),OUT-OF-NETWORK,PERCENT PLAN PAYS,70,70,50,80,70,3,50,high,low,RISK,3
3,3,3,2,Salaried,153,Yes,Owns,36,61,80,15,12,OUTPATIENT SERVICES (SURGERY),OUT-OF-NETWORK,PERCENT PLAN PAYS,70,70,50,80,70,3,50,high,low,RISK,3
3,4,4,4,Salaried,3954,No,Owns,38,53,77,15,12,OUTPATIENT SERVICES (SURGERY),OUT-OF-NETWORK,PERCENT PLAN PAYS,70,80,70,50,70,3,50,high,low,RISK,3
3,3,2,3,Salaried,4742,No,Rents,35,65,80,15,12,OUTPATIENT SERVICES (SURGERY),OUT-OF-NETWORK,PERCENT PLAN PAYS,70,80,70,50,70,3,50,high,low,RISK,3
2,2,2,3,Hourly,3289,No,Rents,59,54,88,15,12,OUTPATIENT SERVICES (SURGERY),OUT-OF-NETWORK,PERCENT PLAN PAYS,50,70,80,70,70,3,50,high,low,RISK,3
2,2,3,3,Bonus,3409,Yes,Rents,54,58,79,15,12,OUTPATIENT SERVICES (SURGERY),OUT-OF-NETWORK,PERCENT PLAN PAYS,50,70,80,70,70,3,50,high,low,RISK,3
3,3,4,3,Bonus,3179,No,Rents,42,56,75,15,12,OUTPATIENT SERVICES (SURGERY),OUT-OF-NETWORK,PERCENT PLAN PAYS,80,50,70,70,70,3,50,high,low,RISK,3
3,3,2,4,Bonus,4271,No,Rents,43,64,87,15,12,OUTPATIENT SERVICES (SURGERY),OUT-OF-NETWORK,PERCENT PLAN PAYS,80,70,50,70,70,3,50,high,low,RISK,3
3,3,3,2,Hourly,4605,Yes,Rents,46,65,88,15,12,OUTPATIENT SERVICES (SURGERY),OUT-OF-NETWORK,PERCENT PLAN PAYS,80,70,70,50,70,3,50,high,low,RISK,3
2,4,4,4,Salaried,3042,Yes,Rents,37,60,80,15,12,OUTPATIENT SERVICES (SURGERY),OUT-OF-NETWORK,PERCENT PLAN PAYS,70,50,80,70,70,3,50,high,low,RISK,3
2,4,4,3,Hourly,170,No,Rents,61,60,83,15,12,OUTPATIENT SERVICES (SURGERY),OUT-OF-NETWORK,PERCENT PLAN PAYS,50,70,70,80,70,3,50,high,low,RISK,3
2,3,3,4,Salaried,2062,No,Rents,40,72,79,15,12,OUTPATIENT SERVICES (SURGERY),OUT-OF-NETWORK,PERCENT PLAN PAYS,80,50,70,70,70,3,50,high,low,RISK,3
4,4,4,4,Bonus,1962,No,Rents,35,68,84,15,12,OUTPATIENT SERVICES (SURGERY),OUT-OF-NETWORK,PERCENT PLAN PAYS,80,70,70,50,70,3,50,high,low,RISK,3
2,2,3,2,Bonus,1006,No,Owns,50,63,98,15,12,OUTPATIENT SERVICES (SURGERY),OUT-OF-NETWORK,PERCENT PLAN PAYS,80,50,70,70,70,3,50,high,low,RISK,3
2,4,3,4,Salaried,4555,No,Rents,42,55,84,15,12,OUTPATIENT SERVICES (SURGERY),OUT-OF-NETWORK,PERCENT PLAN PAYS,80,70,50,70,70,3,50,high,low,RISK,3
4,3,4,3,Bonus,458,No,Rents,46,70,81,15,12,OUTPATIENT SERVICES (SURGERY),OUT-OF-NETWORK,PERCENT PLAN PAYS,70,50,70,80,70,3,50,high,low,RISK,3
4,3,4,3,Hourly,1593,No,Owns,36,55,76,15,12,OUTPATIENT SERVICES (SURGERY),OUT-OF-NETWORK,PERCENT PLAN PAYS,70,80,70,50,70,3,50,high,low,RISK,3
3,4,2,3,Hourly,4519,Yes,Owns,48,75,77,15,12,OUTPATIENT SERVICES (SURGERY),OUT-OF-NETWORK,PERCENT PLAN PAYS,80,70,50,70,70,3,50,high,low,RISK,3
2,4,3,3,Bonus,2639,No,Rents,36,60,78,15,12,OUTPATIENT SERVICES (SURGERY),OUT-OF-NETWORK,PERCENT PLAN PAYS,70,70,50,80,70,3,50,high,low,RISK,3
2,3,4,3,Hourly,2563,Yes,Rents,59,56,100,15,12,OUTPATIENT SERVICES (SURGERY),OUT-OF-NETWORK,PERCENT PLAN PAYS,70,80,70,50,70,3,50,high,low,RISK,3
3,4,4,4,Bonus,2810,Yes,Owns,58,74,85,15,12,OUTPATIENT SERVICES (SURGERY),OUT-OF-NETWORK,PERCENT PLAN PAYS,50,80,70,70,70,3,50,high,low,RISK,3
3,4,3,4,Hourly,2954,Yes,Owns,64,67,81,15,12,OUTPATIENT SERVICES (SURGERY),OUT-OF-NETWORK,PERCENT PLAN PAYS,70,70,50,80,70,3,50,high,low,RISK,3
3,2,4,3,Hourly,2299,Yes,Owns,54,64,80,15,12,OUTPATIENT SERVICES (SURGERY),OUT-OF-NETWORK,PERCENT PLAN PAYS,70,50,70,80,70,3,50,high,low,RISK,3
2,3,4,4,Hourly,1155,No,Rents,37,75,83,15,12,OUTPATIENT SERVICES (SURGERY),OUT-OF-NETWORK,PERCENT PLAN PAYS,70,50,80,70,70,3,50,high,low,RISK,3
4,2,4,3,Bonus,1856,Yes,Rents,55,51,79,15,12,OUTPATIENT SERVICES (SURGERY),OUT-OF-NETWORK,PERCENT PLAN PAYS,80,70,50,70,70,3,50,high,low,RISK,3
4,4,3,3,Salaried,3352,Yes,Rents,38,73,76,15,12,OUTPATIENT SERVICES (SURGERY),OUT-OF-NETWORK,PERCENT PLAN PAYS,70,50,80,70,70,3,50,high,low,RISK,3
4,3,2,3,Hourly,3735,Yes,Owns,58,61,80,15,12,OUTPATIENT SERVICES (SURGERY),OUT-OF-NETWORK,PERCENT PLAN PAYS,80,70,50,70,70,3,50,high,low,RISK,3
4,3,3,4,Salaried,1125,Yes,Rents,38,53,77,15,12,OUTPATIENT SERVICES (SURGERY),OUT-OF-NETWORK,PERCENT PLAN PAYS,70,80,70,50,70,3,50,high,low,RISK,3
4,2,4,2,Bonus,4695,No,Owns,35,65,80,15,12,OUTPATIENT SERVICES (SURGERY),OUT-OF-NETWORK,PERCENT PLAN PAYS,80,50,70,70,70,3,50,high,low,RISK,3
3,3,3,4,Salaried,1210,No,Rents,62,54,88,15,12,OUTPATIENT SERVICES (SURGERY),OUT-OF-NETWORK,PERCENT PLAN PAYS,70,70,80,50,70,3,50,high,low,RISK,3
4,4,4,2,Bonus,3149,No,Owns,37,58,79,15,12,OUTPATIENT SERVICES (SURGERY),OUT-OF-NETWORK,PERCENT PLAN PAYS,50,70,70,80,70,3,50,high,low,RISK,3
4,3,4,4,Bonus,3757,No,Rents,38,56,75,15,12,OUTPATIENT SERVICES (SURGERY),OUT-OF-NETWORK,PERCENT PLAN PAYS,70,80,70,50,70,3,50,high,low,RISK,3
4,3,4,4,Salaried,4038,Yes,Rents,51,64,87,15,12,OUTPATIENT SERVICES (SURGERY),OUT-OF-NETWORK,PERCENT PLAN PAYS,70,50,70,80,70,3,50,high,low,RISK,3
2,3,3,4,Bonus,381,No,Owns,41,65,88,15,12,OUTPATIENT SERVICES (SURGERY),OUT-OF-NETWORK,PERCENT PLAN PAYS,70,80,70,50,70,3,50,high,low,RISK,3
3,3,3,3,Hourly,2879,Yes,Rents,61,60,80,15,12,OUTPATIENT SERVICES (SURGERY),OUT-OF-NETWORK,PERCENT PLAN PAYS,50,70,80,70,70,3,50,high,low,RISK,3
4,4,3,2,Hourly,2246,No,Owns,62,60,83,15,12,OUTPATIENT SERVICES (SURGERY),OUT-OF-NETWORK,PERCENT PLAN PAYS,50,70,70,80,70,3,50,high,low,RISK,3
2,4,3,2,Hourly,3337,No,Rents,39,72,79,15,12,OUTPATIENT SERVICES (SURGERY),OUT-OF-NETWORK,PERCENT PLAN PAYS,50,70,80,70,70,3,50,high,low,RISK,3
4,3,3,4,Hourly,874,No,Owns,63,68,84,15,12,OUTPATIENT SERVICES (SURGERY),OUT-OF-NETWORK,PERCENT PLAN PAYS,50,70,80,70,70,3,50,high,low,RISK,3
3,4,2,3,Hourly,4470,Yes,Owns,36,63,98,15,12,OUTPATIENT SERVICES (SURGERY),OUT-OF-NETWORK,PERCENT PLAN PAYS,70,70,50,80,70,3,50,high,low,RISK,3
4,3,4,3,Hourly,3252,Yes,Owns,46,55,84,15,12,OUTPATIENT SERVICES (SURGERY),OUT-OF-NETWORK,PERCENT PLAN PAYS,50,70,70,80,70,3,50,high,low,RISK,3
3,4,2,3,Hourly,176,Yes,Rents,45,70,81,15,12,OUTPATIENT SERVICES (SURGERY),OUT-OF-NETWORK,PERCENT PLAN PAYS,80,70,70,50,70,3,50,high,low,RISK,3
4,3,4,2,Hourly,3681,Yes,Owns,38,55,76,15,12,OUTPATIENT SERVICES (SURGERY),OUT-OF-NETWORK,PERCENT PLAN PAYS,80,50,70,70,70,3,50,high,low,RISK,3
3,4,4,4,Hourly,1019,Yes,Owns,59,75,77,15,12,OUTPATIENT SERVICES (SURGERY),OUT-OF-NETWORK,PERCENT PLAN PAYS,80,70,70,50,70,3,50,high,low,RISK,3
3,4,4,3,Bonus,4493,Yes,Owns,64,60,78,15,12,OUTPATIENT SERVICES (SURGERY),OUT-OF-NETWORK,PERCENT PLAN PAYS,70,70,50,80,70,3,50,high,low,RISK,3
3,4,4,2,Salaried,1012,Yes,Owns,58,56,100,15,12,OUTPATIENT SERVICES (SURGERY),OUT-OF-NETWORK,PERCENT PLAN PAYS,70,50,70,80,70,3,50,high,low,RISK,3
2,2,4,3,Bonus,1248,Yes,Rents,39,74,85,15,12,OUTPATIENT SERVICES (SURGERY),OUT-OF-NETWORK,PERCENT PLAN PAYS,80,70,50,70,70,3,50,high,low,RISK,3
2,3,3,3,Salaried,1214,No,Owns,37,67,81,15,12,OUTPATIENT SERVICES (SURGERY),OUT-OF-NETWORK,PERCENT PLAN PAYS,70,70,80,50,70,3,50,high,low,RISK,3
4,3,3,2,Salaried,2852,Yes,Rents,38,64,80,15,12,OUTPATIENT SERVICES (SURGERY),OUT-OF-NETWORK,PERCENT PLAN PAYS,70,70,50,80,70,3,50,high,low,RISK,3
3,3,2,2,Bonus,1440,Yes,Owns,46,75,83,15,12,OUTPATIENT SERVICES (SURGERY),OUT-OF-NETWORK,PERCENT PLAN PAYS,50,80,70,70,70,3,50,high,low,RISK,3
4,2,4,3,Bonus,2951,No,Owns,48,51,79,15,12,OUTPATIENT SERVICES (SURGERY),OUT-OF-NETWORK,PERCENT PLAN PAYS,70,80,50,70,70,3,50,high,low,RISK,3
1,0,0,1,Salaried,4377,No,Rents,4,9,1,15,13,OUTPATIENT SERVICES (SURGERY),OUT-OF-NETWORK,PERCENT PLAN PAYS,80,70,50,70,70,3,5,high,high,RISK,4
0,0,1,0,Salaried,1919,No,Owns,4,4,5,15,13,OUTPATIENT SERVICES (SURGERY),OUT-OF-NETWORK,PERCENT PLAN PAYS,50,70,70,80,70,3,5,high,high,RISK,4
0,0,0,0,Salaried,4671,Yes,Rents,7,1,2,15,13,OUTPATIENT SERVICES (SURGERY),OUT-OF-NETWORK,PERCENT PLAN PAYS,80,50,70,70,70,3,5,high,high,RISK,4
1,1,0,0,Bonus,1139,No,Owns,6,6,5,15,13,OUTPATIENT SERVICES (SURGERY),OUT-OF-NETWORK,PERCENT PLAN PAYS,50,80,70,70,70,3,5,high,high,RISK,4
0,1,1,0,Bonus,3085,No,Rents,3,1,13,15,13,OUTPATIENT SERVICES (SURGERY),OUT-OF-NETWORK,PERCENT PLAN PAYS,70,80,50,70,70,3,5,high,high,RISK,4
0,1,1,0,Salaried,912,Yes,Rents,9,3,4,15,13,OUTPATIENT SERVICES (SURGERY),OUT-OF-NETWORK,PERCENT PLAN PAYS,80,70,70,50,70,3,5,high,high,RISK,4
1,0,1,0,Hourly,3561,Yes,Owns,5,2,0,15,13,OUTPATIENT SERVICES (SURGERY),OUT-OF-NETWORK,PERCENT PLAN PAYS,70,80,50,70,70,3,5,high,high,RISK,4
1,1,0,0,Hourly,4350,No,Rents,2,5,12,15,13,OUTPATIENT SERVICES (SURGERY),OUT-OF-NETWORK,PERCENT PLAN PAYS,70,70,80,50,70,3,5,high,high,RISK,4
1,1,0,1,Salaried,3664,No,Owns,1,6,13,15,13,OUTPATIENT SERVICES (SURGERY),OUT-OF-NETWORK,PERCENT PLAN PAYS,50,70,70,80,70,3,5,high,high,RISK,4
0,0,0,0,Bonus,1972,Yes,Owns,9,4,5,15,13,OUTPATIENT SERVICES (SURGERY),OUT-OF-NETWORK,PERCENT PLAN PAYS,70,50,80,70,70,3,5,high,high,RISK,4
0,0,1,1,Salaried,1235,Yes,Rents,7,4,8,15,13,OUTPATIENT SERVICES (SURGERY),OUT-OF-NETWORK,PERCENT PLAN PAYS,70,70,80,50,70,3,5,high,high,RISK,4
0,1,0,0,Bonus,2294,Yes,Owns,4,9,4,15,13,OUTPATIENT SERVICES (SURGERY),OUT-OF-NETWORK,PERCENT PLAN PAYS,70,50,80,70,70,3,5,high,high,RISK,4
0,0,1,0,Salaried,4592,Yes,Rents,9,7,9,15,13,OUTPATIENT SERVICES (SURGERY),OUT-OF-NETWORK,PERCENT PLAN PAYS,70,80,70,50,70,3,5,high,high,RISK,4
0,0,0,1,Hourly,2183,Yes,Owns,1,5,23,15,13,OUTPATIENT SERVICES (SURGERY),OUT-OF-NETWORK,PERCENT PLAN PAYS,70,80,50,70,70,3,5,high,high,RISK,4
0,0,1,0,Salaried,1622,Yes,Rents,2,1,9,15,13,OUTPATIENT SERVICES (SURGERY),OUT-OF-NETWORK,PERCENT PLAN PAYS,50,70,80,70,70,3,5,high,high,RISK,4
0,1,0,1,Salaried,4259,Yes,Rents,1,8,6,15,13,OUTPATIENT SERVICES (SURGERY),OUT-OF-NETWORK,PERCENT PLAN PAYS,50,70,70,80,70,3,5,high,high,RISK,4
1,0,0,1,Salaried,4138,No,Owns,9,2,1,15,13,OUTPATIENT SERVICES (SURGERY),OUT-OF-NETWORK,PERCENT PLAN PAYS,50,70,70,80,70,3,5,high,high,RISK,4
1,0,0,1,Bonus,2742,No,Owns,10,10,2,15,13,OUTPATIENT SERVICES (SURGERY),OUT-OF-NETWORK,PERCENT PLAN PAYS,70,50,70,80,70,3,5,high,high,RISK,4
0,0,0,1,Bonus,4027,Yes,Rents,3,4,3,15,13,OUTPATIENT SERVICES (SURGERY),OUT-OF-NETWORK,PERCENT PLAN PAYS,70,70,80,50,70,3,5,high,high,RISK,4
1,0,0,0,Bonus,3643,No,Rents,8,2,25,15,13,OUTPATIENT SERVICES (SURGERY),OUT-OF-NETWORK,PERCENT PLAN PAYS,70,80,70,50,70,3,5,high,high,RISK,4
1,0,1,0,Salaried,1855,No,Rents,9,10,10,15,13,OUTPATIENT SERVICES (SURGERY),OUT-OF-NETWORK,PERCENT PLAN PAYS,50,70,80,70,70,3,5,high,high,RISK,4
0,1,0,0,Salaried,358,No,Rents,5,5,5,15,13,OUTPATIENT SERVICES (SURGERY),OUT-OF-NETWORK,PERCENT PLAN PAYS,70,50,80,70,70,3,5,high,high,RISK,4
0,0,1,0,Salaried,2175,No,Owns,8,10,8,15,13,OUTPATIENT SERVICES (SURGERY),OUT-OF-NETWORK,PERCENT PLAN PAYS,80,70,50,70,70,3,5,high,high,RISK,4
0,1,0,0,Bonus,2804,No,Owns,4,0,4,15,13,OUTPATIENT SERVICES (SURGERY),OUT-OF-NETWORK,PERCENT PLAN PAYS,50,80,70,70,70,3,5,high,high,RISK,4
1,1,1,0,Bonus,2793,Yes,Owns,9,9,1,15,13,OUTPATIENT SERVICES (SURGERY),OUT-OF-NETWORK,PERCENT PLAN PAYS,70,70,50,80,70,3,5,high,high,RISK,4
1,0,1,0,Salaried,1366,No,Owns,7,4,5,15,13,OUTPATIENT SERVICES (SURGERY),OUT-OF-NETWORK,PERCENT PLAN PAYS,50,70,70,80,70,3,5,high,high,RISK,4
0,1,1,1,Salaried,3990,No,Rents,6,1,2,15,13,OUTPATIENT SERVICES (SURGERY),OUT-OF-NETWORK,PERCENT PLAN PAYS,50,70,70,80,70,3,5,high,high,RISK,4
0,0,0,0,Salaried,1625,No,Owns,8,6,5,15,13,OUTPATIENT SERVICES (SURGERY),OUT-OF-NETWORK,PERCENT PLAN PAYS,70,50,70,80,70,3,5,high,high,RISK,4
1,1,0,0,Hourly,1178,No,Owns,0,1,13,15,13,OUTPATIENT SERVICES (SURGERY),OUT-OF-NETWORK,PERCENT PLAN PAYS,70,80,50,70,70,3,5,high,high,RISK,4
0,0,0,0,Hourly,2665,No,Rents,2,3,4,15,13,OUTPATIENT SERVICES (SURGERY),OUT-OF-NETWORK,PERCENT PLAN PAYS,70,80,50,70,70,3,5,high,high,RISK,4
1,1,1,0,Hourly,4144,No,Owns,3,2,0,15,13,OUTPATIENT SERVICES (SURGERY),OUT-OF-NETWORK,PERCENT PLAN PAYS,80,70,70,50,70,3,5,high,high,RISK,4
0,0,1,0,Hourly,2547,Yes,Owns,7,5,12,15,13,OUTPATIENT SERVICES (SURGERY),OUT-OF-NETWORK,PERCENT PLAN PAYS,70,80,50,70,70,3,5,high,high,RISK,4
1,0,1,0,Hourly,152,Yes,Owns,8,6,13,15,13,OUTPATIENT SERVICES (SURGERY),OUT-OF-NETWORK,PERCENT PLAN PAYS,50,70,80,70,70,3,5,high,high,RISK,4
0,0,0,0,Bonus,2909,Yes,Rents,3,4,5,15,13,OUTPATIENT SERVICES (SURGERY),OUT-OF-NETWORK,PERCENT PLAN PAYS,70,80,50,70,70,3,5,high,high,RISK,4
1,1,0,0,Bonus,2404,Yes,Owns,5,4,8,15,13,OUTPATIENT SERVICES (SURGERY),OUT-OF-NETWORK,PERCENT PLAN PAYS,70,50,80,70,70,3,5,high,high,RISK,4
1,0,1,1,Bonus,144,Yes,Owns,4,9,4,15,13,OUTPATIENT SERVICES (SURGERY),OUT-OF-NETWORK,PERCENT PLAN PAYS,70,70,50,80,70,3,5,high,high,RISK,4
1,0,1,0,Hourly,2250,No,Owns,4,7,9,15,13,OUTPATIENT SERVICES (SURGERY),OUT-OF-NETWORK,PERCENT PLAN PAYS,70,50,80,70,70,3,5,high,high,RISK,4
1,0,0,0,Hourly,4826,No,Owns,4,5,23,15,13,OUTPATIENT SERVICES (SURGERY),OUT-OF-NETWORK,PERCENT PLAN PAYS,70,70,80,50,70,3,5,high,high,RISK,4
1,1,0,0,Salaried,792,No,Owns,5,1,9,15,13,OUTPATIENT SERVICES (SURGERY),OUT-OF-NETWORK,PERCENT PLAN PAYS,70,80,50,70,70,3,5,high,high,RISK,4
0,1,0,0,Hourly,3429,No,Rents,8,8,6,15,13,OUTPATIENT SERVICES (SURGERY),OUT-OF-NETWORK,PERCENT PLAN PAYS,50,80,70,70,70,3,5,high,high,RISK,4
0,1,0,0,Hourly,1596,Yes,Owns,5,2,1,15,13,OUTPATIENT SERVICES (SURGERY),OUT-OF-NETWORK,PERCENT PLAN PAYS,50,80,70,70,70,3,5,high,high,RISK,4
1,1,1,0,Salaried,83,Yes,Owns,2,10,2,15,13,OUTPATIENT SERVICES (SURGERY),OUT-OF-NETWORK,PERCENT PLAN PAYS,50,70,70,80,70,3,5,high,high,RISK,4
1,1,0,1,Salaried,3601,No,Owns,1,4,3,15,13,OUTPATIENT SERVICES (SURGERY),OUT-OF-NETWORK,PERCENT PLAN PAYS,70,70,80,50,70,3,5,high,high,RISK,4
0,0,0,1,Bonus,861,No,Owns,8,2,25,15,13,OUTPATIENT SERVICES (SURGERY),OUT-OF-NETWORK,PERCENT PLAN PAYS,70,80,50,70,70,3,5,high,high,RISK,4
0,1,1,1,Salaried,2240,Yes,Rents,8,10,10,15,13,OUTPATIENT SERVICES (SURGERY),OUT-OF-NETWORK,PERCENT PLAN PAYS,70,50,70,80,70,3,5,high,high,RISK,4
0,0,0,0,Hourly,2384,No,Rents,1,7,6,15,13,OUTPATIENT SERVICES (SURGERY),OUT-OF-NETWORK,PERCENT PLAN PAYS,50,70,80,70,70,3,5,high,high,RISK,4
0,0,0,0,Bonus,2363,Yes,Rents,6,5,5,15,13,OUTPATIENT SERVICES (SURGERY),OUT-OF-NETWORK,PERCENT PLAN PAYS,50,70,70,80,70,3,5,high,high,RISK,4
0,0,1,0,Salaried,4539,No,Owns,3,10,8,15,13,OUTPATIENT SERVICES (SURGERY),OUT-OF-NETWORK,PERCENT PLAN PAYS,50,70,70,80,70,3,5,high,high,RISK,4
0,0,0,0,Bonus,489,No,Rents,3,0,4,15,13,OUTPATIENT SERVICES (SURGERY),OUT-OF-NETWORK,PERCENT PLAN PAYS,80,70,50,70,70,3,5,high,high,RISK,4
0,1,0,1,Bonus,4623,Yes,Owns,2,9,1,15,13,OUTPATIENT SERVICES (SURGERY),OUT-OF-NETWORK,PERCENT PLAN PAYS,80,70,70,50,70,3,5,high,high,RISK,4
0,0,0,0,Salaried,153,Yes,Owns,0,4,5,15,13,OUTPATIENT SERVICES (SURGERY),OUT-OF-NETWORK,PERCENT PLAN PAYS,70,50,70,80,70,3,5,high,high,RISK,4
0,1,1,0,Salaried,3954,No,Owns,1,1,2,15,13,OUTPATIENT SERVICES (SURGERY),OUT-OF-NETWORK,PERCENT PLAN PAYS,70,70,50,80,70,3,5,high,high,RISK,4
0,0,0,0,Salaried,4742,No,Rents,0,6,5,15,13,OUTPATIENT SERVICES (SURGERY),OUT-OF-NETWORK,PERCENT PLAN PAYS,70,80,70,50,70,3,5,high,high,RISK,4
0,0,0,0,Hourly,3289,No,Rents,8,1,13,15,13,OUTPATIENT SERVICES (SURGERY),OUT-OF-NETWORK,PERCENT PLAN PAYS,70,50,80,70,70,3,5,high,high,RISK,4
0,0,0,0,Bonus,3409,Yes,Rents,6,3,4,15,13,OUTPATIENT SERVICES (SURGERY),OUT-OF-NETWORK,PERCENT PLAN PAYS,80,50,70,70,70,3,5,high,high,RISK,4
0,0,1,0,Bonus,3179,No,Rents,2,2,0,15,13,OUTPATIENT SERVICES (SURGERY),OUT-OF-NETWORK,PERCENT PLAN PAYS,50,70,80,70,70,3,5,high,high,RISK,4
0,0,0,0,Bonus,4271,No,Rents,3,5,12,15,13,OUTPATIENT SERVICES (SURGERY),OUT-OF-NETWORK,PERCENT PLAN PAYS,80,70,50,70,70,3,5,high,high,RISK,4
0,0,0,0,Hourly,4605,Yes,Rents,4,6,13,15,13,OUTPATIENT SERVICES (SURGERY),OUT-OF-NETWORK,PERCENT PLAN PAYS,70,70,80,50,70,3,5,high,high,RISK,4
0,1,1,1,Salaried,3042,Yes,Rents,1,4,5,15,13,OUTPATIENT SERVICES (SURGERY),OUT-OF-NETWORK,PERCENT PLAN PAYS,70,80,50,70,70,3,5,high,high,RISK,4
0,1,1,0,Hourly,170,No,Rents,9,4,8,15,13,OUTPATIENT SERVICES (SURGERY),OUT-OF-NETWORK,PERCENT PLAN PAYS,50,70,70,80,70,3,5,high,high,RISK,4
0,0,0,1,Salaried,2062,No,Rents,2,9,4,15,13,OUTPATIENT SERVICES (SURGERY),OUT-OF-NETWORK,PERCENT PLAN PAYS,70,70,80,50,70,3,5,high,high,RISK,4
1,0,1,1,Bonus,1962,No,Rents,0,7,9,15,13,OUTPATIENT SERVICES (SURGERY),OUT-OF-NETWORK,PERCENT PLAN PAYS,50,70,80,70,70,3,5,high,high,RISK,4
0,0,0,0,Bonus,1006,No,Owns,5,5,23,15,13,OUTPATIENT SERVICES (SURGERY),OUT-OF-NETWORK,PERCENT PLAN PAYS,70,80,50,70,70,3,5,high,high,RISK,4
0,1,0,1,Salaried,4555,No,Rents,2,1,9,15,13,OUTPATIENT SERVICES (SURGERY),OUT-OF-NETWORK,PERCENT PLAN PAYS,70,70,50,80,70,3,5,high,high,RISK,4
1,0,1,0,Bonus,458,No,Rents,4,8,6,15,13,OUTPATIENT SERVICES (SURGERY),OUT-OF-NETWORK,PERCENT PLAN PAYS,80,70,70,50,70,3,5,high,high,RISK,4
1,0,1,0,Hourly,1593,No,Owns,0,2,1,15,13,OUTPATIENT SERVICES (SURGERY),OUT-OF-NETWORK,PERCENT PLAN PAYS,70,80,50,70,70,3,5,high,high,RISK,4
0,1,0,0,Hourly,4519,Yes,Owns,4,10,2,15,13,OUTPATIENT SERVICES (SURGERY),OUT-OF-NETWORK,PERCENT PLAN PAYS,50,80,70,70,70,3,5,high,high,RISK,4
0,1,0,0,Bonus,2639,No,Rents,0,4,3,15,13,OUTPATIENT SERVICES (SURGERY),OUT-OF-NETWORK,PERCENT PLAN PAYS,70,70,50,80,70,3,5,high,high,RISK,4
0,0,1,0,Hourly,2563,Yes,Rents,8,2,25,15,13,OUTPATIENT SERVICES (SURGERY),OUT-OF-NETWORK,PERCENT PLAN PAYS,80,50,70,70,70,3,5,high,high,RISK,4
0,0,1,1,Bonus,2810,Yes,Owns,8,10,10,15,13,OUTPATIENT SERVICES (SURGERY),OUT-OF-NETWORK,PERCENT PLAN PAYS,70,50,70,80,70,3,5,high,high,RISK,4
0,0,0,1,Hourly,2954,Yes,Owns,10,7,6,15,13,OUTPATIENT SERVICES (SURGERY),OUT-OF-NETWORK,PERCENT PLAN PAYS,80,70,50,70,70,3,5,high,high,RISK,4
0,0,1,0,Hourly,2299,Yes,Owns,6,5,5,15,13,OUTPATIENT SERVICES (SURGERY),OUT-OF-NETWORK,PERCENT PLAN PAYS,70,80,70,50,70,3,5,high,high,RISK,4
0,0,1,1,Hourly,1155,No,Rents,1,10,8,15,13,OUTPATIENT SERVICES (SURGERY),OUT-OF-NETWORK,PERCENT PLAN PAYS,50,80,70,70,70,3,5,high,high,RISK,4
1,0,1,0,Bonus,1856,Yes,Rents,7,0,4,15,13,OUTPATIENT SERVICES (SURGERY),OUT-OF-NETWORK,PERCENT PLAN PAYS,70,50,70,80,70,3,5,high,high,RISK,4
1,1,0,0,Salaried,3352,Yes,Rents,1,9,1,15,13,OUTPATIENT SERVICES (SURGERY),OUT-OF-NETWORK,PERCENT PLAN PAYS,70,70,50,80,70,3,5,high,high,RISK,4
1,0,0,0,Hourly,3735,Yes,Owns,8,4,5,15,13,OUTPATIENT SERVICES (SURGERY),OUT-OF-NETWORK,PERCENT PLAN PAYS,80,70,50,70,70,3,5,high,high,RISK,4
1,0,0,1,Salaried,1125,Yes,Rents,1,1,2,15,13,OUTPATIENT SERVICES (SURGERY),OUT-OF-NETWORK,PERCENT PLAN PAYS,70,80,50,70,70,3,5,high,high,RISK,4
1,0,1,0,Bonus,4695,No,Owns,0,6,5,15,13,OUTPATIENT SERVICES (SURGERY),OUT-OF-NETWORK,PERCENT PLAN PAYS,80,70,50,70,70,3,5,high,high,RISK,4
0,0,0,1,Salaried,1210,No,Rents,9,1,13,15,13,OUTPATIENT SERVICES (SURGERY),OUT-OF-NETWORK,PERCENT PLAN PAYS,80,50,70,70,70,3,5,high,high,RISK,4
1,1,1,0,Bonus,3149,No,Owns,1,3,4,15,13,OUTPATIENT SERVICES (SURGERY),OUT-OF-NETWORK,PERCENT PLAN PAYS,70,70,50,80,70,3,5,high,high,RISK,4
1,0,0,0,Bonus,3757,No,Rents,1,2,0,15,13,OUTPATIENT SERVICES (SURGERY),OUT-OF-NETWORK,PERCENT PLAN PAYS,70,70,50,80,70,3,5,high,high,RISK,4
1,0,1,1,Salaried,4038,Yes,Rents,5,5,12,15,13,OUTPATIENT SERVICES (SURGERY),OUT-OF-NETWORK,PERCENT PLAN PAYS,50,70,80,70,70,3,5,high,high,RISK,4
0,0,0,1,Bonus,381,No,Owns,2,6,13,15,13,OUTPATIENT SERVICES (SURGERY),OUT-OF-NETWORK,PERCENT PLAN PAYS,70,50,70,80,70,3,5,high,high,RISK,4
0,0,0,0,Hourly,2879,Yes,Rents,9,4,5,15,13,OUTPATIENT SERVICES (SURGERY),OUT-OF-NETWORK,PERCENT PLAN PAYS,70,50,70,80,70,3,5,high,high,RISK,4
0,1,0,0,Hourly,2246,No,Owns,9,4,8,15,13,OUTPATIENT SERVICES (SURGERY),OUT-OF-NETWORK,PERCENT PLAN PAYS,50,70,80,70,70,3,5,high,high,RISK,4
0,1,0,0,Hourly,3337,No,Rents,1,9,4,15,13,OUTPATIENT SERVICES (SURGERY),OUT-OF-NETWORK,PERCENT PLAN PAYS,50,70,70,80,70,3,5,high,high,RISK,4
1,0,0,0,Hourly,874,No,Owns,9,7,9,15,13,OUTPATIENT SERVICES (SURGERY),OUT-OF-NETWORK,PERCENT PLAN PAYS,80,70,50,70,70,3,5,high,high,RISK,4
0,1,0,0,Hourly,4470,Yes,Owns,0,5,23,15,13,OUTPATIENT SERVICES (SURGERY),OUT-OF-NETWORK,PERCENT PLAN PAYS,50,70,80,70,70,3,5,high,high,RISK,4
1,0,1,0,Hourly,3252,Yes,Owns,4,1,9,15,13,OUTPATIENT SERVICES (SURGERY),OUT-OF-NETWORK,PERCENT PLAN PAYS,50,80,70,70,70,3,5,high,high,RISK,4
0,1,0,0,Hourly,176,Yes,Rents,3,8,6,15,13,OUTPATIENT SERVICES (SURGERY),OUT-OF-NETWORK,PERCENT PLAN PAYS,70,70,80,50,70,3,5,high,high,RISK,4
0,0,1,0,Hourly,3681,Yes,Owns,1,2,1,15,13,OUTPATIENT SERVICES (SURGERY),OUT-OF-NETWORK,PERCENT PLAN PAYS,70,50,80,70,70,3,5,high,high,RISK,4
0,1,1,1,Hourly,1019,Yes,Owns,8,10,2,15,13,OUTPATIENT SERVICES (SURGERY),OUT-OF-NETWORK,PERCENT PLAN PAYS,80,70,50,70,70,3,5,high,high,RISK,4
0,1,1,0,Bonus,4493,Yes,Owns,10,4,3,15,13,OUTPATIENT SERVICES (SURGERY),OUT-OF-NETWORK,PERCENT PLAN PAYS,70,50,80,70,70,3,5,high,high,RISK,4
0,1,1,0,Salaried,1012,Yes,Owns,8,2,25,15,13,OUTPATIENT SERVICES (SURGERY),OUT-OF-NETWORK,PERCENT PLAN PAYS,70,70,50,80,70,3,5,high,high,RISK,4
0,0,0,0,Bonus,1248,Yes,Rents,1,10,10,15,13,OUTPATIENT SERVICES (SURGERY),OUT-OF-NETWORK,PERCENT PLAN PAYS,70,80,70,50,70,3,5,high,high,RISK,4
0,0,0,0,Salaried,1214,No,Owns,1,7,6,15,13,OUTPATIENT SERVICES (SURGERY),OUT-OF-NETWORK,PERCENT PLAN PAYS,70,70,50,80,70,3,5,high,high,RISK,4
1,0,0,0,Salaried,2852,Yes,Rents,1,5,5,15,13,OUTPATIENT SERVICES (SURGERY),OUT-OF-NETWORK,PERCENT PLAN PAYS,50,80,70,70,70,3,5,high,high,RISK,4
0,0,0,0,Bonus,1440,Yes,Owns,4,10,8,15,13,OUTPATIENT SERVICES (SURGERY),OUT-OF-NETWORK,PERCENT PLAN PAYS,50,70,70,80,70,3,5,high,high,RISK,4
1,0,1,0,Bonus,2951,No,Owns,4,0,4,15,13,OUTPATIENT SERVICES (SURGERY),OUT-OF-NETWORK,PERCENT PLAN PAYS,80,70,50,70,70,3,5,high,high,RISK,4
2,1,0,2,Salaried,4377,No,Rents,10,19,27,15,14,OUTPATIENT SERVICES (SURGERY),OUT-OF-NETWORK,PERCENT PLAN PAYS,80,70,70,50,70,3,10,high,high,RISK,4
0,1,1,0,Salaried,1919,No,Owns,10,15,31,15,14,OUTPATIENT SERVICES (SURGERY),OUT-OF-NETWORK,PERCENT PLAN PAYS,70,80,70,50,70,3,10,high,high,RISK,4
1,1,0,0,Salaried,4671,Yes,Rents,15,12,28,15,14,OUTPATIENT SERVICES (SURGERY),OUT-OF-NETWORK,PERCENT PLAN PAYS,70,70,80,50,70,3,10,high,high,RISK,4
2,1,0,0,Bonus,1139,No,Owns,13,16,31,15,14,OUTPATIENT SERVICES (SURGERY),OUT-OF-NETWORK,PERCENT PLAN PAYS,50,70,80,70,70,3,10,high,high,RISK,4
1,1,2,1,Bonus,3085,No,Rents,9,12,39,15,14,OUTPATIENT SERVICES (SURGERY),OUT-OF-NETWORK,PERCENT PLAN PAYS,70,80,50,70,70,3,10,high,high,RISK,4
0,1,2,0,Salaried,912,Yes,Rents,16,14,30,15,14,OUTPATIENT SERVICES (SURGERY),OUT-OF-NETWORK,PERCENT PLAN PAYS,70,70,50,80,70,3,10,high,high,RISK,4
1,0,2,1,Hourly,3561,Yes,Owns,12,13,26,15,14,OUTPATIENT SERVICES (SURGERY),OUT-OF-NETWORK,PERCENT PLAN PAYS,70,70,80,50,70,3,10,high,high,RISK,4
1,2,0,0,Hourly,4350,No,Rents,7,16,37,15,14,OUTPATIENT SERVICES (SURGERY),OUT-OF-NETWORK,PERCENT PLAN PAYS,50,70,80,70,70,3,10,high,high,RISK,4
2,2,1,2,Salaried,3664,No,Owns,7,16,39,15,14,OUTPATIENT SERVICES (SURGERY),OUT-OF-NETWORK,PERCENT PLAN PAYS,70,50,80,70,70,3,10,high,high,RISK,4
0,0,0,1,Bonus,1972,Yes,Owns,17,14,30,15,14,OUTPATIENT SERVICES (SURGERY),OUT-OF-NETWORK,PERCENT PLAN PAYS,70,70,80,50,70,3,10,high,high,RISK,4
1,0,2,2,Salaried,1235,Yes,Rents,14,14,34,15,14,OUTPATIENT SERVICES (SURGERY),OUT-OF-NETWORK,PERCENT PLAN PAYS,70,70,80,50,70,3,10,high,high,RISK,4
0,2,0,1,Bonus,2294,Yes,Owns,10,19,30,15,14,OUTPATIENT SERVICES (SURGERY),OUT-OF-NETWORK,PERCENT PLAN PAYS,50,70,70,80,70,3,10,high,high,RISK,4
0,1,2,0,Salaried,4592,Yes,Rents,16,17,35,15,14,OUTPATIENT SERVICES (SURGERY),OUT-OF-NETWORK,PERCENT PLAN PAYS,50,70,70,80,70,3,10,high,high,RISK,4
0,0,1,1,Hourly,2183,Yes,Owns,6,15,48,15,14,OUTPATIENT SERVICES (SURGERY),OUT-OF-NETWORK,PERCENT PLAN PAYS,80,50,70,70,70,3,10,high,high,RISK,4
1,1,2,1,Salaried,1622,Yes,Rents,8,12,35,15,14,OUTPATIENT SERVICES (SURGERY),OUT-OF-NETWORK,PERCENT PLAN PAYS,80,70,50,70,70,3,10,high,high,RISK,4
1,2,1,2,Salaried,4259,Yes,Rents,6,18,32,15,14,OUTPATIENT SERVICES (SURGERY),OUT-OF-NETWORK,PERCENT PLAN PAYS,80,70,50,70,70,3,10,high,high,RISK,4
2,1,1,2,Salaried,4138,No,Owns,17,13,27,15,14,OUTPATIENT SERVICES (SURGERY),OUT-OF-NETWORK,PERCENT PLAN PAYS,80,70,50,70,70,3,10,high,high,RISK,4
2,0,1,2,Bonus,2742,No,Owns,17,20,28,15,14,OUTPATIENT SERVICES (SURGERY),OUT-OF-NETWORK,PERCENT PLAN PAYS,70,70,80,50,70,3,10,high,high,RISK,4
1,1,0,2,Bonus,4027,Yes,Rents,8,14,29,15,14,OUTPATIENT SERVICES (SURGERY),OUT-OF-NETWORK,PERCENT PLAN PAYS,70,50,80,70,70,3,10,high,high,RISK,4
1,1,0,0,Bonus,3643,No,Rents,16,13,50,15,14,OUTPATIENT SERVICES (SURGERY),OUT-OF-NETWORK,PERCENT PLAN PAYS,70,70,50,80,70,3,10,high,high,RISK,4
1,0,2,0,Salaried,1855,No,Rents,17,20,35,15,14,OUTPATIENT SERVICES (SURGERY),OUT-OF-NETWORK,PERCENT PLAN PAYS,70,80,70,50,70,3,10,high,high,RISK,4
1,2,0,1,Bonus,4199,No,Owns,14,17,32,15,14,OUTPATIENT SERVICES (SURGERY),OUT-OF-NETWORK,PERCENT PLAN PAYS,70,70,50,80,70,3,10,high,high,RISK,4
0,2,1,0,Salaried,358,No,Rents,12,16,31,15,14,OUTPATIENT SERVICES (SURGERY),OUT-OF-NETWORK,PERCENT PLAN PAYS,80,70,70,50,70,3,10,high,high,RISK,4
1,1,1,1,Salaried,2175,No,Owns,16,20,34,15,14,OUTPATIENT SERVICES (SURGERY),OUT-OF-NETWORK,PERCENT PLAN PAYS,50,70,70,80,70,3,10,high,high,RISK,4
1,1,0,0,Bonus,2804,No,Owns,11,11,30,15,14,OUTPATIENT SERVICES (SURGERY),OUT-OF-NETWORK,PERCENT PLAN PAYS,70,50,80,70,70,3,10,high,high,RISK,4
2,1,2,1,Bonus,2793,Yes,Owns,17,19,27,15,14,OUTPATIENT SERVICES (SURGERY),OUT-OF-NETWORK,PERCENT PLAN PAYS,70,70,80,50,70,3,10,high,high,RISK,4
2,0,2,0,Salaried,1366,No,Owns,14,15,31,15,14,OUTPATIENT SERVICES (SURGERY),OUT-OF-NETWORK,PERCENT PLAN PAYS,80,70,70,50,70,3,10,high,high,RISK,4
0,1,1,2,Salaried,3990,No,Rents,13,12,28,15,14,OUTPATIENT SERVICES (SURGERY),OUT-OF-NETWORK,PERCENT PLAN PAYS,80,70,70,50,70,3,10,high,high,RISK,4
0,1,1,0,Salaried,1625,No,Owns,16,16,31,15,14,OUTPATIENT SERVICES (SURGERY),OUT-OF-NETWORK,PERCENT PLAN PAYS,70,80,70,50,70,3,10,high,high,RISK,4
1,2,0,0,Hourly,1178,No,Owns,5,12,39,15,14,OUTPATIENT SERVICES (SURGERY),OUT-OF-NETWORK,PERCENT PLAN PAYS,70,70,50,80,70,3,10,high,high,RISK,4
1,1,0,0,Hourly,2665,No,Rents,8,14,30,15,14,OUTPATIENT SERVICES (SURGERY),OUT-OF-NETWORK,PERCENT PLAN PAYS,50,80,70,70,70,3,10,high,high,RISK,4
1,1,2,0,Hourly,4144,No,Owns,9,13,26,15,14,OUTPATIENT SERVICES (SURGERY),OUT-OF-NETWORK,PERCENT PLAN PAYS,80,70,50,70,70,3,10,high,high,RISK,4
1,1,2,0,Hourly,2547,Yes,Owns,14,16,37,15,14,OUTPATIENT SERVICES (SURGERY),OUT-OF-NETWORK,PERCENT PLAN PAYS,70,50,80,70,70,3,10,high,high,RISK,4
1,1,1,0,Hourly,152,Yes,Owns,15,16,39,15,14,OUTPATIENT SERVICES (SURGERY),OUT-OF-NETWORK,PERCENT PLAN PAYS,70,70,80,50,70,3,10,high,high,RISK,4
0,0,0,0,Bonus,2909,Yes,Rents,9,14,30,15,14,OUTPATIENT SERVICES (SURGERY),OUT-OF-NETWORK,PERCENT PLAN PAYS,50,70,70,80,70,3,10,high,high,RISK,4
2,2,1,1,Bonus,2404,Yes,Owns,11,14,34,15,14,OUTPATIENT SERVICES (SURGERY),OUT-OF-NETWORK,PERCENT PLAN PAYS,50,70,70,80,70,3,10,high,high,RISK,4
2,0,1,2,Bonus,144,Yes,Owns,10,19,30,15,14,OUTPATIENT SERVICES (SURGERY),OUT-OF-NETWORK,PERCENT PLAN PAYS,70,80,50,70,70,3,10,high,high,RISK,4
2,0,1,0,Hourly,2250,No,Owns,11,17,35,15,14,OUTPATIENT SERVICES (SURGERY),OUT-OF-NETWORK,PERCENT PLAN PAYS,50,80,70,70,70,3,10,high,high,RISK,4
2,0,0,0,Hourly,4826,No,Owns,10,15,48,15,14,OUTPATIENT SERVICES (SURGERY),OUT-OF-NETWORK,PERCENT PLAN PAYS,70,70,50,80,70,3,10,high,high,RISK,4
1,1,0,0,Salaried,792,No,Owns,12,12,35,15,14,OUTPATIENT SERVICES (SURGERY),OUT-OF-NETWORK,PERCENT PLAN PAYS,70,80,50,70,70,3,10,high,high,RISK,4
0,2,0,1,Hourly,3429,No,Rents,15,18,32,15,14,OUTPATIENT SERVICES (SURGERY),OUT-OF-NETWORK,PERCENT PLAN PAYS,50,70,80,70,70,3,10,high,high,RISK,4
0,2,0,1,Hourly,1596,Yes,Owns,11,13,27,15,14,OUTPATIENT SERVICES (SURGERY),OUT-OF-NETWORK,PERCENT PLAN PAYS,70,70,80,50,70,3,10,high,high,RISK,4
1,1,2,0,Salaried,83,Yes,Owns,7,20,28,15,14,OUTPATIENT SERVICES (SURGERY),OUT-OF-NETWORK,PERCENT PLAN PAYS,70,50,80,70,70,3,10,high,high,RISK,4
1,2,0,2,Salaried,3601,No,Owns,6,14,29,15,14,OUTPATIENT SERVICES (SURGERY),OUT-OF-NETWORK,PERCENT PLAN PAYS,70,80,70,50,70,3,10,high,high,RISK,4
1,1,0,1,Bonus,861,No,Owns,15,13,50,15,14,OUTPATIENT SERVICES (SURGERY),OUT-OF-NETWORK,PERCENT PLAN PAYS,70,70,50,80,70,3,10,high,high,RISK,4
0,2,2,2,Salaried,2240,Yes,Rents,15,20,35,15,14,OUTPATIENT SERVICES (SURGERY),OUT-OF-NETWORK,PERCENT PLAN PAYS,70,50,70,80,70,3,10,high,high,RISK,4
1,0,0,0,Hourly,2384,No,Rents,6,17,32,15,14,OUTPATIENT SERVICES (SURGERY),OUT-OF-NETWORK,PERCENT PLAN PAYS,70,70,80,50,70,3,10,high,high,RISK,4
0,0,0,0,Bonus,2363,Yes,Rents,12,16,31,15,14,OUTPATIENT SERVICES (SURGERY),OUT-OF-NETWORK,PERCENT PLAN PAYS,80,70,50,70,70,3,10,high,high,RISK,4
1,1,2,0,Salaried,4539,No,Owns,10,20,34,15,14,OUTPATIENT SERVICES (SURGERY),OUT-OF-NETWORK,PERCENT PLAN PAYS,50,80,70,70,70,3,10,high,high,RISK,4
1,1,0,0,Bonus,489,No,Rents,9,11,30,15,14,OUTPATIENT SERVICES (SURGERY),OUT-OF-NETWORK,PERCENT PLAN PAYS,70,70,80,50,70,3,10,high,high,RISK,4
1,2,0,2,Bonus,4623,Yes,Owns,7,19,27,15,14,OUTPATIENT SERVICES (SURGERY),OUT-OF-NETWORK,PERCENT PLAN PAYS,50,80,70,70,70,3,10,high,high,RISK,4
1,0,0,0,Salaried,153,Yes,Owns,5,15,31,15,14,OUTPATIENT SERVICES (SURGERY),OUT-OF-NETWORK,PERCENT PLAN PAYS,70,80,70,50,70,3,10,high,high,RISK,4
0,2,2,1,Salaried,3954,No,Owns,6,12,28,15,14,OUTPATIENT SERVICES (SURGERY),OUT-OF-NETWORK,PERCENT PLAN PAYS,80,50,70,70,70,3,10,high,high,RISK,4
0,1,0,0,Salaried,4742,No,Rents,5,16,31,15,14,OUTPATIENT SERVICES (SURGERY),OUT-OF-NETWORK,PERCENT PLAN PAYS,80,70,70,50,70,3,10,high,high,RISK,4
0,0,0,1,Hourly,3289,No,Rents,15,12,39,15,14,OUTPATIENT SERVICES (SURGERY),OUT-OF-NETWORK,PERCENT PLAN PAYS,70,70,50,80,70,3,10,high,high,RISK,4
0,0,1,1,Bonus,3409,Yes,Rents,13,14,30,15,14,OUTPATIENT SERVICES (SURGERY),OUT-OF-NETWORK,PERCENT PLAN PAYS,70,50,80,70,70,3,10,high,high,RISK,4
0,0,2,1,Bonus,3179,No,Rents,8,13,26,15,14,OUTPATIENT SERVICES (SURGERY),OUT-OF-NETWORK,PERCENT PLAN PAYS,80,50,70,70,70,3,10,high,high,RISK,4
0,0,0,1,Bonus,4271,No,Rents,9,16,37,15,14,OUTPATIENT SERVICES (SURGERY),OUT-OF-NETWORK,PERCENT PLAN PAYS,70,80,70,50,70,3,10,high,high,RISK,4
0,0,0,0,Hourly,4605,Yes,Rents,10,16,39,15,14,OUTPATIENT SERVICES (SURGERY),OUT-OF-NETWORK,PERCENT PLAN PAYS,70,80,70,50,70,3,10,high,high,RISK,4
0,2,2,2,Salaried,3042,Yes,Rents,6,14,30,15,14,OUTPATIENT SERVICES (SURGERY),OUT-OF-NETWORK,PERCENT PLAN PAYS,70,50,80,70,70,3,10,high,high,RISK,4
0,2,2,0,Hourly,170,No,Rents,16,14,34,15,14,OUTPATIENT SERVICES (SURGERY),OUT-OF-NETWORK,PERCENT PLAN PAYS,70,70,80,50,70,3,10,high,high,RISK,4
0,1,0,2,Salaried,2062,No,Rents,7,19,30,15,14,OUTPATIENT SERVICES (SURGERY),OUT-OF-NETWORK,PERCENT PLAN PAYS,70,50,80,70,70,3,10,high,high,RISK,4
1,1,2,2,Bonus,1962,No,Rents,5,17,35,15,14,OUTPATIENT SERVICES (SURGERY),OUT-OF-NETWORK,PERCENT PLAN PAYS,70,70,80,50,70,3,10,high,high,RISK,4
0,0,0,0,Bonus,1006,No,Owns,11,15,48,15,14,OUTPATIENT SERVICES (SURGERY),OUT-OF-NETWORK,PERCENT PLAN PAYS,70,70,50,80,70,3,10,high,high,RISK,4
0,2,1,2,Salaried,4555,No,Rents,8,12,35,15,14,OUTPATIENT SERVICES (SURGERY),OUT-OF-NETWORK,PERCENT PLAN PAYS,50,80,70,70,70,3,10,high,high,RISK,4
2,1,1,0,Bonus,458,No,Rents,10,18,32,15,14,OUTPATIENT SERVICES (SURGERY),OUT-OF-NETWORK,PERCENT PLAN PAYS,70,70,50,80,70,3,10,high,high,RISK,4
2,0,2,1,Hourly,1593,No,Owns,5,13,27,15,14,OUTPATIENT SERVICES (SURGERY),OUT-OF-NETWORK,PERCENT PLAN PAYS,80,50,70,70,70,3,10,high,high,RISK,4
0,2,0,1,Hourly,4519,Yes,Owns,11,20,28,15,14,OUTPATIENT SERVICES (SURGERY),OUT-OF-NETWORK,PERCENT PLAN PAYS,70,80,70,50,70,3,10,high,high,RISK,4
0,1,0,0,Bonus,2639,No,Rents,5,14,29,15,14,OUTPATIENT SERVICES (SURGERY),OUT-OF-NETWORK,PERCENT PLAN PAYS,70,80,70,50,70,3,10,high,high,RISK,4
0,0,2,1,Hourly,2563,Yes,Rents,15,13,50,15,14,OUTPATIENT SERVICES (SURGERY),OUT-OF-NETWORK,PERCENT PLAN PAYS,80,50,70,70,70,3,10,high,high,RISK,4
1,1,0,1,Hourly,2954,Yes,Owns,18,17,32,15,14,OUTPATIENT SERVICES (SURGERY),OUT-OF-NETWORK,PERCENT PLAN PAYS,70,70,50,80,70,3,10,high,high,RISK,4
1,0,2,0,Hourly,2299,Yes,Owns,13,16,31,15,14,OUTPATIENT SERVICES (SURGERY),OUT-OF-NETWORK,PERCENT PLAN PAYS,50,70,70,80,70,3,10,high,high,RISK,4
0,0,1,2,Hourly,1155,No,Rents,6,20,34,15,14,OUTPATIENT SERVICES (SURGERY),OUT-OF-NETWORK,PERCENT PLAN PAYS,80,50,70,70,70,3,10,high,high,RISK,4
1,0,2,0,Bonus,1856,Yes,Rents,14,11,30,15,14,OUTPATIENT SERVICES (SURGERY),OUT-OF-NETWORK,PERCENT PLAN PAYS,80,70,50,70,70,3,10,high,high,RISK,4
2,1,1,0,Salaried,3352,Yes,Rents,6,19,27,15,14,OUTPATIENT SERVICES (SURGERY),OUT-OF-NETWORK,PERCENT PLAN PAYS,70,70,80,50,70,3,10,high,high,RISK,4
2,0,0,1,Hourly,3735,Yes,Owns,15,15,31,15,14,OUTPATIENT SERVICES (SURGERY),OUT-OF-NETWORK,PERCENT PLAN PAYS,50,70,80,70,70,3,10,high,high,RISK,4
2,1,0,2,Salaried,1125,Yes,Rents,6,12,28,15,14,OUTPATIENT SERVICES (SURGERY),OUT-OF-NETWORK,PERCENT PLAN PAYS,70,70,50,80,70,3,10,high,high,RISK,4
2,0,1,0,Bonus,4695,No,Owns,5,16,31,15,14,OUTPATIENT SERVICES (SURGERY),OUT-OF-NETWORK,PERCENT PLAN PAYS,70,70,80,50,70,3,10,high,high,RISK,4
1,1,1,1,Salaried,1210,No,Rents,17,12,39,15,14,OUTPATIENT SERVICES (SURGERY),OUT-OF-NETWORK,PERCENT PLAN PAYS,50,70,70,80,70,3,10,high,high,RISK,4
1,2,1,0,Bonus,3149,No,Owns,6,14,30,15,14,OUTPATIENT SERVICES (SURGERY),OUT-OF-NETWORK,PERCENT PLAN PAYS,80,70,50,70,70,3,10,high,high,RISK,4
1,1,1,1,Bonus,3757,No,Rents,6,13,26,15,14,OUTPATIENT SERVICES (SURGERY),OUT-OF-NETWORK,PERCENT PLAN PAYS,70,50,70,80,70,3,10,high,high,RISK,4
1,0,2,1,Salaried,4038,Yes,Rents,12,16,37,15,14,OUTPATIENT SERVICES (SURGERY),OUT-OF-NETWORK,PERCENT PLAN PAYS,50,70,70,80,70,3,10,high,high,RISK,4
0,0,0,2,Bonus,381,No,Owns,8,16,39,15,14,OUTPATIENT SERVICES (SURGERY),OUT-OF-NETWORK,PERCENT PLAN PAYS,70,70,80,50,70,3,10,high,high,RISK,4
0,0,1,1,Hourly,2879,Yes,Rents,16,14,30,15,14,OUTPATIENT SERVICES (SURGERY),OUT-OF-NETWORK,PERCENT PLAN PAYS,70,50,80,70,70,3,10,high,high,RISK,4
0,2,1,0,Hourly,3337,No,Rents,7,19,30,15,14,OUTPATIENT SERVICES (SURGERY),OUT-OF-NETWORK,PERCENT PLAN PAYS,70,50,70,80,70,3,10,high,high,RISK,4
1,1,1,1,Hourly,874,No,Owns,17,17,35,15,14,OUTPATIENT SERVICES (SURGERY),OUT-OF-NETWORK,PERCENT PLAN PAYS,70,70,50,80,70,3,10,high,high,RISK,4
0,1,0,0,Hourly,4470,Yes,Owns,6,15,48,15,14,OUTPATIENT SERVICES (SURGERY),OUT-OF-NETWORK,PERCENT PLAN PAYS,50,70,70,80,70,3,10,high,high,RISK,4
2,0,1,1,Hourly,3252,Yes,Owns,10,12,35,15,14,OUTPATIENT SERVICES (SURGERY),OUT-OF-NETWORK,PERCENT PLAN PAYS,50,80,70,70,70,3,10,high,high,RISK,4
0,2,0,1,Hourly,176,Yes,Rents,9,18,32,15,14,OUTPATIENT SERVICES (SURGERY),OUT-OF-NETWORK,PERCENT PLAN PAYS,50,70,80,70,70,3,10,high,high,RISK,4
1,0,2,0,Hourly,3681,Yes,Owns,6,13,27,15,14,OUTPATIENT SERVICES (SURGERY),OUT-OF-NETWORK,PERCENT PLAN PAYS,70,80,50,70,70,3,10,high,high,RISK,4
1,2,1,2,Hourly,1019,Yes,Owns,15,20,28,15,14,OUTPATIENT SERVICES (SURGERY),OUT-OF-NETWORK,PERCENT PLAN PAYS,50,80,70,70,70,3,10,high,high,RISK,4
1,2,1,1,Bonus,4493,Yes,Owns,18,14,29,15,14,OUTPATIENT SERVICES (SURGERY),OUT-OF-NETWORK,PERCENT PLAN PAYS,80,50,70,70,70,3,10,high,high,RISK,4
1,2,2,0,Salaried,1012,Yes,Owns,15,13,50,15,14,OUTPATIENT SERVICES (SURGERY),OUT-OF-NETWORK,PERCENT PLAN PAYS,70,50,80,70,70,3,10,high,high,RISK,4
0,0,1,1,Bonus,1248,Yes,Rents,7,20,35,15,14,OUTPATIENT SERVICES (SURGERY),OUT-OF-NETWORK,PERCENT PLAN PAYS,80,50,70,70,70,3,10,high,high,RISK,4
0,0,1,0,Salaried,1214,No,Owns,6,17,32,15,14,OUTPATIENT SERVICES (SURGERY),OUT-OF-NETWORK,PERCENT PLAN PAYS,70,50,80,70,70,3,10,high,high,RISK,4
1,0,1,0,Salaried,2852,Yes,Rents,6,16,31,15,14,OUTPATIENT SERVICES (SURGERY),OUT-OF-NETWORK,PERCENT PLAN PAYS,80,50,70,70,70,3,10,high,high,RISK,4
1,0,0,0,Bonus,1440,Yes,Owns,10,20,34,15,14,OUTPATIENT SERVICES (SURGERY),OUT-OF-NETWORK,PERCENT PLAN PAYS,50,80,70,70,70,3,10,high,high,RISK,4
1,0,1,0,Bonus,2951,No,Owns,11,11,30,15,14,OUTPATIENT SERVICES (SURGERY),OUT-OF-NETWORK,PERCENT PLAN PAYS,70,50,80,70,70,3,10,high,high,RISK,4
3,2,1,3,Salaried,4377,No,Rents,24,48,52,15,15,OUTPATIENT SERVICES (SURGERY),OUT-OF-NETWORK,PERCENT PLAN PAYS,70,70,50,80,80,4,20,high,high,RISK,4
1,1,2,1,Salaried,1919,No,Owns,25,33,56,15,15,OUTPATIENT SERVICES (SURGERY),OUT-OF-NETWORK,PERCENT PLAN PAYS,50,70,80,70,80,4,20,high,high,RISK,4
2,2,1,1,Salaried,4671,Yes,Rents,33,23,53,15,15,OUTPATIENT SERVICES (SURGERY),OUT-OF-NETWORK,PERCENT PLAN PAYS,50,70,70,80,80,4,20,high,high,RISK,4
3,2,1,1,Bonus,1139,No,Owns,29,38,56,15,15,OUTPATIENT SERVICES (SURGERY),OUT-OF-NETWORK,PERCENT PLAN PAYS,80,70,50,70,80,4,20,high,high,RISK,4
1,2,3,2,Bonus,3085,No,Rents,23,24,64,15,15,OUTPATIENT SERVICES (SURGERY),OUT-OF-NETWORK,PERCENT PLAN PAYS,70,50,80,70,80,4,20,high,high,RISK,4
1,2,3,1,Salaried,912,Yes,Rents,37,29,55,15,15,OUTPATIENT SERVICES (SURGERY),OUT-OF-NETWORK,PERCENT PLAN PAYS,70,50,70,80,80,4,20,high,high,RISK,4
2,1,3,2,Hourly,3561,Yes,Owns,28,26,51,15,15,OUTPATIENT SERVICES (SURGERY),OUT-OF-NETWORK,PERCENT PLAN PAYS,50,80,70,70,80,4,20,high,high,RISK,4
2,3,1,1,Hourly,4350,No,Rents,19,36,62,15,15,OUTPATIENT SERVICES (SURGERY),OUT-OF-NETWORK,PERCENT PLAN PAYS,70,50,70,80,80,4,20,high,high,RISK,4
3,3,2,3,Salaried,3664,No,Owns,18,38,64,15,15,OUTPATIENT SERVICES (SURGERY),OUT-OF-NETWORK,PERCENT PLAN PAYS,70,70,50,80,80,4,20,high,high,RISK,4
1,1,1,1,Bonus,1972,Yes,Owns,38,31,55,15,15,OUTPATIENT SERVICES (SURGERY),OUT-OF-NETWORK,PERCENT PLAN PAYS,50,70,80,70,80,4,20,high,high,RISK,4
1,1,3,3,Salaried,1235,Yes,Rents,32,31,59,15,15,OUTPATIENT SERVICES (SURGERY),OUT-OF-NETWORK,PERCENT PLAN PAYS,80,70,70,50,80,4,20,high,high,RISK,4
1,3,1,2,Bonus,2294,Yes,Owns,25,47,55,15,15,OUTPATIENT SERVICES (SURGERY),OUT-OF-NETWORK,PERCENT PLAN PAYS,80,50,70,70,80,4,20,high,high,RISK,4
1,2,3,1,Salaried,4592,Yes,Rents,37,41,60,15,15,OUTPATIENT SERVICES (SURGERY),OUT-OF-NETWORK,PERCENT PLAN PAYS,80,70,70,50,80,4,20,high,high,RISK,4
1,1,1,2,Hourly,2183,Yes,Owns,16,35,73,15,15,OUTPATIENT SERVICES (SURGERY),OUT-OF-NETWORK,PERCENT PLAN PAYS,70,50,80,70,80,4,20,high,high,RISK,4
2,2,3,2,Salaried,1622,Yes,Rents,21,24,60,15,15,OUTPATIENT SERVICES (SURGERY),OUT-OF-NETWORK,PERCENT PLAN PAYS,70,50,70,80,80,4,20,high,high,RISK,4
2,3,1,3,Salaried,4259,Yes,Rents,17,43,57,15,15,OUTPATIENT SERVICES (SURGERY),OUT-OF-NETWORK,PERCENT PLAN PAYS,80,50,70,70,80,4,20,high,high,RISK,4
3,2,2,3,Salaried,4138,No,Owns,37,25,52,15,15,OUTPATIENT SERVICES (SURGERY),OUT-OF-NETWORK,PERCENT PLAN PAYS,70,80,50,70,80,4,20,high,high,RISK,4
3,1,2,3,Bonus,2742,No,Owns,39,50,53,15,15,OUTPATIENT SERVICES (SURGERY),OUT-OF-NETWORK,PERCENT PLAN PAYS,50,70,80,70,80,4,20,high,high,RISK,4
1,1,1,3,Bonus,4027,Yes,Rents,21,31,54,15,15,OUTPATIENT SERVICES (SURGERY),OUT-OF-NETWORK,PERCENT PLAN PAYS,80,50,70,70,80,4,20,high,high,RISK,4
2,2,1,1,Bonus,3643,No,Rents,35,26,75,15,15,OUTPATIENT SERVICES (SURGERY),OUT-OF-NETWORK,PERCENT PLAN PAYS,70,80,50,70,80,4,20,high,high,RISK,4
2,1,3,1,Salaried,1855,No,Rents,39,49,60,15,15,OUTPATIENT SERVICES (SURGERY),OUT-OF-NETWORK,PERCENT PLAN PAYS,80,50,70,70,80,4,20,high,high,RISK,4
1,3,1,1,Bonus,4199,No,Owns,33,40,57,15,15,OUTPATIENT SERVICES (SURGERY),OUT-OF-NETWORK,PERCENT PLAN PAYS,80,50,70,70,80,4,20,high,high,RISK,4
1,3,2,1,Salaried,358,No,Rents,28,36,56,15,15,OUTPATIENT SERVICES (SURGERY),OUT-OF-NETWORK,PERCENT PLAN PAYS,70,80,50,70,80,4,20,high,high,RISK,4
2,2,2,1,Salaried,2175,No,Owns,35,49,59,15,15,OUTPATIENT SERVICES (SURGERY),OUT-OF-NETWORK,PERCENT PLAN PAYS,80,50,70,70,80,4,20,high,high,RISK,4
2,2,1,1,Bonus,2804,No,Owns,26,20,55,15,15,OUTPATIENT SERVICES (SURGERY),OUT-OF-NETWORK,PERCENT PLAN PAYS,70,70,80,50,80,4,20,high,high,RISK,4
3,3,3,2,Bonus,2793,Yes,Owns,39,48,52,15,15,OUTPATIENT SERVICES (SURGERY),OUT-OF-NETWORK,PERCENT PLAN PAYS,80,70,70,50,80,4,20,high,high,RISK,4
3,1,3,1,Salaried,1366,No,Owns,32,33,56,15,15,OUTPATIENT SERVICES (SURGERY),OUT-OF-NETWORK,PERCENT PLAN PAYS,50,70,70,80,80,4,20,high,high,RISK,4
1,2,2,3,Salaried,3990,No,Rents,30,23,53,15,15,OUTPATIENT SERVICES (SURGERY),OUT-OF-NETWORK,PERCENT PLAN PAYS,80,70,50,70,80,4,20,high,high,RISK,4
1,2,2,1,Salaried,1625,No,Owns,36,38,56,15,15,OUTPATIENT SERVICES (SURGERY),OUT-OF-NETWORK,PERCENT PLAN PAYS,70,70,50,80,80,4,20,high,high,RISK,4
2,3,1,1,Hourly,1178,No,Owns,15,24,64,15,15,OUTPATIENT SERVICES (SURGERY),OUT-OF-NETWORK,PERCENT PLAN PAYS,70,50,80,70,80,4,20,high,high,RISK,4
2,1,1,1,Hourly,2665,No,Rents,20,29,55,15,15,OUTPATIENT SERVICES (SURGERY),OUT-OF-NETWORK,PERCENT PLAN PAYS,70,80,50,70,80,4,20,high,high,RISK,4
2,3,3,1,Hourly,4144,No,Owns,23,26,51,15,15,OUTPATIENT SERVICES (SURGERY),OUT-OF-NETWORK,PERCENT PLAN PAYS,70,80,50,70,80,4,20,high,high,RISK,4
2,2,3,1,Hourly,2547,Yes,Owns,32,36,62,15,15,OUTPATIENT SERVICES (SURGERY),OUT-OF-NETWORK,PERCENT PLAN PAYS,50,70,70,80,80,4,20,high,high,RISK,4
2,1,2,1,Hourly,152,Yes,Owns,34,38,64,15,15,OUTPATIENT SERVICES (SURGERY),OUT-OF-NETWORK,PERCENT PLAN PAYS,70,80,70,50,80,4,20,high,high,RISK,4
1,1,1,1,Bonus,2909,Yes,Rents,23,31,55,15,15,OUTPATIENT SERVICES (SURGERY),OUT-OF-NETWORK,PERCENT PLAN PAYS,70,70,50,80,80,4,20,high,high,RISK,4
3,3,2,2,Bonus,2404,Yes,Owns,27,31,59,15,15,OUTPATIENT SERVICES (SURGERY),OUT-OF-NETWORK,PERCENT PLAN PAYS,50,80,70,70,80,4,20,high,high,RISK,4
3,1,2,3,Bonus,144,Yes,Owns,24,47,55,15,15,OUTPATIENT SERVICES (SURGERY),OUT-OF-NETWORK,PERCENT PLAN PAYS,50,80,70,70,80,4,20,high,high,RISK,4
3,1,2,1,Hourly,2250,No,Owns,26,41,60,15,15,OUTPATIENT SERVICES (SURGERY),OUT-OF-NETWORK,PERCENT PLAN PAYS,70,70,50,80,80,4,20,high,high,RISK,4
3,1,1,1,Hourly,4826,No,Owns,25,35,73,15,15,OUTPATIENT SERVICES (SURGERY),OUT-OF-NETWORK,PERCENT PLAN PAYS,70,70,80,50,80,4,20,high,high,RISK,4
2,2,1,1,Salaried,792,No,Owns,28,24,60,15,15,OUTPATIENT SERVICES (SURGERY),OUT-OF-NETWORK,PERCENT PLAN PAYS,70,80,70,50,80,4,20,high,high,RISK,4
1,3,1,2,Hourly,3429,No,Rents,34,43,57,15,15,OUTPATIENT SERVICES (SURGERY),OUT-OF-NETWORK,PERCENT PLAN PAYS,50,70,80,70,80,4,20,high,high,RISK,4
1,3,1,2,Hourly,1596,Yes,Owns,27,25,52,15,15,OUTPATIENT SERVICES (SURGERY),OUT-OF-NETWORK,PERCENT PLAN PAYS,70,50,80,70,80,4,20,high,high,RISK,4
2,3,3,1,Salaried,83,Yes,Owns,19,50,53,15,15,OUTPATIENT SERVICES (SURGERY),OUT-OF-NETWORK,PERCENT PLAN PAYS,80,50,70,70,80,4,20,high,high,RISK,4
2,3,1,3,Salaried,3601,No,Owns,17,31,54,15,15,OUTPATIENT SERVICES (SURGERY),OUT-OF-NETWORK,PERCENT PLAN PAYS,70,50,80,70,80,4,20,high,high,RISK,4
2,2,1,2,Bonus,861,No,Owns,34,26,75,15,15,OUTPATIENT SERVICES (SURGERY),OUT-OF-NETWORK,PERCENT PLAN PAYS,50,70,80,70,80,4,20,high,high,RISK,4
1,3,3,3,Salaried,2240,Yes,Rents,35,49,60,15,15,OUTPATIENT SERVICES (SURGERY),OUT-OF-NETWORK,PERCENT PLAN PAYS,70,80,50,70,80,4,20,high,high,RISK,4
1,1,1,1,Hourly,2384,No,Rents,17,40,57,15,15,OUTPATIENT SERVICES (SURGERY),OUT-OF-NETWORK,PERCENT PLAN PAYS,70,80,70,50,80,4,20,high,high,RISK,4
1,1,1,1,Bonus,2363,Yes,Rents,29,36,56,15,15,OUTPATIENT SERVICES (SURGERY),OUT-OF-NETWORK,PERCENT PLAN PAYS,80,50,70,70,80,4,20,high,high,RISK,4
2,1,3,1,Salaried,4539,No,Owns,24,49,59,15,15,OUTPATIENT SERVICES (SURGERY),OUT-OF-NETWORK,PERCENT PLAN PAYS,70,80,50,70,80,4,20,high,high,RISK,4
2,1,1,1,Bonus,489,No,Rents,23,20,55,15,15,OUTPATIENT SERVICES (SURGERY),OUT-OF-NETWORK,PERCENT PLAN PAYS,50,70,80,70,80,4,20,high,high,RISK,4
2,3,1,3,Bonus,4623,Yes,Owns,19,48,52,15,15,OUTPATIENT SERVICES (SURGERY),OUT-OF-NETWORK,PERCENT PLAN PAYS,70,50,70,80,80,4,20,high,high,RISK,4
2,1,1,1,Salaried,153,Yes,Owns,15,33,56,15,15,OUTPATIENT SERVICES (SURGERY),OUT-OF-NETWORK,PERCENT PLAN PAYS,70,50,80,70,80,4,20,high,high,RISK,4
1,3,3,2,Salaried,3954,No,Owns,17,23,53,15,15,OUTPATIENT SERVICES (SURGERY),OUT-OF-NETWORK,PERCENT PLAN PAYS,50,70,70,80,80,4,20,high,high,RISK,4
1,2,1,1,Salaried,4742,No,Rents,15,38,56,15,15,OUTPATIENT SERVICES (SURGERY),OUT-OF-NETWORK,PERCENT PLAN PAYS,80,70,50,70,80,4,20,high,high,RISK,4
1,1,1,2,Hourly,3289,No,Rents,35,24,64,15,15,OUTPATIENT SERVICES (SURGERY),OUT-OF-NETWORK,PERCENT PLAN PAYS,70,50,80,70,80,4,20,high,high,RISK,4
1,1,2,2,Bonus,3409,Yes,Rents,30,29,55,15,15,OUTPATIENT SERVICES (SURGERY),OUT-OF-NETWORK,PERCENT PLAN PAYS,50,70,80,70,80,4,20,high,high,RISK,4
1,1,3,2,Bonus,3179,No,Rents,21,26,51,15,15,OUTPATIENT SERVICES (SURGERY),OUT-OF-NETWORK,PERCENT PLAN PAYS,70,80,50,70,80,4,20,high,high,RISK,4
1,1,1,2,Bonus,4271,No,Rents,22,36,62,15,15,OUTPATIENT SERVICES (SURGERY),OUT-OF-NETWORK,PERCENT PLAN PAYS,70,50,70,80,80,4,20,high,high,RISK,4
1,1,1,1,Hourly,4605,Yes,Rents,24,38,64,15,15,OUTPATIENT SERVICES (SURGERY),OUT-OF-NETWORK,PERCENT PLAN PAYS,70,70,50,80,80,4,20,high,high,RISK,4
1,3,3,3,Salaried,3042,Yes,Rents,16,31,55,15,15,OUTPATIENT SERVICES (SURGERY),OUT-OF-NETWORK,PERCENT PLAN PAYS,50,80,70,70,80,4,20,high,high,RISK,4
1,1,1,3,Salaried,2062,No,Rents,20,47,55,15,15,OUTPATIENT SERVICES (SURGERY),OUT-OF-NETWORK,PERCENT PLAN PAYS,70,50,80,70,80,4,20,high,high,RISK,4
2,2,3,3,Bonus,1962,No,Rents,15,41,60,15,15,OUTPATIENT SERVICES (SURGERY),OUT-OF-NETWORK,PERCENT PLAN PAYS,50,70,70,80,80,4,20,high,high,RISK,4
1,3,2,3,Salaried,4555,No,Rents,20,24,60,15,15,OUTPATIENT SERVICES (SURGERY),OUT-OF-NETWORK,PERCENT PLAN PAYS,80,50,70,70,80,4,20,high,high,RISK,4
3,1,2,1,Bonus,458,No,Rents,25,43,57,15,15,OUTPATIENT SERVICES (SURGERY),OUT-OF-NETWORK,PERCENT PLAN PAYS,70,70,80,50,80,4,20,high,high,RISK,4
3,1,3,1,Hourly,1593,No,Owns,16,25,52,15,15,OUTPATIENT SERVICES (SURGERY),OUT-OF-NETWORK,PERCENT PLAN PAYS,70,80,70,50,80,4,20,high,high,RISK,4
1,3,1,2,Hourly,4519,Yes,Owns,26,50,53,15,15,OUTPATIENT SERVICES (SURGERY),OUT-OF-NETWORK,PERCENT PLAN PAYS,70,70,80,50,80,4,20,high,high,RISK,4
1,2,1,1,Bonus,2639,No,Rents,16,31,54,15,15,OUTPATIENT SERVICES (SURGERY),OUT-OF-NETWORK,PERCENT PLAN PAYS,70,80,50,70,80,4,20,high,high,RISK,4
1,1,3,1,Hourly,2563,Yes,Rents,35,26,75,15,15,OUTPATIENT SERVICES (SURGERY),OUT-OF-NETWORK,PERCENT PLAN PAYS,70,50,70,80,80,4,20,high,high,RISK,4
1,2,3,2,Bonus,2810,Yes,Owns,35,49,60,15,15,OUTPATIENT SERVICES (SURGERY),OUT-OF-NETWORK,PERCENT PLAN PAYS,70,80,50,70,80,4,20,high,high,RISK,4
2,2,1,2,Hourly,2954,Yes,Owns,39,40,57,15,15,OUTPATIENT SERVICES (SURGERY),OUT-OF-NETWORK,PERCENT PLAN PAYS,70,80,50,70,80,4,20,high,high,RISK,4
2,1,3,1,Hourly,2299,Yes,Owns,31,36,56,15,15,OUTPATIENT SERVICES (SURGERY),OUT-OF-NETWORK,PERCENT PLAN PAYS,50,70,70,80,80,4,20,high,high,RISK,4
1,1,2,3,Hourly,1155,No,Rents,16,49,59,15,15,OUTPATIENT SERVICES (SURGERY),OUT-OF-NETWORK,PERCENT PLAN PAYS,70,50,70,80,80,4,20,high,high,RISK,4
2,1,3,1,Bonus,1856,Yes,Rents,31,20,55,15,15,OUTPATIENT SERVICES (SURGERY),OUT-OF-NETWORK,PERCENT PLAN PAYS,70,50,70,80,80,4,20,high,high,RISK,4
3,2,2,1,Salaried,3352,Yes,Rents,18,48,52,15,15,OUTPATIENT SERVICES (SURGERY),OUT-OF-NETWORK,PERCENT PLAN PAYS,50,80,70,70,80,4,20,high,high,RISK,4
3,1,1,2,Hourly,3735,Yes,Owns,34,33,56,15,15,OUTPATIENT SERVICES (SURGERY),OUT-OF-NETWORK,PERCENT PLAN PAYS,70,70,80,50,80,4,20,high,high,RISK,4
3,2,1,3,Salaried,1125,Yes,Rents,18,23,53,15,15,OUTPATIENT SERVICES (SURGERY),OUT-OF-NETWORK,PERCENT PLAN PAYS,80,50,70,70,80,4,20,high,high,RISK,4
3,1,2,1,Bonus,4695,No,Owns,15,38,56,15,15,OUTPATIENT SERVICES (SURGERY),OUT-OF-NETWORK,PERCENT PLAN PAYS,70,50,70,80,80,4,20,high,high,RISK,4
2,2,2,2,Salaried,1210,No,Rents,38,24,64,15,15,OUTPATIENT SERVICES (SURGERY),OUT-OF-NETWORK,PERCENT PLAN PAYS,50,80,70,70,80,4,20,high,high,RISK,4
2,3,2,1,Bonus,3149,No,Owns,17,29,55,15,15,OUTPATIENT SERVICES (SURGERY),OUT-OF-NETWORK,PERCENT PLAN PAYS,50,80,70,70,80,4,20,high,high,RISK,4
2,2,2,2,Bonus,3757,No,Rents,18,26,51,15,15,OUTPATIENT SERVICES (SURGERY),OUT-OF-NETWORK,PERCENT PLAN PAYS,50,70,70,80,80,4,20,high,high,RISK,4
3,1,3,2,Salaried,4038,Yes,Rents,28,36,62,15,15,OUTPATIENT SERVICES (SURGERY),OUT-OF-NETWORK,PERCENT PLAN PAYS,80,70,70,50,80,4,20,high,high,RISK,4
1,1,1,3,Bonus,381,No,Owns,20,38,64,15,15,OUTPATIENT SERVICES (SURGERY),OUT-OF-NETWORK,PERCENT PLAN PAYS,80,50,70,70,80,4,20,high,high,RISK,4
1,1,1,2,Hourly,2879,Yes,Rents,37,31,55,15,15,OUTPATIENT SERVICES (SURGERY),OUT-OF-NETWORK,PERCENT PLAN PAYS,70,70,50,80,80,4,20,high,high,RISK,4
2,3,1,1,Hourly,2246,No,Owns,38,31,59,15,15,OUTPATIENT SERVICES (SURGERY),OUT-OF-NETWORK,PERCENT PLAN PAYS,70,50,70,80,80,4,20,high,high,RISK,4
1,3,2,1,Hourly,3337,No,Rents,18,47,55,15,15,OUTPATIENT SERVICES (SURGERY),OUT-OF-NETWORK,PERCENT PLAN PAYS,80,50,70,70,80,4,20,high,high,RISK,4
2,2,1,2,Hourly,874,No,Owns,38,41,60,15,15,OUTPATIENT SERVICES (SURGERY),OUT-OF-NETWORK,PERCENT PLAN PAYS,80,50,70,70,80,4,20,high,high,RISK,4
1,2,1,1,Hourly,4470,Yes,Owns,16,35,73,15,15,OUTPATIENT SERVICES (SURGERY),OUT-OF-NETWORK,PERCENT PLAN PAYS,70,80,70,50,80,4,20,high,high,RISK,4
3,1,3,1,Hourly,3252,Yes,Owns,24,24,60,15,15,OUTPATIENT SERVICES (SURGERY),OUT-OF-NETWORK,PERCENT PLAN PAYS,80,70,50,70,80,4,20,high,high,RISK,4
1,3,1,2,Hourly,176,Yes,Rents,23,43,57,15,15,OUTPATIENT SERVICES (SURGERY),OUT-OF-NETWORK,PERCENT PLAN PAYS,80,70,70,50,80,4,20,high,high,RISK,4
2,1,3,1,Hourly,3681,Yes,Owns,17,25,52,15,15,OUTPATIENT SERVICES (SURGERY),OUT-OF-NETWORK,PERCENT PLAN PAYS,80,50,70,70,80,4,20,high,high,RISK,4
1,3,2,3,Hourly,1019,Yes,Owns,35,50,53,15,15,OUTPATIENT SERVICES (SURGERY),OUT-OF-NETWORK,PERCENT PLAN PAYS,50,70,70,80,80,4,20,high,high,RISK,4
1,3,2,1,Bonus,4493,Yes,Owns,39,31,54,15,15,OUTPATIENT SERVICES (SURGERY),OUT-OF-NETWORK,PERCENT PLAN PAYS,70,70,80,50,80,4,20,high,high,RISK,4
1,3,3,1,Salaried,1012,Yes,Owns,34,26,75,15,15,OUTPATIENT SERVICES (SURGERY),OUT-OF-NETWORK,PERCENT PLAN PAYS,70,50,80,70,80,4,20,high,high,RISK,4
1,1,2,1,Bonus,1248,Yes,Rents,18,49,60,15,15,OUTPATIENT SERVICES (SURGERY),OUT-OF-NETWORK,PERCENT PLAN PAYS,70,80,50,70,80,4,20,high,high,RISK,4
1,1,2,1,Salaried,1214,No,Owns,17,40,57,15,15,OUTPATIENT SERVICES (SURGERY),OUT-OF-NETWORK,PERCENT PLAN PAYS,80,70,50,70,80,4,20,high,high,RISK,4
2,1,1,1,Salaried,2852,Yes,Rents,18,36,56,15,15,OUTPATIENT SERVICES (SURGERY),OUT-OF-NETWORK,PERCENT PLAN PAYS,70,70,80,50,80,4,20,high,high,RISK,4
2,1,1,1,Bonus,1440,Yes,Owns,24,49,59,15,15,OUTPATIENT SERVICES (SURGERY),OUT-OF-NETWORK,PERCENT PLAN PAYS,70,70,80,50,80,4,20,high,high,RISK,4
3,1,3,1,Bonus,2951,No,Owns,26,20,55,15,15,OUTPATIENT SERVICES (SURGERY),OUT-OF-NETWORK,PERCENT PLAN PAYS,50,70,70,80,80,4,20,high,high,RISK,4
4,3,2,4,Salaried,4377,No,Rents,46,73,76,15,16,OUTPATIENT SERVICES (SURGERY),OUT-OF-NETWORK,PERCENT PLAN PAYS,70,80,50,70,80,4,50,high,high,RISK,4
2,3,4,2,Salaried,1919,No,Owns,48,61,80,15,16,OUTPATIENT SERVICES (SURGERY),OUT-OF-NETWORK,PERCENT PLAN PAYS,70,80,70,50,80,4,50,high,high,RISK,4
4,4,3,2,Salaried,4671,Yes,Rents,57,53,77,15,16,OUTPATIENT SERVICES (SURGERY),OUT-OF-NETWORK,PERCENT PLAN PAYS,80,70,50,70,80,4,50,high,high,RISK,4
4,4,2,2,Bonus,1139,No,Owns,52,65,80,15,16,OUTPATIENT SERVICES (SURGERY),OUT-OF-NETWORK,PERCENT PLAN PAYS,70,70,50,80,80,4,50,high,high,RISK,4
3,4,4,3,Bonus,3085,No,Rents,45,54,88,15,16,OUTPATIENT SERVICES (SURGERY),OUT-OF-NETWORK,PERCENT PLAN PAYS,70,50,80,70,80,4,50,high,high,RISK,4
3,4,4,3,Salaried,912,Yes,Rents,61,58,79,15,16,OUTPATIENT SERVICES (SURGERY),OUT-OF-NETWORK,PERCENT PLAN PAYS,50,70,80,70,80,4,50,high,high,RISK,4
4,3,4,3,Hourly,3561,Yes,Owns,51,56,75,15,16,OUTPATIENT SERVICES (SURGERY),OUT-OF-NETWORK,PERCENT PLAN PAYS,70,50,80,70,80,4,50,high,high,RISK,4
4,4,2,2,Hourly,4350,No,Rents,40,64,87,15,16,OUTPATIENT SERVICES (SURGERY),OUT-OF-NETWORK,PERCENT PLAN PAYS,80,50,70,70,80,4,50,high,high,RISK,4
4,4,4,4,Salaried,3664,No,Owns,39,65,88,15,16,OUTPATIENT SERVICES (SURGERY),OUT-OF-NETWORK,PERCENT PLAN PAYS,80,70,70,50,80,4,50,high,high,RISK,4
2,3,3,3,Bonus,1972,Yes,Owns,62,60,80,15,16,OUTPATIENT SERVICES (SURGERY),OUT-OF-NETWORK,PERCENT PLAN PAYS,70,70,80,50,80,4,50,high,high,RISK,4
3,2,4,4,Salaried,1235,Yes,Rents,55,60,83,15,16,OUTPATIENT SERVICES (SURGERY),OUT-OF-NETWORK,PERCENT PLAN PAYS,50,70,70,80,80,4,50,high,high,RISK,4
2,4,3,3,Bonus,2294,Yes,Owns,47,72,79,15,16,OUTPATIENT SERVICES (SURGERY),OUT-OF-NETWORK,PERCENT PLAN PAYS,80,50,70,70,80,4,50,high,high,RISK,4
2,3,4,3,Salaried,4592,Yes,Rents,62,68,84,15,16,OUTPATIENT SERVICES (SURGERY),OUT-OF-NETWORK,PERCENT PLAN PAYS,70,70,50,80,80,4,50,high,high,RISK,4
3,3,3,4,Hourly,2183,Yes,Owns,37,63,98,15,16,OUTPATIENT SERVICES (SURGERY),OUT-OF-NETWORK,PERCENT PLAN PAYS,80,70,50,70,80,4,50,high,high,RISK,4
3,3,4,3,Salaried,1622,Yes,Rents,42,55,84,15,16,OUTPATIENT SERVICES (SURGERY),OUT-OF-NETWORK,PERCENT PLAN PAYS,70,80,50,70,80,4,50,high,high,RISK,4
3,4,3,4,Salaried,4259,Yes,Rents,37,70,81,15,16,OUTPATIENT SERVICES (SURGERY),OUT-OF-NETWORK,PERCENT PLAN PAYS,70,70,50,80,80,4,50,high,high,RISK,4
4,3,3,4,Salaried,4138,No,Owns,62,55,76,15,16,OUTPATIENT SERVICES (SURGERY),OUT-OF-NETWORK,PERCENT PLAN PAYS,80,70,50,70,80,4,50,high,high,RISK,4
4,3,4,4,Bonus,2742,No,Owns,64,75,77,15,16,OUTPATIENT SERVICES (SURGERY),OUT-OF-NETWORK,PERCENT PLAN PAYS,80,70,70,50,80,4,50,high,high,RISK,4
3,3,3,4,Bonus,4027,Yes,Rents,43,60,78,15,16,OUTPATIENT SERVICES (SURGERY),OUT-OF-NETWORK,PERCENT PLAN PAYS,50,70,80,70,80,4,50,high,high,RISK,4
4,4,2,2,Bonus,3643,No,Rents,59,56,100,15,16,OUTPATIENT SERVICES (SURGERY),OUT-OF-NETWORK,PERCENT PLAN PAYS,80,50,70,70,80,4,50,high,high,RISK,4
4,2,4,2,Salaried,1855,No,Rents,63,74,85,15,16,OUTPATIENT SERVICES (SURGERY),OUT-OF-NETWORK,PERCENT PLAN PAYS,80,70,50,70,80,4,50,high,high,RISK,4
3,4,2,3,Bonus,4199,No,Owns,57,67,81,15,16,OUTPATIENT SERVICES (SURGERY),OUT-OF-NETWORK,PERCENT PLAN PAYS,80,70,50,70,80,4,50,high,high,RISK,4
3,4,3,2,Salaried,358,No,Rents,50,64,80,15,16,OUTPATIENT SERVICES (SURGERY),OUT-OF-NETWORK,PERCENT PLAN PAYS,50,80,70,70,80,4,50,high,high,RISK,4
4,3,4,3,Salaried,2175,No,Owns,59,75,83,15,16,OUTPATIENT SERVICES (SURGERY),OUT-OF-NETWORK,PERCENT PLAN PAYS,50,70,70,80,80,4,50,high,high,RISK,4
4,4,2,2,Bonus,2804,No,Owns,48,51,79,15,16,OUTPATIENT SERVICES (SURGERY),OUT-OF-NETWORK,PERCENT PLAN PAYS,50,80,70,70,80,4,50,high,high,RISK,4
4,4,4,4,Bonus,2793,Yes,Owns,63,73,76,15,16,OUTPATIENT SERVICES (SURGERY),OUT-OF-NETWORK,PERCENT PLAN PAYS,50,70,70,80,80,4,50,high,high,RISK,4
4,3,4,2,Salaried,1366,No,Owns,56,61,80,15,16,OUTPATIENT SERVICES (SURGERY),OUT-OF-NETWORK,PERCENT PLAN PAYS,50,80,70,70,80,4,50,high,high,RISK,4
2,4,4,4,Salaried,3990,No,Rents,53,53,77,15,16,OUTPATIENT SERVICES (SURGERY),OUT-OF-NETWORK,PERCENT PLAN PAYS,80,70,50,70,80,4,50,high,high,RISK,4
2,4,3,3,Salaried,1625,No,Owns,60,65,80,15,16,OUTPATIENT SERVICES (SURGERY),OUT-OF-NETWORK,PERCENT PLAN PAYS,50,70,80,70,80,4,50,high,high,RISK,4
4,4,3,3,Hourly,1178,No,Owns,35,54,88,15,16,OUTPATIENT SERVICES (SURGERY),OUT-OF-NETWORK,PERCENT PLAN PAYS,80,70,50,70,80,4,50,high,high,RISK,4
3,3,2,2,Hourly,2665,No,Rents,41,58,79,15,16,OUTPATIENT SERVICES (SURGERY),OUT-OF-NETWORK,PERCENT PLAN PAYS,70,80,50,70,80,4,50,high,high,RISK,4
4,4,4,2,Hourly,4144,No,Owns,44,56,75,15,16,OUTPATIENT SERVICES (SURGERY),OUT-OF-NETWORK,PERCENT PLAN PAYS,70,50,80,70,80,4,50,high,high,RISK,4
3,3,4,3,Hourly,2547,Yes,Owns,55,64,87,15,16,OUTPATIENT SERVICES (SURGERY),OUT-OF-NETWORK,PERCENT PLAN PAYS,50,70,80,70,80,4,50,high,high,RISK,4
4,3,4,2,Hourly,152,Yes,Owns,58,65,88,15,16,OUTPATIENT SERVICES (SURGERY),OUT-OF-NETWORK,PERCENT PLAN PAYS,50,70,70,80,80,4,50,high,high,RISK,4
3,2,2,3,Bonus,2909,Yes,Rents,45,60,80,15,16,OUTPATIENT SERVICES (SURGERY),OUT-OF-NETWORK,PERCENT PLAN PAYS,70,70,50,80,80,4,50,high,high,RISK,4
4,4,3,3,Bonus,2404,Yes,Owns,49,60,83,15,16,OUTPATIENT SERVICES (SURGERY),OUT-OF-NETWORK,PERCENT PLAN PAYS,50,70,80,70,80,4,50,high,high,RISK,4
4,2,4,4,Bonus,144,Yes,Owns,46,72,79,15,16,OUTPATIENT SERVICES (SURGERY),OUT-OF-NETWORK,PERCENT PLAN PAYS,50,70,70,80,80,4,50,high,high,RISK,4
4,2,4,2,Hourly,2250,No,Owns,48,68,84,15,16,OUTPATIENT SERVICES (SURGERY),OUT-OF-NETWORK,PERCENT PLAN PAYS,70,70,80,50,80,4,50,high,high,RISK,4
4,3,3,3,Hourly,4826,No,Owns,47,63,98,15,16,OUTPATIENT SERVICES (SURGERY),OUT-OF-NETWORK,PERCENT PLAN PAYS,50,80,70,70,80,4,50,high,high,RISK,4
4,4,2,3,Salaried,792,No,Owns,50,55,84,15,16,OUTPATIENT SERVICES (SURGERY),OUT-OF-NETWORK,PERCENT PLAN PAYS,50,70,70,80,80,4,50,high,high,RISK,4
2,4,2,3,Hourly,3429,No,Rents,58,70,81,15,16,OUTPATIENT SERVICES (SURGERY),OUT-OF-NETWORK,PERCENT PLAN PAYS,50,70,70,80,80,4,50,high,high,RISK,4
3,4,3,4,Hourly,1596,Yes,Owns,50,55,76,15,16,OUTPATIENT SERVICES (SURGERY),OUT-OF-NETWORK,PERCENT PLAN PAYS,50,80,70,70,80,4,50,high,high,RISK,4
4,4,4,3,Salaried,83,Yes,Owns,40,75,77,15,16,OUTPATIENT SERVICES (SURGERY),OUT-OF-NETWORK,PERCENT PLAN PAYS,70,70,80,50,80,4,50,high,high,RISK,4
4,4,3,4,Salaried,3601,No,Owns,38,60,78,15,16,OUTPATIENT SERVICES (SURGERY),OUT-OF-NETWORK,PERCENT PLAN PAYS,50,70,70,80,80,4,50,high,high,RISK,4
3,4,2,4,Bonus,861,No,Owns,58,56,100,15,16,OUTPATIENT SERVICES (SURGERY),OUT-OF-NETWORK,PERCENT PLAN PAYS,70,50,80,70,80,4,50,high,high,RISK,4
2,4,4,4,Salaried,2240,Yes,Rents,59,74,85,15,16,OUTPATIENT SERVICES (SURGERY),OUT-OF-NETWORK,PERCENT PLAN PAYS,70,80,50,70,80,4,50,high,high,RISK,4
3,3,2,2,Hourly,2384,No,Rents,37,67,81,15,16,OUTPATIENT SERVICES (SURGERY),OUT-OF-NETWORK,PERCENT PLAN PAYS,70,50,70,80,80,4,50,high,high,RISK,4
2,2,3,3,Bonus,2363,Yes,Rents,52,64,80,15,16,OUTPATIENT SERVICES (SURGERY),OUT-OF-NETWORK,PERCENT PLAN PAYS,50,80,70,70,80,4,50,high,high,RISK,4
3,3,4,2,Salaried,4539,No,Owns,45,75,83,15,16,OUTPATIENT SERVICES (SURGERY),OUT-OF-NETWORK,PERCENT PLAN PAYS,50,80,70,70,80,4,50,high,high,RISK,4
3,3,2,2,Bonus,489,No,Rents,45,51,79,15,16,OUTPATIENT SERVICES (SURGERY),OUT-OF-NETWORK,PERCENT PLAN PAYS,50,70,70,80,80,4,50,high,high,RISK,4
4,4,2,4,Bonus,4623,Yes,Owns,40,73,76,15,16,OUTPATIENT SERVICES (SURGERY),OUT-OF-NETWORK,PERCENT PLAN PAYS,70,70,80,50,80,4,50,high,high,RISK,4
3,3,3,2,Salaried,153,Yes,Owns,36,61,80,15,16,OUTPATIENT SERVICES (SURGERY),OUT-OF-NETWORK,PERCENT PLAN PAYS,50,70,70,80,80,4,50,high,high,RISK,4
3,4,4,4,Salaried,3954,No,Owns,38,53,77,15,16,OUTPATIENT SERVICES (SURGERY),OUT-OF-NETWORK,PERCENT PLAN PAYS,70,80,70,50,80,4,50,high,high,RISK,4
3,3,2,3,Salaried,4742,No,Rents,35,65,80,15,16,OUTPATIENT SERVICES (SURGERY),OUT-OF-NETWORK,PERCENT PLAN PAYS,80,50,70,70,80,4,50,high,high,RISK,4
2,2,2,3,Hourly,3289,No,Rents,59,54,88,15,16,OUTPATIENT SERVICES (SURGERY),OUT-OF-NETWORK,PERCENT PLAN PAYS,50,70,70,80,80,4,50,high,high,RISK,4
2,2,3,3,Bonus,3409,Yes,Rents,54,58,79,15,16,OUTPATIENT SERVICES (SURGERY),OUT-OF-NETWORK,PERCENT PLAN PAYS,70,80,70,50,80,4,50,high,high,RISK,4
3,3,4,3,Bonus,3179,No,Rents,42,56,75,15,16,OUTPATIENT SERVICES (SURGERY),OUT-OF-NETWORK,PERCENT PLAN PAYS,80,50,70,70,80,4,50,high,high,RISK,4
3,3,2,4,Bonus,4271,No,Rents,43,64,87,15,16,OUTPATIENT SERVICES (SURGERY),OUT-OF-NETWORK,PERCENT PLAN PAYS,80,50,70,70,80,4,50,high,high,RISK,4
3,3,3,2,Hourly,4605,Yes,Rents,46,65,88,15,16,OUTPATIENT SERVICES (SURGERY),OUT-OF-NETWORK,PERCENT PLAN PAYS,50,70,80,70,80,4,50,high,high,RISK,4
2,4,4,4,Salaried,3042,Yes,Rents,37,60,80,15,16,OUTPATIENT SERVICES (SURGERY),OUT-OF-NETWORK,PERCENT PLAN PAYS,80,70,50,70,80,4,50,high,high,RISK,4
2,4,4,3,Hourly,170,No,Rents,61,60,83,15,16,OUTPATIENT SERVICES (SURGERY),OUT-OF-NETWORK,PERCENT PLAN PAYS,50,70,70,80,80,4,50,high,high,RISK,4
2,3,3,4,Salaried,2062,No,Rents,40,72,79,15,16,OUTPATIENT SERVICES (SURGERY),OUT-OF-NETWORK,PERCENT PLAN PAYS,70,50,80,70,80,4,50,high,high,RISK,4
4,4,4,4,Bonus,1962,No,Rents,35,68,84,15,16,OUTPATIENT SERVICES (SURGERY),OUT-OF-NETWORK,PERCENT PLAN PAYS,50,70,80,70,80,4,50,high,high,RISK,4
2,2,3,2,Bonus,1006,No,Owns,50,63,98,15,16,OUTPATIENT SERVICES (SURGERY),OUT-OF-NETWORK,PERCENT PLAN PAYS,50,80,70,70,80,4,50,high,high,RISK,4
2,4,3,4,Salaried,4555,No,Rents,42,55,84,15,16,OUTPATIENT SERVICES (SURGERY),OUT-OF-NETWORK,PERCENT PLAN PAYS,80,50,70,70,80,4,50,high,high,RISK,4
4,3,4,3,Bonus,458,No,Rents,46,70,81,15,16,OUTPATIENT SERVICES (SURGERY),OUT-OF-NETWORK,PERCENT PLAN PAYS,70,80,50,70,80,4,50,high,high,RISK,4
4,3,4,3,Hourly,1593,No,Owns,36,55,76,15,16,OUTPATIENT SERVICES (SURGERY),OUT-OF-NETWORK,PERCENT PLAN PAYS,70,70,80,50,80,4,50,high,high,RISK,4
3,4,2,3,Hourly,4519,Yes,Owns,48,75,77,15,16,OUTPATIENT SERVICES (SURGERY),OUT-OF-NETWORK,PERCENT PLAN PAYS,70,50,70,80,80,4,50,high,high,RISK,4
2,4,3,3,Bonus,2639,No,Rents,36,60,78,15,16,OUTPATIENT SERVICES (SURGERY),OUT-OF-NETWORK,PERCENT PLAN PAYS,70,80,50,70,80,4,50,high,high,RISK,4
2,3,4,3,Hourly,2563,Yes,Rents,59,56,100,15,16,OUTPATIENT SERVICES (SURGERY),OUT-OF-NETWORK,PERCENT PLAN PAYS,50,80,70,70,80,4,50,high,high,RISK,4
3,4,4,4,Bonus,2810,Yes,Owns,58,74,85,15,16,OUTPATIENT SERVICES (SURGERY),OUT-OF-NETWORK,PERCENT PLAN PAYS,50,70,80,70,80,4,50,high,high,RISK,4
3,4,3,4,Hourly,2954,Yes,Owns,64,67,81,15,16,OUTPATIENT SERVICES (SURGERY),OUT-OF-NETWORK,PERCENT PLAN PAYS,70,80,70,50,80,4,50,high,high,RISK,4
3,2,4,3,Hourly,2299,Yes,Owns,54,64,80,15,16,OUTPATIENT SERVICES (SURGERY),OUT-OF-NETWORK,PERCENT PLAN PAYS,50,70,70,80,80,4,50,high,high,RISK,4
2,3,4,4,Hourly,1155,No,Rents,37,75,83,15,16,OUTPATIENT SERVICES (SURGERY),OUT-OF-NETWORK,PERCENT PLAN PAYS,70,50,70,80,80,4,50,high,high,RISK,4
4,4,3,3,Salaried,3352,Yes,Rents,38,73,76,15,16,OUTPATIENT SERVICES (SURGERY),OUT-OF-NETWORK,PERCENT PLAN PAYS,80,50,70,70,80,4,50,high,high,RISK,4
4,3,2,3,Hourly,3735,Yes,Owns,58,61,80,15,16,OUTPATIENT SERVICES (SURGERY),OUT-OF-NETWORK,PERCENT PLAN PAYS,70,70,80,50,80,4,50,high,high,RISK,4
4,3,3,4,Salaried,1125,Yes,Rents,38,53,77,15,16,OUTPATIENT SERVICES (SURGERY),OUT-OF-NETWORK,PERCENT PLAN PAYS,50,70,70,80,80,4,50,high,high,RISK,4
4,2,4,2,Bonus,4695,No,Owns,35,65,80,15,16,OUTPATIENT SERVICES (SURGERY),OUT-OF-NETWORK,PERCENT PLAN PAYS,70,70,80,50,80,4,50,high,high,RISK,4
3,3,3,4,Salaried,1210,No,Rents,62,54,88,15,16,OUTPATIENT SERVICES (SURGERY),OUT-OF-NETWORK,PERCENT PLAN PAYS,50,70,80,70,80,4,50,high,high,RISK,4
4,4,4,2,Bonus,3149,No,Owns,37,58,79,15,16,OUTPATIENT SERVICES (SURGERY),OUT-OF-NETWORK,PERCENT PLAN PAYS,80,50,70,70,80,4,50,high,high,RISK,4
4,3,4,4,Bonus,3757,No,Rents,38,56,75,15,16,OUTPATIENT SERVICES (SURGERY),OUT-OF-NETWORK,PERCENT PLAN PAYS,70,80,50,70,80,4,50,high,high,RISK,4
4,3,4,4,Salaried,4038,Yes,Rents,51,64,87,15,16,OUTPATIENT SERVICES (SURGERY),OUT-OF-NETWORK,PERCENT PLAN PAYS,70,50,80,70,80,4,50,high,high,RISK,4
2,3,3,4,Bonus,381,No,Owns,41,65,88,15,16,OUTPATIENT SERVICES (SURGERY),OUT-OF-NETWORK,PERCENT PLAN PAYS,70,70,50,80,80,4,50,high,high,RISK,4
3,3,3,3,Hourly,2879,Yes,Rents,61,60,80,15,16,OUTPATIENT SERVICES (SURGERY),OUT-OF-NETWORK,PERCENT PLAN PAYS,80,70,50,70,80,4,50,high,high,RISK,4
4,4,3,2,Hourly,2246,No,Owns,62,60,83,15,16,OUTPATIENT SERVICES (SURGERY),OUT-OF-NETWORK,PERCENT PLAN PAYS,70,80,70,50,80,4,50,high,high,RISK,4
2,4,3,2,Hourly,3337,No,Rents,39,72,79,15,16,OUTPATIENT SERVICES (SURGERY),OUT-OF-NETWORK,PERCENT PLAN PAYS,70,50,70,80,80,4,50,high,high,RISK,4
4,3,3,4,Hourly,874,No,Owns,63,68,84,15,16,OUTPATIENT SERVICES (SURGERY),OUT-OF-NETWORK,PERCENT PLAN PAYS,70,50,70,80,80,4,50,high,high,RISK,4
3,4,2,3,Hourly,4470,Yes,Owns,36,63,98,15,16,OUTPATIENT SERVICES (SURGERY),OUT-OF-NETWORK,PERCENT PLAN PAYS,50,80,70,70,80,4,50,high,high,RISK,4
4,3,4,3,Hourly,3252,Yes,Owns,46,55,84,15,16,OUTPATIENT SERVICES (SURGERY),OUT-OF-NETWORK,PERCENT PLAN PAYS,70,50,70,80,80,4,50,high,high,RISK,4
3,4,2,3,Hourly,176,Yes,Rents,45,70,81,15,16,OUTPATIENT SERVICES (SURGERY),OUT-OF-NETWORK,PERCENT PLAN PAYS,70,80,70,50,80,4,50,high,high,RISK,4
4,3,4,2,Hourly,3681,Yes,Owns,38,55,76,15,16,OUTPATIENT SERVICES (SURGERY),OUT-OF-NETWORK,PERCENT PLAN PAYS,50,70,70,80,80,4,50,high,high,RISK,4
3,4,4,4,Hourly,1019,Yes,Owns,59,75,77,15,16,OUTPATIENT SERVICES (SURGERY),OUT-OF-NETWORK,PERCENT PLAN PAYS,70,80,50,70,80,4,50,high,high,RISK,4
3,4,4,3,Bonus,4493,Yes,Owns,64,60,78,15,16,OUTPATIENT SERVICES (SURGERY),OUT-OF-NETWORK,PERCENT PLAN PAYS,50,70,70,80,80,4,50,high,high,RISK,4
3,4,4,2,Salaried,1012,Yes,Owns,58,56,100,15,16,OUTPATIENT SERVICES (SURGERY),OUT-OF-NETWORK,PERCENT PLAN PAYS,50,80,70,70,80,4,50,high,high,RISK,4
2,2,4,3,Bonus,1248,Yes,Rents,39,74,85,15,16,OUTPATIENT SERVICES (SURGERY),OUT-OF-NETWORK,PERCENT PLAN PAYS,80,70,50,70,80,4,50,high,high,RISK,4
2,3,3,3,Salaried,1214,No,Owns,37,67,81,15,16,OUTPATIENT SERVICES (SURGERY),OUT-OF-NETWORK,PERCENT PLAN PAYS,70,80,50,70,80,4,50,high,high,RISK,4
4,3,3,2,Salaried,2852,Yes,Rents,38,64,80,15,16,OUTPATIENT SERVICES (SURGERY),OUT-OF-NETWORK,PERCENT PLAN PAYS,50,70,70,80,80,4,50,high,high,RISK,4
3,3,2,2,Bonus,1440,Yes,Owns,46,75,83,15,16,OUTPATIENT SERVICES (SURGERY),OUT-OF-NETWORK,PERCENT PLAN PAYS,70,70,80,50,80,4,50,high,high,RISK,4
4,2,4,3,Bonus,2951,No,Owns,48,51,79,15,16,OUTPATIENT SERVICES (SURGERY),OUT-OF-NETWORK,PERCENT PLAN PAYS,50,80,70,70,80,4,50,high,high,RISK,4
1,0,0,1,Salaried,4377,No,Rents,4,9,1,16,1,URGENT CARE CENTER,IN-NETWORK,CO-PAY IN $,50,30,0,75,75,1,5,low,low,RISK,1
0,0,1,0,Salaried,1919,No,Owns,4,4,5,16,1,URGENT CARE CENTER,IN-NETWORK,CO-PAY IN $,30,50,75,0,75,1,5,low,low,RISK,1
0,0,0,0,Salaried,4671,Yes,Rents,7,1,2,16,1,URGENT CARE CENTER,IN-NETWORK,CO-PAY IN $,75,30,0,50,75,1,5,low,low,RISK,1
1,1,0,0,Bonus,1139,No,Owns,6,6,5,16,1,URGENT CARE CENTER,IN-NETWORK,CO-PAY IN $,0,30,75,50,75,1,5,low,low,RISK,1
0,1,1,0,Bonus,3085,No,Rents,3,1,13,16,1,URGENT CARE CENTER,IN-NETWORK,CO-PAY IN $,30,0,75,50,75,1,5,low,low,RISK,1
0,1,1,0,Salaried,912,Yes,Rents,9,3,4,16,1,URGENT CARE CENTER,IN-NETWORK,CO-PAY IN $,0,75,50,30,75,1,5,low,low,RISK,1
1,0,1,0,Hourly,3561,Yes,Owns,5,2,0,16,1,URGENT CARE CENTER,IN-NETWORK,CO-PAY IN $,50,0,75,30,75,1,5,low,low,RISK,1
1,1,0,0,Hourly,4350,No,Rents,2,5,12,16,1,URGENT CARE CENTER,IN-NETWORK,CO-PAY IN $,50,30,0,75,75,1,5,low,low,RISK,1
1,1,0,1,Salaried,3664,No,Owns,1,6,13,16,1,URGENT CARE CENTER,IN-NETWORK,CO-PAY IN $,30,50,75,0,75,1,5,low,low,RISK,1
0,0,0,0,Bonus,1972,Yes,Owns,9,4,5,16,1,URGENT CARE CENTER,IN-NETWORK,CO-PAY IN $,30,0,50,75,75,1,5,low,low,RISK,1
0,0,1,1,Salaried,1235,Yes,Rents,7,4,8,16,1,URGENT CARE CENTER,IN-NETWORK,CO-PAY IN $,75,0,30,50,75,1,5,low,low,RISK,1
0,1,0,0,Bonus,2294,Yes,Owns,4,9,4,16,1,URGENT CARE CENTER,IN-NETWORK,CO-PAY IN $,75,0,30,50,75,1,5,low,low,RISK,1
0,0,1,0,Salaried,4592,Yes,Rents,9,7,9,16,1,URGENT CARE CENTER,IN-NETWORK,CO-PAY IN $,0,50,75,30,75,1,5,low,low,RISK,1
0,0,0,1,Hourly,2183,Yes,Owns,1,5,23,16,1,URGENT CARE CENTER,IN-NETWORK,CO-PAY IN $,30,75,50,0,75,1,5,low,low,RISK,1
0,0,1,0,Salaried,1622,Yes,Rents,2,1,9,16,1,URGENT CARE CENTER,IN-NETWORK,CO-PAY IN $,0,75,50,30,75,1,5,low,low,RISK,1
0,1,0,1,Salaried,4259,Yes,Rents,1,8,6,16,1,URGENT CARE CENTER,IN-NETWORK,CO-PAY IN $,0,50,75,30,75,1,5,low,low,RISK,1
1,0,0,1,Salaried,4138,No,Owns,9,2,1,16,1,URGENT CARE CENTER,IN-NETWORK,CO-PAY IN $,50,30,75,0,75,1,5,low,low,RISK,1
1,0,0,1,Bonus,2742,No,Owns,10,10,2,16,1,URGENT CARE CENTER,IN-NETWORK,CO-PAY IN $,75,0,50,30,75,1,5,low,low,RISK,1
0,0,0,1,Bonus,4027,Yes,Rents,3,4,3,16,1,URGENT CARE CENTER,IN-NETWORK,CO-PAY IN $,0,30,75,50,75,1,5,low,low,RISK,1
1,0,0,0,Bonus,3643,No,Rents,8,2,25,16,1,URGENT CARE CENTER,IN-NETWORK,CO-PAY IN $,75,30,0,50,75,1,5,low,low,RISK,1
1,0,1,0,Salaried,1855,No,Rents,9,10,10,16,1,URGENT CARE CENTER,IN-NETWORK,CO-PAY IN $,75,30,50,0,75,1,5,low,low,RISK,1
0,1,0,0,Bonus,4199,No,Owns,7,7,6,16,1,URGENT CARE CENTER,IN-NETWORK,CO-PAY IN $,0,75,30,50,75,1,5,low,low,RISK,1
0,1,0,0,Salaried,358,No,Rents,5,5,5,16,1,URGENT CARE CENTER,IN-NETWORK,CO-PAY IN $,50,0,75,30,75,1,5,low,low,RISK,1
0,0,1,0,Salaried,2175,No,Owns,8,10,8,16,1,URGENT CARE CENTER,IN-NETWORK,CO-PAY IN $,0,50,75,30,75,1,5,low,low,RISK,1
0,1,0,0,Bonus,2804,No,Owns,4,0,4,16,1,URGENT CARE CENTER,IN-NETWORK,CO-PAY IN $,75,30,0,50,75,1,5,low,low,RISK,1
1,1,1,0,Bonus,2793,Yes,Owns,9,9,1,16,1,URGENT CARE CENTER,IN-NETWORK,CO-PAY IN $,0,30,50,75,75,1,5,low,low,RISK,1
1,0,1,0,Salaried,1366,No,Owns,7,4,5,16,1,URGENT CARE CENTER,IN-NETWORK,CO-PAY IN $,0,30,50,75,75,1,5,low,low,RISK,1
0,1,1,1,Salaried,3990,No,Rents,6,1,2,16,1,URGENT CARE CENTER,IN-NETWORK,CO-PAY IN $,50,30,75,0,75,1,5,low,low,RISK,1
0,0,0,0,Salaried,1625,No,Owns,8,6,5,16,1,URGENT CARE CENTER,IN-NETWORK,CO-PAY IN $,0,50,30,75,75,1,5,low,low,RISK,1
1,1,0,0,Hourly,1178,No,Owns,0,1,13,16,1,URGENT CARE CENTER,IN-NETWORK,CO-PAY IN $,30,0,75,50,75,1,5,low,low,RISK,1
0,0,0,0,Hourly,2665,No,Rents,2,3,4,16,1,URGENT CARE CENTER,IN-NETWORK,CO-PAY IN $,50,75,30,0,75,1,5,low,low,RISK,1
1,1,1,0,Hourly,4144,No,Owns,3,2,0,16,1,URGENT CARE CENTER,IN-NETWORK,CO-PAY IN $,50,75,30,0,75,1,5,low,low,RISK,1
0,0,1,0,Hourly,2547,Yes,Owns,7,5,12,16,1,URGENT CARE CENTER,IN-NETWORK,CO-PAY IN $,75,30,50,0,75,1,5,low,low,RISK,1
1,0,1,0,Hourly,152,Yes,Owns,8,6,13,16,1,URGENT CARE CENTER,IN-NETWORK,CO-PAY IN $,50,75,30,0,75,1,5,low,low,RISK,1
0,0,0,0,Bonus,2909,Yes,Rents,3,4,5,16,1,URGENT CARE CENTER,IN-NETWORK,CO-PAY IN $,50,0,30,75,75,1,5,low,low,RISK,1
1,1,0,0,Bonus,2404,Yes,Owns,5,4,8,16,1,URGENT CARE CENTER,IN-NETWORK,CO-PAY IN $,0,75,30,50,75,1,5,low,low,RISK,1
1,0,1,1,Bonus,144,Yes,Owns,4,9,4,16,1,URGENT CARE CENTER,IN-NETWORK,CO-PAY IN $,50,0,30,75,75,1,5,low,low,RISK,1
1,0,1,0,Hourly,2250,No,Owns,4,7,9,16,1,URGENT CARE CENTER,IN-NETWORK,CO-PAY IN $,75,0,30,50,75,1,5,low,low,RISK,1
1,0,0,0,Hourly,4826,No,Owns,4,5,23,16,1,URGENT CARE CENTER,IN-NETWORK,CO-PAY IN $,0,75,50,30,75,1,5,low,low,RISK,1
1,1,0,0,Salaried,792,No,Owns,5,1,9,16,1,URGENT CARE CENTER,IN-NETWORK,CO-PAY IN $,30,50,0,75,75,1,5,low,low,RISK,1
0,1,0,0,Hourly,3429,No,Rents,8,8,6,16,1,URGENT CARE CENTER,IN-NETWORK,CO-PAY IN $,50,30,0,75,75,1,5,low,low,RISK,1
0,1,0,0,Hourly,1596,Yes,Owns,5,2,1,16,1,URGENT CARE CENTER,IN-NETWORK,CO-PAY IN $,30,50,75,0,75,1,5,low,low,RISK,1
1,1,1,0,Salaried,83,Yes,Owns,2,10,2,16,1,URGENT CARE CENTER,IN-NETWORK,CO-PAY IN $,50,30,0,75,75,1,5,low,low,RISK,1
1,1,0,1,Salaried,3601,No,Owns,1,4,3,16,1,URGENT CARE CENTER,IN-NETWORK,CO-PAY IN $,0,50,30,75,75,1,5,low,low,RISK,1
0,0,0,1,Bonus,861,No,Owns,8,2,25,16,1,URGENT CARE CENTER,IN-NETWORK,CO-PAY IN $,50,75,30,0,75,1,5,low,low,RISK,1
0,1,1,1,Salaried,2240,Yes,Rents,8,10,10,16,1,URGENT CARE CENTER,IN-NETWORK,CO-PAY IN $,50,0,30,75,75,1,5,low,low,RISK,1
0,0,0,0,Hourly,2384,No,Rents,1,7,6,16,1,URGENT CARE CENTER,IN-NETWORK,CO-PAY IN $,75,0,30,50,75,1,5,low,low,RISK,1
0,0,0,0,Bonus,2363,Yes,Rents,6,5,5,16,1,URGENT CARE CENTER,IN-NETWORK,CO-PAY IN $,75,50,30,0,75,1,5,low,low,RISK,1
0,0,1,0,Salaried,4539,No,Owns,3,10,8,16,1,URGENT CARE CENTER,IN-NETWORK,CO-PAY IN $,30,50,75,0,75,1,5,low,low,RISK,1
0,0,0,0,Bonus,489,No,Rents,3,0,4,16,1,URGENT CARE CENTER,IN-NETWORK,CO-PAY IN $,50,30,0,75,75,1,5,low,low,RISK,1
0,1,0,1,Bonus,4623,Yes,Owns,2,9,1,16,1,URGENT CARE CENTER,IN-NETWORK,CO-PAY IN $,30,75,50,0,75,1,5,low,low,RISK,1
0,0,0,0,Salaried,153,Yes,Owns,0,4,5,16,1,URGENT CARE CENTER,IN-NETWORK,CO-PAY IN $,30,50,0,75,75,1,5,low,low,RISK,1
0,1,1,0,Salaried,3954,No,Owns,1,1,2,16,1,URGENT CARE CENTER,IN-NETWORK,CO-PAY IN $,50,30,75,0,75,1,5,low,low,RISK,1
0,0,0,0,Salaried,4742,No,Rents,0,6,5,16,1,URGENT CARE CENTER,IN-NETWORK,CO-PAY IN $,30,50,75,0,75,1,5,low,low,RISK,1
0,0,0,0,Hourly,3289,No,Rents,8,1,13,16,1,URGENT CARE CENTER,IN-NETWORK,CO-PAY IN $,50,0,30,75,75,1,5,low,low,RISK,1
0,0,0,0,Bonus,3409,Yes,Rents,6,3,4,16,1,URGENT CARE CENTER,IN-NETWORK,CO-PAY IN $,0,75,30,50,75,1,5,low,low,RISK,1
0,0,1,0,Bonus,3179,No,Rents,2,2,0,16,1,URGENT CARE CENTER,IN-NETWORK,CO-PAY IN $,75,30,50,0,75,1,5,low,low,RISK,1
0,0,0,0,Bonus,4271,No,Rents,3,5,12,16,1,URGENT CARE CENTER,IN-NETWORK,CO-PAY IN $,75,0,50,30,75,1,5,low,low,RISK,1
0,0,0,0,Hourly,4605,Yes,Rents,4,6,13,16,1,URGENT CARE CENTER,IN-NETWORK,CO-PAY IN $,0,30,75,50,75,1,5,low,low,RISK,1
0,1,1,1,Salaried,3042,Yes,Rents,1,4,5,16,1,URGENT CARE CENTER,IN-NETWORK,CO-PAY IN $,50,0,30,75,75,1,5,low,low,RISK,1
0,1,1,0,Hourly,170,No,Rents,9,4,8,16,1,URGENT CARE CENTER,IN-NETWORK,CO-PAY IN $,75,30,0,50,75,1,5,low,low,RISK,1
0,0,0,1,Salaried,2062,No,Rents,2,9,4,16,1,URGENT CARE CENTER,IN-NETWORK,CO-PAY IN $,75,50,30,0,75,1,5,low,low,RISK,1
1,0,1,1,Bonus,1962,No,Rents,0,7,9,16,1,URGENT CARE CENTER,IN-NETWORK,CO-PAY IN $,50,75,30,0,75,1,5,low,low,RISK,1
0,0,0,0,Bonus,1006,No,Owns,5,5,23,16,1,URGENT CARE CENTER,IN-NETWORK,CO-PAY IN $,50,75,30,0,75,1,5,low,low,RISK,1
0,1,0,1,Salaried,4555,No,Rents,2,1,9,16,1,URGENT CARE CENTER,IN-NETWORK,CO-PAY IN $,0,75,50,30,75,1,5,low,low,RISK,1
1,0,1,0,Bonus,458,No,Rents,4,8,6,16,1,URGENT CARE CENTER,IN-NETWORK,CO-PAY IN $,30,0,50,75,75,1,5,low,low,RISK,1
1,0,1,0,Hourly,1593,No,Owns,0,2,1,16,1,URGENT CARE CENTER,IN-NETWORK,CO-PAY IN $,0,30,75,50,75,1,5,low,low,RISK,1
0,1,0,0,Hourly,4519,Yes,Owns,4,10,2,16,1,URGENT CARE CENTER,IN-NETWORK,CO-PAY IN $,0,50,75,30,75,1,5,low,low,RISK,1
0,1,0,0,Bonus,2639,No,Rents,0,4,3,16,1,URGENT CARE CENTER,IN-NETWORK,CO-PAY IN $,30,50,75,0,75,1,5,low,low,RISK,1
0,0,1,0,Hourly,2563,Yes,Rents,8,2,25,16,1,URGENT CARE CENTER,IN-NETWORK,CO-PAY IN $,50,0,30,75,75,1,5,low,low,RISK,1
0,0,1,1,Bonus,2810,Yes,Owns,8,10,10,16,1,URGENT CARE CENTER,IN-NETWORK,CO-PAY IN $,75,0,30,50,75,1,5,low,low,RISK,1
0,0,0,1,Hourly,2954,Yes,Owns,10,7,6,16,1,URGENT CARE CENTER,IN-NETWORK,CO-PAY IN $,50,75,0,30,75,1,5,low,low,RISK,1
0,0,1,0,Hourly,2299,Yes,Owns,6,5,5,16,1,URGENT CARE CENTER,IN-NETWORK,CO-PAY IN $,75,50,0,30,75,1,5,low,low,RISK,1
0,0,1,1,Hourly,1155,No,Rents,1,10,8,16,1,URGENT CARE CENTER,IN-NETWORK,CO-PAY IN $,50,0,30,75,75,1,5,low,low,RISK,1
1,0,1,0,Bonus,1856,Yes,Rents,7,0,4,16,1,URGENT CARE CENTER,IN-NETWORK,CO-PAY IN $,75,0,30,50,75,1,5,low,low,RISK,1
1,1,0,0,Salaried,3352,Yes,Rents,1,9,1,16,1,URGENT CARE CENTER,IN-NETWORK,CO-PAY IN $,30,75,0,50,75,1,5,low,low,RISK,1
1,0,0,0,Hourly,3735,Yes,Owns,8,4,5,16,1,URGENT CARE CENTER,IN-NETWORK,CO-PAY IN $,50,30,75,0,75,1,5,low,low,RISK,1
1,0,0,1,Salaried,1125,Yes,Rents,1,1,2,16,1,URGENT CARE CENTER,IN-NETWORK,CO-PAY IN $,75,50,30,0,75,1,5,low,low,RISK,1
1,0,1,0,Bonus,4695,No,Owns,0,6,5,16,1,URGENT CARE CENTER,IN-NETWORK,CO-PAY IN $,75,30,50,0,75,1,5,low,low,RISK,1
0,0,0,1,Salaried,1210,No,Rents,9,1,13,16,1,URGENT CARE CENTER,IN-NETWORK,CO-PAY IN $,30,75,50,0,75,1,5,low,low,RISK,1
1,1,1,0,Bonus,3149,No,Owns,1,3,4,16,1,URGENT CARE CENTER,IN-NETWORK,CO-PAY IN $,50,30,75,0,75,1,5,low,low,RISK,1
1,0,0,0,Bonus,3757,No,Rents,1,2,0,16,1,URGENT CARE CENTER,IN-NETWORK,CO-PAY IN $,75,50,30,0,75,1,5,low,low,RISK,1
1,0,1,1,Salaried,4038,Yes,Rents,5,5,12,16,1,URGENT CARE CENTER,IN-NETWORK,CO-PAY IN $,75,50,0,30,75,1,5,low,low,RISK,1
0,0,0,1,Bonus,381,No,Owns,2,6,13,16,1,URGENT CARE CENTER,IN-NETWORK,CO-PAY IN $,75,30,0,50,75,1,5,low,low,RISK,1
0,0,0,0,Hourly,2879,Yes,Rents,9,4,5,16,1,URGENT CARE CENTER,IN-NETWORK,CO-PAY IN $,30,0,75,50,75,1,5,low,low,RISK,1
0,1,0,0,Hourly,2246,No,Owns,9,4,8,16,1,URGENT CARE CENTER,IN-NETWORK,CO-PAY IN $,30,75,0,50,75,1,5,low,low,RISK,1
0,1,0,0,Hourly,3337,No,Rents,1,9,4,16,1,URGENT CARE CENTER,IN-NETWORK,CO-PAY IN $,50,75,30,0,75,1,5,low,low,RISK,1
1,0,0,0,Hourly,874,No,Owns,9,7,9,16,1,URGENT CARE CENTER,IN-NETWORK,CO-PAY IN $,30,75,50,0,75,1,5,low,low,RISK,1
0,1,0,0,Hourly,4470,Yes,Owns,0,5,23,16,1,URGENT CARE CENTER,IN-NETWORK,CO-PAY IN $,75,30,0,50,75,1,5,low,low,RISK,1
1,0,1,0,Hourly,3252,Yes,Owns,4,1,9,16,1,URGENT CARE CENTER,IN-NETWORK,CO-PAY IN $,75,30,50,0,75,1,5,low,low,RISK,1
0,1,0,0,Hourly,176,Yes,Rents,3,8,6,16,1,URGENT CARE CENTER,IN-NETWORK,CO-PAY IN $,0,30,75,50,75,1,5,low,low,RISK,1
0,0,1,0,Hourly,3681,Yes,Owns,1,2,1,16,1,URGENT CARE CENTER,IN-NETWORK,CO-PAY IN $,0,75,50,30,75,1,5,low,low,RISK,1
0,1,1,1,Hourly,1019,Yes,Owns,8,10,2,16,1,URGENT CARE CENTER,IN-NETWORK,CO-PAY IN $,50,30,75,0,75,1,5,low,low,RISK,1
0,1,1,0,Bonus,4493,Yes,Owns,10,4,3,16,1,URGENT CARE CENTER,IN-NETWORK,CO-PAY IN $,50,75,0,30,75,1,5,low,low,RISK,1
0,1,1,0,Salaried,1012,Yes,Owns,8,2,25,16,1,URGENT CARE CENTER,IN-NETWORK,CO-PAY IN $,30,0,50,75,75,1,5,low,low,RISK,1
0,0,0,0,Bonus,1248,Yes,Rents,1,10,10,16,1,URGENT CARE CENTER,IN-NETWORK,CO-PAY IN $,0,50,30,75,75,1,5,low,low,RISK,1
0,0,0,0,Salaried,1214,No,Owns,1,7,6,16,1,URGENT CARE CENTER,IN-NETWORK,CO-PAY IN $,0,75,30,50,75,1,5,low,low,RISK,1
1,0,0,0,Salaried,2852,Yes,Rents,1,5,5,16,1,URGENT CARE CENTER,IN-NETWORK,CO-PAY IN $,0,50,30,75,75,1,5,low,low,RISK,1
0,0,0,0,Bonus,1440,Yes,Owns,4,10,8,16,1,URGENT CARE CENTER,IN-NETWORK,CO-PAY IN $,0,50,75,30,75,1,5,low,low,RISK,1
1,0,1,0,Bonus,2951,No,Owns,4,0,4,16,1,URGENT CARE CENTER,IN-NETWORK,CO-PAY IN $,50,75,30,0,75,1,5,low,low,RISK,1
2,1,0,2,Salaried,4377,No,Rents,10,19,27,16,2,URGENT CARE CENTER,IN-NETWORK,CO-PAY IN $,0,30,75,50,75,1,10,low,low,RISK,1
0,1,1,0,Salaried,1919,No,Owns,10,15,31,16,2,URGENT CARE CENTER,IN-NETWORK,CO-PAY IN $,75,50,0,30,75,1,10,low,low,RISK,1
1,1,0,0,Salaried,4671,Yes,Rents,15,12,28,16,2,URGENT CARE CENTER,IN-NETWORK,CO-PAY IN $,30,75,0,50,75,1,10,low,low,RISK,1
2,1,0,0,Bonus,1139,No,Owns,13,16,31,16,2,URGENT CARE CENTER,IN-NETWORK,CO-PAY IN $,50,75,0,30,75,1,10,low,low,RISK,1
1,1,2,1,Bonus,3085,No,Rents,9,12,39,16,2,URGENT CARE CENTER,IN-NETWORK,CO-PAY IN $,0,50,75,30,75,1,10,low,low,RISK,1
0,1,2,0,Salaried,912,Yes,Rents,16,14,30,16,2,URGENT CARE CENTER,IN-NETWORK,CO-PAY IN $,50,30,75,0,75,1,10,low,low,RISK,1
1,0,2,1,Hourly,3561,Yes,Owns,12,13,26,16,2,URGENT CARE CENTER,IN-NETWORK,CO-PAY IN $,0,75,30,50,75,1,10,low,low,RISK,1
1,2,0,0,Hourly,4350,No,Rents,7,16,37,16,2,URGENT CARE CENTER,IN-NETWORK,CO-PAY IN $,75,0,50,30,75,1,10,low,low,RISK,1
2,2,1,2,Salaried,3664,No,Owns,7,16,39,16,2,URGENT CARE CENTER,IN-NETWORK,CO-PAY IN $,30,50,0,75,75,1,10,low,low,RISK,1
0,0,0,1,Bonus,1972,Yes,Owns,17,14,30,16,2,URGENT CARE CENTER,IN-NETWORK,CO-PAY IN $,75,0,50,30,75,1,10,low,low,RISK,1
1,0,2,2,Salaried,1235,Yes,Rents,14,14,34,16,2,URGENT CARE CENTER,IN-NETWORK,CO-PAY IN $,0,75,50,30,75,1,10,low,low,RISK,1
0,2,0,1,Bonus,2294,Yes,Owns,10,19,30,16,2,URGENT CARE CENTER,IN-NETWORK,CO-PAY IN $,30,50,75,0,75,1,10,low,low,RISK,1
0,1,2,0,Salaried,4592,Yes,Rents,16,17,35,16,2,URGENT CARE CENTER,IN-NETWORK,CO-PAY IN $,50,75,0,30,75,1,10,low,low,RISK,1
0,0,1,1,Hourly,2183,Yes,Owns,6,15,48,16,2,URGENT CARE CENTER,IN-NETWORK,CO-PAY IN $,30,75,50,0,75,1,10,low,low,RISK,1
1,1,2,1,Salaried,1622,Yes,Rents,8,12,35,16,2,URGENT CARE CENTER,IN-NETWORK,CO-PAY IN $,50,75,30,0,75,1,10,low,low,RISK,1
1,2,1,2,Salaried,4259,Yes,Rents,6,18,32,16,2,URGENT CARE CENTER,IN-NETWORK,CO-PAY IN $,75,0,30,50,75,1,10,low,low,RISK,1
2,1,1,2,Salaried,4138,No,Owns,17,13,27,16,2,URGENT CARE CENTER,IN-NETWORK,CO-PAY IN $,75,30,50,0,75,1,10,low,low,RISK,1
2,0,1,2,Bonus,2742,No,Owns,17,20,28,16,2,URGENT CARE CENTER,IN-NETWORK,CO-PAY IN $,50,0,30,75,75,1,10,low,low,RISK,1
1,1,0,2,Bonus,4027,Yes,Rents,8,14,29,16,2,URGENT CARE CENTER,IN-NETWORK,CO-PAY IN $,50,0,30,75,75,1,10,low,low,RISK,1
1,1,0,0,Bonus,3643,No,Rents,16,13,50,16,2,URGENT CARE CENTER,IN-NETWORK,CO-PAY IN $,75,30,0,50,75,1,10,low,low,RISK,1
1,0,2,0,Salaried,1855,No,Rents,17,20,35,16,2,URGENT CARE CENTER,IN-NETWORK,CO-PAY IN $,0,30,75,50,75,1,10,low,low,RISK,1
1,2,0,1,Bonus,4199,No,Owns,14,17,32,16,2,URGENT CARE CENTER,IN-NETWORK,CO-PAY IN $,50,30,75,0,75,1,10,low,low,RISK,1
0,2,1,0,Salaried,358,No,Rents,12,16,31,16,2,URGENT CARE CENTER,IN-NETWORK,CO-PAY IN $,50,0,30,75,75,1,10,low,low,RISK,1
1,1,1,1,Salaried,2175,No,Owns,16,20,34,16,2,URGENT CARE CENTER,IN-NETWORK,CO-PAY IN $,75,0,50,30,75,1,10,low,low,RISK,1
1,1,0,0,Bonus,2804,No,Owns,11,11,30,16,2,URGENT CARE CENTER,IN-NETWORK,CO-PAY IN $,75,0,50,30,75,1,10,low,low,RISK,1
2,1,2,1,Bonus,2793,Yes,Owns,17,19,27,16,2,URGENT CARE CENTER,IN-NETWORK,CO-PAY IN $,0,50,75,30,75,1,10,low,low,RISK,1
2,0,2,0,Salaried,1366,No,Owns,14,15,31,16,2,URGENT CARE CENTER,IN-NETWORK,CO-PAY IN $,30,50,75,0,75,1,10,low,low,RISK,1
0,1,1,2,Salaried,3990,No,Rents,13,12,28,16,2,URGENT CARE CENTER,IN-NETWORK,CO-PAY IN $,0,50,30,75,75,1,10,low,low,RISK,1
0,1,1,0,Salaried,1625,No,Owns,16,16,31,16,2,URGENT CARE CENTER,IN-NETWORK,CO-PAY IN $,30,0,75,50,75,1,10,low,low,RISK,1
1,2,0,0,Hourly,1178,No,Owns,5,12,39,16,2,URGENT CARE CENTER,IN-NETWORK,CO-PAY IN $,0,75,50,30,75,1,10,low,low,RISK,1
1,1,0,0,Hourly,2665,No,Rents,8,14,30,16,2,URGENT CARE CENTER,IN-NETWORK,CO-PAY IN $,30,0,50,75,75,1,10,low,low,RISK,1
1,1,2,0,Hourly,4144,No,Owns,9,13,26,16,2,URGENT CARE CENTER,IN-NETWORK,CO-PAY IN $,75,30,50,0,75,1,10,low,low,RISK,1
1,1,2,0,Hourly,2547,Yes,Owns,14,16,37,16,2,URGENT CARE CENTER,IN-NETWORK,CO-PAY IN $,50,75,30,0,75,1,10,low,low,RISK,1
1,1,1,0,Hourly,152,Yes,Owns,15,16,39,16,2,URGENT CARE CENTER,IN-NETWORK,CO-PAY IN $,30,0,50,75,75,1,10,low,low,RISK,1
0,0,0,0,Bonus,2909,Yes,Rents,9,14,30,16,2,URGENT CARE CENTER,IN-NETWORK,CO-PAY IN $,50,0,30,75,75,1,10,low,low,RISK,1
2,2,1,1,Bonus,2404,Yes,Owns,11,14,34,16,2,URGENT CARE CENTER,IN-NETWORK,CO-PAY IN $,30,75,0,50,75,1,10,low,low,RISK,1
2,0,1,2,Bonus,144,Yes,Owns,10,19,30,16,2,URGENT CARE CENTER,IN-NETWORK,CO-PAY IN $,30,0,75,50,75,1,10,low,low,RISK,1
2,0,1,0,Hourly,2250,No,Owns,11,17,35,16,2,URGENT CARE CENTER,IN-NETWORK,CO-PAY IN $,30,75,0,50,75,1,10,low,low,RISK,1
2,0,0,0,Hourly,4826,No,Owns,10,15,48,16,2,URGENT CARE CENTER,IN-NETWORK,CO-PAY IN $,50,0,75,30,75,1,10,low,low,RISK,1
1,1,0,0,Salaried,792,No,Owns,12,12,35,16,2,URGENT CARE CENTER,IN-NETWORK,CO-PAY IN $,30,0,50,75,75,1,10,low,low,RISK,1
0,2,0,1,Hourly,1596,Yes,Owns,11,13,27,16,2,URGENT CARE CENTER,IN-NETWORK,CO-PAY IN $,30,0,50,75,75,1,10,low,low,RISK,1
1,1,2,0,Salaried,83,Yes,Owns,7,20,28,16,2,URGENT CARE CENTER,IN-NETWORK,CO-PAY IN $,30,0,50,75,75,1,10,low,low,RISK,1
1,2,0,2,Salaried,3601,No,Owns,6,14,29,16,2,URGENT CARE CENTER,IN-NETWORK,CO-PAY IN $,75,0,50,30,75,1,10,low,low,RISK,1
1,1,0,1,Bonus,861,No,Owns,15,13,50,16,2,URGENT CARE CENTER,IN-NETWORK,CO-PAY IN $,0,50,75,30,75,1,10,low,low,RISK,1
0,2,2,2,Salaried,2240,Yes,Rents,15,20,35,16,2,URGENT CARE CENTER,IN-NETWORK,CO-PAY IN $,75,50,30,0,75,1,10,low,low,RISK,1
1,0,0,0,Hourly,2384,No,Rents,6,17,32,16,2,URGENT CARE CENTER,IN-NETWORK,CO-PAY IN $,30,75,0,50,75,1,10,low,low,RISK,1
0,0,0,0,Bonus,2363,Yes,Rents,12,16,31,16,2,URGENT CARE CENTER,IN-NETWORK,CO-PAY IN $,0,75,30,50,75,1,10,low,low,RISK,1
1,1,2,0,Salaried,4539,No,Owns,10,20,34,16,2,URGENT CARE CENTER,IN-NETWORK,CO-PAY IN $,50,75,0,30,75,1,10,low,low,RISK,1
1,1,0,0,Bonus,489,No,Rents,9,11,30,16,2,URGENT CARE CENTER,IN-NETWORK,CO-PAY IN $,50,75,30,0,75,1,10,low,low,RISK,1
1,2,0,2,Bonus,4623,Yes,Owns,7,19,27,16,2,URGENT CARE CENTER,IN-NETWORK,CO-PAY IN $,30,0,50,75,75,1,10,low,low,RISK,1
1,0,0,0,Salaried,153,Yes,Owns,5,15,31,16,2,URGENT CARE CENTER,IN-NETWORK,CO-PAY IN $,75,30,0,50,75,1,10,low,low,RISK,1
0,2,2,1,Salaried,3954,No,Owns,6,12,28,16,2,URGENT CARE CENTER,IN-NETWORK,CO-PAY IN $,50,75,0,30,75,1,10,low,low,RISK,1
0,1,0,0,Salaried,4742,No,Rents,5,16,31,16,2,URGENT CARE CENTER,IN-NETWORK,CO-PAY IN $,50,30,75,0,75,1,10,low,low,RISK,1
0,0,0,1,Hourly,3289,No,Rents,15,12,39,16,2,URGENT CARE CENTER,IN-NETWORK,CO-PAY IN $,50,0,30,75,75,1,10,low,low,RISK,1
0,0,1,1,Bonus,3409,Yes,Rents,13,14,30,16,2,URGENT CARE CENTER,IN-NETWORK,CO-PAY IN $,0,30,50,75,75,1,10,low,low,RISK,1
0,0,2,1,Bonus,3179,No,Rents,8,13,26,16,2,URGENT CARE CENTER,IN-NETWORK,CO-PAY IN $,30,0,50,75,75,1,10,low,low,RISK,1
0,0,0,1,Bonus,4271,No,Rents,9,16,37,16,2,URGENT CARE CENTER,IN-NETWORK,CO-PAY IN $,50,75,0,30,75,1,10,low,low,RISK,1
0,0,0,0,Hourly,4605,Yes,Rents,10,16,39,16,2,URGENT CARE CENTER,IN-NETWORK,CO-PAY IN $,0,50,75,30,75,1,10,low,low,RISK,1
0,2,2,2,Salaried,3042,Yes,Rents,6,14,30,16,2,URGENT CARE CENTER,IN-NETWORK,CO-PAY IN $,0,30,75,50,75,1,10,low,low,RISK,1
0,2,2,0,Hourly,170,No,Rents,16,14,34,16,2,URGENT CARE CENTER,IN-NETWORK,CO-PAY IN $,30,50,75,0,75,1,10,low,low,RISK,1
0,1,0,2,Salaried,2062,No,Rents,7,19,30,16,2,URGENT CARE CENTER,IN-NETWORK,CO-PAY IN $,0,30,75,50,75,1,10,low,low,RISK,1
1,1,2,2,Bonus,1962,No,Rents,5,17,35,16,2,URGENT CARE CENTER,IN-NETWORK,CO-PAY IN $,30,0,50,75,75,1,10,low,low,RISK,1
0,0,0,0,Bonus,1006,No,Owns,11,15,48,16,2,URGENT CARE CENTER,IN-NETWORK,CO-PAY IN $,75,50,30,0,75,1,10,low,low,RISK,1
0,2,1,2,Salaried,4555,No,Rents,8,12,35,16,2,URGENT CARE CENTER,IN-NETWORK,CO-PAY IN $,50,0,75,30,75,1,10,low,low,RISK,1
2,1,1,0,Bonus,458,No,Rents,10,18,32,16,2,URGENT CARE CENTER,IN-NETWORK,CO-PAY IN $,75,0,50,30,75,1,10,low,low,RISK,1
2,0,2,1,Hourly,1593,No,Owns,5,13,27,16,2,URGENT CARE CENTER,IN-NETWORK,CO-PAY IN $,75,0,50,30,75,1,10,low,low,RISK,1
0,2,0,1,Hourly,4519,Yes,Owns,11,20,28,16,2,URGENT CARE CENTER,IN-NETWORK,CO-PAY IN $,50,75,0,30,75,1,10,low,low,RISK,1
0,1,0,0,Bonus,2639,No,Rents,5,14,29,16,2,URGENT CARE CENTER,IN-NETWORK,CO-PAY IN $,0,30,75,50,75,1,10,low,low,RISK,1
0,0,2,1,Hourly,2563,Yes,Rents,15,13,50,16,2,URGENT CARE CENTER,IN-NETWORK,CO-PAY IN $,75,0,30,50,75,1,10,low,low,RISK,1
0,1,2,1,Bonus,2810,Yes,Owns,15,20,35,16,2,URGENT CARE CENTER,IN-NETWORK,CO-PAY IN $,75,50,0,30,75,1,10,low,low,RISK,1
1,1,0,1,Hourly,2954,Yes,Owns,18,17,32,16,2,URGENT CARE CENTER,IN-NETWORK,CO-PAY IN $,0,75,50,30,75,1,10,low,low,RISK,1
1,0,2,0,Hourly,2299,Yes,Owns,13,16,31,16,2,URGENT CARE CENTER,IN-NETWORK,CO-PAY IN $,75,50,30,0,75,1,10,low,low,RISK,1
0,0,1,2,Hourly,1155,No,Rents,6,20,34,16,2,URGENT CARE CENTER,IN-NETWORK,CO-PAY IN $,50,30,75,0,75,1,10,low,low,RISK,1
1,0,2,0,Bonus,1856,Yes,Rents,14,11,30,16,2,URGENT CARE CENTER,IN-NETWORK,CO-PAY IN $,30,75,0,50,75,1,10,low,low,RISK,1
2,1,1,0,Salaried,3352,Yes,Rents,6,19,27,16,2,URGENT CARE CENTER,IN-NETWORK,CO-PAY IN $,50,0,30,75,75,1,10,low,low,RISK,1
2,0,0,1,Hourly,3735,Yes,Owns,15,15,31,16,2,URGENT CARE CENTER,IN-NETWORK,CO-PAY IN $,50,30,0,75,75,1,10,low,low,RISK,1
2,1,0,2,Salaried,1125,Yes,Rents,6,12,28,16,2,URGENT CARE CENTER,IN-NETWORK,CO-PAY IN $,50,30,0,75,75,1,10,low,low,RISK,1
2,0,1,0,Bonus,4695,No,Owns,5,16,31,16,2,URGENT CARE CENTER,IN-NETWORK,CO-PAY IN $,50,75,0,30,75,1,10,low,low,RISK,1
1,1,1,1,Salaried,1210,No,Rents,17,12,39,16,2,URGENT CARE CENTER,IN-NETWORK,CO-PAY IN $,75,50,0,30,75,1,10,low,low,RISK,1
1,2,1,0,Bonus,3149,No,Owns,6,14,30,16,2,URGENT CARE CENTER,IN-NETWORK,CO-PAY IN $,50,0,30,75,75,1,10,low,low,RISK,1
1,1,1,1,Bonus,3757,No,Rents,6,13,26,16,2,URGENT CARE CENTER,IN-NETWORK,CO-PAY IN $,50,0,30,75,75,1,10,low,low,RISK,1
1,0,2,1,Salaried,4038,Yes,Rents,12,16,37,16,2,URGENT CARE CENTER,IN-NETWORK,CO-PAY IN $,30,50,0,75,75,1,10,low,low,RISK,1
0,0,0,2,Bonus,381,No,Owns,8,16,39,16,2,URGENT CARE CENTER,IN-NETWORK,CO-PAY IN $,50,75,30,0,75,1,10,low,low,RISK,1
0,0,1,1,Hourly,2879,Yes,Rents,16,14,30,16,2,URGENT CARE CENTER,IN-NETWORK,CO-PAY IN $,30,0,50,75,75,1,10,low,low,RISK,1
1,2,0,0,Hourly,2246,No,Owns,17,14,34,16,2,URGENT CARE CENTER,IN-NETWORK,CO-PAY IN $,75,0,50,30,75,1,10,low,low,RISK,1
0,2,1,0,Hourly,3337,No,Rents,7,19,30,16,2,URGENT CARE CENTER,IN-NETWORK,CO-PAY IN $,30,75,50,0,75,1,10,low,low,RISK,1
1,1,1,1,Hourly,874,No,Owns,17,17,35,16,2,URGENT CARE CENTER,IN-NETWORK,CO-PAY IN $,75,30,0,50,75,1,10,low,low,RISK,1
0,1,0,0,Hourly,4470,Yes,Owns,6,15,48,16,2,URGENT CARE CENTER,IN-NETWORK,CO-PAY IN $,75,0,50,30,75,1,10,low,low,RISK,1
2,0,1,1,Hourly,3252,Yes,Owns,10,12,35,16,2,URGENT CARE CENTER,IN-NETWORK,CO-PAY IN $,0,75,50,30,75,1,10,low,low,RISK,1
0,2,0,1,Hourly,176,Yes,Rents,9,18,32,16,2,URGENT CARE CENTER,IN-NETWORK,CO-PAY IN $,30,75,50,0,75,1,10,low,low,RISK,1
1,0,2,0,Hourly,3681,Yes,Owns,6,13,27,16,2,URGENT CARE CENTER,IN-NETWORK,CO-PAY IN $,50,30,0,75,75,1,10,low,low,RISK,1
1,2,1,2,Hourly,1019,Yes,Owns,15,20,28,16,2,URGENT CARE CENTER,IN-NETWORK,CO-PAY IN $,30,0,50,75,75,1,10,low,low,RISK,1
1,2,1,1,Bonus,4493,Yes,Owns,18,14,29,16,2,URGENT CARE CENTER,IN-NETWORK,CO-PAY IN $,0,50,75,30,75,1,10,low,low,RISK,1
1,2,2,0,Salaried,1012,Yes,Owns,15,13,50,16,2,URGENT CARE CENTER,IN-NETWORK,CO-PAY IN $,30,50,0,75,75,1,10,low,low,RISK,1
0,0,1,1,Bonus,1248,Yes,Rents,7,20,35,16,2,URGENT CARE CENTER,IN-NETWORK,CO-PAY IN $,75,0,50,30,75,1,10,low,low,RISK,1
0,0,1,0,Salaried,1214,No,Owns,6,17,32,16,2,URGENT CARE CENTER,IN-NETWORK,CO-PAY IN $,30,50,0,75,75,1,10,low,low,RISK,1
1,0,1,0,Salaried,2852,Yes,Rents,6,16,31,16,2,URGENT CARE CENTER,IN-NETWORK,CO-PAY IN $,0,30,50,75,75,1,10,low,low,RISK,1
1,0,0,0,Bonus,1440,Yes,Owns,10,20,34,16,2,URGENT CARE CENTER,IN-NETWORK,CO-PAY IN $,75,50,30,0,75,1,10,low,low,RISK,1
1,0,1,0,Bonus,2951,No,Owns,11,11,30,16,2,URGENT CARE CENTER,IN-NETWORK,CO-PAY IN $,30,0,75,50,75,1,10,low,low,RISK,1
3,2,1,3,Salaried,4377,No,Rents,24,48,52,16,3,URGENT CARE CENTER,IN-NETWORK,CO-PAY IN $,30,75,0,50,50,2,20,low,low,RISK,1
1,1,2,1,Salaried,1919,No,Owns,25,33,56,16,3,URGENT CARE CENTER,IN-NETWORK,CO-PAY IN $,75,0,30,50,50,2,20,low,low,RISK,1
2,2,1,1,Salaried,4671,Yes,Rents,33,23,53,16,3,URGENT CARE CENTER,IN-NETWORK,CO-PAY IN $,0,50,75,30,50,2,20,low,low,RISK,1
3,2,1,1,Bonus,1139,No,Owns,29,38,56,16,3,URGENT CARE CENTER,IN-NETWORK,CO-PAY IN $,75,50,0,30,50,2,20,low,low,RISK,1
1,2,3,2,Bonus,3085,No,Rents,23,24,64,16,3,URGENT CARE CENTER,IN-NETWORK,CO-PAY IN $,75,0,30,50,50,2,20,low,low,RISK,1
1,2,3,1,Salaried,912,Yes,Rents,37,29,55,16,3,URGENT CARE CENTER,IN-NETWORK,CO-PAY IN $,0,75,30,50,50,2,20,low,low,RISK,1
2,1,3,2,Hourly,3561,Yes,Owns,28,26,51,16,3,URGENT CARE CENTER,IN-NETWORK,CO-PAY IN $,0,75,50,30,50,2,20,low,low,RISK,1
2,3,1,1,Hourly,4350,No,Rents,19,36,62,16,3,URGENT CARE CENTER,IN-NETWORK,CO-PAY IN $,75,30,0,50,50,2,20,low,low,RISK,1
3,3,2,3,Salaried,3664,No,Owns,18,38,64,16,3,URGENT CARE CENTER,IN-NETWORK,CO-PAY IN $,75,30,0,50,50,2,20,low,low,RISK,1
1,1,1,1,Bonus,1972,Yes,Owns,38,31,55,16,3,URGENT CARE CENTER,IN-NETWORK,CO-PAY IN $,75,50,30,0,50,2,20,low,low,RISK,1
1,1,3,3,Salaried,1235,Yes,Rents,32,31,59,16,3,URGENT CARE CENTER,IN-NETWORK,CO-PAY IN $,50,75,0,30,50,2,20,low,low,RISK,1
1,3,1,2,Bonus,2294,Yes,Owns,25,47,55,16,3,URGENT CARE CENTER,IN-NETWORK,CO-PAY IN $,75,50,0,30,50,2,20,low,low,RISK,1
1,2,3,1,Salaried,4592,Yes,Rents,37,41,60,16,3,URGENT CARE CENTER,IN-NETWORK,CO-PAY IN $,50,30,0,75,50,2,20,low,low,RISK,1
1,1,1,2,Hourly,2183,Yes,Owns,16,35,73,16,3,URGENT CARE CENTER,IN-NETWORK,CO-PAY IN $,30,75,0,50,50,2,20,low,low,RISK,1
2,2,3,2,Salaried,1622,Yes,Rents,21,24,60,16,3,URGENT CARE CENTER,IN-NETWORK,CO-PAY IN $,30,50,0,75,50,2,20,low,low,RISK,1
2,3,1,3,Salaried,4259,Yes,Rents,17,43,57,16,3,URGENT CARE CENTER,IN-NETWORK,CO-PAY IN $,75,50,0,30,50,2,20,low,low,RISK,1
3,2,2,3,Salaried,4138,No,Owns,37,25,52,16,3,URGENT CARE CENTER,IN-NETWORK,CO-PAY IN $,0,30,50,75,50,2,20,low,low,RISK,1
3,1,2,3,Bonus,2742,No,Owns,39,50,53,16,3,URGENT CARE CENTER,IN-NETWORK,CO-PAY IN $,75,0,30,50,50,2,20,low,low,RISK,1
1,1,1,3,Bonus,4027,Yes,Rents,21,31,54,16,3,URGENT CARE CENTER,IN-NETWORK,CO-PAY IN $,50,75,30,0,50,2,20,low,low,RISK,1
2,2,1,1,Bonus,3643,No,Rents,35,26,75,16,3,URGENT CARE CENTER,IN-NETWORK,CO-PAY IN $,75,0,50,30,50,2,20,low,low,RISK,1
2,1,3,1,Salaried,1855,No,Rents,39,49,60,16,3,URGENT CARE CENTER,IN-NETWORK,CO-PAY IN $,0,50,75,30,50,2,20,low,low,RISK,1
1,3,1,1,Bonus,4199,No,Owns,33,40,57,16,3,URGENT CARE CENTER,IN-NETWORK,CO-PAY IN $,50,0,30,75,50,2,20,low,low,RISK,1
1,3,2,1,Salaried,358,No,Rents,28,36,56,16,3,URGENT CARE CENTER,IN-NETWORK,CO-PAY IN $,50,75,30,0,50,2,20,low,low,RISK,1
2,2,2,1,Salaried,2175,No,Owns,35,49,59,16,3,URGENT CARE CENTER,IN-NETWORK,CO-PAY IN $,75,50,30,0,50,2,20,low,low,RISK,1
2,2,1,1,Bonus,2804,No,Owns,26,20,55,16,3,URGENT CARE CENTER,IN-NETWORK,CO-PAY IN $,50,0,75,30,50,2,20,low,low,RISK,1
3,3,3,2,Bonus,2793,Yes,Owns,39,48,52,16,3,URGENT CARE CENTER,IN-NETWORK,CO-PAY IN $,0,50,30,75,50,2,20,low,low,RISK,1
3,1,3,1,Salaried,1366,No,Owns,32,33,56,16,3,URGENT CARE CENTER,IN-NETWORK,CO-PAY IN $,50,75,0,30,50,2,20,low,low,RISK,1
1,2,2,3,Salaried,3990,No,Rents,30,23,53,16,3,URGENT CARE CENTER,IN-NETWORK,CO-PAY IN $,0,75,30,50,50,2,20,low,low,RISK,1
1,2,2,1,Salaried,1625,No,Owns,36,38,56,16,3,URGENT CARE CENTER,IN-NETWORK,CO-PAY IN $,0,50,30,75,50,2,20,low,low,RISK,1
2,3,1,1,Hourly,1178,No,Owns,15,24,64,16,3,URGENT CARE CENTER,IN-NETWORK,CO-PAY IN $,50,75,30,0,50,2,20,low,low,RISK,1
2,1,1,1,Hourly,2665,No,Rents,20,29,55,16,3,URGENT CARE CENTER,IN-NETWORK,CO-PAY IN $,50,30,0,75,50,2,20,low,low,RISK,1
2,3,3,1,Hourly,4144,No,Owns,23,26,51,16,3,URGENT CARE CENTER,IN-NETWORK,CO-PAY IN $,75,50,30,0,50,2,20,low,low,RISK,1
2,2,3,1,Hourly,2547,Yes,Owns,32,36,62,16,3,URGENT CARE CENTER,IN-NETWORK,CO-PAY IN $,75,0,50,30,50,2,20,low,low,RISK,1
2,1,2,1,Hourly,152,Yes,Owns,34,38,64,16,3,URGENT CARE CENTER,IN-NETWORK,CO-PAY IN $,30,75,0,50,50,2,20,low,low,RISK,1
1,1,1,1,Bonus,2909,Yes,Rents,23,31,55,16,3,URGENT CARE CENTER,IN-NETWORK,CO-PAY IN $,30,50,75,0,50,2,20,low,low,RISK,1
3,3,2,2,Bonus,2404,Yes,Owns,27,31,59,16,3,URGENT CARE CENTER,IN-NETWORK,CO-PAY IN $,50,0,30,75,50,2,20,low,low,RISK,1
3,1,2,3,Bonus,144,Yes,Owns,24,47,55,16,3,URGENT CARE CENTER,IN-NETWORK,CO-PAY IN $,75,0,30,50,50,2,20,low,low,RISK,1
3,1,2,1,Hourly,2250,No,Owns,26,41,60,16,3,URGENT CARE CENTER,IN-NETWORK,CO-PAY IN $,75,30,50,0,50,2,20,low,low,RISK,1
3,1,1,1,Hourly,4826,No,Owns,25,35,73,16,3,URGENT CARE CENTER,IN-NETWORK,CO-PAY IN $,50,75,30,0,50,2,20,low,low,RISK,1
2,2,1,1,Salaried,792,No,Owns,28,24,60,16,3,URGENT CARE CENTER,IN-NETWORK,CO-PAY IN $,0,75,30,50,50,2,20,low,low,RISK,1
1,3,1,2,Hourly,3429,No,Rents,34,43,57,16,3,URGENT CARE CENTER,IN-NETWORK,CO-PAY IN $,75,30,50,0,50,2,20,low,low,RISK,1
1,3,1,2,Hourly,1596,Yes,Owns,27,25,52,16,3,URGENT CARE CENTER,IN-NETWORK,CO-PAY IN $,75,50,30,0,50,2,20,low,low,RISK,1
2,3,3,1,Salaried,83,Yes,Owns,19,50,53,16,3,URGENT CARE CENTER,IN-NETWORK,CO-PAY IN $,30,0,50,75,50,2,20,low,low,RISK,1
2,3,1,3,Salaried,3601,No,Owns,17,31,54,16,3,URGENT CARE CENTER,IN-NETWORK,CO-PAY IN $,50,0,30,75,50,2,20,low,low,RISK,1
2,2,1,2,Bonus,861,No,Owns,34,26,75,16,3,URGENT CARE CENTER,IN-NETWORK,CO-PAY IN $,30,75,50,0,50,2,20,low,low,RISK,1
1,3,3,3,Salaried,2240,Yes,Rents,35,49,60,16,3,URGENT CARE CENTER,IN-NETWORK,CO-PAY IN $,0,30,50,75,50,2,20,low,low,RISK,1
1,1,1,1,Hourly,2384,No,Rents,17,40,57,16,3,URGENT CARE CENTER,IN-NETWORK,CO-PAY IN $,75,0,30,50,50,2,20,low,low,RISK,1
1,1,1,1,Bonus,2363,Yes,Rents,29,36,56,16,3,URGENT CARE CENTER,IN-NETWORK,CO-PAY IN $,30,75,50,0,50,2,20,low,low,RISK,1
2,1,3,1,Salaried,4539,No,Owns,24,49,59,16,3,URGENT CARE CENTER,IN-NETWORK,CO-PAY IN $,30,0,75,50,50,2,20,low,low,RISK,1
2,1,1,1,Bonus,489,No,Rents,23,20,55,16,3,URGENT CARE CENTER,IN-NETWORK,CO-PAY IN $,0,75,50,30,50,2,20,low,low,RISK,1
2,3,1,3,Bonus,4623,Yes,Owns,19,48,52,16,3,URGENT CARE CENTER,IN-NETWORK,CO-PAY IN $,0,75,30,50,50,2,20,low,low,RISK,1
2,1,1,1,Salaried,153,Yes,Owns,15,33,56,16,3,URGENT CARE CENTER,IN-NETWORK,CO-PAY IN $,50,0,75,30,50,2,20,low,low,RISK,1
1,3,3,2,Salaried,3954,No,Owns,17,23,53,16,3,URGENT CARE CENTER,IN-NETWORK,CO-PAY IN $,0,50,75,30,50,2,20,low,low,RISK,1
1,2,1,1,Salaried,4742,No,Rents,15,38,56,16,3,URGENT CARE CENTER,IN-NETWORK,CO-PAY IN $,30,75,0,50,50,2,20,low,low,RISK,1
1,1,1,2,Hourly,3289,No,Rents,35,24,64,16,3,URGENT CARE CENTER,IN-NETWORK,CO-PAY IN $,50,75,0,30,50,2,20,low,low,RISK,1
1,1,2,2,Bonus,3409,Yes,Rents,30,29,55,16,3,URGENT CARE CENTER,IN-NETWORK,CO-PAY IN $,30,75,0,50,50,2,20,low,low,RISK,1
1,1,3,2,Bonus,3179,No,Rents,21,26,51,16,3,URGENT CARE CENTER,IN-NETWORK,CO-PAY IN $,50,30,0,75,50,2,20,low,low,RISK,1
1,1,1,2,Bonus,4271,No,Rents,22,36,62,16,3,URGENT CARE CENTER,IN-NETWORK,CO-PAY IN $,0,75,30,50,50,2,20,low,low,RISK,1
1,1,1,1,Hourly,4605,Yes,Rents,24,38,64,16,3,URGENT CARE CENTER,IN-NETWORK,CO-PAY IN $,50,0,30,75,50,2,20,low,low,RISK,1
1,3,3,3,Salaried,3042,Yes,Rents,16,31,55,16,3,URGENT CARE CENTER,IN-NETWORK,CO-PAY IN $,0,50,75,30,50,2,20,low,low,RISK,1
1,3,3,1,Hourly,170,No,Rents,37,31,59,16,3,URGENT CARE CENTER,IN-NETWORK,CO-PAY IN $,0,30,50,75,50,2,20,low,low,RISK,1
1,1,1,3,Salaried,2062,No,Rents,20,47,55,16,3,URGENT CARE CENTER,IN-NETWORK,CO-PAY IN $,50,30,0,75,50,2,20,low,low,RISK,1
2,2,3,3,Bonus,1962,No,Rents,15,41,60,16,3,URGENT CARE CENTER,IN-NETWORK,CO-PAY IN $,30,75,50,0,50,2,20,low,low,RISK,1
1,1,1,1,Bonus,1006,No,Owns,27,35,73,16,3,URGENT CARE CENTER,IN-NETWORK,CO-PAY IN $,0,50,30,75,50,2,20,low,low,RISK,1
1,3,2,3,Salaried,4555,No,Rents,20,24,60,16,3,URGENT CARE CENTER,IN-NETWORK,CO-PAY IN $,50,75,0,30,50,2,20,low,low,RISK,1
3,1,2,1,Bonus,458,No,Rents,25,43,57,16,3,URGENT CARE CENTER,IN-NETWORK,CO-PAY IN $,30,0,75,50,50,2,20,low,low,RISK,1
3,1,3,1,Hourly,1593,No,Owns,16,25,52,16,3,URGENT CARE CENTER,IN-NETWORK,CO-PAY IN $,50,30,0,75,50,2,20,low,low,RISK,1
1,3,1,2,Hourly,4519,Yes,Owns,26,50,53,16,3,URGENT CARE CENTER,IN-NETWORK,CO-PAY IN $,75,30,50,0,50,2,20,low,low,RISK,1
1,2,1,1,Bonus,2639,No,Rents,16,31,54,16,3,URGENT CARE CENTER,IN-NETWORK,CO-PAY IN $,75,50,30,0,50,2,20,low,low,RISK,1
1,1,3,1,Hourly,2563,Yes,Rents,35,26,75,16,3,URGENT CARE CENTER,IN-NETWORK,CO-PAY IN $,0,75,50,30,50,2,20,low,low,RISK,1
1,2,3,2,Bonus,2810,Yes,Owns,35,49,60,16,3,URGENT CARE CENTER,IN-NETWORK,CO-PAY IN $,75,0,30,50,50,2,20,low,low,RISK,1
2,2,1,2,Hourly,2954,Yes,Owns,39,40,57,16,3,URGENT CARE CENTER,IN-NETWORK,CO-PAY IN $,0,30,75,50,50,2,20,low,low,RISK,1
2,1,3,1,Hourly,2299,Yes,Owns,31,36,56,16,3,URGENT CARE CENTER,IN-NETWORK,CO-PAY IN $,75,30,0,50,50,2,20,low,low,RISK,1
1,1,2,3,Hourly,1155,No,Rents,16,49,59,16,3,URGENT CARE CENTER,IN-NETWORK,CO-PAY IN $,0,50,30,75,50,2,20,low,low,RISK,1
2,1,3,1,Bonus,1856,Yes,Rents,31,20,55,16,3,URGENT CARE CENTER,IN-NETWORK,CO-PAY IN $,0,30,75,50,50,2,20,low,low,RISK,1
3,2,2,1,Salaried,3352,Yes,Rents,18,48,52,16,3,URGENT CARE CENTER,IN-NETWORK,CO-PAY IN $,0,30,75,50,50,2,20,low,low,RISK,1
3,1,1,2,Hourly,3735,Yes,Owns,34,33,56,16,3,URGENT CARE CENTER,IN-NETWORK,CO-PAY IN $,50,30,0,75,50,2,20,low,low,RISK,1
3,2,1,3,Salaried,1125,Yes,Rents,18,23,53,16,3,URGENT CARE CENTER,IN-NETWORK,CO-PAY IN $,30,50,75,0,50,2,20,low,low,RISK,1
3,1,2,1,Bonus,4695,No,Owns,15,38,56,16,3,URGENT CARE CENTER,IN-NETWORK,CO-PAY IN $,50,30,75,0,50,2,20,low,low,RISK,1
2,2,2,2,Salaried,1210,No,Rents,38,24,64,16,3,URGENT CARE CENTER,IN-NETWORK,CO-PAY IN $,0,50,75,30,50,2,20,low,low,RISK,1
2,3,2,1,Bonus,3149,No,Owns,17,29,55,16,3,URGENT CARE CENTER,IN-NETWORK,CO-PAY IN $,30,50,0,75,50,2,20,low,low,RISK,1
2,2,2,2,Bonus,3757,No,Rents,18,26,51,16,3,URGENT CARE CENTER,IN-NETWORK,CO-PAY IN $,0,75,30,50,50,2,20,low,low,RISK,1
3,1,3,2,Salaried,4038,Yes,Rents,28,36,62,16,3,URGENT CARE CENTER,IN-NETWORK,CO-PAY IN $,50,75,30,0,50,2,20,low,low,RISK,1
1,1,1,3,Bonus,381,No,Owns,20,38,64,16,3,URGENT CARE CENTER,IN-NETWORK,CO-PAY IN $,50,30,0,75,50,2,20,low,low,RISK,1
1,1,1,2,Hourly,2879,Yes,Rents,37,31,55,16,3,URGENT CARE CENTER,IN-NETWORK,CO-PAY IN $,75,0,50,30,50,2,20,low,low,RISK,1
2,3,1,1,Hourly,2246,No,Owns,38,31,59,16,3,URGENT CARE CENTER,IN-NETWORK,CO-PAY IN $,0,75,30,50,50,2,20,low,low,RISK,1
1,3,2,1,Hourly,3337,No,Rents,18,47,55,16,3,URGENT CARE CENTER,IN-NETWORK,CO-PAY IN $,75,50,30,0,50,2,20,low,low,RISK,1
2,2,1,2,Hourly,874,No,Owns,38,41,60,16,3,URGENT CARE CENTER,IN-NETWORK,CO-PAY IN $,50,0,30,75,50,2,20,low,low,RISK,1
1,2,1,1,Hourly,4470,Yes,Owns,16,35,73,16,3,URGENT CARE CENTER,IN-NETWORK,CO-PAY IN $,50,0,30,75,50,2,20,low,low,RISK,1
3,1,3,1,Hourly,3252,Yes,Owns,24,24,60,16,3,URGENT CARE CENTER,IN-NETWORK,CO-PAY IN $,75,30,50,0,50,2,20,low,low,RISK,1
1,3,1,2,Hourly,176,Yes,Rents,23,43,57,16,3,URGENT CARE CENTER,IN-NETWORK,CO-PAY IN $,50,75,0,30,50,2,20,low,low,RISK,1
2,1,3,1,Hourly,3681,Yes,Owns,17,25,52,16,3,URGENT CARE CENTER,IN-NETWORK,CO-PAY IN $,30,75,0,50,50,2,20,low,low,RISK,1
1,3,2,3,Hourly,1019,Yes,Owns,35,50,53,16,3,URGENT CARE CENTER,IN-NETWORK,CO-PAY IN $,0,30,50,75,50,2,20,low,low,RISK,1
1,3,2,1,Bonus,4493,Yes,Owns,39,31,54,16,3,URGENT CARE CENTER,IN-NETWORK,CO-PAY IN $,0,75,30,50,50,2,20,low,low,RISK,1
1,3,3,1,Salaried,1012,Yes,Owns,34,26,75,16,3,URGENT CARE CENTER,IN-NETWORK,CO-PAY IN $,50,30,75,0,50,2,20,low,low,RISK,1
1,1,2,1,Bonus,1248,Yes,Rents,18,49,60,16,3,URGENT CARE CENTER,IN-NETWORK,CO-PAY IN $,30,50,75,0,50,2,20,low,low,RISK,1
1,1,2,1,Salaried,1214,No,Owns,17,40,57,16,3,URGENT CARE CENTER,IN-NETWORK,CO-PAY IN $,50,30,75,0,50,2,20,low,low,RISK,1
2,1,1,1,Salaried,2852,Yes,Rents,18,36,56,16,3,URGENT CARE CENTER,IN-NETWORK,CO-PAY IN $,75,30,50,0,50,2,20,low,low,RISK,1
2,1,1,1,Bonus,1440,Yes,Owns,24,49,59,16,3,URGENT CARE CENTER,IN-NETWORK,CO-PAY IN $,0,75,50,30,50,2,20,low,low,RISK,1
3,1,3,1,Bonus,2951,No,Owns,26,20,55,16,3,URGENT CARE CENTER,IN-NETWORK,CO-PAY IN $,75,50,30,0,50,2,20,low,low,RISK,1
4,3,2,4,Salaried,4377,No,Rents,46,73,76,16,4,URGENT CARE CENTER,IN-NETWORK,CO-PAY IN $,30,0,75,50,50,2,50,low,low,RISK,1
2,3,4,2,Salaried,1919,No,Owns,48,61,80,16,4,URGENT CARE CENTER,IN-NETWORK,CO-PAY IN $,0,50,30,75,50,2,50,low,low,RISK,1
4,4,3,2,Salaried,4671,Yes,Rents,57,53,77,16,4,URGENT CARE CENTER,IN-NETWORK,CO-PAY IN $,30,50,75,0,50,2,50,low,low,RISK,1
4,4,2,2,Bonus,1139,No,Owns,52,65,80,16,4,URGENT CARE CENTER,IN-NETWORK,CO-PAY IN $,75,50,30,0,50,2,50,low,low,RISK,1
3,4,4,3,Bonus,3085,No,Rents,45,54,88,16,4,URGENT CARE CENTER,IN-NETWORK,CO-PAY IN $,75,50,0,30,50,2,50,low,low,RISK,1
3,4,4,3,Salaried,912,Yes,Rents,61,58,79,16,4,URGENT CARE CENTER,IN-NETWORK,CO-PAY IN $,30,75,50,0,50,2,50,low,low,RISK,1
4,3,4,3,Hourly,3561,Yes,Owns,51,56,75,16,4,URGENT CARE CENTER,IN-NETWORK,CO-PAY IN $,75,30,50,0,50,2,50,low,low,RISK,1
4,4,2,2,Hourly,4350,No,Rents,40,64,87,16,4,URGENT CARE CENTER,IN-NETWORK,CO-PAY IN $,50,75,0,30,50,2,50,low,low,RISK,1
4,4,4,4,Salaried,3664,No,Owns,39,65,88,16,4,URGENT CARE CENTER,IN-NETWORK,CO-PAY IN $,75,30,50,0,50,2,50,low,low,RISK,1
2,3,3,3,Bonus,1972,Yes,Owns,62,60,80,16,4,URGENT CARE CENTER,IN-NETWORK,CO-PAY IN $,75,0,30,50,50,2,50,low,low,RISK,1
3,2,4,4,Salaried,1235,Yes,Rents,55,60,83,16,4,URGENT CARE CENTER,IN-NETWORK,CO-PAY IN $,30,50,75,0,50,2,50,low,low,RISK,1
2,4,3,3,Bonus,2294,Yes,Owns,47,72,79,16,4,URGENT CARE CENTER,IN-NETWORK,CO-PAY IN $,75,30,50,0,50,2,50,low,low,RISK,1
2,3,4,3,Salaried,4592,Yes,Rents,62,68,84,16,4,URGENT CARE CENTER,IN-NETWORK,CO-PAY IN $,50,0,75,30,50,2,50,low,low,RISK,1
3,3,3,4,Hourly,2183,Yes,Owns,37,63,98,16,4,URGENT CARE CENTER,IN-NETWORK,CO-PAY IN $,30,50,0,75,50,2,50,low,low,RISK,1
3,3,4,3,Salaried,1622,Yes,Rents,42,55,84,16,4,URGENT CARE CENTER,IN-NETWORK,CO-PAY IN $,75,0,50,30,50,2,50,low,low,RISK,1
3,4,3,4,Salaried,4259,Yes,Rents,37,70,81,16,4,URGENT CARE CENTER,IN-NETWORK,CO-PAY IN $,50,30,75,0,50,2,50,low,low,RISK,1
4,3,3,4,Salaried,4138,No,Owns,62,55,76,16,4,URGENT CARE CENTER,IN-NETWORK,CO-PAY IN $,0,50,30,75,50,2,50,low,low,RISK,1
4,3,4,4,Bonus,2742,No,Owns,64,75,77,16,4,URGENT CARE CENTER,IN-NETWORK,CO-PAY IN $,75,50,0,30,50,2,50,low,low,RISK,1
3,3,3,4,Bonus,4027,Yes,Rents,43,60,78,16,4,URGENT CARE CENTER,IN-NETWORK,CO-PAY IN $,75,0,50,30,50,2,50,low,low,RISK,1
4,4,2,2,Bonus,3643,No,Rents,59,56,100,16,4,URGENT CARE CENTER,IN-NETWORK,CO-PAY IN $,0,50,30,75,50,2,50,low,low,RISK,1
4,2,4,2,Salaried,1855,No,Rents,63,74,85,16,4,URGENT CARE CENTER,IN-NETWORK,CO-PAY IN $,0,30,50,75,50,2,50,low,low,RISK,1
3,4,2,3,Bonus,4199,No,Owns,57,67,81,16,4,URGENT CARE CENTER,IN-NETWORK,CO-PAY IN $,30,75,0,50,50,2,50,low,low,RISK,1
3,4,3,2,Salaried,358,No,Rents,50,64,80,16,4,URGENT CARE CENTER,IN-NETWORK,CO-PAY IN $,75,0,30,50,50,2,50,low,low,RISK,1
4,3,4,3,Salaried,2175,No,Owns,59,75,83,16,4,URGENT CARE CENTER,IN-NETWORK,CO-PAY IN $,0,50,30,75,50,2,50,low,low,RISK,1
4,4,2,2,Bonus,2804,No,Owns,48,51,79,16,4,URGENT CARE CENTER,IN-NETWORK,CO-PAY IN $,0,30,75,50,50,2,50,low,low,RISK,1
4,4,4,4,Bonus,2793,Yes,Owns,63,73,76,16,4,URGENT CARE CENTER,IN-NETWORK,CO-PAY IN $,0,50,75,30,50,2,50,low,low,RISK,1
4,3,4,2,Salaried,1366,No,Owns,56,61,80,16,4,URGENT CARE CENTER,IN-NETWORK,CO-PAY IN $,0,75,50,30,50,2,50,low,low,RISK,1
2,4,4,4,Salaried,3990,No,Rents,53,53,77,16,4,URGENT CARE CENTER,IN-NETWORK,CO-PAY IN $,75,30,50,0,50,2,50,low,low,RISK,1
2,4,3,3,Salaried,1625,No,Owns,60,65,80,16,4,URGENT CARE CENTER,IN-NETWORK,CO-PAY IN $,0,30,50,75,50,2,50,low,low,RISK,1
4,4,3,3,Hourly,1178,No,Owns,35,54,88,16,4,URGENT CARE CENTER,IN-NETWORK,CO-PAY IN $,50,30,75,0,50,2,50,low,low,RISK,1
3,3,2,2,Hourly,2665,No,Rents,41,58,79,16,4,URGENT CARE CENTER,IN-NETWORK,CO-PAY IN $,75,50,30,0,50,2,50,low,low,RISK,1
4,4,4,2,Hourly,4144,No,Owns,44,56,75,16,4,URGENT CARE CENTER,IN-NETWORK,CO-PAY IN $,30,75,0,50,50,2,50,low,low,RISK,1
3,3,4,3,Hourly,2547,Yes,Owns,55,64,87,16,4,URGENT CARE CENTER,IN-NETWORK,CO-PAY IN $,50,0,75,30,50,2,50,low,low,RISK,1
4,3,4,2,Hourly,152,Yes,Owns,58,65,88,16,4,URGENT CARE CENTER,IN-NETWORK,CO-PAY IN $,0,75,50,30,50,2,50,low,low,RISK,1
3,2,2,3,Bonus,2909,Yes,Rents,45,60,80,16,4,URGENT CARE CENTER,IN-NETWORK,CO-PAY IN $,75,30,0,50,50,2,50,low,low,RISK,1
4,4,3,3,Bonus,2404,Yes,Owns,49,60,83,16,4,URGENT CARE CENTER,IN-NETWORK,CO-PAY IN $,50,0,30,75,50,2,50,low,low,RISK,1
4,2,4,4,Bonus,144,Yes,Owns,46,72,79,16,4,URGENT CARE CENTER,IN-NETWORK,CO-PAY IN $,30,0,75,50,50,2,50,low,low,RISK,1
4,2,4,2,Hourly,2250,No,Owns,48,68,84,16,4,URGENT CARE CENTER,IN-NETWORK,CO-PAY IN $,50,30,0,75,50,2,50,low,low,RISK,1
4,3,3,3,Hourly,4826,No,Owns,47,63,98,16,4,URGENT CARE CENTER,IN-NETWORK,CO-PAY IN $,75,30,50,0,50,2,50,low,low,RISK,1
4,4,2,3,Salaried,792,No,Owns,50,55,84,16,4,URGENT CARE CENTER,IN-NETWORK,CO-PAY IN $,0,30,75,50,50,2,50,low,low,RISK,1
2,4,2,3,Hourly,3429,No,Rents,58,70,81,16,4,URGENT CARE CENTER,IN-NETWORK,CO-PAY IN $,30,50,75,0,50,2,50,low,low,RISK,1
3,4,3,4,Hourly,1596,Yes,Owns,50,55,76,16,4,URGENT CARE CENTER,IN-NETWORK,CO-PAY IN $,50,0,75,30,50,2,50,low,low,RISK,1
4,4,4,3,Salaried,83,Yes,Owns,40,75,77,16,4,URGENT CARE CENTER,IN-NETWORK,CO-PAY IN $,0,50,30,75,50,2,50,low,low,RISK,1
4,4,3,4,Salaried,3601,No,Owns,38,60,78,16,4,URGENT CARE CENTER,IN-NETWORK,CO-PAY IN $,30,0,75,50,50,2,50,low,low,RISK,1
3,4,2,4,Bonus,861,No,Owns,58,56,100,16,4,URGENT CARE CENTER,IN-NETWORK,CO-PAY IN $,75,0,50,30,50,2,50,low,low,RISK,1
2,4,4,4,Salaried,2240,Yes,Rents,59,74,85,16,4,URGENT CARE CENTER,IN-NETWORK,CO-PAY IN $,75,0,30,50,50,2,50,low,low,RISK,1
3,3,2,2,Hourly,2384,No,Rents,37,67,81,16,4,URGENT CARE CENTER,IN-NETWORK,CO-PAY IN $,30,50,0,75,50,2,50,low,low,RISK,1
2,2,3,3,Bonus,2363,Yes,Rents,52,64,80,16,4,URGENT CARE CENTER,IN-NETWORK,CO-PAY IN $,50,75,0,30,50,2,50,low,low,RISK,1
3,3,4,2,Salaried,4539,No,Owns,45,75,83,16,4,URGENT CARE CENTER,IN-NETWORK,CO-PAY IN $,0,50,75,30,50,2,50,low,low,RISK,1
3,3,2,2,Bonus,489,No,Rents,45,51,79,16,4,URGENT CARE CENTER,IN-NETWORK,CO-PAY IN $,75,30,0,50,50,2,50,low,low,RISK,1
4,4,2,4,Bonus,4623,Yes,Owns,40,73,76,16,4,URGENT CARE CENTER,IN-NETWORK,CO-PAY IN $,30,50,0,75,50,2,50,low,low,RISK,1
3,3,3,2,Salaried,153,Yes,Owns,36,61,80,16,4,URGENT CARE CENTER,IN-NETWORK,CO-PAY IN $,0,30,75,50,50,2,50,low,low,RISK,1
3,4,4,4,Salaried,3954,No,Owns,38,53,77,16,4,URGENT CARE CENTER,IN-NETWORK,CO-PAY IN $,75,0,30,50,50,2,50,low,low,RISK,1
3,3,2,3,Salaried,4742,No,Rents,35,65,80,16,4,URGENT CARE CENTER,IN-NETWORK,CO-PAY IN $,30,0,75,50,50,2,50,low,low,RISK,1
2,2,2,3,Hourly,3289,No,Rents,59,54,88,16,4,URGENT CARE CENTER,IN-NETWORK,CO-PAY IN $,30,50,75,0,50,2,50,low,low,RISK,1
2,2,3,3,Bonus,3409,Yes,Rents,54,58,79,16,4,URGENT CARE CENTER,IN-NETWORK,CO-PAY IN $,30,0,50,75,50,2,50,low,low,RISK,1
3,3,4,3,Bonus,3179,No,Rents,42,56,75,16,4,URGENT CARE CENTER,IN-NETWORK,CO-PAY IN $,50,75,0,30,50,2,50,low,low,RISK,1
3,3,2,4,Bonus,4271,No,Rents,43,64,87,16,4,URGENT CARE CENTER,IN-NETWORK,CO-PAY IN $,75,50,0,30,50,2,50,low,low,RISK,1
3,3,3,2,Hourly,4605,Yes,Rents,46,65,88,16,4,URGENT CARE CENTER,IN-NETWORK,CO-PAY IN $,0,30,75,50,50,2,50,low,low,RISK,1
2,4,4,4,Salaried,3042,Yes,Rents,37,60,80,16,4,URGENT CARE CENTER,IN-NETWORK,CO-PAY IN $,50,75,0,30,50,2,50,low,low,RISK,1
2,4,4,3,Hourly,170,No,Rents,61,60,83,16,4,URGENT CARE CENTER,IN-NETWORK,CO-PAY IN $,0,75,30,50,50,2,50,low,low,RISK,1
2,3,3,4,Salaried,2062,No,Rents,40,72,79,16,4,URGENT CARE CENTER,IN-NETWORK,CO-PAY IN $,30,75,50,0,50,2,50,low,low,RISK,1
4,4,4,4,Bonus,1962,No,Rents,35,68,84,16,4,URGENT CARE CENTER,IN-NETWORK,CO-PAY IN $,75,0,50,30,50,2,50,low,low,RISK,1
2,2,3,2,Bonus,1006,No,Owns,50,63,98,16,4,URGENT CARE CENTER,IN-NETWORK,CO-PAY IN $,75,0,30,50,50,2,50,low,low,RISK,1
2,4,3,4,Salaried,4555,No,Rents,42,55,84,16,4,URGENT CARE CENTER,IN-NETWORK,CO-PAY IN $,0,30,50,75,50,2,50,low,low,RISK,1
4,3,4,3,Bonus,458,No,Rents,46,70,81,16,4,URGENT CARE CENTER,IN-NETWORK,CO-PAY IN $,30,50,0,75,50,2,50,low,low,RISK,1
4,3,4,3,Hourly,1593,No,Owns,36,55,76,16,4,URGENT CARE CENTER,IN-NETWORK,CO-PAY IN $,0,30,50,75,50,2,50,low,low,RISK,1
3,4,2,3,Hourly,4519,Yes,Owns,48,75,77,16,4,URGENT CARE CENTER,IN-NETWORK,CO-PAY IN $,30,75,0,50,50,2,50,low,low,RISK,1
2,4,3,3,Bonus,2639,No,Rents,36,60,78,16,4,URGENT CARE CENTER,IN-NETWORK,CO-PAY IN $,30,0,50,75,50,2,50,low,low,RISK,1
2,3,4,3,Hourly,2563,Yes,Rents,59,56,100,16,4,URGENT CARE CENTER,IN-NETWORK,CO-PAY IN $,30,50,75,0,50,2,50,low,low,RISK,1
3,4,4,4,Bonus,2810,Yes,Owns,58,74,85,16,4,URGENT CARE CENTER,IN-NETWORK,CO-PAY IN $,50,75,0,30,50,2,50,low,low,RISK,1
3,4,3,4,Hourly,2954,Yes,Owns,64,67,81,16,4,URGENT CARE CENTER,IN-NETWORK,CO-PAY IN $,30,75,0,50,50,2,50,low,low,RISK,1
3,2,4,3,Hourly,2299,Yes,Owns,54,64,80,16,4,URGENT CARE CENTER,IN-NETWORK,CO-PAY IN $,0,50,30,75,50,2,50,low,low,RISK,1
2,3,4,4,Hourly,1155,No,Rents,37,75,83,16,4,URGENT CARE CENTER,IN-NETWORK,CO-PAY IN $,30,50,75,0,50,2,50,low,low,RISK,1
4,2,4,3,Bonus,1856,Yes,Rents,55,51,79,16,4,URGENT CARE CENTER,IN-NETWORK,CO-PAY IN $,50,0,75,30,50,2,50,low,low,RISK,1
4,4,3,3,Salaried,3352,Yes,Rents,38,73,76,16,4,URGENT CARE CENTER,IN-NETWORK,CO-PAY IN $,50,0,30,75,50,2,50,low,low,RISK,1
4,3,2,3,Hourly,3735,Yes,Owns,58,61,80,16,4,URGENT CARE CENTER,IN-NETWORK,CO-PAY IN $,50,75,0,30,50,2,50,low,low,RISK,1
4,3,3,4,Salaried,1125,Yes,Rents,38,53,77,16,4,URGENT CARE CENTER,IN-NETWORK,CO-PAY IN $,50,0,30,75,50,2,50,low,low,RISK,1
4,2,4,2,Bonus,4695,No,Owns,35,65,80,16,4,URGENT CARE CENTER,IN-NETWORK,CO-PAY IN $,30,0,75,50,50,2,50,low,low,RISK,1
3,3,3,4,Salaried,1210,No,Rents,62,54,88,16,4,URGENT CARE CENTER,IN-NETWORK,CO-PAY IN $,50,75,0,30,50,2,50,low,low,RISK,1
4,4,4,2,Bonus,3149,No,Owns,37,58,79,16,4,URGENT CARE CENTER,IN-NETWORK,CO-PAY IN $,75,0,50,30,50,2,50,low,low,RISK,1
4,3,4,4,Bonus,3757,No,Rents,38,56,75,16,4,URGENT CARE CENTER,IN-NETWORK,CO-PAY IN $,0,75,50,30,50,2,50,low,low,RISK,1
4,3,4,4,Salaried,4038,Yes,Rents,51,64,87,16,4,URGENT CARE CENTER,IN-NETWORK,CO-PAY IN $,50,75,30,0,50,2,50,low,low,RISK,1
2,3,3,4,Bonus,381,No,Owns,41,65,88,16,4,URGENT CARE CENTER,IN-NETWORK,CO-PAY IN $,50,75,0,30,50,2,50,low,low,RISK,1
3,3,3,3,Hourly,2879,Yes,Rents,61,60,80,16,4,URGENT CARE CENTER,IN-NETWORK,CO-PAY IN $,0,30,75,50,50,2,50,low,low,RISK,1
4,4,3,2,Hourly,2246,No,Owns,62,60,83,16,4,URGENT CARE CENTER,IN-NETWORK,CO-PAY IN $,75,30,50,0,50,2,50,low,low,RISK,1
2,4,3,2,Hourly,3337,No,Rents,39,72,79,16,4,URGENT CARE CENTER,IN-NETWORK,CO-PAY IN $,50,75,30,0,50,2,50,low,low,RISK,1
4,3,3,4,Hourly,874,No,Owns,63,68,84,16,4,URGENT CARE CENTER,IN-NETWORK,CO-PAY IN $,30,50,75,0,50,2,50,low,low,RISK,1
3,4,2,3,Hourly,4470,Yes,Owns,36,63,98,16,4,URGENT CARE CENTER,IN-NETWORK,CO-PAY IN $,0,30,50,75,50,2,50,low,low,RISK,1
4,3,4,3,Hourly,3252,Yes,Owns,46,55,84,16,4,URGENT CARE CENTER,IN-NETWORK,CO-PAY IN $,0,30,75,50,50,2,50,low,low,RISK,1
3,4,2,3,Hourly,176,Yes,Rents,45,70,81,16,4,URGENT CARE CENTER,IN-NETWORK,CO-PAY IN $,30,50,75,0,50,2,50,low,low,RISK,1
4,3,4,2,Hourly,3681,Yes,Owns,38,55,76,16,4,URGENT CARE CENTER,IN-NETWORK,CO-PAY IN $,75,0,50,30,50,2,50,low,low,RISK,1
3,4,4,3,Bonus,4493,Yes,Owns,64,60,78,16,4,URGENT CARE CENTER,IN-NETWORK,CO-PAY IN $,30,50,0,75,50,2,50,low,low,RISK,1
3,4,4,2,Salaried,1012,Yes,Owns,58,56,100,16,4,URGENT CARE CENTER,IN-NETWORK,CO-PAY IN $,50,0,75,30,50,2,50,low,low,RISK,1
2,2,4,3,Bonus,1248,Yes,Rents,39,74,85,16,4,URGENT CARE CENTER,IN-NETWORK,CO-PAY IN $,50,0,30,75,50,2,50,low,low,RISK,1
2,3,3,3,Salaried,1214,No,Owns,37,67,81,16,4,URGENT CARE CENTER,IN-NETWORK,CO-PAY IN $,0,30,75,50,50,2,50,low,low,RISK,1
4,3,3,2,Salaried,2852,Yes,Rents,38,64,80,16,4,URGENT CARE CENTER,IN-NETWORK,CO-PAY IN $,0,30,50,75,50,2,50,low,low,RISK,1
3,3,2,2,Bonus,1440,Yes,Owns,46,75,83,16,4,URGENT CARE CENTER,IN-NETWORK,CO-PAY IN $,50,75,30,0,50,2,50,low,low,RISK,1
4,2,4,3,Bonus,2951,No,Owns,48,51,79,16,4,URGENT CARE CENTER,IN-NETWORK,CO-PAY IN $,0,50,30,75,50,2,50,low,low,RISK,1
1,0,0,1,Salaried,4377,No,Rents,4,9,1,16,5,URGENT CARE CENTER,IN-NETWORK,CO-PAY IN $,0,30,50,75,75,1,5,low,high,RISK,2
0,0,1,0,Salaried,1919,No,Owns,4,4,5,16,5,URGENT CARE CENTER,IN-NETWORK,CO-PAY IN $,0,75,50,30,75,1,5,low,high,RISK,2
0,0,0,0,Salaried,4671,Yes,Rents,7,1,2,16,5,URGENT CARE CENTER,IN-NETWORK,CO-PAY IN $,30,75,0,50,75,1,5,low,high,RISK,2
1,1,0,0,Bonus,1139,No,Owns,6,6,5,16,5,URGENT CARE CENTER,IN-NETWORK,CO-PAY IN $,30,50,75,0,75,1,5,low,high,RISK,2
0,1,1,0,Bonus,3085,No,Rents,3,1,13,16,5,URGENT CARE CENTER,IN-NETWORK,CO-PAY IN $,50,30,0,75,75,1,5,low,high,RISK,2
0,1,1,0,Salaried,912,Yes,Rents,9,3,4,16,5,URGENT CARE CENTER,IN-NETWORK,CO-PAY IN $,30,0,50,75,75,1,5,low,high,RISK,2
1,0,1,0,Hourly,3561,Yes,Owns,5,2,0,16,5,URGENT CARE CENTER,IN-NETWORK,CO-PAY IN $,30,50,0,75,75,1,5,low,high,RISK,2
1,1,0,0,Hourly,4350,No,Rents,2,5,12,16,5,URGENT CARE CENTER,IN-NETWORK,CO-PAY IN $,75,0,50,30,75,1,5,low,high,RISK,2
1,1,0,1,Salaried,3664,No,Owns,1,6,13,16,5,URGENT CARE CENTER,IN-NETWORK,CO-PAY IN $,75,50,0,30,75,1,5,low,high,RISK,2
0,0,0,0,Bonus,1972,Yes,Owns,9,4,5,16,5,URGENT CARE CENTER,IN-NETWORK,CO-PAY IN $,0,50,30,75,75,1,5,low,high,RISK,2
0,0,1,1,Salaried,1235,Yes,Rents,7,4,8,16,5,URGENT CARE CENTER,IN-NETWORK,CO-PAY IN $,30,75,50,0,75,1,5,low,high,RISK,2
0,1,0,0,Bonus,2294,Yes,Owns,4,9,4,16,5,URGENT CARE CENTER,IN-NETWORK,CO-PAY IN $,0,75,30,50,75,1,5,low,high,RISK,2
0,0,0,1,Hourly,2183,Yes,Owns,1,5,23,16,5,URGENT CARE CENTER,IN-NETWORK,CO-PAY IN $,75,0,50,30,75,1,5,low,high,RISK,2
0,0,1,0,Salaried,1622,Yes,Rents,2,1,9,16,5,URGENT CARE CENTER,IN-NETWORK,CO-PAY IN $,30,50,0,75,75,1,5,low,high,RISK,2
0,1,0,1,Salaried,4259,Yes,Rents,1,8,6,16,5,URGENT CARE CENTER,IN-NETWORK,CO-PAY IN $,0,75,50,30,75,1,5,low,high,RISK,2
1,0,0,1,Salaried,4138,No,Owns,9,2,1,16,5,URGENT CARE CENTER,IN-NETWORK,CO-PAY IN $,75,0,30,50,75,1,5,low,high,RISK,2
1,0,0,1,Bonus,2742,No,Owns,10,10,2,16,5,URGENT CARE CENTER,IN-NETWORK,CO-PAY IN $,0,75,50,30,75,1,5,low,high,RISK,2
0,0,0,1,Bonus,4027,Yes,Rents,3,4,3,16,5,URGENT CARE CENTER,IN-NETWORK,CO-PAY IN $,30,75,50,0,75,1,5,low,high,RISK,2
1,0,0,0,Bonus,3643,No,Rents,8,2,25,16,5,URGENT CARE CENTER,IN-NETWORK,CO-PAY IN $,75,30,50,0,75,1,5,low,high,RISK,2
1,0,1,0,Salaried,1855,No,Rents,9,10,10,16,5,URGENT CARE CENTER,IN-NETWORK,CO-PAY IN $,0,75,30,50,75,1,5,low,high,RISK,2
0,1,0,0,Bonus,4199,No,Owns,7,7,6,16,5,URGENT CARE CENTER,IN-NETWORK,CO-PAY IN $,0,30,75,50,75,1,5,low,high,RISK,2
0,1,0,0,Salaried,358,No,Rents,5,5,5,16,5,URGENT CARE CENTER,IN-NETWORK,CO-PAY IN $,30,75,0,50,75,1,5,low,high,RISK,2
0,0,1,0,Salaried,2175,No,Owns,8,10,8,16,5,URGENT CARE CENTER,IN-NETWORK,CO-PAY IN $,50,75,0,30,75,1,5,low,high,RISK,2
0,1,0,0,Bonus,2804,No,Owns,4,0,4,16,5,URGENT CARE CENTER,IN-NETWORK,CO-PAY IN $,0,50,30,75,75,1,5,low,high,RISK,2
1,1,1,0,Bonus,2793,Yes,Owns,9,9,1,16,5,URGENT CARE CENTER,IN-NETWORK,CO-PAY IN $,75,30,50,0,75,1,5,low,high,RISK,2
1,0,1,0,Salaried,1366,No,Owns,7,4,5,16,5,URGENT CARE CENTER,IN-NETWORK,CO-PAY IN $,30,50,0,75,75,1,5,low,high,RISK,2
0,1,1,1,Salaried,3990,No,Rents,6,1,2,16,5,URGENT CARE CENTER,IN-NETWORK,CO-PAY IN $,0,50,30,75,75,1,5,low,high,RISK,2
0,0,0,0,Salaried,1625,No,Owns,8,6,5,16,5,URGENT CARE CENTER,IN-NETWORK,CO-PAY IN $,50,0,75,30,75,1,5,low,high,RISK,2
1,1,0,0,Hourly,1178,No,Owns,0,1,13,16,5,URGENT CARE CENTER,IN-NETWORK,CO-PAY IN $,50,75,30,0,75,1,5,low,high,RISK,2
0,0,0,0,Hourly,2665,No,Rents,2,3,4,16,5,URGENT CARE CENTER,IN-NETWORK,CO-PAY IN $,30,0,50,75,75,1,5,low,high,RISK,2
1,1,1,0,Hourly,4144,No,Owns,3,2,0,16,5,URGENT CARE CENTER,IN-NETWORK,CO-PAY IN $,75,30,0,50,75,1,5,low,high,RISK,2
0,0,1,0,Hourly,2547,Yes,Owns,7,5,12,16,5,URGENT CARE CENTER,IN-NETWORK,CO-PAY IN $,0,30,75,50,75,1,5,low,high,RISK,2
1,0,1,0,Hourly,152,Yes,Owns,8,6,13,16,5,URGENT CARE CENTER,IN-NETWORK,CO-PAY IN $,75,0,30,50,75,1,5,low,high,RISK,2
0,0,0,0,Bonus,2909,Yes,Rents,3,4,5,16,5,URGENT CARE CENTER,IN-NETWORK,CO-PAY IN $,75,50,30,0,75,1,5,low,high,RISK,2
1,1,0,0,Bonus,2404,Yes,Owns,5,4,8,16,5,URGENT CARE CENTER,IN-NETWORK,CO-PAY IN $,50,30,0,75,75,1,5,low,high,RISK,2
1,0,1,1,Bonus,144,Yes,Owns,4,9,4,16,5,URGENT CARE CENTER,IN-NETWORK,CO-PAY IN $,50,75,0,30,75,1,5,low,high,RISK,2
1,0,1,0,Hourly,2250,No,Owns,4,7,9,16,5,URGENT CARE CENTER,IN-NETWORK,CO-PAY IN $,30,0,50,75,75,1,5,low,high,RISK,2
1,0,0,0,Hourly,4826,No,Owns,4,5,23,16,5,URGENT CARE CENTER,IN-NETWORK,CO-PAY IN $,75,50,30,0,75,1,5,low,high,RISK,2
1,1,0,0,Salaried,792,No,Owns,5,1,9,16,5,URGENT CARE CENTER,IN-NETWORK,CO-PAY IN $,30,50,0,75,75,1,5,low,high,RISK,2
0,1,0,0,Hourly,3429,No,Rents,8,8,6,16,5,URGENT CARE CENTER,IN-NETWORK,CO-PAY IN $,75,50,30,0,75,1,5,low,high,RISK,2
0,1,0,0,Hourly,1596,Yes,Owns,5,2,1,16,5,URGENT CARE CENTER,IN-NETWORK,CO-PAY IN $,75,50,0,30,75,1,5,low,high,RISK,2
1,1,1,0,Salaried,83,Yes,Owns,2,10,2,16,5,URGENT CARE CENTER,IN-NETWORK,CO-PAY IN $,50,0,30,75,75,1,5,low,high,RISK,2
1,1,0,1,Salaried,3601,No,Owns,1,4,3,16,5,URGENT CARE CENTER,IN-NETWORK,CO-PAY IN $,0,30,50,75,75,1,5,low,high,RISK,2
0,0,0,1,Bonus,861,No,Owns,8,2,25,16,5,URGENT CARE CENTER,IN-NETWORK,CO-PAY IN $,75,0,50,30,75,1,5,low,high,RISK,2
0,1,1,1,Salaried,2240,Yes,Rents,8,10,10,16,5,URGENT CARE CENTER,IN-NETWORK,CO-PAY IN $,75,0,50,30,75,1,5,low,high,RISK,2
0,0,0,0,Hourly,2384,No,Rents,1,7,6,16,5,URGENT CARE CENTER,IN-NETWORK,CO-PAY IN $,0,75,50,30,75,1,5,low,high,RISK,2
0,0,0,0,Bonus,2363,Yes,Rents,6,5,5,16,5,URGENT CARE CENTER,IN-NETWORK,CO-PAY IN $,50,0,30,75,75,1,5,low,high,RISK,2
0,0,1,0,Salaried,4539,No,Owns,3,10,8,16,5,URGENT CARE CENTER,IN-NETWORK,CO-PAY IN $,75,0,50,30,75,1,5,low,high,RISK,2
0,0,0,0,Bonus,489,No,Rents,3,0,4,16,5,URGENT CARE CENTER,IN-NETWORK,CO-PAY IN $,0,30,50,75,75,1,5,low,high,RISK,2
0,1,0,1,Bonus,4623,Yes,Owns,2,9,1,16,5,URGENT CARE CENTER,IN-NETWORK,CO-PAY IN $,75,30,0,50,75,1,5,low,high,RISK,2
0,0,0,0,Salaried,153,Yes,Owns,0,4,5,16,5,URGENT CARE CENTER,IN-NETWORK,CO-PAY IN $,30,0,50,75,75,1,5,low,high,RISK,2
0,1,1,0,Salaried,3954,No,Owns,1,1,2,16,5,URGENT CARE CENTER,IN-NETWORK,CO-PAY IN $,50,0,75,30,75,1,5,low,high,RISK,2
0,0,0,0,Salaried,4742,No,Rents,0,6,5,16,5,URGENT CARE CENTER,IN-NETWORK,CO-PAY IN $,30,50,75,0,75,1,5,low,high,RISK,2
0,0,0,0,Hourly,3289,No,Rents,8,1,13,16,5,URGENT CARE CENTER,IN-NETWORK,CO-PAY IN $,0,75,50,30,75,1,5,low,high,RISK,2
0,0,0,0,Bonus,3409,Yes,Rents,6,3,4,16,5,URGENT CARE CENTER,IN-NETWORK,CO-PAY IN $,50,0,30,75,75,1,5,low,high,RISK,2
0,0,1,0,Bonus,3179,No,Rents,2,2,0,16,5,URGENT CARE CENTER,IN-NETWORK,CO-PAY IN $,30,0,50,75,75,1,5,low,high,RISK,2
0,0,0,0,Bonus,4271,No,Rents,3,5,12,16,5,URGENT CARE CENTER,IN-NETWORK,CO-PAY IN $,50,0,75,30,75,1,5,low,high,RISK,2
0,0,0,0,Hourly,4605,Yes,Rents,4,6,13,16,5,URGENT CARE CENTER,IN-NETWORK,CO-PAY IN $,30,0,75,50,75,1,5,low,high,RISK,2
0,1,1,1,Salaried,3042,Yes,Rents,1,4,5,16,5,URGENT CARE CENTER,IN-NETWORK,CO-PAY IN $,75,0,50,30,75,1,5,low,high,RISK,2
0,1,1,0,Hourly,170,No,Rents,9,4,8,16,5,URGENT CARE CENTER,IN-NETWORK,CO-PAY IN $,30,50,0,75,75,1,5,low,high,RISK,2
0,0,0,1,Salaried,2062,No,Rents,2,9,4,16,5,URGENT CARE CENTER,IN-NETWORK,CO-PAY IN $,75,0,30,50,75,1,5,low,high,RISK,2
1,0,1,1,Bonus,1962,No,Rents,0,7,9,16,5,URGENT CARE CENTER,IN-NETWORK,CO-PAY IN $,0,75,50,30,75,1,5,low,high,RISK,2
0,0,0,0,Bonus,1006,No,Owns,5,5,23,16,5,URGENT CARE CENTER,IN-NETWORK,CO-PAY IN $,30,0,75,50,75,1,5,low,high,RISK,2
0,1,0,1,Salaried,4555,No,Rents,2,1,9,16,5,URGENT CARE CENTER,IN-NETWORK,CO-PAY IN $,75,0,30,50,75,1,5,low,high,RISK,2
1,0,1,0,Bonus,458,No,Rents,4,8,6,16,5,URGENT CARE CENTER,IN-NETWORK,CO-PAY IN $,75,30,50,0,75,1,5,low,high,RISK,2
1,0,1,0,Hourly,1593,No,Owns,0,2,1,16,5,URGENT CARE CENTER,IN-NETWORK,CO-PAY IN $,30,50,0,75,75,1,5,low,high,RISK,2
0,1,0,0,Hourly,4519,Yes,Owns,4,10,2,16,5,URGENT CARE CENTER,IN-NETWORK,CO-PAY IN $,75,50,30,0,75,1,5,low,high,RISK,2
0,1,0,0,Bonus,2639,No,Rents,0,4,3,16,5,URGENT CARE CENTER,IN-NETWORK,CO-PAY IN $,30,0,75,50,75,1,5,low,high,RISK,2
0,0,1,0,Hourly,2563,Yes,Rents,8,2,25,16,5,URGENT CARE CENTER,IN-NETWORK,CO-PAY IN $,30,75,50,0,75,1,5,low,high,RISK,2
0,0,1,1,Bonus,2810,Yes,Owns,8,10,10,16,5,URGENT CARE CENTER,IN-NETWORK,CO-PAY IN $,75,50,0,30,75,1,5,low,high,RISK,2
0,0,0,1,Hourly,2954,Yes,Owns,10,7,6,16,5,URGENT CARE CENTER,IN-NETWORK,CO-PAY IN $,75,30,50,0,75,1,5,low,high,RISK,2
0,0,1,0,Hourly,2299,Yes,Owns,6,5,5,16,5,URGENT CARE CENTER,IN-NETWORK,CO-PAY IN $,75,0,50,30,75,1,5,low,high,RISK,2
0,0,1,1,Hourly,1155,No,Rents,1,10,8,16,5,URGENT CARE CENTER,IN-NETWORK,CO-PAY IN $,0,30,75,50,75,1,5,low,high,RISK,2
1,0,1,0,Bonus,1856,Yes,Rents,7,0,4,16,5,URGENT CARE CENTER,IN-NETWORK,CO-PAY IN $,30,75,0,50,75,1,5,low,high,RISK,2
1,1,0,0,Salaried,3352,Yes,Rents,1,9,1,16,5,URGENT CARE CENTER,IN-NETWORK,CO-PAY IN $,75,0,50,30,75,1,5,low,high,RISK,2
1,0,0,0,Hourly,3735,Yes,Owns,8,4,5,16,5,URGENT CARE CENTER,IN-NETWORK,CO-PAY IN $,50,30,75,0,75,1,5,low,high,RISK,2
1,0,0,1,Salaried,1125,Yes,Rents,1,1,2,16,5,URGENT CARE CENTER,IN-NETWORK,CO-PAY IN $,30,50,75,0,75,1,5,low,high,RISK,2
1,0,1,0,Bonus,4695,No,Owns,0,6,5,16,5,URGENT CARE CENTER,IN-NETWORK,CO-PAY IN $,75,50,30,0,75,1,5,low,high,RISK,2
0,0,0,1,Salaried,1210,No,Rents,9,1,13,16,5,URGENT CARE CENTER,IN-NETWORK,CO-PAY IN $,75,30,50,0,75,1,5,low,high,RISK,2
1,1,1,0,Bonus,3149,No,Owns,1,3,4,16,5,URGENT CARE CENTER,IN-NETWORK,CO-PAY IN $,0,50,30,75,75,1,5,low,high,RISK,2
1,0,0,0,Bonus,3757,No,Rents,1,2,0,16,5,URGENT CARE CENTER,IN-NETWORK,CO-PAY IN $,0,50,30,75,75,1,5,low,high,RISK,2
1,0,1,1,Salaried,4038,Yes,Rents,5,5,12,16,5,URGENT CARE CENTER,IN-NETWORK,CO-PAY IN $,75,30,0,50,75,1,5,low,high,RISK,2
0,0,0,1,Bonus,381,No,Owns,2,6,13,16,5,URGENT CARE CENTER,IN-NETWORK,CO-PAY IN $,0,30,50,75,75,1,5,low,high,RISK,2
0,0,0,0,Hourly,2879,Yes,Rents,9,4,5,16,5,URGENT CARE CENTER,IN-NETWORK,CO-PAY IN $,50,30,0,75,75,1,5,low,high,RISK,2
0,1,0,0,Hourly,2246,No,Owns,9,4,8,16,5,URGENT CARE CENTER,IN-NETWORK,CO-PAY IN $,30,50,0,75,75,1,5,low,high,RISK,2
0,1,0,0,Hourly,3337,No,Rents,1,9,4,16,5,URGENT CARE CENTER,IN-NETWORK,CO-PAY IN $,50,30,75,0,75,1,5,low,high,RISK,2
1,0,0,0,Hourly,874,No,Owns,9,7,9,16,5,URGENT CARE CENTER,IN-NETWORK,CO-PAY IN $,50,0,30,75,75,1,5,low,high,RISK,2
0,1,0,0,Hourly,4470,Yes,Owns,0,5,23,16,5,URGENT CARE CENTER,IN-NETWORK,CO-PAY IN $,0,75,30,50,75,1,5,low,high,RISK,2
1,0,1,0,Hourly,3252,Yes,Owns,4,1,9,16,5,URGENT CARE CENTER,IN-NETWORK,CO-PAY IN $,75,0,30,50,75,1,5,low,high,RISK,2
0,1,0,0,Hourly,176,Yes,Rents,3,8,6,16,5,URGENT CARE CENTER,IN-NETWORK,CO-PAY IN $,75,50,0,30,75,1,5,low,high,RISK,2
0,0,1,0,Hourly,3681,Yes,Owns,1,2,1,16,5,URGENT CARE CENTER,IN-NETWORK,CO-PAY IN $,75,50,0,30,75,1,5,low,high,RISK,2
0,1,1,1,Hourly,1019,Yes,Owns,8,10,2,16,5,URGENT CARE CENTER,IN-NETWORK,CO-PAY IN $,75,30,50,0,75,1,5,low,high,RISK,2
0,1,1,0,Bonus,4493,Yes,Owns,10,4,3,16,5,URGENT CARE CENTER,IN-NETWORK,CO-PAY IN $,75,0,50,30,75,1,5,low,high,RISK,2
0,1,1,0,Salaried,1012,Yes,Owns,8,2,25,16,5,URGENT CARE CENTER,IN-NETWORK,CO-PAY IN $,75,30,0,50,75,1,5,low,high,RISK,2
0,0,0,0,Bonus,1248,Yes,Rents,1,10,10,16,5,URGENT CARE CENTER,IN-NETWORK,CO-PAY IN $,0,30,75,50,75,1,5,low,high,RISK,2
0,0,0,0,Salaried,1214,No,Owns,1,7,6,16,5,URGENT CARE CENTER,IN-NETWORK,CO-PAY IN $,50,30,75,0,75,1,5,low,high,RISK,2
1,0,0,0,Salaried,2852,Yes,Rents,1,5,5,16,5,URGENT CARE CENTER,IN-NETWORK,CO-PAY IN $,50,75,0,30,75,1,5,low,high,RISK,2
0,0,0,0,Bonus,1440,Yes,Owns,4,10,8,16,5,URGENT CARE CENTER,IN-NETWORK,CO-PAY IN $,0,50,30,75,75,1,5,low,high,RISK,2
1,0,1,0,Bonus,2951,No,Owns,4,0,4,16,5,URGENT CARE CENTER,IN-NETWORK,CO-PAY IN $,50,30,0,75,75,1,5,low,high,RISK,2
2,1,0,2,Salaried,4377,No,Rents,10,19,27,16,6,URGENT CARE CENTER,IN-NETWORK,CO-PAY IN $,30,50,0,75,50,2,10,low,high,RISK,2
0,1,1,0,Salaried,1919,No,Owns,10,15,31,16,6,URGENT CARE CENTER,IN-NETWORK,CO-PAY IN $,30,75,50,0,50,2,10,low,high,RISK,2
1,1,0,0,Salaried,4671,Yes,Rents,15,12,28,16,6,URGENT CARE CENTER,IN-NETWORK,CO-PAY IN $,50,0,30,75,50,2,10,low,high,RISK,2
2,1,0,0,Bonus,1139,No,Owns,13,16,31,16,6,URGENT CARE CENTER,IN-NETWORK,CO-PAY IN $,50,0,30,75,50,2,10,low,high,RISK,2
1,1,2,1,Bonus,3085,No,Rents,9,12,39,16,6,URGENT CARE CENTER,IN-NETWORK,CO-PAY IN $,75,50,0,30,50,2,10,low,high,RISK,2
0,1,2,0,Salaried,912,Yes,Rents,16,14,30,16,6,URGENT CARE CENTER,IN-NETWORK,CO-PAY IN $,50,30,75,0,50,2,10,low,high,RISK,2
1,0,2,1,Hourly,3561,Yes,Owns,12,13,26,16,6,URGENT CARE CENTER,IN-NETWORK,CO-PAY IN $,0,75,50,30,50,2,10,low,high,RISK,2
1,2,0,0,Hourly,4350,No,Rents,7,16,37,16,6,URGENT CARE CENTER,IN-NETWORK,CO-PAY IN $,0,75,30,50,50,2,10,low,high,RISK,2
2,2,1,2,Salaried,3664,No,Owns,7,16,39,16,6,URGENT CARE CENTER,IN-NETWORK,CO-PAY IN $,0,30,75,50,50,2,10,low,high,RISK,2
0,0,0,1,Bonus,1972,Yes,Owns,17,14,30,16,6,URGENT CARE CENTER,IN-NETWORK,CO-PAY IN $,30,0,75,50,50,2,10,low,high,RISK,2
1,0,2,2,Salaried,1235,Yes,Rents,14,14,34,16,6,URGENT CARE CENTER,IN-NETWORK,CO-PAY IN $,50,0,30,75,50,2,10,low,high,RISK,2
0,2,0,1,Bonus,2294,Yes,Owns,10,19,30,16,6,URGENT CARE CENTER,IN-NETWORK,CO-PAY IN $,0,30,75,50,50,2,10,low,high,RISK,2
0,1,2,0,Salaried,4592,Yes,Rents,16,17,35,16,6,URGENT CARE CENTER,IN-NETWORK,CO-PAY IN $,75,0,50,30,50,2,10,low,high,RISK,2
0,0,1,1,Hourly,2183,Yes,Owns,6,15,48,16,6,URGENT CARE CENTER,IN-NETWORK,CO-PAY IN $,30,50,0,75,50,2,10,low,high,RISK,2
1,1,2,1,Salaried,1622,Yes,Rents,8,12,35,16,6,URGENT CARE CENTER,IN-NETWORK,CO-PAY IN $,50,30,0,75,50,2,10,low,high,RISK,2
1,2,1,2,Salaried,4259,Yes,Rents,6,18,32,16,6,URGENT CARE CENTER,IN-NETWORK,CO-PAY IN $,30,50,75,0,50,2,10,low,high,RISK,2
2,1,1,2,Salaried,4138,No,Owns,17,13,27,16,6,URGENT CARE CENTER,IN-NETWORK,CO-PAY IN $,30,75,50,0,50,2,10,low,high,RISK,2
2,0,1,2,Bonus,2742,No,Owns,17,20,28,16,6,URGENT CARE CENTER,IN-NETWORK,CO-PAY IN $,75,0,50,30,50,2,10,low,high,RISK,2
1,1,0,2,Bonus,4027,Yes,Rents,8,14,29,16,6,URGENT CARE CENTER,IN-NETWORK,CO-PAY IN $,0,75,50,30,50,2,10,low,high,RISK,2
1,1,0,0,Bonus,3643,No,Rents,16,13,50,16,6,URGENT CARE CENTER,IN-NETWORK,CO-PAY IN $,75,30,50,0,50,2,10,low,high,RISK,2
1,0,2,0,Salaried,1855,No,Rents,17,20,35,16,6,URGENT CARE CENTER,IN-NETWORK,CO-PAY IN $,75,0,50,30,50,2,10,low,high,RISK,2
1,2,0,1,Bonus,4199,No,Owns,14,17,32,16,6,URGENT CARE CENTER,IN-NETWORK,CO-PAY IN $,75,0,30,50,50,2,10,low,high,RISK,2
0,2,1,0,Salaried,358,No,Rents,12,16,31,16,6,URGENT CARE CENTER,IN-NETWORK,CO-PAY IN $,0,75,50,30,50,2,10,low,high,RISK,2
1,1,1,1,Salaried,2175,No,Owns,16,20,34,16,6,URGENT CARE CENTER,IN-NETWORK,CO-PAY IN $,75,30,50,0,50,2,10,low,high,RISK,2
1,1,0,0,Bonus,2804,No,Owns,11,11,30,16,6,URGENT CARE CENTER,IN-NETWORK,CO-PAY IN $,50,0,75,30,50,2,10,low,high,RISK,2
2,1,2,1,Bonus,2793,Yes,Owns,17,19,27,16,6,URGENT CARE CENTER,IN-NETWORK,CO-PAY IN $,75,0,30,50,50,2,10,low,high,RISK,2
2,0,2,0,Salaried,1366,No,Owns,14,15,31,16,6,URGENT CARE CENTER,IN-NETWORK,CO-PAY IN $,50,75,0,30,50,2,10,low,high,RISK,2
0,1,1,2,Salaried,3990,No,Rents,13,12,28,16,6,URGENT CARE CENTER,IN-NETWORK,CO-PAY IN $,0,50,30,75,50,2,10,low,high,RISK,2
1,2,0,0,Hourly,1178,No,Owns,5,12,39,16,6,URGENT CARE CENTER,IN-NETWORK,CO-PAY IN $,0,75,30,50,50,2,10,low,high,RISK,2
1,1,0,0,Hourly,2665,No,Rents,8,14,30,16,6,URGENT CARE CENTER,IN-NETWORK,CO-PAY IN $,75,0,30,50,50,2,10,low,high,RISK,2
1,1,2,0,Hourly,4144,No,Owns,9,13,26,16,6,URGENT CARE CENTER,IN-NETWORK,CO-PAY IN $,75,30,0,50,50,2,10,low,high,RISK,2
1,1,2,0,Hourly,2547,Yes,Owns,14,16,37,16,6,URGENT CARE CENTER,IN-NETWORK,CO-PAY IN $,0,75,30,50,50,2,10,low,high,RISK,2
1,1,1,0,Hourly,152,Yes,Owns,15,16,39,16,6,URGENT CARE CENTER,IN-NETWORK,CO-PAY IN $,75,0,30,50,50,2,10,low,high,RISK,2
0,0,0,0,Bonus,2909,Yes,Rents,9,14,30,16,6,URGENT CARE CENTER,IN-NETWORK,CO-PAY IN $,0,30,50,75,50,2,10,low,high,RISK,2
2,2,1,1,Bonus,2404,Yes,Owns,11,14,34,16,6,URGENT CARE CENTER,IN-NETWORK,CO-PAY IN $,0,30,50,75,50,2,10,low,high,RISK,2
2,0,1,2,Bonus,144,Yes,Owns,10,19,30,16,6,URGENT CARE CENTER,IN-NETWORK,CO-PAY IN $,30,50,0,75,50,2,10,low,high,RISK,2
2,0,1,0,Hourly,2250,No,Owns,11,17,35,16,6,URGENT CARE CENTER,IN-NETWORK,CO-PAY IN $,50,75,30,0,50,2,10,low,high,RISK,2
2,0,0,0,Hourly,4826,No,Owns,10,15,48,16,6,URGENT CARE CENTER,IN-NETWORK,CO-PAY IN $,75,30,50,0,50,2,10,low,high,RISK,2
1,1,0,0,Salaried,792,No,Owns,12,12,35,16,6,URGENT CARE CENTER,IN-NETWORK,CO-PAY IN $,0,50,75,30,50,2,10,low,high,RISK,2
0,2,0,1,Hourly,3429,No,Rents,15,18,32,16,6,URGENT CARE CENTER,IN-NETWORK,CO-PAY IN $,30,75,50,0,50,2,10,low,high,RISK,2
0,2,0,1,Hourly,1596,Yes,Owns,11,13,27,16,6,URGENT CARE CENTER,IN-NETWORK,CO-PAY IN $,50,75,30,0,50,2,10,low,high,RISK,2
1,1,2,0,Salaried,83,Yes,Owns,7,20,28,16,6,URGENT CARE CENTER,IN-NETWORK,CO-PAY IN $,50,0,75,30,50,2,10,low,high,RISK,2
1,1,0,1,Bonus,861,No,Owns,15,13,50,16,6,URGENT CARE CENTER,IN-NETWORK,CO-PAY IN $,0,30,75,50,50,2,10,low,high,RISK,2
0,2,2,2,Salaried,2240,Yes,Rents,15,20,35,16,6,URGENT CARE CENTER,IN-NETWORK,CO-PAY IN $,50,0,30,75,50,2,10,low,high,RISK,2
1,0,0,0,Hourly,2384,No,Rents,6,17,32,16,6,URGENT CARE CENTER,IN-NETWORK,CO-PAY IN $,75,0,30,50,50,2,10,low,high,RISK,2
0,0,0,0,Bonus,2363,Yes,Rents,12,16,31,16,6,URGENT CARE CENTER,IN-NETWORK,CO-PAY IN $,30,75,0,50,50,2,10,low,high,RISK,2
1,1,2,0,Salaried,4539,No,Owns,10,20,34,16,6,URGENT CARE CENTER,IN-NETWORK,CO-PAY IN $,50,75,0,30,50,2,10,low,high,RISK,2
1,1,0,0,Bonus,489,No,Rents,9,11,30,16,6,URGENT CARE CENTER,IN-NETWORK,CO-PAY IN $,0,75,30,50,50,2,10,low,high,RISK,2
1,0,0,0,Salaried,153,Yes,Owns,5,15,31,16,6,URGENT CARE CENTER,IN-NETWORK,CO-PAY IN $,50,75,30,0,50,2,10,low,high,RISK,2
0,2,2,1,Salaried,3954,No,Owns,6,12,28,16,6,URGENT CARE CENTER,IN-NETWORK,CO-PAY IN $,75,50,0,30,50,2,10,low,high,RISK,2
0,1,0,0,Salaried,4742,No,Rents,5,16,31,16,6,URGENT CARE CENTER,IN-NETWORK,CO-PAY IN $,30,75,0,50,50,2,10,low,high,RISK,2
0,0,0,1,Hourly,3289,No,Rents,15,12,39,16,6,URGENT CARE CENTER,IN-NETWORK,CO-PAY IN $,75,0,50,30,50,2,10,low,high,RISK,2
0,0,1,1,Bonus,3409,Yes,Rents,13,14,30,16,6,URGENT CARE CENTER,IN-NETWORK,CO-PAY IN $,0,50,75,30,50,2,10,low,high,RISK,2
0,0,2,1,Bonus,3179,No,Rents,8,13,26,16,6,URGENT CARE CENTER,IN-NETWORK,CO-PAY IN $,75,30,50,0,50,2,10,low,high,RISK,2
0,0,0,1,Bonus,4271,No,Rents,9,16,37,16,6,URGENT CARE CENTER,IN-NETWORK,CO-PAY IN $,75,50,30,0,50,2,10,low,high,RISK,2
0,0,0,0,Hourly,4605,Yes,Rents,10,16,39,16,6,URGENT CARE CENTER,IN-NETWORK,CO-PAY IN $,30,75,50,0,50,2,10,low,high,RISK,2
0,2,2,2,Salaried,3042,Yes,Rents,6,14,30,16,6,URGENT CARE CENTER,IN-NETWORK,CO-PAY IN $,0,50,30,75,50,2,10,low,high,RISK,2
0,2,2,0,Hourly,170,No,Rents,16,14,34,16,6,URGENT CARE CENTER,IN-NETWORK,CO-PAY IN $,0,50,30,75,50,2,10,low,high,RISK,2
0,1,0,2,Salaried,2062,No,Rents,7,19,30,16,6,URGENT CARE CENTER,IN-NETWORK,CO-PAY IN $,30,0,50,75,50,2,10,low,high,RISK,2
1,1,2,2,Bonus,1962,No,Rents,5,17,35,16,6,URGENT CARE CENTER,IN-NETWORK,CO-PAY IN $,30,50,75,0,50,2,10,low,high,RISK,2
0,0,0,0,Bonus,1006,No,Owns,11,15,48,16,6,URGENT CARE CENTER,IN-NETWORK,CO-PAY IN $,0,50,30,75,50,2,10,low,high,RISK,2
0,2,1,2,Salaried,4555,No,Rents,8,12,35,16,6,URGENT CARE CENTER,IN-NETWORK,CO-PAY IN $,30,50,75,0,50,2,10,low,high,RISK,2
2,1,1,0,Bonus,458,No,Rents,10,18,32,16,6,URGENT CARE CENTER,IN-NETWORK,CO-PAY IN $,75,50,0,30,50,2,10,low,high,RISK,2
2,0,2,1,Hourly,1593,No,Owns,5,13,27,16,6,URGENT CARE CENTER,IN-NETWORK,CO-PAY IN $,50,30,75,0,50,2,10,low,high,RISK,2
0,2,0,1,Hourly,4519,Yes,Owns,11,20,28,16,6,URGENT CARE CENTER,IN-NETWORK,CO-PAY IN $,30,0,75,50,50,2,10,low,high,RISK,2
0,1,0,0,Bonus,2639,No,Rents,5,14,29,16,6,URGENT CARE CENTER,IN-NETWORK,CO-PAY IN $,75,50,30,0,50,2,10,low,high,RISK,2
0,0,2,1,Hourly,2563,Yes,Rents,15,13,50,16,6,URGENT CARE CENTER,IN-NETWORK,CO-PAY IN $,75,0,30,50,50,2,10,low,high,RISK,2
0,1,2,1,Bonus,2810,Yes,Owns,15,20,35,16,6,URGENT CARE CENTER,IN-NETWORK,CO-PAY IN $,0,75,50,30,50,2,10,low,high,RISK,2
1,1,0,1,Hourly,2954,Yes,Owns,18,17,32,16,6,URGENT CARE CENTER,IN-NETWORK,CO-PAY IN $,50,0,75,30,50,2,10,low,high,RISK,2
1,0,2,0,Hourly,2299,Yes,Owns,13,16,31,16,6,URGENT CARE CENTER,IN-NETWORK,CO-PAY IN $,50,75,0,30,50,2,10,low,high,RISK,2
0,0,1,2,Hourly,1155,No,Rents,6,20,34,16,6,URGENT CARE CENTER,IN-NETWORK,CO-PAY IN $,0,75,30,50,50,2,10,low,high,RISK,2
1,0,2,0,Bonus,1856,Yes,Rents,14,11,30,16,6,URGENT CARE CENTER,IN-NETWORK,CO-PAY IN $,30,0,75,50,50,2,10,low,high,RISK,2
2,1,1,0,Salaried,3352,Yes,Rents,6,19,27,16,6,URGENT CARE CENTER,IN-NETWORK,CO-PAY IN $,0,75,30,50,50,2,10,low,high,RISK,2
2,0,0,1,Hourly,3735,Yes,Owns,15,15,31,16,6,URGENT CARE CENTER,IN-NETWORK,CO-PAY IN $,50,75,30,0,50,2,10,low,high,RISK,2
2,1,0,2,Salaried,1125,Yes,Rents,6,12,28,16,6,URGENT CARE CENTER,IN-NETWORK,CO-PAY IN $,0,75,30,50,50,2,10,low,high,RISK,2
2,0,1,0,Bonus,4695,No,Owns,5,16,31,16,6,URGENT CARE CENTER,IN-NETWORK,CO-PAY IN $,50,75,0,30,50,2,10,low,high,RISK,2
1,1,1,1,Salaried,1210,No,Rents,17,12,39,16,6,URGENT CARE CENTER,IN-NETWORK,CO-PAY IN $,75,50,0,30,50,2,10,low,high,RISK,2
1,2,1,0,Bonus,3149,No,Owns,6,14,30,16,6,URGENT CARE CENTER,IN-NETWORK,CO-PAY IN $,0,50,30,75,50,2,10,low,high,RISK,2
1,1,1,1,Bonus,3757,No,Rents,6,13,26,16,6,URGENT CARE CENTER,IN-NETWORK,CO-PAY IN $,0,30,50,75,50,2,10,low,high,RISK,2
1,0,2,1,Salaried,4038,Yes,Rents,12,16,37,16,6,URGENT CARE CENTER,IN-NETWORK,CO-PAY IN $,75,30,50,0,50,2,10,low,high,RISK,2
0,0,0,2,Bonus,381,No,Owns,8,16,39,16,6,URGENT CARE CENTER,IN-NETWORK,CO-PAY IN $,50,0,75,30,50,2,10,low,high,RISK,2
0,0,1,1,Hourly,2879,Yes,Rents,16,14,30,16,6,URGENT CARE CENTER,IN-NETWORK,CO-PAY IN $,50,30,75,0,50,2,10,low,high,RISK,2
1,2,0,0,Hourly,2246,No,Owns,17,14,34,16,6,URGENT CARE CENTER,IN-NETWORK,CO-PAY IN $,30,50,75,0,50,2,10,low,high,RISK,2
0,2,1,0,Hourly,3337,No,Rents,7,19,30,16,6,URGENT CARE CENTER,IN-NETWORK,CO-PAY IN $,75,50,30,0,50,2,10,low,high,RISK,2
1,1,1,1,Hourly,874,No,Owns,17,17,35,16,6,URGENT CARE CENTER,IN-NETWORK,CO-PAY IN $,50,75,0,30,50,2,10,low,high,RISK,2
0,1,0,0,Hourly,4470,Yes,Owns,6,15,48,16,6,URGENT CARE CENTER,IN-NETWORK,CO-PAY IN $,75,30,50,0,50,2,10,low,high,RISK,2
2,0,1,1,Hourly,3252,Yes,Owns,10,12,35,16,6,URGENT CARE CENTER,IN-NETWORK,CO-PAY IN $,30,0,50,75,50,2,10,low,high,RISK,2
0,2,0,1,Hourly,176,Yes,Rents,9,18,32,16,6,URGENT CARE CENTER,IN-NETWORK,CO-PAY IN $,75,0,30,50,50,2,10,low,high,RISK,2
1,0,2,0,Hourly,3681,Yes,Owns,6,13,27,16,6,URGENT CARE CENTER,IN-NETWORK,CO-PAY IN $,0,50,75,30,50,2,10,low,high,RISK,2
1,2,1,2,Hourly,1019,Yes,Owns,15,20,28,16,6,URGENT CARE CENTER,IN-NETWORK,CO-PAY IN $,75,0,50,30,50,2,10,low,high,RISK,2
1,2,1,1,Bonus,4493,Yes,Owns,18,14,29,16,6,URGENT CARE CENTER,IN-NETWORK,CO-PAY IN $,30,50,0,75,50,2,10,low,high,RISK,2
1,2,2,0,Salaried,1012,Yes,Owns,15,13,50,16,6,URGENT CARE CENTER,IN-NETWORK,CO-PAY IN $,50,30,0,75,50,2,10,low,high,RISK,2
0,0,1,1,Bonus,1248,Yes,Rents,7,20,35,16,6,URGENT CARE CENTER,IN-NETWORK,CO-PAY IN $,0,75,50,30,50,2,10,low,high,RISK,2
0,0,1,0,Salaried,1214,No,Owns,6,17,32,16,6,URGENT CARE CENTER,IN-NETWORK,CO-PAY IN $,0,50,75,30,50,2,10,low,high,RISK,2
1,0,1,0,Salaried,2852,Yes,Rents,6,16,31,16,6,URGENT CARE CENTER,IN-NETWORK,CO-PAY IN $,0,30,50,75,50,2,10,low,high,RISK,2
1,0,0,0,Bonus,1440,Yes,Owns,10,20,34,16,6,URGENT CARE CENTER,IN-NETWORK,CO-PAY IN $,0,75,30,50,50,2,10,low,high,RISK,2
1,0,1,0,Bonus,2951,No,Owns,11,11,30,16,6,URGENT CARE CENTER,IN-NETWORK,CO-PAY IN $,50,0,30,75,50,2,10,low,high,RISK,2
3,2,1,3,Salaried,4377,No,Rents,24,48,52,16,7,URGENT CARE CENTER,IN-NETWORK,CO-PAY IN $,0,75,30,50,50,2,20,low,high,RISK,2
1,1,2,1,Salaried,1919,No,Owns,25,33,56,16,7,URGENT CARE CENTER,IN-NETWORK,CO-PAY IN $,30,75,0,50,50,2,20,low,high,RISK,2
2,2,1,1,Salaried,4671,Yes,Rents,33,23,53,16,7,URGENT CARE CENTER,IN-NETWORK,CO-PAY IN $,30,75,0,50,50,2,20,low,high,RISK,2
3,2,1,1,Bonus,1139,No,Owns,29,38,56,16,7,URGENT CARE CENTER,IN-NETWORK,CO-PAY IN $,75,50,30,0,50,2,20,low,high,RISK,2
1,2,3,2,Bonus,3085,No,Rents,23,24,64,16,7,URGENT CARE CENTER,IN-NETWORK,CO-PAY IN $,75,0,30,50,50,2,20,low,high,RISK,2
1,2,3,1,Salaried,912,Yes,Rents,37,29,55,16,7,URGENT CARE CENTER,IN-NETWORK,CO-PAY IN $,30,75,0,50,50,2,20,low,high,RISK,2
2,1,3,2,Hourly,3561,Yes,Owns,28,26,51,16,7,URGENT CARE CENTER,IN-NETWORK,CO-PAY IN $,0,75,50,30,50,2,20,low,high,RISK,2
2,3,1,1,Hourly,4350,No,Rents,19,36,62,16,7,URGENT CARE CENTER,IN-NETWORK,CO-PAY IN $,50,75,0,30,50,2,20,low,high,RISK,2
3,3,2,3,Salaried,3664,No,Owns,18,38,64,16,7,URGENT CARE CENTER,IN-NETWORK,CO-PAY IN $,30,0,50,75,50,2,20,low,high,RISK,2
1,1,1,1,Bonus,1972,Yes,Owns,38,31,55,16,7,URGENT CARE CENTER,IN-NETWORK,CO-PAY IN $,0,50,30,75,50,2,20,low,high,RISK,2
1,1,3,3,Salaried,1235,Yes,Rents,32,31,59,16,7,URGENT CARE CENTER,IN-NETWORK,CO-PAY IN $,50,0,75,30,50,2,20,low,high,RISK,2
1,3,1,2,Bonus,2294,Yes,Owns,25,47,55,16,7,URGENT CARE CENTER,IN-NETWORK,CO-PAY IN $,75,0,50,30,50,2,20,low,high,RISK,2
1,2,3,1,Salaried,4592,Yes,Rents,37,41,60,16,7,URGENT CARE CENTER,IN-NETWORK,CO-PAY IN $,75,50,0,30,50,2,20,low,high,RISK,2
1,1,1,2,Hourly,2183,Yes,Owns,16,35,73,16,7,URGENT CARE CENTER,IN-NETWORK,CO-PAY IN $,50,75,0,30,50,2,20,low,high,RISK,2
2,2,3,2,Salaried,1622,Yes,Rents,21,24,60,16,7,URGENT CARE CENTER,IN-NETWORK,CO-PAY IN $,30,50,75,0,50,2,20,low,high,RISK,2
2,3,1,3,Salaried,4259,Yes,Rents,17,43,57,16,7,URGENT CARE CENTER,IN-NETWORK,CO-PAY IN $,30,0,50,75,50,2,20,low,high,RISK,2
3,2,2,3,Salaried,4138,No,Owns,37,25,52,16,7,URGENT CARE CENTER,IN-NETWORK,CO-PAY IN $,75,0,50,30,50,2,20,low,high,RISK,2
3,1,2,3,Bonus,2742,No,Owns,39,50,53,16,7,URGENT CARE CENTER,IN-NETWORK,CO-PAY IN $,50,0,30,75,50,2,20,low,high,RISK,2
1,1,1,3,Bonus,4027,Yes,Rents,21,31,54,16,7,URGENT CARE CENTER,IN-NETWORK,CO-PAY IN $,75,0,30,50,50,2,20,low,high,RISK,2
2,2,1,1,Bonus,3643,No,Rents,35,26,75,16,7,URGENT CARE CENTER,IN-NETWORK,CO-PAY IN $,50,30,0,75,50,2,20,low,high,RISK,2
2,1,3,1,Salaried,1855,No,Rents,39,49,60,16,7,URGENT CARE CENTER,IN-NETWORK,CO-PAY IN $,75,30,50,0,50,2,20,low,high,RISK,2
1,3,1,1,Bonus,4199,No,Owns,33,40,57,16,7,URGENT CARE CENTER,IN-NETWORK,CO-PAY IN $,30,75,50,0,50,2,20,low,high,RISK,2
1,3,2,1,Salaried,358,No,Rents,28,36,56,16,7,URGENT CARE CENTER,IN-NETWORK,CO-PAY IN $,50,75,0,30,50,2,20,low,high,RISK,2
2,2,2,1,Salaried,2175,No,Owns,35,49,59,16,7,URGENT CARE CENTER,IN-NETWORK,CO-PAY IN $,0,75,50,30,50,2,20,low,high,RISK,2
2,2,1,1,Bonus,2804,No,Owns,26,20,55,16,7,URGENT CARE CENTER,IN-NETWORK,CO-PAY IN $,75,30,0,50,50,2,20,low,high,RISK,2
3,3,3,2,Bonus,2793,Yes,Owns,39,48,52,16,7,URGENT CARE CENTER,IN-NETWORK,CO-PAY IN $,0,30,75,50,50,2,20,low,high,RISK,2
3,1,3,1,Salaried,1366,No,Owns,32,33,56,16,7,URGENT CARE CENTER,IN-NETWORK,CO-PAY IN $,50,30,75,0,50,2,20,low,high,RISK,2
1,2,2,3,Salaried,3990,No,Rents,30,23,53,16,7,URGENT CARE CENTER,IN-NETWORK,CO-PAY IN $,50,0,30,75,50,2,20,low,high,RISK,2
1,2,2,1,Salaried,1625,No,Owns,36,38,56,16,7,URGENT CARE CENTER,IN-NETWORK,CO-PAY IN $,30,50,75,0,50,2,20,low,high,RISK,2
2,3,1,1,Hourly,1178,No,Owns,15,24,64,16,7,URGENT CARE CENTER,IN-NETWORK,CO-PAY IN $,30,0,75,50,50,2,20,low,high,RISK,2
2,1,1,1,Hourly,2665,No,Rents,20,29,55,16,7,URGENT CARE CENTER,IN-NETWORK,CO-PAY IN $,50,30,0,75,50,2,20,low,high,RISK,2
2,3,3,1,Hourly,4144,No,Owns,23,26,51,16,7,URGENT CARE CENTER,IN-NETWORK,CO-PAY IN $,50,75,0,30,50,2,20,low,high,RISK,2
2,2,3,1,Hourly,2547,Yes,Owns,32,36,62,16,7,URGENT CARE CENTER,IN-NETWORK,CO-PAY IN $,0,50,30,75,50,2,20,low,high,RISK,2
2,1,2,1,Hourly,152,Yes,Owns,34,38,64,16,7,URGENT CARE CENTER,IN-NETWORK,CO-PAY IN $,75,0,50,30,50,2,20,low,high,RISK,2
1,1,1,1,Bonus,2909,Yes,Rents,23,31,55,16,7,URGENT CARE CENTER,IN-NETWORK,CO-PAY IN $,0,30,50,75,50,2,20,low,high,RISK,2
3,3,2,2,Bonus,2404,Yes,Owns,27,31,59,16,7,URGENT CARE CENTER,IN-NETWORK,CO-PAY IN $,50,75,30,0,50,2,20,low,high,RISK,2
3,1,2,3,Bonus,144,Yes,Owns,24,47,55,16,7,URGENT CARE CENTER,IN-NETWORK,CO-PAY IN $,75,50,30,0,50,2,20,low,high,RISK,2
3,1,2,1,Hourly,2250,No,Owns,26,41,60,16,7,URGENT CARE CENTER,IN-NETWORK,CO-PAY IN $,50,75,30,0,50,2,20,low,high,RISK,2
3,1,1,1,Hourly,4826,No,Owns,25,35,73,16,7,URGENT CARE CENTER,IN-NETWORK,CO-PAY IN $,50,30,75,0,50,2,20,low,high,RISK,2
2,2,1,1,Salaried,792,No,Owns,28,24,60,16,7,URGENT CARE CENTER,IN-NETWORK,CO-PAY IN $,50,75,30,0,50,2,20,low,high,RISK,2
1,3,1,2,Hourly,3429,No,Rents,34,43,57,16,7,URGENT CARE CENTER,IN-NETWORK,CO-PAY IN $,0,75,30,50,50,2,20,low,high,RISK,2
1,3,1,2,Hourly,1596,Yes,Owns,27,25,52,16,7,URGENT CARE CENTER,IN-NETWORK,CO-PAY IN $,0,50,30,75,50,2,20,low,high,RISK,2
2,3,3,1,Salaried,83,Yes,Owns,19,50,53,16,7,URGENT CARE CENTER,IN-NETWORK,CO-PAY IN $,75,0,30,50,50,2,20,low,high,RISK,2
2,3,1,3,Salaried,3601,No,Owns,17,31,54,16,7,URGENT CARE CENTER,IN-NETWORK,CO-PAY IN $,50,0,30,75,50,2,20,low,high,RISK,2
2,2,1,2,Bonus,861,No,Owns,34,26,75,16,7,URGENT CARE CENTER,IN-NETWORK,CO-PAY IN $,0,30,50,75,50,2,20,low,high,RISK,2
1,3,3,3,Salaried,2240,Yes,Rents,35,49,60,16,7,URGENT CARE CENTER,IN-NETWORK,CO-PAY IN $,75,0,30,50,50,2,20,low,high,RISK,2
1,1,1,1,Hourly,2384,No,Rents,17,40,57,16,7,URGENT CARE CENTER,IN-NETWORK,CO-PAY IN $,0,50,30,75,50,2,20,low,high,RISK,2
1,1,1,1,Bonus,2363,Yes,Rents,29,36,56,16,7,URGENT CARE CENTER,IN-NETWORK,CO-PAY IN $,50,0,75,30,50,2,20,low,high,RISK,2
2,1,3,1,Salaried,4539,No,Owns,24,49,59,16,7,URGENT CARE CENTER,IN-NETWORK,CO-PAY IN $,75,30,50,0,50,2,20,low,high,RISK,2
2,1,1,1,Bonus,489,No,Rents,23,20,55,16,7,URGENT CARE CENTER,IN-NETWORK,CO-PAY IN $,30,75,0,50,50,2,20,low,high,RISK,2
2,3,1,3,Bonus,4623,Yes,Owns,19,48,52,16,7,URGENT CARE CENTER,IN-NETWORK,CO-PAY IN $,30,50,75,0,50,2,20,low,high,RISK,2
2,1,1,1,Salaried,153,Yes,Owns,15,33,56,16,7,URGENT CARE CENTER,IN-NETWORK,CO-PAY IN $,50,30,75,0,50,2,20,low,high,RISK,2
1,3,3,2,Salaried,3954,No,Owns,17,23,53,16,7,URGENT CARE CENTER,IN-NETWORK,CO-PAY IN $,75,50,0,30,50,2,20,low,high,RISK,2
1,2,1,1,Salaried,4742,No,Rents,15,38,56,16,7,URGENT CARE CENTER,IN-NETWORK,CO-PAY IN $,50,75,30,0,50,2,20,low,high,RISK,2
1,1,1,2,Hourly,3289,No,Rents,35,24,64,16,7,URGENT CARE CENTER,IN-NETWORK,CO-PAY IN $,0,30,75,50,50,2,20,low,high,RISK,2
1,1,2,2,Bonus,3409,Yes,Rents,30,29,55,16,7,URGENT CARE CENTER,IN-NETWORK,CO-PAY IN $,30,0,75,50,50,2,20,low,high,RISK,2
1,1,3,2,Bonus,3179,No,Rents,21,26,51,16,7,URGENT CARE CENTER,IN-NETWORK,CO-PAY IN $,50,0,30,75,50,2,20,low,high,RISK,2
1,1,1,2,Bonus,4271,No,Rents,22,36,62,16,7,URGENT CARE CENTER,IN-NETWORK,CO-PAY IN $,30,0,75,50,50,2,20,low,high,RISK,2
1,1,1,1,Hourly,4605,Yes,Rents,24,38,64,16,7,URGENT CARE CENTER,IN-NETWORK,CO-PAY IN $,30,0,75,50,50,2,20,low,high,RISK,2
1,3,3,3,Salaried,3042,Yes,Rents,16,31,55,16,7,URGENT CARE CENTER,IN-NETWORK,CO-PAY IN $,0,75,50,30,50,2,20,low,high,RISK,2
1,3,3,1,Hourly,170,No,Rents,37,31,59,16,7,URGENT CARE CENTER,IN-NETWORK,CO-PAY IN $,50,75,30,0,50,2,20,low,high,RISK,2
1,1,1,3,Salaried,2062,No,Rents,20,47,55,16,7,URGENT CARE CENTER,IN-NETWORK,CO-PAY IN $,75,0,30,50,50,2,20,low,high,RISK,2
2,2,3,3,Bonus,1962,No,Rents,15,41,60,16,7,URGENT CARE CENTER,IN-NETWORK,CO-PAY IN $,50,30,0,75,50,2,20,low,high,RISK,2
1,1,1,1,Bonus,1006,No,Owns,27,35,73,16,7,URGENT CARE CENTER,IN-NETWORK,CO-PAY IN $,50,30,75,0,50,2,20,low,high,RISK,2
1,3,2,3,Salaried,4555,No,Rents,20,24,60,16,7,URGENT CARE CENTER,IN-NETWORK,CO-PAY IN $,75,30,50,0,50,2,20,low,high,RISK,2
3,1,2,1,Bonus,458,No,Rents,25,43,57,16,7,URGENT CARE CENTER,IN-NETWORK,CO-PAY IN $,30,0,75,50,50,2,20,low,high,RISK,2
3,1,3,1,Hourly,1593,No,Owns,16,25,52,16,7,URGENT CARE CENTER,IN-NETWORK,CO-PAY IN $,30,50,75,0,50,2,20,low,high,RISK,2
1,3,1,2,Hourly,4519,Yes,Owns,26,50,53,16,7,URGENT CARE CENTER,IN-NETWORK,CO-PAY IN $,50,75,0,30,50,2,20,low,high,RISK,2
1,2,1,1,Bonus,2639,No,Rents,16,31,54,16,7,URGENT CARE CENTER,IN-NETWORK,CO-PAY IN $,50,0,30,75,50,2,20,low,high,RISK,2
1,1,3,1,Hourly,2563,Yes,Rents,35,26,75,16,7,URGENT CARE CENTER,IN-NETWORK,CO-PAY IN $,0,75,30,50,50,2,20,low,high,RISK,2
1,2,3,2,Bonus,2810,Yes,Owns,35,49,60,16,7,URGENT CARE CENTER,IN-NETWORK,CO-PAY IN $,0,50,30,75,50,2,20,low,high,RISK,2
2,2,1,2,Hourly,2954,Yes,Owns,39,40,57,16,7,URGENT CARE CENTER,IN-NETWORK,CO-PAY IN $,30,75,50,0,50,2,20,low,high,RISK,2
2,1,3,1,Hourly,2299,Yes,Owns,31,36,56,16,7,URGENT CARE CENTER,IN-NETWORK,CO-PAY IN $,30,0,50,75,50,2,20,low,high,RISK,2
1,1,2,3,Hourly,1155,No,Rents,16,49,59,16,7,URGENT CARE CENTER,IN-NETWORK,CO-PAY IN $,0,30,75,50,50,2,20,low,high,RISK,2
2,1,3,1,Bonus,1856,Yes,Rents,31,20,55,16,7,URGENT CARE CENTER,IN-NETWORK,CO-PAY IN $,75,0,30,50,50,2,20,low,high,RISK,2
3,2,2,1,Salaried,3352,Yes,Rents,18,48,52,16,7,URGENT CARE CENTER,IN-NETWORK,CO-PAY IN $,50,0,30,75,50,2,20,low,high,RISK,2
3,1,1,2,Hourly,3735,Yes,Owns,34,33,56,16,7,URGENT CARE CENTER,IN-NETWORK,CO-PAY IN $,0,50,30,75,50,2,20,low,high,RISK,2
3,2,1,3,Salaried,1125,Yes,Rents,18,23,53,16,7,URGENT CARE CENTER,IN-NETWORK,CO-PAY IN $,0,50,75,30,50,2,20,low,high,RISK,2
3,1,2,1,Bonus,4695,No,Owns,15,38,56,16,7,URGENT CARE CENTER,IN-NETWORK,CO-PAY IN $,50,30,75,0,50,2,20,low,high,RISK,2
2,2,2,2,Salaried,1210,No,Rents,38,24,64,16,7,URGENT CARE CENTER,IN-NETWORK,CO-PAY IN $,30,0,75,50,50,2,20,low,high,RISK,2
2,3,2,1,Bonus,3149,No,Owns,17,29,55,16,7,URGENT CARE CENTER,IN-NETWORK,CO-PAY IN $,0,50,75,30,50,2,20,low,high,RISK,2
2,2,2,2,Bonus,3757,No,Rents,18,26,51,16,7,URGENT CARE CENTER,IN-NETWORK,CO-PAY IN $,50,0,30,75,50,2,20,low,high,RISK,2
3,1,3,2,Salaried,4038,Yes,Rents,28,36,62,16,7,URGENT CARE CENTER,IN-NETWORK,CO-PAY IN $,0,30,50,75,50,2,20,low,high,RISK,2
1,1,1,3,Bonus,381,No,Owns,20,38,64,16,7,URGENT CARE CENTER,IN-NETWORK,CO-PAY IN $,0,30,75,50,50,2,20,low,high,RISK,2
1,1,1,2,Hourly,2879,Yes,Rents,37,31,55,16,7,URGENT CARE CENTER,IN-NETWORK,CO-PAY IN $,0,75,50,30,50,2,20,low,high,RISK,2
2,3,1,1,Hourly,2246,No,Owns,38,31,59,16,7,URGENT CARE CENTER,IN-NETWORK,CO-PAY IN $,75,0,50,30,50,2,20,low,high,RISK,2
1,3,2,1,Hourly,3337,No,Rents,18,47,55,16,7,URGENT CARE CENTER,IN-NETWORK,CO-PAY IN $,30,75,0,50,50,2,20,low,high,RISK,2
2,2,1,2,Hourly,874,No,Owns,38,41,60,16,7,URGENT CARE CENTER,IN-NETWORK,CO-PAY IN $,50,75,30,0,50,2,20,low,high,RISK,2
1,2,1,1,Hourly,4470,Yes,Owns,16,35,73,16,7,URGENT CARE CENTER,IN-NETWORK,CO-PAY IN $,75,50,30,0,50,2,20,low,high,RISK,2
3,1,3,1,Hourly,3252,Yes,Owns,24,24,60,16,7,URGENT CARE CENTER,IN-NETWORK,CO-PAY IN $,0,75,50,30,50,2,20,low,high,RISK,2
1,3,1,2,Hourly,176,Yes,Rents,23,43,57,16,7,URGENT CARE CENTER,IN-NETWORK,CO-PAY IN $,0,30,50,75,50,2,20,low,high,RISK,2
2,1,3,1,Hourly,3681,Yes,Owns,17,25,52,16,7,URGENT CARE CENTER,IN-NETWORK,CO-PAY IN $,30,75,0,50,50,2,20,low,high,RISK,2
1,3,2,3,Hourly,1019,Yes,Owns,35,50,53,16,7,URGENT CARE CENTER,IN-NETWORK,CO-PAY IN $,50,75,0,30,50,2,20,low,high,RISK,2
1,3,2,1,Bonus,4493,Yes,Owns,39,31,54,16,7,URGENT CARE CENTER,IN-NETWORK,CO-PAY IN $,75,50,0,30,50,2,20,low,high,RISK,2
1,3,3,1,Salaried,1012,Yes,Owns,34,26,75,16,7,URGENT CARE CENTER,IN-NETWORK,CO-PAY IN $,75,30,50,0,50,2,20,low,high,RISK,2
1,1,2,1,Bonus,1248,Yes,Rents,18,49,60,16,7,URGENT CARE CENTER,IN-NETWORK,CO-PAY IN $,0,75,50,30,50,2,20,low,high,RISK,2
1,1,2,1,Salaried,1214,No,Owns,17,40,57,16,7,URGENT CARE CENTER,IN-NETWORK,CO-PAY IN $,30,0,50,75,50,2,20,low,high,RISK,2
2,1,1,1,Salaried,2852,Yes,Rents,18,36,56,16,7,URGENT CARE CENTER,IN-NETWORK,CO-PAY IN $,0,75,30,50,50,2,20,low,high,RISK,2
2,1,1,1,Bonus,1440,Yes,Owns,24,49,59,16,7,URGENT CARE CENTER,IN-NETWORK,CO-PAY IN $,75,0,30,50,50,2,20,low,high,RISK,2
3,1,3,1,Bonus,2951,No,Owns,26,20,55,16,7,URGENT CARE CENTER,IN-NETWORK,CO-PAY IN $,75,30,0,50,50,2,20,low,high,RISK,2
4,3,2,4,Salaried,4377,No,Rents,46,73,76,16,8,URGENT CARE CENTER,IN-NETWORK,CO-PAY IN $,75,30,0,50,30,3,50,low,high,RISK,2
2,3,4,2,Salaried,1919,No,Owns,48,61,80,16,8,URGENT CARE CENTER,IN-NETWORK,CO-PAY IN $,0,75,30,50,30,3,50,low,high,RISK,2
4,4,3,2,Salaried,4671,Yes,Rents,57,53,77,16,8,URGENT CARE CENTER,IN-NETWORK,CO-PAY IN $,0,75,50,30,30,3,50,low,high,RISK,2
4,4,2,2,Bonus,1139,No,Owns,52,65,80,16,8,URGENT CARE CENTER,IN-NETWORK,CO-PAY IN $,30,75,50,0,30,3,50,low,high,RISK,2
3,4,4,3,Bonus,3085,No,Rents,45,54,88,16,8,URGENT CARE CENTER,IN-NETWORK,CO-PAY IN $,75,50,0,30,30,3,50,low,high,RISK,2
3,4,4,3,Salaried,912,Yes,Rents,61,58,79,16,8,URGENT CARE CENTER,IN-NETWORK,CO-PAY IN $,75,30,50,0,30,3,50,low,high,RISK,2
4,3,4,3,Hourly,3561,Yes,Owns,51,56,75,16,8,URGENT CARE CENTER,IN-NETWORK,CO-PAY IN $,0,50,30,75,30,3,50,low,high,RISK,2
4,4,2,2,Hourly,4350,No,Rents,40,64,87,16,8,URGENT CARE CENTER,IN-NETWORK,CO-PAY IN $,50,30,0,75,30,3,50,low,high,RISK,2
4,4,4,4,Salaried,3664,No,Owns,39,65,88,16,8,URGENT CARE CENTER,IN-NETWORK,CO-PAY IN $,30,50,0,75,30,3,50,low,high,RISK,2
2,3,3,3,Bonus,1972,Yes,Owns,62,60,80,16,8,URGENT CARE CENTER,IN-NETWORK,CO-PAY IN $,50,30,75,0,30,3,50,low,high,RISK,2
3,2,4,4,Salaried,1235,Yes,Rents,55,60,83,16,8,URGENT CARE CENTER,IN-NETWORK,CO-PAY IN $,0,30,50,75,30,3,50,low,high,RISK,2
2,4,3,3,Bonus,2294,Yes,Owns,47,72,79,16,8,URGENT CARE CENTER,IN-NETWORK,CO-PAY IN $,75,50,30,0,30,3,50,low,high,RISK,2
2,3,4,3,Salaried,4592,Yes,Rents,62,68,84,16,8,URGENT CARE CENTER,IN-NETWORK,CO-PAY IN $,75,0,30,50,30,3,50,low,high,RISK,2
3,3,3,4,Hourly,2183,Yes,Owns,37,63,98,16,8,URGENT CARE CENTER,IN-NETWORK,CO-PAY IN $,50,0,30,75,30,3,50,low,high,RISK,2
3,3,4,3,Salaried,1622,Yes,Rents,42,55,84,16,8,URGENT CARE CENTER,IN-NETWORK,CO-PAY IN $,50,30,0,75,30,3,50,low,high,RISK,2
3,4,3,4,Salaried,4259,Yes,Rents,37,70,81,16,8,URGENT CARE CENTER,IN-NETWORK,CO-PAY IN $,75,50,30,0,30,3,50,low,high,RISK,2
4,3,3,4,Salaried,4138,No,Owns,62,55,76,16,8,URGENT CARE CENTER,IN-NETWORK,CO-PAY IN $,30,0,50,75,30,3,50,low,high,RISK,2
4,3,4,4,Bonus,2742,No,Owns,64,75,77,16,8,URGENT CARE CENTER,IN-NETWORK,CO-PAY IN $,30,50,75,0,30,3,50,low,high,RISK,2
3,3,3,4,Bonus,4027,Yes,Rents,43,60,78,16,8,URGENT CARE CENTER,IN-NETWORK,CO-PAY IN $,30,0,50,75,30,3,50,low,high,RISK,2
4,4,2,2,Bonus,3643,No,Rents,59,56,100,16,8,URGENT CARE CENTER,IN-NETWORK,CO-PAY IN $,30,0,50,75,30,3,50,low,high,RISK,2
4,2,4,2,Salaried,1855,No,Rents,63,74,85,16,8,URGENT CARE CENTER,IN-NETWORK,CO-PAY IN $,75,30,50,0,30,3,50,low,high,RISK,2
3,4,2,3,Bonus,4199,No,Owns,57,67,81,16,8,URGENT CARE CENTER,IN-NETWORK,CO-PAY IN $,0,30,50,75,30,3,50,low,high,RISK,2
3,4,3,2,Salaried,358,No,Rents,50,64,80,16,8,URGENT CARE CENTER,IN-NETWORK,CO-PAY IN $,30,75,50,0,30,3,50,low,high,RISK,2
4,3,4,3,Salaried,2175,No,Owns,59,75,83,16,8,URGENT CARE CENTER,IN-NETWORK,CO-PAY IN $,50,75,0,30,30,3,50,low,high,RISK,2
4,4,2,2,Bonus,2804,No,Owns,48,51,79,16,8,URGENT CARE CENTER,IN-NETWORK,CO-PAY IN $,75,50,0,30,30,3,50,low,high,RISK,2
4,4,4,4,Bonus,2793,Yes,Owns,63,73,76,16,8,URGENT CARE CENTER,IN-NETWORK,CO-PAY IN $,50,30,0,75,30,3,50,low,high,RISK,2
4,3,4,2,Salaried,1366,No,Owns,56,61,80,16,8,URGENT CARE CENTER,IN-NETWORK,CO-PAY IN $,30,50,75,0,30,3,50,low,high,RISK,2
2,4,4,4,Salaried,3990,No,Rents,53,53,77,16,8,URGENT CARE CENTER,IN-NETWORK,CO-PAY IN $,75,30,50,0,30,3,50,low,high,RISK,2
2,4,3,3,Salaried,1625,No,Owns,60,65,80,16,8,URGENT CARE CENTER,IN-NETWORK,CO-PAY IN $,75,50,30,0,30,3,50,low,high,RISK,2
4,4,3,3,Hourly,1178,No,Owns,35,54,88,16,8,URGENT CARE CENTER,IN-NETWORK,CO-PAY IN $,30,50,75,0,30,3,50,low,high,RISK,2
3,3,2,2,Hourly,2665,No,Rents,41,58,79,16,8,URGENT CARE CENTER,IN-NETWORK,CO-PAY IN $,0,50,75,30,30,3,50,low,high,RISK,2
4,4,4,2,Hourly,4144,No,Owns,44,56,75,16,8,URGENT CARE CENTER,IN-NETWORK,CO-PAY IN $,50,0,75,30,30,3,50,low,high,RISK,2
3,3,4,3,Hourly,2547,Yes,Owns,55,64,87,16,8,URGENT CARE CENTER,IN-NETWORK,CO-PAY IN $,75,50,0,30,30,3,50,low,high,RISK,2
4,3,4,2,Hourly,152,Yes,Owns,58,65,88,16,8,URGENT CARE CENTER,IN-NETWORK,CO-PAY IN $,75,30,0,50,30,3,50,low,high,RISK,2
3,2,2,3,Bonus,2909,Yes,Rents,45,60,80,16,8,URGENT CARE CENTER,IN-NETWORK,CO-PAY IN $,30,75,50,0,30,3,50,low,high,RISK,2
4,4,3,3,Bonus,2404,Yes,Owns,49,60,83,16,8,URGENT CARE CENTER,IN-NETWORK,CO-PAY IN $,50,75,0,30,30,3,50,low,high,RISK,2
4,2,4,4,Bonus,144,Yes,Owns,46,72,79,16,8,URGENT CARE CENTER,IN-NETWORK,CO-PAY IN $,75,0,50,30,30,3,50,low,high,RISK,2
4,2,4,2,Hourly,2250,No,Owns,48,68,84,16,8,URGENT CARE CENTER,IN-NETWORK,CO-PAY IN $,50,0,75,30,30,3,50,low,high,RISK,2
4,3,3,3,Hourly,4826,No,Owns,47,63,98,16,8,URGENT CARE CENTER,IN-NETWORK,CO-PAY IN $,75,30,0,50,30,3,50,low,high,RISK,2
4,4,2,3,Salaried,792,No,Owns,50,55,84,16,8,URGENT CARE CENTER,IN-NETWORK,CO-PAY IN $,0,75,50,30,30,3,50,low,high,RISK,2
3,4,3,4,Hourly,1596,Yes,Owns,50,55,76,16,8,URGENT CARE CENTER,IN-NETWORK,CO-PAY IN $,50,75,30,0,30,3,50,low,high,RISK,2
4,4,4,3,Salaried,83,Yes,Owns,40,75,77,16,8,URGENT CARE CENTER,IN-NETWORK,CO-PAY IN $,30,0,75,50,30,3,50,low,high,RISK,2
4,4,3,4,Salaried,3601,No,Owns,38,60,78,16,8,URGENT CARE CENTER,IN-NETWORK,CO-PAY IN $,50,30,75,0,30,3,50,low,high,RISK,2
3,4,2,4,Bonus,861,No,Owns,58,56,100,16,8,URGENT CARE CENTER,IN-NETWORK,CO-PAY IN $,75,0,50,30,30,3,50,low,high,RISK,2
2,4,4,4,Salaried,2240,Yes,Rents,59,74,85,16,8,URGENT CARE CENTER,IN-NETWORK,CO-PAY IN $,30,50,0,75,30,3,50,low,high,RISK,2
3,3,2,2,Hourly,2384,No,Rents,37,67,81,16,8,URGENT CARE CENTER,IN-NETWORK,CO-PAY IN $,50,30,75,0,30,3,50,low,high,RISK,2
2,2,3,3,Bonus,2363,Yes,Rents,52,64,80,16,8,URGENT CARE CENTER,IN-NETWORK,CO-PAY IN $,50,30,0,75,30,3,50,low,high,RISK,2
3,3,4,2,Salaried,4539,No,Owns,45,75,83,16,8,URGENT CARE CENTER,IN-NETWORK,CO-PAY IN $,30,75,50,0,30,3,50,low,high,RISK,2
3,3,2,2,Bonus,489,No,Rents,45,51,79,16,8,URGENT CARE CENTER,IN-NETWORK,CO-PAY IN $,50,75,0,30,30,3,50,low,high,RISK,2
4,4,2,4,Bonus,4623,Yes,Owns,40,73,76,16,8,URGENT CARE CENTER,IN-NETWORK,CO-PAY IN $,30,50,0,75,30,3,50,low,high,RISK,2
3,3,3,2,Salaried,153,Yes,Owns,36,61,80,16,8,URGENT CARE CENTER,IN-NETWORK,CO-PAY IN $,0,50,75,30,30,3,50,low,high,RISK,2
3,4,4,4,Salaried,3954,No,Owns,38,53,77,16,8,URGENT CARE CENTER,IN-NETWORK,CO-PAY IN $,75,30,0,50,30,3,50,low,high,RISK,2
3,3,2,3,Salaried,4742,No,Rents,35,65,80,16,8,URGENT CARE CENTER,IN-NETWORK,CO-PAY IN $,50,30,0,75,30,3,50,low,high,RISK,2
2,2,2,3,Hourly,3289,No,Rents,59,54,88,16,8,URGENT CARE CENTER,IN-NETWORK,CO-PAY IN $,50,75,30,0,30,3,50,low,high,RISK,2
2,2,3,3,Bonus,3409,Yes,Rents,54,58,79,16,8,URGENT CARE CENTER,IN-NETWORK,CO-PAY IN $,30,75,50,0,30,3,50,low,high,RISK,2
3,3,4,3,Bonus,3179,No,Rents,42,56,75,16,8,URGENT CARE CENTER,IN-NETWORK,CO-PAY IN $,30,50,0,75,30,3,50,low,high,RISK,2
3,3,2,4,Bonus,4271,No,Rents,43,64,87,16,8,URGENT CARE CENTER,IN-NETWORK,CO-PAY IN $,75,50,30,0,30,3,50,low,high,RISK,2
3,3,3,2,Hourly,4605,Yes,Rents,46,65,88,16,8,URGENT CARE CENTER,IN-NETWORK,CO-PAY IN $,0,75,50,30,30,3,50,low,high,RISK,2
2,4,4,4,Salaried,3042,Yes,Rents,37,60,80,16,8,URGENT CARE CENTER,IN-NETWORK,CO-PAY IN $,50,30,75,0,30,3,50,low,high,RISK,2
2,4,4,3,Hourly,170,No,Rents,61,60,83,16,8,URGENT CARE CENTER,IN-NETWORK,CO-PAY IN $,75,50,30,0,30,3,50,low,high,RISK,2
2,3,3,4,Salaried,2062,No,Rents,40,72,79,16,8,URGENT CARE CENTER,IN-NETWORK,CO-PAY IN $,50,75,30,0,30,3,50,low,high,RISK,2
4,4,4,4,Bonus,1962,No,Rents,35,68,84,16,8,URGENT CARE CENTER,IN-NETWORK,CO-PAY IN $,50,0,75,30,30,3,50,low,high,RISK,2
2,2,3,2,Bonus,1006,No,Owns,50,63,98,16,8,URGENT CARE CENTER,IN-NETWORK,CO-PAY IN $,30,0,50,75,30,3,50,low,high,RISK,2
2,4,3,4,Salaried,4555,No,Rents,42,55,84,16,8,URGENT CARE CENTER,IN-NETWORK,CO-PAY IN $,0,50,30,75,30,3,50,low,high,RISK,2
4,3,4,3,Bonus,458,No,Rents,46,70,81,16,8,URGENT CARE CENTER,IN-NETWORK,CO-PAY IN $,75,30,50,0,30,3,50,low,high,RISK,2
4,3,4,3,Hourly,1593,No,Owns,36,55,76,16,8,URGENT CARE CENTER,IN-NETWORK,CO-PAY IN $,30,50,75,0,30,3,50,low,high,RISK,2
3,4,2,3,Hourly,4519,Yes,Owns,48,75,77,16,8,URGENT CARE CENTER,IN-NETWORK,CO-PAY IN $,50,0,30,75,30,3,50,low,high,RISK,2
2,4,3,3,Bonus,2639,No,Rents,36,60,78,16,8,URGENT CARE CENTER,IN-NETWORK,CO-PAY IN $,30,0,75,50,30,3,50,low,high,RISK,2
2,3,4,3,Hourly,2563,Yes,Rents,59,56,100,16,8,URGENT CARE CENTER,IN-NETWORK,CO-PAY IN $,75,30,50,0,30,3,50,low,high,RISK,2
3,4,4,4,Bonus,2810,Yes,Owns,58,74,85,16,8,URGENT CARE CENTER,IN-NETWORK,CO-PAY IN $,50,75,30,0,30,3,50,low,high,RISK,2
3,4,3,4,Hourly,2954,Yes,Owns,64,67,81,16,8,URGENT CARE CENTER,IN-NETWORK,CO-PAY IN $,50,30,75,0,30,3,50,low,high,RISK,2
3,2,4,3,Hourly,2299,Yes,Owns,54,64,80,16,8,URGENT CARE CENTER,IN-NETWORK,CO-PAY IN $,50,75,0,30,30,3,50,low,high,RISK,2
2,3,4,4,Hourly,1155,No,Rents,37,75,83,16,8,URGENT CARE CENTER,IN-NETWORK,CO-PAY IN $,75,0,50,30,30,3,50,low,high,RISK,2
4,2,4,3,Bonus,1856,Yes,Rents,55,51,79,16,8,URGENT CARE CENTER,IN-NETWORK,CO-PAY IN $,75,30,50,0,30,3,50,low,high,RISK,2
4,3,2,3,Hourly,3735,Yes,Owns,58,61,80,16,8,URGENT CARE CENTER,IN-NETWORK,CO-PAY IN $,50,75,0,30,30,3,50,low,high,RISK,2
4,3,3,4,Salaried,1125,Yes,Rents,38,53,77,16,8,URGENT CARE CENTER,IN-NETWORK,CO-PAY IN $,50,0,30,75,30,3,50,low,high,RISK,2
4,2,4,2,Bonus,4695,No,Owns,35,65,80,16,8,URGENT CARE CENTER,IN-NETWORK,CO-PAY IN $,75,0,30,50,30,3,50,low,high,RISK,2
3,3,3,4,Salaried,1210,No,Rents,62,54,88,16,8,URGENT CARE CENTER,IN-NETWORK,CO-PAY IN $,30,0,75,50,30,3,50,low,high,RISK,2
4,4,4,2,Bonus,3149,No,Owns,37,58,79,16,8,URGENT CARE CENTER,IN-NETWORK,CO-PAY IN $,30,75,50,0,30,3,50,low,high,RISK,2
4,3,4,4,Bonus,3757,No,Rents,38,56,75,16,8,URGENT CARE CENTER,IN-NETWORK,CO-PAY IN $,30,75,0,50,30,3,50,low,high,RISK,2
4,3,4,4,Salaried,4038,Yes,Rents,51,64,87,16,8,URGENT CARE CENTER,IN-NETWORK,CO-PAY IN $,30,75,0,50,30,3,50,low,high,RISK,2
2,3,3,4,Bonus,381,No,Owns,41,65,88,16,8,URGENT CARE CENTER,IN-NETWORK,CO-PAY IN $,30,0,50,75,30,3,50,low,high,RISK,2
3,3,3,3,Hourly,2879,Yes,Rents,61,60,80,16,8,URGENT CARE CENTER,IN-NETWORK,CO-PAY IN $,30,75,50,0,30,3,50,low,high,RISK,2
4,4,3,2,Hourly,2246,No,Owns,62,60,83,16,8,URGENT CARE CENTER,IN-NETWORK,CO-PAY IN $,50,0,30,75,30,3,50,low,high,RISK,2
2,4,3,2,Hourly,3337,No,Rents,39,72,79,16,8,URGENT CARE CENTER,IN-NETWORK,CO-PAY IN $,0,50,75,30,30,3,50,low,high,RISK,2
4,3,3,4,Hourly,874,No,Owns,63,68,84,16,8,URGENT CARE CENTER,IN-NETWORK,CO-PAY IN $,75,0,50,30,30,3,50,low,high,RISK,2
3,4,2,3,Hourly,4470,Yes,Owns,36,63,98,16,8,URGENT CARE CENTER,IN-NETWORK,CO-PAY IN $,0,30,75,50,30,3,50,low,high,RISK,2
4,3,4,3,Hourly,3252,Yes,Owns,46,55,84,16,8,URGENT CARE CENTER,IN-NETWORK,CO-PAY IN $,50,75,30,0,30,3,50,low,high,RISK,2
3,4,2,3,Hourly,176,Yes,Rents,45,70,81,16,8,URGENT CARE CENTER,IN-NETWORK,CO-PAY IN $,50,75,0,30,30,3,50,low,high,RISK,2
4,3,4,2,Hourly,3681,Yes,Owns,38,55,76,16,8,URGENT CARE CENTER,IN-NETWORK,CO-PAY IN $,30,75,0,50,30,3,50,low,high,RISK,2
3,4,4,4,Hourly,1019,Yes,Owns,59,75,77,16,8,URGENT CARE CENTER,IN-NETWORK,CO-PAY IN $,75,30,50,0,30,3,50,low,high,RISK,2
3,4,4,3,Bonus,4493,Yes,Owns,64,60,78,16,8,URGENT CARE CENTER,IN-NETWORK,CO-PAY IN $,30,0,50,75,30,3,50,low,high,RISK,2
3,4,4,2,Salaried,1012,Yes,Owns,58,56,100,16,8,URGENT CARE CENTER,IN-NETWORK,CO-PAY IN $,75,50,0,30,30,3,50,low,high,RISK,2
2,2,4,3,Bonus,1248,Yes,Rents,39,74,85,16,8,URGENT CARE CENTER,IN-NETWORK,CO-PAY IN $,0,75,30,50,30,3,50,low,high,RISK,2
2,3,3,3,Salaried,1214,No,Owns,37,67,81,16,8,URGENT CARE CENTER,IN-NETWORK,CO-PAY IN $,0,50,75,30,30,3,50,low,high,RISK,2
4,3,3,2,Salaried,2852,Yes,Rents,38,64,80,16,8,URGENT CARE CENTER,IN-NETWORK,CO-PAY IN $,0,30,50,75,30,3,50,low,high,RISK,2
3,3,2,2,Bonus,1440,Yes,Owns,46,75,83,16,8,URGENT CARE CENTER,IN-NETWORK,CO-PAY IN $,0,75,50,30,30,3,50,low,high,RISK,2
4,2,4,3,Bonus,2951,No,Owns,48,51,79,16,8,URGENT CARE CENTER,IN-NETWORK,CO-PAY IN $,0,50,30,75,30,3,50,low,high,RISK,2
1,0,0,1,Salaried,4377,No,Rents,4,9,1,16,9,URGENT CARE CENTER,IN-NETWORK,CO-PAY IN $,0,75,50,30,50,2,5,high,low,RISK,3
0,0,1,0,Salaried,1919,No,Owns,4,4,5,16,9,URGENT CARE CENTER,IN-NETWORK,CO-PAY IN $,50,0,30,75,50,2,5,high,low,RISK,3
0,0,0,0,Salaried,4671,Yes,Rents,7,1,2,16,9,URGENT CARE CENTER,IN-NETWORK,CO-PAY IN $,50,75,30,0,50,2,5,high,low,RISK,3
1,1,0,0,Bonus,1139,No,Owns,6,6,5,16,9,URGENT CARE CENTER,IN-NETWORK,CO-PAY IN $,75,0,50,30,50,2,5,high,low,RISK,3
0,1,1,0,Bonus,3085,No,Rents,3,1,13,16,9,URGENT CARE CENTER,IN-NETWORK,CO-PAY IN $,75,30,50,0,50,2,5,high,low,RISK,3
0,1,1,0,Salaried,912,Yes,Rents,9,3,4,16,9,URGENT CARE CENTER,IN-NETWORK,CO-PAY IN $,75,30,0,50,50,2,5,high,low,RISK,3
1,0,1,0,Hourly,3561,Yes,Owns,5,2,0,16,9,URGENT CARE CENTER,IN-NETWORK,CO-PAY IN $,50,0,75,30,50,2,5,high,low,RISK,3
1,1,0,0,Hourly,4350,No,Rents,2,5,12,16,9,URGENT CARE CENTER,IN-NETWORK,CO-PAY IN $,0,30,75,50,50,2,5,high,low,RISK,3
1,1,0,1,Salaried,3664,No,Owns,1,6,13,16,9,URGENT CARE CENTER,IN-NETWORK,CO-PAY IN $,0,30,75,50,50,2,5,high,low,RISK,3
0,0,0,0,Bonus,1972,Yes,Owns,9,4,5,16,9,URGENT CARE CENTER,IN-NETWORK,CO-PAY IN $,50,0,30,75,50,2,5,high,low,RISK,3
0,0,1,1,Salaried,1235,Yes,Rents,7,4,8,16,9,URGENT CARE CENTER,IN-NETWORK,CO-PAY IN $,30,75,50,0,50,2,5,high,low,RISK,3
0,1,0,0,Bonus,2294,Yes,Owns,4,9,4,16,9,URGENT CARE CENTER,IN-NETWORK,CO-PAY IN $,75,0,50,30,50,2,5,high,low,RISK,3
0,0,1,0,Salaried,4592,Yes,Rents,9,7,9,16,9,URGENT CARE CENTER,IN-NETWORK,CO-PAY IN $,0,30,50,75,50,2,5,high,low,RISK,3
0,0,0,1,Hourly,2183,Yes,Owns,1,5,23,16,9,URGENT CARE CENTER,IN-NETWORK,CO-PAY IN $,75,0,50,30,50,2,5,high,low,RISK,3
0,0,1,0,Salaried,1622,Yes,Rents,2,1,9,16,9,URGENT CARE CENTER,IN-NETWORK,CO-PAY IN $,75,30,0,50,50,2,5,high,low,RISK,3
0,1,0,1,Salaried,4259,Yes,Rents,1,8,6,16,9,URGENT CARE CENTER,IN-NETWORK,CO-PAY IN $,0,75,50,30,50,2,5,high,low,RISK,3
1,0,0,1,Salaried,4138,No,Owns,9,2,1,16,9,URGENT CARE CENTER,IN-NETWORK,CO-PAY IN $,0,30,50,75,50,2,5,high,low,RISK,3
1,0,0,1,Bonus,2742,No,Owns,10,10,2,16,9,URGENT CARE CENTER,IN-NETWORK,CO-PAY IN $,0,30,50,75,50,2,5,high,low,RISK,3
0,0,0,1,Bonus,4027,Yes,Rents,3,4,3,16,9,URGENT CARE CENTER,IN-NETWORK,CO-PAY IN $,0,30,75,50,50,2,5,high,low,RISK,3
1,0,0,0,Bonus,3643,No,Rents,8,2,25,16,9,URGENT CARE CENTER,IN-NETWORK,CO-PAY IN $,30,50,75,0,50,2,5,high,low,RISK,3
1,0,1,0,Salaried,1855,No,Rents,9,10,10,16,9,URGENT CARE CENTER,IN-NETWORK,CO-PAY IN $,0,75,30,50,50,2,5,high,low,RISK,3
0,1,0,0,Bonus,4199,No,Owns,7,7,6,16,9,URGENT CARE CENTER,IN-NETWORK,CO-PAY IN $,0,50,75,30,50,2,5,high,low,RISK,3
0,1,0,0,Salaried,358,No,Rents,5,5,5,16,9,URGENT CARE CENTER,IN-NETWORK,CO-PAY IN $,75,30,50,0,50,2,5,high,low,RISK,3
0,0,1,0,Salaried,2175,No,Owns,8,10,8,16,9,URGENT CARE CENTER,IN-NETWORK,CO-PAY IN $,0,30,50,75,50,2,5,high,low,RISK,3
0,1,0,0,Bonus,2804,No,Owns,4,0,4,16,9,URGENT CARE CENTER,IN-NETWORK,CO-PAY IN $,0,50,75,30,50,2,5,high,low,RISK,3
1,1,1,0,Bonus,2793,Yes,Owns,9,9,1,16,9,URGENT CARE CENTER,IN-NETWORK,CO-PAY IN $,75,30,0,50,50,2,5,high,low,RISK,3
1,0,1,0,Salaried,1366,No,Owns,7,4,5,16,9,URGENT CARE CENTER,IN-NETWORK,CO-PAY IN $,0,30,50,75,50,2,5,high,low,RISK,3
0,1,1,1,Salaried,3990,No,Rents,6,1,2,16,9,URGENT CARE CENTER,IN-NETWORK,CO-PAY IN $,75,50,0,30,50,2,5,high,low,RISK,3
0,0,0,0,Salaried,1625,No,Owns,8,6,5,16,9,URGENT CARE CENTER,IN-NETWORK,CO-PAY IN $,0,75,50,30,50,2,5,high,low,RISK,3
1,1,0,0,Hourly,1178,No,Owns,0,1,13,16,9,URGENT CARE CENTER,IN-NETWORK,CO-PAY IN $,50,75,30,0,50,2,5,high,low,RISK,3
0,0,0,0,Hourly,2665,No,Rents,2,3,4,16,9,URGENT CARE CENTER,IN-NETWORK,CO-PAY IN $,75,30,50,0,50,2,5,high,low,RISK,3
1,1,1,0,Hourly,4144,No,Owns,3,2,0,16,9,URGENT CARE CENTER,IN-NETWORK,CO-PAY IN $,30,75,50,0,50,2,5,high,low,RISK,3
0,0,1,0,Hourly,2547,Yes,Owns,7,5,12,16,9,URGENT CARE CENTER,IN-NETWORK,CO-PAY IN $,50,30,0,75,50,2,5,high,low,RISK,3
1,0,1,0,Hourly,152,Yes,Owns,8,6,13,16,9,URGENT CARE CENTER,IN-NETWORK,CO-PAY IN $,50,75,30,0,50,2,5,high,low,RISK,3
0,0,0,0,Bonus,2909,Yes,Rents,3,4,5,16,9,URGENT CARE CENTER,IN-NETWORK,CO-PAY IN $,0,30,75,50,50,2,5,high,low,RISK,3
1,1,0,0,Bonus,2404,Yes,Owns,5,4,8,16,9,URGENT CARE CENTER,IN-NETWORK,CO-PAY IN $,75,50,30,0,50,2,5,high,low,RISK,3
1,0,1,1,Bonus,144,Yes,Owns,4,9,4,16,9,URGENT CARE CENTER,IN-NETWORK,CO-PAY IN $,75,50,30,0,50,2,5,high,low,RISK,3
1,0,1,0,Hourly,2250,No,Owns,4,7,9,16,9,URGENT CARE CENTER,IN-NETWORK,CO-PAY IN $,75,50,30,0,50,2,5,high,low,RISK,3
1,0,0,0,Hourly,4826,No,Owns,4,5,23,16,9,URGENT CARE CENTER,IN-NETWORK,CO-PAY IN $,0,75,50,30,50,2,5,high,low,RISK,3
1,1,0,0,Salaried,792,No,Owns,5,1,9,16,9,URGENT CARE CENTER,IN-NETWORK,CO-PAY IN $,0,30,50,75,50,2,5,high,low,RISK,3
0,1,0,0,Hourly,3429,No,Rents,8,8,6,16,9,URGENT CARE CENTER,IN-NETWORK,CO-PAY IN $,75,0,30,50,50,2,5,high,low,RISK,3
0,1,0,0,Hourly,1596,Yes,Owns,5,2,1,16,9,URGENT CARE CENTER,IN-NETWORK,CO-PAY IN $,75,50,30,0,50,2,5,high,low,RISK,3
1,1,1,0,Salaried,83,Yes,Owns,2,10,2,16,9,URGENT CARE CENTER,IN-NETWORK,CO-PAY IN $,50,0,75,30,50,2,5,high,low,RISK,3
1,1,0,1,Salaried,3601,No,Owns,1,4,3,16,9,URGENT CARE CENTER,IN-NETWORK,CO-PAY IN $,30,75,50,0,50,2,5,high,low,RISK,3
0,0,0,1,Bonus,861,No,Owns,8,2,25,16,9,URGENT CARE CENTER,IN-NETWORK,CO-PAY IN $,75,50,0,30,50,2,5,high,low,RISK,3
0,1,1,1,Salaried,2240,Yes,Rents,8,10,10,16,9,URGENT CARE CENTER,IN-NETWORK,CO-PAY IN $,30,75,0,50,50,2,5,high,low,RISK,3
0,0,0,0,Hourly,2384,No,Rents,1,7,6,16,9,URGENT CARE CENTER,IN-NETWORK,CO-PAY IN $,30,0,50,75,50,2,5,high,low,RISK,3
0,0,0,0,Bonus,2363,Yes,Rents,6,5,5,16,9,URGENT CARE CENTER,IN-NETWORK,CO-PAY IN $,50,0,75,30,50,2,5,high,low,RISK,3
0,0,1,0,Salaried,4539,No,Owns,3,10,8,16,9,URGENT CARE CENTER,IN-NETWORK,CO-PAY IN $,50,0,30,75,50,2,5,high,low,RISK,3
0,0,0,0,Bonus,489,No,Rents,3,0,4,16,9,URGENT CARE CENTER,IN-NETWORK,CO-PAY IN $,0,75,30,50,50,2,5,high,low,RISK,3
0,1,0,1,Bonus,4623,Yes,Owns,2,9,1,16,9,URGENT CARE CENTER,IN-NETWORK,CO-PAY IN $,50,30,0,75,50,2,5,high,low,RISK,3
0,0,0,0,Salaried,153,Yes,Owns,0,4,5,16,9,URGENT CARE CENTER,IN-NETWORK,CO-PAY IN $,75,0,30,50,50,2,5,high,low,RISK,3
0,1,1,0,Salaried,3954,No,Owns,1,1,2,16,9,URGENT CARE CENTER,IN-NETWORK,CO-PAY IN $,30,50,0,75,50,2,5,high,low,RISK,3
0,0,0,0,Salaried,4742,No,Rents,0,6,5,16,9,URGENT CARE CENTER,IN-NETWORK,CO-PAY IN $,75,50,30,0,50,2,5,high,low,RISK,3
0,0,0,0,Hourly,3289,No,Rents,8,1,13,16,9,URGENT CARE CENTER,IN-NETWORK,CO-PAY IN $,30,50,0,75,50,2,5,high,low,RISK,3
0,0,0,0,Bonus,3409,Yes,Rents,6,3,4,16,9,URGENT CARE CENTER,IN-NETWORK,CO-PAY IN $,0,75,30,50,50,2,5,high,low,RISK,3
0,0,1,0,Bonus,3179,No,Rents,2,2,0,16,9,URGENT CARE CENTER,IN-NETWORK,CO-PAY IN $,75,30,0,50,50,2,5,high,low,RISK,3
0,0,0,0,Bonus,4271,No,Rents,3,5,12,16,9,URGENT CARE CENTER,IN-NETWORK,CO-PAY IN $,30,0,75,50,50,2,5,high,low,RISK,3
0,0,0,0,Hourly,4605,Yes,Rents,4,6,13,16,9,URGENT CARE CENTER,IN-NETWORK,CO-PAY IN $,50,75,30,0,50,2,5,high,low,RISK,3
0,1,1,1,Salaried,3042,Yes,Rents,1,4,5,16,9,URGENT CARE CENTER,IN-NETWORK,CO-PAY IN $,30,75,0,50,50,2,5,high,low,RISK,3
0,1,1,0,Hourly,170,No,Rents,9,4,8,16,9,URGENT CARE CENTER,IN-NETWORK,CO-PAY IN $,75,0,50,30,50,2,5,high,low,RISK,3
0,0,0,1,Salaried,2062,No,Rents,2,9,4,16,9,URGENT CARE CENTER,IN-NETWORK,CO-PAY IN $,75,0,50,30,50,2,5,high,low,RISK,3
1,0,1,1,Bonus,1962,No,Rents,0,7,9,16,9,URGENT CARE CENTER,IN-NETWORK,CO-PAY IN $,0,75,50,30,50,2,5,high,low,RISK,3
0,0,0,0,Bonus,1006,No,Owns,5,5,23,16,9,URGENT CARE CENTER,IN-NETWORK,CO-PAY IN $,75,50,30,0,50,2,5,high,low,RISK,3
0,1,0,1,Salaried,4555,No,Rents,2,1,9,16,9,URGENT CARE CENTER,IN-NETWORK,CO-PAY IN $,0,50,75,30,50,2,5,high,low,RISK,3
1,0,1,0,Bonus,458,No,Rents,4,8,6,16,9,URGENT CARE CENTER,IN-NETWORK,CO-PAY IN $,50,75,30,0,50,2,5,high,low,RISK,3
1,0,1,0,Hourly,1593,No,Owns,0,2,1,16,9,URGENT CARE CENTER,IN-NETWORK,CO-PAY IN $,30,75,50,0,50,2,5,high,low,RISK,3
0,1,0,0,Hourly,4519,Yes,Owns,4,10,2,16,9,URGENT CARE CENTER,IN-NETWORK,CO-PAY IN $,0,50,75,30,50,2,5,high,low,RISK,3
0,1,0,0,Bonus,2639,No,Rents,0,4,3,16,9,URGENT CARE CENTER,IN-NETWORK,CO-PAY IN $,30,0,50,75,50,2,5,high,low,RISK,3
0,0,1,0,Hourly,2563,Yes,Rents,8,2,25,16,9,URGENT CARE CENTER,IN-NETWORK,CO-PAY IN $,30,50,0,75,50,2,5,high,low,RISK,3
0,0,1,1,Bonus,2810,Yes,Owns,8,10,10,16,9,URGENT CARE CENTER,IN-NETWORK,CO-PAY IN $,0,75,30,50,50,2,5,high,low,RISK,3
0,0,0,1,Hourly,2954,Yes,Owns,10,7,6,16,9,URGENT CARE CENTER,IN-NETWORK,CO-PAY IN $,30,75,50,0,50,2,5,high,low,RISK,3
0,0,1,0,Hourly,2299,Yes,Owns,6,5,5,16,9,URGENT CARE CENTER,IN-NETWORK,CO-PAY IN $,30,75,50,0,50,2,5,high,low,RISK,3
0,0,1,1,Hourly,1155,No,Rents,1,10,8,16,9,URGENT CARE CENTER,IN-NETWORK,CO-PAY IN $,0,50,75,30,50,2,5,high,low,RISK,3
1,0,1,0,Bonus,1856,Yes,Rents,7,0,4,16,9,URGENT CARE CENTER,IN-NETWORK,CO-PAY IN $,30,50,75,0,50,2,5,high,low,RISK,3
1,1,0,0,Salaried,3352,Yes,Rents,1,9,1,16,9,URGENT CARE CENTER,IN-NETWORK,CO-PAY IN $,75,0,50,30,50,2,5,high,low,RISK,3
1,0,0,0,Hourly,3735,Yes,Owns,8,4,5,16,9,URGENT CARE CENTER,IN-NETWORK,CO-PAY IN $,0,30,50,75,50,2,5,high,low,RISK,3
1,0,0,1,Salaried,1125,Yes,Rents,1,1,2,16,9,URGENT CARE CENTER,IN-NETWORK,CO-PAY IN $,30,0,50,75,50,2,5,high,low,RISK,3
1,0,1,0,Bonus,4695,No,Owns,0,6,5,16,9,URGENT CARE CENTER,IN-NETWORK,CO-PAY IN $,0,75,30,50,50,2,5,high,low,RISK,3
0,0,0,1,Salaried,1210,No,Rents,9,1,13,16,9,URGENT CARE CENTER,IN-NETWORK,CO-PAY IN $,50,30,0,75,50,2,5,high,low,RISK,3
1,1,1,0,Bonus,3149,No,Owns,1,3,4,16,9,URGENT CARE CENTER,IN-NETWORK,CO-PAY IN $,0,50,75,30,50,2,5,high,low,RISK,3
1,0,0,0,Bonus,3757,No,Rents,1,2,0,16,9,URGENT CARE CENTER,IN-NETWORK,CO-PAY IN $,30,0,50,75,50,2,5,high,low,RISK,3
1,0,1,1,Salaried,4038,Yes,Rents,5,5,12,16,9,URGENT CARE CENTER,IN-NETWORK,CO-PAY IN $,0,50,30,75,50,2,5,high,low,RISK,3
0,0,0,1,Bonus,381,No,Owns,2,6,13,16,9,URGENT CARE CENTER,IN-NETWORK,CO-PAY IN $,50,30,75,0,50,2,5,high,low,RISK,3
0,0,0,0,Hourly,2879,Yes,Rents,9,4,5,16,9,URGENT CARE CENTER,IN-NETWORK,CO-PAY IN $,50,30,0,75,50,2,5,high,low,RISK,3
0,1,0,0,Hourly,2246,No,Owns,9,4,8,16,9,URGENT CARE CENTER,IN-NETWORK,CO-PAY IN $,75,50,30,0,50,2,5,high,low,RISK,3
0,1,0,0,Hourly,3337,No,Rents,1,9,4,16,9,URGENT CARE CENTER,IN-NETWORK,CO-PAY IN $,75,50,30,0,50,2,5,high,low,RISK,3
1,0,0,0,Hourly,874,No,Owns,9,7,9,16,9,URGENT CARE CENTER,IN-NETWORK,CO-PAY IN $,30,0,50,75,50,2,5,high,low,RISK,3
0,1,0,0,Hourly,4470,Yes,Owns,0,5,23,16,9,URGENT CARE CENTER,IN-NETWORK,CO-PAY IN $,75,50,0,30,50,2,5,high,low,RISK,3
1,0,1,0,Hourly,3252,Yes,Owns,4,1,9,16,9,URGENT CARE CENTER,IN-NETWORK,CO-PAY IN $,30,50,0,75,50,2,5,high,low,RISK,3
0,1,0,0,Hourly,176,Yes,Rents,3,8,6,16,9,URGENT CARE CENTER,IN-NETWORK,CO-PAY IN $,75,50,0,30,50,2,5,high,low,RISK,3
0,0,1,0,Hourly,3681,Yes,Owns,1,2,1,16,9,URGENT CARE CENTER,IN-NETWORK,CO-PAY IN $,0,50,75,30,50,2,5,high,low,RISK,3
0,1,1,1,Hourly,1019,Yes,Owns,8,10,2,16,9,URGENT CARE CENTER,IN-NETWORK,CO-PAY IN $,0,30,50,75,50,2,5,high,low,RISK,3
0,1,1,0,Bonus,4493,Yes,Owns,10,4,3,16,9,URGENT CARE CENTER,IN-NETWORK,CO-PAY IN $,75,50,0,30,50,2,5,high,low,RISK,3
0,1,1,0,Salaried,1012,Yes,Owns,8,2,25,16,9,URGENT CARE CENTER,IN-NETWORK,CO-PAY IN $,50,30,0,75,50,2,5,high,low,RISK,3
0,0,0,0,Bonus,1248,Yes,Rents,1,10,10,16,9,URGENT CARE CENTER,IN-NETWORK,CO-PAY IN $,0,30,75,50,50,2,5,high,low,RISK,3
0,0,0,0,Salaried,1214,No,Owns,1,7,6,16,9,URGENT CARE CENTER,IN-NETWORK,CO-PAY IN $,75,50,30,0,50,2,5,high,low,RISK,3
1,0,0,0,Salaried,2852,Yes,Rents,1,5,5,16,9,URGENT CARE CENTER,IN-NETWORK,CO-PAY IN $,75,30,50,0,50,2,5,high,low,RISK,3
0,0,0,0,Bonus,1440,Yes,Owns,4,10,8,16,9,URGENT CARE CENTER,IN-NETWORK,CO-PAY IN $,75,0,50,30,50,2,5,high,low,RISK,3
1,0,1,0,Bonus,2951,No,Owns,4,0,4,16,9,URGENT CARE CENTER,IN-NETWORK,CO-PAY IN $,50,30,75,0,50,2,5,high,low,RISK,3
2,1,0,2,Salaried,4377,No,Rents,10,19,27,16,10,URGENT CARE CENTER,IN-NETWORK,CO-PAY IN $,50,0,30,75,50,2,10,high,low,RISK,3
0,1,1,0,Salaried,1919,No,Owns,10,15,31,16,10,URGENT CARE CENTER,IN-NETWORK,CO-PAY IN $,50,30,0,75,50,2,10,high,low,RISK,3
1,1,0,0,Salaried,4671,Yes,Rents,15,12,28,16,10,URGENT CARE CENTER,IN-NETWORK,CO-PAY IN $,30,0,75,50,50,2,10,high,low,RISK,3
2,1,0,0,Bonus,1139,No,Owns,13,16,31,16,10,URGENT CARE CENTER,IN-NETWORK,CO-PAY IN $,30,50,0,75,50,2,10,high,low,RISK,3
1,1,2,1,Bonus,3085,No,Rents,9,12,39,16,10,URGENT CARE CENTER,IN-NETWORK,CO-PAY IN $,0,30,50,75,50,2,10,high,low,RISK,3
0,1,2,0,Salaried,912,Yes,Rents,16,14,30,16,10,URGENT CARE CENTER,IN-NETWORK,CO-PAY IN $,75,0,50,30,50,2,10,high,low,RISK,3
1,0,2,1,Hourly,3561,Yes,Owns,12,13,26,16,10,URGENT CARE CENTER,IN-NETWORK,CO-PAY IN $,75,0,30,50,50,2,10,high,low,RISK,3
1,2,0,0,Hourly,4350,No,Rents,7,16,37,16,10,URGENT CARE CENTER,IN-NETWORK,CO-PAY IN $,50,0,75,30,50,2,10,high,low,RISK,3
2,2,1,2,Salaried,3664,No,Owns,7,16,39,16,10,URGENT CARE CENTER,IN-NETWORK,CO-PAY IN $,30,0,50,75,50,2,10,high,low,RISK,3
0,0,0,1,Bonus,1972,Yes,Owns,17,14,30,16,10,URGENT CARE CENTER,IN-NETWORK,CO-PAY IN $,75,30,50,0,50,2,10,high,low,RISK,3
1,0,2,2,Salaried,1235,Yes,Rents,14,14,34,16,10,URGENT CARE CENTER,IN-NETWORK,CO-PAY IN $,75,50,30,0,50,2,10,high,low,RISK,3
0,2,0,1,Bonus,2294,Yes,Owns,10,19,30,16,10,URGENT CARE CENTER,IN-NETWORK,CO-PAY IN $,50,75,30,0,50,2,10,high,low,RISK,3
0,1,2,0,Salaried,4592,Yes,Rents,16,17,35,16,10,URGENT CARE CENTER,IN-NETWORK,CO-PAY IN $,30,75,50,0,50,2,10,high,low,RISK,3
0,0,1,1,Hourly,2183,Yes,Owns,6,15,48,16,10,URGENT CARE CENTER,IN-NETWORK,CO-PAY IN $,75,50,30,0,50,2,10,high,low,RISK,3
1,1,2,1,Salaried,1622,Yes,Rents,8,12,35,16,10,URGENT CARE CENTER,IN-NETWORK,CO-PAY IN $,30,50,75,0,50,2,10,high,low,RISK,3
1,2,1,2,Salaried,4259,Yes,Rents,6,18,32,16,10,URGENT CARE CENTER,IN-NETWORK,CO-PAY IN $,50,0,30,75,50,2,10,high,low,RISK,3
2,1,1,2,Salaried,4138,No,Owns,17,13,27,16,10,URGENT CARE CENTER,IN-NETWORK,CO-PAY IN $,30,50,0,75,50,2,10,high,low,RISK,3
2,0,1,2,Bonus,2742,No,Owns,17,20,28,16,10,URGENT CARE CENTER,IN-NETWORK,CO-PAY IN $,75,30,50,0,50,2,10,high,low,RISK,3
1,1,0,2,Bonus,4027,Yes,Rents,8,14,29,16,10,URGENT CARE CENTER,IN-NETWORK,CO-PAY IN $,30,0,75,50,50,2,10,high,low,RISK,3
1,1,0,0,Bonus,3643,No,Rents,16,13,50,16,10,URGENT CARE CENTER,IN-NETWORK,CO-PAY IN $,0,50,30,75,50,2,10,high,low,RISK,3
1,0,2,0,Salaried,1855,No,Rents,17,20,35,16,10,URGENT CARE CENTER,IN-NETWORK,CO-PAY IN $,50,75,30,0,50,2,10,high,low,RISK,3
1,2,0,1,Bonus,4199,No,Owns,14,17,32,16,10,URGENT CARE CENTER,IN-NETWORK,CO-PAY IN $,30,50,0,75,50,2,10,high,low,RISK,3
0,2,1,0,Salaried,358,No,Rents,12,16,31,16,10,URGENT CARE CENTER,IN-NETWORK,CO-PAY IN $,0,50,75,30,50,2,10,high,low,RISK,3
1,1,1,1,Salaried,2175,No,Owns,16,20,34,16,10,URGENT CARE CENTER,IN-NETWORK,CO-PAY IN $,50,75,30,0,50,2,10,high,low,RISK,3
1,1,0,0,Bonus,2804,No,Owns,11,11,30,16,10,URGENT CARE CENTER,IN-NETWORK,CO-PAY IN $,75,50,30,0,50,2,10,high,low,RISK,3
2,1,2,1,Bonus,2793,Yes,Owns,17,19,27,16,10,URGENT CARE CENTER,IN-NETWORK,CO-PAY IN $,75,30,50,0,50,2,10,high,low,RISK,3
2,0,2,0,Salaried,1366,No,Owns,14,15,31,16,10,URGENT CARE CENTER,IN-NETWORK,CO-PAY IN $,75,0,30,50,50,2,10,high,low,RISK,3
0,1,1,2,Salaried,3990,No,Rents,13,12,28,16,10,URGENT CARE CENTER,IN-NETWORK,CO-PAY IN $,50,0,30,75,50,2,10,high,low,RISK,3
0,1,1,0,Salaried,1625,No,Owns,16,16,31,16,10,URGENT CARE CENTER,IN-NETWORK,CO-PAY IN $,0,50,75,30,50,2,10,high,low,RISK,3
1,2,0,0,Hourly,1178,No,Owns,5,12,39,16,10,URGENT CARE CENTER,IN-NETWORK,CO-PAY IN $,30,0,75,50,50,2,10,high,low,RISK,3
1,1,0,0,Hourly,2665,No,Rents,8,14,30,16,10,URGENT CARE CENTER,IN-NETWORK,CO-PAY IN $,30,75,0,50,50,2,10,high,low,RISK,3
1,1,2,0,Hourly,4144,No,Owns,9,13,26,16,10,URGENT CARE CENTER,IN-NETWORK,CO-PAY IN $,75,50,30,0,50,2,10,high,low,RISK,3
1,1,2,0,Hourly,2547,Yes,Owns,14,16,37,16,10,URGENT CARE CENTER,IN-NETWORK,CO-PAY IN $,0,30,75,50,50,2,10,high,low,RISK,3
1,1,1,0,Hourly,152,Yes,Owns,15,16,39,16,10,URGENT CARE CENTER,IN-NETWORK,CO-PAY IN $,50,30,0,75,50,2,10,high,low,RISK,3
0,0,0,0,Bonus,2909,Yes,Rents,9,14,30,16,10,URGENT CARE CENTER,IN-NETWORK,CO-PAY IN $,30,0,50,75,50,2,10,high,low,RISK,3
2,2,1,1,Bonus,2404,Yes,Owns,11,14,34,16,10,URGENT CARE CENTER,IN-NETWORK,CO-PAY IN $,30,75,50,0,50,2,10,high,low,RISK,3
2,0,1,2,Bonus,144,Yes,Owns,10,19,30,16,10,URGENT CARE CENTER,IN-NETWORK,CO-PAY IN $,75,50,0,30,50,2,10,high,low,RISK,3
2,0,1,0,Hourly,2250,No,Owns,11,17,35,16,10,URGENT CARE CENTER,IN-NETWORK,CO-PAY IN $,75,30,50,0,50,2,10,high,low,RISK,3
2,0,0,0,Hourly,4826,No,Owns,10,15,48,16,10,URGENT CARE CENTER,IN-NETWORK,CO-PAY IN $,30,0,50,75,50,2,10,high,low,RISK,3
1,1,0,0,Salaried,792,No,Owns,12,12,35,16,10,URGENT CARE CENTER,IN-NETWORK,CO-PAY IN $,75,30,50,0,50,2,10,high,low,RISK,3
0,2,0,1,Hourly,3429,No,Rents,15,18,32,16,10,URGENT CARE CENTER,IN-NETWORK,CO-PAY IN $,0,75,50,30,50,2,10,high,low,RISK,3
0,2,0,1,Hourly,1596,Yes,Owns,11,13,27,16,10,URGENT CARE CENTER,IN-NETWORK,CO-PAY IN $,30,50,75,0,50,2,10,high,low,RISK,3
1,1,2,0,Salaried,83,Yes,Owns,7,20,28,16,10,URGENT CARE CENTER,IN-NETWORK,CO-PAY IN $,0,30,50,75,50,2,10,high,low,RISK,3
1,2,0,2,Salaried,3601,No,Owns,6,14,29,16,10,URGENT CARE CENTER,IN-NETWORK,CO-PAY IN $,0,30,50,75,50,2,10,high,low,RISK,3
1,1,0,1,Bonus,861,No,Owns,15,13,50,16,10,URGENT CARE CENTER,IN-NETWORK,CO-PAY IN $,75,50,0,30,50,2,10,high,low,RISK,3
0,2,2,2,Salaried,2240,Yes,Rents,15,20,35,16,10,URGENT CARE CENTER,IN-NETWORK,CO-PAY IN $,50,0,75,30,50,2,10,high,low,RISK,3
1,0,0,0,Hourly,2384,No,Rents,6,17,32,16,10,URGENT CARE CENTER,IN-NETWORK,CO-PAY IN $,75,0,30,50,50,2,10,high,low,RISK,3
0,0,0,0,Bonus,2363,Yes,Rents,12,16,31,16,10,URGENT CARE CENTER,IN-NETWORK,CO-PAY IN $,75,0,50,30,50,2,10,high,low,RISK,3
1,1,2,0,Salaried,4539,No,Owns,10,20,34,16,10,URGENT CARE CENTER,IN-NETWORK,CO-PAY IN $,50,75,30,0,50,2,10,high,low,RISK,3
1,1,0,0,Bonus,489,No,Rents,9,11,30,16,10,URGENT CARE CENTER,IN-NETWORK,CO-PAY IN $,50,75,30,0,50,2,10,high,low,RISK,3
1,2,0,2,Bonus,4623,Yes,Owns,7,19,27,16,10,URGENT CARE CENTER,IN-NETWORK,CO-PAY IN $,0,30,50,75,50,2,10,high,low,RISK,3
1,0,0,0,Salaried,153,Yes,Owns,5,15,31,16,10,URGENT CARE CENTER,IN-NETWORK,CO-PAY IN $,50,75,30,0,50,2,10,high,low,RISK,3
0,2,2,1,Salaried,3954,No,Owns,6,12,28,16,10,URGENT CARE CENTER,IN-NETWORK,CO-PAY IN $,50,75,30,0,50,2,10,high,low,RISK,3
0,1,0,0,Salaried,4742,No,Rents,5,16,31,16,10,URGENT CARE CENTER,IN-NETWORK,CO-PAY IN $,30,50,0,75,50,2,10,high,low,RISK,3
0,0,0,1,Hourly,3289,No,Rents,15,12,39,16,10,URGENT CARE CENTER,IN-NETWORK,CO-PAY IN $,0,75,30,50,50,2,10,high,low,RISK,3
0,0,1,1,Bonus,3409,Yes,Rents,13,14,30,16,10,URGENT CARE CENTER,IN-NETWORK,CO-PAY IN $,30,75,0,50,50,2,10,high,low,RISK,3
0,0,2,1,Bonus,3179,No,Rents,8,13,26,16,10,URGENT CARE CENTER,IN-NETWORK,CO-PAY IN $,75,30,50,0,50,2,10,high,low,RISK,3
0,0,0,1,Bonus,4271,No,Rents,9,16,37,16,10,URGENT CARE CENTER,IN-NETWORK,CO-PAY IN $,30,75,0,50,50,2,10,high,low,RISK,3
0,0,0,0,Hourly,4605,Yes,Rents,10,16,39,16,10,URGENT CARE CENTER,IN-NETWORK,CO-PAY IN $,50,75,0,30,50,2,10,high,low,RISK,3
0,2,2,2,Salaried,3042,Yes,Rents,6,14,30,16,10,URGENT CARE CENTER,IN-NETWORK,CO-PAY IN $,75,0,50,30,50,2,10,high,low,RISK,3
0,2,2,0,Hourly,170,No,Rents,16,14,34,16,10,URGENT CARE CENTER,IN-NETWORK,CO-PAY IN $,50,0,75,30,50,2,10,high,low,RISK,3
0,1,0,2,Salaried,2062,No,Rents,7,19,30,16,10,URGENT CARE CENTER,IN-NETWORK,CO-PAY IN $,50,30,75,0,50,2,10,high,low,RISK,3
1,1,2,2,Bonus,1962,No,Rents,5,17,35,16,10,URGENT CARE CENTER,IN-NETWORK,CO-PAY IN $,30,75,0,50,50,2,10,high,low,RISK,3
0,0,0,0,Bonus,1006,No,Owns,11,15,48,16,10,URGENT CARE CENTER,IN-NETWORK,CO-PAY IN $,0,75,50,30,50,2,10,high,low,RISK,3
0,2,1,2,Salaried,4555,No,Rents,8,12,35,16,10,URGENT CARE CENTER,IN-NETWORK,CO-PAY IN $,50,75,30,0,50,2,10,high,low,RISK,3
2,1,1,0,Bonus,458,No,Rents,10,18,32,16,10,URGENT CARE CENTER,IN-NETWORK,CO-PAY IN $,50,30,0,75,50,2,10,high,low,RISK,3
2,0,2,1,Hourly,1593,No,Owns,5,13,27,16,10,URGENT CARE CENTER,IN-NETWORK,CO-PAY IN $,0,50,75,30,50,2,10,high,low,RISK,3
0,2,0,1,Hourly,4519,Yes,Owns,11,20,28,16,10,URGENT CARE CENTER,IN-NETWORK,CO-PAY IN $,0,30,75,50,50,2,10,high,low,RISK,3
0,1,0,0,Bonus,2639,No,Rents,5,14,29,16,10,URGENT CARE CENTER,IN-NETWORK,CO-PAY IN $,30,50,0,75,50,2,10,high,low,RISK,3
0,0,2,1,Hourly,2563,Yes,Rents,15,13,50,16,10,URGENT CARE CENTER,IN-NETWORK,CO-PAY IN $,50,75,30,0,50,2,10,high,low,RISK,3
0,1,2,1,Bonus,2810,Yes,Owns,15,20,35,16,10,URGENT CARE CENTER,IN-NETWORK,CO-PAY IN $,0,50,30,75,50,2,10,high,low,RISK,3
1,1,0,1,Hourly,2954,Yes,Owns,18,17,32,16,10,URGENT CARE CENTER,IN-NETWORK,CO-PAY IN $,50,75,0,30,50,2,10,high,low,RISK,3
1,0,2,0,Hourly,2299,Yes,Owns,13,16,31,16,10,URGENT CARE CENTER,IN-NETWORK,CO-PAY IN $,30,50,75,0,50,2,10,high,low,RISK,3
0,0,1,2,Hourly,1155,No,Rents,6,20,34,16,10,URGENT CARE CENTER,IN-NETWORK,CO-PAY IN $,30,75,50,0,50,2,10,high,low,RISK,3
1,0,2,0,Bonus,1856,Yes,Rents,14,11,30,16,10,URGENT CARE CENTER,IN-NETWORK,CO-PAY IN $,75,30,0,50,50,2,10,high,low,RISK,3
2,1,1,0,Salaried,3352,Yes,Rents,6,19,27,16,10,URGENT CARE CENTER,IN-NETWORK,CO-PAY IN $,50,30,0,75,50,2,10,high,low,RISK,3
2,0,0,1,Hourly,3735,Yes,Owns,15,15,31,16,10,URGENT CARE CENTER,IN-NETWORK,CO-PAY IN $,0,75,30,50,50,2,10,high,low,RISK,3
2,1,0,2,Salaried,1125,Yes,Rents,6,12,28,16,10,URGENT CARE CENTER,IN-NETWORK,CO-PAY IN $,30,75,50,0,50,2,10,high,low,RISK,3
2,0,1,0,Bonus,4695,No,Owns,5,16,31,16,10,URGENT CARE CENTER,IN-NETWORK,CO-PAY IN $,0,30,50,75,50,2,10,high,low,RISK,3
1,1,1,1,Salaried,1210,No,Rents,17,12,39,16,10,URGENT CARE CENTER,IN-NETWORK,CO-PAY IN $,75,0,50,30,50,2,10,high,low,RISK,3
1,2,1,0,Bonus,3149,No,Owns,6,14,30,16,10,URGENT CARE CENTER,IN-NETWORK,CO-PAY IN $,30,75,0,50,50,2,10,high,low,RISK,3
1,1,1,1,Bonus,3757,No,Rents,6,13,26,16,10,URGENT CARE CENTER,IN-NETWORK,CO-PAY IN $,50,75,30,0,50,2,10,high,low,RISK,3
1,0,2,1,Salaried,4038,Yes,Rents,12,16,37,16,10,URGENT CARE CENTER,IN-NETWORK,CO-PAY IN $,30,50,0,75,50,2,10,high,low,RISK,3
0,0,0,2,Bonus,381,No,Owns,8,16,39,16,10,URGENT CARE CENTER,IN-NETWORK,CO-PAY IN $,75,30,0,50,50,2,10,high,low,RISK,3
0,0,1,1,Hourly,2879,Yes,Rents,16,14,30,16,10,URGENT CARE CENTER,IN-NETWORK,CO-PAY IN $,0,30,50,75,50,2,10,high,low,RISK,3
1,2,0,0,Hourly,2246,No,Owns,17,14,34,16,10,URGENT CARE CENTER,IN-NETWORK,CO-PAY IN $,50,30,0,75,50,2,10,high,low,RISK,3
0,2,1,0,Hourly,3337,No,Rents,7,19,30,16,10,URGENT CARE CENTER,IN-NETWORK,CO-PAY IN $,75,0,50,30,50,2,10,high,low,RISK,3
1,1,1,1,Hourly,874,No,Owns,17,17,35,16,10,URGENT CARE CENTER,IN-NETWORK,CO-PAY IN $,0,75,50,30,50,2,10,high,low,RISK,3
0,1,0,0,Hourly,4470,Yes,Owns,6,15,48,16,10,URGENT CARE CENTER,IN-NETWORK,CO-PAY IN $,50,0,75,30,50,2,10,high,low,RISK,3
2,0,1,1,Hourly,3252,Yes,Owns,10,12,35,16,10,URGENT CARE CENTER,IN-NETWORK,CO-PAY IN $,0,30,75,50,50,2,10,high,low,RISK,3
0,2,0,1,Hourly,176,Yes,Rents,9,18,32,16,10,URGENT CARE CENTER,IN-NETWORK,CO-PAY IN $,0,30,50,75,50,2,10,high,low,RISK,3
1,0,2,0,Hourly,3681,Yes,Owns,6,13,27,16,10,URGENT CARE CENTER,IN-NETWORK,CO-PAY IN $,0,75,30,50,50,2,10,high,low,RISK,3
1,2,1,2,Hourly,1019,Yes,Owns,15,20,28,16,10,URGENT CARE CENTER,IN-NETWORK,CO-PAY IN $,50,30,0,75,50,2,10,high,low,RISK,3
1,2,1,1,Bonus,4493,Yes,Owns,18,14,29,16,10,URGENT CARE CENTER,IN-NETWORK,CO-PAY IN $,75,0,30,50,50,2,10,high,low,RISK,3
1,2,2,0,Salaried,1012,Yes,Owns,15,13,50,16,10,URGENT CARE CENTER,IN-NETWORK,CO-PAY IN $,75,0,30,50,50,2,10,high,low,RISK,3
0,0,1,1,Bonus,1248,Yes,Rents,7,20,35,16,10,URGENT CARE CENTER,IN-NETWORK,CO-PAY IN $,30,50,75,0,50,2,10,high,low,RISK,3
0,0,1,0,Salaried,1214,No,Owns,6,17,32,16,10,URGENT CARE CENTER,IN-NETWORK,CO-PAY IN $,75,0,30,50,50,2,10,high,low,RISK,3
1,0,1,0,Salaried,2852,Yes,Rents,6,16,31,16,10,URGENT CARE CENTER,IN-NETWORK,CO-PAY IN $,75,0,50,30,50,2,10,high,low,RISK,3
1,0,0,0,Bonus,1440,Yes,Owns,10,20,34,16,10,URGENT CARE CENTER,IN-NETWORK,CO-PAY IN $,50,30,75,0,50,2,10,high,low,RISK,3
1,0,1,0,Bonus,2951,No,Owns,11,11,30,16,10,URGENT CARE CENTER,IN-NETWORK,CO-PAY IN $,50,30,75,0,50,2,10,high,low,RISK,3
3,2,1,3,Salaried,4377,No,Rents,24,48,52,16,11,URGENT CARE CENTER,IN-NETWORK,CO-PAY IN $,75,0,50,30,30,3,20,high,low,RISK,3
1,1,2,1,Salaried,1919,No,Owns,25,33,56,16,11,URGENT CARE CENTER,IN-NETWORK,CO-PAY IN $,75,50,30,0,30,3,20,high,low,RISK,3
2,2,1,1,Salaried,4671,Yes,Rents,33,23,53,16,11,URGENT CARE CENTER,IN-NETWORK,CO-PAY IN $,30,50,75,0,30,3,20,high,low,RISK,3
3,2,1,1,Bonus,1139,No,Owns,29,38,56,16,11,URGENT CARE CENTER,IN-NETWORK,CO-PAY IN $,50,0,75,30,30,3,20,high,low,RISK,3
1,2,3,2,Bonus,3085,No,Rents,23,24,64,16,11,URGENT CARE CENTER,IN-NETWORK,CO-PAY IN $,75,30,0,50,30,3,20,high,low,RISK,3
1,2,3,1,Salaried,912,Yes,Rents,37,29,55,16,11,URGENT CARE CENTER,IN-NETWORK,CO-PAY IN $,75,30,50,0,30,3,20,high,low,RISK,3
2,1,3,2,Hourly,3561,Yes,Owns,28,26,51,16,11,URGENT CARE CENTER,IN-NETWORK,CO-PAY IN $,30,0,75,50,30,3,20,high,low,RISK,3
2,3,1,1,Hourly,4350,No,Rents,19,36,62,16,11,URGENT CARE CENTER,IN-NETWORK,CO-PAY IN $,50,75,0,30,30,3,20,high,low,RISK,3
3,3,2,3,Salaried,3664,No,Owns,18,38,64,16,11,URGENT CARE CENTER,IN-NETWORK,CO-PAY IN $,30,50,0,75,30,3,20,high,low,RISK,3
1,1,1,1,Bonus,1972,Yes,Owns,38,31,55,16,11,URGENT CARE CENTER,IN-NETWORK,CO-PAY IN $,50,75,0,30,30,3,20,high,low,RISK,3
1,1,3,3,Salaried,1235,Yes,Rents,32,31,59,16,11,URGENT CARE CENTER,IN-NETWORK,CO-PAY IN $,50,75,0,30,30,3,20,high,low,RISK,3
1,3,1,2,Bonus,2294,Yes,Owns,25,47,55,16,11,URGENT CARE CENTER,IN-NETWORK,CO-PAY IN $,50,0,75,30,30,3,20,high,low,RISK,3
1,2,3,1,Salaried,4592,Yes,Rents,37,41,60,16,11,URGENT CARE CENTER,IN-NETWORK,CO-PAY IN $,0,50,30,75,30,3,20,high,low,RISK,3
1,1,1,2,Hourly,2183,Yes,Owns,16,35,73,16,11,URGENT CARE CENTER,IN-NETWORK,CO-PAY IN $,30,50,75,0,30,3,20,high,low,RISK,3
2,2,3,2,Salaried,1622,Yes,Rents,21,24,60,16,11,URGENT CARE CENTER,IN-NETWORK,CO-PAY IN $,0,75,30,50,30,3,20,high,low,RISK,3
2,3,1,3,Salaried,4259,Yes,Rents,17,43,57,16,11,URGENT CARE CENTER,IN-NETWORK,CO-PAY IN $,0,75,30,50,30,3,20,high,low,RISK,3
3,2,2,3,Salaried,4138,No,Owns,37,25,52,16,11,URGENT CARE CENTER,IN-NETWORK,CO-PAY IN $,50,30,0,75,30,3,20,high,low,RISK,3
3,1,2,3,Bonus,2742,No,Owns,39,50,53,16,11,URGENT CARE CENTER,IN-NETWORK,CO-PAY IN $,0,30,50,75,30,3,20,high,low,RISK,3
1,1,1,3,Bonus,4027,Yes,Rents,21,31,54,16,11,URGENT CARE CENTER,IN-NETWORK,CO-PAY IN $,50,0,30,75,30,3,20,high,low,RISK,3
2,2,1,1,Bonus,3643,No,Rents,35,26,75,16,11,URGENT CARE CENTER,IN-NETWORK,CO-PAY IN $,50,30,75,0,30,3,20,high,low,RISK,3
2,1,3,1,Salaried,1855,No,Rents,39,49,60,16,11,URGENT CARE CENTER,IN-NETWORK,CO-PAY IN $,50,30,75,0,30,3,20,high,low,RISK,3
1,3,1,1,Bonus,4199,No,Owns,33,40,57,16,11,URGENT CARE CENTER,IN-NETWORK,CO-PAY IN $,75,0,30,50,30,3,20,high,low,RISK,3
1,3,2,1,Salaried,358,No,Rents,28,36,56,16,11,URGENT CARE CENTER,IN-NETWORK,CO-PAY IN $,75,0,30,50,30,3,20,high,low,RISK,3
2,2,2,1,Salaried,2175,No,Owns,35,49,59,16,11,URGENT CARE CENTER,IN-NETWORK,CO-PAY IN $,75,50,0,30,30,3,20,high,low,RISK,3
2,2,1,1,Bonus,2804,No,Owns,26,20,55,16,11,URGENT CARE CENTER,IN-NETWORK,CO-PAY IN $,30,50,75,0,30,3,20,high,low,RISK,3
3,3,3,2,Bonus,2793,Yes,Owns,39,48,52,16,11,URGENT CARE CENTER,IN-NETWORK,CO-PAY IN $,0,75,30,50,30,3,20,high,low,RISK,3
3,1,3,1,Salaried,1366,No,Owns,32,33,56,16,11,URGENT CARE CENTER,IN-NETWORK,CO-PAY IN $,75,50,0,30,30,3,20,high,low,RISK,3
1,2,2,3,Salaried,3990,No,Rents,30,23,53,16,11,URGENT CARE CENTER,IN-NETWORK,CO-PAY IN $,30,0,50,75,30,3,20,high,low,RISK,3
1,2,2,1,Salaried,1625,No,Owns,36,38,56,16,11,URGENT CARE CENTER,IN-NETWORK,CO-PAY IN $,30,0,75,50,30,3,20,high,low,RISK,3
2,3,1,1,Hourly,1178,No,Owns,15,24,64,16,11,URGENT CARE CENTER,IN-NETWORK,CO-PAY IN $,0,30,75,50,30,3,20,high,low,RISK,3
2,1,1,1,Hourly,2665,No,Rents,20,29,55,16,11,URGENT CARE CENTER,IN-NETWORK,CO-PAY IN $,75,30,50,0,30,3,20,high,low,RISK,3
2,3,3,1,Hourly,4144,No,Owns,23,26,51,16,11,URGENT CARE CENTER,IN-NETWORK,CO-PAY IN $,0,30,75,50,30,3,20,high,low,RISK,3
2,2,3,1,Hourly,2547,Yes,Owns,32,36,62,16,11,URGENT CARE CENTER,IN-NETWORK,CO-PAY IN $,0,30,75,50,30,3,20,high,low,RISK,3
2,1,2,1,Hourly,152,Yes,Owns,34,38,64,16,11,URGENT CARE CENTER,IN-NETWORK,CO-PAY IN $,75,30,50,0,30,3,20,high,low,RISK,3
1,1,1,1,Bonus,2909,Yes,Rents,23,31,55,16,11,URGENT CARE CENTER,IN-NETWORK,CO-PAY IN $,0,30,50,75,30,3,20,high,low,RISK,3
3,3,2,2,Bonus,2404,Yes,Owns,27,31,59,16,11,URGENT CARE CENTER,IN-NETWORK,CO-PAY IN $,50,75,0,30,30,3,20,high,low,RISK,3
3,1,2,3,Bonus,144,Yes,Owns,24,47,55,16,11,URGENT CARE CENTER,IN-NETWORK,CO-PAY IN $,30,75,0,50,30,3,20,high,low,RISK,3
3,1,2,1,Hourly,2250,No,Owns,26,41,60,16,11,URGENT CARE CENTER,IN-NETWORK,CO-PAY IN $,30,0,50,75,30,3,20,high,low,RISK,3
3,1,1,1,Hourly,4826,No,Owns,25,35,73,16,11,URGENT CARE CENTER,IN-NETWORK,CO-PAY IN $,50,75,0,30,30,3,20,high,low,RISK,3
2,2,1,1,Salaried,792,No,Owns,28,24,60,16,11,URGENT CARE CENTER,IN-NETWORK,CO-PAY IN $,75,50,0,30,30,3,20,high,low,RISK,3
1,3,1,2,Hourly,3429,No,Rents,34,43,57,16,11,URGENT CARE CENTER,IN-NETWORK,CO-PAY IN $,75,30,0,50,30,3,20,high,low,RISK,3
1,3,1,2,Hourly,1596,Yes,Owns,27,25,52,16,11,URGENT CARE CENTER,IN-NETWORK,CO-PAY IN $,75,30,50,0,30,3,20,high,low,RISK,3
2,3,3,1,Salaried,83,Yes,Owns,19,50,53,16,11,URGENT CARE CENTER,IN-NETWORK,CO-PAY IN $,30,50,75,0,30,3,20,high,low,RISK,3
2,3,1,3,Salaried,3601,No,Owns,17,31,54,16,11,URGENT CARE CENTER,IN-NETWORK,CO-PAY IN $,30,75,50,0,30,3,20,high,low,RISK,3
2,2,1,2,Bonus,861,No,Owns,34,26,75,16,11,URGENT CARE CENTER,IN-NETWORK,CO-PAY IN $,50,75,30,0,30,3,20,high,low,RISK,3
1,3,3,3,Salaried,2240,Yes,Rents,35,49,60,16,11,URGENT CARE CENTER,IN-NETWORK,CO-PAY IN $,30,0,75,50,30,3,20,high,low,RISK,3
1,1,1,1,Hourly,2384,No,Rents,17,40,57,16,11,URGENT CARE CENTER,IN-NETWORK,CO-PAY IN $,50,30,0,75,30,3,20,high,low,RISK,3
1,1,1,1,Bonus,2363,Yes,Rents,29,36,56,16,11,URGENT CARE CENTER,IN-NETWORK,CO-PAY IN $,30,50,0,75,30,3,20,high,low,RISK,3
2,1,3,1,Salaried,4539,No,Owns,24,49,59,16,11,URGENT CARE CENTER,IN-NETWORK,CO-PAY IN $,0,50,30,75,30,3,20,high,low,RISK,3
2,1,1,1,Bonus,489,No,Rents,23,20,55,16,11,URGENT CARE CENTER,IN-NETWORK,CO-PAY IN $,30,0,75,50,30,3,20,high,low,RISK,3
2,3,1,3,Bonus,4623,Yes,Owns,19,48,52,16,11,URGENT CARE CENTER,IN-NETWORK,CO-PAY IN $,50,0,75,30,30,3,20,high,low,RISK,3
2,1,1,1,Salaried,153,Yes,Owns,15,33,56,16,11,URGENT CARE CENTER,IN-NETWORK,CO-PAY IN $,50,0,75,30,30,3,20,high,low,RISK,3
1,3,3,2,Salaried,3954,No,Owns,17,23,53,16,11,URGENT CARE CENTER,IN-NETWORK,CO-PAY IN $,30,75,0,50,30,3,20,high,low,RISK,3
1,2,1,1,Salaried,4742,No,Rents,15,38,56,16,11,URGENT CARE CENTER,IN-NETWORK,CO-PAY IN $,0,30,75,50,30,3,20,high,low,RISK,3
1,1,1,2,Hourly,3289,No,Rents,35,24,64,16,11,URGENT CARE CENTER,IN-NETWORK,CO-PAY IN $,50,75,0,30,30,3,20,high,low,RISK,3
1,1,2,2,Bonus,3409,Yes,Rents,30,29,55,16,11,URGENT CARE CENTER,IN-NETWORK,CO-PAY IN $,75,30,50,0,30,3,20,high,low,RISK,3
1,1,3,2,Bonus,3179,No,Rents,21,26,51,16,11,URGENT CARE CENTER,IN-NETWORK,CO-PAY IN $,0,50,30,75,30,3,20,high,low,RISK,3
1,1,1,2,Bonus,4271,No,Rents,22,36,62,16,11,URGENT CARE CENTER,IN-NETWORK,CO-PAY IN $,50,0,30,75,30,3,20,high,low,RISK,3
1,1,1,1,Hourly,4605,Yes,Rents,24,38,64,16,11,URGENT CARE CENTER,IN-NETWORK,CO-PAY IN $,50,0,30,75,30,3,20,high,low,RISK,3
1,3,3,3,Salaried,3042,Yes,Rents,16,31,55,16,11,URGENT CARE CENTER,IN-NETWORK,CO-PAY IN $,0,50,75,30,30,3,20,high,low,RISK,3
1,3,3,1,Hourly,170,No,Rents,37,31,59,16,11,URGENT CARE CENTER,IN-NETWORK,CO-PAY IN $,30,75,50,0,30,3,20,high,low,RISK,3
1,1,1,3,Salaried,2062,No,Rents,20,47,55,16,11,URGENT CARE CENTER,IN-NETWORK,CO-PAY IN $,0,30,50,75,30,3,20,high,low,RISK,3
2,2,3,3,Bonus,1962,No,Rents,15,41,60,16,11,URGENT CARE CENTER,IN-NETWORK,CO-PAY IN $,30,0,50,75,30,3,20,high,low,RISK,3
1,1,1,1,Bonus,1006,No,Owns,27,35,73,16,11,URGENT CARE CENTER,IN-NETWORK,CO-PAY IN $,0,75,50,30,30,3,20,high,low,RISK,3
1,3,2,3,Salaried,4555,No,Rents,20,24,60,16,11,URGENT CARE CENTER,IN-NETWORK,CO-PAY IN $,50,75,30,0,30,3,20,high,low,RISK,3
3,1,2,1,Bonus,458,No,Rents,25,43,57,16,11,URGENT CARE CENTER,IN-NETWORK,CO-PAY IN $,75,30,0,50,30,3,20,high,low,RISK,3
3,1,3,1,Hourly,1593,No,Owns,16,25,52,16,11,URGENT CARE CENTER,IN-NETWORK,CO-PAY IN $,50,0,75,30,30,3,20,high,low,RISK,3
1,3,1,2,Hourly,4519,Yes,Owns,26,50,53,16,11,URGENT CARE CENTER,IN-NETWORK,CO-PAY IN $,30,50,0,75,30,3,20,high,low,RISK,3
1,2,1,1,Bonus,2639,No,Rents,16,31,54,16,11,URGENT CARE CENTER,IN-NETWORK,CO-PAY IN $,50,75,0,30,30,3,20,high,low,RISK,3
1,1,3,1,Hourly,2563,Yes,Rents,35,26,75,16,11,URGENT CARE CENTER,IN-NETWORK,CO-PAY IN $,50,30,0,75,30,3,20,high,low,RISK,3
1,2,3,2,Bonus,2810,Yes,Owns,35,49,60,16,11,URGENT CARE CENTER,IN-NETWORK,CO-PAY IN $,30,50,0,75,30,3,20,high,low,RISK,3
2,2,1,2,Hourly,2954,Yes,Owns,39,40,57,16,11,URGENT CARE CENTER,IN-NETWORK,CO-PAY IN $,50,30,0,75,30,3,20,high,low,RISK,3
2,1,3,1,Hourly,2299,Yes,Owns,31,36,56,16,11,URGENT CARE CENTER,IN-NETWORK,CO-PAY IN $,75,50,30,0,30,3,20,high,low,RISK,3
1,1,2,3,Hourly,1155,No,Rents,16,49,59,16,11,URGENT CARE CENTER,IN-NETWORK,CO-PAY IN $,75,50,0,30,30,3,20,high,low,RISK,3
2,1,3,1,Bonus,1856,Yes,Rents,31,20,55,16,11,URGENT CARE CENTER,IN-NETWORK,CO-PAY IN $,0,30,50,75,30,3,20,high,low,RISK,3
3,2,2,1,Salaried,3352,Yes,Rents,18,48,52,16,11,URGENT CARE CENTER,IN-NETWORK,CO-PAY IN $,30,50,0,75,30,3,20,high,low,RISK,3
3,1,1,2,Hourly,3735,Yes,Owns,34,33,56,16,11,URGENT CARE CENTER,IN-NETWORK,CO-PAY IN $,0,50,30,75,30,3,20,high,low,RISK,3
3,2,1,3,Salaried,1125,Yes,Rents,18,23,53,16,11,URGENT CARE CENTER,IN-NETWORK,CO-PAY IN $,50,0,75,30,30,3,20,high,low,RISK,3
3,1,2,1,Bonus,4695,No,Owns,15,38,56,16,11,URGENT CARE CENTER,IN-NETWORK,CO-PAY IN $,75,30,0,50,30,3,20,high,low,RISK,3
2,2,2,2,Salaried,1210,No,Rents,38,24,64,16,11,URGENT CARE CENTER,IN-NETWORK,CO-PAY IN $,50,75,30,0,30,3,20,high,low,RISK,3
2,3,2,1,Bonus,3149,No,Owns,17,29,55,16,11,URGENT CARE CENTER,IN-NETWORK,CO-PAY IN $,0,30,50,75,30,3,20,high,low,RISK,3
2,2,2,2,Bonus,3757,No,Rents,18,26,51,16,11,URGENT CARE CENTER,IN-NETWORK,CO-PAY IN $,0,75,50,30,30,3,20,high,low,RISK,3
3,1,3,2,Salaried,4038,Yes,Rents,28,36,62,16,11,URGENT CARE CENTER,IN-NETWORK,CO-PAY IN $,75,0,50,30,30,3,20,high,low,RISK,3
1,1,1,3,Bonus,381,No,Owns,20,38,64,16,11,URGENT CARE CENTER,IN-NETWORK,CO-PAY IN $,0,30,75,50,30,3,20,high,low,RISK,3
1,1,1,2,Hourly,2879,Yes,Rents,37,31,55,16,11,URGENT CARE CENTER,IN-NETWORK,CO-PAY IN $,30,50,75,0,30,3,20,high,low,RISK,3
2,3,1,1,Hourly,2246,No,Owns,38,31,59,16,11,URGENT CARE CENTER,IN-NETWORK,CO-PAY IN $,50,75,30,0,30,3,20,high,low,RISK,3
1,3,2,1,Hourly,3337,No,Rents,18,47,55,16,11,URGENT CARE CENTER,IN-NETWORK,CO-PAY IN $,0,50,75,30,30,3,20,high,low,RISK,3
2,2,1,2,Hourly,874,No,Owns,38,41,60,16,11,URGENT CARE CENTER,IN-NETWORK,CO-PAY IN $,75,50,0,30,30,3,20,high,low,RISK,3
1,2,1,1,Hourly,4470,Yes,Owns,16,35,73,16,11,URGENT CARE CENTER,IN-NETWORK,CO-PAY IN $,0,50,30,75,30,3,20,high,low,RISK,3
3,1,3,1,Hourly,3252,Yes,Owns,24,24,60,16,11,URGENT CARE CENTER,IN-NETWORK,CO-PAY IN $,75,50,30,0,30,3,20,high,low,RISK,3
1,3,1,2,Hourly,176,Yes,Rents,23,43,57,16,11,URGENT CARE CENTER,IN-NETWORK,CO-PAY IN $,50,30,0,75,30,3,20,high,low,RISK,3
2,1,3,1,Hourly,3681,Yes,Owns,17,25,52,16,11,URGENT CARE CENTER,IN-NETWORK,CO-PAY IN $,75,0,50,30,30,3,20,high,low,RISK,3
1,3,2,3,Hourly,1019,Yes,Owns,35,50,53,16,11,URGENT CARE CENTER,IN-NETWORK,CO-PAY IN $,75,30,0,50,30,3,20,high,low,RISK,3
1,3,2,1,Bonus,4493,Yes,Owns,39,31,54,16,11,URGENT CARE CENTER,IN-NETWORK,CO-PAY IN $,0,75,50,30,30,3,20,high,low,RISK,3
1,3,3,1,Salaried,1012,Yes,Owns,34,26,75,16,11,URGENT CARE CENTER,IN-NETWORK,CO-PAY IN $,50,75,30,0,30,3,20,high,low,RISK,3
1,1,2,1,Bonus,1248,Yes,Rents,18,49,60,16,11,URGENT CARE CENTER,IN-NETWORK,CO-PAY IN $,0,75,50,30,30,3,20,high,low,RISK,3
1,1,2,1,Salaried,1214,No,Owns,17,40,57,16,11,URGENT CARE CENTER,IN-NETWORK,CO-PAY IN $,50,0,75,30,30,3,20,high,low,RISK,3
2,1,1,1,Salaried,2852,Yes,Rents,18,36,56,16,11,URGENT CARE CENTER,IN-NETWORK,CO-PAY IN $,75,0,30,50,30,3,20,high,low,RISK,3
2,1,1,1,Bonus,1440,Yes,Owns,24,49,59,16,11,URGENT CARE CENTER,IN-NETWORK,CO-PAY IN $,0,50,30,75,30,3,20,high,low,RISK,3
3,1,3,1,Bonus,2951,No,Owns,26,20,55,16,11,URGENT CARE CENTER,IN-NETWORK,CO-PAY IN $,30,0,75,50,30,3,20,high,low,RISK,3
4,3,2,4,Salaried,4377,No,Rents,46,73,76,16,12,URGENT CARE CENTER,IN-NETWORK,CO-PAY IN $,30,75,50,0,30,3,50,high,low,RISK,3
2,3,4,2,Salaried,1919,No,Owns,48,61,80,16,12,URGENT CARE CENTER,IN-NETWORK,CO-PAY IN $,30,50,0,75,30,3,50,high,low,RISK,3
4,4,3,2,Salaried,4671,Yes,Rents,57,53,77,16,12,URGENT CARE CENTER,IN-NETWORK,CO-PAY IN $,50,75,30,0,30,3,50,high,low,RISK,3
4,4,2,2,Bonus,1139,No,Owns,52,65,80,16,12,URGENT CARE CENTER,IN-NETWORK,CO-PAY IN $,30,0,75,50,30,3,50,high,low,RISK,3
3,4,4,3,Bonus,3085,No,Rents,45,54,88,16,12,URGENT CARE CENTER,IN-NETWORK,CO-PAY IN $,50,75,30,0,30,3,50,high,low,RISK,3
3,4,4,3,Salaried,912,Yes,Rents,61,58,79,16,12,URGENT CARE CENTER,IN-NETWORK,CO-PAY IN $,75,50,0,30,30,3,50,high,low,RISK,3
4,3,4,3,Hourly,3561,Yes,Owns,51,56,75,16,12,URGENT CARE CENTER,IN-NETWORK,CO-PAY IN $,50,75,30,0,30,3,50,high,low,RISK,3
4,4,2,2,Hourly,4350,No,Rents,40,64,87,16,12,URGENT CARE CENTER,IN-NETWORK,CO-PAY IN $,50,30,75,0,30,3,50,high,low,RISK,3
4,4,4,4,Salaried,3664,No,Owns,39,65,88,16,12,URGENT CARE CENTER,IN-NETWORK,CO-PAY IN $,50,75,0,30,30,3,50,high,low,RISK,3
2,3,3,3,Bonus,1972,Yes,Owns,62,60,80,16,12,URGENT CARE CENTER,IN-NETWORK,CO-PAY IN $,0,50,30,75,30,3,50,high,low,RISK,3
3,2,4,4,Salaried,1235,Yes,Rents,55,60,83,16,12,URGENT CARE CENTER,IN-NETWORK,CO-PAY IN $,0,30,75,50,30,3,50,high,low,RISK,3
2,4,3,3,Bonus,2294,Yes,Owns,47,72,79,16,12,URGENT CARE CENTER,IN-NETWORK,CO-PAY IN $,50,0,30,75,30,3,50,high,low,RISK,3
2,3,4,3,Salaried,4592,Yes,Rents,62,68,84,16,12,URGENT CARE CENTER,IN-NETWORK,CO-PAY IN $,0,50,75,30,30,3,50,high,low,RISK,3
3,3,3,4,Hourly,2183,Yes,Owns,37,63,98,16,12,URGENT CARE CENTER,IN-NETWORK,CO-PAY IN $,75,30,0,50,30,3,50,high,low,RISK,3
3,3,4,3,Salaried,1622,Yes,Rents,42,55,84,16,12,URGENT CARE CENTER,IN-NETWORK,CO-PAY IN $,75,0,50,30,30,3,50,high,low,RISK,3
3,4,3,4,Salaried,4259,Yes,Rents,37,70,81,16,12,URGENT CARE CENTER,IN-NETWORK,CO-PAY IN $,50,0,30,75,30,3,50,high,low,RISK,3
4,3,3,4,Salaried,4138,No,Owns,62,55,76,16,12,URGENT CARE CENTER,IN-NETWORK,CO-PAY IN $,0,50,30,75,30,3,50,high,low,RISK,3
4,3,4,4,Bonus,2742,No,Owns,64,75,77,16,12,URGENT CARE CENTER,IN-NETWORK,CO-PAY IN $,30,0,75,50,30,3,50,high,low,RISK,3
3,3,3,4,Bonus,4027,Yes,Rents,43,60,78,16,12,URGENT CARE CENTER,IN-NETWORK,CO-PAY IN $,50,0,75,30,30,3,50,high,low,RISK,3
4,4,2,2,Bonus,3643,No,Rents,59,56,100,16,12,URGENT CARE CENTER,IN-NETWORK,CO-PAY IN $,0,50,30,75,30,3,50,high,low,RISK,3
4,2,4,2,Salaried,1855,No,Rents,63,74,85,16,12,URGENT CARE CENTER,IN-NETWORK,CO-PAY IN $,50,30,0,75,30,3,50,high,low,RISK,3
3,4,2,3,Bonus,4199,No,Owns,57,67,81,16,12,URGENT CARE CENTER,IN-NETWORK,CO-PAY IN $,50,0,30,75,30,3,50,high,low,RISK,3
3,4,3,2,Salaried,358,No,Rents,50,64,80,16,12,URGENT CARE CENTER,IN-NETWORK,CO-PAY IN $,30,50,0,75,30,3,50,high,low,RISK,3
4,3,4,3,Salaried,2175,No,Owns,59,75,83,16,12,URGENT CARE CENTER,IN-NETWORK,CO-PAY IN $,0,50,30,75,30,3,50,high,low,RISK,3
4,4,2,2,Bonus,2804,No,Owns,48,51,79,16,12,URGENT CARE CENTER,IN-NETWORK,CO-PAY IN $,50,0,30,75,30,3,50,high,low,RISK,3
4,4,4,4,Bonus,2793,Yes,Owns,63,73,76,16,12,URGENT CARE CENTER,IN-NETWORK,CO-PAY IN $,30,50,0,75,30,3,50,high,low,RISK,3
4,3,4,2,Salaried,1366,No,Owns,56,61,80,16,12,URGENT CARE CENTER,IN-NETWORK,CO-PAY IN $,30,0,50,75,30,3,50,high,low,RISK,3
2,4,4,4,Salaried,3990,No,Rents,53,53,77,16,12,URGENT CARE CENTER,IN-NETWORK,CO-PAY IN $,75,0,30,50,30,3,50,high,low,RISK,3
2,4,3,3,Salaried,1625,No,Owns,60,65,80,16,12,URGENT CARE CENTER,IN-NETWORK,CO-PAY IN $,75,30,0,50,30,3,50,high,low,RISK,3
4,4,3,3,Hourly,1178,No,Owns,35,54,88,16,12,URGENT CARE CENTER,IN-NETWORK,CO-PAY IN $,30,0,75,50,30,3,50,high,low,RISK,3
3,3,2,2,Hourly,2665,No,Rents,41,58,79,16,12,URGENT CARE CENTER,IN-NETWORK,CO-PAY IN $,50,0,75,30,30,3,50,high,low,RISK,3
4,4,4,2,Hourly,4144,No,Owns,44,56,75,16,12,URGENT CARE CENTER,IN-NETWORK,CO-PAY IN $,30,50,0,75,30,3,50,high,low,RISK,3
3,3,4,3,Hourly,2547,Yes,Owns,55,64,87,16,12,URGENT CARE CENTER,IN-NETWORK,CO-PAY IN $,30,75,0,50,30,3,50,high,low,RISK,3
4,3,4,2,Hourly,152,Yes,Owns,58,65,88,16,12,URGENT CARE CENTER,IN-NETWORK,CO-PAY IN $,30,50,0,75,30,3,50,high,low,RISK,3
3,2,2,3,Bonus,2909,Yes,Rents,45,60,80,16,12,URGENT CARE CENTER,IN-NETWORK,CO-PAY IN $,30,75,50,0,30,3,50,high,low,RISK,3
4,4,3,3,Bonus,2404,Yes,Owns,49,60,83,16,12,URGENT CARE CENTER,IN-NETWORK,CO-PAY IN $,75,0,50,30,30,3,50,high,low,RISK,3
4,2,4,4,Bonus,144,Yes,Owns,46,72,79,16,12,URGENT CARE CENTER,IN-NETWORK,CO-PAY IN $,0,75,50,30,30,3,50,high,low,RISK,3
4,2,4,2,Hourly,2250,No,Owns,48,68,84,16,12,URGENT CARE CENTER,IN-NETWORK,CO-PAY IN $,75,0,30,50,30,3,50,high,low,RISK,3
4,3,3,3,Hourly,4826,No,Owns,47,63,98,16,12,URGENT CARE CENTER,IN-NETWORK,CO-PAY IN $,75,0,30,50,30,3,50,high,low,RISK,3
4,4,2,3,Salaried,792,No,Owns,50,55,84,16,12,URGENT CARE CENTER,IN-NETWORK,CO-PAY IN $,75,50,0,30,30,3,50,high,low,RISK,3
2,4,2,3,Hourly,3429,No,Rents,58,70,81,16,12,URGENT CARE CENTER,IN-NETWORK,CO-PAY IN $,50,30,75,0,30,3,50,high,low,RISK,3
3,4,3,4,Hourly,1596,Yes,Owns,50,55,76,16,12,URGENT CARE CENTER,IN-NETWORK,CO-PAY IN $,50,75,30,0,30,3,50,high,low,RISK,3
4,4,4,3,Salaried,83,Yes,Owns,40,75,77,16,12,URGENT CARE CENTER,IN-NETWORK,CO-PAY IN $,75,50,0,30,30,3,50,high,low,RISK,3
4,4,3,4,Salaried,3601,No,Owns,38,60,78,16,12,URGENT CARE CENTER,IN-NETWORK,CO-PAY IN $,50,75,0,30,30,3,50,high,low,RISK,3
3,4,2,4,Bonus,861,No,Owns,58,56,100,16,12,URGENT CARE CENTER,IN-NETWORK,CO-PAY IN $,75,30,50,0,30,3,50,high,low,RISK,3
2,4,4,4,Salaried,2240,Yes,Rents,59,74,85,16,12,URGENT CARE CENTER,IN-NETWORK,CO-PAY IN $,0,50,75,30,30,3,50,high,low,RISK,3
3,3,2,2,Hourly,2384,No,Rents,37,67,81,16,12,URGENT CARE CENTER,IN-NETWORK,CO-PAY IN $,75,0,50,30,30,3,50,high,low,RISK,3
2,2,3,3,Bonus,2363,Yes,Rents,52,64,80,16,12,URGENT CARE CENTER,IN-NETWORK,CO-PAY IN $,30,50,0,75,30,3,50,high,low,RISK,3
3,3,4,2,Salaried,4539,No,Owns,45,75,83,16,12,URGENT CARE CENTER,IN-NETWORK,CO-PAY IN $,0,50,75,30,30,3,50,high,low,RISK,3
3,3,2,2,Bonus,489,No,Rents,45,51,79,16,12,URGENT CARE CENTER,IN-NETWORK,CO-PAY IN $,0,30,75,50,30,3,50,high,low,RISK,3
4,4,2,4,Bonus,4623,Yes,Owns,40,73,76,16,12,URGENT CARE CENTER,IN-NETWORK,CO-PAY IN $,0,30,75,50,30,3,50,high,low,RISK,3
3,3,3,2,Salaried,153,Yes,Owns,36,61,80,16,12,URGENT CARE CENTER,IN-NETWORK,CO-PAY IN $,0,75,50,30,30,3,50,high,low,RISK,3
3,4,4,4,Salaried,3954,No,Owns,38,53,77,16,12,URGENT CARE CENTER,IN-NETWORK,CO-PAY IN $,30,0,75,50,30,3,50,high,low,RISK,3
3,3,2,3,Salaried,4742,No,Rents,35,65,80,16,12,URGENT CARE CENTER,IN-NETWORK,CO-PAY IN $,75,30,50,0,30,3,50,high,low,RISK,3
2,2,2,3,Hourly,3289,No,Rents,59,54,88,16,12,URGENT CARE CENTER,IN-NETWORK,CO-PAY IN $,0,75,50,30,30,3,50,high,low,RISK,3
2,2,3,3,Bonus,3409,Yes,Rents,54,58,79,16,12,URGENT CARE CENTER,IN-NETWORK,CO-PAY IN $,30,75,50,0,30,3,50,high,low,RISK,3
3,3,4,3,Bonus,3179,No,Rents,42,56,75,16,12,URGENT CARE CENTER,IN-NETWORK,CO-PAY IN $,0,50,30,75,30,3,50,high,low,RISK,3
3,3,2,4,Bonus,4271,No,Rents,43,64,87,16,12,URGENT CARE CENTER,IN-NETWORK,CO-PAY IN $,50,75,0,30,30,3,50,high,low,RISK,3
3,3,3,2,Hourly,4605,Yes,Rents,46,65,88,16,12,URGENT CARE CENTER,IN-NETWORK,CO-PAY IN $,30,75,0,50,30,3,50,high,low,RISK,3
2,4,4,4,Salaried,3042,Yes,Rents,37,60,80,16,12,URGENT CARE CENTER,IN-NETWORK,CO-PAY IN $,75,30,0,50,30,3,50,high,low,RISK,3
2,4,4,3,Hourly,170,No,Rents,61,60,83,16,12,URGENT CARE CENTER,IN-NETWORK,CO-PAY IN $,50,0,30,75,30,3,50,high,low,RISK,3
2,3,3,4,Salaried,2062,No,Rents,40,72,79,16,12,URGENT CARE CENTER,IN-NETWORK,CO-PAY IN $,0,30,75,50,30,3,50,high,low,RISK,3
4,4,4,4,Bonus,1962,No,Rents,35,68,84,16,12,URGENT CARE CENTER,IN-NETWORK,CO-PAY IN $,0,75,30,50,30,3,50,high,low,RISK,3
2,2,3,2,Bonus,1006,No,Owns,50,63,98,16,12,URGENT CARE CENTER,IN-NETWORK,CO-PAY IN $,75,50,0,30,30,3,50,high,low,RISK,3
2,4,3,4,Salaried,4555,No,Rents,42,55,84,16,12,URGENT CARE CENTER,IN-NETWORK,CO-PAY IN $,30,50,75,0,30,3,50,high,low,RISK,3
4,3,4,3,Bonus,458,No,Rents,46,70,81,16,12,URGENT CARE CENTER,IN-NETWORK,CO-PAY IN $,75,50,30,0,30,3,50,high,low,RISK,3
4,3,4,3,Hourly,1593,No,Owns,36,55,76,16,12,URGENT CARE CENTER,IN-NETWORK,CO-PAY IN $,50,30,75,0,30,3,50,high,low,RISK,3
3,4,2,3,Hourly,4519,Yes,Owns,48,75,77,16,12,URGENT CARE CENTER,IN-NETWORK,CO-PAY IN $,0,75,30,50,30,3,50,high,low,RISK,3
2,4,3,3,Bonus,2639,No,Rents,36,60,78,16,12,URGENT CARE CENTER,IN-NETWORK,CO-PAY IN $,0,30,50,75,30,3,50,high,low,RISK,3
2,3,4,3,Hourly,2563,Yes,Rents,59,56,100,16,12,URGENT CARE CENTER,IN-NETWORK,CO-PAY IN $,50,0,75,30,30,3,50,high,low,RISK,3
3,4,4,4,Bonus,2810,Yes,Owns,58,74,85,16,12,URGENT CARE CENTER,IN-NETWORK,CO-PAY IN $,50,75,0,30,30,3,50,high,low,RISK,3
3,4,3,4,Hourly,2954,Yes,Owns,64,67,81,16,12,URGENT CARE CENTER,IN-NETWORK,CO-PAY IN $,30,50,0,75,30,3,50,high,low,RISK,3
3,2,4,3,Hourly,2299,Yes,Owns,54,64,80,16,12,URGENT CARE CENTER,IN-NETWORK,CO-PAY IN $,75,0,50,30,30,3,50,high,low,RISK,3
2,3,4,4,Hourly,1155,No,Rents,37,75,83,16,12,URGENT CARE CENTER,IN-NETWORK,CO-PAY IN $,50,75,0,30,30,3,50,high,low,RISK,3
4,2,4,3,Bonus,1856,Yes,Rents,55,51,79,16,12,URGENT CARE CENTER,IN-NETWORK,CO-PAY IN $,30,50,75,0,30,3,50,high,low,RISK,3
4,4,3,3,Salaried,3352,Yes,Rents,38,73,76,16,12,URGENT CARE CENTER,IN-NETWORK,CO-PAY IN $,50,30,75,0,30,3,50,high,low,RISK,3
4,3,2,3,Hourly,3735,Yes,Owns,58,61,80,16,12,URGENT CARE CENTER,IN-NETWORK,CO-PAY IN $,75,50,30,0,30,3,50,high,low,RISK,3
4,3,3,4,Salaried,1125,Yes,Rents,38,53,77,16,12,URGENT CARE CENTER,IN-NETWORK,CO-PAY IN $,0,50,75,30,30,3,50,high,low,RISK,3
4,2,4,2,Bonus,4695,No,Owns,35,65,80,16,12,URGENT CARE CENTER,IN-NETWORK,CO-PAY IN $,75,50,30,0,30,3,50,high,low,RISK,3
3,3,3,4,Salaried,1210,No,Rents,62,54,88,16,12,URGENT CARE CENTER,IN-NETWORK,CO-PAY IN $,30,0,75,50,30,3,50,high,low,RISK,3
4,4,4,2,Bonus,3149,No,Owns,37,58,79,16,12,URGENT CARE CENTER,IN-NETWORK,CO-PAY IN $,0,75,50,30,30,3,50,high,low,RISK,3
4,3,4,4,Bonus,3757,No,Rents,38,56,75,16,12,URGENT CARE CENTER,IN-NETWORK,CO-PAY IN $,30,0,50,75,30,3,50,high,low,RISK,3
4,3,4,4,Salaried,4038,Yes,Rents,51,64,87,16,12,URGENT CARE CENTER,IN-NETWORK,CO-PAY IN $,30,75,50,0,30,3,50,high,low,RISK,3
2,3,3,4,Bonus,381,No,Owns,41,65,88,16,12,URGENT CARE CENTER,IN-NETWORK,CO-PAY IN $,30,50,75,0,30,3,50,high,low,RISK,3
3,3,3,3,Hourly,2879,Yes,Rents,61,60,80,16,12,URGENT CARE CENTER,IN-NETWORK,CO-PAY IN $,0,50,75,30,30,3,50,high,low,RISK,3
4,4,3,2,Hourly,2246,No,Owns,62,60,83,16,12,URGENT CARE CENTER,IN-NETWORK,CO-PAY IN $,50,30,0,75,30,3,50,high,low,RISK,3
2,4,3,2,Hourly,3337,No,Rents,39,72,79,16,12,URGENT CARE CENTER,IN-NETWORK,CO-PAY IN $,50,75,0,30,30,3,50,high,low,RISK,3
4,3,3,4,Hourly,874,No,Owns,63,68,84,16,12,URGENT CARE CENTER,IN-NETWORK,CO-PAY IN $,30,0,50,75,30,3,50,high,low,RISK,3
3,4,2,3,Hourly,4470,Yes,Owns,36,63,98,16,12,URGENT CARE CENTER,IN-NETWORK,CO-PAY IN $,30,50,0,75,30,3,50,high,low,RISK,3
4,3,4,3,Hourly,3252,Yes,Owns,46,55,84,16,12,URGENT CARE CENTER,IN-NETWORK,CO-PAY IN $,30,50,75,0,30,3,50,high,low,RISK,3
3,4,2,3,Hourly,176,Yes,Rents,45,70,81,16,12,URGENT CARE CENTER,IN-NETWORK,CO-PAY IN $,50,75,0,30,30,3,50,high,low,RISK,3
4,3,4,2,Hourly,3681,Yes,Owns,38,55,76,16,12,URGENT CARE CENTER,IN-NETWORK,CO-PAY IN $,75,0,30,50,30,3,50,high,low,RISK,3
3,4,4,4,Hourly,1019,Yes,Owns,59,75,77,16,12,URGENT CARE CENTER,IN-NETWORK,CO-PAY IN $,30,75,0,50,30,3,50,high,low,RISK,3
3,4,4,3,Bonus,4493,Yes,Owns,64,60,78,16,12,URGENT CARE CENTER,IN-NETWORK,CO-PAY IN $,30,50,0,75,30,3,50,high,low,RISK,3
3,4,4,2,Salaried,1012,Yes,Owns,58,56,100,16,12,URGENT CARE CENTER,IN-NETWORK,CO-PAY IN $,75,50,30,0,30,3,50,high,low,RISK,3
2,2,4,3,Bonus,1248,Yes,Rents,39,74,85,16,12,URGENT CARE CENTER,IN-NETWORK,CO-PAY IN $,30,0,50,75,30,3,50,high,low,RISK,3
2,3,3,3,Salaried,1214,No,Owns,37,67,81,16,12,URGENT CARE CENTER,IN-NETWORK,CO-PAY IN $,0,30,50,75,30,3,50,high,low,RISK,3
4,3,3,2,Salaried,2852,Yes,Rents,38,64,80,16,12,URGENT CARE CENTER,IN-NETWORK,CO-PAY IN $,75,30,50,0,30,3,50,high,low,RISK,3
3,3,2,2,Bonus,1440,Yes,Owns,46,75,83,16,12,URGENT CARE CENTER,IN-NETWORK,CO-PAY IN $,30,75,50,0,30,3,50,high,low,RISK,3
4,2,4,3,Bonus,2951,No,Owns,48,51,79,16,12,URGENT CARE CENTER,IN-NETWORK,CO-PAY IN $,75,30,0,50,30,3,50,high,low,RISK,3
1,0,0,1,Salaried,4377,No,Rents,4,9,1,16,13,URGENT CARE CENTER,IN-NETWORK,CO-PAY IN $,50,75,30,0,30,3,5,high,high,RISK,4
0,0,1,0,Salaried,1919,No,Owns,4,4,5,16,13,URGENT CARE CENTER,IN-NETWORK,CO-PAY IN $,75,0,30,50,30,3,5,high,high,RISK,4
0,0,0,0,Salaried,4671,Yes,Rents,7,1,2,16,13,URGENT CARE CENTER,IN-NETWORK,CO-PAY IN $,30,75,50,0,30,3,5,high,high,RISK,4
1,1,0,0,Bonus,1139,No,Owns,6,6,5,16,13,URGENT CARE CENTER,IN-NETWORK,CO-PAY IN $,50,75,0,30,30,3,5,high,high,RISK,4
0,1,1,0,Bonus,3085,No,Rents,3,1,13,16,13,URGENT CARE CENTER,IN-NETWORK,CO-PAY IN $,75,50,30,0,30,3,5,high,high,RISK,4
0,1,1,0,Salaried,912,Yes,Rents,9,3,4,16,13,URGENT CARE CENTER,IN-NETWORK,CO-PAY IN $,50,75,0,30,30,3,5,high,high,RISK,4
1,0,1,0,Hourly,3561,Yes,Owns,5,2,0,16,13,URGENT CARE CENTER,IN-NETWORK,CO-PAY IN $,50,75,30,0,30,3,5,high,high,RISK,4
1,1,0,0,Hourly,4350,No,Rents,2,5,12,16,13,URGENT CARE CENTER,IN-NETWORK,CO-PAY IN $,75,0,50,30,30,3,5,high,high,RISK,4
1,1,0,1,Salaried,3664,No,Owns,1,6,13,16,13,URGENT CARE CENTER,IN-NETWORK,CO-PAY IN $,30,75,50,0,30,3,5,high,high,RISK,4
0,0,0,0,Bonus,1972,Yes,Owns,9,4,5,16,13,URGENT CARE CENTER,IN-NETWORK,CO-PAY IN $,50,75,30,0,30,3,5,high,high,RISK,4
0,0,1,1,Salaried,1235,Yes,Rents,7,4,8,16,13,URGENT CARE CENTER,IN-NETWORK,CO-PAY IN $,0,75,30,50,30,3,5,high,high,RISK,4
0,1,0,0,Bonus,2294,Yes,Owns,4,9,4,16,13,URGENT CARE CENTER,IN-NETWORK,CO-PAY IN $,50,75,30,0,30,3,5,high,high,RISK,4
0,0,1,0,Salaried,4592,Yes,Rents,9,7,9,16,13,URGENT CARE CENTER,IN-NETWORK,CO-PAY IN $,30,0,50,75,30,3,5,high,high,RISK,4
0,0,0,1,Hourly,2183,Yes,Owns,1,5,23,16,13,URGENT CARE CENTER,IN-NETWORK,CO-PAY IN $,75,0,50,30,30,3,5,high,high,RISK,4
0,0,1,0,Salaried,1622,Yes,Rents,2,1,9,16,13,URGENT CARE CENTER,IN-NETWORK,CO-PAY IN $,30,50,0,75,30,3,5,high,high,RISK,4
0,1,0,1,Salaried,4259,Yes,Rents,1,8,6,16,13,URGENT CARE CENTER,IN-NETWORK,CO-PAY IN $,30,0,50,75,30,3,5,high,high,RISK,4
1,0,0,1,Salaried,4138,No,Owns,9,2,1,16,13,URGENT CARE CENTER,IN-NETWORK,CO-PAY IN $,75,30,50,0,30,3,5,high,high,RISK,4
1,0,0,1,Bonus,2742,No,Owns,10,10,2,16,13,URGENT CARE CENTER,IN-NETWORK,CO-PAY IN $,0,75,30,50,30,3,5,high,high,RISK,4
0,0,0,1,Bonus,4027,Yes,Rents,3,4,3,16,13,URGENT CARE CENTER,IN-NETWORK,CO-PAY IN $,75,30,0,50,30,3,5,high,high,RISK,4
1,0,1,0,Salaried,1855,No,Rents,9,10,10,16,13,URGENT CARE CENTER,IN-NETWORK,CO-PAY IN $,75,0,30,50,30,3,5,high,high,RISK,4
0,1,0,0,Bonus,4199,No,Owns,7,7,6,16,13,URGENT CARE CENTER,IN-NETWORK,CO-PAY IN $,30,75,50,0,30,3,5,high,high,RISK,4
0,1,0,0,Salaried,358,No,Rents,5,5,5,16,13,URGENT CARE CENTER,IN-NETWORK,CO-PAY IN $,30,50,75,0,30,3,5,high,high,RISK,4
0,0,1,0,Salaried,2175,No,Owns,8,10,8,16,13,URGENT CARE CENTER,IN-NETWORK,CO-PAY IN $,75,0,30,50,30,3,5,high,high,RISK,4
0,1,0,0,Bonus,2804,No,Owns,4,0,4,16,13,URGENT CARE CENTER,IN-NETWORK,CO-PAY IN $,0,75,30,50,30,3,5,high,high,RISK,4
1,1,1,0,Bonus,2793,Yes,Owns,9,9,1,16,13,URGENT CARE CENTER,IN-NETWORK,CO-PAY IN $,50,0,75,30,30,3,5,high,high,RISK,4
1,0,1,0,Salaried,1366,No,Owns,7,4,5,16,13,URGENT CARE CENTER,IN-NETWORK,CO-PAY IN $,0,50,30,75,30,3,5,high,high,RISK,4
0,1,1,1,Salaried,3990,No,Rents,6,1,2,16,13,URGENT CARE CENTER,IN-NETWORK,CO-PAY IN $,75,50,30,0,30,3,5,high,high,RISK,4
0,0,0,0,Salaried,1625,No,Owns,8,6,5,16,13,URGENT CARE CENTER,IN-NETWORK,CO-PAY IN $,50,0,75,30,30,3,5,high,high,RISK,4
1,1,0,0,Hourly,1178,No,Owns,0,1,13,16,13,URGENT CARE CENTER,IN-NETWORK,CO-PAY IN $,30,75,50,0,30,3,5,high,high,RISK,4
0,0,0,0,Hourly,2665,No,Rents,2,3,4,16,13,URGENT CARE CENTER,IN-NETWORK,CO-PAY IN $,75,50,30,0,30,3,5,high,high,RISK,4
1,1,1,0,Hourly,4144,No,Owns,3,2,0,16,13,URGENT CARE CENTER,IN-NETWORK,CO-PAY IN $,75,30,0,50,30,3,5,high,high,RISK,4
0,0,1,0,Hourly,2547,Yes,Owns,7,5,12,16,13,URGENT CARE CENTER,IN-NETWORK,CO-PAY IN $,0,50,75,30,30,3,5,high,high,RISK,4
1,0,1,0,Hourly,152,Yes,Owns,8,6,13,16,13,URGENT CARE CENTER,IN-NETWORK,CO-PAY IN $,75,50,30,0,30,3,5,high,high,RISK,4
0,0,0,0,Bonus,2909,Yes,Rents,3,4,5,16,13,URGENT CARE CENTER,IN-NETWORK,CO-PAY IN $,75,0,30,50,30,3,5,high,high,RISK,4
1,1,0,0,Bonus,2404,Yes,Owns,5,4,8,16,13,URGENT CARE CENTER,IN-NETWORK,CO-PAY IN $,30,50,75,0,30,3,5,high,high,RISK,4
1,0,1,1,Bonus,144,Yes,Owns,4,9,4,16,13,URGENT CARE CENTER,IN-NETWORK,CO-PAY IN $,30,0,75,50,30,3,5,high,high,RISK,4
1,0,1,0,Hourly,2250,No,Owns,4,7,9,16,13,URGENT CARE CENTER,IN-NETWORK,CO-PAY IN $,50,30,0,75,30,3,5,high,high,RISK,4
1,0,0,0,Hourly,4826,No,Owns,4,5,23,16,13,URGENT CARE CENTER,IN-NETWORK,CO-PAY IN $,0,75,30,50,30,3,5,high,high,RISK,4
1,1,0,0,Salaried,792,No,Owns,5,1,9,16,13,URGENT CARE CENTER,IN-NETWORK,CO-PAY IN $,0,75,30,50,30,3,5,high,high,RISK,4
0,1,0,0,Hourly,3429,No,Rents,8,8,6,16,13,URGENT CARE CENTER,IN-NETWORK,CO-PAY IN $,30,50,0,75,30,3,5,high,high,RISK,4
0,1,0,0,Hourly,1596,Yes,Owns,5,2,1,16,13,URGENT CARE CENTER,IN-NETWORK,CO-PAY IN $,50,30,0,75,30,3,5,high,high,RISK,4
1,1,1,0,Salaried,83,Yes,Owns,2,10,2,16,13,URGENT CARE CENTER,IN-NETWORK,CO-PAY IN $,75,0,30,50,30,3,5,high,high,RISK,4
1,1,0,1,Salaried,3601,No,Owns,1,4,3,16,13,URGENT CARE CENTER,IN-NETWORK,CO-PAY IN $,75,30,50,0,30,3,5,high,high,RISK,4
0,0,0,1,Bonus,861,No,Owns,8,2,25,16,13,URGENT CARE CENTER,IN-NETWORK,CO-PAY IN $,75,30,50,0,30,3,5,high,high,RISK,4
0,1,1,1,Salaried,2240,Yes,Rents,8,10,10,16,13,URGENT CARE CENTER,IN-NETWORK,CO-PAY IN $,30,75,50,0,30,3,5,high,high,RISK,4
0,0,0,0,Hourly,2384,No,Rents,1,7,6,16,13,URGENT CARE CENTER,IN-NETWORK,CO-PAY IN $,30,50,75,0,30,3,5,high,high,RISK,4
0,0,0,0,Bonus,2363,Yes,Rents,6,5,5,16,13,URGENT CARE CENTER,IN-NETWORK,CO-PAY IN $,0,75,30,50,30,3,5,high,high,RISK,4
0,0,1,0,Salaried,4539,No,Owns,3,10,8,16,13,URGENT CARE CENTER,IN-NETWORK,CO-PAY IN $,50,30,0,75,30,3,5,high,high,RISK,4
0,0,0,0,Bonus,489,No,Rents,3,0,4,16,13,URGENT CARE CENTER,IN-NETWORK,CO-PAY IN $,75,50,30,0,30,3,5,high,high,RISK,4
0,1,0,1,Bonus,4623,Yes,Owns,2,9,1,16,13,URGENT CARE CENTER,IN-NETWORK,CO-PAY IN $,30,75,0,50,30,3,5,high,high,RISK,4
0,0,0,0,Salaried,153,Yes,Owns,0,4,5,16,13,URGENT CARE CENTER,IN-NETWORK,CO-PAY IN $,0,75,30,50,30,3,5,high,high,RISK,4
0,1,1,0,Salaried,3954,No,Owns,1,1,2,16,13,URGENT CARE CENTER,IN-NETWORK,CO-PAY IN $,30,0,50,75,30,3,5,high,high,RISK,4
0,0,0,0,Salaried,4742,No,Rents,0,6,5,16,13,URGENT CARE CENTER,IN-NETWORK,CO-PAY IN $,0,50,30,75,30,3,5,high,high,RISK,4
0,0,0,0,Hourly,3289,No,Rents,8,1,13,16,13,URGENT CARE CENTER,IN-NETWORK,CO-PAY IN $,30,0,50,75,30,3,5,high,high,RISK,4
0,0,0,0,Bonus,3409,Yes,Rents,6,3,4,16,13,URGENT CARE CENTER,IN-NETWORK,CO-PAY IN $,50,75,30,0,30,3,5,high,high,RISK,4
0,0,1,0,Bonus,3179,No,Rents,2,2,0,16,13,URGENT CARE CENTER,IN-NETWORK,CO-PAY IN $,0,75,50,30,30,3,5,high,high,RISK,4
0,0,0,0,Bonus,4271,No,Rents,3,5,12,16,13,URGENT CARE CENTER,IN-NETWORK,CO-PAY IN $,30,75,50,0,30,3,5,high,high,RISK,4
0,0,0,0,Hourly,4605,Yes,Rents,4,6,13,16,13,URGENT CARE CENTER,IN-NETWORK,CO-PAY IN $,75,30,50,0,30,3,5,high,high,RISK,4
0,1,1,1,Salaried,3042,Yes,Rents,1,4,5,16,13,URGENT CARE CENTER,IN-NETWORK,CO-PAY IN $,50,75,0,30,30,3,5,high,high,RISK,4
0,1,1,0,Hourly,170,No,Rents,9,4,8,16,13,URGENT CARE CENTER,IN-NETWORK,CO-PAY IN $,30,50,0,75,30,3,5,high,high,RISK,4
0,0,0,1,Salaried,2062,No,Rents,2,9,4,16,13,URGENT CARE CENTER,IN-NETWORK,CO-PAY IN $,30,50,0,75,30,3,5,high,high,RISK,4
1,0,1,1,Bonus,1962,No,Rents,0,7,9,16,13,URGENT CARE CENTER,IN-NETWORK,CO-PAY IN $,30,0,50,75,30,3,5,high,high,RISK,4
0,0,0,0,Bonus,1006,No,Owns,5,5,23,16,13,URGENT CARE CENTER,IN-NETWORK,CO-PAY IN $,50,0,30,75,30,3,5,high,high,RISK,4
0,1,0,1,Salaried,4555,No,Rents,2,1,9,16,13,URGENT CARE CENTER,IN-NETWORK,CO-PAY IN $,0,30,75,50,30,3,5,high,high,RISK,4
1,0,1,0,Bonus,458,No,Rents,4,8,6,16,13,URGENT CARE CENTER,IN-NETWORK,CO-PAY IN $,0,50,30,75,30,3,5,high,high,RISK,4
1,0,1,0,Hourly,1593,No,Owns,0,2,1,16,13,URGENT CARE CENTER,IN-NETWORK,CO-PAY IN $,50,0,30,75,30,3,5,high,high,RISK,4
0,1,0,0,Hourly,4519,Yes,Owns,4,10,2,16,13,URGENT CARE CENTER,IN-NETWORK,CO-PAY IN $,30,50,75,0,30,3,5,high,high,RISK,4
0,1,0,0,Bonus,2639,No,Rents,0,4,3,16,13,URGENT CARE CENTER,IN-NETWORK,CO-PAY IN $,30,0,50,75,30,3,5,high,high,RISK,4
0,0,1,0,Hourly,2563,Yes,Rents,8,2,25,16,13,URGENT CARE CENTER,IN-NETWORK,CO-PAY IN $,50,30,75,0,30,3,5,high,high,RISK,4
0,0,1,1,Bonus,2810,Yes,Owns,8,10,10,16,13,URGENT CARE CENTER,IN-NETWORK,CO-PAY IN $,75,50,0,30,30,3,5,high,high,RISK,4
0,0,0,1,Hourly,2954,Yes,Owns,10,7,6,16,13,URGENT CARE CENTER,IN-NETWORK,CO-PAY IN $,75,50,0,30,30,3,5,high,high,RISK,4
0,0,1,0,Hourly,2299,Yes,Owns,6,5,5,16,13,URGENT CARE CENTER,IN-NETWORK,CO-PAY IN $,0,30,50,75,30,3,5,high,high,RISK,4
0,0,1,1,Hourly,1155,No,Rents,1,10,8,16,13,URGENT CARE CENTER,IN-NETWORK,CO-PAY IN $,50,30,75,0,30,3,5,high,high,RISK,4
1,0,1,0,Bonus,1856,Yes,Rents,7,0,4,16,13,URGENT CARE CENTER,IN-NETWORK,CO-PAY IN $,30,50,75,0,30,3,5,high,high,RISK,4
1,1,0,0,Salaried,3352,Yes,Rents,1,9,1,16,13,URGENT CARE CENTER,IN-NETWORK,CO-PAY IN $,0,50,30,75,30,3,5,high,high,RISK,4
1,0,0,0,Hourly,3735,Yes,Owns,8,4,5,16,13,URGENT CARE CENTER,IN-NETWORK,CO-PAY IN $,0,75,30,50,30,3,5,high,high,RISK,4
1,0,0,1,Salaried,1125,Yes,Rents,1,1,2,16,13,URGENT CARE CENTER,IN-NETWORK,CO-PAY IN $,75,50,30,0,30,3,5,high,high,RISK,4
1,0,1,0,Bonus,4695,No,Owns,0,6,5,16,13,URGENT CARE CENTER,IN-NETWORK,CO-PAY IN $,30,0,75,50,30,3,5,high,high,RISK,4
0,0,0,1,Salaried,1210,No,Rents,9,1,13,16,13,URGENT CARE CENTER,IN-NETWORK,CO-PAY IN $,30,50,75,0,30,3,5,high,high,RISK,4
1,1,1,0,Bonus,3149,No,Owns,1,3,4,16,13,URGENT CARE CENTER,IN-NETWORK,CO-PAY IN $,50,75,0,30,30,3,5,high,high,RISK,4
1,0,0,0,Bonus,3757,No,Rents,1,2,0,16,13,URGENT CARE CENTER,IN-NETWORK,CO-PAY IN $,50,30,75,0,30,3,5,high,high,RISK,4
1,0,1,1,Salaried,4038,Yes,Rents,5,5,12,16,13,URGENT CARE CENTER,IN-NETWORK,CO-PAY IN $,50,30,0,75,30,3,5,high,high,RISK,4
0,0,0,1,Bonus,381,No,Owns,2,6,13,16,13,URGENT CARE CENTER,IN-NETWORK,CO-PAY IN $,75,0,50,30,30,3,5,high,high,RISK,4
0,0,0,0,Hourly,2879,Yes,Rents,9,4,5,16,13,URGENT CARE CENTER,IN-NETWORK,CO-PAY IN $,0,75,30,50,30,3,5,high,high,RISK,4
0,1,0,0,Hourly,2246,No,Owns,9,4,8,16,13,URGENT CARE CENTER,IN-NETWORK,CO-PAY IN $,0,75,50,30,30,3,5,high,high,RISK,4
0,1,0,0,Hourly,3337,No,Rents,1,9,4,16,13,URGENT CARE CENTER,IN-NETWORK,CO-PAY IN $,0,30,75,50,30,3,5,high,high,RISK,4
1,0,0,0,Hourly,874,No,Owns,9,7,9,16,13,URGENT CARE CENTER,IN-NETWORK,CO-PAY IN $,30,75,50,0,30,3,5,high,high,RISK,4
0,1,0,0,Hourly,4470,Yes,Owns,0,5,23,16,13,URGENT CARE CENTER,IN-NETWORK,CO-PAY IN $,50,0,75,30,30,3,5,high,high,RISK,4
0,1,0,0,Hourly,176,Yes,Rents,3,8,6,16,13,URGENT CARE CENTER,IN-NETWORK,CO-PAY IN $,30,75,0,50,30,3,5,high,high,RISK,4
0,0,1,0,Hourly,3681,Yes,Owns,1,2,1,16,13,URGENT CARE CENTER,IN-NETWORK,CO-PAY IN $,30,0,50,75,30,3,5,high,high,RISK,4
0,1,1,1,Hourly,1019,Yes,Owns,8,10,2,16,13,URGENT CARE CENTER,IN-NETWORK,CO-PAY IN $,75,30,0,50,30,3,5,high,high,RISK,4
0,1,1,0,Bonus,4493,Yes,Owns,10,4,3,16,13,URGENT CARE CENTER,IN-NETWORK,CO-PAY IN $,50,75,0,30,30,3,5,high,high,RISK,4
0,1,1,0,Salaried,1012,Yes,Owns,8,2,25,16,13,URGENT CARE CENTER,IN-NETWORK,CO-PAY IN $,30,75,0,50,30,3,5,high,high,RISK,4
0,0,0,0,Bonus,1248,Yes,Rents,1,10,10,16,13,URGENT CARE CENTER,IN-NETWORK,CO-PAY IN $,50,0,75,30,30,3,5,high,high,RISK,4
0,0,0,0,Salaried,1214,No,Owns,1,7,6,16,13,URGENT CARE CENTER,IN-NETWORK,CO-PAY IN $,0,30,50,75,30,3,5,high,high,RISK,4
1,0,0,0,Salaried,2852,Yes,Rents,1,5,5,16,13,URGENT CARE CENTER,IN-NETWORK,CO-PAY IN $,0,50,30,75,30,3,5,high,high,RISK,4
0,0,0,0,Bonus,1440,Yes,Owns,4,10,8,16,13,URGENT CARE CENTER,IN-NETWORK,CO-PAY IN $,30,75,50,0,30,3,5,high,high,RISK,4
1,0,1,0,Bonus,2951,No,Owns,4,0,4,16,13,URGENT CARE CENTER,IN-NETWORK,CO-PAY IN $,30,75,0,50,30,3,5,high,high,RISK,4
2,1,0,2,Salaried,4377,No,Rents,10,19,27,16,14,URGENT CARE CENTER,IN-NETWORK,CO-PAY IN $,30,75,0,50,30,3,10,high,high,RISK,4
0,1,1,0,Salaried,1919,No,Owns,10,15,31,16,14,URGENT CARE CENTER,IN-NETWORK,CO-PAY IN $,30,0,50,75,30,3,10,high,high,RISK,4
1,1,0,0,Salaried,4671,Yes,Rents,15,12,28,16,14,URGENT CARE CENTER,IN-NETWORK,CO-PAY IN $,0,30,75,50,30,3,10,high,high,RISK,4
2,1,0,0,Bonus,1139,No,Owns,13,16,31,16,14,URGENT CARE CENTER,IN-NETWORK,CO-PAY IN $,50,0,30,75,30,3,10,high,high,RISK,4
1,1,2,1,Bonus,3085,No,Rents,9,12,39,16,14,URGENT CARE CENTER,IN-NETWORK,CO-PAY IN $,0,30,75,50,30,3,10,high,high,RISK,4
0,1,2,0,Salaried,912,Yes,Rents,16,14,30,16,14,URGENT CARE CENTER,IN-NETWORK,CO-PAY IN $,75,30,0,50,30,3,10,high,high,RISK,4
1,0,2,1,Hourly,3561,Yes,Owns,12,13,26,16,14,URGENT CARE CENTER,IN-NETWORK,CO-PAY IN $,0,50,75,30,30,3,10,high,high,RISK,4
1,2,0,0,Hourly,4350,No,Rents,7,16,37,16,14,URGENT CARE CENTER,IN-NETWORK,CO-PAY IN $,30,0,50,75,30,3,10,high,high,RISK,4
2,2,1,2,Salaried,3664,No,Owns,7,16,39,16,14,URGENT CARE CENTER,IN-NETWORK,CO-PAY IN $,50,75,0,30,30,3,10,high,high,RISK,4
0,0,0,1,Bonus,1972,Yes,Owns,17,14,30,16,14,URGENT CARE CENTER,IN-NETWORK,CO-PAY IN $,0,50,75,30,30,3,10,high,high,RISK,4
1,0,2,2,Salaried,1235,Yes,Rents,14,14,34,16,14,URGENT CARE CENTER,IN-NETWORK,CO-PAY IN $,0,30,50,75,30,3,10,high,high,RISK,4
0,2,0,1,Bonus,2294,Yes,Owns,10,19,30,16,14,URGENT CARE CENTER,IN-NETWORK,CO-PAY IN $,30,50,75,0,30,3,10,high,high,RISK,4
0,1,2,0,Salaried,4592,Yes,Rents,16,17,35,16,14,URGENT CARE CENTER,IN-NETWORK,CO-PAY IN $,75,50,30,0,30,3,10,high,high,RISK,4
0,0,1,1,Hourly,2183,Yes,Owns,6,15,48,16,14,URGENT CARE CENTER,IN-NETWORK,CO-PAY IN $,0,75,30,50,30,3,10,high,high,RISK,4
1,1,2,1,Salaried,1622,Yes,Rents,8,12,35,16,14,URGENT CARE CENTER,IN-NETWORK,CO-PAY IN $,0,30,50,75,30,3,10,high,high,RISK,4
1,2,1,2,Salaried,4259,Yes,Rents,6,18,32,16,14,URGENT CARE CENTER,IN-NETWORK,CO-PAY IN $,50,0,75,30,30,3,10,high,high,RISK,4
2,1,1,2,Salaried,4138,No,Owns,17,13,27,16,14,URGENT CARE CENTER,IN-NETWORK,CO-PAY IN $,30,75,0,50,30,3,10,high,high,RISK,4
2,0,1,2,Bonus,2742,No,Owns,17,20,28,16,14,URGENT CARE CENTER,IN-NETWORK,CO-PAY IN $,0,50,30,75,30,3,10,high,high,RISK,4
1,1,0,2,Bonus,4027,Yes,Rents,8,14,29,16,14,URGENT CARE CENTER,IN-NETWORK,CO-PAY IN $,0,30,50,75,30,3,10,high,high,RISK,4
1,1,0,0,Bonus,3643,No,Rents,16,13,50,16,14,URGENT CARE CENTER,IN-NETWORK,CO-PAY IN $,30,50,0,75,30,3,10,high,high,RISK,4
1,0,2,0,Salaried,1855,No,Rents,17,20,35,16,14,URGENT CARE CENTER,IN-NETWORK,CO-PAY IN $,75,30,0,50,30,3,10,high,high,RISK,4
1,2,0,1,Bonus,4199,No,Owns,14,17,32,16,14,URGENT CARE CENTER,IN-NETWORK,CO-PAY IN $,50,0,30,75,30,3,10,high,high,RISK,4
0,2,1,0,Salaried,358,No,Rents,12,16,31,16,14,URGENT CARE CENTER,IN-NETWORK,CO-PAY IN $,30,0,50,75,30,3,10,high,high,RISK,4
1,1,1,1,Salaried,2175,No,Owns,16,20,34,16,14,URGENT CARE CENTER,IN-NETWORK,CO-PAY IN $,75,0,50,30,30,3,10,high,high,RISK,4
1,1,0,0,Bonus,2804,No,Owns,11,11,30,16,14,URGENT CARE CENTER,IN-NETWORK,CO-PAY IN $,75,0,50,30,30,3,10,high,high,RISK,4
2,1,2,1,Bonus,2793,Yes,Owns,17,19,27,16,14,URGENT CARE CENTER,IN-NETWORK,CO-PAY IN $,0,75,30,50,30,3,10,high,high,RISK,4
2,0,2,0,Salaried,1366,No,Owns,14,15,31,16,14,URGENT CARE CENTER,IN-NETWORK,CO-PAY IN $,0,50,75,30,30,3,10,high,high,RISK,4
0,1,1,2,Salaried,3990,No,Rents,13,12,28,16,14,URGENT CARE CENTER,IN-NETWORK,CO-PAY IN $,0,30,75,50,30,3,10,high,high,RISK,4
0,1,1,0,Salaried,1625,No,Owns,16,16,31,16,14,URGENT CARE CENTER,IN-NETWORK,CO-PAY IN $,0,75,50,30,30,3,10,high,high,RISK,4
1,2,0,0,Hourly,1178,No,Owns,5,12,39,16,14,URGENT CARE CENTER,IN-NETWORK,CO-PAY IN $,30,50,75,0,30,3,10,high,high,RISK,4
1,1,0,0,Hourly,2665,No,Rents,8,14,30,16,14,URGENT CARE CENTER,IN-NETWORK,CO-PAY IN $,0,75,50,30,30,3,10,high,high,RISK,4
1,1,2,0,Hourly,4144,No,Owns,9,13,26,16,14,URGENT CARE CENTER,IN-NETWORK,CO-PAY IN $,0,50,30,75,30,3,10,high,high,RISK,4
1,1,2,0,Hourly,2547,Yes,Owns,14,16,37,16,14,URGENT CARE CENTER,IN-NETWORK,CO-PAY IN $,75,50,30,0,30,3,10,high,high,RISK,4
1,1,1,0,Hourly,152,Yes,Owns,15,16,39,16,14,URGENT CARE CENTER,IN-NETWORK,CO-PAY IN $,30,0,75,50,30,3,10,high,high,RISK,4
0,0,0,0,Bonus,2909,Yes,Rents,9,14,30,16,14,URGENT CARE CENTER,IN-NETWORK,CO-PAY IN $,50,30,0,75,30,3,10,high,high,RISK,4
2,2,1,1,Bonus,2404,Yes,Owns,11,14,34,16,14,URGENT CARE CENTER,IN-NETWORK,CO-PAY IN $,0,50,75,30,30,3,10,high,high,RISK,4
2,0,1,2,Bonus,144,Yes,Owns,10,19,30,16,14,URGENT CARE CENTER,IN-NETWORK,CO-PAY IN $,50,0,75,30,30,3,10,high,high,RISK,4
2,0,1,0,Hourly,2250,No,Owns,11,17,35,16,14,URGENT CARE CENTER,IN-NETWORK,CO-PAY IN $,0,50,75,30,30,3,10,high,high,RISK,4
2,0,0,0,Hourly,4826,No,Owns,10,15,48,16,14,URGENT CARE CENTER,IN-NETWORK,CO-PAY IN $,50,30,75,0,30,3,10,high,high,RISK,4
1,1,0,0,Salaried,792,No,Owns,12,12,35,16,14,URGENT CARE CENTER,IN-NETWORK,CO-PAY IN $,75,0,50,30,30,3,10,high,high,RISK,4
0,2,0,1,Hourly,1596,Yes,Owns,11,13,27,16,14,URGENT CARE CENTER,IN-NETWORK,CO-PAY IN $,30,0,75,50,30,3,10,high,high,RISK,4
1,1,2,0,Salaried,83,Yes,Owns,7,20,28,16,14,URGENT CARE CENTER,IN-NETWORK,CO-PAY IN $,75,30,0,50,30,3,10,high,high,RISK,4
1,2,0,2,Salaried,3601,No,Owns,6,14,29,16,14,URGENT CARE CENTER,IN-NETWORK,CO-PAY IN $,0,30,50,75,30,3,10,high,high,RISK,4
1,1,0,1,Bonus,861,No,Owns,15,13,50,16,14,URGENT CARE CENTER,IN-NETWORK,CO-PAY IN $,75,0,30,50,30,3,10,high,high,RISK,4
0,2,2,2,Salaried,2240,Yes,Rents,15,20,35,16,14,URGENT CARE CENTER,IN-NETWORK,CO-PAY IN $,30,0,75,50,30,3,10,high,high,RISK,4
1,0,0,0,Hourly,2384,No,Rents,6,17,32,16,14,URGENT CARE CENTER,IN-NETWORK,CO-PAY IN $,50,30,75,0,30,3,10,high,high,RISK,4
0,0,0,0,Bonus,2363,Yes,Rents,12,16,31,16,14,URGENT CARE CENTER,IN-NETWORK,CO-PAY IN $,50,30,75,0,30,3,10,high,high,RISK,4
1,1,2,0,Salaried,4539,No,Owns,10,20,34,16,14,URGENT CARE CENTER,IN-NETWORK,CO-PAY IN $,0,50,30,75,30,3,10,high,high,RISK,4
1,1,0,0,Bonus,489,No,Rents,9,11,30,16,14,URGENT CARE CENTER,IN-NETWORK,CO-PAY IN $,30,0,50,75,30,3,10,high,high,RISK,4
1,2,0,2,Bonus,4623,Yes,Owns,7,19,27,16,14,URGENT CARE CENTER,IN-NETWORK,CO-PAY IN $,30,0,50,75,30,3,10,high,high,RISK,4
1,0,0,0,Salaried,153,Yes,Owns,5,15,31,16,14,URGENT CARE CENTER,IN-NETWORK,CO-PAY IN $,75,50,0,30,30,3,10,high,high,RISK,4
0,2,2,1,Salaried,3954,No,Owns,6,12,28,16,14,URGENT CARE CENTER,IN-NETWORK,CO-PAY IN $,30,75,50,0,30,3,10,high,high,RISK,4
0,1,0,0,Salaried,4742,No,Rents,5,16,31,16,14,URGENT CARE CENTER,IN-NETWORK,CO-PAY IN $,0,75,30,50,30,3,10,high,high,RISK,4
0,0,0,1,Hourly,3289,No,Rents,15,12,39,16,14,URGENT CARE CENTER,IN-NETWORK,CO-PAY IN $,30,50,75,0,30,3,10,high,high,RISK,4
0,0,1,1,Bonus,3409,Yes,Rents,13,14,30,16,14,URGENT CARE CENTER,IN-NETWORK,CO-PAY IN $,30,0,75,50,30,3,10,high,high,RISK,4
0,0,2,1,Bonus,3179,No,Rents,8,13,26,16,14,URGENT CARE CENTER,IN-NETWORK,CO-PAY IN $,75,30,0,50,30,3,10,high,high,RISK,4
0,0,0,1,Bonus,4271,No,Rents,9,16,37,16,14,URGENT CARE CENTER,IN-NETWORK,CO-PAY IN $,0,30,75,50,30,3,10,high,high,RISK,4
0,0,0,0,Hourly,4605,Yes,Rents,10,16,39,16,14,URGENT CARE CENTER,IN-NETWORK,CO-PAY IN $,75,50,0,30,30,3,10,high,high,RISK,4
0,2,2,2,Salaried,3042,Yes,Rents,6,14,30,16,14,URGENT CARE CENTER,IN-NETWORK,CO-PAY IN $,0,75,50,30,30,3,10,high,high,RISK,4
0,2,2,0,Hourly,170,No,Rents,16,14,34,16,14,URGENT CARE CENTER,IN-NETWORK,CO-PAY IN $,75,30,0,50,30,3,10,high,high,RISK,4
0,1,0,2,Salaried,2062,No,Rents,7,19,30,16,14,URGENT CARE CENTER,IN-NETWORK,CO-PAY IN $,0,30,50,75,30,3,10,high,high,RISK,4
1,1,2,2,Bonus,1962,No,Rents,5,17,35,16,14,URGENT CARE CENTER,IN-NETWORK,CO-PAY IN $,30,50,0,75,30,3,10,high,high,RISK,4
0,0,0,0,Bonus,1006,No,Owns,11,15,48,16,14,URGENT CARE CENTER,IN-NETWORK,CO-PAY IN $,0,50,30,75,30,3,10,high,high,RISK,4
0,2,1,2,Salaried,4555,No,Rents,8,12,35,16,14,URGENT CARE CENTER,IN-NETWORK,CO-PAY IN $,75,30,0,50,30,3,10,high,high,RISK,4
2,1,1,0,Bonus,458,No,Rents,10,18,32,16,14,URGENT CARE CENTER,IN-NETWORK,CO-PAY IN $,0,50,75,30,30,3,10,high,high,RISK,4
2,0,2,1,Hourly,1593,No,Owns,5,13,27,16,14,URGENT CARE CENTER,IN-NETWORK,CO-PAY IN $,75,0,30,50,30,3,10,high,high,RISK,4
0,2,0,1,Hourly,4519,Yes,Owns,11,20,28,16,14,URGENT CARE CENTER,IN-NETWORK,CO-PAY IN $,75,50,30,0,30,3,10,high,high,RISK,4
0,1,0,0,Bonus,2639,No,Rents,5,14,29,16,14,URGENT CARE CENTER,IN-NETWORK,CO-PAY IN $,50,30,0,75,30,3,10,high,high,RISK,4
0,0,2,1,Hourly,2563,Yes,Rents,15,13,50,16,14,URGENT CARE CENTER,IN-NETWORK,CO-PAY IN $,75,50,30,0,30,3,10,high,high,RISK,4
0,1,2,1,Bonus,2810,Yes,Owns,15,20,35,16,14,URGENT CARE CENTER,IN-NETWORK,CO-PAY IN $,30,50,0,75,30,3,10,high,high,RISK,4
1,1,0,1,Hourly,2954,Yes,Owns,18,17,32,16,14,URGENT CARE CENTER,IN-NETWORK,CO-PAY IN $,0,50,30,75,30,3,10,high,high,RISK,4
1,0,2,0,Hourly,2299,Yes,Owns,13,16,31,16,14,URGENT CARE CENTER,IN-NETWORK,CO-PAY IN $,30,50,0,75,30,3,10,high,high,RISK,4
0,0,1,2,Hourly,1155,No,Rents,6,20,34,16,14,URGENT CARE CENTER,IN-NETWORK,CO-PAY IN $,75,30,0,50,30,3,10,high,high,RISK,4
1,0,2,0,Bonus,1856,Yes,Rents,14,11,30,16,14,URGENT CARE CENTER,IN-NETWORK,CO-PAY IN $,0,30,50,75,30,3,10,high,high,RISK,4
2,1,1,0,Salaried,3352,Yes,Rents,6,19,27,16,14,URGENT CARE CENTER,IN-NETWORK,CO-PAY IN $,0,30,50,75,30,3,10,high,high,RISK,4
2,0,0,1,Hourly,3735,Yes,Owns,15,15,31,16,14,URGENT CARE CENTER,IN-NETWORK,CO-PAY IN $,75,30,0,50,30,3,10,high,high,RISK,4
2,1,0,2,Salaried,1125,Yes,Rents,6,12,28,16,14,URGENT CARE CENTER,IN-NETWORK,CO-PAY IN $,30,50,75,0,30,3,10,high,high,RISK,4
2,0,1,0,Bonus,4695,No,Owns,5,16,31,16,14,URGENT CARE CENTER,IN-NETWORK,CO-PAY IN $,50,75,30,0,30,3,10,high,high,RISK,4
1,1,1,1,Salaried,1210,No,Rents,17,12,39,16,14,URGENT CARE CENTER,IN-NETWORK,CO-PAY IN $,30,50,0,75,30,3,10,high,high,RISK,4
1,2,1,0,Bonus,3149,No,Owns,6,14,30,16,14,URGENT CARE CENTER,IN-NETWORK,CO-PAY IN $,0,75,30,50,30,3,10,high,high,RISK,4
1,1,1,1,Bonus,3757,No,Rents,6,13,26,16,14,URGENT CARE CENTER,IN-NETWORK,CO-PAY IN $,30,0,50,75,30,3,10,high,high,RISK,4
1,0,2,1,Salaried,4038,Yes,Rents,12,16,37,16,14,URGENT CARE CENTER,IN-NETWORK,CO-PAY IN $,50,75,30,0,30,3,10,high,high,RISK,4
0,0,0,2,Bonus,381,No,Owns,8,16,39,16,14,URGENT CARE CENTER,IN-NETWORK,CO-PAY IN $,0,75,30,50,30,3,10,high,high,RISK,4
0,0,1,1,Hourly,2879,Yes,Rents,16,14,30,16,14,URGENT CARE CENTER,IN-NETWORK,CO-PAY IN $,75,30,50,0,30,3,10,high,high,RISK,4
1,2,0,0,Hourly,2246,No,Owns,17,14,34,16,14,URGENT CARE CENTER,IN-NETWORK,CO-PAY IN $,30,0,50,75,30,3,10,high,high,RISK,4
0,2,1,0,Hourly,3337,No,Rents,7,19,30,16,14,URGENT CARE CENTER,IN-NETWORK,CO-PAY IN $,75,50,0,30,30,3,10,high,high,RISK,4
1,1,1,1,Hourly,874,No,Owns,17,17,35,16,14,URGENT CARE CENTER,IN-NETWORK,CO-PAY IN $,0,30,75,50,30,3,10,high,high,RISK,4
0,1,0,0,Hourly,4470,Yes,Owns,6,15,48,16,14,URGENT CARE CENTER,IN-NETWORK,CO-PAY IN $,30,0,50,75,30,3,10,high,high,RISK,4
2,0,1,1,Hourly,3252,Yes,Owns,10,12,35,16,14,URGENT CARE CENTER,IN-NETWORK,CO-PAY IN $,0,75,30,50,30,3,10,high,high,RISK,4
0,2,0,1,Hourly,176,Yes,Rents,9,18,32,16,14,URGENT CARE CENTER,IN-NETWORK,CO-PAY IN $,75,0,50,30,30,3,10,high,high,RISK,4
1,0,2,0,Hourly,3681,Yes,Owns,6,13,27,16,14,URGENT CARE CENTER,IN-NETWORK,CO-PAY IN $,50,75,0,30,30,3,10,high,high,RISK,4
1,2,1,2,Hourly,1019,Yes,Owns,15,20,28,16,14,URGENT CARE CENTER,IN-NETWORK,CO-PAY IN $,30,0,50,75,30,3,10,high,high,RISK,4
1,2,1,1,Bonus,4493,Yes,Owns,18,14,29,16,14,URGENT CARE CENTER,IN-NETWORK,CO-PAY IN $,75,0,30,50,30,3,10,high,high,RISK,4
1,2,2,0,Salaried,1012,Yes,Owns,15,13,50,16,14,URGENT CARE CENTER,IN-NETWORK,CO-PAY IN $,75,50,0,30,30,3,10,high,high,RISK,4
0,0,1,1,Bonus,1248,Yes,Rents,7,20,35,16,14,URGENT CARE CENTER,IN-NETWORK,CO-PAY IN $,75,50,0,30,30,3,10,high,high,RISK,4
0,0,1,0,Salaried,1214,No,Owns,6,17,32,16,14,URGENT CARE CENTER,IN-NETWORK,CO-PAY IN $,75,0,30,50,30,3,10,high,high,RISK,4
1,0,1,0,Salaried,2852,Yes,Rents,6,16,31,16,14,URGENT CARE CENTER,IN-NETWORK,CO-PAY IN $,0,50,30,75,30,3,10,high,high,RISK,4
1,0,0,0,Bonus,1440,Yes,Owns,10,20,34,16,14,URGENT CARE CENTER,IN-NETWORK,CO-PAY IN $,50,30,0,75,30,3,10,high,high,RISK,4
3,2,1,3,Salaried,4377,No,Rents,24,48,52,16,15,URGENT CARE CENTER,IN-NETWORK,CO-PAY IN $,30,50,75,0,0,4,20,high,high,RISK,4
1,1,2,1,Salaried,1919,No,Owns,25,33,56,16,15,URGENT CARE CENTER,IN-NETWORK,CO-PAY IN $,50,30,0,75,0,4,20,high,high,RISK,4
2,2,1,1,Salaried,4671,Yes,Rents,33,23,53,16,15,URGENT CARE CENTER,IN-NETWORK,CO-PAY IN $,0,50,75,30,0,4,20,high,high,RISK,4
3,2,1,1,Bonus,1139,No,Owns,29,38,56,16,15,URGENT CARE CENTER,IN-NETWORK,CO-PAY IN $,0,30,75,50,0,4,20,high,high,RISK,4
1,2,3,2,Bonus,3085,No,Rents,23,24,64,16,15,URGENT CARE CENTER,IN-NETWORK,CO-PAY IN $,30,0,75,50,0,4,20,high,high,RISK,4
1,2,3,1,Salaried,912,Yes,Rents,37,29,55,16,15,URGENT CARE CENTER,IN-NETWORK,CO-PAY IN $,50,0,30,75,0,4,20,high,high,RISK,4
2,1,3,2,Hourly,3561,Yes,Owns,28,26,51,16,15,URGENT CARE CENTER,IN-NETWORK,CO-PAY IN $,75,30,50,0,0,4,20,high,high,RISK,4
2,3,1,1,Hourly,4350,No,Rents,19,36,62,16,15,URGENT CARE CENTER,IN-NETWORK,CO-PAY IN $,0,30,50,75,0,4,20,high,high,RISK,4
3,3,2,3,Salaried,3664,No,Owns,18,38,64,16,15,URGENT CARE CENTER,IN-NETWORK,CO-PAY IN $,75,30,0,50,0,4,20,high,high,RISK,4
1,1,1,1,Bonus,1972,Yes,Owns,38,31,55,16,15,URGENT CARE CENTER,IN-NETWORK,CO-PAY IN $,30,0,50,75,0,4,20,high,high,RISK,4
1,1,3,3,Salaried,1235,Yes,Rents,32,31,59,16,15,URGENT CARE CENTER,IN-NETWORK,CO-PAY IN $,50,0,75,30,0,4,20,high,high,RISK,4
1,3,1,2,Bonus,2294,Yes,Owns,25,47,55,16,15,URGENT CARE CENTER,IN-NETWORK,CO-PAY IN $,75,50,30,0,0,4,20,high,high,RISK,4
1,2,3,1,Salaried,4592,Yes,Rents,37,41,60,16,15,URGENT CARE CENTER,IN-NETWORK,CO-PAY IN $,0,50,30,75,0,4,20,high,high,RISK,4
1,1,1,2,Hourly,2183,Yes,Owns,16,35,73,16,15,URGENT CARE CENTER,IN-NETWORK,CO-PAY IN $,50,0,75,30,0,4,20,high,high,RISK,4
2,2,3,2,Salaried,1622,Yes,Rents,21,24,60,16,15,URGENT CARE CENTER,IN-NETWORK,CO-PAY IN $,50,75,0,30,0,4,20,high,high,RISK,4
2,3,1,3,Salaried,4259,Yes,Rents,17,43,57,16,15,URGENT CARE CENTER,IN-NETWORK,CO-PAY IN $,30,75,50,0,0,4,20,high,high,RISK,4
3,2,2,3,Salaried,4138,No,Owns,37,25,52,16,15,URGENT CARE CENTER,IN-NETWORK,CO-PAY IN $,75,30,50,0,0,4,20,high,high,RISK,4
3,1,2,3,Bonus,2742,No,Owns,39,50,53,16,15,URGENT CARE CENTER,IN-NETWORK,CO-PAY IN $,30,0,75,50,0,4,20,high,high,RISK,4
1,1,1,3,Bonus,4027,Yes,Rents,21,31,54,16,15,URGENT CARE CENTER,IN-NETWORK,CO-PAY IN $,75,0,30,50,0,4,20,high,high,RISK,4
2,2,1,1,Bonus,3643,No,Rents,35,26,75,16,15,URGENT CARE CENTER,IN-NETWORK,CO-PAY IN $,30,50,0,75,0,4,20,high,high,RISK,4
2,1,3,1,Salaried,1855,No,Rents,39,49,60,16,15,URGENT CARE CENTER,IN-NETWORK,CO-PAY IN $,75,0,30,50,0,4,20,high,high,RISK,4
1,3,1,1,Bonus,4199,No,Owns,33,40,57,16,15,URGENT CARE CENTER,IN-NETWORK,CO-PAY IN $,75,0,30,50,0,4,20,high,high,RISK,4
1,3,2,1,Salaried,358,No,Rents,28,36,56,16,15,URGENT CARE CENTER,IN-NETWORK,CO-PAY IN $,50,30,75,0,0,4,20,high,high,RISK,4
2,2,2,1,Salaried,2175,No,Owns,35,49,59,16,15,URGENT CARE CENTER,IN-NETWORK,CO-PAY IN $,75,30,0,50,0,4,20,high,high,RISK,4
2,2,1,1,Bonus,2804,No,Owns,26,20,55,16,15,URGENT CARE CENTER,IN-NETWORK,CO-PAY IN $,0,75,30,50,0,4,20,high,high,RISK,4
3,3,3,2,Bonus,2793,Yes,Owns,39,48,52,16,15,URGENT CARE CENTER,IN-NETWORK,CO-PAY IN $,30,0,50,75,0,4,20,high,high,RISK,4
3,1,3,1,Salaried,1366,No,Owns,32,33,56,16,15,URGENT CARE CENTER,IN-NETWORK,CO-PAY IN $,75,30,50,0,0,4,20,high,high,RISK,4
1,2,2,3,Salaried,3990,No,Rents,30,23,53,16,15,URGENT CARE CENTER,IN-NETWORK,CO-PAY IN $,30,50,75,0,0,4,20,high,high,RISK,4
1,2,2,1,Salaried,1625,No,Owns,36,38,56,16,15,URGENT CARE CENTER,IN-NETWORK,CO-PAY IN $,75,0,50,30,0,4,20,high,high,RISK,4
2,3,1,1,Hourly,1178,No,Owns,15,24,64,16,15,URGENT CARE CENTER,IN-NETWORK,CO-PAY IN $,75,0,30,50,0,4,20,high,high,RISK,4
2,1,1,1,Hourly,2665,No,Rents,20,29,55,16,15,URGENT CARE CENTER,IN-NETWORK,CO-PAY IN $,30,50,0,75,0,4,20,high,high,RISK,4
2,3,3,1,Hourly,4144,No,Owns,23,26,51,16,15,URGENT CARE CENTER,IN-NETWORK,CO-PAY IN $,75,30,50,0,0,4,20,high,high,RISK,4
2,2,3,1,Hourly,2547,Yes,Owns,32,36,62,16,15,URGENT CARE CENTER,IN-NETWORK,CO-PAY IN $,75,0,50,30,0,4,20,high,high,RISK,4
2,1,2,1,Hourly,152,Yes,Owns,34,38,64,16,15,URGENT CARE CENTER,IN-NETWORK,CO-PAY IN $,50,75,30,0,0,4,20,high,high,RISK,4
1,1,1,1,Bonus,2909,Yes,Rents,23,31,55,16,15,URGENT CARE CENTER,IN-NETWORK,CO-PAY IN $,75,50,0,30,0,4,20,high,high,RISK,4
3,3,2,2,Bonus,2404,Yes,Owns,27,31,59,16,15,URGENT CARE CENTER,IN-NETWORK,CO-PAY IN $,75,30,0,50,0,4,20,high,high,RISK,4
3,1,2,3,Bonus,144,Yes,Owns,24,47,55,16,15,URGENT CARE CENTER,IN-NETWORK,CO-PAY IN $,0,75,50,30,0,4,20,high,high,RISK,4
3,1,2,1,Hourly,2250,No,Owns,26,41,60,16,15,URGENT CARE CENTER,IN-NETWORK,CO-PAY IN $,50,30,0,75,0,4,20,high,high,RISK,4
3,1,1,1,Hourly,4826,No,Owns,25,35,73,16,15,URGENT CARE CENTER,IN-NETWORK,CO-PAY IN $,75,0,30,50,0,4,20,high,high,RISK,4
2,2,1,1,Salaried,792,No,Owns,28,24,60,16,15,URGENT CARE CENTER,IN-NETWORK,CO-PAY IN $,0,50,75,30,0,4,20,high,high,RISK,4
1,3,1,2,Hourly,3429,No,Rents,34,43,57,16,15,URGENT CARE CENTER,IN-NETWORK,CO-PAY IN $,75,0,50,30,0,4,20,high,high,RISK,4
1,3,1,2,Hourly,1596,Yes,Owns,27,25,52,16,15,URGENT CARE CENTER,IN-NETWORK,CO-PAY IN $,75,50,0,30,0,4,20,high,high,RISK,4
2,3,3,1,Salaried,83,Yes,Owns,19,50,53,16,15,URGENT CARE CENTER,IN-NETWORK,CO-PAY IN $,30,0,75,50,0,4,20,high,high,RISK,4
2,3,1,3,Salaried,3601,No,Owns,17,31,54,16,15,URGENT CARE CENTER,IN-NETWORK,CO-PAY IN $,30,50,0,75,0,4,20,high,high,RISK,4
2,2,1,2,Bonus,861,No,Owns,34,26,75,16,15,URGENT CARE CENTER,IN-NETWORK,CO-PAY IN $,75,30,50,0,0,4,20,high,high,RISK,4
1,3,3,3,Salaried,2240,Yes,Rents,35,49,60,16,15,URGENT CARE CENTER,IN-NETWORK,CO-PAY IN $,50,75,30,0,0,4,20,high,high,RISK,4
1,1,1,1,Hourly,2384,No,Rents,17,40,57,16,15,URGENT CARE CENTER,IN-NETWORK,CO-PAY IN $,30,0,75,50,0,4,20,high,high,RISK,4
1,1,1,1,Bonus,2363,Yes,Rents,29,36,56,16,15,URGENT CARE CENTER,IN-NETWORK,CO-PAY IN $,0,75,30,50,0,4,20,high,high,RISK,4
2,1,3,1,Salaried,4539,No,Owns,24,49,59,16,15,URGENT CARE CENTER,IN-NETWORK,CO-PAY IN $,0,30,50,75,0,4,20,high,high,RISK,4
2,1,1,1,Bonus,489,No,Rents,23,20,55,16,15,URGENT CARE CENTER,IN-NETWORK,CO-PAY IN $,30,0,75,50,0,4,20,high,high,RISK,4
2,3,1,3,Bonus,4623,Yes,Owns,19,48,52,16,15,URGENT CARE CENTER,IN-NETWORK,CO-PAY IN $,30,50,75,0,0,4,20,high,high,RISK,4
2,1,1,1,Salaried,153,Yes,Owns,15,33,56,16,15,URGENT CARE CENTER,IN-NETWORK,CO-PAY IN $,75,0,50,30,0,4,20,high,high,RISK,4
1,3,3,2,Salaried,3954,No,Owns,17,23,53,16,15,URGENT CARE CENTER,IN-NETWORK,CO-PAY IN $,30,75,0,50,0,4,20,high,high,RISK,4
1,2,1,1,Salaried,4742,No,Rents,15,38,56,16,15,URGENT CARE CENTER,IN-NETWORK,CO-PAY IN $,0,30,75,50,0,4,20,high,high,RISK,4
1,1,1,2,Hourly,3289,No,Rents,35,24,64,16,15,URGENT CARE CENTER,IN-NETWORK,CO-PAY IN $,30,75,0,50,0,4,20,high,high,RISK,4
1,1,2,2,Bonus,3409,Yes,Rents,30,29,55,16,15,URGENT CARE CENTER,IN-NETWORK,CO-PAY IN $,75,0,50,30,0,4,20,high,high,RISK,4
1,1,3,2,Bonus,3179,No,Rents,21,26,51,16,15,URGENT CARE CENTER,IN-NETWORK,CO-PAY IN $,50,0,30,75,0,4,20,high,high,RISK,4
1,1,1,2,Bonus,4271,No,Rents,22,36,62,16,15,URGENT CARE CENTER,IN-NETWORK,CO-PAY IN $,0,50,75,30,0,4,20,high,high,RISK,4
1,1,1,1,Hourly,4605,Yes,Rents,24,38,64,16,15,URGENT CARE CENTER,IN-NETWORK,CO-PAY IN $,30,75,0,50,0,4,20,high,high,RISK,4
1,3,3,3,Salaried,3042,Yes,Rents,16,31,55,16,15,URGENT CARE CENTER,IN-NETWORK,CO-PAY IN $,0,30,75,50,0,4,20,high,high,RISK,4
1,3,3,1,Hourly,170,No,Rents,37,31,59,16,15,URGENT CARE CENTER,IN-NETWORK,CO-PAY IN $,30,75,50,0,0,4,20,high,high,RISK,4
1,1,1,3,Salaried,2062,No,Rents,20,47,55,16,15,URGENT CARE CENTER,IN-NETWORK,CO-PAY IN $,0,50,75,30,0,4,20,high,high,RISK,4
2,2,3,3,Bonus,1962,No,Rents,15,41,60,16,15,URGENT CARE CENTER,IN-NETWORK,CO-PAY IN $,30,75,50,0,0,4,20,high,high,RISK,4
1,1,1,1,Bonus,1006,No,Owns,27,35,73,16,15,URGENT CARE CENTER,IN-NETWORK,CO-PAY IN $,0,30,75,50,0,4,20,high,high,RISK,4
1,3,2,3,Salaried,4555,No,Rents,20,24,60,16,15,URGENT CARE CENTER,IN-NETWORK,CO-PAY IN $,50,0,75,30,0,4,20,high,high,RISK,4
3,1,2,1,Bonus,458,No,Rents,25,43,57,16,15,URGENT CARE CENTER,IN-NETWORK,CO-PAY IN $,75,50,0,30,0,4,20,high,high,RISK,4
3,1,3,1,Hourly,1593,No,Owns,16,25,52,16,15,URGENT CARE CENTER,IN-NETWORK,CO-PAY IN $,30,75,0,50,0,4,20,high,high,RISK,4
1,3,1,2,Hourly,4519,Yes,Owns,26,50,53,16,15,URGENT CARE CENTER,IN-NETWORK,CO-PAY IN $,50,30,0,75,0,4,20,high,high,RISK,4
1,2,1,1,Bonus,2639,No,Rents,16,31,54,16,15,URGENT CARE CENTER,IN-NETWORK,CO-PAY IN $,50,75,30,0,0,4,20,high,high,RISK,4
1,1,3,1,Hourly,2563,Yes,Rents,35,26,75,16,15,URGENT CARE CENTER,IN-NETWORK,CO-PAY IN $,30,75,0,50,0,4,20,high,high,RISK,4
1,2,3,2,Bonus,2810,Yes,Owns,35,49,60,16,15,URGENT CARE CENTER,IN-NETWORK,CO-PAY IN $,75,30,50,0,0,4,20,high,high,RISK,4
2,2,1,2,Hourly,2954,Yes,Owns,39,40,57,16,15,URGENT CARE CENTER,IN-NETWORK,CO-PAY IN $,0,50,30,75,0,4,20,high,high,RISK,4
2,1,3,1,Hourly,2299,Yes,Owns,31,36,56,16,15,URGENT CARE CENTER,IN-NETWORK,CO-PAY IN $,0,75,30,50,0,4,20,high,high,RISK,4
1,1,2,3,Hourly,1155,No,Rents,16,49,59,16,15,URGENT CARE CENTER,IN-NETWORK,CO-PAY IN $,75,50,30,0,0,4,20,high,high,RISK,4
2,1,3,1,Bonus,1856,Yes,Rents,31,20,55,16,15,URGENT CARE CENTER,IN-NETWORK,CO-PAY IN $,50,30,75,0,0,4,20,high,high,RISK,4
3,2,2,1,Salaried,3352,Yes,Rents,18,48,52,16,15,URGENT CARE CENTER,IN-NETWORK,CO-PAY IN $,75,50,0,30,0,4,20,high,high,RISK,4
3,1,1,2,Hourly,3735,Yes,Owns,34,33,56,16,15,URGENT CARE CENTER,IN-NETWORK,CO-PAY IN $,0,30,50,75,0,4,20,high,high,RISK,4
3,2,1,3,Salaried,1125,Yes,Rents,18,23,53,16,15,URGENT CARE CENTER,IN-NETWORK,CO-PAY IN $,0,50,75,30,0,4,20,high,high,RISK,4
3,1,2,1,Bonus,4695,No,Owns,15,38,56,16,15,URGENT CARE CENTER,IN-NETWORK,CO-PAY IN $,0,30,50,75,0,4,20,high,high,RISK,4
2,2,2,2,Salaried,1210,No,Rents,38,24,64,16,15,URGENT CARE CENTER,IN-NETWORK,CO-PAY IN $,0,30,50,75,0,4,20,high,high,RISK,4
2,3,2,1,Bonus,3149,No,Owns,17,29,55,16,15,URGENT CARE CENTER,IN-NETWORK,CO-PAY IN $,30,0,75,50,0,4,20,high,high,RISK,4
2,2,2,2,Bonus,3757,No,Rents,18,26,51,16,15,URGENT CARE CENTER,IN-NETWORK,CO-PAY IN $,0,30,75,50,0,4,20,high,high,RISK,4
3,1,3,2,Salaried,4038,Yes,Rents,28,36,62,16,15,URGENT CARE CENTER,IN-NETWORK,CO-PAY IN $,30,75,0,50,0,4,20,high,high,RISK,4
1,1,1,3,Bonus,381,No,Owns,20,38,64,16,15,URGENT CARE CENTER,IN-NETWORK,CO-PAY IN $,0,50,30,75,0,4,20,high,high,RISK,4
1,1,1,2,Hourly,2879,Yes,Rents,37,31,55,16,15,URGENT CARE CENTER,IN-NETWORK,CO-PAY IN $,0,30,75,50,0,4,20,high,high,RISK,4
2,3,1,1,Hourly,2246,No,Owns,38,31,59,16,15,URGENT CARE CENTER,IN-NETWORK,CO-PAY IN $,0,50,75,30,0,4,20,high,high,RISK,4
1,3,2,1,Hourly,3337,No,Rents,18,47,55,16,15,URGENT CARE CENTER,IN-NETWORK,CO-PAY IN $,50,75,30,0,0,4,20,high,high,RISK,4
2,2,1,2,Hourly,874,No,Owns,38,41,60,16,15,URGENT CARE CENTER,IN-NETWORK,CO-PAY IN $,75,50,30,0,0,4,20,high,high,RISK,4
1,2,1,1,Hourly,4470,Yes,Owns,16,35,73,16,15,URGENT CARE CENTER,IN-NETWORK,CO-PAY IN $,30,75,50,0,0,4,20,high,high,RISK,4
3,1,3,1,Hourly,3252,Yes,Owns,24,24,60,16,15,URGENT CARE CENTER,IN-NETWORK,CO-PAY IN $,30,50,75,0,0,4,20,high,high,RISK,4
1,3,1,2,Hourly,176,Yes,Rents,23,43,57,16,15,URGENT CARE CENTER,IN-NETWORK,CO-PAY IN $,0,50,75,30,0,4,20,high,high,RISK,4
2,1,3,1,Hourly,3681,Yes,Owns,17,25,52,16,15,URGENT CARE CENTER,IN-NETWORK,CO-PAY IN $,0,75,50,30,0,4,20,high,high,RISK,4
1,3,2,3,Hourly,1019,Yes,Owns,35,50,53,16,15,URGENT CARE CENTER,IN-NETWORK,CO-PAY IN $,50,0,75,30,0,4,20,high,high,RISK,4
1,3,2,1,Bonus,4493,Yes,Owns,39,31,54,16,15,URGENT CARE CENTER,IN-NETWORK,CO-PAY IN $,75,0,30,50,0,4,20,high,high,RISK,4
1,3,3,1,Salaried,1012,Yes,Owns,34,26,75,16,15,URGENT CARE CENTER,IN-NETWORK,CO-PAY IN $,50,30,0,75,0,4,20,high,high,RISK,4
1,1,2,1,Bonus,1248,Yes,Rents,18,49,60,16,15,URGENT CARE CENTER,IN-NETWORK,CO-PAY IN $,0,75,30,50,0,4,20,high,high,RISK,4
1,1,2,1,Salaried,1214,No,Owns,17,40,57,16,15,URGENT CARE CENTER,IN-NETWORK,CO-PAY IN $,0,30,50,75,0,4,20,high,high,RISK,4
2,1,1,1,Salaried,2852,Yes,Rents,18,36,56,16,15,URGENT CARE CENTER,IN-NETWORK,CO-PAY IN $,50,0,30,75,0,4,20,high,high,RISK,4
2,1,1,1,Bonus,1440,Yes,Owns,24,49,59,16,15,URGENT CARE CENTER,IN-NETWORK,CO-PAY IN $,75,50,0,30,0,4,20,high,high,RISK,4
3,1,3,1,Bonus,2951,No,Owns,26,20,55,16,15,URGENT CARE CENTER,IN-NETWORK,CO-PAY IN $,50,30,75,0,0,4,20,high,high,RISK,4
4,3,2,4,Salaried,4377,No,Rents,46,73,76,16,16,URGENT CARE CENTER,IN-NETWORK,CO-PAY IN $,75,30,50,0,0,4,50,high,high,RISK,4
2,3,4,2,Salaried,1919,No,Owns,48,61,80,16,16,URGENT CARE CENTER,IN-NETWORK,CO-PAY IN $,50,30,75,0,0,4,50,high,high,RISK,4
4,4,3,2,Salaried,4671,Yes,Rents,57,53,77,16,16,URGENT CARE CENTER,IN-NETWORK,CO-PAY IN $,50,75,30,0,0,4,50,high,high,RISK,4
4,4,2,2,Bonus,1139,No,Owns,52,65,80,16,16,URGENT CARE CENTER,IN-NETWORK,CO-PAY IN $,0,50,30,75,0,4,50,high,high,RISK,4
3,4,4,3,Bonus,3085,No,Rents,45,54,88,16,16,URGENT CARE CENTER,IN-NETWORK,CO-PAY IN $,50,0,30,75,0,4,50,high,high,RISK,4
3,4,4,3,Salaried,912,Yes,Rents,61,58,79,16,16,URGENT CARE CENTER,IN-NETWORK,CO-PAY IN $,50,75,30,0,0,4,50,high,high,RISK,4
4,3,4,3,Hourly,3561,Yes,Owns,51,56,75,16,16,URGENT CARE CENTER,IN-NETWORK,CO-PAY IN $,0,50,30,75,0,4,50,high,high,RISK,4
4,4,2,2,Hourly,4350,No,Rents,40,64,87,16,16,URGENT CARE CENTER,IN-NETWORK,CO-PAY IN $,75,0,30,50,0,4,50,high,high,RISK,4
4,4,4,4,Salaried,3664,No,Owns,39,65,88,16,16,URGENT CARE CENTER,IN-NETWORK,CO-PAY IN $,0,75,30,50,0,4,50,high,high,RISK,4
2,3,3,3,Bonus,1972,Yes,Owns,62,60,80,16,16,URGENT CARE CENTER,IN-NETWORK,CO-PAY IN $,50,30,75,0,0,4,50,high,high,RISK,4
3,2,4,4,Salaried,1235,Yes,Rents,55,60,83,16,16,URGENT CARE CENTER,IN-NETWORK,CO-PAY IN $,0,50,75,30,0,4,50,high,high,RISK,4
2,4,3,3,Bonus,2294,Yes,Owns,47,72,79,16,16,URGENT CARE CENTER,IN-NETWORK,CO-PAY IN $,0,30,75,50,0,4,50,high,high,RISK,4
2,3,4,3,Salaried,4592,Yes,Rents,62,68,84,16,16,URGENT CARE CENTER,IN-NETWORK,CO-PAY IN $,75,50,30,0,0,4,50,high,high,RISK,4
3,3,3,4,Hourly,2183,Yes,Owns,37,63,98,16,16,URGENT CARE CENTER,IN-NETWORK,CO-PAY IN $,0,50,75,30,0,4,50,high,high,RISK,4
3,3,4,3,Salaried,1622,Yes,Rents,42,55,84,16,16,URGENT CARE CENTER,IN-NETWORK,CO-PAY IN $,30,50,75,0,0,4,50,high,high,RISK,4
3,4,3,4,Salaried,4259,Yes,Rents,37,70,81,16,16,URGENT CARE CENTER,IN-NETWORK,CO-PAY IN $,30,50,75,0,0,4,50,high,high,RISK,4
4,3,3,4,Salaried,4138,No,Owns,62,55,76,16,16,URGENT CARE CENTER,IN-NETWORK,CO-PAY IN $,75,50,30,0,0,4,50,high,high,RISK,4
4,3,4,4,Bonus,2742,No,Owns,64,75,77,16,16,URGENT CARE CENTER,IN-NETWORK,CO-PAY IN $,0,30,50,75,0,4,50,high,high,RISK,4
3,3,3,4,Bonus,4027,Yes,Rents,43,60,78,16,16,URGENT CARE CENTER,IN-NETWORK,CO-PAY IN $,75,30,0,50,0,4,50,high,high,RISK,4
4,4,2,2,Bonus,3643,No,Rents,59,56,100,16,16,URGENT CARE CENTER,IN-NETWORK,CO-PAY IN $,0,75,30,50,0,4,50,high,high,RISK,4
4,2,4,2,Salaried,1855,No,Rents,63,74,85,16,16,URGENT CARE CENTER,IN-NETWORK,CO-PAY IN $,30,0,50,75,0,4,50,high,high,RISK,4
3,4,2,3,Bonus,4199,No,Owns,57,67,81,16,16,URGENT CARE CENTER,IN-NETWORK,CO-PAY IN $,75,30,0,50,0,4,50,high,high,RISK,4
3,4,3,2,Salaried,358,No,Rents,50,64,80,16,16,URGENT CARE CENTER,IN-NETWORK,CO-PAY IN $,0,75,30,50,0,4,50,high,high,RISK,4
4,3,4,3,Salaried,2175,No,Owns,59,75,83,16,16,URGENT CARE CENTER,IN-NETWORK,CO-PAY IN $,50,30,75,0,0,4,50,high,high,RISK,4
4,4,2,2,Bonus,2804,No,Owns,48,51,79,16,16,URGENT CARE CENTER,IN-NETWORK,CO-PAY IN $,75,30,0,50,0,4,50,high,high,RISK,4
4,4,4,4,Bonus,2793,Yes,Owns,63,73,76,16,16,URGENT CARE CENTER,IN-NETWORK,CO-PAY IN $,75,0,30,50,0,4,50,high,high,RISK,4
4,3,4,2,Salaried,1366,No,Owns,56,61,80,16,16,URGENT CARE CENTER,IN-NETWORK,CO-PAY IN $,75,0,50,30,0,4,50,high,high,RISK,4
2,4,4,4,Salaried,3990,No,Rents,53,53,77,16,16,URGENT CARE CENTER,IN-NETWORK,CO-PAY IN $,30,0,75,50,0,4,50,high,high,RISK,4
2,4,3,3,Salaried,1625,No,Owns,60,65,80,16,16,URGENT CARE CENTER,IN-NETWORK,CO-PAY IN $,0,50,30,75,0,4,50,high,high,RISK,4
4,4,3,3,Hourly,1178,No,Owns,35,54,88,16,16,URGENT CARE CENTER,IN-NETWORK,CO-PAY IN $,30,50,0,75,0,4,50,high,high,RISK,4
3,3,2,2,Hourly,2665,No,Rents,41,58,79,16,16,URGENT CARE CENTER,IN-NETWORK,CO-PAY IN $,0,50,30,75,0,4,50,high,high,RISK,4
4,4,4,2,Hourly,4144,No,Owns,44,56,75,16,16,URGENT CARE CENTER,IN-NETWORK,CO-PAY IN $,75,50,30,0,0,4,50,high,high,RISK,4
3,3,4,3,Hourly,2547,Yes,Owns,55,64,87,16,16,URGENT CARE CENTER,IN-NETWORK,CO-PAY IN $,50,0,75,30,0,4,50,high,high,RISK,4
4,3,4,2,Hourly,152,Yes,Owns,58,65,88,16,16,URGENT CARE CENTER,IN-NETWORK,CO-PAY IN $,30,50,0,75,0,4,50,high,high,RISK,4
3,2,2,3,Bonus,2909,Yes,Rents,45,60,80,16,16,URGENT CARE CENTER,IN-NETWORK,CO-PAY IN $,0,30,75,50,0,4,50,high,high,RISK,4
4,4,3,3,Bonus,2404,Yes,Owns,49,60,83,16,16,URGENT CARE CENTER,IN-NETWORK,CO-PAY IN $,75,30,50,0,0,4,50,high,high,RISK,4
4,2,4,4,Bonus,144,Yes,Owns,46,72,79,16,16,URGENT CARE CENTER,IN-NETWORK,CO-PAY IN $,0,50,30,75,0,4,50,high,high,RISK,4
4,2,4,2,Hourly,2250,No,Owns,48,68,84,16,16,URGENT CARE CENTER,IN-NETWORK,CO-PAY IN $,30,75,50,0,0,4,50,high,high,RISK,4
4,3,3,3,Hourly,4826,No,Owns,47,63,98,16,16,URGENT CARE CENTER,IN-NETWORK,CO-PAY IN $,0,75,30,50,0,4,50,high,high,RISK,4
4,4,2,3,Salaried,792,No,Owns,50,55,84,16,16,URGENT CARE CENTER,IN-NETWORK,CO-PAY IN $,50,30,75,0,0,4,50,high,high,RISK,4
2,4,2,3,Hourly,3429,No,Rents,58,70,81,16,16,URGENT CARE CENTER,IN-NETWORK,CO-PAY IN $,0,75,30,50,0,4,50,high,high,RISK,4
3,4,3,4,Hourly,1596,Yes,Owns,50,55,76,16,16,URGENT CARE CENTER,IN-NETWORK,CO-PAY IN $,75,0,50,30,0,4,50,high,high,RISK,4
4,4,4,3,Salaried,83,Yes,Owns,40,75,77,16,16,URGENT CARE CENTER,IN-NETWORK,CO-PAY IN $,30,75,0,50,0,4,50,high,high,RISK,4
4,4,3,4,Salaried,3601,No,Owns,38,60,78,16,16,URGENT CARE CENTER,IN-NETWORK,CO-PAY IN $,0,50,75,30,0,4,50,high,high,RISK,4
3,4,2,4,Bonus,861,No,Owns,58,56,100,16,16,URGENT CARE CENTER,IN-NETWORK,CO-PAY IN $,75,30,50,0,0,4,50,high,high,RISK,4
2,4,4,4,Salaried,2240,Yes,Rents,59,74,85,16,16,URGENT CARE CENTER,IN-NETWORK,CO-PAY IN $,30,50,75,0,0,4,50,high,high,RISK,4
3,3,2,2,Hourly,2384,No,Rents,37,67,81,16,16,URGENT CARE CENTER,IN-NETWORK,CO-PAY IN $,30,50,0,75,0,4,50,high,high,RISK,4
2,2,3,3,Bonus,2363,Yes,Rents,52,64,80,16,16,URGENT CARE CENTER,IN-NETWORK,CO-PAY IN $,30,75,0,50,0,4,50,high,high,RISK,4
3,3,4,2,Salaried,4539,No,Owns,45,75,83,16,16,URGENT CARE CENTER,IN-NETWORK,CO-PAY IN $,0,50,75,30,0,4,50,high,high,RISK,4
3,3,2,2,Bonus,489,No,Rents,45,51,79,16,16,URGENT CARE CENTER,IN-NETWORK,CO-PAY IN $,75,50,30,0,0,4,50,high,high,RISK,4
4,4,2,4,Bonus,4623,Yes,Owns,40,73,76,16,16,URGENT CARE CENTER,IN-NETWORK,CO-PAY IN $,0,50,30,75,0,4,50,high,high,RISK,4
3,3,3,2,Salaried,153,Yes,Owns,36,61,80,16,16,URGENT CARE CENTER,IN-NETWORK,CO-PAY IN $,75,50,30,0,0,4,50,high,high,RISK,4
3,4,4,4,Salaried,3954,No,Owns,38,53,77,16,16,URGENT CARE CENTER,IN-NETWORK,CO-PAY IN $,0,30,75,50,0,4,50,high,high,RISK,4
3,3,2,3,Salaried,4742,No,Rents,35,65,80,16,16,URGENT CARE CENTER,IN-NETWORK,CO-PAY IN $,75,30,0,50,0,4,50,high,high,RISK,4
2,2,2,3,Hourly,3289,No,Rents,59,54,88,16,16,URGENT CARE CENTER,IN-NETWORK,CO-PAY IN $,50,0,75,30,0,4,50,high,high,RISK,4
2,2,3,3,Bonus,3409,Yes,Rents,54,58,79,16,16,URGENT CARE CENTER,IN-NETWORK,CO-PAY IN $,75,50,30,0,0,4,50,high,high,RISK,4
3,3,4,3,Bonus,3179,No,Rents,42,56,75,16,16,URGENT CARE CENTER,IN-NETWORK,CO-PAY IN $,75,30,50,0,0,4,50,high,high,RISK,4
3,3,2,4,Bonus,4271,No,Rents,43,64,87,16,16,URGENT CARE CENTER,IN-NETWORK,CO-PAY IN $,30,0,50,75,0,4,50,high,high,RISK,4
3,3,3,2,Hourly,4605,Yes,Rents,46,65,88,16,16,URGENT CARE CENTER,IN-NETWORK,CO-PAY IN $,30,0,75,50,0,4,50,high,high,RISK,4
2,4,4,4,Salaried,3042,Yes,Rents,37,60,80,16,16,URGENT CARE CENTER,IN-NETWORK,CO-PAY IN $,75,30,50,0,0,4,50,high,high,RISK,4
2,4,4,3,Hourly,170,No,Rents,61,60,83,16,16,URGENT CARE CENTER,IN-NETWORK,CO-PAY IN $,75,0,30,50,0,4,50,high,high,RISK,4
2,3,3,4,Salaried,2062,No,Rents,40,72,79,16,16,URGENT CARE CENTER,IN-NETWORK,CO-PAY IN $,75,0,30,50,0,4,50,high,high,RISK,4
4,4,4,4,Bonus,1962,No,Rents,35,68,84,16,16,URGENT CARE CENTER,IN-NETWORK,CO-PAY IN $,50,75,30,0,0,4,50,high,high,RISK,4
2,2,3,2,Bonus,1006,No,Owns,50,63,98,16,16,URGENT CARE CENTER,IN-NETWORK,CO-PAY IN $,50,0,75,30,0,4,50,high,high,RISK,4
2,4,3,4,Salaried,4555,No,Rents,42,55,84,16,16,URGENT CARE CENTER,IN-NETWORK,CO-PAY IN $,50,30,0,75,0,4,50,high,high,RISK,4
4,3,4,3,Bonus,458,No,Rents,46,70,81,16,16,URGENT CARE CENTER,IN-NETWORK,CO-PAY IN $,0,30,75,50,0,4,50,high,high,RISK,4
4,3,4,3,Hourly,1593,No,Owns,36,55,76,16,16,URGENT CARE CENTER,IN-NETWORK,CO-PAY IN $,30,50,75,0,0,4,50,high,high,RISK,4
3,4,2,3,Hourly,4519,Yes,Owns,48,75,77,16,16,URGENT CARE CENTER,IN-NETWORK,CO-PAY IN $,30,0,50,75,0,4,50,high,high,RISK,4
2,4,3,3,Bonus,2639,No,Rents,36,60,78,16,16,URGENT CARE CENTER,IN-NETWORK,CO-PAY IN $,75,30,0,50,0,4,50,high,high,RISK,4
2,3,4,3,Hourly,2563,Yes,Rents,59,56,100,16,16,URGENT CARE CENTER,IN-NETWORK,CO-PAY IN $,50,0,30,75,0,4,50,high,high,RISK,4
3,4,4,4,Bonus,2810,Yes,Owns,58,74,85,16,16,URGENT CARE CENTER,IN-NETWORK,CO-PAY IN $,0,30,50,75,0,4,50,high,high,RISK,4
3,4,3,4,Hourly,2954,Yes,Owns,64,67,81,16,16,URGENT CARE CENTER,IN-NETWORK,CO-PAY IN $,50,0,75,30,0,4,50,high,high,RISK,4
3,2,4,3,Hourly,2299,Yes,Owns,54,64,80,16,16,URGENT CARE CENTER,IN-NETWORK,CO-PAY IN $,75,30,0,50,0,4,50,high,high,RISK,4
2,3,4,4,Hourly,1155,No,Rents,37,75,83,16,16,URGENT CARE CENTER,IN-NETWORK,CO-PAY IN $,75,0,50,30,0,4,50,high,high,RISK,4
4,2,4,3,Bonus,1856,Yes,Rents,55,51,79,16,16,URGENT CARE CENTER,IN-NETWORK,CO-PAY IN $,50,30,0,75,0,4,50,high,high,RISK,4
4,4,3,3,Salaried,3352,Yes,Rents,38,73,76,16,16,URGENT CARE CENTER,IN-NETWORK,CO-PAY IN $,50,75,30,0,0,4,50,high,high,RISK,4
4,3,2,3,Hourly,3735,Yes,Owns,58,61,80,16,16,URGENT CARE CENTER,IN-NETWORK,CO-PAY IN $,30,50,0,75,0,4,50,high,high,RISK,4
4,3,3,4,Salaried,1125,Yes,Rents,38,53,77,16,16,URGENT CARE CENTER,IN-NETWORK,CO-PAY IN $,75,0,30,50,0,4,50,high,high,RISK,4
4,2,4,2,Bonus,4695,No,Owns,35,65,80,16,16,URGENT CARE CENTER,IN-NETWORK,CO-PAY IN $,50,30,0,75,0,4,50,high,high,RISK,4
3,3,3,4,Salaried,1210,No,Rents,62,54,88,16,16,URGENT CARE CENTER,IN-NETWORK,CO-PAY IN $,30,50,0,75,0,4,50,high,high,RISK,4
4,4,4,2,Bonus,3149,No,Owns,37,58,79,16,16,URGENT CARE CENTER,IN-NETWORK,CO-PAY IN $,50,75,0,30,0,4,50,high,high,RISK,4
4,3,4,4,Bonus,3757,No,Rents,38,56,75,16,16,URGENT CARE CENTER,IN-NETWORK,CO-PAY IN $,75,0,50,30,0,4,50,high,high,RISK,4
4,3,4,4,Salaried,4038,Yes,Rents,51,64,87,16,16,URGENT CARE CENTER,IN-NETWORK,CO-PAY IN $,30,0,50,75,0,4,50,high,high,RISK,4
2,3,3,4,Bonus,381,No,Owns,41,65,88,16,16,URGENT CARE CENTER,IN-NETWORK,CO-PAY IN $,30,0,75,50,0,4,50,high,high,RISK,4
3,3,3,3,Hourly,2879,Yes,Rents,61,60,80,16,16,URGENT CARE CENTER,IN-NETWORK,CO-PAY IN $,30,75,50,0,0,4,50,high,high,RISK,4
4,4,3,2,Hourly,2246,No,Owns,62,60,83,16,16,URGENT CARE CENTER,IN-NETWORK,CO-PAY IN $,50,75,0,30,0,4,50,high,high,RISK,4
2,4,3,2,Hourly,3337,No,Rents,39,72,79,16,16,URGENT CARE CENTER,IN-NETWORK,CO-PAY IN $,0,75,30,50,0,4,50,high,high,RISK,4
4,3,3,4,Hourly,874,No,Owns,63,68,84,16,16,URGENT CARE CENTER,IN-NETWORK,CO-PAY IN $,30,75,0,50,0,4,50,high,high,RISK,4
3,4,2,3,Hourly,4470,Yes,Owns,36,63,98,16,16,URGENT CARE CENTER,IN-NETWORK,CO-PAY IN $,30,75,0,50,0,4,50,high,high,RISK,4
4,3,4,3,Hourly,3252,Yes,Owns,46,55,84,16,16,URGENT CARE CENTER,IN-NETWORK,CO-PAY IN $,30,0,75,50,0,4,50,high,high,RISK,4
3,4,2,3,Hourly,176,Yes,Rents,45,70,81,16,16,URGENT CARE CENTER,IN-NETWORK,CO-PAY IN $,0,30,50,75,0,4,50,high,high,RISK,4
4,3,4,2,Hourly,3681,Yes,Owns,38,55,76,16,16,URGENT CARE CENTER,IN-NETWORK,CO-PAY IN $,0,75,50,30,0,4,50,high,high,RISK,4
3,4,4,4,Hourly,1019,Yes,Owns,59,75,77,16,16,URGENT CARE CENTER,IN-NETWORK,CO-PAY IN $,30,50,0,75,0,4,50,high,high,RISK,4
3,4,4,3,Bonus,4493,Yes,Owns,64,60,78,16,16,URGENT CARE CENTER,IN-NETWORK,CO-PAY IN $,30,75,0,50,0,4,50,high,high,RISK,4
3,4,4,2,Salaried,1012,Yes,Owns,58,56,100,16,16,URGENT CARE CENTER,IN-NETWORK,CO-PAY IN $,50,75,0,30,0,4,50,high,high,RISK,4
2,2,4,3,Bonus,1248,Yes,Rents,39,74,85,16,16,URGENT CARE CENTER,IN-NETWORK,CO-PAY IN $,50,0,75,30,0,4,50,high,high,RISK,4
2,3,3,3,Salaried,1214,No,Owns,37,67,81,16,16,URGENT CARE CENTER,IN-NETWORK,CO-PAY IN $,30,75,0,50,0,4,50,high,high,RISK,4
4,3,3,2,Salaried,2852,Yes,Rents,38,64,80,16,16,URGENT CARE CENTER,IN-NETWORK,CO-PAY IN $,0,50,75,30,0,4,50,high,high,RISK,4
3,3,2,2,Bonus,1440,Yes,Owns,46,75,83,16,16,URGENT CARE CENTER,IN-NETWORK,CO-PAY IN $,0,50,30,75,0,4,50,high,high,RISK,4
4,2,4,3,Bonus,2951,No,Owns,48,51,79,16,16,URGENT CARE CENTER,IN-NETWORK,CO-PAY IN $,0,50,30,75,0,4,50,high,high,RISK,4
1,0,0,1,Salaried,4377,No,Rents,4,9,1,17,1,URGENT CARE CENTER,OUT-OF-NETWORK,PERCENT PLAN PAYS,50,100,80,70,50,1,5,low,low,RISK,1
0,0,1,0,Salaried,1919,No,Owns,4,4,5,17,1,URGENT CARE CENTER,OUT-OF-NETWORK,PERCENT PLAN PAYS,100,70,50,80,50,1,5,low,low,RISK,1
0,0,0,0,Salaried,4671,Yes,Rents,7,1,2,17,1,URGENT CARE CENTER,OUT-OF-NETWORK,PERCENT PLAN PAYS,70,50,80,100,50,1,5,low,low,RISK,1
1,1,0,0,Bonus,1139,No,Owns,6,6,5,17,1,URGENT CARE CENTER,OUT-OF-NETWORK,PERCENT PLAN PAYS,80,70,50,100,50,1,5,low,low,RISK,1
0,1,1,0,Bonus,3085,No,Rents,3,1,13,17,1,URGENT CARE CENTER,OUT-OF-NETWORK,PERCENT PLAN PAYS,70,80,100,50,50,1,5,low,low,RISK,1
0,1,1,0,Salaried,912,Yes,Rents,9,3,4,17,1,URGENT CARE CENTER,OUT-OF-NETWORK,PERCENT PLAN PAYS,100,80,50,70,50,1,5,low,low,RISK,1
1,0,1,0,Hourly,3561,Yes,Owns,5,2,0,17,1,URGENT CARE CENTER,OUT-OF-NETWORK,PERCENT PLAN PAYS,70,50,80,100,50,1,5,low,low,RISK,1
1,1,0,0,Hourly,4350,No,Rents,2,5,12,17,1,URGENT CARE CENTER,OUT-OF-NETWORK,PERCENT PLAN PAYS,70,80,50,100,50,1,5,low,low,RISK,1
1,1,0,1,Salaried,3664,No,Owns,1,6,13,17,1,URGENT CARE CENTER,OUT-OF-NETWORK,PERCENT PLAN PAYS,50,100,70,80,50,1,5,low,low,RISK,1
0,0,0,0,Bonus,1972,Yes,Owns,9,4,5,17,1,URGENT CARE CENTER,OUT-OF-NETWORK,PERCENT PLAN PAYS,80,100,50,70,50,1,5,low,low,RISK,1
0,0,1,1,Salaried,1235,Yes,Rents,7,4,8,17,1,URGENT CARE CENTER,OUT-OF-NETWORK,PERCENT PLAN PAYS,70,50,100,80,50,1,5,low,low,RISK,1
0,1,0,0,Bonus,2294,Yes,Owns,4,9,4,17,1,URGENT CARE CENTER,OUT-OF-NETWORK,PERCENT PLAN PAYS,80,100,70,50,50,1,5,low,low,RISK,1
0,0,1,0,Salaried,4592,Yes,Rents,9,7,9,17,1,URGENT CARE CENTER,OUT-OF-NETWORK,PERCENT PLAN PAYS,100,80,70,50,50,1,5,low,low,RISK,1
0,0,0,1,Hourly,2183,Yes,Owns,1,5,23,17,1,URGENT CARE CENTER,OUT-OF-NETWORK,PERCENT PLAN PAYS,100,80,50,70,50,1,5,low,low,RISK,1
0,0,1,0,Salaried,1622,Yes,Rents,2,1,9,17,1,URGENT CARE CENTER,OUT-OF-NETWORK,PERCENT PLAN PAYS,100,80,70,50,50,1,5,low,low,RISK,1
0,1,0,1,Salaried,4259,Yes,Rents,1,8,6,17,1,URGENT CARE CENTER,OUT-OF-NETWORK,PERCENT PLAN PAYS,70,50,100,80,50,1,5,low,low,RISK,1
1,0,0,1,Salaried,4138,No,Owns,9,2,1,17,1,URGENT CARE CENTER,OUT-OF-NETWORK,PERCENT PLAN PAYS,70,100,80,50,50,1,5,low,low,RISK,1
1,0,0,1,Bonus,2742,No,Owns,10,10,2,17,1,URGENT CARE CENTER,OUT-OF-NETWORK,PERCENT PLAN PAYS,80,70,50,100,50,1,5,low,low,RISK,1
0,0,0,1,Bonus,4027,Yes,Rents,3,4,3,17,1,URGENT CARE CENTER,OUT-OF-NETWORK,PERCENT PLAN PAYS,100,50,80,70,50,1,5,low,low,RISK,1
1,0,0,0,Bonus,3643,No,Rents,8,2,25,17,1,URGENT CARE CENTER,OUT-OF-NETWORK,PERCENT PLAN PAYS,50,100,70,80,50,1,5,low,low,RISK,1
1,0,1,0,Salaried,1855,No,Rents,9,10,10,17,1,URGENT CARE CENTER,OUT-OF-NETWORK,PERCENT PLAN PAYS,50,100,70,80,50,1,5,low,low,RISK,1
0,1,0,0,Bonus,4199,No,Owns,7,7,6,17,1,URGENT CARE CENTER,OUT-OF-NETWORK,PERCENT PLAN PAYS,70,50,100,80,50,1,5,low,low,RISK,1
0,1,0,0,Salaried,358,No,Rents,5,5,5,17,1,URGENT CARE CENTER,OUT-OF-NETWORK,PERCENT PLAN PAYS,70,100,80,50,50,1,5,low,low,RISK,1
0,0,1,0,Salaried,2175,No,Owns,8,10,8,17,1,URGENT CARE CENTER,OUT-OF-NETWORK,PERCENT PLAN PAYS,80,50,70,100,50,1,5,low,low,RISK,1
0,1,0,0,Bonus,2804,No,Owns,4,0,4,17,1,URGENT CARE CENTER,OUT-OF-NETWORK,PERCENT PLAN PAYS,80,70,50,100,50,1,5,low,low,RISK,1
1,1,1,0,Bonus,2793,Yes,Owns,9,9,1,17,1,URGENT CARE CENTER,OUT-OF-NETWORK,PERCENT PLAN PAYS,70,80,50,100,50,1,5,low,low,RISK,1
1,0,1,0,Salaried,1366,No,Owns,7,4,5,17,1,URGENT CARE CENTER,OUT-OF-NETWORK,PERCENT PLAN PAYS,50,70,100,80,50,1,5,low,low,RISK,1
0,1,1,1,Salaried,3990,No,Rents,6,1,2,17,1,URGENT CARE CENTER,OUT-OF-NETWORK,PERCENT PLAN PAYS,100,80,50,70,50,1,5,low,low,RISK,1
0,0,0,0,Salaried,1625,No,Owns,8,6,5,17,1,URGENT CARE CENTER,OUT-OF-NETWORK,PERCENT PLAN PAYS,80,70,50,100,50,1,5,low,low,RISK,1
1,1,0,0,Hourly,1178,No,Owns,0,1,13,17,1,URGENT CARE CENTER,OUT-OF-NETWORK,PERCENT PLAN PAYS,70,50,80,100,50,1,5,low,low,RISK,1
0,0,0,0,Hourly,2665,No,Rents,2,3,4,17,1,URGENT CARE CENTER,OUT-OF-NETWORK,PERCENT PLAN PAYS,50,80,70,100,50,1,5,low,low,RISK,1
1,1,1,0,Hourly,4144,No,Owns,3,2,0,17,1,URGENT CARE CENTER,OUT-OF-NETWORK,PERCENT PLAN PAYS,100,50,80,70,50,1,5,low,low,RISK,1
0,0,1,0,Hourly,2547,Yes,Owns,7,5,12,17,1,URGENT CARE CENTER,OUT-OF-NETWORK,PERCENT PLAN PAYS,50,70,80,100,50,1,5,low,low,RISK,1
1,0,1,0,Hourly,152,Yes,Owns,8,6,13,17,1,URGENT CARE CENTER,OUT-OF-NETWORK,PERCENT PLAN PAYS,70,100,50,80,50,1,5,low,low,RISK,1
0,0,0,0,Bonus,2909,Yes,Rents,3,4,5,17,1,URGENT CARE CENTER,OUT-OF-NETWORK,PERCENT PLAN PAYS,100,50,70,80,50,1,5,low,low,RISK,1
1,1,0,0,Bonus,2404,Yes,Owns,5,4,8,17,1,URGENT CARE CENTER,OUT-OF-NETWORK,PERCENT PLAN PAYS,50,70,80,100,50,1,5,low,low,RISK,1
1,0,1,1,Bonus,144,Yes,Owns,4,9,4,17,1,URGENT CARE CENTER,OUT-OF-NETWORK,PERCENT PLAN PAYS,70,50,80,100,50,1,5,low,low,RISK,1
1,0,1,0,Hourly,2250,No,Owns,4,7,9,17,1,URGENT CARE CENTER,OUT-OF-NETWORK,PERCENT PLAN PAYS,100,70,80,50,50,1,5,low,low,RISK,1
1,0,0,0,Hourly,4826,No,Owns,4,5,23,17,1,URGENT CARE CENTER,OUT-OF-NETWORK,PERCENT PLAN PAYS,100,50,70,80,50,1,5,low,low,RISK,1
1,1,0,0,Salaried,792,No,Owns,5,1,9,17,1,URGENT CARE CENTER,OUT-OF-NETWORK,PERCENT PLAN PAYS,70,50,100,80,50,1,5,low,low,RISK,1
0,1,0,0,Hourly,3429,No,Rents,8,8,6,17,1,URGENT CARE CENTER,OUT-OF-NETWORK,PERCENT PLAN PAYS,80,70,100,50,50,1,5,low,low,RISK,1
0,1,0,0,Hourly,1596,Yes,Owns,5,2,1,17,1,URGENT CARE CENTER,OUT-OF-NETWORK,PERCENT PLAN PAYS,80,100,70,50,50,1,5,low,low,RISK,1
1,1,1,0,Salaried,83,Yes,Owns,2,10,2,17,1,URGENT CARE CENTER,OUT-OF-NETWORK,PERCENT PLAN PAYS,70,100,50,80,50,1,5,low,low,RISK,1
1,1,0,1,Salaried,3601,No,Owns,1,4,3,17,1,URGENT CARE CENTER,OUT-OF-NETWORK,PERCENT PLAN PAYS,80,100,70,50,50,1,5,low,low,RISK,1
0,0,0,1,Bonus,861,No,Owns,8,2,25,17,1,URGENT CARE CENTER,OUT-OF-NETWORK,PERCENT PLAN PAYS,80,100,50,70,50,1,5,low,low,RISK,1
0,1,1,1,Salaried,2240,Yes,Rents,8,10,10,17,1,URGENT CARE CENTER,OUT-OF-NETWORK,PERCENT PLAN PAYS,70,80,50,100,50,1,5,low,low,RISK,1
0,0,0,0,Hourly,2384,No,Rents,1,7,6,17,1,URGENT CARE CENTER,OUT-OF-NETWORK,PERCENT PLAN PAYS,70,100,80,50,50,1,5,low,low,RISK,1
0,0,0,0,Bonus,2363,Yes,Rents,6,5,5,17,1,URGENT CARE CENTER,OUT-OF-NETWORK,PERCENT PLAN PAYS,70,100,80,50,50,1,5,low,low,RISK,1
0,0,1,0,Salaried,4539,No,Owns,3,10,8,17,1,URGENT CARE CENTER,OUT-OF-NETWORK,PERCENT PLAN PAYS,70,50,100,80,50,1,5,low,low,RISK,1
0,0,0,0,Bonus,489,No,Rents,3,0,4,17,1,URGENT CARE CENTER,OUT-OF-NETWORK,PERCENT PLAN PAYS,50,70,80,100,50,1,5,low,low,RISK,1
0,1,0,1,Bonus,4623,Yes,Owns,2,9,1,17,1,URGENT CARE CENTER,OUT-OF-NETWORK,PERCENT PLAN PAYS,80,50,100,70,50,1,5,low,low,RISK,1
0,0,0,0,Salaried,153,Yes,Owns,0,4,5,17,1,URGENT CARE CENTER,OUT-OF-NETWORK,PERCENT PLAN PAYS,70,80,50,100,50,1,5,low,low,RISK,1
0,1,1,0,Salaried,3954,No,Owns,1,1,2,17,1,URGENT CARE CENTER,OUT-OF-NETWORK,PERCENT PLAN PAYS,100,50,80,70,50,1,5,low,low,RISK,1
0,0,0,0,Salaried,4742,No,Rents,0,6,5,17,1,URGENT CARE CENTER,OUT-OF-NETWORK,PERCENT PLAN PAYS,80,100,70,50,50,1,5,low,low,RISK,1
0,0,0,0,Hourly,3289,No,Rents,8,1,13,17,1,URGENT CARE CENTER,OUT-OF-NETWORK,PERCENT PLAN PAYS,80,50,70,100,50,1,5,low,low,RISK,1
0,0,0,0,Bonus,3409,Yes,Rents,6,3,4,17,1,URGENT CARE CENTER,OUT-OF-NETWORK,PERCENT PLAN PAYS,50,80,100,70,50,1,5,low,low,RISK,1
0,0,1,0,Bonus,3179,No,Rents,2,2,0,17,1,URGENT CARE CENTER,OUT-OF-NETWORK,PERCENT PLAN PAYS,50,100,80,70,50,1,5,low,low,RISK,1
0,0,0,0,Bonus,4271,No,Rents,3,5,12,17,1,URGENT CARE CENTER,OUT-OF-NETWORK,PERCENT PLAN PAYS,80,70,100,50,50,1,5,low,low,RISK,1
0,0,0,0,Hourly,4605,Yes,Rents,4,6,13,17,1,URGENT CARE CENTER,OUT-OF-NETWORK,PERCENT PLAN PAYS,50,80,70,100,50,1,5,low,low,RISK,1
0,1,1,1,Salaried,3042,Yes,Rents,1,4,5,17,1,URGENT CARE CENTER,OUT-OF-NETWORK,PERCENT PLAN PAYS,50,80,70,100,50,1,5,low,low,RISK,1
0,0,0,1,Salaried,2062,No,Rents,2,9,4,17,1,URGENT CARE CENTER,OUT-OF-NETWORK,PERCENT PLAN PAYS,50,100,70,80,50,1,5,low,low,RISK,1
1,0,1,1,Bonus,1962,No,Rents,0,7,9,17,1,URGENT CARE CENTER,OUT-OF-NETWORK,PERCENT PLAN PAYS,80,50,100,70,50,1,5,low,low,RISK,1
0,0,0,0,Bonus,1006,No,Owns,5,5,23,17,1,URGENT CARE CENTER,OUT-OF-NETWORK,PERCENT PLAN PAYS,80,100,70,50,50,1,5,low,low,RISK,1
0,1,0,1,Salaried,4555,No,Rents,2,1,9,17,1,URGENT CARE CENTER,OUT-OF-NETWORK,PERCENT PLAN PAYS,50,80,100,70,50,1,5,low,low,RISK,1
1,0,1,0,Bonus,458,No,Rents,4,8,6,17,1,URGENT CARE CENTER,OUT-OF-NETWORK,PERCENT PLAN PAYS,80,50,100,70,50,1,5,low,low,RISK,1
1,0,1,0,Hourly,1593,No,Owns,0,2,1,17,1,URGENT CARE CENTER,OUT-OF-NETWORK,PERCENT PLAN PAYS,50,80,100,70,50,1,5,low,low,RISK,1
0,1,0,0,Hourly,4519,Yes,Owns,4,10,2,17,1,URGENT CARE CENTER,OUT-OF-NETWORK,PERCENT PLAN PAYS,100,50,70,80,50,1,5,low,low,RISK,1
0,1,0,0,Bonus,2639,No,Rents,0,4,3,17,1,URGENT CARE CENTER,OUT-OF-NETWORK,PERCENT PLAN PAYS,100,80,70,50,50,1,5,low,low,RISK,1
0,0,1,0,Hourly,2563,Yes,Rents,8,2,25,17,1,URGENT CARE CENTER,OUT-OF-NETWORK,PERCENT PLAN PAYS,100,80,50,70,50,1,5,low,low,RISK,1
0,0,1,1,Bonus,2810,Yes,Owns,8,10,10,17,1,URGENT CARE CENTER,OUT-OF-NETWORK,PERCENT PLAN PAYS,70,100,80,50,50,1,5,low,low,RISK,1
0,0,0,1,Hourly,2954,Yes,Owns,10,7,6,17,1,URGENT CARE CENTER,OUT-OF-NETWORK,PERCENT PLAN PAYS,70,80,50,100,50,1,5,low,low,RISK,1
0,0,1,0,Hourly,2299,Yes,Owns,6,5,5,17,1,URGENT CARE CENTER,OUT-OF-NETWORK,PERCENT PLAN PAYS,80,70,100,50,50,1,5,low,low,RISK,1
0,0,1,1,Hourly,1155,No,Rents,1,10,8,17,1,URGENT CARE CENTER,OUT-OF-NETWORK,PERCENT PLAN PAYS,50,80,70,100,50,1,5,low,low,RISK,1
1,0,1,0,Bonus,1856,Yes,Rents,7,0,4,17,1,URGENT CARE CENTER,OUT-OF-NETWORK,PERCENT PLAN PAYS,70,80,100,50,50,1,5,low,low,RISK,1
1,1,0,0,Salaried,3352,Yes,Rents,1,9,1,17,1,URGENT CARE CENTER,OUT-OF-NETWORK,PERCENT PLAN PAYS,100,70,80,50,50,1,5,low,low,RISK,1
1,0,0,0,Hourly,3735,Yes,Owns,8,4,5,17,1,URGENT CARE CENTER,OUT-OF-NETWORK,PERCENT PLAN PAYS,80,50,70,100,50,1,5,low,low,RISK,1
1,0,0,1,Salaried,1125,Yes,Rents,1,1,2,17,1,URGENT CARE CENTER,OUT-OF-NETWORK,PERCENT PLAN PAYS,80,50,70,100,50,1,5,low,low,RISK,1
1,0,1,0,Bonus,4695,No,Owns,0,6,5,17,1,URGENT CARE CENTER,OUT-OF-NETWORK,PERCENT PLAN PAYS,80,50,100,70,50,1,5,low,low,RISK,1
0,0,0,1,Salaried,1210,No,Rents,9,1,13,17,1,URGENT CARE CENTER,OUT-OF-NETWORK,PERCENT PLAN PAYS,100,50,80,70,50,1,5,low,low,RISK,1
1,1,1,0,Bonus,3149,No,Owns,1,3,4,17,1,URGENT CARE CENTER,OUT-OF-NETWORK,PERCENT PLAN PAYS,80,70,100,50,50,1,5,low,low,RISK,1
1,0,0,0,Bonus,3757,No,Rents,1,2,0,17,1,URGENT CARE CENTER,OUT-OF-NETWORK,PERCENT PLAN PAYS,70,100,50,80,50,1,5,low,low,RISK,1
1,0,1,1,Salaried,4038,Yes,Rents,5,5,12,17,1,URGENT CARE CENTER,OUT-OF-NETWORK,PERCENT PLAN PAYS,80,50,70,100,50,1,5,low,low,RISK,1
0,0,0,1,Bonus,381,No,Owns,2,6,13,17,1,URGENT CARE CENTER,OUT-OF-NETWORK,PERCENT PLAN PAYS,80,100,50,70,50,1,5,low,low,RISK,1
0,0,0,0,Hourly,2879,Yes,Rents,9,4,5,17,1,URGENT CARE CENTER,OUT-OF-NETWORK,PERCENT PLAN PAYS,80,100,70,50,50,1,5,low,low,RISK,1
0,1,0,0,Hourly,2246,No,Owns,9,4,8,17,1,URGENT CARE CENTER,OUT-OF-NETWORK,PERCENT PLAN PAYS,70,80,100,50,50,1,5,low,low,RISK,1
0,1,0,0,Hourly,3337,No,Rents,1,9,4,17,1,URGENT CARE CENTER,OUT-OF-NETWORK,PERCENT PLAN PAYS,100,80,70,50,50,1,5,low,low,RISK,1
1,0,0,0,Hourly,874,No,Owns,9,7,9,17,1,URGENT CARE CENTER,OUT-OF-NETWORK,PERCENT PLAN PAYS,100,70,80,50,50,1,5,low,low,RISK,1
0,1,0,0,Hourly,4470,Yes,Owns,0,5,23,17,1,URGENT CARE CENTER,OUT-OF-NETWORK,PERCENT PLAN PAYS,70,80,100,50,50,1,5,low,low,RISK,1
1,0,1,0,Hourly,3252,Yes,Owns,4,1,9,17,1,URGENT CARE CENTER,OUT-OF-NETWORK,PERCENT PLAN PAYS,70,50,80,100,50,1,5,low,low,RISK,1
0,1,0,0,Hourly,176,Yes,Rents,3,8,6,17,1,URGENT CARE CENTER,OUT-OF-NETWORK,PERCENT PLAN PAYS,80,50,70,100,50,1,5,low,low,RISK,1
0,0,1,0,Hourly,3681,Yes,Owns,1,2,1,17,1,URGENT CARE CENTER,OUT-OF-NETWORK,PERCENT PLAN PAYS,50,100,80,70,50,1,5,low,low,RISK,1
0,1,1,1,Hourly,1019,Yes,Owns,8,10,2,17,1,URGENT CARE CENTER,OUT-OF-NETWORK,PERCENT PLAN PAYS,50,100,80,70,50,1,5,low,low,RISK,1
0,1,1,0,Bonus,4493,Yes,Owns,10,4,3,17,1,URGENT CARE CENTER,OUT-OF-NETWORK,PERCENT PLAN PAYS,100,80,50,70,50,1,5,low,low,RISK,1
0,1,1,0,Salaried,1012,Yes,Owns,8,2,25,17,1,URGENT CARE CENTER,OUT-OF-NETWORK,PERCENT PLAN PAYS,80,50,100,70,50,1,5,low,low,RISK,1
0,0,0,0,Bonus,1248,Yes,Rents,1,10,10,17,1,URGENT CARE CENTER,OUT-OF-NETWORK,PERCENT PLAN PAYS,50,100,70,80,50,1,5,low,low,RISK,1
0,0,0,0,Salaried,1214,No,Owns,1,7,6,17,1,URGENT CARE CENTER,OUT-OF-NETWORK,PERCENT PLAN PAYS,100,70,50,80,50,1,5,low,low,RISK,1
1,0,0,0,Salaried,2852,Yes,Rents,1,5,5,17,1,URGENT CARE CENTER,OUT-OF-NETWORK,PERCENT PLAN PAYS,70,100,50,80,50,1,5,low,low,RISK,1
0,0,0,0,Bonus,1440,Yes,Owns,4,10,8,17,1,URGENT CARE CENTER,OUT-OF-NETWORK,PERCENT PLAN PAYS,100,50,70,80,50,1,5,low,low,RISK,1
1,0,1,0,Bonus,2951,No,Owns,4,0,4,17,1,URGENT CARE CENTER,OUT-OF-NETWORK,PERCENT PLAN PAYS,50,80,70,100,50,1,5,low,low,RISK,1
2,1,0,2,Salaried,4377,No,Rents,10,19,27,17,2,URGENT CARE CENTER,OUT-OF-NETWORK,PERCENT PLAN PAYS,50,80,100,70,50,1,10,low,low,RISK,1
0,1,1,0,Salaried,1919,No,Owns,10,15,31,17,2,URGENT CARE CENTER,OUT-OF-NETWORK,PERCENT PLAN PAYS,100,50,80,70,50,1,10,low,low,RISK,1
1,1,0,0,Salaried,4671,Yes,Rents,15,12,28,17,2,URGENT CARE CENTER,OUT-OF-NETWORK,PERCENT PLAN PAYS,100,80,50,70,50,1,10,low,low,RISK,1
2,1,0,0,Bonus,1139,No,Owns,13,16,31,17,2,URGENT CARE CENTER,OUT-OF-NETWORK,PERCENT PLAN PAYS,100,80,70,50,50,1,10,low,low,RISK,1
1,1,2,1,Bonus,3085,No,Rents,9,12,39,17,2,URGENT CARE CENTER,OUT-OF-NETWORK,PERCENT PLAN PAYS,70,80,100,50,50,1,10,low,low,RISK,1
0,1,2,0,Salaried,912,Yes,Rents,16,14,30,17,2,URGENT CARE CENTER,OUT-OF-NETWORK,PERCENT PLAN PAYS,70,50,80,100,50,1,10,low,low,RISK,1
1,0,2,1,Hourly,3561,Yes,Owns,12,13,26,17,2,URGENT CARE CENTER,OUT-OF-NETWORK,PERCENT PLAN PAYS,80,100,50,70,50,1,10,low,low,RISK,1
1,2,0,0,Hourly,4350,No,Rents,7,16,37,17,2,URGENT CARE CENTER,OUT-OF-NETWORK,PERCENT PLAN PAYS,70,80,50,100,50,1,10,low,low,RISK,1
2,2,1,2,Salaried,3664,No,Owns,7,16,39,17,2,URGENT CARE CENTER,OUT-OF-NETWORK,PERCENT PLAN PAYS,80,100,70,50,50,1,10,low,low,RISK,1
0,0,0,1,Bonus,1972,Yes,Owns,17,14,30,17,2,URGENT CARE CENTER,OUT-OF-NETWORK,PERCENT PLAN PAYS,70,100,80,50,50,1,10,low,low,RISK,1
1,0,2,2,Salaried,1235,Yes,Rents,14,14,34,17,2,URGENT CARE CENTER,OUT-OF-NETWORK,PERCENT PLAN PAYS,50,80,100,70,50,1,10,low,low,RISK,1
0,2,0,1,Bonus,2294,Yes,Owns,10,19,30,17,2,URGENT CARE CENTER,OUT-OF-NETWORK,PERCENT PLAN PAYS,70,100,50,80,50,1,10,low,low,RISK,1
0,1,2,0,Salaried,4592,Yes,Rents,16,17,35,17,2,URGENT CARE CENTER,OUT-OF-NETWORK,PERCENT PLAN PAYS,50,80,100,70,50,1,10,low,low,RISK,1
0,0,1,1,Hourly,2183,Yes,Owns,6,15,48,17,2,URGENT CARE CENTER,OUT-OF-NETWORK,PERCENT PLAN PAYS,50,70,100,80,50,1,10,low,low,RISK,1
1,1,2,1,Salaried,1622,Yes,Rents,8,12,35,17,2,URGENT CARE CENTER,OUT-OF-NETWORK,PERCENT PLAN PAYS,100,50,70,80,50,1,10,low,low,RISK,1
1,2,1,2,Salaried,4259,Yes,Rents,6,18,32,17,2,URGENT CARE CENTER,OUT-OF-NETWORK,PERCENT PLAN PAYS,100,80,70,50,50,1,10,low,low,RISK,1
2,1,1,2,Salaried,4138,No,Owns,17,13,27,17,2,URGENT CARE CENTER,OUT-OF-NETWORK,PERCENT PLAN PAYS,80,100,70,50,50,1,10,low,low,RISK,1
2,0,1,2,Bonus,2742,No,Owns,17,20,28,17,2,URGENT CARE CENTER,OUT-OF-NETWORK,PERCENT PLAN PAYS,50,100,70,80,50,1,10,low,low,RISK,1
1,1,0,2,Bonus,4027,Yes,Rents,8,14,29,17,2,URGENT CARE CENTER,OUT-OF-NETWORK,PERCENT PLAN PAYS,100,80,70,50,50,1,10,low,low,RISK,1
1,1,0,0,Bonus,3643,No,Rents,16,13,50,17,2,URGENT CARE CENTER,OUT-OF-NETWORK,PERCENT PLAN PAYS,70,100,80,50,50,1,10,low,low,RISK,1
1,0,2,0,Salaried,1855,No,Rents,17,20,35,17,2,URGENT CARE CENTER,OUT-OF-NETWORK,PERCENT PLAN PAYS,100,50,70,80,50,1,10,low,low,RISK,1
1,2,0,1,Bonus,4199,No,Owns,14,17,32,17,2,URGENT CARE CENTER,OUT-OF-NETWORK,PERCENT PLAN PAYS,70,100,80,50,50,1,10,low,low,RISK,1
0,2,1,0,Salaried,358,No,Rents,12,16,31,17,2,URGENT CARE CENTER,OUT-OF-NETWORK,PERCENT PLAN PAYS,50,100,70,80,50,1,10,low,low,RISK,1
1,1,1,1,Salaried,2175,No,Owns,16,20,34,17,2,URGENT CARE CENTER,OUT-OF-NETWORK,PERCENT PLAN PAYS,80,70,50,100,50,1,10,low,low,RISK,1
1,1,0,0,Bonus,2804,No,Owns,11,11,30,17,2,URGENT CARE CENTER,OUT-OF-NETWORK,PERCENT PLAN PAYS,80,100,70,50,50,1,10,low,low,RISK,1
2,1,2,1,Bonus,2793,Yes,Owns,17,19,27,17,2,URGENT CARE CENTER,OUT-OF-NETWORK,PERCENT PLAN PAYS,70,100,50,80,50,1,10,low,low,RISK,1
2,0,2,0,Salaried,1366,No,Owns,14,15,31,17,2,URGENT CARE CENTER,OUT-OF-NETWORK,PERCENT PLAN PAYS,100,50,70,80,50,1,10,low,low,RISK,1
0,1,1,2,Salaried,3990,No,Rents,13,12,28,17,2,URGENT CARE CENTER,OUT-OF-NETWORK,PERCENT PLAN PAYS,100,50,80,70,50,1,10,low,low,RISK,1
1,2,0,0,Hourly,1178,No,Owns,5,12,39,17,2,URGENT CARE CENTER,OUT-OF-NETWORK,PERCENT PLAN PAYS,100,70,50,80,50,1,10,low,low,RISK,1
1,1,0,0,Hourly,2665,No,Rents,8,14,30,17,2,URGENT CARE CENTER,OUT-OF-NETWORK,PERCENT PLAN PAYS,80,70,100,50,50,1,10,low,low,RISK,1
1,1,2,0,Hourly,4144,No,Owns,9,13,26,17,2,URGENT CARE CENTER,OUT-OF-NETWORK,PERCENT PLAN PAYS,70,80,50,100,50,1,10,low,low,RISK,1
1,1,2,0,Hourly,2547,Yes,Owns,14,16,37,17,2,URGENT CARE CENTER,OUT-OF-NETWORK,PERCENT PLAN PAYS,70,80,100,50,50,1,10,low,low,RISK,1
1,1,1,0,Hourly,152,Yes,Owns,15,16,39,17,2,URGENT CARE CENTER,OUT-OF-NETWORK,PERCENT PLAN PAYS,100,70,50,80,50,1,10,low,low,RISK,1
0,0,0,0,Bonus,2909,Yes,Rents,9,14,30,17,2,URGENT CARE CENTER,OUT-OF-NETWORK,PERCENT PLAN PAYS,100,50,70,80,50,1,10,low,low,RISK,1
2,2,1,1,Bonus,2404,Yes,Owns,11,14,34,17,2,URGENT CARE CENTER,OUT-OF-NETWORK,PERCENT PLAN PAYS,70,100,50,80,50,1,10,low,low,RISK,1
2,0,1,2,Bonus,144,Yes,Owns,10,19,30,17,2,URGENT CARE CENTER,OUT-OF-NETWORK,PERCENT PLAN PAYS,100,50,70,80,50,1,10,low,low,RISK,1
2,0,1,0,Hourly,2250,No,Owns,11,17,35,17,2,URGENT CARE CENTER,OUT-OF-NETWORK,PERCENT PLAN PAYS,70,100,80,50,50,1,10,low,low,RISK,1
2,0,0,0,Hourly,4826,No,Owns,10,15,48,17,2,URGENT CARE CENTER,OUT-OF-NETWORK,PERCENT PLAN PAYS,100,50,80,70,50,1,10,low,low,RISK,1
1,1,0,0,Salaried,792,No,Owns,12,12,35,17,2,URGENT CARE CENTER,OUT-OF-NETWORK,PERCENT PLAN PAYS,100,70,80,50,50,1,10,low,low,RISK,1
0,2,0,1,Hourly,3429,No,Rents,15,18,32,17,2,URGENT CARE CENTER,OUT-OF-NETWORK,PERCENT PLAN PAYS,50,70,80,100,50,1,10,low,low,RISK,1
0,2,0,1,Hourly,1596,Yes,Owns,11,13,27,17,2,URGENT CARE CENTER,OUT-OF-NETWORK,PERCENT PLAN PAYS,80,100,70,50,50,1,10,low,low,RISK,1
1,1,2,0,Salaried,83,Yes,Owns,7,20,28,17,2,URGENT CARE CENTER,OUT-OF-NETWORK,PERCENT PLAN PAYS,100,50,70,80,50,1,10,low,low,RISK,1
1,2,0,2,Salaried,3601,No,Owns,6,14,29,17,2,URGENT CARE CENTER,OUT-OF-NETWORK,PERCENT PLAN PAYS,100,50,70,80,50,1,10,low,low,RISK,1
1,1,0,1,Bonus,861,No,Owns,15,13,50,17,2,URGENT CARE CENTER,OUT-OF-NETWORK,PERCENT PLAN PAYS,50,100,70,80,50,1,10,low,low,RISK,1
0,2,2,2,Salaried,2240,Yes,Rents,15,20,35,17,2,URGENT CARE CENTER,OUT-OF-NETWORK,PERCENT PLAN PAYS,70,50,80,100,50,1,10,low,low,RISK,1
1,0,0,0,Hourly,2384,No,Rents,6,17,32,17,2,URGENT CARE CENTER,OUT-OF-NETWORK,PERCENT PLAN PAYS,100,70,50,80,50,1,10,low,low,RISK,1
0,0,0,0,Bonus,2363,Yes,Rents,12,16,31,17,2,URGENT CARE CENTER,OUT-OF-NETWORK,PERCENT PLAN PAYS,80,70,100,50,50,1,10,low,low,RISK,1
1,1,2,0,Salaried,4539,No,Owns,10,20,34,17,2,URGENT CARE CENTER,OUT-OF-NETWORK,PERCENT PLAN PAYS,70,80,100,50,50,1,10,low,low,RISK,1
1,1,0,0,Bonus,489,No,Rents,9,11,30,17,2,URGENT CARE CENTER,OUT-OF-NETWORK,PERCENT PLAN PAYS,100,80,70,50,50,1,10,low,low,RISK,1
1,2,0,2,Bonus,4623,Yes,Owns,7,19,27,17,2,URGENT CARE CENTER,OUT-OF-NETWORK,PERCENT PLAN PAYS,80,100,50,70,50,1,10,low,low,RISK,1
1,0,0,0,Salaried,153,Yes,Owns,5,15,31,17,2,URGENT CARE CENTER,OUT-OF-NETWORK,PERCENT PLAN PAYS,100,70,80,50,50,1,10,low,low,RISK,1
0,2,2,1,Salaried,3954,No,Owns,6,12,28,17,2,URGENT CARE CENTER,OUT-OF-NETWORK,PERCENT PLAN PAYS,70,50,80,100,50,1,10,low,low,RISK,1
0,1,0,0,Salaried,4742,No,Rents,5,16,31,17,2,URGENT CARE CENTER,OUT-OF-NETWORK,PERCENT PLAN PAYS,80,50,100,70,50,1,10,low,low,RISK,1
0,0,0,1,Hourly,3289,No,Rents,15,12,39,17,2,URGENT CARE CENTER,OUT-OF-NETWORK,PERCENT PLAN PAYS,50,100,80,70,50,1,10,low,low,RISK,1
0,0,1,1,Bonus,3409,Yes,Rents,13,14,30,17,2,URGENT CARE CENTER,OUT-OF-NETWORK,PERCENT PLAN PAYS,80,100,70,50,50,1,10,low,low,RISK,1
0,0,2,1,Bonus,3179,No,Rents,8,13,26,17,2,URGENT CARE CENTER,OUT-OF-NETWORK,PERCENT PLAN PAYS,70,50,80,100,50,1,10,low,low,RISK,1
0,0,0,1,Bonus,4271,No,Rents,9,16,37,17,2,URGENT CARE CENTER,OUT-OF-NETWORK,PERCENT PLAN PAYS,100,80,50,70,50,1,10,low,low,RISK,1
0,0,0,0,Hourly,4605,Yes,Rents,10,16,39,17,2,URGENT CARE CENTER,OUT-OF-NETWORK,PERCENT PLAN PAYS,80,50,100,70,50,1,10,low,low,RISK,1
0,2,2,2,Salaried,3042,Yes,Rents,6,14,30,17,2,URGENT CARE CENTER,OUT-OF-NETWORK,PERCENT PLAN PAYS,50,100,80,70,50,1,10,low,low,RISK,1
0,2,2,0,Hourly,170,No,Rents,16,14,34,17,2,URGENT CARE CENTER,OUT-OF-NETWORK,PERCENT PLAN PAYS,80,100,70,50,50,1,10,low,low,RISK,1
0,1,0,2,Salaried,2062,No,Rents,7,19,30,17,2,URGENT CARE CENTER,OUT-OF-NETWORK,PERCENT PLAN PAYS,70,80,50,100,50,1,10,low,low,RISK,1
1,1,2,2,Bonus,1962,No,Rents,5,17,35,17,2,URGENT CARE CENTER,OUT-OF-NETWORK,PERCENT PLAN PAYS,70,100,50,80,50,1,10,low,low,RISK,1
0,0,0,0,Bonus,1006,No,Owns,11,15,48,17,2,URGENT CARE CENTER,OUT-OF-NETWORK,PERCENT PLAN PAYS,70,50,100,80,50,1,10,low,low,RISK,1
0,2,1,2,Salaried,4555,No,Rents,8,12,35,17,2,URGENT CARE CENTER,OUT-OF-NETWORK,PERCENT PLAN PAYS,50,80,70,100,50,1,10,low,low,RISK,1
2,1,1,0,Bonus,458,No,Rents,10,18,32,17,2,URGENT CARE CENTER,OUT-OF-NETWORK,PERCENT PLAN PAYS,100,70,80,50,50,1,10,low,low,RISK,1
2,0,2,1,Hourly,1593,No,Owns,5,13,27,17,2,URGENT CARE CENTER,OUT-OF-NETWORK,PERCENT PLAN PAYS,70,80,100,50,50,1,10,low,low,RISK,1
0,2,0,1,Hourly,4519,Yes,Owns,11,20,28,17,2,URGENT CARE CENTER,OUT-OF-NETWORK,PERCENT PLAN PAYS,100,50,70,80,50,1,10,low,low,RISK,1
0,1,0,0,Bonus,2639,No,Rents,5,14,29,17,2,URGENT CARE CENTER,OUT-OF-NETWORK,PERCENT PLAN PAYS,80,50,70,100,50,1,10,low,low,RISK,1
0,0,2,1,Hourly,2563,Yes,Rents,15,13,50,17,2,URGENT CARE CENTER,OUT-OF-NETWORK,PERCENT PLAN PAYS,70,100,80,50,50,1,10,low,low,RISK,1
0,1,2,1,Bonus,2810,Yes,Owns,15,20,35,17,2,URGENT CARE CENTER,OUT-OF-NETWORK,PERCENT PLAN PAYS,100,70,50,80,50,1,10,low,low,RISK,1
1,1,0,1,Hourly,2954,Yes,Owns,18,17,32,17,2,URGENT CARE CENTER,OUT-OF-NETWORK,PERCENT PLAN PAYS,70,50,80,100,50,1,10,low,low,RISK,1
1,0,2,0,Hourly,2299,Yes,Owns,13,16,31,17,2,URGENT CARE CENTER,OUT-OF-NETWORK,PERCENT PLAN PAYS,80,50,70,100,50,1,10,low,low,RISK,1
0,0,1,2,Hourly,1155,No,Rents,6,20,34,17,2,URGENT CARE CENTER,OUT-OF-NETWORK,PERCENT PLAN PAYS,50,80,70,100,50,1,10,low,low,RISK,1
1,0,2,0,Bonus,1856,Yes,Rents,14,11,30,17,2,URGENT CARE CENTER,OUT-OF-NETWORK,PERCENT PLAN PAYS,80,50,70,100,50,1,10,low,low,RISK,1
2,1,1,0,Salaried,3352,Yes,Rents,6,19,27,17,2,URGENT CARE CENTER,OUT-OF-NETWORK,PERCENT PLAN PAYS,70,100,50,80,50,1,10,low,low,RISK,1
2,0,0,1,Hourly,3735,Yes,Owns,15,15,31,17,2,URGENT CARE CENTER,OUT-OF-NETWORK,PERCENT PLAN PAYS,80,50,70,100,50,1,10,low,low,RISK,1
2,1,0,2,Salaried,1125,Yes,Rents,6,12,28,17,2,URGENT CARE CENTER,OUT-OF-NETWORK,PERCENT PLAN PAYS,100,70,50,80,50,1,10,low,low,RISK,1
2,0,1,0,Bonus,4695,No,Owns,5,16,31,17,2,URGENT CARE CENTER,OUT-OF-NETWORK,PERCENT PLAN PAYS,100,80,50,70,50,1,10,low,low,RISK,1
1,1,1,1,Salaried,1210,No,Rents,17,12,39,17,2,URGENT CARE CENTER,OUT-OF-NETWORK,PERCENT PLAN PAYS,70,100,80,50,50,1,10,low,low,RISK,1
1,2,1,0,Bonus,3149,No,Owns,6,14,30,17,2,URGENT CARE CENTER,OUT-OF-NETWORK,PERCENT PLAN PAYS,50,100,70,80,50,1,10,low,low,RISK,1
1,1,1,1,Bonus,3757,No,Rents,6,13,26,17,2,URGENT CARE CENTER,OUT-OF-NETWORK,PERCENT PLAN PAYS,70,50,100,80,50,1,10,low,low,RISK,1
1,0,2,1,Salaried,4038,Yes,Rents,12,16,37,17,2,URGENT CARE CENTER,OUT-OF-NETWORK,PERCENT PLAN PAYS,80,100,70,50,50,1,10,low,low,RISK,1
0,0,0,2,Bonus,381,No,Owns,8,16,39,17,2,URGENT CARE CENTER,OUT-OF-NETWORK,PERCENT PLAN PAYS,70,50,100,80,50,1,10,low,low,RISK,1
0,0,1,1,Hourly,2879,Yes,Rents,16,14,30,17,2,URGENT CARE CENTER,OUT-OF-NETWORK,PERCENT PLAN PAYS,80,50,70,100,50,1,10,low,low,RISK,1
1,2,0,0,Hourly,2246,No,Owns,17,14,34,17,2,URGENT CARE CENTER,OUT-OF-NETWORK,PERCENT PLAN PAYS,80,50,100,70,50,1,10,low,low,RISK,1
0,2,1,0,Hourly,3337,No,Rents,7,19,30,17,2,URGENT CARE CENTER,OUT-OF-NETWORK,PERCENT PLAN PAYS,50,70,100,80,50,1,10,low,low,RISK,1
1,1,1,1,Hourly,874,No,Owns,17,17,35,17,2,URGENT CARE CENTER,OUT-OF-NETWORK,PERCENT PLAN PAYS,50,100,70,80,50,1,10,low,low,RISK,1
0,1,0,0,Hourly,4470,Yes,Owns,6,15,48,17,2,URGENT CARE CENTER,OUT-OF-NETWORK,PERCENT PLAN PAYS,70,80,50,100,50,1,10,low,low,RISK,1
2,0,1,1,Hourly,3252,Yes,Owns,10,12,35,17,2,URGENT CARE CENTER,OUT-OF-NETWORK,PERCENT PLAN PAYS,50,70,100,80,50,1,10,low,low,RISK,1
0,2,0,1,Hourly,176,Yes,Rents,9,18,32,17,2,URGENT CARE CENTER,OUT-OF-NETWORK,PERCENT PLAN PAYS,50,80,70,100,50,1,10,low,low,RISK,1
1,0,2,0,Hourly,3681,Yes,Owns,6,13,27,17,2,URGENT CARE CENTER,OUT-OF-NETWORK,PERCENT PLAN PAYS,100,70,50,80,50,1,10,low,low,RISK,1
1,2,1,2,Hourly,1019,Yes,Owns,15,20,28,17,2,URGENT CARE CENTER,OUT-OF-NETWORK,PERCENT PLAN PAYS,50,80,100,70,50,1,10,low,low,RISK,1
1,2,1,1,Bonus,4493,Yes,Owns,18,14,29,17,2,URGENT CARE CENTER,OUT-OF-NETWORK,PERCENT PLAN PAYS,80,50,70,100,50,1,10,low,low,RISK,1
0,0,1,1,Bonus,1248,Yes,Rents,7,20,35,17,2,URGENT CARE CENTER,OUT-OF-NETWORK,PERCENT PLAN PAYS,80,70,50,100,50,1,10,low,low,RISK,1
0,0,1,0,Salaried,1214,No,Owns,6,17,32,17,2,URGENT CARE CENTER,OUT-OF-NETWORK,PERCENT PLAN PAYS,80,70,100,50,50,1,10,low,low,RISK,1
1,0,1,0,Salaried,2852,Yes,Rents,6,16,31,17,2,URGENT CARE CENTER,OUT-OF-NETWORK,PERCENT PLAN PAYS,100,70,80,50,50,1,10,low,low,RISK,1
1,0,0,0,Bonus,1440,Yes,Owns,10,20,34,17,2,URGENT CARE CENTER,OUT-OF-NETWORK,PERCENT PLAN PAYS,80,50,70,100,50,1,10,low,low,RISK,1
1,0,1,0,Bonus,2951,No,Owns,11,11,30,17,2,URGENT CARE CENTER,OUT-OF-NETWORK,PERCENT PLAN PAYS,70,80,50,100,50,1,10,low,low,RISK,1
3,2,1,3,Salaried,4377,No,Rents,24,48,52,17,3,URGENT CARE CENTER,OUT-OF-NETWORK,PERCENT PLAN PAYS,50,70,100,80,70,2,20,low,low,RISK,1
1,1,2,1,Salaried,1919,No,Owns,25,33,56,17,3,URGENT CARE CENTER,OUT-OF-NETWORK,PERCENT PLAN PAYS,80,70,50,100,70,2,20,low,low,RISK,1
3,2,1,1,Bonus,1139,No,Owns,29,38,56,17,3,URGENT CARE CENTER,OUT-OF-NETWORK,PERCENT PLAN PAYS,70,80,50,100,70,2,20,low,low,RISK,1
1,2,3,2,Bonus,3085,No,Rents,23,24,64,17,3,URGENT CARE CENTER,OUT-OF-NETWORK,PERCENT PLAN PAYS,100,70,50,80,70,2,20,low,low,RISK,1
1,2,3,1,Salaried,912,Yes,Rents,37,29,55,17,3,URGENT CARE CENTER,OUT-OF-NETWORK,PERCENT PLAN PAYS,70,100,80,50,70,2,20,low,low,RISK,1
2,1,3,2,Hourly,3561,Yes,Owns,28,26,51,17,3,URGENT CARE CENTER,OUT-OF-NETWORK,PERCENT PLAN PAYS,80,100,50,70,70,2,20,low,low,RISK,1
2,3,1,1,Hourly,4350,No,Rents,19,36,62,17,3,URGENT CARE CENTER,OUT-OF-NETWORK,PERCENT PLAN PAYS,80,70,100,50,70,2,20,low,low,RISK,1
3,3,2,3,Salaried,3664,No,Owns,18,38,64,17,3,URGENT CARE CENTER,OUT-OF-NETWORK,PERCENT PLAN PAYS,70,80,50,100,70,2,20,low,low,RISK,1
1,1,1,1,Bonus,1972,Yes,Owns,38,31,55,17,3,URGENT CARE CENTER,OUT-OF-NETWORK,PERCENT PLAN PAYS,50,100,70,80,70,2,20,low,low,RISK,1
1,1,3,3,Salaried,1235,Yes,Rents,32,31,59,17,3,URGENT CARE CENTER,OUT-OF-NETWORK,PERCENT PLAN PAYS,50,70,80,100,70,2,20,low,low,RISK,1
1,3,1,2,Bonus,2294,Yes,Owns,25,47,55,17,3,URGENT CARE CENTER,OUT-OF-NETWORK,PERCENT PLAN PAYS,100,80,70,50,70,2,20,low,low,RISK,1
1,2,3,1,Salaried,4592,Yes,Rents,37,41,60,17,3,URGENT CARE CENTER,OUT-OF-NETWORK,PERCENT PLAN PAYS,80,50,70,100,70,2,20,low,low,RISK,1
1,1,1,2,Hourly,2183,Yes,Owns,16,35,73,17,3,URGENT CARE CENTER,OUT-OF-NETWORK,PERCENT PLAN PAYS,80,100,50,70,70,2,20,low,low,RISK,1
2,2,3,2,Salaried,1622,Yes,Rents,21,24,60,17,3,URGENT CARE CENTER,OUT-OF-NETWORK,PERCENT PLAN PAYS,50,80,100,70,70,2,20,low,low,RISK,1
2,3,1,3,Salaried,4259,Yes,Rents,17,43,57,17,3,URGENT CARE CENTER,OUT-OF-NETWORK,PERCENT PLAN PAYS,70,100,80,50,70,2,20,low,low,RISK,1
3,2,2,3,Salaried,4138,No,Owns,37,25,52,17,3,URGENT CARE CENTER,OUT-OF-NETWORK,PERCENT PLAN PAYS,70,80,50,100,70,2,20,low,low,RISK,1
3,1,2,3,Bonus,2742,No,Owns,39,50,53,17,3,URGENT CARE CENTER,OUT-OF-NETWORK,PERCENT PLAN PAYS,100,70,50,80,70,2,20,low,low,RISK,1
1,1,1,3,Bonus,4027,Yes,Rents,21,31,54,17,3,URGENT CARE CENTER,OUT-OF-NETWORK,PERCENT PLAN PAYS,100,50,80,70,70,2,20,low,low,RISK,1
2,2,1,1,Bonus,3643,No,Rents,35,26,75,17,3,URGENT CARE CENTER,OUT-OF-NETWORK,PERCENT PLAN PAYS,100,80,50,70,70,2,20,low,low,RISK,1
2,1,3,1,Salaried,1855,No,Rents,39,49,60,17,3,URGENT CARE CENTER,OUT-OF-NETWORK,PERCENT PLAN PAYS,50,70,80,100,70,2,20,low,low,RISK,1
1,3,1,1,Bonus,4199,No,Owns,33,40,57,17,3,URGENT CARE CENTER,OUT-OF-NETWORK,PERCENT PLAN PAYS,70,50,80,100,70,2,20,low,low,RISK,1
1,3,2,1,Salaried,358,No,Rents,28,36,56,17,3,URGENT CARE CENTER,OUT-OF-NETWORK,PERCENT PLAN PAYS,80,100,70,50,70,2,20,low,low,RISK,1
2,2,2,1,Salaried,2175,No,Owns,35,49,59,17,3,URGENT CARE CENTER,OUT-OF-NETWORK,PERCENT PLAN PAYS,100,80,70,50,70,2,20,low,low,RISK,1
2,2,1,1,Bonus,2804,No,Owns,26,20,55,17,3,URGENT CARE CENTER,OUT-OF-NETWORK,PERCENT PLAN PAYS,100,50,70,80,70,2,20,low,low,RISK,1
3,3,3,2,Bonus,2793,Yes,Owns,39,48,52,17,3,URGENT CARE CENTER,OUT-OF-NETWORK,PERCENT PLAN PAYS,100,70,80,50,70,2,20,low,low,RISK,1
3,1,3,1,Salaried,1366,No,Owns,32,33,56,17,3,URGENT CARE CENTER,OUT-OF-NETWORK,PERCENT PLAN PAYS,80,70,50,100,70,2,20,low,low,RISK,1
1,2,2,3,Salaried,3990,No,Rents,30,23,53,17,3,URGENT CARE CENTER,OUT-OF-NETWORK,PERCENT PLAN PAYS,50,70,80,100,70,2,20,low,low,RISK,1
1,2,2,1,Salaried,1625,No,Owns,36,38,56,17,3,URGENT CARE CENTER,OUT-OF-NETWORK,PERCENT PLAN PAYS,100,50,70,80,70,2,20,low,low,RISK,1
2,3,1,1,Hourly,1178,No,Owns,15,24,64,17,3,URGENT CARE CENTER,OUT-OF-NETWORK,PERCENT PLAN PAYS,80,100,70,50,70,2,20,low,low,RISK,1
2,1,1,1,Hourly,2665,No,Rents,20,29,55,17,3,URGENT CARE CENTER,OUT-OF-NETWORK,PERCENT PLAN PAYS,50,80,70,100,70,2,20,low,low,RISK,1
2,3,3,1,Hourly,4144,No,Owns,23,26,51,17,3,URGENT CARE CENTER,OUT-OF-NETWORK,PERCENT PLAN PAYS,70,50,100,80,70,2,20,low,low,RISK,1
2,2,3,1,Hourly,2547,Yes,Owns,32,36,62,17,3,URGENT CARE CENTER,OUT-OF-NETWORK,PERCENT PLAN PAYS,80,100,50,70,70,2,20,low,low,RISK,1
2,1,2,1,Hourly,152,Yes,Owns,34,38,64,17,3,URGENT CARE CENTER,OUT-OF-NETWORK,PERCENT PLAN PAYS,100,50,80,70,70,2,20,low,low,RISK,1
1,1,1,1,Bonus,2909,Yes,Rents,23,31,55,17,3,URGENT CARE CENTER,OUT-OF-NETWORK,PERCENT PLAN PAYS,70,80,50,100,70,2,20,low,low,RISK,1
3,3,2,2,Bonus,2404,Yes,Owns,27,31,59,17,3,URGENT CARE CENTER,OUT-OF-NETWORK,PERCENT PLAN PAYS,50,80,70,100,70,2,20,low,low,RISK,1
3,1,2,3,Bonus,144,Yes,Owns,24,47,55,17,3,URGENT CARE CENTER,OUT-OF-NETWORK,PERCENT PLAN PAYS,70,80,100,50,70,2,20,low,low,RISK,1
3,1,2,1,Hourly,2250,No,Owns,26,41,60,17,3,URGENT CARE CENTER,OUT-OF-NETWORK,PERCENT PLAN PAYS,50,100,80,70,70,2,20,low,low,RISK,1
3,1,1,1,Hourly,4826,No,Owns,25,35,73,17,3,URGENT CARE CENTER,OUT-OF-NETWORK,PERCENT PLAN PAYS,100,80,50,70,70,2,20,low,low,RISK,1
2,2,1,1,Salaried,792,No,Owns,28,24,60,17,3,URGENT CARE CENTER,OUT-OF-NETWORK,PERCENT PLAN PAYS,80,70,100,50,70,2,20,low,low,RISK,1
1,3,1,2,Hourly,3429,No,Rents,34,43,57,17,3,URGENT CARE CENTER,OUT-OF-NETWORK,PERCENT PLAN PAYS,100,50,70,80,70,2,20,low,low,RISK,1
1,3,1,2,Hourly,1596,Yes,Owns,27,25,52,17,3,URGENT CARE CENTER,OUT-OF-NETWORK,PERCENT PLAN PAYS,100,70,50,80,70,2,20,low,low,RISK,1
2,3,3,1,Salaried,83,Yes,Owns,19,50,53,17,3,URGENT CARE CENTER,OUT-OF-NETWORK,PERCENT PLAN PAYS,80,50,100,70,70,2,20,low,low,RISK,1
2,3,1,3,Salaried,3601,No,Owns,17,31,54,17,3,URGENT CARE CENTER,OUT-OF-NETWORK,PERCENT PLAN PAYS,70,100,50,80,70,2,20,low,low,RISK,1
2,2,1,2,Bonus,861,No,Owns,34,26,75,17,3,URGENT CARE CENTER,OUT-OF-NETWORK,PERCENT PLAN PAYS,70,80,50,100,70,2,20,low,low,RISK,1
1,3,3,3,Salaried,2240,Yes,Rents,35,49,60,17,3,URGENT CARE CENTER,OUT-OF-NETWORK,PERCENT PLAN PAYS,70,80,50,100,70,2,20,low,low,RISK,1
1,1,1,1,Hourly,2384,No,Rents,17,40,57,17,3,URGENT CARE CENTER,OUT-OF-NETWORK,PERCENT PLAN PAYS,80,50,70,100,70,2,20,low,low,RISK,1
1,1,1,1,Bonus,2363,Yes,Rents,29,36,56,17,3,URGENT CARE CENTER,OUT-OF-NETWORK,PERCENT PLAN PAYS,50,100,80,70,70,2,20,low,low,RISK,1
2,1,3,1,Salaried,4539,No,Owns,24,49,59,17,3,URGENT CARE CENTER,OUT-OF-NETWORK,PERCENT PLAN PAYS,50,80,100,70,70,2,20,low,low,RISK,1
2,1,1,1,Bonus,489,No,Rents,23,20,55,17,3,URGENT CARE CENTER,OUT-OF-NETWORK,PERCENT PLAN PAYS,50,80,100,70,70,2,20,low,low,RISK,1
2,3,1,3,Bonus,4623,Yes,Owns,19,48,52,17,3,URGENT CARE CENTER,OUT-OF-NETWORK,PERCENT PLAN PAYS,80,100,70,50,70,2,20,low,low,RISK,1
2,1,1,1,Salaried,153,Yes,Owns,15,33,56,17,3,URGENT CARE CENTER,OUT-OF-NETWORK,PERCENT PLAN PAYS,80,50,100,70,70,2,20,low,low,RISK,1
1,3,3,2,Salaried,3954,No,Owns,17,23,53,17,3,URGENT CARE CENTER,OUT-OF-NETWORK,PERCENT PLAN PAYS,70,100,50,80,70,2,20,low,low,RISK,1
1,2,1,1,Salaried,4742,No,Rents,15,38,56,17,3,URGENT CARE CENTER,OUT-OF-NETWORK,PERCENT PLAN PAYS,50,80,100,70,70,2,20,low,low,RISK,1
1,1,1,2,Hourly,3289,No,Rents,35,24,64,17,3,URGENT CARE CENTER,OUT-OF-NETWORK,PERCENT PLAN PAYS,50,70,100,80,70,2,20,low,low,RISK,1
1,1,2,2,Bonus,3409,Yes,Rents,30,29,55,17,3,URGENT CARE CENTER,OUT-OF-NETWORK,PERCENT PLAN PAYS,70,100,50,80,70,2,20,low,low,RISK,1
1,1,3,2,Bonus,3179,No,Rents,21,26,51,17,3,URGENT CARE CENTER,OUT-OF-NETWORK,PERCENT PLAN PAYS,50,80,100,70,70,2,20,low,low,RISK,1
1,1,1,2,Bonus,4271,No,Rents,22,36,62,17,3,URGENT CARE CENTER,OUT-OF-NETWORK,PERCENT PLAN PAYS,100,80,70,50,70,2,20,low,low,RISK,1
1,1,1,1,Hourly,4605,Yes,Rents,24,38,64,17,3,URGENT CARE CENTER,OUT-OF-NETWORK,PERCENT PLAN PAYS,50,100,70,80,70,2,20,low,low,RISK,1
1,3,3,3,Salaried,3042,Yes,Rents,16,31,55,17,3,URGENT CARE CENTER,OUT-OF-NETWORK,PERCENT PLAN PAYS,50,70,100,80,70,2,20,low,low,RISK,1
1,3,3,1,Hourly,170,No,Rents,37,31,59,17,3,URGENT CARE CENTER,OUT-OF-NETWORK,PERCENT PLAN PAYS,70,80,100,50,70,2,20,low,low,RISK,1
1,1,1,3,Salaried,2062,No,Rents,20,47,55,17,3,URGENT CARE CENTER,OUT-OF-NETWORK,PERCENT PLAN PAYS,50,80,100,70,70,2,20,low,low,RISK,1
2,2,3,3,Bonus,1962,No,Rents,15,41,60,17,3,URGENT CARE CENTER,OUT-OF-NETWORK,PERCENT PLAN PAYS,100,80,50,70,70,2,20,low,low,RISK,1
1,1,1,1,Bonus,1006,No,Owns,27,35,73,17,3,URGENT CARE CENTER,OUT-OF-NETWORK,PERCENT PLAN PAYS,70,80,100,50,70,2,20,low,low,RISK,1
1,3,2,3,Salaried,4555,No,Rents,20,24,60,17,3,URGENT CARE CENTER,OUT-OF-NETWORK,PERCENT PLAN PAYS,100,70,50,80,70,2,20,low,low,RISK,1
3,1,2,1,Bonus,458,No,Rents,25,43,57,17,3,URGENT CARE CENTER,OUT-OF-NETWORK,PERCENT PLAN PAYS,70,50,80,100,70,2,20,low,low,RISK,1
3,1,3,1,Hourly,1593,No,Owns,16,25,52,17,3,URGENT CARE CENTER,OUT-OF-NETWORK,PERCENT PLAN PAYS,80,50,70,100,70,2,20,low,low,RISK,1
1,3,1,2,Hourly,4519,Yes,Owns,26,50,53,17,3,URGENT CARE CENTER,OUT-OF-NETWORK,PERCENT PLAN PAYS,70,100,50,80,70,2,20,low,low,RISK,1
1,2,1,1,Bonus,2639,No,Rents,16,31,54,17,3,URGENT CARE CENTER,OUT-OF-NETWORK,PERCENT PLAN PAYS,50,100,80,70,70,2,20,low,low,RISK,1
1,1,3,1,Hourly,2563,Yes,Rents,35,26,75,17,3,URGENT CARE CENTER,OUT-OF-NETWORK,PERCENT PLAN PAYS,100,50,70,80,70,2,20,low,low,RISK,1
1,2,3,2,Bonus,2810,Yes,Owns,35,49,60,17,3,URGENT CARE CENTER,OUT-OF-NETWORK,PERCENT PLAN PAYS,100,80,50,70,70,2,20,low,low,RISK,1
2,2,1,2,Hourly,2954,Yes,Owns,39,40,57,17,3,URGENT CARE CENTER,OUT-OF-NETWORK,PERCENT PLAN PAYS,100,70,50,80,70,2,20,low,low,RISK,1
2,1,3,1,Hourly,2299,Yes,Owns,31,36,56,17,3,URGENT CARE CENTER,OUT-OF-NETWORK,PERCENT PLAN PAYS,70,80,50,100,70,2,20,low,low,RISK,1
1,1,2,3,Hourly,1155,No,Rents,16,49,59,17,3,URGENT CARE CENTER,OUT-OF-NETWORK,PERCENT PLAN PAYS,100,80,50,70,70,2,20,low,low,RISK,1
2,1,3,1,Bonus,1856,Yes,Rents,31,20,55,17,3,URGENT CARE CENTER,OUT-OF-NETWORK,PERCENT PLAN PAYS,80,100,50,70,70,2,20,low,low,RISK,1
3,2,2,1,Salaried,3352,Yes,Rents,18,48,52,17,3,URGENT CARE CENTER,OUT-OF-NETWORK,PERCENT PLAN PAYS,50,100,80,70,70,2,20,low,low,RISK,1
3,1,1,2,Hourly,3735,Yes,Owns,34,33,56,17,3,URGENT CARE CENTER,OUT-OF-NETWORK,PERCENT PLAN PAYS,100,70,80,50,70,2,20,low,low,RISK,1
3,2,1,3,Salaried,1125,Yes,Rents,18,23,53,17,3,URGENT CARE CENTER,OUT-OF-NETWORK,PERCENT PLAN PAYS,80,50,100,70,70,2,20,low,low,RISK,1
3,1,2,1,Bonus,4695,No,Owns,15,38,56,17,3,URGENT CARE CENTER,OUT-OF-NETWORK,PERCENT PLAN PAYS,100,70,50,80,70,2,20,low,low,RISK,1
2,2,2,2,Salaried,1210,No,Rents,38,24,64,17,3,URGENT CARE CENTER,OUT-OF-NETWORK,PERCENT PLAN PAYS,80,100,70,50,70,2,20,low,low,RISK,1
2,3,2,1,Bonus,3149,No,Owns,17,29,55,17,3,URGENT CARE CENTER,OUT-OF-NETWORK,PERCENT PLAN PAYS,70,80,100,50,70,2,20,low,low,RISK,1
2,2,2,2,Bonus,3757,No,Rents,18,26,51,17,3,URGENT CARE CENTER,OUT-OF-NETWORK,PERCENT PLAN PAYS,100,70,50,80,70,2,20,low,low,RISK,1
3,1,3,2,Salaried,4038,Yes,Rents,28,36,62,17,3,URGENT CARE CENTER,OUT-OF-NETWORK,PERCENT PLAN PAYS,100,70,80,50,70,2,20,low,low,RISK,1
1,1,1,3,Bonus,381,No,Owns,20,38,64,17,3,URGENT CARE CENTER,OUT-OF-NETWORK,PERCENT PLAN PAYS,50,70,80,100,70,2,20,low,low,RISK,1
1,1,1,2,Hourly,2879,Yes,Rents,37,31,55,17,3,URGENT CARE CENTER,OUT-OF-NETWORK,PERCENT PLAN PAYS,70,100,50,80,70,2,20,low,low,RISK,1
2,3,1,1,Hourly,2246,No,Owns,38,31,59,17,3,URGENT CARE CENTER,OUT-OF-NETWORK,PERCENT PLAN PAYS,70,50,100,80,70,2,20,low,low,RISK,1
1,3,2,1,Hourly,3337,No,Rents,18,47,55,17,3,URGENT CARE CENTER,OUT-OF-NETWORK,PERCENT PLAN PAYS,70,80,50,100,70,2,20,low,low,RISK,1
2,2,1,2,Hourly,874,No,Owns,38,41,60,17,3,URGENT CARE CENTER,OUT-OF-NETWORK,PERCENT PLAN PAYS,70,50,100,80,70,2,20,low,low,RISK,1
1,2,1,1,Hourly,4470,Yes,Owns,16,35,73,17,3,URGENT CARE CENTER,OUT-OF-NETWORK,PERCENT PLAN PAYS,100,70,50,80,70,2,20,low,low,RISK,1
3,1,3,1,Hourly,3252,Yes,Owns,24,24,60,17,3,URGENT CARE CENTER,OUT-OF-NETWORK,PERCENT PLAN PAYS,70,100,80,50,70,2,20,low,low,RISK,1
1,3,1,2,Hourly,176,Yes,Rents,23,43,57,17,3,URGENT CARE CENTER,OUT-OF-NETWORK,PERCENT PLAN PAYS,70,50,100,80,70,2,20,low,low,RISK,1
2,1,3,1,Hourly,3681,Yes,Owns,17,25,52,17,3,URGENT CARE CENTER,OUT-OF-NETWORK,PERCENT PLAN PAYS,80,50,70,100,70,2,20,low,low,RISK,1
1,3,2,1,Bonus,4493,Yes,Owns,39,31,54,17,3,URGENT CARE CENTER,OUT-OF-NETWORK,PERCENT PLAN PAYS,100,80,50,70,70,2,20,low,low,RISK,1
1,3,3,1,Salaried,1012,Yes,Owns,34,26,75,17,3,URGENT CARE CENTER,OUT-OF-NETWORK,PERCENT PLAN PAYS,100,70,80,50,70,2,20,low,low,RISK,1
1,1,2,1,Bonus,1248,Yes,Rents,18,49,60,17,3,URGENT CARE CENTER,OUT-OF-NETWORK,PERCENT PLAN PAYS,70,80,50,100,70,2,20,low,low,RISK,1
1,1,2,1,Salaried,1214,No,Owns,17,40,57,17,3,URGENT CARE CENTER,OUT-OF-NETWORK,PERCENT PLAN PAYS,80,70,100,50,70,2,20,low,low,RISK,1
2,1,1,1,Salaried,2852,Yes,Rents,18,36,56,17,3,URGENT CARE CENTER,OUT-OF-NETWORK,PERCENT PLAN PAYS,80,100,50,70,70,2,20,low,low,RISK,1
2,1,1,1,Bonus,1440,Yes,Owns,24,49,59,17,3,URGENT CARE CENTER,OUT-OF-NETWORK,PERCENT PLAN PAYS,80,100,50,70,70,2,20,low,low,RISK,1
3,1,3,1,Bonus,2951,No,Owns,26,20,55,17,3,URGENT CARE CENTER,OUT-OF-NETWORK,PERCENT PLAN PAYS,100,70,50,80,70,2,20,low,low,RISK,1
4,3,2,4,Salaried,4377,No,Rents,46,73,76,17,4,URGENT CARE CENTER,OUT-OF-NETWORK,PERCENT PLAN PAYS,80,50,100,70,70,2,50,low,low,RISK,1
2,3,4,2,Salaried,1919,No,Owns,48,61,80,17,4,URGENT CARE CENTER,OUT-OF-NETWORK,PERCENT PLAN PAYS,50,100,80,70,70,2,50,low,low,RISK,1
4,4,3,2,Salaried,4671,Yes,Rents,57,53,77,17,4,URGENT CARE CENTER,OUT-OF-NETWORK,PERCENT PLAN PAYS,50,70,80,100,70,2,50,low,low,RISK,1
4,4,2,2,Bonus,1139,No,Owns,52,65,80,17,4,URGENT CARE CENTER,OUT-OF-NETWORK,PERCENT PLAN PAYS,50,80,100,70,70,2,50,low,low,RISK,1
3,4,4,3,Bonus,3085,No,Rents,45,54,88,17,4,URGENT CARE CENTER,OUT-OF-NETWORK,PERCENT PLAN PAYS,100,80,50,70,70,2,50,low,low,RISK,1
3,4,4,3,Salaried,912,Yes,Rents,61,58,79,17,4,URGENT CARE CENTER,OUT-OF-NETWORK,PERCENT PLAN PAYS,80,70,50,100,70,2,50,low,low,RISK,1
4,3,4,3,Hourly,3561,Yes,Owns,51,56,75,17,4,URGENT CARE CENTER,OUT-OF-NETWORK,PERCENT PLAN PAYS,70,100,50,80,70,2,50,low,low,RISK,1
4,4,2,2,Hourly,4350,No,Rents,40,64,87,17,4,URGENT CARE CENTER,OUT-OF-NETWORK,PERCENT PLAN PAYS,70,80,50,100,70,2,50,low,low,RISK,1
4,4,4,4,Salaried,3664,No,Owns,39,65,88,17,4,URGENT CARE CENTER,OUT-OF-NETWORK,PERCENT PLAN PAYS,70,100,50,80,70,2,50,low,low,RISK,1
2,3,3,3,Bonus,1972,Yes,Owns,62,60,80,17,4,URGENT CARE CENTER,OUT-OF-NETWORK,PERCENT PLAN PAYS,80,70,50,100,70,2,50,low,low,RISK,1
3,2,4,4,Salaried,1235,Yes,Rents,55,60,83,17,4,URGENT CARE CENTER,OUT-OF-NETWORK,PERCENT PLAN PAYS,100,80,50,70,70,2,50,low,low,RISK,1
2,4,3,3,Bonus,2294,Yes,Owns,47,72,79,17,4,URGENT CARE CENTER,OUT-OF-NETWORK,PERCENT PLAN PAYS,100,70,80,50,70,2,50,low,low,RISK,1
2,3,4,3,Salaried,4592,Yes,Rents,62,68,84,17,4,URGENT CARE CENTER,OUT-OF-NETWORK,PERCENT PLAN PAYS,100,50,80,70,70,2,50,low,low,RISK,1
3,3,3,4,Hourly,2183,Yes,Owns,37,63,98,17,4,URGENT CARE CENTER,OUT-OF-NETWORK,PERCENT PLAN PAYS,80,70,50,100,70,2,50,low,low,RISK,1
3,3,4,3,Salaried,1622,Yes,Rents,42,55,84,17,4,URGENT CARE CENTER,OUT-OF-NETWORK,PERCENT PLAN PAYS,100,80,50,70,70,2,50,low,low,RISK,1
3,4,3,4,Salaried,4259,Yes,Rents,37,70,81,17,4,URGENT CARE CENTER,OUT-OF-NETWORK,PERCENT PLAN PAYS,80,70,100,50,70,2,50,low,low,RISK,1
4,3,3,4,Salaried,4138,No,Owns,62,55,76,17,4,URGENT CARE CENTER,OUT-OF-NETWORK,PERCENT PLAN PAYS,100,50,70,80,70,2,50,low,low,RISK,1
4,3,4,4,Bonus,2742,No,Owns,64,75,77,17,4,URGENT CARE CENTER,OUT-OF-NETWORK,PERCENT PLAN PAYS,70,100,80,50,70,2,50,low,low,RISK,1
3,3,3,4,Bonus,4027,Yes,Rents,43,60,78,17,4,URGENT CARE CENTER,OUT-OF-NETWORK,PERCENT PLAN PAYS,80,70,50,100,70,2,50,low,low,RISK,1
4,4,2,2,Bonus,3643,No,Rents,59,56,100,17,4,URGENT CARE CENTER,OUT-OF-NETWORK,PERCENT PLAN PAYS,50,70,80,100,70,2,50,low,low,RISK,1
4,2,4,2,Salaried,1855,No,Rents,63,74,85,17,4,URGENT CARE CENTER,OUT-OF-NETWORK,PERCENT PLAN PAYS,80,50,70,100,70,2,50,low,low,RISK,1
3,4,2,3,Bonus,4199,No,Owns,57,67,81,17,4,URGENT CARE CENTER,OUT-OF-NETWORK,PERCENT PLAN PAYS,80,70,100,50,70,2,50,low,low,RISK,1
3,4,3,2,Salaried,358,No,Rents,50,64,80,17,4,URGENT CARE CENTER,OUT-OF-NETWORK,PERCENT PLAN PAYS,70,80,100,50,70,2,50,low,low,RISK,1
4,3,4,3,Salaried,2175,No,Owns,59,75,83,17,4,URGENT CARE CENTER,OUT-OF-NETWORK,PERCENT PLAN PAYS,50,70,100,80,70,2,50,low,low,RISK,1
4,4,2,2,Bonus,2804,No,Owns,48,51,79,17,4,URGENT CARE CENTER,OUT-OF-NETWORK,PERCENT PLAN PAYS,100,50,80,70,70,2,50,low,low,RISK,1
4,4,4,4,Bonus,2793,Yes,Owns,63,73,76,17,4,URGENT CARE CENTER,OUT-OF-NETWORK,PERCENT PLAN PAYS,100,80,50,70,70,2,50,low,low,RISK,1
4,3,4,2,Salaried,1366,No,Owns,56,61,80,17,4,URGENT CARE CENTER,OUT-OF-NETWORK,PERCENT PLAN PAYS,100,80,50,70,70,2,50,low,low,RISK,1
2,4,4,4,Salaried,3990,No,Rents,53,53,77,17,4,URGENT CARE CENTER,OUT-OF-NETWORK,PERCENT PLAN PAYS,50,80,100,70,70,2,50,low,low,RISK,1
2,4,3,3,Salaried,1625,No,Owns,60,65,80,17,4,URGENT CARE CENTER,OUT-OF-NETWORK,PERCENT PLAN PAYS,70,100,80,50,70,2,50,low,low,RISK,1
4,4,3,3,Hourly,1178,No,Owns,35,54,88,17,4,URGENT CARE CENTER,OUT-OF-NETWORK,PERCENT PLAN PAYS,70,80,50,100,70,2,50,low,low,RISK,1
3,3,2,2,Hourly,2665,No,Rents,41,58,79,17,4,URGENT CARE CENTER,OUT-OF-NETWORK,PERCENT PLAN PAYS,80,70,50,100,70,2,50,low,low,RISK,1
4,4,4,2,Hourly,4144,No,Owns,44,56,75,17,4,URGENT CARE CENTER,OUT-OF-NETWORK,PERCENT PLAN PAYS,80,50,100,70,70,2,50,low,low,RISK,1
3,3,4,3,Hourly,2547,Yes,Owns,55,64,87,17,4,URGENT CARE CENTER,OUT-OF-NETWORK,PERCENT PLAN PAYS,80,100,50,70,70,2,50,low,low,RISK,1
4,3,4,2,Hourly,152,Yes,Owns,58,65,88,17,4,URGENT CARE CENTER,OUT-OF-NETWORK,PERCENT PLAN PAYS,80,50,100,70,70,2,50,low,low,RISK,1
3,2,2,3,Bonus,2909,Yes,Rents,45,60,80,17,4,URGENT CARE CENTER,OUT-OF-NETWORK,PERCENT PLAN PAYS,80,70,100,50,70,2,50,low,low,RISK,1
4,4,3,3,Bonus,2404,Yes,Owns,49,60,83,17,4,URGENT CARE CENTER,OUT-OF-NETWORK,PERCENT PLAN PAYS,100,50,80,70,70,2,50,low,low,RISK,1
4,2,4,4,Bonus,144,Yes,Owns,46,72,79,17,4,URGENT CARE CENTER,OUT-OF-NETWORK,PERCENT PLAN PAYS,100,70,50,80,70,2,50,low,low,RISK,1
4,2,4,2,Hourly,2250,No,Owns,48,68,84,17,4,URGENT CARE CENTER,OUT-OF-NETWORK,PERCENT PLAN PAYS,100,80,50,70,70,2,50,low,low,RISK,1
4,3,3,3,Hourly,4826,No,Owns,47,63,98,17,4,URGENT CARE CENTER,OUT-OF-NETWORK,PERCENT PLAN PAYS,50,70,100,80,70,2,50,low,low,RISK,1
4,4,2,3,Salaried,792,No,Owns,50,55,84,17,4,URGENT CARE CENTER,OUT-OF-NETWORK,PERCENT PLAN PAYS,80,100,70,50,70,2,50,low,low,RISK,1
2,4,2,3,Hourly,3429,No,Rents,58,70,81,17,4,URGENT CARE CENTER,OUT-OF-NETWORK,PERCENT PLAN PAYS,80,50,70,100,70,2,50,low,low,RISK,1
3,4,3,4,Hourly,1596,Yes,Owns,50,55,76,17,4,URGENT CARE CENTER,OUT-OF-NETWORK,PERCENT PLAN PAYS,100,50,70,80,70,2,50,low,low,RISK,1
4,4,4,3,Salaried,83,Yes,Owns,40,75,77,17,4,URGENT CARE CENTER,OUT-OF-NETWORK,PERCENT PLAN PAYS,80,70,100,50,70,2,50,low,low,RISK,1
4,4,3,4,Salaried,3601,No,Owns,38,60,78,17,4,URGENT CARE CENTER,OUT-OF-NETWORK,PERCENT PLAN PAYS,50,100,80,70,70,2,50,low,low,RISK,1
3,4,2,4,Bonus,861,No,Owns,58,56,100,17,4,URGENT CARE CENTER,OUT-OF-NETWORK,PERCENT PLAN PAYS,80,70,50,100,70,2,50,low,low,RISK,1
2,4,4,4,Salaried,2240,Yes,Rents,59,74,85,17,4,URGENT CARE CENTER,OUT-OF-NETWORK,PERCENT PLAN PAYS,80,100,70,50,70,2,50,low,low,RISK,1
3,3,2,2,Hourly,2384,No,Rents,37,67,81,17,4,URGENT CARE CENTER,OUT-OF-NETWORK,PERCENT PLAN PAYS,80,70,100,50,70,2,50,low,low,RISK,1
2,2,3,3,Bonus,2363,Yes,Rents,52,64,80,17,4,URGENT CARE CENTER,OUT-OF-NETWORK,PERCENT PLAN PAYS,100,80,70,50,70,2,50,low,low,RISK,1
3,3,4,2,Salaried,4539,No,Owns,45,75,83,17,4,URGENT CARE CENTER,OUT-OF-NETWORK,PERCENT PLAN PAYS,100,70,80,50,70,2,50,low,low,RISK,1
3,3,2,2,Bonus,489,No,Rents,45,51,79,17,4,URGENT CARE CENTER,OUT-OF-NETWORK,PERCENT PLAN PAYS,100,70,50,80,70,2,50,low,low,RISK,1
4,4,2,4,Bonus,4623,Yes,Owns,40,73,76,17,4,URGENT CARE CENTER,OUT-OF-NETWORK,PERCENT PLAN PAYS,70,100,50,80,70,2,50,low,low,RISK,1
3,3,3,2,Salaried,153,Yes,Owns,36,61,80,17,4,URGENT CARE CENTER,OUT-OF-NETWORK,PERCENT PLAN PAYS,50,80,100,70,70,2,50,low,low,RISK,1
3,4,4,4,Salaried,3954,No,Owns,38,53,77,17,4,URGENT CARE CENTER,OUT-OF-NETWORK,PERCENT PLAN PAYS,70,100,50,80,70,2,50,low,low,RISK,1
3,3,2,3,Salaried,4742,No,Rents,35,65,80,17,4,URGENT CARE CENTER,OUT-OF-NETWORK,PERCENT PLAN PAYS,80,70,100,50,70,2,50,low,low,RISK,1
2,2,2,3,Hourly,3289,No,Rents,59,54,88,17,4,URGENT CARE CENTER,OUT-OF-NETWORK,PERCENT PLAN PAYS,100,70,80,50,70,2,50,low,low,RISK,1
2,2,3,3,Bonus,3409,Yes,Rents,54,58,79,17,4,URGENT CARE CENTER,OUT-OF-NETWORK,PERCENT PLAN PAYS,100,70,80,50,70,2,50,low,low,RISK,1
3,3,4,3,Bonus,3179,No,Rents,42,56,75,17,4,URGENT CARE CENTER,OUT-OF-NETWORK,PERCENT PLAN PAYS,70,50,100,80,70,2,50,low,low,RISK,1
3,3,2,4,Bonus,4271,No,Rents,43,64,87,17,4,URGENT CARE CENTER,OUT-OF-NETWORK,PERCENT PLAN PAYS,100,80,50,70,70,2,50,low,low,RISK,1
3,3,3,2,Hourly,4605,Yes,Rents,46,65,88,17,4,URGENT CARE CENTER,OUT-OF-NETWORK,PERCENT PLAN PAYS,70,80,50,100,70,2,50,low,low,RISK,1
2,4,4,4,Salaried,3042,Yes,Rents,37,60,80,17,4,URGENT CARE CENTER,OUT-OF-NETWORK,PERCENT PLAN PAYS,50,100,80,70,70,2,50,low,low,RISK,1
2,4,4,3,Hourly,170,No,Rents,61,60,83,17,4,URGENT CARE CENTER,OUT-OF-NETWORK,PERCENT PLAN PAYS,100,70,50,80,70,2,50,low,low,RISK,1
2,3,3,4,Salaried,2062,No,Rents,40,72,79,17,4,URGENT CARE CENTER,OUT-OF-NETWORK,PERCENT PLAN PAYS,80,100,70,50,70,2,50,low,low,RISK,1
4,4,4,4,Bonus,1962,No,Rents,35,68,84,17,4,URGENT CARE CENTER,OUT-OF-NETWORK,PERCENT PLAN PAYS,70,100,50,80,70,2,50,low,low,RISK,1
2,2,3,2,Bonus,1006,No,Owns,50,63,98,17,4,URGENT CARE CENTER,OUT-OF-NETWORK,PERCENT PLAN PAYS,70,80,100,50,70,2,50,low,low,RISK,1
2,4,3,4,Salaried,4555,No,Rents,42,55,84,17,4,URGENT CARE CENTER,OUT-OF-NETWORK,PERCENT PLAN PAYS,70,100,80,50,70,2,50,low,low,RISK,1
4,3,4,3,Bonus,458,No,Rents,46,70,81,17,4,URGENT CARE CENTER,OUT-OF-NETWORK,PERCENT PLAN PAYS,70,100,80,50,70,2,50,low,low,RISK,1
4,3,4,3,Hourly,1593,No,Owns,36,55,76,17,4,URGENT CARE CENTER,OUT-OF-NETWORK,PERCENT PLAN PAYS,70,50,80,100,70,2,50,low,low,RISK,1
3,4,2,3,Hourly,4519,Yes,Owns,48,75,77,17,4,URGENT CARE CENTER,OUT-OF-NETWORK,PERCENT PLAN PAYS,100,80,70,50,70,2,50,low,low,RISK,1
2,4,3,3,Bonus,2639,No,Rents,36,60,78,17,4,URGENT CARE CENTER,OUT-OF-NETWORK,PERCENT PLAN PAYS,80,100,50,70,70,2,50,low,low,RISK,1
2,3,4,3,Hourly,2563,Yes,Rents,59,56,100,17,4,URGENT CARE CENTER,OUT-OF-NETWORK,PERCENT PLAN PAYS,80,50,70,100,70,2,50,low,low,RISK,1
3,4,4,4,Bonus,2810,Yes,Owns,58,74,85,17,4,URGENT CARE CENTER,OUT-OF-NETWORK,PERCENT PLAN PAYS,100,70,80,50,70,2,50,low,low,RISK,1
3,4,3,4,Hourly,2954,Yes,Owns,64,67,81,17,4,URGENT CARE CENTER,OUT-OF-NETWORK,PERCENT PLAN PAYS,50,100,70,80,70,2,50,low,low,RISK,1
3,2,4,3,Hourly,2299,Yes,Owns,54,64,80,17,4,URGENT CARE CENTER,OUT-OF-NETWORK,PERCENT PLAN PAYS,100,70,80,50,70,2,50,low,low,RISK,1
2,3,4,4,Hourly,1155,No,Rents,37,75,83,17,4,URGENT CARE CENTER,OUT-OF-NETWORK,PERCENT PLAN PAYS,70,50,80,100,70,2,50,low,low,RISK,1
4,2,4,3,Bonus,1856,Yes,Rents,55,51,79,17,4,URGENT CARE CENTER,OUT-OF-NETWORK,PERCENT PLAN PAYS,70,100,50,80,70,2,50,low,low,RISK,1
4,4,3,3,Salaried,3352,Yes,Rents,38,73,76,17,4,URGENT CARE CENTER,OUT-OF-NETWORK,PERCENT PLAN PAYS,80,70,50,100,70,2,50,low,low,RISK,1
4,3,2,3,Hourly,3735,Yes,Owns,58,61,80,17,4,URGENT CARE CENTER,OUT-OF-NETWORK,PERCENT PLAN PAYS,50,100,70,80,70,2,50,low,low,RISK,1
4,3,3,4,Salaried,1125,Yes,Rents,38,53,77,17,4,URGENT CARE CENTER,OUT-OF-NETWORK,PERCENT PLAN PAYS,50,80,100,70,70,2,50,low,low,RISK,1
4,2,4,2,Bonus,4695,No,Owns,35,65,80,17,4,URGENT CARE CENTER,OUT-OF-NETWORK,PERCENT PLAN PAYS,80,50,70,100,70,2,50,low,low,RISK,1
3,3,3,4,Salaried,1210,No,Rents,62,54,88,17,4,URGENT CARE CENTER,OUT-OF-NETWORK,PERCENT PLAN PAYS,70,50,80,100,70,2,50,low,low,RISK,1
4,4,4,2,Bonus,3149,No,Owns,37,58,79,17,4,URGENT CARE CENTER,OUT-OF-NETWORK,PERCENT PLAN PAYS,80,100,70,50,70,2,50,low,low,RISK,1
4,3,4,4,Bonus,3757,No,Rents,38,56,75,17,4,URGENT CARE CENTER,OUT-OF-NETWORK,PERCENT PLAN PAYS,70,50,100,80,70,2,50,low,low,RISK,1
4,3,4,4,Salaried,4038,Yes,Rents,51,64,87,17,4,URGENT CARE CENTER,OUT-OF-NETWORK,PERCENT PLAN PAYS,80,50,70,100,70,2,50,low,low,RISK,1
2,3,3,4,Bonus,381,No,Owns,41,65,88,17,4,URGENT CARE CENTER,OUT-OF-NETWORK,PERCENT PLAN PAYS,100,70,80,50,70,2,50,low,low,RISK,1
3,3,3,3,Hourly,2879,Yes,Rents,61,60,80,17,4,URGENT CARE CENTER,OUT-OF-NETWORK,PERCENT PLAN PAYS,100,80,50,70,70,2,50,low,low,RISK,1
4,4,3,2,Hourly,2246,No,Owns,62,60,83,17,4,URGENT CARE CENTER,OUT-OF-NETWORK,PERCENT PLAN PAYS,70,80,50,100,70,2,50,low,low,RISK,1
2,4,3,2,Hourly,3337,No,Rents,39,72,79,17,4,URGENT CARE CENTER,OUT-OF-NETWORK,PERCENT PLAN PAYS,100,80,70,50,70,2,50,low,low,RISK,1
4,3,3,4,Hourly,874,No,Owns,63,68,84,17,4,URGENT CARE CENTER,OUT-OF-NETWORK,PERCENT PLAN PAYS,70,100,80,50,70,2,50,low,low,RISK,1
3,4,2,3,Hourly,4470,Yes,Owns,36,63,98,17,4,URGENT CARE CENTER,OUT-OF-NETWORK,PERCENT PLAN PAYS,70,100,80,50,70,2,50,low,low,RISK,1
4,3,4,3,Hourly,3252,Yes,Owns,46,55,84,17,4,URGENT CARE CENTER,OUT-OF-NETWORK,PERCENT PLAN PAYS,100,80,70,50,70,2,50,low,low,RISK,1
3,4,2,3,Hourly,176,Yes,Rents,45,70,81,17,4,URGENT CARE CENTER,OUT-OF-NETWORK,PERCENT PLAN PAYS,70,50,100,80,70,2,50,low,low,RISK,1
4,3,4,2,Hourly,3681,Yes,Owns,38,55,76,17,4,URGENT CARE CENTER,OUT-OF-NETWORK,PERCENT PLAN PAYS,70,80,100,50,70,2,50,low,low,RISK,1
3,4,4,4,Hourly,1019,Yes,Owns,59,75,77,17,4,URGENT CARE CENTER,OUT-OF-NETWORK,PERCENT PLAN PAYS,80,50,100,70,70,2,50,low,low,RISK,1
3,4,4,3,Bonus,4493,Yes,Owns,64,60,78,17,4,URGENT CARE CENTER,OUT-OF-NETWORK,PERCENT PLAN PAYS,50,100,80,70,70,2,50,low,low,RISK,1
3,4,4,2,Salaried,1012,Yes,Owns,58,56,100,17,4,URGENT CARE CENTER,OUT-OF-NETWORK,PERCENT PLAN PAYS,70,100,50,80,70,2,50,low,low,RISK,1
2,2,4,3,Bonus,1248,Yes,Rents,39,74,85,17,4,URGENT CARE CENTER,OUT-OF-NETWORK,PERCENT PLAN PAYS,50,70,100,80,70,2,50,low,low,RISK,1
2,3,3,3,Salaried,1214,No,Owns,37,67,81,17,4,URGENT CARE CENTER,OUT-OF-NETWORK,PERCENT PLAN PAYS,80,70,50,100,70,2,50,low,low,RISK,1
4,3,3,2,Salaried,2852,Yes,Rents,38,64,80,17,4,URGENT CARE CENTER,OUT-OF-NETWORK,PERCENT PLAN PAYS,80,50,100,70,70,2,50,low,low,RISK,1
3,3,2,2,Bonus,1440,Yes,Owns,46,75,83,17,4,URGENT CARE CENTER,OUT-OF-NETWORK,PERCENT PLAN PAYS,70,80,100,50,70,2,50,low,low,RISK,1
4,2,4,3,Bonus,2951,No,Owns,48,51,79,17,4,URGENT CARE CENTER,OUT-OF-NETWORK,PERCENT PLAN PAYS,100,50,80,70,70,2,50,low,low,RISK,1
1,0,0,1,Salaried,4377,No,Rents,4,9,1,17,5,URGENT CARE CENTER,OUT-OF-NETWORK,PERCENT PLAN PAYS,80,50,100,70,50,1,5,low,high,RISK,2
0,0,1,0,Salaried,1919,No,Owns,4,4,5,17,5,URGENT CARE CENTER,OUT-OF-NETWORK,PERCENT PLAN PAYS,100,50,70,80,50,1,5,low,high,RISK,2
0,0,0,0,Salaried,4671,Yes,Rents,7,1,2,17,5,URGENT CARE CENTER,OUT-OF-NETWORK,PERCENT PLAN PAYS,80,70,50,100,50,1,5,low,high,RISK,2
1,1,0,0,Bonus,1139,No,Owns,6,6,5,17,5,URGENT CARE CENTER,OUT-OF-NETWORK,PERCENT PLAN PAYS,70,80,50,100,50,1,5,low,high,RISK,2
0,1,1,0,Bonus,3085,No,Rents,3,1,13,17,5,URGENT CARE CENTER,OUT-OF-NETWORK,PERCENT PLAN PAYS,80,70,50,100,50,1,5,low,high,RISK,2
0,1,1,0,Salaried,912,Yes,Rents,9,3,4,17,5,URGENT CARE CENTER,OUT-OF-NETWORK,PERCENT PLAN PAYS,50,70,80,100,50,1,5,low,high,RISK,2
1,0,1,0,Hourly,3561,Yes,Owns,5,2,0,17,5,URGENT CARE CENTER,OUT-OF-NETWORK,PERCENT PLAN PAYS,80,50,70,100,50,1,5,low,high,RISK,2
1,1,0,0,Hourly,4350,No,Rents,2,5,12,17,5,URGENT CARE CENTER,OUT-OF-NETWORK,PERCENT PLAN PAYS,50,80,100,70,50,1,5,low,high,RISK,2
1,1,0,1,Salaried,3664,No,Owns,1,6,13,17,5,URGENT CARE CENTER,OUT-OF-NETWORK,PERCENT PLAN PAYS,50,70,100,80,50,1,5,low,high,RISK,2
0,0,1,1,Salaried,1235,Yes,Rents,7,4,8,17,5,URGENT CARE CENTER,OUT-OF-NETWORK,PERCENT PLAN PAYS,80,100,50,70,50,1,5,low,high,RISK,2
0,1,0,0,Bonus,2294,Yes,Owns,4,9,4,17,5,URGENT CARE CENTER,OUT-OF-NETWORK,PERCENT PLAN PAYS,50,70,80,100,50,1,5,low,high,RISK,2
0,0,1,0,Salaried,4592,Yes,Rents,9,7,9,17,5,URGENT CARE CENTER,OUT-OF-NETWORK,PERCENT PLAN PAYS,50,80,100,70,50,1,5,low,high,RISK,2
0,0,0,1,Hourly,2183,Yes,Owns,1,5,23,17,5,URGENT CARE CENTER,OUT-OF-NETWORK,PERCENT PLAN PAYS,80,100,50,70,50,1,5,low,high,RISK,2
0,0,1,0,Salaried,1622,Yes,Rents,2,1,9,17,5,URGENT CARE CENTER,OUT-OF-NETWORK,PERCENT PLAN PAYS,100,80,50,70,50,1,5,low,high,RISK,2
0,1,0,1,Salaried,4259,Yes,Rents,1,8,6,17,5,URGENT CARE CENTER,OUT-OF-NETWORK,PERCENT PLAN PAYS,70,50,100,80,50,1,5,low,high,RISK,2
1,0,0,1,Salaried,4138,No,Owns,9,2,1,17,5,URGENT CARE CENTER,OUT-OF-NETWORK,PERCENT PLAN PAYS,50,70,100,80,50,1,5,low,high,RISK,2
1,0,0,1,Bonus,2742,No,Owns,10,10,2,17,5,URGENT CARE CENTER,OUT-OF-NETWORK,PERCENT PLAN PAYS,50,70,80,100,50,1,5,low,high,RISK,2
0,0,0,1,Bonus,4027,Yes,Rents,3,4,3,17,5,URGENT CARE CENTER,OUT-OF-NETWORK,PERCENT PLAN PAYS,50,70,100,80,50,1,5,low,high,RISK,2
1,0,0,0,Bonus,3643,No,Rents,8,2,25,17,5,URGENT CARE CENTER,OUT-OF-NETWORK,PERCENT PLAN PAYS,80,100,50,70,50,1,5,low,high,RISK,2
1,0,1,0,Salaried,1855,No,Rents,9,10,10,17,5,URGENT CARE CENTER,OUT-OF-NETWORK,PERCENT PLAN PAYS,80,100,70,50,50,1,5,low,high,RISK,2
0,1,0,0,Bonus,4199,No,Owns,7,7,6,17,5,URGENT CARE CENTER,OUT-OF-NETWORK,PERCENT PLAN PAYS,80,70,50,100,50,1,5,low,high,RISK,2
0,1,0,0,Salaried,358,No,Rents,5,5,5,17,5,URGENT CARE CENTER,OUT-OF-NETWORK,PERCENT PLAN PAYS,50,80,100,70,50,1,5,low,high,RISK,2
0,0,1,0,Salaried,2175,No,Owns,8,10,8,17,5,URGENT CARE CENTER,OUT-OF-NETWORK,PERCENT PLAN PAYS,50,100,70,80,50,1,5,low,high,RISK,2
0,1,0,0,Bonus,2804,No,Owns,4,0,4,17,5,URGENT CARE CENTER,OUT-OF-NETWORK,PERCENT PLAN PAYS,50,70,100,80,50,1,5,low,high,RISK,2
1,1,1,0,Bonus,2793,Yes,Owns,9,9,1,17,5,URGENT CARE CENTER,OUT-OF-NETWORK,PERCENT PLAN PAYS,70,80,50,100,50,1,5,low,high,RISK,2
1,0,1,0,Salaried,1366,No,Owns,7,4,5,17,5,URGENT CARE CENTER,OUT-OF-NETWORK,PERCENT PLAN PAYS,70,50,100,80,50,1,5,low,high,RISK,2
0,1,1,1,Salaried,3990,No,Rents,6,1,2,17,5,URGENT CARE CENTER,OUT-OF-NETWORK,PERCENT PLAN PAYS,70,50,100,80,50,1,5,low,high,RISK,2
0,0,0,0,Salaried,1625,No,Owns,8,6,5,17,5,URGENT CARE CENTER,OUT-OF-NETWORK,PERCENT PLAN PAYS,80,50,100,70,50,1,5,low,high,RISK,2
1,1,0,0,Hourly,1178,No,Owns,0,1,13,17,5,URGENT CARE CENTER,OUT-OF-NETWORK,PERCENT PLAN PAYS,80,100,70,50,50,1,5,low,high,RISK,2
0,0,0,0,Hourly,2665,No,Rents,2,3,4,17,5,URGENT CARE CENTER,OUT-OF-NETWORK,PERCENT PLAN PAYS,100,70,80,50,50,1,5,low,high,RISK,2
1,1,1,0,Hourly,4144,No,Owns,3,2,0,17,5,URGENT CARE CENTER,OUT-OF-NETWORK,PERCENT PLAN PAYS,100,50,70,80,50,1,5,low,high,RISK,2
0,0,1,0,Hourly,2547,Yes,Owns,7,5,12,17,5,URGENT CARE CENTER,OUT-OF-NETWORK,PERCENT PLAN PAYS,100,70,50,80,50,1,5,low,high,RISK,2
1,0,1,0,Hourly,152,Yes,Owns,8,6,13,17,5,URGENT CARE CENTER,OUT-OF-NETWORK,PERCENT PLAN PAYS,70,100,80,50,50,1,5,low,high,RISK,2
0,0,0,0,Bonus,2909,Yes,Rents,3,4,5,17,5,URGENT CARE CENTER,OUT-OF-NETWORK,PERCENT PLAN PAYS,50,80,100,70,50,1,5,low,high,RISK,2
1,1,0,0,Bonus,2404,Yes,Owns,5,4,8,17,5,URGENT CARE CENTER,OUT-OF-NETWORK,PERCENT PLAN PAYS,100,80,70,50,50,1,5,low,high,RISK,2
1,0,1,1,Bonus,144,Yes,Owns,4,9,4,17,5,URGENT CARE CENTER,OUT-OF-NETWORK,PERCENT PLAN PAYS,100,80,70,50,50,1,5,low,high,RISK,2
1,0,1,0,Hourly,2250,No,Owns,4,7,9,17,5,URGENT CARE CENTER,OUT-OF-NETWORK,PERCENT PLAN PAYS,70,50,100,80,50,1,5,low,high,RISK,2
1,0,0,0,Hourly,4826,No,Owns,4,5,23,17,5,URGENT CARE CENTER,OUT-OF-NETWORK,PERCENT PLAN PAYS,70,100,80,50,50,1,5,low,high,RISK,2
1,1,0,0,Salaried,792,No,Owns,5,1,9,17,5,URGENT CARE CENTER,OUT-OF-NETWORK,PERCENT PLAN PAYS,50,70,80,100,50,1,5,low,high,RISK,2
0,1,0,0,Hourly,3429,No,Rents,8,8,6,17,5,URGENT CARE CENTER,OUT-OF-NETWORK,PERCENT PLAN PAYS,70,80,100,50,50,1,5,low,high,RISK,2
0,1,0,0,Hourly,1596,Yes,Owns,5,2,1,17,5,URGENT CARE CENTER,OUT-OF-NETWORK,PERCENT PLAN PAYS,50,80,100,70,50,1,5,low,high,RISK,2
1,1,1,0,Salaried,83,Yes,Owns,2,10,2,17,5,URGENT CARE CENTER,OUT-OF-NETWORK,PERCENT PLAN PAYS,100,80,50,70,50,1,5,low,high,RISK,2
1,1,0,1,Salaried,3601,No,Owns,1,4,3,17,5,URGENT CARE CENTER,OUT-OF-NETWORK,PERCENT PLAN PAYS,80,100,70,50,50,1,5,low,high,RISK,2
0,0,0,1,Bonus,861,No,Owns,8,2,25,17,5,URGENT CARE CENTER,OUT-OF-NETWORK,PERCENT PLAN PAYS,50,80,70,100,50,1,5,low,high,RISK,2
0,1,1,1,Salaried,2240,Yes,Rents,8,10,10,17,5,URGENT CARE CENTER,OUT-OF-NETWORK,PERCENT PLAN PAYS,80,50,70,100,50,1,5,low,high,RISK,2
0,0,0,0,Hourly,2384,No,Rents,1,7,6,17,5,URGENT CARE CENTER,OUT-OF-NETWORK,PERCENT PLAN PAYS,80,70,50,100,50,1,5,low,high,RISK,2
0,0,0,0,Bonus,2363,Yes,Rents,6,5,5,17,5,URGENT CARE CENTER,OUT-OF-NETWORK,PERCENT PLAN PAYS,100,70,50,80,50,1,5,low,high,RISK,2
0,0,1,0,Salaried,4539,No,Owns,3,10,8,17,5,URGENT CARE CENTER,OUT-OF-NETWORK,PERCENT PLAN PAYS,80,70,100,50,50,1,5,low,high,RISK,2
0,0,0,0,Bonus,489,No,Rents,3,0,4,17,5,URGENT CARE CENTER,OUT-OF-NETWORK,PERCENT PLAN PAYS,70,80,100,50,50,1,5,low,high,RISK,2
0,1,0,1,Bonus,4623,Yes,Owns,2,9,1,17,5,URGENT CARE CENTER,OUT-OF-NETWORK,PERCENT PLAN PAYS,80,100,50,70,50,1,5,low,high,RISK,2
0,0,0,0,Salaried,153,Yes,Owns,0,4,5,17,5,URGENT CARE CENTER,OUT-OF-NETWORK,PERCENT PLAN PAYS,100,80,70,50,50,1,5,low,high,RISK,2
0,1,1,0,Salaried,3954,No,Owns,1,1,2,17,5,URGENT CARE CENTER,OUT-OF-NETWORK,PERCENT PLAN PAYS,70,100,80,50,50,1,5,low,high,RISK,2
0,0,0,0,Salaried,4742,No,Rents,0,6,5,17,5,URGENT CARE CENTER,OUT-OF-NETWORK,PERCENT PLAN PAYS,100,80,70,50,50,1,5,low,high,RISK,2
0,0,0,0,Hourly,3289,No,Rents,8,1,13,17,5,URGENT CARE CENTER,OUT-OF-NETWORK,PERCENT PLAN PAYS,70,80,100,50,50,1,5,low,high,RISK,2
0,0,0,0,Bonus,3409,Yes,Rents,6,3,4,17,5,URGENT CARE CENTER,OUT-OF-NETWORK,PERCENT PLAN PAYS,80,100,50,70,50,1,5,low,high,RISK,2
0,0,1,0,Bonus,3179,No,Rents,2,2,0,17,5,URGENT CARE CENTER,OUT-OF-NETWORK,PERCENT PLAN PAYS,50,80,100,70,50,1,5,low,high,RISK,2
0,0,0,0,Bonus,4271,No,Rents,3,5,12,17,5,URGENT CARE CENTER,OUT-OF-NETWORK,PERCENT PLAN PAYS,100,80,50,70,50,1,5,low,high,RISK,2
0,0,0,0,Hourly,4605,Yes,Rents,4,6,13,17,5,URGENT CARE CENTER,OUT-OF-NETWORK,PERCENT PLAN PAYS,100,70,80,50,50,1,5,low,high,RISK,2
0,1,1,1,Salaried,3042,Yes,Rents,1,4,5,17,5,URGENT CARE CENTER,OUT-OF-NETWORK,PERCENT PLAN PAYS,80,70,50,100,50,1,5,low,high,RISK,2
0,1,1,0,Hourly,170,No,Rents,9,4,8,17,5,URGENT CARE CENTER,OUT-OF-NETWORK,PERCENT PLAN PAYS,50,80,100,70,50,1,5,low,high,RISK,2
0,0,0,1,Salaried,2062,No,Rents,2,9,4,17,5,URGENT CARE CENTER,OUT-OF-NETWORK,PERCENT PLAN PAYS,50,100,80,70,50,1,5,low,high,RISK,2
1,0,1,1,Bonus,1962,No,Rents,0,7,9,17,5,URGENT CARE CENTER,OUT-OF-NETWORK,PERCENT PLAN PAYS,100,50,70,80,50,1,5,low,high,RISK,2
0,0,0,0,Bonus,1006,No,Owns,5,5,23,17,5,URGENT CARE CENTER,OUT-OF-NETWORK,PERCENT PLAN PAYS,80,50,100,70,50,1,5,low,high,RISK,2
0,1,0,1,Salaried,4555,No,Rents,2,1,9,17,5,URGENT CARE CENTER,OUT-OF-NETWORK,PERCENT PLAN PAYS,100,70,50,80,50,1,5,low,high,RISK,2
1,0,1,0,Bonus,458,No,Rents,4,8,6,17,5,URGENT CARE CENTER,OUT-OF-NETWORK,PERCENT PLAN PAYS,80,70,100,50,50,1,5,low,high,RISK,2
1,0,1,0,Hourly,1593,No,Owns,0,2,1,17,5,URGENT CARE CENTER,OUT-OF-NETWORK,PERCENT PLAN PAYS,80,50,70,100,50,1,5,low,high,RISK,2
0,1,0,0,Hourly,4519,Yes,Owns,4,10,2,17,5,URGENT CARE CENTER,OUT-OF-NETWORK,PERCENT PLAN PAYS,80,70,50,100,50,1,5,low,high,RISK,2
0,1,0,0,Bonus,2639,No,Rents,0,4,3,17,5,URGENT CARE CENTER,OUT-OF-NETWORK,PERCENT PLAN PAYS,80,50,100,70,50,1,5,low,high,RISK,2
0,0,1,0,Hourly,2563,Yes,Rents,8,2,25,17,5,URGENT CARE CENTER,OUT-OF-NETWORK,PERCENT PLAN PAYS,100,70,50,80,50,1,5,low,high,RISK,2
0,0,1,1,Bonus,2810,Yes,Owns,8,10,10,17,5,URGENT CARE CENTER,OUT-OF-NETWORK,PERCENT PLAN PAYS,70,100,80,50,50,1,5,low,high,RISK,2
0,0,0,1,Hourly,2954,Yes,Owns,10,7,6,17,5,URGENT CARE CENTER,OUT-OF-NETWORK,PERCENT PLAN PAYS,50,100,80,70,50,1,5,low,high,RISK,2
0,0,1,0,Hourly,2299,Yes,Owns,6,5,5,17,5,URGENT CARE CENTER,OUT-OF-NETWORK,PERCENT PLAN PAYS,80,50,100,70,50,1,5,low,high,RISK,2
0,0,1,1,Hourly,1155,No,Rents,1,10,8,17,5,URGENT CARE CENTER,OUT-OF-NETWORK,PERCENT PLAN PAYS,50,100,80,70,50,1,5,low,high,RISK,2
1,0,1,0,Bonus,1856,Yes,Rents,7,0,4,17,5,URGENT CARE CENTER,OUT-OF-NETWORK,PERCENT PLAN PAYS,70,100,80,50,50,1,5,low,high,RISK,2
1,1,0,0,Salaried,3352,Yes,Rents,1,9,1,17,5,URGENT CARE CENTER,OUT-OF-NETWORK,PERCENT PLAN PAYS,70,100,80,50,50,1,5,low,high,RISK,2
1,0,0,0,Hourly,3735,Yes,Owns,8,4,5,17,5,URGENT CARE CENTER,OUT-OF-NETWORK,PERCENT PLAN PAYS,50,70,100,80,50,1,5,low,high,RISK,2
1,0,0,1,Salaried,1125,Yes,Rents,1,1,2,17,5,URGENT CARE CENTER,OUT-OF-NETWORK,PERCENT PLAN PAYS,50,80,70,100,50,1,5,low,high,RISK,2
1,0,1,0,Bonus,4695,No,Owns,0,6,5,17,5,URGENT CARE CENTER,OUT-OF-NETWORK,PERCENT PLAN PAYS,80,100,50,70,50,1,5,low,high,RISK,2
0,0,0,1,Salaried,1210,No,Rents,9,1,13,17,5,URGENT CARE CENTER,OUT-OF-NETWORK,PERCENT PLAN PAYS,100,80,50,70,50,1,5,low,high,RISK,2
1,1,1,0,Bonus,3149,No,Owns,1,3,4,17,5,URGENT CARE CENTER,OUT-OF-NETWORK,PERCENT PLAN PAYS,50,100,80,70,50,1,5,low,high,RISK,2
1,0,0,0,Bonus,3757,No,Rents,1,2,0,17,5,URGENT CARE CENTER,OUT-OF-NETWORK,PERCENT PLAN PAYS,50,100,80,70,50,1,5,low,high,RISK,2
1,0,1,1,Salaried,4038,Yes,Rents,5,5,12,17,5,URGENT CARE CENTER,OUT-OF-NETWORK,PERCENT PLAN PAYS,50,80,100,70,50,1,5,low,high,RISK,2
0,0,0,1,Bonus,381,No,Owns,2,6,13,17,5,URGENT CARE CENTER,OUT-OF-NETWORK,PERCENT PLAN PAYS,50,80,70,100,50,1,5,low,high,RISK,2
0,0,0,0,Hourly,2879,Yes,Rents,9,4,5,17,5,URGENT CARE CENTER,OUT-OF-NETWORK,PERCENT PLAN PAYS,50,80,100,70,50,1,5,low,high,RISK,2
0,1,0,0,Hourly,2246,No,Owns,9,4,8,17,5,URGENT CARE CENTER,OUT-OF-NETWORK,PERCENT PLAN PAYS,100,50,70,80,50,1,5,low,high,RISK,2
0,1,0,0,Hourly,3337,No,Rents,1,9,4,17,5,URGENT CARE CENTER,OUT-OF-NETWORK,PERCENT PLAN PAYS,100,70,50,80,50,1,5,low,high,RISK,2
1,0,0,0,Hourly,874,No,Owns,9,7,9,17,5,URGENT CARE CENTER,OUT-OF-NETWORK,PERCENT PLAN PAYS,100,80,50,70,50,1,5,low,high,RISK,2
0,1,0,0,Hourly,4470,Yes,Owns,0,5,23,17,5,URGENT CARE CENTER,OUT-OF-NETWORK,PERCENT PLAN PAYS,100,70,50,80,50,1,5,low,high,RISK,2
1,0,1,0,Hourly,3252,Yes,Owns,4,1,9,17,5,URGENT CARE CENTER,OUT-OF-NETWORK,PERCENT PLAN PAYS,50,80,100,70,50,1,5,low,high,RISK,2
0,1,0,0,Hourly,176,Yes,Rents,3,8,6,17,5,URGENT CARE CENTER,OUT-OF-NETWORK,PERCENT PLAN PAYS,70,80,50,100,50,1,5,low,high,RISK,2
0,0,1,0,Hourly,3681,Yes,Owns,1,2,1,17,5,URGENT CARE CENTER,OUT-OF-NETWORK,PERCENT PLAN PAYS,50,80,70,100,50,1,5,low,high,RISK,2
0,1,1,1,Hourly,1019,Yes,Owns,8,10,2,17,5,URGENT CARE CENTER,OUT-OF-NETWORK,PERCENT PLAN PAYS,80,50,70,100,50,1,5,low,high,RISK,2
0,1,1,0,Bonus,4493,Yes,Owns,10,4,3,17,5,URGENT CARE CENTER,OUT-OF-NETWORK,PERCENT PLAN PAYS,100,70,50,80,50,1,5,low,high,RISK,2
0,1,1,0,Salaried,1012,Yes,Owns,8,2,25,17,5,URGENT CARE CENTER,OUT-OF-NETWORK,PERCENT PLAN PAYS,70,80,50,100,50,1,5,low,high,RISK,2
0,0,0,0,Bonus,1248,Yes,Rents,1,10,10,17,5,URGENT CARE CENTER,OUT-OF-NETWORK,PERCENT PLAN PAYS,70,80,100,50,50,1,5,low,high,RISK,2
0,0,0,0,Salaried,1214,No,Owns,1,7,6,17,5,URGENT CARE CENTER,OUT-OF-NETWORK,PERCENT PLAN PAYS,100,80,70,50,50,1,5,low,high,RISK,2
1,0,0,0,Salaried,2852,Yes,Rents,1,5,5,17,5,URGENT CARE CENTER,OUT-OF-NETWORK,PERCENT PLAN PAYS,50,70,100,80,50,1,5,low,high,RISK,2
0,0,0,0,Bonus,1440,Yes,Owns,4,10,8,17,5,URGENT CARE CENTER,OUT-OF-NETWORK,PERCENT PLAN PAYS,50,70,80,100,50,1,5,low,high,RISK,2
1,0,1,0,Bonus,2951,No,Owns,4,0,4,17,5,URGENT CARE CENTER,OUT-OF-NETWORK,PERCENT PLAN PAYS,100,80,50,70,50,1,5,low,high,RISK,2
2,1,0,2,Salaried,4377,No,Rents,10,19,27,17,6,URGENT CARE CENTER,OUT-OF-NETWORK,PERCENT PLAN PAYS,80,70,100,50,70,2,10,low,high,RISK,2
0,1,1,0,Salaried,1919,No,Owns,10,15,31,17,6,URGENT CARE CENTER,OUT-OF-NETWORK,PERCENT PLAN PAYS,50,100,80,70,70,2,10,low,high,RISK,2
1,1,0,0,Salaried,4671,Yes,Rents,15,12,28,17,6,URGENT CARE CENTER,OUT-OF-NETWORK,PERCENT PLAN PAYS,100,70,80,50,70,2,10,low,high,RISK,2
2,1,0,0,Bonus,1139,No,Owns,13,16,31,17,6,URGENT CARE CENTER,OUT-OF-NETWORK,PERCENT PLAN PAYS,70,80,100,50,70,2,10,low,high,RISK,2
1,1,2,1,Bonus,3085,No,Rents,9,12,39,17,6,URGENT CARE CENTER,OUT-OF-NETWORK,PERCENT PLAN PAYS,70,80,100,50,70,2,10,low,high,RISK,2
0,1,2,0,Salaried,912,Yes,Rents,16,14,30,17,6,URGENT CARE CENTER,OUT-OF-NETWORK,PERCENT PLAN PAYS,50,100,70,80,70,2,10,low,high,RISK,2
1,0,2,1,Hourly,3561,Yes,Owns,12,13,26,17,6,URGENT CARE CENTER,OUT-OF-NETWORK,PERCENT PLAN PAYS,100,70,50,80,70,2,10,low,high,RISK,2
1,2,0,0,Hourly,4350,No,Rents,7,16,37,17,6,URGENT CARE CENTER,OUT-OF-NETWORK,PERCENT PLAN PAYS,100,50,70,80,70,2,10,low,high,RISK,2
2,2,1,2,Salaried,3664,No,Owns,7,16,39,17,6,URGENT CARE CENTER,OUT-OF-NETWORK,PERCENT PLAN PAYS,50,100,70,80,70,2,10,low,high,RISK,2
0,0,0,1,Bonus,1972,Yes,Owns,17,14,30,17,6,URGENT CARE CENTER,OUT-OF-NETWORK,PERCENT PLAN PAYS,100,70,50,80,70,2,10,low,high,RISK,2
1,0,2,2,Salaried,1235,Yes,Rents,14,14,34,17,6,URGENT CARE CENTER,OUT-OF-NETWORK,PERCENT PLAN PAYS,100,50,70,80,70,2,10,low,high,RISK,2
0,2,0,1,Bonus,2294,Yes,Owns,10,19,30,17,6,URGENT CARE CENTER,OUT-OF-NETWORK,PERCENT PLAN PAYS,100,80,50,70,70,2,10,low,high,RISK,2
0,1,2,0,Salaried,4592,Yes,Rents,16,17,35,17,6,URGENT CARE CENTER,OUT-OF-NETWORK,PERCENT PLAN PAYS,80,70,50,100,70,2,10,low,high,RISK,2
0,0,1,1,Hourly,2183,Yes,Owns,6,15,48,17,6,URGENT CARE CENTER,OUT-OF-NETWORK,PERCENT PLAN PAYS,70,100,80,50,70,2,10,low,high,RISK,2
1,1,2,1,Salaried,1622,Yes,Rents,8,12,35,17,6,URGENT CARE CENTER,OUT-OF-NETWORK,PERCENT PLAN PAYS,70,50,80,100,70,2,10,low,high,RISK,2
1,2,1,2,Salaried,4259,Yes,Rents,6,18,32,17,6,URGENT CARE CENTER,OUT-OF-NETWORK,PERCENT PLAN PAYS,100,80,70,50,70,2,10,low,high,RISK,2
2,1,1,2,Salaried,4138,No,Owns,17,13,27,17,6,URGENT CARE CENTER,OUT-OF-NETWORK,PERCENT PLAN PAYS,50,100,70,80,70,2,10,low,high,RISK,2
2,0,1,2,Bonus,2742,No,Owns,17,20,28,17,6,URGENT CARE CENTER,OUT-OF-NETWORK,PERCENT PLAN PAYS,50,80,70,100,70,2,10,low,high,RISK,2
1,1,0,2,Bonus,4027,Yes,Rents,8,14,29,17,6,URGENT CARE CENTER,OUT-OF-NETWORK,PERCENT PLAN PAYS,70,50,80,100,70,2,10,low,high,RISK,2
1,1,0,0,Bonus,3643,No,Rents,16,13,50,17,6,URGENT CARE CENTER,OUT-OF-NETWORK,PERCENT PLAN PAYS,70,100,80,50,70,2,10,low,high,RISK,2
1,0,2,0,Salaried,1855,No,Rents,17,20,35,17,6,URGENT CARE CENTER,OUT-OF-NETWORK,PERCENT PLAN PAYS,100,50,80,70,70,2,10,low,high,RISK,2
1,2,0,1,Bonus,4199,No,Owns,14,17,32,17,6,URGENT CARE CENTER,OUT-OF-NETWORK,PERCENT PLAN PAYS,80,50,70,100,70,2,10,low,high,RISK,2
0,2,1,0,Salaried,358,No,Rents,12,16,31,17,6,URGENT CARE CENTER,OUT-OF-NETWORK,PERCENT PLAN PAYS,100,80,50,70,70,2,10,low,high,RISK,2
1,1,1,1,Salaried,2175,No,Owns,16,20,34,17,6,URGENT CARE CENTER,OUT-OF-NETWORK,PERCENT PLAN PAYS,80,50,70,100,70,2,10,low,high,RISK,2
1,1,0,0,Bonus,2804,No,Owns,11,11,30,17,6,URGENT CARE CENTER,OUT-OF-NETWORK,PERCENT PLAN PAYS,50,100,70,80,70,2,10,low,high,RISK,2
2,1,2,1,Bonus,2793,Yes,Owns,17,19,27,17,6,URGENT CARE CENTER,OUT-OF-NETWORK,PERCENT PLAN PAYS,100,50,80,70,70,2,10,low,high,RISK,2
2,0,2,0,Salaried,1366,No,Owns,14,15,31,17,6,URGENT CARE CENTER,OUT-OF-NETWORK,PERCENT PLAN PAYS,70,80,100,50,70,2,10,low,high,RISK,2
0,1,1,2,Salaried,3990,No,Rents,13,12,28,17,6,URGENT CARE CENTER,OUT-OF-NETWORK,PERCENT PLAN PAYS,50,80,70,100,70,2,10,low,high,RISK,2
0,1,1,0,Salaried,1625,No,Owns,16,16,31,17,6,URGENT CARE CENTER,OUT-OF-NETWORK,PERCENT PLAN PAYS,70,100,80,50,70,2,10,low,high,RISK,2
1,2,0,0,Hourly,1178,No,Owns,5,12,39,17,6,URGENT CARE CENTER,OUT-OF-NETWORK,PERCENT PLAN PAYS,50,80,70,100,70,2,10,low,high,RISK,2
1,1,0,0,Hourly,2665,No,Rents,8,14,30,17,6,URGENT CARE CENTER,OUT-OF-NETWORK,PERCENT PLAN PAYS,100,70,80,50,70,2,10,low,high,RISK,2
1,1,2,0,Hourly,4144,No,Owns,9,13,26,17,6,URGENT CARE CENTER,OUT-OF-NETWORK,PERCENT PLAN PAYS,80,100,50,70,70,2,10,low,high,RISK,2
1,1,2,0,Hourly,2547,Yes,Owns,14,16,37,17,6,URGENT CARE CENTER,OUT-OF-NETWORK,PERCENT PLAN PAYS,100,70,80,50,70,2,10,low,high,RISK,2
1,1,1,0,Hourly,152,Yes,Owns,15,16,39,17,6,URGENT CARE CENTER,OUT-OF-NETWORK,PERCENT PLAN PAYS,80,70,100,50,70,2,10,low,high,RISK,2
0,0,0,0,Bonus,2909,Yes,Rents,9,14,30,17,6,URGENT CARE CENTER,OUT-OF-NETWORK,PERCENT PLAN PAYS,70,100,50,80,70,2,10,low,high,RISK,2
2,2,1,1,Bonus,2404,Yes,Owns,11,14,34,17,6,URGENT CARE CENTER,OUT-OF-NETWORK,PERCENT PLAN PAYS,50,70,80,100,70,2,10,low,high,RISK,2
2,0,1,2,Bonus,144,Yes,Owns,10,19,30,17,6,URGENT CARE CENTER,OUT-OF-NETWORK,PERCENT PLAN PAYS,70,100,50,80,70,2,10,low,high,RISK,2
2,0,1,0,Hourly,2250,No,Owns,11,17,35,17,6,URGENT CARE CENTER,OUT-OF-NETWORK,PERCENT PLAN PAYS,70,80,50,100,70,2,10,low,high,RISK,2
2,0,0,0,Hourly,4826,No,Owns,10,15,48,17,6,URGENT CARE CENTER,OUT-OF-NETWORK,PERCENT PLAN PAYS,50,100,80,70,70,2,10,low,high,RISK,2
1,1,0,0,Salaried,792,No,Owns,12,12,35,17,6,URGENT CARE CENTER,OUT-OF-NETWORK,PERCENT PLAN PAYS,50,80,70,100,70,2,10,low,high,RISK,2
0,2,0,1,Hourly,3429,No,Rents,15,18,32,17,6,URGENT CARE CENTER,OUT-OF-NETWORK,PERCENT PLAN PAYS,50,70,100,80,70,2,10,low,high,RISK,2
0,2,0,1,Hourly,1596,Yes,Owns,11,13,27,17,6,URGENT CARE CENTER,OUT-OF-NETWORK,PERCENT PLAN PAYS,80,100,70,50,70,2,10,low,high,RISK,2
1,1,2,0,Salaried,83,Yes,Owns,7,20,28,17,6,URGENT CARE CENTER,OUT-OF-NETWORK,PERCENT PLAN PAYS,80,50,100,70,70,2,10,low,high,RISK,2
1,2,0,2,Salaried,3601,No,Owns,6,14,29,17,6,URGENT CARE CENTER,OUT-OF-NETWORK,PERCENT PLAN PAYS,80,100,50,70,70,2,10,low,high,RISK,2
1,1,0,1,Bonus,861,No,Owns,15,13,50,17,6,URGENT CARE CENTER,OUT-OF-NETWORK,PERCENT PLAN PAYS,100,70,50,80,70,2,10,low,high,RISK,2
0,2,2,2,Salaried,2240,Yes,Rents,15,20,35,17,6,URGENT CARE CENTER,OUT-OF-NETWORK,PERCENT PLAN PAYS,80,50,100,70,70,2,10,low,high,RISK,2
1,0,0,0,Hourly,2384,No,Rents,6,17,32,17,6,URGENT CARE CENTER,OUT-OF-NETWORK,PERCENT PLAN PAYS,70,80,50,100,70,2,10,low,high,RISK,2
0,0,0,0,Bonus,2363,Yes,Rents,12,16,31,17,6,URGENT CARE CENTER,OUT-OF-NETWORK,PERCENT PLAN PAYS,100,50,70,80,70,2,10,low,high,RISK,2
1,1,2,0,Salaried,4539,No,Owns,10,20,34,17,6,URGENT CARE CENTER,OUT-OF-NETWORK,PERCENT PLAN PAYS,80,70,50,100,70,2,10,low,high,RISK,2
1,1,0,0,Bonus,489,No,Rents,9,11,30,17,6,URGENT CARE CENTER,OUT-OF-NETWORK,PERCENT PLAN PAYS,80,100,70,50,70,2,10,low,high,RISK,2
1,2,0,2,Bonus,4623,Yes,Owns,7,19,27,17,6,URGENT CARE CENTER,OUT-OF-NETWORK,PERCENT PLAN PAYS,50,100,80,70,70,2,10,low,high,RISK,2
1,0,0,0,Salaried,153,Yes,Owns,5,15,31,17,6,URGENT CARE CENTER,OUT-OF-NETWORK,PERCENT PLAN PAYS,100,80,70,50,70,2,10,low,high,RISK,2
0,2,2,1,Salaried,3954,No,Owns,6,12,28,17,6,URGENT CARE CENTER,OUT-OF-NETWORK,PERCENT PLAN PAYS,100,70,50,80,70,2,10,low,high,RISK,2
0,1,0,0,Salaried,4742,No,Rents,5,16,31,17,6,URGENT CARE CENTER,OUT-OF-NETWORK,PERCENT PLAN PAYS,70,50,100,80,70,2,10,low,high,RISK,2
0,0,0,1,Hourly,3289,No,Rents,15,12,39,17,6,URGENT CARE CENTER,OUT-OF-NETWORK,PERCENT PLAN PAYS,70,80,50,100,70,2,10,low,high,RISK,2
0,0,1,1,Bonus,3409,Yes,Rents,13,14,30,17,6,URGENT CARE CENTER,OUT-OF-NETWORK,PERCENT PLAN PAYS,80,70,100,50,70,2,10,low,high,RISK,2
0,0,2,1,Bonus,3179,No,Rents,8,13,26,17,6,URGENT CARE CENTER,OUT-OF-NETWORK,PERCENT PLAN PAYS,80,100,70,50,70,2,10,low,high,RISK,2
0,0,0,1,Bonus,4271,No,Rents,9,16,37,17,6,URGENT CARE CENTER,OUT-OF-NETWORK,PERCENT PLAN PAYS,80,70,50,100,70,2,10,low,high,RISK,2
0,0,0,0,Hourly,4605,Yes,Rents,10,16,39,17,6,URGENT CARE CENTER,OUT-OF-NETWORK,PERCENT PLAN PAYS,70,100,50,80,70,2,10,low,high,RISK,2
0,2,2,2,Salaried,3042,Yes,Rents,6,14,30,17,6,URGENT CARE CENTER,OUT-OF-NETWORK,PERCENT PLAN PAYS,70,50,80,100,70,2,10,low,high,RISK,2
0,2,2,0,Hourly,170,No,Rents,16,14,34,17,6,URGENT CARE CENTER,OUT-OF-NETWORK,PERCENT PLAN PAYS,50,80,70,100,70,2,10,low,high,RISK,2
0,1,0,2,Salaried,2062,No,Rents,7,19,30,17,6,URGENT CARE CENTER,OUT-OF-NETWORK,PERCENT PLAN PAYS,70,80,100,50,70,2,10,low,high,RISK,2
1,1,2,2,Bonus,1962,No,Rents,5,17,35,17,6,URGENT CARE CENTER,OUT-OF-NETWORK,PERCENT PLAN PAYS,100,70,80,50,70,2,10,low,high,RISK,2
0,0,0,0,Bonus,1006,No,Owns,11,15,48,17,6,URGENT CARE CENTER,OUT-OF-NETWORK,PERCENT PLAN PAYS,100,80,70,50,70,2,10,low,high,RISK,2
0,2,1,2,Salaried,4555,No,Rents,8,12,35,17,6,URGENT CARE CENTER,OUT-OF-NETWORK,PERCENT PLAN PAYS,50,100,80,70,70,2,10,low,high,RISK,2
2,1,1,0,Bonus,458,No,Rents,10,18,32,17,6,URGENT CARE CENTER,OUT-OF-NETWORK,PERCENT PLAN PAYS,50,80,100,70,70,2,10,low,high,RISK,2
2,0,2,1,Hourly,1593,No,Owns,5,13,27,17,6,URGENT CARE CENTER,OUT-OF-NETWORK,PERCENT PLAN PAYS,70,80,50,100,70,2,10,low,high,RISK,2
0,2,0,1,Hourly,4519,Yes,Owns,11,20,28,17,6,URGENT CARE CENTER,OUT-OF-NETWORK,PERCENT PLAN PAYS,100,70,80,50,70,2,10,low,high,RISK,2
0,1,0,0,Bonus,2639,No,Rents,5,14,29,17,6,URGENT CARE CENTER,OUT-OF-NETWORK,PERCENT PLAN PAYS,50,80,70,100,70,2,10,low,high,RISK,2
0,0,2,1,Hourly,2563,Yes,Rents,15,13,50,17,6,URGENT CARE CENTER,OUT-OF-NETWORK,PERCENT PLAN PAYS,80,70,50,100,70,2,10,low,high,RISK,2
0,1,2,1,Bonus,2810,Yes,Owns,15,20,35,17,6,URGENT CARE CENTER,OUT-OF-NETWORK,PERCENT PLAN PAYS,80,50,100,70,70,2,10,low,high,RISK,2
1,1,0,1,Hourly,2954,Yes,Owns,18,17,32,17,6,URGENT CARE CENTER,OUT-OF-NETWORK,PERCENT PLAN PAYS,70,100,80,50,70,2,10,low,high,RISK,2
1,0,2,0,Hourly,2299,Yes,Owns,13,16,31,17,6,URGENT CARE CENTER,OUT-OF-NETWORK,PERCENT PLAN PAYS,100,70,50,80,70,2,10,low,high,RISK,2
0,0,1,2,Hourly,1155,No,Rents,6,20,34,17,6,URGENT CARE CENTER,OUT-OF-NETWORK,PERCENT PLAN PAYS,100,50,70,80,70,2,10,low,high,RISK,2
1,0,2,0,Bonus,1856,Yes,Rents,14,11,30,17,6,URGENT CARE CENTER,OUT-OF-NETWORK,PERCENT PLAN PAYS,50,80,100,70,70,2,10,low,high,RISK,2
2,1,1,0,Salaried,3352,Yes,Rents,6,19,27,17,6,URGENT CARE CENTER,OUT-OF-NETWORK,PERCENT PLAN PAYS,50,70,100,80,70,2,10,low,high,RISK,2
2,0,0,1,Hourly,3735,Yes,Owns,15,15,31,17,6,URGENT CARE CENTER,OUT-OF-NETWORK,PERCENT PLAN PAYS,50,100,80,70,70,2,10,low,high,RISK,2
2,1,0,2,Salaried,1125,Yes,Rents,6,12,28,17,6,URGENT CARE CENTER,OUT-OF-NETWORK,PERCENT PLAN PAYS,80,70,100,50,70,2,10,low,high,RISK,2
2,0,1,0,Bonus,4695,No,Owns,5,16,31,17,6,URGENT CARE CENTER,OUT-OF-NETWORK,PERCENT PLAN PAYS,80,50,70,100,70,2,10,low,high,RISK,2
1,1,1,1,Salaried,1210,No,Rents,17,12,39,17,6,URGENT CARE CENTER,OUT-OF-NETWORK,PERCENT PLAN PAYS,50,100,70,80,70,2,10,low,high,RISK,2
1,2,1,0,Bonus,3149,No,Owns,6,14,30,17,6,URGENT CARE CENTER,OUT-OF-NETWORK,PERCENT PLAN PAYS,100,70,50,80,70,2,10,low,high,RISK,2
1,1,1,1,Bonus,3757,No,Rents,6,13,26,17,6,URGENT CARE CENTER,OUT-OF-NETWORK,PERCENT PLAN PAYS,80,70,50,100,70,2,10,low,high,RISK,2
1,0,2,1,Salaried,4038,Yes,Rents,12,16,37,17,6,URGENT CARE CENTER,OUT-OF-NETWORK,PERCENT PLAN PAYS,50,70,100,80,70,2,10,low,high,RISK,2
0,0,0,2,Bonus,381,No,Owns,8,16,39,17,6,URGENT CARE CENTER,OUT-OF-NETWORK,PERCENT PLAN PAYS,70,100,80,50,70,2,10,low,high,RISK,2
0,0,1,1,Hourly,2879,Yes,Rents,16,14,30,17,6,URGENT CARE CENTER,OUT-OF-NETWORK,PERCENT PLAN PAYS,100,70,50,80,70,2,10,low,high,RISK,2
1,2,0,0,Hourly,2246,No,Owns,17,14,34,17,6,URGENT CARE CENTER,OUT-OF-NETWORK,PERCENT PLAN PAYS,70,80,50,100,70,2,10,low,high,RISK,2
0,2,1,0,Hourly,3337,No,Rents,7,19,30,17,6,URGENT CARE CENTER,OUT-OF-NETWORK,PERCENT PLAN PAYS,100,80,50,70,70,2,10,low,high,RISK,2
1,1,1,1,Hourly,874,No,Owns,17,17,35,17,6,URGENT CARE CENTER,OUT-OF-NETWORK,PERCENT PLAN PAYS,100,80,70,50,70,2,10,low,high,RISK,2
0,1,0,0,Hourly,4470,Yes,Owns,6,15,48,17,6,URGENT CARE CENTER,OUT-OF-NETWORK,PERCENT PLAN PAYS,50,70,100,80,70,2,10,low,high,RISK,2
2,0,1,1,Hourly,3252,Yes,Owns,10,12,35,17,6,URGENT CARE CENTER,OUT-OF-NETWORK,PERCENT PLAN PAYS,80,100,50,70,70,2,10,low,high,RISK,2
0,2,0,1,Hourly,176,Yes,Rents,9,18,32,17,6,URGENT CARE CENTER,OUT-OF-NETWORK,PERCENT PLAN PAYS,100,80,50,70,70,2,10,low,high,RISK,2
1,0,2,0,Hourly,3681,Yes,Owns,6,13,27,17,6,URGENT CARE CENTER,OUT-OF-NETWORK,PERCENT PLAN PAYS,50,100,70,80,70,2,10,low,high,RISK,2
1,2,1,2,Hourly,1019,Yes,Owns,15,20,28,17,6,URGENT CARE CENTER,OUT-OF-NETWORK,PERCENT PLAN PAYS,80,70,100,50,70,2,10,low,high,RISK,2
1,2,1,1,Bonus,4493,Yes,Owns,18,14,29,17,6,URGENT CARE CENTER,OUT-OF-NETWORK,PERCENT PLAN PAYS,100,70,50,80,70,2,10,low,high,RISK,2
1,2,2,0,Salaried,1012,Yes,Owns,15,13,50,17,6,URGENT CARE CENTER,OUT-OF-NETWORK,PERCENT PLAN PAYS,100,50,70,80,70,2,10,low,high,RISK,2
0,0,1,1,Bonus,1248,Yes,Rents,7,20,35,17,6,URGENT CARE CENTER,OUT-OF-NETWORK,PERCENT PLAN PAYS,100,70,80,50,70,2,10,low,high,RISK,2
0,0,1,0,Salaried,1214,No,Owns,6,17,32,17,6,URGENT CARE CENTER,OUT-OF-NETWORK,PERCENT PLAN PAYS,100,80,70,50,70,2,10,low,high,RISK,2
1,0,1,0,Salaried,2852,Yes,Rents,6,16,31,17,6,URGENT CARE CENTER,OUT-OF-NETWORK,PERCENT PLAN PAYS,80,70,100,50,70,2,10,low,high,RISK,2
1,0,0,0,Bonus,1440,Yes,Owns,10,20,34,17,6,URGENT CARE CENTER,OUT-OF-NETWORK,PERCENT PLAN PAYS,100,70,50,80,70,2,10,low,high,RISK,2
1,0,1,0,Bonus,2951,No,Owns,11,11,30,17,6,URGENT CARE CENTER,OUT-OF-NETWORK,PERCENT PLAN PAYS,50,80,100,70,70,2,10,low,high,RISK,2
3,2,1,3,Salaried,4377,No,Rents,24,48,52,17,7,URGENT CARE CENTER,OUT-OF-NETWORK,PERCENT PLAN PAYS,100,80,50,70,70,2,20,low,high,RISK,2
1,1,2,1,Salaried,1919,No,Owns,25,33,56,17,7,URGENT CARE CENTER,OUT-OF-NETWORK,PERCENT PLAN PAYS,80,50,100,70,70,2,20,low,high,RISK,2
2,2,1,1,Salaried,4671,Yes,Rents,33,23,53,17,7,URGENT CARE CENTER,OUT-OF-NETWORK,PERCENT PLAN PAYS,70,80,50,100,70,2,20,low,high,RISK,2
3,2,1,1,Bonus,1139,No,Owns,29,38,56,17,7,URGENT CARE CENTER,OUT-OF-NETWORK,PERCENT PLAN PAYS,50,80,70,100,70,2,20,low,high,RISK,2
1,2,3,2,Bonus,3085,No,Rents,23,24,64,17,7,URGENT CARE CENTER,OUT-OF-NETWORK,PERCENT PLAN PAYS,50,70,100,80,70,2,20,low,high,RISK,2
1,2,3,1,Salaried,912,Yes,Rents,37,29,55,17,7,URGENT CARE CENTER,OUT-OF-NETWORK,PERCENT PLAN PAYS,100,80,50,70,70,2,20,low,high,RISK,2
2,1,3,2,Hourly,3561,Yes,Owns,28,26,51,17,7,URGENT CARE CENTER,OUT-OF-NETWORK,PERCENT PLAN PAYS,80,100,70,50,70,2,20,low,high,RISK,2
2,3,1,1,Hourly,4350,No,Rents,19,36,62,17,7,URGENT CARE CENTER,OUT-OF-NETWORK,PERCENT PLAN PAYS,50,100,70,80,70,2,20,low,high,RISK,2
3,3,2,3,Salaried,3664,No,Owns,18,38,64,17,7,URGENT CARE CENTER,OUT-OF-NETWORK,PERCENT PLAN PAYS,70,50,80,100,70,2,20,low,high,RISK,2
1,1,1,1,Bonus,1972,Yes,Owns,38,31,55,17,7,URGENT CARE CENTER,OUT-OF-NETWORK,PERCENT PLAN PAYS,100,50,70,80,70,2,20,low,high,RISK,2
1,1,3,3,Salaried,1235,Yes,Rents,32,31,59,17,7,URGENT CARE CENTER,OUT-OF-NETWORK,PERCENT PLAN PAYS,70,80,100,50,70,2,20,low,high,RISK,2
1,3,1,2,Bonus,2294,Yes,Owns,25,47,55,17,7,URGENT CARE CENTER,OUT-OF-NETWORK,PERCENT PLAN PAYS,50,100,70,80,70,2,20,low,high,RISK,2
1,2,3,1,Salaried,4592,Yes,Rents,37,41,60,17,7,URGENT CARE CENTER,OUT-OF-NETWORK,PERCENT PLAN PAYS,100,50,80,70,70,2,20,low,high,RISK,2
1,1,1,2,Hourly,2183,Yes,Owns,16,35,73,17,7,URGENT CARE CENTER,OUT-OF-NETWORK,PERCENT PLAN PAYS,100,70,80,50,70,2,20,low,high,RISK,2
2,2,3,2,Salaried,1622,Yes,Rents,21,24,60,17,7,URGENT CARE CENTER,OUT-OF-NETWORK,PERCENT PLAN PAYS,70,100,80,50,70,2,20,low,high,RISK,2
2,3,1,3,Salaried,4259,Yes,Rents,17,43,57,17,7,URGENT CARE CENTER,OUT-OF-NETWORK,PERCENT PLAN PAYS,50,80,100,70,70,2,20,low,high,RISK,2
3,2,2,3,Salaried,4138,No,Owns,37,25,52,17,7,URGENT CARE CENTER,OUT-OF-NETWORK,PERCENT PLAN PAYS,70,100,80,50,70,2,20,low,high,RISK,2
3,1,2,3,Bonus,2742,No,Owns,39,50,53,17,7,URGENT CARE CENTER,OUT-OF-NETWORK,PERCENT PLAN PAYS,70,100,50,80,70,2,20,low,high,RISK,2
1,1,1,3,Bonus,4027,Yes,Rents,21,31,54,17,7,URGENT CARE CENTER,OUT-OF-NETWORK,PERCENT PLAN PAYS,70,50,100,80,70,2,20,low,high,RISK,2
2,2,1,1,Bonus,3643,No,Rents,35,26,75,17,7,URGENT CARE CENTER,OUT-OF-NETWORK,PERCENT PLAN PAYS,80,70,50,100,70,2,20,low,high,RISK,2
2,1,3,1,Salaried,1855,No,Rents,39,49,60,17,7,URGENT CARE CENTER,OUT-OF-NETWORK,PERCENT PLAN PAYS,50,100,80,70,70,2,20,low,high,RISK,2
1,3,1,1,Bonus,4199,No,Owns,33,40,57,17,7,URGENT CARE CENTER,OUT-OF-NETWORK,PERCENT PLAN PAYS,50,100,70,80,70,2,20,low,high,RISK,2
1,3,2,1,Salaried,358,No,Rents,28,36,56,17,7,URGENT CARE CENTER,OUT-OF-NETWORK,PERCENT PLAN PAYS,100,70,50,80,70,2,20,low,high,RISK,2
2,2,2,1,Salaried,2175,No,Owns,35,49,59,17,7,URGENT CARE CENTER,OUT-OF-NETWORK,PERCENT PLAN PAYS,100,70,50,80,70,2,20,low,high,RISK,2
2,2,1,1,Bonus,2804,No,Owns,26,20,55,17,7,URGENT CARE CENTER,OUT-OF-NETWORK,PERCENT PLAN PAYS,100,50,80,70,70,2,20,low,high,RISK,2
3,3,3,2,Bonus,2793,Yes,Owns,39,48,52,17,7,URGENT CARE CENTER,OUT-OF-NETWORK,PERCENT PLAN PAYS,50,70,100,80,70,2,20,low,high,RISK,2
3,1,3,1,Salaried,1366,No,Owns,32,33,56,17,7,URGENT CARE CENTER,OUT-OF-NETWORK,PERCENT PLAN PAYS,50,80,100,70,70,2,20,low,high,RISK,2
1,2,2,3,Salaried,3990,No,Rents,30,23,53,17,7,URGENT CARE CENTER,OUT-OF-NETWORK,PERCENT PLAN PAYS,50,80,100,70,70,2,20,low,high,RISK,2
1,2,2,1,Salaried,1625,No,Owns,36,38,56,17,7,URGENT CARE CENTER,OUT-OF-NETWORK,PERCENT PLAN PAYS,50,80,70,100,70,2,20,low,high,RISK,2
2,3,1,1,Hourly,1178,No,Owns,15,24,64,17,7,URGENT CARE CENTER,OUT-OF-NETWORK,PERCENT PLAN PAYS,100,70,50,80,70,2,20,low,high,RISK,2
2,1,1,1,Hourly,2665,No,Rents,20,29,55,17,7,URGENT CARE CENTER,OUT-OF-NETWORK,PERCENT PLAN PAYS,50,80,100,70,70,2,20,low,high,RISK,2
2,3,3,1,Hourly,4144,No,Owns,23,26,51,17,7,URGENT CARE CENTER,OUT-OF-NETWORK,PERCENT PLAN PAYS,80,70,100,50,70,2,20,low,high,RISK,2
2,2,3,1,Hourly,2547,Yes,Owns,32,36,62,17,7,URGENT CARE CENTER,OUT-OF-NETWORK,PERCENT PLAN PAYS,80,50,100,70,70,2,20,low,high,RISK,2
2,1,2,1,Hourly,152,Yes,Owns,34,38,64,17,7,URGENT CARE CENTER,OUT-OF-NETWORK,PERCENT PLAN PAYS,80,50,70,100,70,2,20,low,high,RISK,2
1,1,1,1,Bonus,2909,Yes,Rents,23,31,55,17,7,URGENT CARE CENTER,OUT-OF-NETWORK,PERCENT PLAN PAYS,80,70,50,100,70,2,20,low,high,RISK,2
3,3,2,2,Bonus,2404,Yes,Owns,27,31,59,17,7,URGENT CARE CENTER,OUT-OF-NETWORK,PERCENT PLAN PAYS,50,70,100,80,70,2,20,low,high,RISK,2
3,1,2,3,Bonus,144,Yes,Owns,24,47,55,17,7,URGENT CARE CENTER,OUT-OF-NETWORK,PERCENT PLAN PAYS,50,80,100,70,70,2,20,low,high,RISK,2
3,1,2,1,Hourly,2250,No,Owns,26,41,60,17,7,URGENT CARE CENTER,OUT-OF-NETWORK,PERCENT PLAN PAYS,70,50,80,100,70,2,20,low,high,RISK,2
3,1,1,1,Hourly,4826,No,Owns,25,35,73,17,7,URGENT CARE CENTER,OUT-OF-NETWORK,PERCENT PLAN PAYS,70,50,100,80,70,2,20,low,high,RISK,2
2,2,1,1,Salaried,792,No,Owns,28,24,60,17,7,URGENT CARE CENTER,OUT-OF-NETWORK,PERCENT PLAN PAYS,80,70,100,50,70,2,20,low,high,RISK,2
1,3,1,2,Hourly,3429,No,Rents,34,43,57,17,7,URGENT CARE CENTER,OUT-OF-NETWORK,PERCENT PLAN PAYS,100,50,70,80,70,2,20,low,high,RISK,2
1,3,1,2,Hourly,1596,Yes,Owns,27,25,52,17,7,URGENT CARE CENTER,OUT-OF-NETWORK,PERCENT PLAN PAYS,50,80,100,70,70,2,20,low,high,RISK,2
2,3,3,1,Salaried,83,Yes,Owns,19,50,53,17,7,URGENT CARE CENTER,OUT-OF-NETWORK,PERCENT PLAN PAYS,80,100,70,50,70,2,20,low,high,RISK,2
2,3,1,3,Salaried,3601,No,Owns,17,31,54,17,7,URGENT CARE CENTER,OUT-OF-NETWORK,PERCENT PLAN PAYS,80,70,100,50,70,2,20,low,high,RISK,2
2,2,1,2,Bonus,861,No,Owns,34,26,75,17,7,URGENT CARE CENTER,OUT-OF-NETWORK,PERCENT PLAN PAYS,50,100,80,70,70,2,20,low,high,RISK,2
1,3,3,3,Salaried,2240,Yes,Rents,35,49,60,17,7,URGENT CARE CENTER,OUT-OF-NETWORK,PERCENT PLAN PAYS,50,80,100,70,70,2,20,low,high,RISK,2
1,1,1,1,Hourly,2384,No,Rents,17,40,57,17,7,URGENT CARE CENTER,OUT-OF-NETWORK,PERCENT PLAN PAYS,100,70,80,50,70,2,20,low,high,RISK,2
1,1,1,1,Bonus,2363,Yes,Rents,29,36,56,17,7,URGENT CARE CENTER,OUT-OF-NETWORK,PERCENT PLAN PAYS,70,50,100,80,70,2,20,low,high,RISK,2
2,1,3,1,Salaried,4539,No,Owns,24,49,59,17,7,URGENT CARE CENTER,OUT-OF-NETWORK,PERCENT PLAN PAYS,100,50,80,70,70,2,20,low,high,RISK,2
2,1,1,1,Bonus,489,No,Rents,23,20,55,17,7,URGENT CARE CENTER,OUT-OF-NETWORK,PERCENT PLAN PAYS,80,50,70,100,70,2,20,low,high,RISK,2
2,3,1,3,Bonus,4623,Yes,Owns,19,48,52,17,7,URGENT CARE CENTER,OUT-OF-NETWORK,PERCENT PLAN PAYS,70,100,50,80,70,2,20,low,high,RISK,2
2,1,1,1,Salaried,153,Yes,Owns,15,33,56,17,7,URGENT CARE CENTER,OUT-OF-NETWORK,PERCENT PLAN PAYS,70,50,80,100,70,2,20,low,high,RISK,2
1,3,3,2,Salaried,3954,No,Owns,17,23,53,17,7,URGENT CARE CENTER,OUT-OF-NETWORK,PERCENT PLAN PAYS,70,100,50,80,70,2,20,low,high,RISK,2
1,2,1,1,Salaried,4742,No,Rents,15,38,56,17,7,URGENT CARE CENTER,OUT-OF-NETWORK,PERCENT PLAN PAYS,70,100,80,50,70,2,20,low,high,RISK,2
1,1,1,2,Hourly,3289,No,Rents,35,24,64,17,7,URGENT CARE CENTER,OUT-OF-NETWORK,PERCENT PLAN PAYS,50,80,100,70,70,2,20,low,high,RISK,2
1,1,2,2,Bonus,3409,Yes,Rents,30,29,55,17,7,URGENT CARE CENTER,OUT-OF-NETWORK,PERCENT PLAN PAYS,70,80,100,50,70,2,20,low,high,RISK,2
1,1,3,2,Bonus,3179,No,Rents,21,26,51,17,7,URGENT CARE CENTER,OUT-OF-NETWORK,PERCENT PLAN PAYS,70,80,50,100,70,2,20,low,high,RISK,2
1,1,1,2,Bonus,4271,No,Rents,22,36,62,17,7,URGENT CARE CENTER,OUT-OF-NETWORK,PERCENT PLAN PAYS,80,70,100,50,70,2,20,low,high,RISK,2
1,1,1,1,Hourly,4605,Yes,Rents,24,38,64,17,7,URGENT CARE CENTER,OUT-OF-NETWORK,PERCENT PLAN PAYS,80,100,50,70,70,2,20,low,high,RISK,2
1,3,3,3,Salaried,3042,Yes,Rents,16,31,55,17,7,URGENT CARE CENTER,OUT-OF-NETWORK,PERCENT PLAN PAYS,70,100,80,50,70,2,20,low,high,RISK,2
1,3,3,1,Hourly,170,No,Rents,37,31,59,17,7,URGENT CARE CENTER,OUT-OF-NETWORK,PERCENT PLAN PAYS,100,50,80,70,70,2,20,low,high,RISK,2
1,1,1,3,Salaried,2062,No,Rents,20,47,55,17,7,URGENT CARE CENTER,OUT-OF-NETWORK,PERCENT PLAN PAYS,100,50,80,70,70,2,20,low,high,RISK,2
2,2,3,3,Bonus,1962,No,Rents,15,41,60,17,7,URGENT CARE CENTER,OUT-OF-NETWORK,PERCENT PLAN PAYS,100,80,70,50,70,2,20,low,high,RISK,2
1,1,1,1,Bonus,1006,No,Owns,27,35,73,17,7,URGENT CARE CENTER,OUT-OF-NETWORK,PERCENT PLAN PAYS,100,70,80,50,70,2,20,low,high,RISK,2
1,3,2,3,Salaried,4555,No,Rents,20,24,60,17,7,URGENT CARE CENTER,OUT-OF-NETWORK,PERCENT PLAN PAYS,50,100,70,80,70,2,20,low,high,RISK,2
3,1,2,1,Bonus,458,No,Rents,25,43,57,17,7,URGENT CARE CENTER,OUT-OF-NETWORK,PERCENT PLAN PAYS,50,80,100,70,70,2,20,low,high,RISK,2
3,1,3,1,Hourly,1593,No,Owns,16,25,52,17,7,URGENT CARE CENTER,OUT-OF-NETWORK,PERCENT PLAN PAYS,100,50,80,70,70,2,20,low,high,RISK,2
1,3,1,2,Hourly,4519,Yes,Owns,26,50,53,17,7,URGENT CARE CENTER,OUT-OF-NETWORK,PERCENT PLAN PAYS,100,80,50,70,70,2,20,low,high,RISK,2
1,2,1,1,Bonus,2639,No,Rents,16,31,54,17,7,URGENT CARE CENTER,OUT-OF-NETWORK,PERCENT PLAN PAYS,80,100,50,70,70,2,20,low,high,RISK,2
1,1,3,1,Hourly,2563,Yes,Rents,35,26,75,17,7,URGENT CARE CENTER,OUT-OF-NETWORK,PERCENT PLAN PAYS,80,70,50,100,70,2,20,low,high,RISK,2
1,2,3,2,Bonus,2810,Yes,Owns,35,49,60,17,7,URGENT CARE CENTER,OUT-OF-NETWORK,PERCENT PLAN PAYS,80,50,70,100,70,2,20,low,high,RISK,2
2,2,1,2,Hourly,2954,Yes,Owns,39,40,57,17,7,URGENT CARE CENTER,OUT-OF-NETWORK,PERCENT PLAN PAYS,50,70,100,80,70,2,20,low,high,RISK,2
2,1,3,1,Hourly,2299,Yes,Owns,31,36,56,17,7,URGENT CARE CENTER,OUT-OF-NETWORK,PERCENT PLAN PAYS,80,100,70,50,70,2,20,low,high,RISK,2
1,1,2,3,Hourly,1155,No,Rents,16,49,59,17,7,URGENT CARE CENTER,OUT-OF-NETWORK,PERCENT PLAN PAYS,80,50,70,100,70,2,20,low,high,RISK,2
2,1,3,1,Bonus,1856,Yes,Rents,31,20,55,17,7,URGENT CARE CENTER,OUT-OF-NETWORK,PERCENT PLAN PAYS,100,50,80,70,70,2,20,low,high,RISK,2
3,2,2,1,Salaried,3352,Yes,Rents,18,48,52,17,7,URGENT CARE CENTER,OUT-OF-NETWORK,PERCENT PLAN PAYS,50,70,100,80,70,2,20,low,high,RISK,2
3,1,1,2,Hourly,3735,Yes,Owns,34,33,56,17,7,URGENT CARE CENTER,OUT-OF-NETWORK,PERCENT PLAN PAYS,100,50,70,80,70,2,20,low,high,RISK,2
3,2,1,3,Salaried,1125,Yes,Rents,18,23,53,17,7,URGENT CARE CENTER,OUT-OF-NETWORK,PERCENT PLAN PAYS,50,70,100,80,70,2,20,low,high,RISK,2
3,1,2,1,Bonus,4695,No,Owns,15,38,56,17,7,URGENT CARE CENTER,OUT-OF-NETWORK,PERCENT PLAN PAYS,80,70,50,100,70,2,20,low,high,RISK,2
2,2,2,2,Salaried,1210,No,Rents,38,24,64,17,7,URGENT CARE CENTER,OUT-OF-NETWORK,PERCENT PLAN PAYS,80,70,50,100,70,2,20,low,high,RISK,2
2,3,2,1,Bonus,3149,No,Owns,17,29,55,17,7,URGENT CARE CENTER,OUT-OF-NETWORK,PERCENT PLAN PAYS,70,50,80,100,70,2,20,low,high,RISK,2
2,2,2,2,Bonus,3757,No,Rents,18,26,51,17,7,URGENT CARE CENTER,OUT-OF-NETWORK,PERCENT PLAN PAYS,100,70,80,50,70,2,20,low,high,RISK,2
3,1,3,2,Salaried,4038,Yes,Rents,28,36,62,17,7,URGENT CARE CENTER,OUT-OF-NETWORK,PERCENT PLAN PAYS,70,80,100,50,70,2,20,low,high,RISK,2
1,1,1,3,Bonus,381,No,Owns,20,38,64,17,7,URGENT CARE CENTER,OUT-OF-NETWORK,PERCENT PLAN PAYS,50,100,70,80,70,2,20,low,high,RISK,2
1,1,1,2,Hourly,2879,Yes,Rents,37,31,55,17,7,URGENT CARE CENTER,OUT-OF-NETWORK,PERCENT PLAN PAYS,70,80,50,100,70,2,20,low,high,RISK,2
2,3,1,1,Hourly,2246,No,Owns,38,31,59,17,7,URGENT CARE CENTER,OUT-OF-NETWORK,PERCENT PLAN PAYS,100,50,80,70,70,2,20,low,high,RISK,2
1,3,2,1,Hourly,3337,No,Rents,18,47,55,17,7,URGENT CARE CENTER,OUT-OF-NETWORK,PERCENT PLAN PAYS,100,50,70,80,70,2,20,low,high,RISK,2
2,2,1,2,Hourly,874,No,Owns,38,41,60,17,7,URGENT CARE CENTER,OUT-OF-NETWORK,PERCENT PLAN PAYS,80,70,50,100,70,2,20,low,high,RISK,2
1,2,1,1,Hourly,4470,Yes,Owns,16,35,73,17,7,URGENT CARE CENTER,OUT-OF-NETWORK,PERCENT PLAN PAYS,70,100,80,50,70,2,20,low,high,RISK,2
3,1,3,1,Hourly,3252,Yes,Owns,24,24,60,17,7,URGENT CARE CENTER,OUT-OF-NETWORK,PERCENT PLAN PAYS,50,70,100,80,70,2,20,low,high,RISK,2
1,3,1,2,Hourly,176,Yes,Rents,23,43,57,17,7,URGENT CARE CENTER,OUT-OF-NETWORK,PERCENT PLAN PAYS,50,80,100,70,70,2,20,low,high,RISK,2
2,1,3,1,Hourly,3681,Yes,Owns,17,25,52,17,7,URGENT CARE CENTER,OUT-OF-NETWORK,PERCENT PLAN PAYS,80,100,70,50,70,2,20,low,high,RISK,2
1,3,2,3,Hourly,1019,Yes,Owns,35,50,53,17,7,URGENT CARE CENTER,OUT-OF-NETWORK,PERCENT PLAN PAYS,50,80,70,100,70,2,20,low,high,RISK,2
1,3,2,1,Bonus,4493,Yes,Owns,39,31,54,17,7,URGENT CARE CENTER,OUT-OF-NETWORK,PERCENT PLAN PAYS,50,70,100,80,70,2,20,low,high,RISK,2
1,1,2,1,Bonus,1248,Yes,Rents,18,49,60,17,7,URGENT CARE CENTER,OUT-OF-NETWORK,PERCENT PLAN PAYS,50,100,70,80,70,2,20,low,high,RISK,2
2,1,1,1,Salaried,2852,Yes,Rents,18,36,56,17,7,URGENT CARE CENTER,OUT-OF-NETWORK,PERCENT PLAN PAYS,80,50,70,100,70,2,20,low,high,RISK,2
2,1,1,1,Bonus,1440,Yes,Owns,24,49,59,17,7,URGENT CARE CENTER,OUT-OF-NETWORK,PERCENT PLAN PAYS,70,80,100,50,70,2,20,low,high,RISK,2
3,1,3,1,Bonus,2951,No,Owns,26,20,55,17,7,URGENT CARE CENTER,OUT-OF-NETWORK,PERCENT PLAN PAYS,80,50,100,70,70,2,20,low,high,RISK,2
4,3,2,4,Salaried,4377,No,Rents,46,73,76,17,8,URGENT CARE CENTER,OUT-OF-NETWORK,PERCENT PLAN PAYS,80,70,50,100,80,3,50,low,high,RISK,2
2,3,4,2,Salaried,1919,No,Owns,48,61,80,17,8,URGENT CARE CENTER,OUT-OF-NETWORK,PERCENT PLAN PAYS,100,70,50,80,80,3,50,low,high,RISK,2
4,4,3,2,Salaried,4671,Yes,Rents,57,53,77,17,8,URGENT CARE CENTER,OUT-OF-NETWORK,PERCENT PLAN PAYS,80,70,100,50,80,3,50,low,high,RISK,2
4,4,2,2,Bonus,1139,No,Owns,52,65,80,17,8,URGENT CARE CENTER,OUT-OF-NETWORK,PERCENT PLAN PAYS,50,70,80,100,80,3,50,low,high,RISK,2
3,4,4,3,Bonus,3085,No,Rents,45,54,88,17,8,URGENT CARE CENTER,OUT-OF-NETWORK,PERCENT PLAN PAYS,80,50,100,70,80,3,50,low,high,RISK,2
3,4,4,3,Salaried,912,Yes,Rents,61,58,79,17,8,URGENT CARE CENTER,OUT-OF-NETWORK,PERCENT PLAN PAYS,70,80,50,100,80,3,50,low,high,RISK,2
4,3,4,3,Hourly,3561,Yes,Owns,51,56,75,17,8,URGENT CARE CENTER,OUT-OF-NETWORK,PERCENT PLAN PAYS,70,50,80,100,80,3,50,low,high,RISK,2
4,4,2,2,Hourly,4350,No,Rents,40,64,87,17,8,URGENT CARE CENTER,OUT-OF-NETWORK,PERCENT PLAN PAYS,80,100,70,50,80,3,50,low,high,RISK,2
4,4,4,4,Salaried,3664,No,Owns,39,65,88,17,8,URGENT CARE CENTER,OUT-OF-NETWORK,PERCENT PLAN PAYS,80,70,50,100,80,3,50,low,high,RISK,2
2,3,3,3,Bonus,1972,Yes,Owns,62,60,80,17,8,URGENT CARE CENTER,OUT-OF-NETWORK,PERCENT PLAN PAYS,50,80,100,70,80,3,50,low,high,RISK,2
3,2,4,4,Salaried,1235,Yes,Rents,55,60,83,17,8,URGENT CARE CENTER,OUT-OF-NETWORK,PERCENT PLAN PAYS,50,70,80,100,80,3,50,low,high,RISK,2
2,4,3,3,Bonus,2294,Yes,Owns,47,72,79,17,8,URGENT CARE CENTER,OUT-OF-NETWORK,PERCENT PLAN PAYS,70,80,50,100,80,3,50,low,high,RISK,2
2,3,4,3,Salaried,4592,Yes,Rents,62,68,84,17,8,URGENT CARE CENTER,OUT-OF-NETWORK,PERCENT PLAN PAYS,50,70,100,80,80,3,50,low,high,RISK,2
3,3,3,4,Hourly,2183,Yes,Owns,37,63,98,17,8,URGENT CARE CENTER,OUT-OF-NETWORK,PERCENT PLAN PAYS,100,50,70,80,80,3,50,low,high,RISK,2
3,3,4,3,Salaried,1622,Yes,Rents,42,55,84,17,8,URGENT CARE CENTER,OUT-OF-NETWORK,PERCENT PLAN PAYS,70,50,100,80,80,3,50,low,high,RISK,2
3,4,3,4,Salaried,4259,Yes,Rents,37,70,81,17,8,URGENT CARE CENTER,OUT-OF-NETWORK,PERCENT PLAN PAYS,50,80,100,70,80,3,50,low,high,RISK,2
4,3,3,4,Salaried,4138,No,Owns,62,55,76,17,8,URGENT CARE CENTER,OUT-OF-NETWORK,PERCENT PLAN PAYS,80,70,50,100,80,3,50,low,high,RISK,2
4,3,4,4,Bonus,2742,No,Owns,64,75,77,17,8,URGENT CARE CENTER,OUT-OF-NETWORK,PERCENT PLAN PAYS,80,50,100,70,80,3,50,low,high,RISK,2
3,3,3,4,Bonus,4027,Yes,Rents,43,60,78,17,8,URGENT CARE CENTER,OUT-OF-NETWORK,PERCENT PLAN PAYS,100,70,50,80,80,3,50,low,high,RISK,2
4,4,2,2,Bonus,3643,No,Rents,59,56,100,17,8,URGENT CARE CENTER,OUT-OF-NETWORK,PERCENT PLAN PAYS,50,70,100,80,80,3,50,low,high,RISK,2
4,2,4,2,Salaried,1855,No,Rents,63,74,85,17,8,URGENT CARE CENTER,OUT-OF-NETWORK,PERCENT PLAN PAYS,100,50,80,70,80,3,50,low,high,RISK,2
3,4,2,3,Bonus,4199,No,Owns,57,67,81,17,8,URGENT CARE CENTER,OUT-OF-NETWORK,PERCENT PLAN PAYS,100,80,70,50,80,3,50,low,high,RISK,2
3,4,3,2,Salaried,358,No,Rents,50,64,80,17,8,URGENT CARE CENTER,OUT-OF-NETWORK,PERCENT PLAN PAYS,70,80,50,100,80,3,50,low,high,RISK,2
4,3,4,3,Salaried,2175,No,Owns,59,75,83,17,8,URGENT CARE CENTER,OUT-OF-NETWORK,PERCENT PLAN PAYS,80,100,50,70,80,3,50,low,high,RISK,2
4,4,2,2,Bonus,2804,No,Owns,48,51,79,17,8,URGENT CARE CENTER,OUT-OF-NETWORK,PERCENT PLAN PAYS,100,80,70,50,80,3,50,low,high,RISK,2
4,4,4,4,Bonus,2793,Yes,Owns,63,73,76,17,8,URGENT CARE CENTER,OUT-OF-NETWORK,PERCENT PLAN PAYS,70,80,50,100,80,3,50,low,high,RISK,2
4,3,4,2,Salaried,1366,No,Owns,56,61,80,17,8,URGENT CARE CENTER,OUT-OF-NETWORK,PERCENT PLAN PAYS,70,50,80,100,80,3,50,low,high,RISK,2
2,4,4,4,Salaried,3990,No,Rents,53,53,77,17,8,URGENT CARE CENTER,OUT-OF-NETWORK,PERCENT PLAN PAYS,50,100,80,70,80,3,50,low,high,RISK,2
2,4,3,3,Salaried,1625,No,Owns,60,65,80,17,8,URGENT CARE CENTER,OUT-OF-NETWORK,PERCENT PLAN PAYS,80,70,100,50,80,3,50,low,high,RISK,2
4,4,3,3,Hourly,1178,No,Owns,35,54,88,17,8,URGENT CARE CENTER,OUT-OF-NETWORK,PERCENT PLAN PAYS,100,50,70,80,80,3,50,low,high,RISK,2
3,3,2,2,Hourly,2665,No,Rents,41,58,79,17,8,URGENT CARE CENTER,OUT-OF-NETWORK,PERCENT PLAN PAYS,70,80,100,50,80,3,50,low,high,RISK,2
4,4,4,2,Hourly,4144,No,Owns,44,56,75,17,8,URGENT CARE CENTER,OUT-OF-NETWORK,PERCENT PLAN PAYS,80,100,70,50,80,3,50,low,high,RISK,2
3,3,4,3,Hourly,2547,Yes,Owns,55,64,87,17,8,URGENT CARE CENTER,OUT-OF-NETWORK,PERCENT PLAN PAYS,50,80,100,70,80,3,50,low,high,RISK,2
4,3,4,2,Hourly,152,Yes,Owns,58,65,88,17,8,URGENT CARE CENTER,OUT-OF-NETWORK,PERCENT PLAN PAYS,50,70,100,80,80,3,50,low,high,RISK,2
4,4,3,3,Bonus,2404,Yes,Owns,49,60,83,17,8,URGENT CARE CENTER,OUT-OF-NETWORK,PERCENT PLAN PAYS,80,70,50,100,80,3,50,low,high,RISK,2
4,2,4,4,Bonus,144,Yes,Owns,46,72,79,17,8,URGENT CARE CENTER,OUT-OF-NETWORK,PERCENT PLAN PAYS,100,50,80,70,80,3,50,low,high,RISK,2
4,2,4,2,Hourly,2250,No,Owns,48,68,84,17,8,URGENT CARE CENTER,OUT-OF-NETWORK,PERCENT PLAN PAYS,50,80,70,100,80,3,50,low,high,RISK,2
4,3,3,3,Hourly,4826,No,Owns,47,63,98,17,8,URGENT CARE CENTER,OUT-OF-NETWORK,PERCENT PLAN PAYS,50,100,70,80,80,3,50,low,high,RISK,2
4,4,2,3,Salaried,792,No,Owns,50,55,84,17,8,URGENT CARE CENTER,OUT-OF-NETWORK,PERCENT PLAN PAYS,100,80,50,70,80,3,50,low,high,RISK,2
2,4,2,3,Hourly,3429,No,Rents,58,70,81,17,8,URGENT CARE CENTER,OUT-OF-NETWORK,PERCENT PLAN PAYS,80,70,50,100,80,3,50,low,high,RISK,2
3,4,3,4,Hourly,1596,Yes,Owns,50,55,76,17,8,URGENT CARE CENTER,OUT-OF-NETWORK,PERCENT PLAN PAYS,80,70,100,50,80,3,50,low,high,RISK,2
4,4,4,3,Salaried,83,Yes,Owns,40,75,77,17,8,URGENT CARE CENTER,OUT-OF-NETWORK,PERCENT PLAN PAYS,70,80,50,100,80,3,50,low,high,RISK,2
4,4,3,4,Salaried,3601,No,Owns,38,60,78,17,8,URGENT CARE CENTER,OUT-OF-NETWORK,PERCENT PLAN PAYS,100,80,70,50,80,3,50,low,high,RISK,2
3,4,2,4,Bonus,861,No,Owns,58,56,100,17,8,URGENT CARE CENTER,OUT-OF-NETWORK,PERCENT PLAN PAYS,100,80,50,70,80,3,50,low,high,RISK,2
2,4,4,4,Salaried,2240,Yes,Rents,59,74,85,17,8,URGENT CARE CENTER,OUT-OF-NETWORK,PERCENT PLAN PAYS,50,70,80,100,80,3,50,low,high,RISK,2
3,3,2,2,Hourly,2384,No,Rents,37,67,81,17,8,URGENT CARE CENTER,OUT-OF-NETWORK,PERCENT PLAN PAYS,80,100,70,50,80,3,50,low,high,RISK,2
2,2,3,3,Bonus,2363,Yes,Rents,52,64,80,17,8,URGENT CARE CENTER,OUT-OF-NETWORK,PERCENT PLAN PAYS,100,80,70,50,80,3,50,low,high,RISK,2
3,3,4,2,Salaried,4539,No,Owns,45,75,83,17,8,URGENT CARE CENTER,OUT-OF-NETWORK,PERCENT PLAN PAYS,50,100,80,70,80,3,50,low,high,RISK,2
3,3,2,2,Bonus,489,No,Rents,45,51,79,17,8,URGENT CARE CENTER,OUT-OF-NETWORK,PERCENT PLAN PAYS,100,50,70,80,80,3,50,low,high,RISK,2
4,4,2,4,Bonus,4623,Yes,Owns,40,73,76,17,8,URGENT CARE CENTER,OUT-OF-NETWORK,PERCENT PLAN PAYS,70,50,80,100,80,3,50,low,high,RISK,2
3,3,3,2,Salaried,153,Yes,Owns,36,61,80,17,8,URGENT CARE CENTER,OUT-OF-NETWORK,PERCENT PLAN PAYS,100,80,50,70,80,3,50,low,high,RISK,2
3,4,4,4,Salaried,3954,No,Owns,38,53,77,17,8,URGENT CARE CENTER,OUT-OF-NETWORK,PERCENT PLAN PAYS,100,50,80,70,80,3,50,low,high,RISK,2
3,3,2,3,Salaried,4742,No,Rents,35,65,80,17,8,URGENT CARE CENTER,OUT-OF-NETWORK,PERCENT PLAN PAYS,70,100,80,50,80,3,50,low,high,RISK,2
2,2,2,3,Hourly,3289,No,Rents,59,54,88,17,8,URGENT CARE CENTER,OUT-OF-NETWORK,PERCENT PLAN PAYS,100,50,70,80,80,3,50,low,high,RISK,2
2,2,3,3,Bonus,3409,Yes,Rents,54,58,79,17,8,URGENT CARE CENTER,OUT-OF-NETWORK,PERCENT PLAN PAYS,80,50,100,70,80,3,50,low,high,RISK,2
3,3,4,3,Bonus,3179,No,Rents,42,56,75,17,8,URGENT CARE CENTER,OUT-OF-NETWORK,PERCENT PLAN PAYS,70,50,100,80,80,3,50,low,high,RISK,2
3,3,2,4,Bonus,4271,No,Rents,43,64,87,17,8,URGENT CARE CENTER,OUT-OF-NETWORK,PERCENT PLAN PAYS,70,80,50,100,80,3,50,low,high,RISK,2
3,3,3,2,Hourly,4605,Yes,Rents,46,65,88,17,8,URGENT CARE CENTER,OUT-OF-NETWORK,PERCENT PLAN PAYS,50,70,80,100,80,3,50,low,high,RISK,2
2,4,4,4,Salaried,3042,Yes,Rents,37,60,80,17,8,URGENT CARE CENTER,OUT-OF-NETWORK,PERCENT PLAN PAYS,100,80,50,70,80,3,50,low,high,RISK,2
2,4,4,3,Hourly,170,No,Rents,61,60,83,17,8,URGENT CARE CENTER,OUT-OF-NETWORK,PERCENT PLAN PAYS,80,50,70,100,80,3,50,low,high,RISK,2
2,3,3,4,Salaried,2062,No,Rents,40,72,79,17,8,URGENT CARE CENTER,OUT-OF-NETWORK,PERCENT PLAN PAYS,70,100,80,50,80,3,50,low,high,RISK,2
4,4,4,4,Bonus,1962,No,Rents,35,68,84,17,8,URGENT CARE CENTER,OUT-OF-NETWORK,PERCENT PLAN PAYS,50,100,70,80,80,3,50,low,high,RISK,2
2,2,3,2,Bonus,1006,No,Owns,50,63,98,17,8,URGENT CARE CENTER,OUT-OF-NETWORK,PERCENT PLAN PAYS,80,50,100,70,80,3,50,low,high,RISK,2
2,4,3,4,Salaried,4555,No,Rents,42,55,84,17,8,URGENT CARE CENTER,OUT-OF-NETWORK,PERCENT PLAN PAYS,70,50,100,80,80,3,50,low,high,RISK,2
4,3,4,3,Bonus,458,No,Rents,46,70,81,17,8,URGENT CARE CENTER,OUT-OF-NETWORK,PERCENT PLAN PAYS,80,70,100,50,80,3,50,low,high,RISK,2
4,3,4,3,Hourly,1593,No,Owns,36,55,76,17,8,URGENT CARE CENTER,OUT-OF-NETWORK,PERCENT PLAN PAYS,50,80,100,70,80,3,50,low,high,RISK,2
3,4,2,3,Hourly,4519,Yes,Owns,48,75,77,17,8,URGENT CARE CENTER,OUT-OF-NETWORK,PERCENT PLAN PAYS,50,80,100,70,80,3,50,low,high,RISK,2
2,4,3,3,Bonus,2639,No,Rents,36,60,78,17,8,URGENT CARE CENTER,OUT-OF-NETWORK,PERCENT PLAN PAYS,80,100,50,70,80,3,50,low,high,RISK,2
2,3,4,3,Hourly,2563,Yes,Rents,59,56,100,17,8,URGENT CARE CENTER,OUT-OF-NETWORK,PERCENT PLAN PAYS,100,50,70,80,80,3,50,low,high,RISK,2
3,4,4,4,Bonus,2810,Yes,Owns,58,74,85,17,8,URGENT CARE CENTER,OUT-OF-NETWORK,PERCENT PLAN PAYS,100,50,70,80,80,3,50,low,high,RISK,2
3,4,3,4,Hourly,2954,Yes,Owns,64,67,81,17,8,URGENT CARE CENTER,OUT-OF-NETWORK,PERCENT PLAN PAYS,70,100,50,80,80,3,50,low,high,RISK,2
3,2,4,3,Hourly,2299,Yes,Owns,54,64,80,17,8,URGENT CARE CENTER,OUT-OF-NETWORK,PERCENT PLAN PAYS,100,80,70,50,80,3,50,low,high,RISK,2
2,3,4,4,Hourly,1155,No,Rents,37,75,83,17,8,URGENT CARE CENTER,OUT-OF-NETWORK,PERCENT PLAN PAYS,50,100,80,70,80,3,50,low,high,RISK,2
4,2,4,3,Bonus,1856,Yes,Rents,55,51,79,17,8,URGENT CARE CENTER,OUT-OF-NETWORK,PERCENT PLAN PAYS,70,50,100,80,80,3,50,low,high,RISK,2
4,4,3,3,Salaried,3352,Yes,Rents,38,73,76,17,8,URGENT CARE CENTER,OUT-OF-NETWORK,PERCENT PLAN PAYS,80,100,70,50,80,3,50,low,high,RISK,2
4,3,2,3,Hourly,3735,Yes,Owns,58,61,80,17,8,URGENT CARE CENTER,OUT-OF-NETWORK,PERCENT PLAN PAYS,70,50,100,80,80,3,50,low,high,RISK,2
4,3,3,4,Salaried,1125,Yes,Rents,38,53,77,17,8,URGENT CARE CENTER,OUT-OF-NETWORK,PERCENT PLAN PAYS,50,70,100,80,80,3,50,low,high,RISK,2
4,2,4,2,Bonus,4695,No,Owns,35,65,80,17,8,URGENT CARE CENTER,OUT-OF-NETWORK,PERCENT PLAN PAYS,80,70,50,100,80,3,50,low,high,RISK,2
3,3,3,4,Salaried,1210,No,Rents,62,54,88,17,8,URGENT CARE CENTER,OUT-OF-NETWORK,PERCENT PLAN PAYS,80,100,50,70,80,3,50,low,high,RISK,2
4,4,4,2,Bonus,3149,No,Owns,37,58,79,17,8,URGENT CARE CENTER,OUT-OF-NETWORK,PERCENT PLAN PAYS,100,70,50,80,80,3,50,low,high,RISK,2
4,3,4,4,Bonus,3757,No,Rents,38,56,75,17,8,URGENT CARE CENTER,OUT-OF-NETWORK,PERCENT PLAN PAYS,100,80,50,70,80,3,50,low,high,RISK,2
4,3,4,4,Salaried,4038,Yes,Rents,51,64,87,17,8,URGENT CARE CENTER,OUT-OF-NETWORK,PERCENT PLAN PAYS,80,100,70,50,80,3,50,low,high,RISK,2
2,3,3,4,Bonus,381,No,Owns,41,65,88,17,8,URGENT CARE CENTER,OUT-OF-NETWORK,PERCENT PLAN PAYS,70,100,50,80,80,3,50,low,high,RISK,2
3,3,3,3,Hourly,2879,Yes,Rents,61,60,80,17,8,URGENT CARE CENTER,OUT-OF-NETWORK,PERCENT PLAN PAYS,100,70,80,50,80,3,50,low,high,RISK,2
4,4,3,2,Hourly,2246,No,Owns,62,60,83,17,8,URGENT CARE CENTER,OUT-OF-NETWORK,PERCENT PLAN PAYS,70,50,80,100,80,3,50,low,high,RISK,2
2,4,3,2,Hourly,3337,No,Rents,39,72,79,17,8,URGENT CARE CENTER,OUT-OF-NETWORK,PERCENT PLAN PAYS,70,80,50,100,80,3,50,low,high,RISK,2
4,3,3,4,Hourly,874,No,Owns,63,68,84,17,8,URGENT CARE CENTER,OUT-OF-NETWORK,PERCENT PLAN PAYS,100,50,80,70,80,3,50,low,high,RISK,2
3,4,2,3,Hourly,4470,Yes,Owns,36,63,98,17,8,URGENT CARE CENTER,OUT-OF-NETWORK,PERCENT PLAN PAYS,70,50,100,80,80,3,50,low,high,RISK,2
4,3,4,3,Hourly,3252,Yes,Owns,46,55,84,17,8,URGENT CARE CENTER,OUT-OF-NETWORK,PERCENT PLAN PAYS,80,50,70,100,80,3,50,low,high,RISK,2
3,4,2,3,Hourly,176,Yes,Rents,45,70,81,17,8,URGENT CARE CENTER,OUT-OF-NETWORK,PERCENT PLAN PAYS,100,80,70,50,80,3,50,low,high,RISK,2
4,3,4,2,Hourly,3681,Yes,Owns,38,55,76,17,8,URGENT CARE CENTER,OUT-OF-NETWORK,PERCENT PLAN PAYS,80,70,50,100,80,3,50,low,high,RISK,2
3,4,4,4,Hourly,1019,Yes,Owns,59,75,77,17,8,URGENT CARE CENTER,OUT-OF-NETWORK,PERCENT PLAN PAYS,50,80,70,100,80,3,50,low,high,RISK,2
3,4,4,2,Salaried,1012,Yes,Owns,58,56,100,17,8,URGENT CARE CENTER,OUT-OF-NETWORK,PERCENT PLAN PAYS,80,100,50,70,80,3,50,low,high,RISK,2
2,2,4,3,Bonus,1248,Yes,Rents,39,74,85,17,8,URGENT CARE CENTER,OUT-OF-NETWORK,PERCENT PLAN PAYS,100,70,80,50,80,3,50,low,high,RISK,2
2,3,3,3,Salaried,1214,No,Owns,37,67,81,17,8,URGENT CARE CENTER,OUT-OF-NETWORK,PERCENT PLAN PAYS,80,50,100,70,80,3,50,low,high,RISK,2
4,3,3,2,Salaried,2852,Yes,Rents,38,64,80,17,8,URGENT CARE CENTER,OUT-OF-NETWORK,PERCENT PLAN PAYS,70,50,80,100,80,3,50,low,high,RISK,2
3,3,2,2,Bonus,1440,Yes,Owns,46,75,83,17,8,URGENT CARE CENTER,OUT-OF-NETWORK,PERCENT PLAN PAYS,100,50,80,70,80,3,50,low,high,RISK,2
4,2,4,3,Bonus,2951,No,Owns,48,51,79,17,8,URGENT CARE CENTER,OUT-OF-NETWORK,PERCENT PLAN PAYS,100,70,80,50,80,3,50,low,high,RISK,2
1,0,0,1,Salaried,4377,No,Rents,4,9,1,17,9,URGENT CARE CENTER,OUT-OF-NETWORK,PERCENT PLAN PAYS,50,100,70,80,70,2,5,high,low,RISK,3
0,0,1,0,Salaried,1919,No,Owns,4,4,5,17,9,URGENT CARE CENTER,OUT-OF-NETWORK,PERCENT PLAN PAYS,70,100,80,50,70,2,5,high,low,RISK,3
0,0,0,0,Salaried,4671,Yes,Rents,7,1,2,17,9,URGENT CARE CENTER,OUT-OF-NETWORK,PERCENT PLAN PAYS,80,50,100,70,70,2,5,high,low,RISK,3
1,1,0,0,Bonus,1139,No,Owns,6,6,5,17,9,URGENT CARE CENTER,OUT-OF-NETWORK,PERCENT PLAN PAYS,80,100,70,50,70,2,5,high,low,RISK,3
0,1,1,0,Bonus,3085,No,Rents,3,1,13,17,9,URGENT CARE CENTER,OUT-OF-NETWORK,PERCENT PLAN PAYS,80,100,50,70,70,2,5,high,low,RISK,3
0,1,1,0,Salaried,912,Yes,Rents,9,3,4,17,9,URGENT CARE CENTER,OUT-OF-NETWORK,PERCENT PLAN PAYS,50,80,100,70,70,2,5,high,low,RISK,3
1,0,1,0,Hourly,3561,Yes,Owns,5,2,0,17,9,URGENT CARE CENTER,OUT-OF-NETWORK,PERCENT PLAN PAYS,50,80,100,70,70,2,5,high,low,RISK,3
1,1,0,0,Hourly,4350,No,Rents,2,5,12,17,9,URGENT CARE CENTER,OUT-OF-NETWORK,PERCENT PLAN PAYS,80,70,100,50,70,2,5,high,low,RISK,3
1,1,0,1,Salaried,3664,No,Owns,1,6,13,17,9,URGENT CARE CENTER,OUT-OF-NETWORK,PERCENT PLAN PAYS,50,80,70,100,70,2,5,high,low,RISK,3
0,0,0,0,Bonus,1972,Yes,Owns,9,4,5,17,9,URGENT CARE CENTER,OUT-OF-NETWORK,PERCENT PLAN PAYS,100,70,50,80,70,2,5,high,low,RISK,3
0,0,1,1,Salaried,1235,Yes,Rents,7,4,8,17,9,URGENT CARE CENTER,OUT-OF-NETWORK,PERCENT PLAN PAYS,100,80,70,50,70,2,5,high,low,RISK,3
0,1,0,0,Bonus,2294,Yes,Owns,4,9,4,17,9,URGENT CARE CENTER,OUT-OF-NETWORK,PERCENT PLAN PAYS,80,70,50,100,70,2,5,high,low,RISK,3
0,0,1,0,Salaried,4592,Yes,Rents,9,7,9,17,9,URGENT CARE CENTER,OUT-OF-NETWORK,PERCENT PLAN PAYS,50,80,70,100,70,2,5,high,low,RISK,3
0,0,0,1,Hourly,2183,Yes,Owns,1,5,23,17,9,URGENT CARE CENTER,OUT-OF-NETWORK,PERCENT PLAN PAYS,70,80,50,100,70,2,5,high,low,RISK,3
0,0,1,0,Salaried,1622,Yes,Rents,2,1,9,17,9,URGENT CARE CENTER,OUT-OF-NETWORK,PERCENT PLAN PAYS,70,80,100,50,70,2,5,high,low,RISK,3
0,1,0,1,Salaried,4259,Yes,Rents,1,8,6,17,9,URGENT CARE CENTER,OUT-OF-NETWORK,PERCENT PLAN PAYS,100,50,70,80,70,2,5,high,low,RISK,3
1,0,0,1,Salaried,4138,No,Owns,9,2,1,17,9,URGENT CARE CENTER,OUT-OF-NETWORK,PERCENT PLAN PAYS,80,100,70,50,70,2,5,high,low,RISK,3
1,0,0,1,Bonus,2742,No,Owns,10,10,2,17,9,URGENT CARE CENTER,OUT-OF-NETWORK,PERCENT PLAN PAYS,50,70,100,80,70,2,5,high,low,RISK,3
0,0,0,1,Bonus,4027,Yes,Rents,3,4,3,17,9,URGENT CARE CENTER,OUT-OF-NETWORK,PERCENT PLAN PAYS,70,50,80,100,70,2,5,high,low,RISK,3
1,0,0,0,Bonus,3643,No,Rents,8,2,25,17,9,URGENT CARE CENTER,OUT-OF-NETWORK,PERCENT PLAN PAYS,70,50,100,80,70,2,5,high,low,RISK,3
1,0,1,0,Salaried,1855,No,Rents,9,10,10,17,9,URGENT CARE CENTER,OUT-OF-NETWORK,PERCENT PLAN PAYS,50,100,70,80,70,2,5,high,low,RISK,3
0,1,0,0,Bonus,4199,No,Owns,7,7,6,17,9,URGENT CARE CENTER,OUT-OF-NETWORK,PERCENT PLAN PAYS,70,50,100,80,70,2,5,high,low,RISK,3
0,1,0,0,Salaried,358,No,Rents,5,5,5,17,9,URGENT CARE CENTER,OUT-OF-NETWORK,PERCENT PLAN PAYS,100,80,70,50,70,2,5,high,low,RISK,3
0,0,1,0,Salaried,2175,No,Owns,8,10,8,17,9,URGENT CARE CENTER,OUT-OF-NETWORK,PERCENT PLAN PAYS,50,70,100,80,70,2,5,high,low,RISK,3
0,1,0,0,Bonus,2804,No,Owns,4,0,4,17,9,URGENT CARE CENTER,OUT-OF-NETWORK,PERCENT PLAN PAYS,80,100,50,70,70,2,5,high,low,RISK,3
1,1,1,0,Bonus,2793,Yes,Owns,9,9,1,17,9,URGENT CARE CENTER,OUT-OF-NETWORK,PERCENT PLAN PAYS,100,50,80,70,70,2,5,high,low,RISK,3
1,0,1,0,Salaried,1366,No,Owns,7,4,5,17,9,URGENT CARE CENTER,OUT-OF-NETWORK,PERCENT PLAN PAYS,50,70,100,80,70,2,5,high,low,RISK,3
0,1,1,1,Salaried,3990,No,Rents,6,1,2,17,9,URGENT CARE CENTER,OUT-OF-NETWORK,PERCENT PLAN PAYS,80,50,70,100,70,2,5,high,low,RISK,3
0,0,0,0,Salaried,1625,No,Owns,8,6,5,17,9,URGENT CARE CENTER,OUT-OF-NETWORK,PERCENT PLAN PAYS,50,100,70,80,70,2,5,high,low,RISK,3
1,1,0,0,Hourly,1178,No,Owns,0,1,13,17,9,URGENT CARE CENTER,OUT-OF-NETWORK,PERCENT PLAN PAYS,50,70,80,100,70,2,5,high,low,RISK,3
0,0,0,0,Hourly,2665,No,Rents,2,3,4,17,9,URGENT CARE CENTER,OUT-OF-NETWORK,PERCENT PLAN PAYS,100,50,70,80,70,2,5,high,low,RISK,3
1,1,1,0,Hourly,4144,No,Owns,3,2,0,17,9,URGENT CARE CENTER,OUT-OF-NETWORK,PERCENT PLAN PAYS,100,70,50,80,70,2,5,high,low,RISK,3
0,0,1,0,Hourly,2547,Yes,Owns,7,5,12,17,9,URGENT CARE CENTER,OUT-OF-NETWORK,PERCENT PLAN PAYS,80,70,100,50,70,2,5,high,low,RISK,3
1,0,1,0,Hourly,152,Yes,Owns,8,6,13,17,9,URGENT CARE CENTER,OUT-OF-NETWORK,PERCENT PLAN PAYS,70,50,100,80,70,2,5,high,low,RISK,3
0,0,0,0,Bonus,2909,Yes,Rents,3,4,5,17,9,URGENT CARE CENTER,OUT-OF-NETWORK,PERCENT PLAN PAYS,80,70,100,50,70,2,5,high,low,RISK,3
1,1,0,0,Bonus,2404,Yes,Owns,5,4,8,17,9,URGENT CARE CENTER,OUT-OF-NETWORK,PERCENT PLAN PAYS,50,70,100,80,70,2,5,high,low,RISK,3
1,0,1,1,Bonus,144,Yes,Owns,4,9,4,17,9,URGENT CARE CENTER,OUT-OF-NETWORK,PERCENT PLAN PAYS,100,50,70,80,70,2,5,high,low,RISK,3
1,0,1,0,Hourly,2250,No,Owns,4,7,9,17,9,URGENT CARE CENTER,OUT-OF-NETWORK,PERCENT PLAN PAYS,100,50,70,80,70,2,5,high,low,RISK,3
1,0,0,0,Hourly,4826,No,Owns,4,5,23,17,9,URGENT CARE CENTER,OUT-OF-NETWORK,PERCENT PLAN PAYS,50,100,80,70,70,2,5,high,low,RISK,3
1,1,0,0,Salaried,792,No,Owns,5,1,9,17,9,URGENT CARE CENTER,OUT-OF-NETWORK,PERCENT PLAN PAYS,70,50,100,80,70,2,5,high,low,RISK,3
0,1,0,0,Hourly,3429,No,Rents,8,8,6,17,9,URGENT CARE CENTER,OUT-OF-NETWORK,PERCENT PLAN PAYS,80,70,50,100,70,2,5,high,low,RISK,3
0,1,0,0,Hourly,1596,Yes,Owns,5,2,1,17,9,URGENT CARE CENTER,OUT-OF-NETWORK,PERCENT PLAN PAYS,100,70,80,50,70,2,5,high,low,RISK,3
1,1,1,0,Salaried,83,Yes,Owns,2,10,2,17,9,URGENT CARE CENTER,OUT-OF-NETWORK,PERCENT PLAN PAYS,50,70,100,80,70,2,5,high,low,RISK,3
1,1,0,1,Salaried,3601,No,Owns,1,4,3,17,9,URGENT CARE CENTER,OUT-OF-NETWORK,PERCENT PLAN PAYS,50,70,80,100,70,2,5,high,low,RISK,3
0,0,0,1,Bonus,861,No,Owns,8,2,25,17,9,URGENT CARE CENTER,OUT-OF-NETWORK,PERCENT PLAN PAYS,80,70,100,50,70,2,5,high,low,RISK,3
0,1,1,1,Salaried,2240,Yes,Rents,8,10,10,17,9,URGENT CARE CENTER,OUT-OF-NETWORK,PERCENT PLAN PAYS,80,100,70,50,70,2,5,high,low,RISK,3
0,0,0,0,Hourly,2384,No,Rents,1,7,6,17,9,URGENT CARE CENTER,OUT-OF-NETWORK,PERCENT PLAN PAYS,80,50,100,70,70,2,5,high,low,RISK,3
0,0,0,0,Bonus,2363,Yes,Rents,6,5,5,17,9,URGENT CARE CENTER,OUT-OF-NETWORK,PERCENT PLAN PAYS,70,50,80,100,70,2,5,high,low,RISK,3
0,0,1,0,Salaried,4539,No,Owns,3,10,8,17,9,URGENT CARE CENTER,OUT-OF-NETWORK,PERCENT PLAN PAYS,50,70,100,80,70,2,5,high,low,RISK,3
0,0,0,0,Bonus,489,No,Rents,3,0,4,17,9,URGENT CARE CENTER,OUT-OF-NETWORK,PERCENT PLAN PAYS,80,50,70,100,70,2,5,high,low,RISK,3
0,1,0,1,Bonus,4623,Yes,Owns,2,9,1,17,9,URGENT CARE CENTER,OUT-OF-NETWORK,PERCENT PLAN PAYS,80,70,50,100,70,2,5,high,low,RISK,3
0,0,0,0,Salaried,153,Yes,Owns,0,4,5,17,9,URGENT CARE CENTER,OUT-OF-NETWORK,PERCENT PLAN PAYS,70,50,100,80,70,2,5,high,low,RISK,3
0,1,1,0,Salaried,3954,No,Owns,1,1,2,17,9,URGENT CARE CENTER,OUT-OF-NETWORK,PERCENT PLAN PAYS,50,100,70,80,70,2,5,high,low,RISK,3
0,0,0,0,Salaried,4742,No,Rents,0,6,5,17,9,URGENT CARE CENTER,OUT-OF-NETWORK,PERCENT PLAN PAYS,100,50,70,80,70,2,5,high,low,RISK,3
0,0,0,0,Hourly,3289,No,Rents,8,1,13,17,9,URGENT CARE CENTER,OUT-OF-NETWORK,PERCENT PLAN PAYS,80,100,50,70,70,2,5,high,low,RISK,3
0,0,0,0,Bonus,3409,Yes,Rents,6,3,4,17,9,URGENT CARE CENTER,OUT-OF-NETWORK,PERCENT PLAN PAYS,100,50,70,80,70,2,5,high,low,RISK,3
0,0,1,0,Bonus,3179,No,Rents,2,2,0,17,9,URGENT CARE CENTER,OUT-OF-NETWORK,PERCENT PLAN PAYS,70,50,80,100,70,2,5,high,low,RISK,3
0,0,0,0,Bonus,4271,No,Rents,3,5,12,17,9,URGENT CARE CENTER,OUT-OF-NETWORK,PERCENT PLAN PAYS,100,50,80,70,70,2,5,high,low,RISK,3
0,0,0,0,Hourly,4605,Yes,Rents,4,6,13,17,9,URGENT CARE CENTER,OUT-OF-NETWORK,PERCENT PLAN PAYS,70,100,50,80,70,2,5,high,low,RISK,3
0,1,1,1,Salaried,3042,Yes,Rents,1,4,5,17,9,URGENT CARE CENTER,OUT-OF-NETWORK,PERCENT PLAN PAYS,70,100,50,80,70,2,5,high,low,RISK,3
0,1,1,0,Hourly,170,No,Rents,9,4,8,17,9,URGENT CARE CENTER,OUT-OF-NETWORK,PERCENT PLAN PAYS,100,80,70,50,70,2,5,high,low,RISK,3
0,0,0,1,Salaried,2062,No,Rents,2,9,4,17,9,URGENT CARE CENTER,OUT-OF-NETWORK,PERCENT PLAN PAYS,50,100,70,80,70,2,5,high,low,RISK,3
1,0,1,1,Bonus,1962,No,Rents,0,7,9,17,9,URGENT CARE CENTER,OUT-OF-NETWORK,PERCENT PLAN PAYS,100,80,50,70,70,2,5,high,low,RISK,3
0,0,0,0,Bonus,1006,No,Owns,5,5,23,17,9,URGENT CARE CENTER,OUT-OF-NETWORK,PERCENT PLAN PAYS,80,70,100,50,70,2,5,high,low,RISK,3
0,1,0,1,Salaried,4555,No,Rents,2,1,9,17,9,URGENT CARE CENTER,OUT-OF-NETWORK,PERCENT PLAN PAYS,70,50,80,100,70,2,5,high,low,RISK,3
1,0,1,0,Bonus,458,No,Rents,4,8,6,17,9,URGENT CARE CENTER,OUT-OF-NETWORK,PERCENT PLAN PAYS,100,50,70,80,70,2,5,high,low,RISK,3
1,0,1,0,Hourly,1593,No,Owns,0,2,1,17,9,URGENT CARE CENTER,OUT-OF-NETWORK,PERCENT PLAN PAYS,100,80,50,70,70,2,5,high,low,RISK,3
0,1,0,0,Hourly,4519,Yes,Owns,4,10,2,17,9,URGENT CARE CENTER,OUT-OF-NETWORK,PERCENT PLAN PAYS,70,50,100,80,70,2,5,high,low,RISK,3
0,1,0,0,Bonus,2639,No,Rents,0,4,3,17,9,URGENT CARE CENTER,OUT-OF-NETWORK,PERCENT PLAN PAYS,50,70,100,80,70,2,5,high,low,RISK,3
0,0,1,0,Hourly,2563,Yes,Rents,8,2,25,17,9,URGENT CARE CENTER,OUT-OF-NETWORK,PERCENT PLAN PAYS,70,50,100,80,70,2,5,high,low,RISK,3
0,0,1,1,Bonus,2810,Yes,Owns,8,10,10,17,9,URGENT CARE CENTER,OUT-OF-NETWORK,PERCENT PLAN PAYS,80,70,50,100,70,2,5,high,low,RISK,3
0,0,0,1,Hourly,2954,Yes,Owns,10,7,6,17,9,URGENT CARE CENTER,OUT-OF-NETWORK,PERCENT PLAN PAYS,80,100,70,50,70,2,5,high,low,RISK,3
0,0,1,0,Hourly,2299,Yes,Owns,6,5,5,17,9,URGENT CARE CENTER,OUT-OF-NETWORK,PERCENT PLAN PAYS,80,70,100,50,70,2,5,high,low,RISK,3
0,0,1,1,Hourly,1155,No,Rents,1,10,8,17,9,URGENT CARE CENTER,OUT-OF-NETWORK,PERCENT PLAN PAYS,80,100,70,50,70,2,5,high,low,RISK,3
1,0,1,0,Bonus,1856,Yes,Rents,7,0,4,17,9,URGENT CARE CENTER,OUT-OF-NETWORK,PERCENT PLAN PAYS,50,70,80,100,70,2,5,high,low,RISK,3
1,1,0,0,Salaried,3352,Yes,Rents,1,9,1,17,9,URGENT CARE CENTER,OUT-OF-NETWORK,PERCENT PLAN PAYS,70,50,100,80,70,2,5,high,low,RISK,3
1,0,0,0,Hourly,3735,Yes,Owns,8,4,5,17,9,URGENT CARE CENTER,OUT-OF-NETWORK,PERCENT PLAN PAYS,80,100,50,70,70,2,5,high,low,RISK,3
1,0,0,1,Salaried,1125,Yes,Rents,1,1,2,17,9,URGENT CARE CENTER,OUT-OF-NETWORK,PERCENT PLAN PAYS,50,100,80,70,70,2,5,high,low,RISK,3
1,0,1,0,Bonus,4695,No,Owns,0,6,5,17,9,URGENT CARE CENTER,OUT-OF-NETWORK,PERCENT PLAN PAYS,70,100,80,50,70,2,5,high,low,RISK,3
0,0,0,1,Salaried,1210,No,Rents,9,1,13,17,9,URGENT CARE CENTER,OUT-OF-NETWORK,PERCENT PLAN PAYS,70,100,50,80,70,2,5,high,low,RISK,3
1,1,1,0,Bonus,3149,No,Owns,1,3,4,17,9,URGENT CARE CENTER,OUT-OF-NETWORK,PERCENT PLAN PAYS,50,100,80,70,70,2,5,high,low,RISK,3
1,0,0,0,Bonus,3757,No,Rents,1,2,0,17,9,URGENT CARE CENTER,OUT-OF-NETWORK,PERCENT PLAN PAYS,80,50,70,100,70,2,5,high,low,RISK,3
1,0,1,1,Salaried,4038,Yes,Rents,5,5,12,17,9,URGENT CARE CENTER,OUT-OF-NETWORK,PERCENT PLAN PAYS,70,50,100,80,70,2,5,high,low,RISK,3
0,0,0,1,Bonus,381,No,Owns,2,6,13,17,9,URGENT CARE CENTER,OUT-OF-NETWORK,PERCENT PLAN PAYS,50,100,80,70,70,2,5,high,low,RISK,3
0,0,0,0,Hourly,2879,Yes,Rents,9,4,5,17,9,URGENT CARE CENTER,OUT-OF-NETWORK,PERCENT PLAN PAYS,70,50,80,100,70,2,5,high,low,RISK,3
0,1,0,0,Hourly,2246,No,Owns,9,4,8,17,9,URGENT CARE CENTER,OUT-OF-NETWORK,PERCENT PLAN PAYS,100,80,50,70,70,2,5,high,low,RISK,3
0,1,0,0,Hourly,3337,No,Rents,1,9,4,17,9,URGENT CARE CENTER,OUT-OF-NETWORK,PERCENT PLAN PAYS,100,70,80,50,70,2,5,high,low,RISK,3
1,0,0,0,Hourly,874,No,Owns,9,7,9,17,9,URGENT CARE CENTER,OUT-OF-NETWORK,PERCENT PLAN PAYS,70,50,80,100,70,2,5,high,low,RISK,3
0,1,0,0,Hourly,4470,Yes,Owns,0,5,23,17,9,URGENT CARE CENTER,OUT-OF-NETWORK,PERCENT PLAN PAYS,80,100,50,70,70,2,5,high,low,RISK,3
0,1,0,0,Hourly,176,Yes,Rents,3,8,6,17,9,URGENT CARE CENTER,OUT-OF-NETWORK,PERCENT PLAN PAYS,80,100,50,70,70,2,5,high,low,RISK,3
0,0,1,0,Hourly,3681,Yes,Owns,1,2,1,17,9,URGENT CARE CENTER,OUT-OF-NETWORK,PERCENT PLAN PAYS,80,50,100,70,70,2,5,high,low,RISK,3
0,1,1,1,Hourly,1019,Yes,Owns,8,10,2,17,9,URGENT CARE CENTER,OUT-OF-NETWORK,PERCENT PLAN PAYS,70,50,100,80,70,2,5,high,low,RISK,3
0,1,1,0,Bonus,4493,Yes,Owns,10,4,3,17,9,URGENT CARE CENTER,OUT-OF-NETWORK,PERCENT PLAN PAYS,80,100,50,70,70,2,5,high,low,RISK,3
0,1,1,0,Salaried,1012,Yes,Owns,8,2,25,17,9,URGENT CARE CENTER,OUT-OF-NETWORK,PERCENT PLAN PAYS,80,50,70,100,70,2,5,high,low,RISK,3
0,0,0,0,Bonus,1248,Yes,Rents,1,10,10,17,9,URGENT CARE CENTER,OUT-OF-NETWORK,PERCENT PLAN PAYS,100,80,70,50,70,2,5,high,low,RISK,3
0,0,0,0,Salaried,1214,No,Owns,1,7,6,17,9,URGENT CARE CENTER,OUT-OF-NETWORK,PERCENT PLAN PAYS,80,70,50,100,70,2,5,high,low,RISK,3
1,0,0,0,Salaried,2852,Yes,Rents,1,5,5,17,9,URGENT CARE CENTER,OUT-OF-NETWORK,PERCENT PLAN PAYS,70,80,100,50,70,2,5,high,low,RISK,3
0,0,0,0,Bonus,1440,Yes,Owns,4,10,8,17,9,URGENT CARE CENTER,OUT-OF-NETWORK,PERCENT PLAN PAYS,70,50,100,80,70,2,5,high,low,RISK,3
1,0,1,0,Bonus,2951,No,Owns,4,0,4,17,9,URGENT CARE CENTER,OUT-OF-NETWORK,PERCENT PLAN PAYS,80,70,100,50,70,2,5,high,low,RISK,3
2,1,0,2,Salaried,4377,No,Rents,10,19,27,17,10,URGENT CARE CENTER,OUT-OF-NETWORK,PERCENT PLAN PAYS,80,70,100,50,70,2,10,high,low,RISK,3
0,1,1,0,Salaried,1919,No,Owns,10,15,31,17,10,URGENT CARE CENTER,OUT-OF-NETWORK,PERCENT PLAN PAYS,50,70,80,100,70,2,10,high,low,RISK,3
1,1,0,0,Salaried,4671,Yes,Rents,15,12,28,17,10,URGENT CARE CENTER,OUT-OF-NETWORK,PERCENT PLAN PAYS,70,50,100,80,70,2,10,high,low,RISK,3
2,1,0,0,Bonus,1139,No,Owns,13,16,31,17,10,URGENT CARE CENTER,OUT-OF-NETWORK,PERCENT PLAN PAYS,50,100,80,70,70,2,10,high,low,RISK,3
1,1,2,1,Bonus,3085,No,Rents,9,12,39,17,10,URGENT CARE CENTER,OUT-OF-NETWORK,PERCENT PLAN PAYS,100,70,50,80,70,2,10,high,low,RISK,3
0,1,2,0,Salaried,912,Yes,Rents,16,14,30,17,10,URGENT CARE CENTER,OUT-OF-NETWORK,PERCENT PLAN PAYS,70,50,80,100,70,2,10,high,low,RISK,3
1,0,2,1,Hourly,3561,Yes,Owns,12,13,26,17,10,URGENT CARE CENTER,OUT-OF-NETWORK,PERCENT PLAN PAYS,80,70,100,50,70,2,10,high,low,RISK,3
1,2,0,0,Hourly,4350,No,Rents,7,16,37,17,10,URGENT CARE CENTER,OUT-OF-NETWORK,PERCENT PLAN PAYS,100,50,80,70,70,2,10,high,low,RISK,3
2,2,1,2,Salaried,3664,No,Owns,7,16,39,17,10,URGENT CARE CENTER,OUT-OF-NETWORK,PERCENT PLAN PAYS,70,100,50,80,70,2,10,high,low,RISK,3
0,0,0,1,Bonus,1972,Yes,Owns,17,14,30,17,10,URGENT CARE CENTER,OUT-OF-NETWORK,PERCENT PLAN PAYS,100,80,70,50,70,2,10,high,low,RISK,3
1,0,2,2,Salaried,1235,Yes,Rents,14,14,34,17,10,URGENT CARE CENTER,OUT-OF-NETWORK,PERCENT PLAN PAYS,70,100,50,80,70,2,10,high,low,RISK,3
0,2,0,1,Bonus,2294,Yes,Owns,10,19,30,17,10,URGENT CARE CENTER,OUT-OF-NETWORK,PERCENT PLAN PAYS,100,50,80,70,70,2,10,high,low,RISK,3
0,1,2,0,Salaried,4592,Yes,Rents,16,17,35,17,10,URGENT CARE CENTER,OUT-OF-NETWORK,PERCENT PLAN PAYS,80,50,70,100,70,2,10,high,low,RISK,3
0,0,1,1,Hourly,2183,Yes,Owns,6,15,48,17,10,URGENT CARE CENTER,OUT-OF-NETWORK,PERCENT PLAN PAYS,80,70,100,50,70,2,10,high,low,RISK,3
1,1,2,1,Salaried,1622,Yes,Rents,8,12,35,17,10,URGENT CARE CENTER,OUT-OF-NETWORK,PERCENT PLAN PAYS,70,50,100,80,70,2,10,high,low,RISK,3
1,2,1,2,Salaried,4259,Yes,Rents,6,18,32,17,10,URGENT CARE CENTER,OUT-OF-NETWORK,PERCENT PLAN PAYS,50,100,80,70,70,2,10,high,low,RISK,3
2,1,1,2,Salaried,4138,No,Owns,17,13,27,17,10,URGENT CARE CENTER,OUT-OF-NETWORK,PERCENT PLAN PAYS,50,100,80,70,70,2,10,high,low,RISK,3
2,0,1,2,Bonus,2742,No,Owns,17,20,28,17,10,URGENT CARE CENTER,OUT-OF-NETWORK,PERCENT PLAN PAYS,50,100,80,70,70,2,10,high,low,RISK,3
1,1,0,2,Bonus,4027,Yes,Rents,8,14,29,17,10,URGENT CARE CENTER,OUT-OF-NETWORK,PERCENT PLAN PAYS,80,50,100,70,70,2,10,high,low,RISK,3
1,1,0,0,Bonus,3643,No,Rents,16,13,50,17,10,URGENT CARE CENTER,OUT-OF-NETWORK,PERCENT PLAN PAYS,80,50,100,70,70,2,10,high,low,RISK,3
1,0,2,0,Salaried,1855,No,Rents,17,20,35,17,10,URGENT CARE CENTER,OUT-OF-NETWORK,PERCENT PLAN PAYS,50,100,80,70,70,2,10,high,low,RISK,3
1,2,0,1,Bonus,4199,No,Owns,14,17,32,17,10,URGENT CARE CENTER,OUT-OF-NETWORK,PERCENT PLAN PAYS,70,50,100,80,70,2,10,high,low,RISK,3
0,2,1,0,Salaried,358,No,Rents,12,16,31,17,10,URGENT CARE CENTER,OUT-OF-NETWORK,PERCENT PLAN PAYS,100,50,80,70,70,2,10,high,low,RISK,3
1,1,1,1,Salaried,2175,No,Owns,16,20,34,17,10,URGENT CARE CENTER,OUT-OF-NETWORK,PERCENT PLAN PAYS,70,80,50,100,70,2,10,high,low,RISK,3
1,1,0,0,Bonus,2804,No,Owns,11,11,30,17,10,URGENT CARE CENTER,OUT-OF-NETWORK,PERCENT PLAN PAYS,80,50,100,70,70,2,10,high,low,RISK,3
2,1,2,1,Bonus,2793,Yes,Owns,17,19,27,17,10,URGENT CARE CENTER,OUT-OF-NETWORK,PERCENT PLAN PAYS,80,50,100,70,70,2,10,high,low,RISK,3
2,0,2,0,Salaried,1366,No,Owns,14,15,31,17,10,URGENT CARE CENTER,OUT-OF-NETWORK,PERCENT PLAN PAYS,100,80,70,50,70,2,10,high,low,RISK,3
0,1,1,2,Salaried,3990,No,Rents,13,12,28,17,10,URGENT CARE CENTER,OUT-OF-NETWORK,PERCENT PLAN PAYS,50,100,80,70,70,2,10,high,low,RISK,3
0,1,1,0,Salaried,1625,No,Owns,16,16,31,17,10,URGENT CARE CENTER,OUT-OF-NETWORK,PERCENT PLAN PAYS,70,50,80,100,70,2,10,high,low,RISK,3
1,2,0,0,Hourly,1178,No,Owns,5,12,39,17,10,URGENT CARE CENTER,OUT-OF-NETWORK,PERCENT PLAN PAYS,100,80,70,50,70,2,10,high,low,RISK,3
1,1,0,0,Hourly,2665,No,Rents,8,14,30,17,10,URGENT CARE CENTER,OUT-OF-NETWORK,PERCENT PLAN PAYS,100,80,50,70,70,2,10,high,low,RISK,3
1,1,2,0,Hourly,4144,No,Owns,9,13,26,17,10,URGENT CARE CENTER,OUT-OF-NETWORK,PERCENT PLAN PAYS,100,80,50,70,70,2,10,high,low,RISK,3
1,1,2,0,Hourly,2547,Yes,Owns,14,16,37,17,10,URGENT CARE CENTER,OUT-OF-NETWORK,PERCENT PLAN PAYS,100,80,50,70,70,2,10,high,low,RISK,3
1,1,1,0,Hourly,152,Yes,Owns,15,16,39,17,10,URGENT CARE CENTER,OUT-OF-NETWORK,PERCENT PLAN PAYS,80,50,100,70,70,2,10,high,low,RISK,3
0,0,0,0,Bonus,2909,Yes,Rents,9,14,30,17,10,URGENT CARE CENTER,OUT-OF-NETWORK,PERCENT PLAN PAYS,100,80,50,70,70,2,10,high,low,RISK,3
2,2,1,1,Bonus,2404,Yes,Owns,11,14,34,17,10,URGENT CARE CENTER,OUT-OF-NETWORK,PERCENT PLAN PAYS,100,50,80,70,70,2,10,high,low,RISK,3
2,0,1,2,Bonus,144,Yes,Owns,10,19,30,17,10,URGENT CARE CENTER,OUT-OF-NETWORK,PERCENT PLAN PAYS,50,80,70,100,70,2,10,high,low,RISK,3
2,0,1,0,Hourly,2250,No,Owns,11,17,35,17,10,URGENT CARE CENTER,OUT-OF-NETWORK,PERCENT PLAN PAYS,70,80,50,100,70,2,10,high,low,RISK,3
2,0,0,0,Hourly,4826,No,Owns,10,15,48,17,10,URGENT CARE CENTER,OUT-OF-NETWORK,PERCENT PLAN PAYS,50,70,80,100,70,2,10,high,low,RISK,3
1,1,0,0,Salaried,792,No,Owns,12,12,35,17,10,URGENT CARE CENTER,OUT-OF-NETWORK,PERCENT PLAN PAYS,70,100,50,80,70,2,10,high,low,RISK,3
0,2,0,1,Hourly,3429,No,Rents,15,18,32,17,10,URGENT CARE CENTER,OUT-OF-NETWORK,PERCENT PLAN PAYS,50,100,80,70,70,2,10,high,low,RISK,3
0,2,0,1,Hourly,1596,Yes,Owns,11,13,27,17,10,URGENT CARE CENTER,OUT-OF-NETWORK,PERCENT PLAN PAYS,70,100,80,50,70,2,10,high,low,RISK,3
1,1,2,0,Salaried,83,Yes,Owns,7,20,28,17,10,URGENT CARE CENTER,OUT-OF-NETWORK,PERCENT PLAN PAYS,80,50,70,100,70,2,10,high,low,RISK,3
1,2,0,2,Salaried,3601,No,Owns,6,14,29,17,10,URGENT CARE CENTER,OUT-OF-NETWORK,PERCENT PLAN PAYS,70,100,50,80,70,2,10,high,low,RISK,3
1,1,0,1,Bonus,861,No,Owns,15,13,50,17,10,URGENT CARE CENTER,OUT-OF-NETWORK,PERCENT PLAN PAYS,70,100,80,50,70,2,10,high,low,RISK,3
0,2,2,2,Salaried,2240,Yes,Rents,15,20,35,17,10,URGENT CARE CENTER,OUT-OF-NETWORK,PERCENT PLAN PAYS,70,100,50,80,70,2,10,high,low,RISK,3
1,0,0,0,Hourly,2384,No,Rents,6,17,32,17,10,URGENT CARE CENTER,OUT-OF-NETWORK,PERCENT PLAN PAYS,100,70,50,80,70,2,10,high,low,RISK,3
0,0,0,0,Bonus,2363,Yes,Rents,12,16,31,17,10,URGENT CARE CENTER,OUT-OF-NETWORK,PERCENT PLAN PAYS,70,50,100,80,70,2,10,high,low,RISK,3
1,1,2,0,Salaried,4539,No,Owns,10,20,34,17,10,URGENT CARE CENTER,OUT-OF-NETWORK,PERCENT PLAN PAYS,70,100,80,50,70,2,10,high,low,RISK,3
1,1,0,0,Bonus,489,No,Rents,9,11,30,17,10,URGENT CARE CENTER,OUT-OF-NETWORK,PERCENT PLAN PAYS,50,100,70,80,70,2,10,high,low,RISK,3
1,2,0,2,Bonus,4623,Yes,Owns,7,19,27,17,10,URGENT CARE CENTER,OUT-OF-NETWORK,PERCENT PLAN PAYS,50,70,80,100,70,2,10,high,low,RISK,3
1,0,0,0,Salaried,153,Yes,Owns,5,15,31,17,10,URGENT CARE CENTER,OUT-OF-NETWORK,PERCENT PLAN PAYS,100,80,50,70,70,2,10,high,low,RISK,3
0,2,2,1,Salaried,3954,No,Owns,6,12,28,17,10,URGENT CARE CENTER,OUT-OF-NETWORK,PERCENT PLAN PAYS,100,70,50,80,70,2,10,high,low,RISK,3
0,1,0,0,Salaried,4742,No,Rents,5,16,31,17,10,URGENT CARE CENTER,OUT-OF-NETWORK,PERCENT PLAN PAYS,80,100,70,50,70,2,10,high,low,RISK,3
0,0,0,1,Hourly,3289,No,Rents,15,12,39,17,10,URGENT CARE CENTER,OUT-OF-NETWORK,PERCENT PLAN PAYS,80,100,70,50,70,2,10,high,low,RISK,3
0,0,1,1,Bonus,3409,Yes,Rents,13,14,30,17,10,URGENT CARE CENTER,OUT-OF-NETWORK,PERCENT PLAN PAYS,80,100,50,70,70,2,10,high,low,RISK,3
0,0,2,1,Bonus,3179,No,Rents,8,13,26,17,10,URGENT CARE CENTER,OUT-OF-NETWORK,PERCENT PLAN PAYS,100,70,50,80,70,2,10,high,low,RISK,3
0,0,0,1,Bonus,4271,No,Rents,9,16,37,17,10,URGENT CARE CENTER,OUT-OF-NETWORK,PERCENT PLAN PAYS,80,50,100,70,70,2,10,high,low,RISK,3
0,0,0,0,Hourly,4605,Yes,Rents,10,16,39,17,10,URGENT CARE CENTER,OUT-OF-NETWORK,PERCENT PLAN PAYS,100,80,70,50,70,2,10,high,low,RISK,3
0,2,2,2,Salaried,3042,Yes,Rents,6,14,30,17,10,URGENT CARE CENTER,OUT-OF-NETWORK,PERCENT PLAN PAYS,50,80,100,70,70,2,10,high,low,RISK,3
0,2,2,0,Hourly,170,No,Rents,16,14,34,17,10,URGENT CARE CENTER,OUT-OF-NETWORK,PERCENT PLAN PAYS,70,100,80,50,70,2,10,high,low,RISK,3
0,1,0,2,Salaried,2062,No,Rents,7,19,30,17,10,URGENT CARE CENTER,OUT-OF-NETWORK,PERCENT PLAN PAYS,100,50,80,70,70,2,10,high,low,RISK,3
1,1,2,2,Bonus,1962,No,Rents,5,17,35,17,10,URGENT CARE CENTER,OUT-OF-NETWORK,PERCENT PLAN PAYS,50,100,70,80,70,2,10,high,low,RISK,3
0,0,0,0,Bonus,1006,No,Owns,11,15,48,17,10,URGENT CARE CENTER,OUT-OF-NETWORK,PERCENT PLAN PAYS,100,70,80,50,70,2,10,high,low,RISK,3
0,2,1,2,Salaried,4555,No,Rents,8,12,35,17,10,URGENT CARE CENTER,OUT-OF-NETWORK,PERCENT PLAN PAYS,50,70,100,80,70,2,10,high,low,RISK,3
2,1,1,0,Bonus,458,No,Rents,10,18,32,17,10,URGENT CARE CENTER,OUT-OF-NETWORK,PERCENT PLAN PAYS,70,50,80,100,70,2,10,high,low,RISK,3
2,0,2,1,Hourly,1593,No,Owns,5,13,27,17,10,URGENT CARE CENTER,OUT-OF-NETWORK,PERCENT PLAN PAYS,80,70,50,100,70,2,10,high,low,RISK,3
0,2,0,1,Hourly,4519,Yes,Owns,11,20,28,17,10,URGENT CARE CENTER,OUT-OF-NETWORK,PERCENT PLAN PAYS,50,80,100,70,70,2,10,high,low,RISK,3
0,1,0,0,Bonus,2639,No,Rents,5,14,29,17,10,URGENT CARE CENTER,OUT-OF-NETWORK,PERCENT PLAN PAYS,100,70,50,80,70,2,10,high,low,RISK,3
0,0,2,1,Hourly,2563,Yes,Rents,15,13,50,17,10,URGENT CARE CENTER,OUT-OF-NETWORK,PERCENT PLAN PAYS,50,80,70,100,70,2,10,high,low,RISK,3
0,1,2,1,Bonus,2810,Yes,Owns,15,20,35,17,10,URGENT CARE CENTER,OUT-OF-NETWORK,PERCENT PLAN PAYS,100,70,50,80,70,2,10,high,low,RISK,3
1,1,0,1,Hourly,2954,Yes,Owns,18,17,32,17,10,URGENT CARE CENTER,OUT-OF-NETWORK,PERCENT PLAN PAYS,50,100,80,70,70,2,10,high,low,RISK,3
1,0,2,0,Hourly,2299,Yes,Owns,13,16,31,17,10,URGENT CARE CENTER,OUT-OF-NETWORK,PERCENT PLAN PAYS,70,50,80,100,70,2,10,high,low,RISK,3
1,0,2,0,Bonus,1856,Yes,Rents,14,11,30,17,10,URGENT CARE CENTER,OUT-OF-NETWORK,PERCENT PLAN PAYS,80,70,100,50,70,2,10,high,low,RISK,3
2,1,1,0,Salaried,3352,Yes,Rents,6,19,27,17,10,URGENT CARE CENTER,OUT-OF-NETWORK,PERCENT PLAN PAYS,50,80,100,70,70,2,10,high,low,RISK,3
2,0,0,1,Hourly,3735,Yes,Owns,15,15,31,17,10,URGENT CARE CENTER,OUT-OF-NETWORK,PERCENT PLAN PAYS,50,80,70,100,70,2,10,high,low,RISK,3
2,1,0,2,Salaried,1125,Yes,Rents,6,12,28,17,10,URGENT CARE CENTER,OUT-OF-NETWORK,PERCENT PLAN PAYS,80,100,70,50,70,2,10,high,low,RISK,3
2,0,1,0,Bonus,4695,No,Owns,5,16,31,17,10,URGENT CARE CENTER,OUT-OF-NETWORK,PERCENT PLAN PAYS,70,50,80,100,70,2,10,high,low,RISK,3
1,1,1,1,Salaried,1210,No,Rents,17,12,39,17,10,URGENT CARE CENTER,OUT-OF-NETWORK,PERCENT PLAN PAYS,70,80,50,100,70,2,10,high,low,RISK,3
1,2,1,0,Bonus,3149,No,Owns,6,14,30,17,10,URGENT CARE CENTER,OUT-OF-NETWORK,PERCENT PLAN PAYS,80,100,50,70,70,2,10,high,low,RISK,3
1,1,1,1,Bonus,3757,No,Rents,6,13,26,17,10,URGENT CARE CENTER,OUT-OF-NETWORK,PERCENT PLAN PAYS,50,100,70,80,70,2,10,high,low,RISK,3
1,0,2,1,Salaried,4038,Yes,Rents,12,16,37,17,10,URGENT CARE CENTER,OUT-OF-NETWORK,PERCENT PLAN PAYS,80,50,70,100,70,2,10,high,low,RISK,3
0,0,0,2,Bonus,381,No,Owns,8,16,39,17,10,URGENT CARE CENTER,OUT-OF-NETWORK,PERCENT PLAN PAYS,80,50,100,70,70,2,10,high,low,RISK,3
0,0,1,1,Hourly,2879,Yes,Rents,16,14,30,17,10,URGENT CARE CENTER,OUT-OF-NETWORK,PERCENT PLAN PAYS,70,50,80,100,70,2,10,high,low,RISK,3
1,2,0,0,Hourly,2246,No,Owns,17,14,34,17,10,URGENT CARE CENTER,OUT-OF-NETWORK,PERCENT PLAN PAYS,100,70,50,80,70,2,10,high,low,RISK,3
0,2,1,0,Hourly,3337,No,Rents,7,19,30,17,10,URGENT CARE CENTER,OUT-OF-NETWORK,PERCENT PLAN PAYS,70,50,100,80,70,2,10,high,low,RISK,3
1,1,1,1,Hourly,874,No,Owns,17,17,35,17,10,URGENT CARE CENTER,OUT-OF-NETWORK,PERCENT PLAN PAYS,80,100,50,70,70,2,10,high,low,RISK,3
0,1,0,0,Hourly,4470,Yes,Owns,6,15,48,17,10,URGENT CARE CENTER,OUT-OF-NETWORK,PERCENT PLAN PAYS,80,70,50,100,70,2,10,high,low,RISK,3
2,0,1,1,Hourly,3252,Yes,Owns,10,12,35,17,10,URGENT CARE CENTER,OUT-OF-NETWORK,PERCENT PLAN PAYS,100,70,80,50,70,2,10,high,low,RISK,3
0,2,0,1,Hourly,176,Yes,Rents,9,18,32,17,10,URGENT CARE CENTER,OUT-OF-NETWORK,PERCENT PLAN PAYS,100,80,70,50,70,2,10,high,low,RISK,3
1,0,2,0,Hourly,3681,Yes,Owns,6,13,27,17,10,URGENT CARE CENTER,OUT-OF-NETWORK,PERCENT PLAN PAYS,80,100,70,50,70,2,10,high,low,RISK,3
1,2,1,2,Hourly,1019,Yes,Owns,15,20,28,17,10,URGENT CARE CENTER,OUT-OF-NETWORK,PERCENT PLAN PAYS,80,50,100,70,70,2,10,high,low,RISK,3
1,2,1,1,Bonus,4493,Yes,Owns,18,14,29,17,10,URGENT CARE CENTER,OUT-OF-NETWORK,PERCENT PLAN PAYS,70,100,80,50,70,2,10,high,low,RISK,3
1,2,2,0,Salaried,1012,Yes,Owns,15,13,50,17,10,URGENT CARE CENTER,OUT-OF-NETWORK,PERCENT PLAN PAYS,80,70,100,50,70,2,10,high,low,RISK,3
0,0,1,1,Bonus,1248,Yes,Rents,7,20,35,17,10,URGENT CARE CENTER,OUT-OF-NETWORK,PERCENT PLAN PAYS,70,80,50,100,70,2,10,high,low,RISK,3
0,0,1,0,Salaried,1214,No,Owns,6,17,32,17,10,URGENT CARE CENTER,OUT-OF-NETWORK,PERCENT PLAN PAYS,100,80,50,70,70,2,10,high,low,RISK,3
1,0,1,0,Salaried,2852,Yes,Rents,6,16,31,17,10,URGENT CARE CENTER,OUT-OF-NETWORK,PERCENT PLAN PAYS,100,80,70,50,70,2,10,high,low,RISK,3
1,0,0,0,Bonus,1440,Yes,Owns,10,20,34,17,10,URGENT CARE CENTER,OUT-OF-NETWORK,PERCENT PLAN PAYS,50,80,100,70,70,2,10,high,low,RISK,3
1,0,1,0,Bonus,2951,No,Owns,11,11,30,17,10,URGENT CARE CENTER,OUT-OF-NETWORK,PERCENT PLAN PAYS,70,80,50,100,70,2,10,high,low,RISK,3
3,2,1,3,Salaried,4377,No,Rents,24,48,52,17,11,URGENT CARE CENTER,OUT-OF-NETWORK,PERCENT PLAN PAYS,80,50,100,70,80,3,20,high,low,RISK,3
1,1,2,1,Salaried,1919,No,Owns,25,33,56,17,11,URGENT CARE CENTER,OUT-OF-NETWORK,PERCENT PLAN PAYS,70,80,100,50,80,3,20,high,low,RISK,3
2,2,1,1,Salaried,4671,Yes,Rents,33,23,53,17,11,URGENT CARE CENTER,OUT-OF-NETWORK,PERCENT PLAN PAYS,100,50,70,80,80,3,20,high,low,RISK,3
3,2,1,1,Bonus,1139,No,Owns,29,38,56,17,11,URGENT CARE CENTER,OUT-OF-NETWORK,PERCENT PLAN PAYS,80,100,70,50,80,3,20,high,low,RISK,3
1,2,3,2,Bonus,3085,No,Rents,23,24,64,17,11,URGENT CARE CENTER,OUT-OF-NETWORK,PERCENT PLAN PAYS,50,100,70,80,80,3,20,high,low,RISK,3
1,2,3,1,Salaried,912,Yes,Rents,37,29,55,17,11,URGENT CARE CENTER,OUT-OF-NETWORK,PERCENT PLAN PAYS,50,100,70,80,80,3,20,high,low,RISK,3
2,1,3,2,Hourly,3561,Yes,Owns,28,26,51,17,11,URGENT CARE CENTER,OUT-OF-NETWORK,PERCENT PLAN PAYS,100,50,80,70,80,3,20,high,low,RISK,3
2,3,1,1,Hourly,4350,No,Rents,19,36,62,17,11,URGENT CARE CENTER,OUT-OF-NETWORK,PERCENT PLAN PAYS,70,50,80,100,80,3,20,high,low,RISK,3
3,3,2,3,Salaried,3664,No,Owns,18,38,64,17,11,URGENT CARE CENTER,OUT-OF-NETWORK,PERCENT PLAN PAYS,70,50,80,100,80,3,20,high,low,RISK,3
1,1,1,1,Bonus,1972,Yes,Owns,38,31,55,17,11,URGENT CARE CENTER,OUT-OF-NETWORK,PERCENT PLAN PAYS,70,100,50,80,80,3,20,high,low,RISK,3
1,1,3,3,Salaried,1235,Yes,Rents,32,31,59,17,11,URGENT CARE CENTER,OUT-OF-NETWORK,PERCENT PLAN PAYS,100,50,80,70,80,3,20,high,low,RISK,3
1,3,1,2,Bonus,2294,Yes,Owns,25,47,55,17,11,URGENT CARE CENTER,OUT-OF-NETWORK,PERCENT PLAN PAYS,80,70,100,50,80,3,20,high,low,RISK,3
1,2,3,1,Salaried,4592,Yes,Rents,37,41,60,17,11,URGENT CARE CENTER,OUT-OF-NETWORK,PERCENT PLAN PAYS,50,100,70,80,80,3,20,high,low,RISK,3
1,1,1,2,Hourly,2183,Yes,Owns,16,35,73,17,11,URGENT CARE CENTER,OUT-OF-NETWORK,PERCENT PLAN PAYS,70,50,80,100,80,3,20,high,low,RISK,3
2,2,3,2,Salaried,1622,Yes,Rents,21,24,60,17,11,URGENT CARE CENTER,OUT-OF-NETWORK,PERCENT PLAN PAYS,70,80,100,50,80,3,20,high,low,RISK,3
2,3,1,3,Salaried,4259,Yes,Rents,17,43,57,17,11,URGENT CARE CENTER,OUT-OF-NETWORK,PERCENT PLAN PAYS,100,50,70,80,80,3,20,high,low,RISK,3
3,2,2,3,Salaried,4138,No,Owns,37,25,52,17,11,URGENT CARE CENTER,OUT-OF-NETWORK,PERCENT PLAN PAYS,50,80,100,70,80,3,20,high,low,RISK,3
3,1,2,3,Bonus,2742,No,Owns,39,50,53,17,11,URGENT CARE CENTER,OUT-OF-NETWORK,PERCENT PLAN PAYS,100,80,50,70,80,3,20,high,low,RISK,3
1,1,1,3,Bonus,4027,Yes,Rents,21,31,54,17,11,URGENT CARE CENTER,OUT-OF-NETWORK,PERCENT PLAN PAYS,80,70,50,100,80,3,20,high,low,RISK,3
2,2,1,1,Bonus,3643,No,Rents,35,26,75,17,11,URGENT CARE CENTER,OUT-OF-NETWORK,PERCENT PLAN PAYS,80,70,100,50,80,3,20,high,low,RISK,3
2,1,3,1,Salaried,1855,No,Rents,39,49,60,17,11,URGENT CARE CENTER,OUT-OF-NETWORK,PERCENT PLAN PAYS,80,100,70,50,80,3,20,high,low,RISK,3
1,3,1,1,Bonus,4199,No,Owns,33,40,57,17,11,URGENT CARE CENTER,OUT-OF-NETWORK,PERCENT PLAN PAYS,80,100,50,70,80,3,20,high,low,RISK,3
1,3,2,1,Salaried,358,No,Rents,28,36,56,17,11,URGENT CARE CENTER,OUT-OF-NETWORK,PERCENT PLAN PAYS,50,70,80,100,80,3,20,high,low,RISK,3
2,2,2,1,Salaried,2175,No,Owns,35,49,59,17,11,URGENT CARE CENTER,OUT-OF-NETWORK,PERCENT PLAN PAYS,80,100,50,70,80,3,20,high,low,RISK,3
2,2,1,1,Bonus,2804,No,Owns,26,20,55,17,11,URGENT CARE CENTER,OUT-OF-NETWORK,PERCENT PLAN PAYS,80,100,50,70,80,3,20,high,low,RISK,3
3,3,3,2,Bonus,2793,Yes,Owns,39,48,52,17,11,URGENT CARE CENTER,OUT-OF-NETWORK,PERCENT PLAN PAYS,70,100,80,50,80,3,20,high,low,RISK,3
3,1,3,1,Salaried,1366,No,Owns,32,33,56,17,11,URGENT CARE CENTER,OUT-OF-NETWORK,PERCENT PLAN PAYS,100,70,50,80,80,3,20,high,low,RISK,3
1,2,2,3,Salaried,3990,No,Rents,30,23,53,17,11,URGENT CARE CENTER,OUT-OF-NETWORK,PERCENT PLAN PAYS,80,70,100,50,80,3,20,high,low,RISK,3
1,2,2,1,Salaried,1625,No,Owns,36,38,56,17,11,URGENT CARE CENTER,OUT-OF-NETWORK,PERCENT PLAN PAYS,50,80,100,70,80,3,20,high,low,RISK,3
2,3,1,1,Hourly,1178,No,Owns,15,24,64,17,11,URGENT CARE CENTER,OUT-OF-NETWORK,PERCENT PLAN PAYS,50,70,80,100,80,3,20,high,low,RISK,3
2,1,1,1,Hourly,2665,No,Rents,20,29,55,17,11,URGENT CARE CENTER,OUT-OF-NETWORK,PERCENT PLAN PAYS,70,50,100,80,80,3,20,high,low,RISK,3
2,3,3,1,Hourly,4144,No,Owns,23,26,51,17,11,URGENT CARE CENTER,OUT-OF-NETWORK,PERCENT PLAN PAYS,100,80,70,50,80,3,20,high,low,RISK,3
2,2,3,1,Hourly,2547,Yes,Owns,32,36,62,17,11,URGENT CARE CENTER,OUT-OF-NETWORK,PERCENT PLAN PAYS,50,100,70,80,80,3,20,high,low,RISK,3
2,1,2,1,Hourly,152,Yes,Owns,34,38,64,17,11,URGENT CARE CENTER,OUT-OF-NETWORK,PERCENT PLAN PAYS,50,80,70,100,80,3,20,high,low,RISK,3
1,1,1,1,Bonus,2909,Yes,Rents,23,31,55,17,11,URGENT CARE CENTER,OUT-OF-NETWORK,PERCENT PLAN PAYS,80,70,100,50,80,3,20,high,low,RISK,3
3,3,2,2,Bonus,2404,Yes,Owns,27,31,59,17,11,URGENT CARE CENTER,OUT-OF-NETWORK,PERCENT PLAN PAYS,70,50,80,100,80,3,20,high,low,RISK,3
3,1,2,3,Bonus,144,Yes,Owns,24,47,55,17,11,URGENT CARE CENTER,OUT-OF-NETWORK,PERCENT PLAN PAYS,100,70,50,80,80,3,20,high,low,RISK,3
3,1,2,1,Hourly,2250,No,Owns,26,41,60,17,11,URGENT CARE CENTER,OUT-OF-NETWORK,PERCENT PLAN PAYS,70,100,50,80,80,3,20,high,low,RISK,3
3,1,1,1,Hourly,4826,No,Owns,25,35,73,17,11,URGENT CARE CENTER,OUT-OF-NETWORK,PERCENT PLAN PAYS,80,70,100,50,80,3,20,high,low,RISK,3
2,2,1,1,Salaried,792,No,Owns,28,24,60,17,11,URGENT CARE CENTER,OUT-OF-NETWORK,PERCENT PLAN PAYS,80,70,50,100,80,3,20,high,low,RISK,3
1,3,1,2,Hourly,3429,No,Rents,34,43,57,17,11,URGENT CARE CENTER,OUT-OF-NETWORK,PERCENT PLAN PAYS,100,50,80,70,80,3,20,high,low,RISK,3
1,3,1,2,Hourly,1596,Yes,Owns,27,25,52,17,11,URGENT CARE CENTER,OUT-OF-NETWORK,PERCENT PLAN PAYS,70,80,50,100,80,3,20,high,low,RISK,3
2,3,3,1,Salaried,83,Yes,Owns,19,50,53,17,11,URGENT CARE CENTER,OUT-OF-NETWORK,PERCENT PLAN PAYS,70,50,80,100,80,3,20,high,low,RISK,3
2,3,1,3,Salaried,3601,No,Owns,17,31,54,17,11,URGENT CARE CENTER,OUT-OF-NETWORK,PERCENT PLAN PAYS,50,70,80,100,80,3,20,high,low,RISK,3
2,2,1,2,Bonus,861,No,Owns,34,26,75,17,11,URGENT CARE CENTER,OUT-OF-NETWORK,PERCENT PLAN PAYS,80,100,70,50,80,3,20,high,low,RISK,3
1,3,3,3,Salaried,2240,Yes,Rents,35,49,60,17,11,URGENT CARE CENTER,OUT-OF-NETWORK,PERCENT PLAN PAYS,50,100,70,80,80,3,20,high,low,RISK,3
1,1,1,1,Hourly,2384,No,Rents,17,40,57,17,11,URGENT CARE CENTER,OUT-OF-NETWORK,PERCENT PLAN PAYS,50,80,70,100,80,3,20,high,low,RISK,3
1,1,1,1,Bonus,2363,Yes,Rents,29,36,56,17,11,URGENT CARE CENTER,OUT-OF-NETWORK,PERCENT PLAN PAYS,70,100,50,80,80,3,20,high,low,RISK,3
2,1,3,1,Salaried,4539,No,Owns,24,49,59,17,11,URGENT CARE CENTER,OUT-OF-NETWORK,PERCENT PLAN PAYS,70,80,50,100,80,3,20,high,low,RISK,3
2,1,1,1,Bonus,489,No,Rents,23,20,55,17,11,URGENT CARE CENTER,OUT-OF-NETWORK,PERCENT PLAN PAYS,80,100,50,70,80,3,20,high,low,RISK,3
2,3,1,3,Bonus,4623,Yes,Owns,19,48,52,17,11,URGENT CARE CENTER,OUT-OF-NETWORK,PERCENT PLAN PAYS,100,70,50,80,80,3,20,high,low,RISK,3
2,1,1,1,Salaried,153,Yes,Owns,15,33,56,17,11,URGENT CARE CENTER,OUT-OF-NETWORK,PERCENT PLAN PAYS,80,50,100,70,80,3,20,high,low,RISK,3
1,3,3,2,Salaried,3954,No,Owns,17,23,53,17,11,URGENT CARE CENTER,OUT-OF-NETWORK,PERCENT PLAN PAYS,50,100,80,70,80,3,20,high,low,RISK,3
1,2,1,1,Salaried,4742,No,Rents,15,38,56,17,11,URGENT CARE CENTER,OUT-OF-NETWORK,PERCENT PLAN PAYS,50,80,70,100,80,3,20,high,low,RISK,3
1,1,1,2,Hourly,3289,No,Rents,35,24,64,17,11,URGENT CARE CENTER,OUT-OF-NETWORK,PERCENT PLAN PAYS,50,70,100,80,80,3,20,high,low,RISK,3
1,1,2,2,Bonus,3409,Yes,Rents,30,29,55,17,11,URGENT CARE CENTER,OUT-OF-NETWORK,PERCENT PLAN PAYS,50,100,70,80,80,3,20,high,low,RISK,3
1,1,3,2,Bonus,3179,No,Rents,21,26,51,17,11,URGENT CARE CENTER,OUT-OF-NETWORK,PERCENT PLAN PAYS,80,70,50,100,80,3,20,high,low,RISK,3
1,1,1,2,Bonus,4271,No,Rents,22,36,62,17,11,URGENT CARE CENTER,OUT-OF-NETWORK,PERCENT PLAN PAYS,70,50,80,100,80,3,20,high,low,RISK,3
1,1,1,1,Hourly,4605,Yes,Rents,24,38,64,17,11,URGENT CARE CENTER,OUT-OF-NETWORK,PERCENT PLAN PAYS,50,80,70,100,80,3,20,high,low,RISK,3
1,3,3,3,Salaried,3042,Yes,Rents,16,31,55,17,11,URGENT CARE CENTER,OUT-OF-NETWORK,PERCENT PLAN PAYS,50,70,80,100,80,3,20,high,low,RISK,3
1,3,3,1,Hourly,170,No,Rents,37,31,59,17,11,URGENT CARE CENTER,OUT-OF-NETWORK,PERCENT PLAN PAYS,80,100,50,70,80,3,20,high,low,RISK,3
1,1,1,3,Salaried,2062,No,Rents,20,47,55,17,11,URGENT CARE CENTER,OUT-OF-NETWORK,PERCENT PLAN PAYS,50,70,80,100,80,3,20,high,low,RISK,3
2,2,3,3,Bonus,1962,No,Rents,15,41,60,17,11,URGENT CARE CENTER,OUT-OF-NETWORK,PERCENT PLAN PAYS,70,100,50,80,80,3,20,high,low,RISK,3
1,1,1,1,Bonus,1006,No,Owns,27,35,73,17,11,URGENT CARE CENTER,OUT-OF-NETWORK,PERCENT PLAN PAYS,50,70,80,100,80,3,20,high,low,RISK,3
1,3,2,3,Salaried,4555,No,Rents,20,24,60,17,11,URGENT CARE CENTER,OUT-OF-NETWORK,PERCENT PLAN PAYS,50,70,80,100,80,3,20,high,low,RISK,3
3,1,2,1,Bonus,458,No,Rents,25,43,57,17,11,URGENT CARE CENTER,OUT-OF-NETWORK,PERCENT PLAN PAYS,100,70,50,80,80,3,20,high,low,RISK,3
3,1,3,1,Hourly,1593,No,Owns,16,25,52,17,11,URGENT CARE CENTER,OUT-OF-NETWORK,PERCENT PLAN PAYS,70,100,50,80,80,3,20,high,low,RISK,3
1,3,1,2,Hourly,4519,Yes,Owns,26,50,53,17,11,URGENT CARE CENTER,OUT-OF-NETWORK,PERCENT PLAN PAYS,100,80,70,50,80,3,20,high,low,RISK,3
1,2,1,1,Bonus,2639,No,Rents,16,31,54,17,11,URGENT CARE CENTER,OUT-OF-NETWORK,PERCENT PLAN PAYS,100,70,50,80,80,3,20,high,low,RISK,3
1,1,3,1,Hourly,2563,Yes,Rents,35,26,75,17,11,URGENT CARE CENTER,OUT-OF-NETWORK,PERCENT PLAN PAYS,80,70,50,100,80,3,20,high,low,RISK,3
1,2,3,2,Bonus,2810,Yes,Owns,35,49,60,17,11,URGENT CARE CENTER,OUT-OF-NETWORK,PERCENT PLAN PAYS,70,80,100,50,80,3,20,high,low,RISK,3
2,2,1,2,Hourly,2954,Yes,Owns,39,40,57,17,11,URGENT CARE CENTER,OUT-OF-NETWORK,PERCENT PLAN PAYS,80,50,100,70,80,3,20,high,low,RISK,3
2,1,3,1,Hourly,2299,Yes,Owns,31,36,56,17,11,URGENT CARE CENTER,OUT-OF-NETWORK,PERCENT PLAN PAYS,80,100,50,70,80,3,20,high,low,RISK,3
1,1,2,3,Hourly,1155,No,Rents,16,49,59,17,11,URGENT CARE CENTER,OUT-OF-NETWORK,PERCENT PLAN PAYS,50,100,70,80,80,3,20,high,low,RISK,3
2,1,3,1,Bonus,1856,Yes,Rents,31,20,55,17,11,URGENT CARE CENTER,OUT-OF-NETWORK,PERCENT PLAN PAYS,70,80,100,50,80,3,20,high,low,RISK,3
3,1,1,2,Hourly,3735,Yes,Owns,34,33,56,17,11,URGENT CARE CENTER,OUT-OF-NETWORK,PERCENT PLAN PAYS,80,100,50,70,80,3,20,high,low,RISK,3
3,2,1,3,Salaried,1125,Yes,Rents,18,23,53,17,11,URGENT CARE CENTER,OUT-OF-NETWORK,PERCENT PLAN PAYS,50,80,70,100,80,3,20,high,low,RISK,3
3,1,2,1,Bonus,4695,No,Owns,15,38,56,17,11,URGENT CARE CENTER,OUT-OF-NETWORK,PERCENT PLAN PAYS,80,50,70,100,80,3,20,high,low,RISK,3
2,2,2,2,Salaried,1210,No,Rents,38,24,64,17,11,URGENT CARE CENTER,OUT-OF-NETWORK,PERCENT PLAN PAYS,50,100,80,70,80,3,20,high,low,RISK,3
2,3,2,1,Bonus,3149,No,Owns,17,29,55,17,11,URGENT CARE CENTER,OUT-OF-NETWORK,PERCENT PLAN PAYS,50,80,100,70,80,3,20,high,low,RISK,3
2,2,2,2,Bonus,3757,No,Rents,18,26,51,17,11,URGENT CARE CENTER,OUT-OF-NETWORK,PERCENT PLAN PAYS,100,50,70,80,80,3,20,high,low,RISK,3
3,1,3,2,Salaried,4038,Yes,Rents,28,36,62,17,11,URGENT CARE CENTER,OUT-OF-NETWORK,PERCENT PLAN PAYS,80,50,70,100,80,3,20,high,low,RISK,3
1,1,1,3,Bonus,381,No,Owns,20,38,64,17,11,URGENT CARE CENTER,OUT-OF-NETWORK,PERCENT PLAN PAYS,50,100,80,70,80,3,20,high,low,RISK,3
1,1,1,2,Hourly,2879,Yes,Rents,37,31,55,17,11,URGENT CARE CENTER,OUT-OF-NETWORK,PERCENT PLAN PAYS,100,70,80,50,80,3,20,high,low,RISK,3
2,3,1,1,Hourly,2246,No,Owns,38,31,59,17,11,URGENT CARE CENTER,OUT-OF-NETWORK,PERCENT PLAN PAYS,100,70,80,50,80,3,20,high,low,RISK,3
1,3,2,1,Hourly,3337,No,Rents,18,47,55,17,11,URGENT CARE CENTER,OUT-OF-NETWORK,PERCENT PLAN PAYS,80,100,70,50,80,3,20,high,low,RISK,3
2,2,1,2,Hourly,874,No,Owns,38,41,60,17,11,URGENT CARE CENTER,OUT-OF-NETWORK,PERCENT PLAN PAYS,50,70,80,100,80,3,20,high,low,RISK,3
1,2,1,1,Hourly,4470,Yes,Owns,16,35,73,17,11,URGENT CARE CENTER,OUT-OF-NETWORK,PERCENT PLAN PAYS,50,70,100,80,80,3,20,high,low,RISK,3
3,1,3,1,Hourly,3252,Yes,Owns,24,24,60,17,11,URGENT CARE CENTER,OUT-OF-NETWORK,PERCENT PLAN PAYS,70,80,100,50,80,3,20,high,low,RISK,3
1,3,1,2,Hourly,176,Yes,Rents,23,43,57,17,11,URGENT CARE CENTER,OUT-OF-NETWORK,PERCENT PLAN PAYS,70,100,80,50,80,3,20,high,low,RISK,3
2,1,3,1,Hourly,3681,Yes,Owns,17,25,52,17,11,URGENT CARE CENTER,OUT-OF-NETWORK,PERCENT PLAN PAYS,100,50,80,70,80,3,20,high,low,RISK,3
1,3,2,3,Hourly,1019,Yes,Owns,35,50,53,17,11,URGENT CARE CENTER,OUT-OF-NETWORK,PERCENT PLAN PAYS,70,50,80,100,80,3,20,high,low,RISK,3
1,3,2,1,Bonus,4493,Yes,Owns,39,31,54,17,11,URGENT CARE CENTER,OUT-OF-NETWORK,PERCENT PLAN PAYS,100,50,80,70,80,3,20,high,low,RISK,3
1,3,3,1,Salaried,1012,Yes,Owns,34,26,75,17,11,URGENT CARE CENTER,OUT-OF-NETWORK,PERCENT PLAN PAYS,80,70,50,100,80,3,20,high,low,RISK,3
1,1,2,1,Bonus,1248,Yes,Rents,18,49,60,17,11,URGENT CARE CENTER,OUT-OF-NETWORK,PERCENT PLAN PAYS,80,50,70,100,80,3,20,high,low,RISK,3
2,1,1,1,Salaried,2852,Yes,Rents,18,36,56,17,11,URGENT CARE CENTER,OUT-OF-NETWORK,PERCENT PLAN PAYS,70,80,100,50,80,3,20,high,low,RISK,3
2,1,1,1,Bonus,1440,Yes,Owns,24,49,59,17,11,URGENT CARE CENTER,OUT-OF-NETWORK,PERCENT PLAN PAYS,50,100,80,70,80,3,20,high,low,RISK,3
3,1,3,1,Bonus,2951,No,Owns,26,20,55,17,11,URGENT CARE CENTER,OUT-OF-NETWORK,PERCENT PLAN PAYS,70,100,80,50,80,3,20,high,low,RISK,3
4,3,2,4,Salaried,4377,No,Rents,46,73,76,17,12,URGENT CARE CENTER,OUT-OF-NETWORK,PERCENT PLAN PAYS,70,100,80,50,80,3,50,high,low,RISK,3
2,3,4,2,Salaried,1919,No,Owns,48,61,80,17,12,URGENT CARE CENTER,OUT-OF-NETWORK,PERCENT PLAN PAYS,80,100,70,50,80,3,50,high,low,RISK,3
4,4,3,2,Salaried,4671,Yes,Rents,57,53,77,17,12,URGENT CARE CENTER,OUT-OF-NETWORK,PERCENT PLAN PAYS,100,70,50,80,80,3,50,high,low,RISK,3
4,4,2,2,Bonus,1139,No,Owns,52,65,80,17,12,URGENT CARE CENTER,OUT-OF-NETWORK,PERCENT PLAN PAYS,100,70,50,80,80,3,50,high,low,RISK,3
3,4,4,3,Bonus,3085,No,Rents,45,54,88,17,12,URGENT CARE CENTER,OUT-OF-NETWORK,PERCENT PLAN PAYS,50,70,80,100,80,3,50,high,low,RISK,3
3,4,4,3,Salaried,912,Yes,Rents,61,58,79,17,12,URGENT CARE CENTER,OUT-OF-NETWORK,PERCENT PLAN PAYS,100,70,50,80,80,3,50,high,low,RISK,3
4,3,4,3,Hourly,3561,Yes,Owns,51,56,75,17,12,URGENT CARE CENTER,OUT-OF-NETWORK,PERCENT PLAN PAYS,100,50,80,70,80,3,50,high,low,RISK,3
4,4,2,2,Hourly,4350,No,Rents,40,64,87,17,12,URGENT CARE CENTER,OUT-OF-NETWORK,PERCENT PLAN PAYS,80,100,50,70,80,3,50,high,low,RISK,3
4,4,4,4,Salaried,3664,No,Owns,39,65,88,17,12,URGENT CARE CENTER,OUT-OF-NETWORK,PERCENT PLAN PAYS,80,70,50,100,80,3,50,high,low,RISK,3
2,3,3,3,Bonus,1972,Yes,Owns,62,60,80,17,12,URGENT CARE CENTER,OUT-OF-NETWORK,PERCENT PLAN PAYS,100,50,80,70,80,3,50,high,low,RISK,3
3,2,4,4,Salaried,1235,Yes,Rents,55,60,83,17,12,URGENT CARE CENTER,OUT-OF-NETWORK,PERCENT PLAN PAYS,80,50,70,100,80,3,50,high,low,RISK,3
2,4,3,3,Bonus,2294,Yes,Owns,47,72,79,17,12,URGENT CARE CENTER,OUT-OF-NETWORK,PERCENT PLAN PAYS,70,100,50,80,80,3,50,high,low,RISK,3
2,3,4,3,Salaried,4592,Yes,Rents,62,68,84,17,12,URGENT CARE CENTER,OUT-OF-NETWORK,PERCENT PLAN PAYS,100,70,80,50,80,3,50,high,low,RISK,3
3,3,3,4,Hourly,2183,Yes,Owns,37,63,98,17,12,URGENT CARE CENTER,OUT-OF-NETWORK,PERCENT PLAN PAYS,70,100,50,80,80,3,50,high,low,RISK,3
3,3,4,3,Salaried,1622,Yes,Rents,42,55,84,17,12,URGENT CARE CENTER,OUT-OF-NETWORK,PERCENT PLAN PAYS,70,80,100,50,80,3,50,high,low,RISK,3
3,4,3,4,Salaried,4259,Yes,Rents,37,70,81,17,12,URGENT CARE CENTER,OUT-OF-NETWORK,PERCENT PLAN PAYS,70,50,100,80,80,3,50,high,low,RISK,3
4,3,3,4,Salaried,4138,No,Owns,62,55,76,17,12,URGENT CARE CENTER,OUT-OF-NETWORK,PERCENT PLAN PAYS,50,70,80,100,80,3,50,high,low,RISK,3
4,3,4,4,Bonus,2742,No,Owns,64,75,77,17,12,URGENT CARE CENTER,OUT-OF-NETWORK,PERCENT PLAN PAYS,50,70,100,80,80,3,50,high,low,RISK,3
3,3,3,4,Bonus,4027,Yes,Rents,43,60,78,17,12,URGENT CARE CENTER,OUT-OF-NETWORK,PERCENT PLAN PAYS,80,50,100,70,80,3,50,high,low,RISK,3
4,4,2,2,Bonus,3643,No,Rents,59,56,100,17,12,URGENT CARE CENTER,OUT-OF-NETWORK,PERCENT PLAN PAYS,100,80,50,70,80,3,50,high,low,RISK,3
4,2,4,2,Salaried,1855,No,Rents,63,74,85,17,12,URGENT CARE CENTER,OUT-OF-NETWORK,PERCENT PLAN PAYS,50,70,80,100,80,3,50,high,low,RISK,3
3,4,2,3,Bonus,4199,No,Owns,57,67,81,17,12,URGENT CARE CENTER,OUT-OF-NETWORK,PERCENT PLAN PAYS,100,80,70,50,80,3,50,high,low,RISK,3
3,4,3,2,Salaried,358,No,Rents,50,64,80,17,12,URGENT CARE CENTER,OUT-OF-NETWORK,PERCENT PLAN PAYS,50,70,80,100,80,3,50,high,low,RISK,3
4,3,4,3,Salaried,2175,No,Owns,59,75,83,17,12,URGENT CARE CENTER,OUT-OF-NETWORK,PERCENT PLAN PAYS,50,70,80,100,80,3,50,high,low,RISK,3
4,4,2,2,Bonus,2804,No,Owns,48,51,79,17,12,URGENT CARE CENTER,OUT-OF-NETWORK,PERCENT PLAN PAYS,80,100,50,70,80,3,50,high,low,RISK,3
4,4,4,4,Bonus,2793,Yes,Owns,63,73,76,17,12,URGENT CARE CENTER,OUT-OF-NETWORK,PERCENT PLAN PAYS,80,100,70,50,80,3,50,high,low,RISK,3
4,3,4,2,Salaried,1366,No,Owns,56,61,80,17,12,URGENT CARE CENTER,OUT-OF-NETWORK,PERCENT PLAN PAYS,100,50,70,80,80,3,50,high,low,RISK,3
2,4,4,4,Salaried,3990,No,Rents,53,53,77,17,12,URGENT CARE CENTER,OUT-OF-NETWORK,PERCENT PLAN PAYS,70,100,80,50,80,3,50,high,low,RISK,3
2,4,3,3,Salaried,1625,No,Owns,60,65,80,17,12,URGENT CARE CENTER,OUT-OF-NETWORK,PERCENT PLAN PAYS,50,80,70,100,80,3,50,high,low,RISK,3
4,4,3,3,Hourly,1178,No,Owns,35,54,88,17,12,URGENT CARE CENTER,OUT-OF-NETWORK,PERCENT PLAN PAYS,70,50,80,100,80,3,50,high,low,RISK,3
3,3,2,2,Hourly,2665,No,Rents,41,58,79,17,12,URGENT CARE CENTER,OUT-OF-NETWORK,PERCENT PLAN PAYS,100,70,80,50,80,3,50,high,low,RISK,3
4,4,4,2,Hourly,4144,No,Owns,44,56,75,17,12,URGENT CARE CENTER,OUT-OF-NETWORK,PERCENT PLAN PAYS,70,50,100,80,80,3,50,high,low,RISK,3
3,3,4,3,Hourly,2547,Yes,Owns,55,64,87,17,12,URGENT CARE CENTER,OUT-OF-NETWORK,PERCENT PLAN PAYS,80,50,100,70,80,3,50,high,low,RISK,3
4,3,4,2,Hourly,152,Yes,Owns,58,65,88,17,12,URGENT CARE CENTER,OUT-OF-NETWORK,PERCENT PLAN PAYS,100,70,50,80,80,3,50,high,low,RISK,3
3,2,2,3,Bonus,2909,Yes,Rents,45,60,80,17,12,URGENT CARE CENTER,OUT-OF-NETWORK,PERCENT PLAN PAYS,50,70,100,80,80,3,50,high,low,RISK,3
4,4,3,3,Bonus,2404,Yes,Owns,49,60,83,17,12,URGENT CARE CENTER,OUT-OF-NETWORK,PERCENT PLAN PAYS,100,50,70,80,80,3,50,high,low,RISK,3
4,2,4,2,Hourly,2250,No,Owns,48,68,84,17,12,URGENT CARE CENTER,OUT-OF-NETWORK,PERCENT PLAN PAYS,80,50,70,100,80,3,50,high,low,RISK,3
4,3,3,3,Hourly,4826,No,Owns,47,63,98,17,12,URGENT CARE CENTER,OUT-OF-NETWORK,PERCENT PLAN PAYS,70,100,80,50,80,3,50,high,low,RISK,3
4,4,2,3,Salaried,792,No,Owns,50,55,84,17,12,URGENT CARE CENTER,OUT-OF-NETWORK,PERCENT PLAN PAYS,100,70,80,50,80,3,50,high,low,RISK,3
2,4,2,3,Hourly,3429,No,Rents,58,70,81,17,12,URGENT CARE CENTER,OUT-OF-NETWORK,PERCENT PLAN PAYS,100,70,50,80,80,3,50,high,low,RISK,3
3,4,3,4,Hourly,1596,Yes,Owns,50,55,76,17,12,URGENT CARE CENTER,OUT-OF-NETWORK,PERCENT PLAN PAYS,50,80,100,70,80,3,50,high,low,RISK,3
4,4,4,3,Salaried,83,Yes,Owns,40,75,77,17,12,URGENT CARE CENTER,OUT-OF-NETWORK,PERCENT PLAN PAYS,50,70,80,100,80,3,50,high,low,RISK,3
4,4,3,4,Salaried,3601,No,Owns,38,60,78,17,12,URGENT CARE CENTER,OUT-OF-NETWORK,PERCENT PLAN PAYS,70,100,80,50,80,3,50,high,low,RISK,3
3,4,2,4,Bonus,861,No,Owns,58,56,100,17,12,URGENT CARE CENTER,OUT-OF-NETWORK,PERCENT PLAN PAYS,50,100,80,70,80,3,50,high,low,RISK,3
2,4,4,4,Salaried,2240,Yes,Rents,59,74,85,17,12,URGENT CARE CENTER,OUT-OF-NETWORK,PERCENT PLAN PAYS,70,80,100,50,80,3,50,high,low,RISK,3
3,3,2,2,Hourly,2384,No,Rents,37,67,81,17,12,URGENT CARE CENTER,OUT-OF-NETWORK,PERCENT PLAN PAYS,80,50,70,100,80,3,50,high,low,RISK,3
2,2,3,3,Bonus,2363,Yes,Rents,52,64,80,17,12,URGENT CARE CENTER,OUT-OF-NETWORK,PERCENT PLAN PAYS,50,100,70,80,80,3,50,high,low,RISK,3
3,3,4,2,Salaried,4539,No,Owns,45,75,83,17,12,URGENT CARE CENTER,OUT-OF-NETWORK,PERCENT PLAN PAYS,80,70,50,100,80,3,50,high,low,RISK,3
3,3,2,2,Bonus,489,No,Rents,45,51,79,17,12,URGENT CARE CENTER,OUT-OF-NETWORK,PERCENT PLAN PAYS,80,100,50,70,80,3,50,high,low,RISK,3
4,4,2,4,Bonus,4623,Yes,Owns,40,73,76,17,12,URGENT CARE CENTER,OUT-OF-NETWORK,PERCENT PLAN PAYS,100,50,70,80,80,3,50,high,low,RISK,3
3,3,3,2,Salaried,153,Yes,Owns,36,61,80,17,12,URGENT CARE CENTER,OUT-OF-NETWORK,PERCENT PLAN PAYS,100,50,70,80,80,3,50,high,low,RISK,3
3,4,4,4,Salaried,3954,No,Owns,38,53,77,17,12,URGENT CARE CENTER,OUT-OF-NETWORK,PERCENT PLAN PAYS,50,100,80,70,80,3,50,high,low,RISK,3
3,3,2,3,Salaried,4742,No,Rents,35,65,80,17,12,URGENT CARE CENTER,OUT-OF-NETWORK,PERCENT PLAN PAYS,70,100,80,50,80,3,50,high,low,RISK,3
2,2,2,3,Hourly,3289,No,Rents,59,54,88,17,12,URGENT CARE CENTER,OUT-OF-NETWORK,PERCENT PLAN PAYS,50,100,80,70,80,3,50,high,low,RISK,3
2,2,3,3,Bonus,3409,Yes,Rents,54,58,79,17,12,URGENT CARE CENTER,OUT-OF-NETWORK,PERCENT PLAN PAYS,70,100,50,80,80,3,50,high,low,RISK,3
3,3,4,3,Bonus,3179,No,Rents,42,56,75,17,12,URGENT CARE CENTER,OUT-OF-NETWORK,PERCENT PLAN PAYS,50,100,70,80,80,3,50,high,low,RISK,3
3,3,2,4,Bonus,4271,No,Rents,43,64,87,17,12,URGENT CARE CENTER,OUT-OF-NETWORK,PERCENT PLAN PAYS,80,50,100,70,80,3,50,high,low,RISK,3
3,3,3,2,Hourly,4605,Yes,Rents,46,65,88,17,12,URGENT CARE CENTER,OUT-OF-NETWORK,PERCENT PLAN PAYS,100,50,80,70,80,3,50,high,low,RISK,3
2,4,4,4,Salaried,3042,Yes,Rents,37,60,80,17,12,URGENT CARE CENTER,OUT-OF-NETWORK,PERCENT PLAN PAYS,80,70,50,100,80,3,50,high,low,RISK,3
2,4,4,3,Hourly,170,No,Rents,61,60,83,17,12,URGENT CARE CENTER,OUT-OF-NETWORK,PERCENT PLAN PAYS,70,50,100,80,80,3,50,high,low,RISK,3
2,3,3,4,Salaried,2062,No,Rents,40,72,79,17,12,URGENT CARE CENTER,OUT-OF-NETWORK,PERCENT PLAN PAYS,100,80,50,70,80,3,50,high,low,RISK,3
4,4,4,4,Bonus,1962,No,Rents,35,68,84,17,12,URGENT CARE CENTER,OUT-OF-NETWORK,PERCENT PLAN PAYS,50,100,80,70,80,3,50,high,low,RISK,3
2,2,3,2,Bonus,1006,No,Owns,50,63,98,17,12,URGENT CARE CENTER,OUT-OF-NETWORK,PERCENT PLAN PAYS,50,80,100,70,80,3,50,high,low,RISK,3
2,4,3,4,Salaried,4555,No,Rents,42,55,84,17,12,URGENT CARE CENTER,OUT-OF-NETWORK,PERCENT PLAN PAYS,50,70,80,100,80,3,50,high,low,RISK,3
4,3,4,3,Bonus,458,No,Rents,46,70,81,17,12,URGENT CARE CENTER,OUT-OF-NETWORK,PERCENT PLAN PAYS,80,100,70,50,80,3,50,high,low,RISK,3
4,3,4,3,Hourly,1593,No,Owns,36,55,76,17,12,URGENT CARE CENTER,OUT-OF-NETWORK,PERCENT PLAN PAYS,50,70,100,80,80,3,50,high,low,RISK,3
3,4,2,3,Hourly,4519,Yes,Owns,48,75,77,17,12,URGENT CARE CENTER,OUT-OF-NETWORK,PERCENT PLAN PAYS,100,80,70,50,80,3,50,high,low,RISK,3
2,4,3,3,Bonus,2639,No,Rents,36,60,78,17,12,URGENT CARE CENTER,OUT-OF-NETWORK,PERCENT PLAN PAYS,100,50,70,80,80,3,50,high,low,RISK,3
2,3,4,3,Hourly,2563,Yes,Rents,59,56,100,17,12,URGENT CARE CENTER,OUT-OF-NETWORK,PERCENT PLAN PAYS,100,80,50,70,80,3,50,high,low,RISK,3
3,4,4,4,Bonus,2810,Yes,Owns,58,74,85,17,12,URGENT CARE CENTER,OUT-OF-NETWORK,PERCENT PLAN PAYS,70,100,50,80,80,3,50,high,low,RISK,3
3,4,3,4,Hourly,2954,Yes,Owns,64,67,81,17,12,URGENT CARE CENTER,OUT-OF-NETWORK,PERCENT PLAN PAYS,80,50,100,70,80,3,50,high,low,RISK,3
3,2,4,3,Hourly,2299,Yes,Owns,54,64,80,17,12,URGENT CARE CENTER,OUT-OF-NETWORK,PERCENT PLAN PAYS,50,100,70,80,80,3,50,high,low,RISK,3
2,3,4,4,Hourly,1155,No,Rents,37,75,83,17,12,URGENT CARE CENTER,OUT-OF-NETWORK,PERCENT PLAN PAYS,80,70,50,100,80,3,50,high,low,RISK,3
4,2,4,3,Bonus,1856,Yes,Rents,55,51,79,17,12,URGENT CARE CENTER,OUT-OF-NETWORK,PERCENT PLAN PAYS,80,70,50,100,80,3,50,high,low,RISK,3
4,4,3,3,Salaried,3352,Yes,Rents,38,73,76,17,12,URGENT CARE CENTER,OUT-OF-NETWORK,PERCENT PLAN PAYS,100,50,70,80,80,3,50,high,low,RISK,3
4,3,2,3,Hourly,3735,Yes,Owns,58,61,80,17,12,URGENT CARE CENTER,OUT-OF-NETWORK,PERCENT PLAN PAYS,100,80,50,70,80,3,50,high,low,RISK,3
4,3,3,4,Salaried,1125,Yes,Rents,38,53,77,17,12,URGENT CARE CENTER,OUT-OF-NETWORK,PERCENT PLAN PAYS,100,70,50,80,80,3,50,high,low,RISK,3
4,2,4,2,Bonus,4695,No,Owns,35,65,80,17,12,URGENT CARE CENTER,OUT-OF-NETWORK,PERCENT PLAN PAYS,80,50,100,70,80,3,50,high,low,RISK,3
3,3,3,4,Salaried,1210,No,Rents,62,54,88,17,12,URGENT CARE CENTER,OUT-OF-NETWORK,PERCENT PLAN PAYS,50,70,100,80,80,3,50,high,low,RISK,3
4,4,4,2,Bonus,3149,No,Owns,37,58,79,17,12,URGENT CARE CENTER,OUT-OF-NETWORK,PERCENT PLAN PAYS,80,70,100,50,80,3,50,high,low,RISK,3
4,3,4,4,Bonus,3757,No,Rents,38,56,75,17,12,URGENT CARE CENTER,OUT-OF-NETWORK,PERCENT PLAN PAYS,100,80,50,70,80,3,50,high,low,RISK,3
4,3,4,4,Salaried,4038,Yes,Rents,51,64,87,17,12,URGENT CARE CENTER,OUT-OF-NETWORK,PERCENT PLAN PAYS,70,100,80,50,80,3,50,high,low,RISK,3
2,3,3,4,Bonus,381,No,Owns,41,65,88,17,12,URGENT CARE CENTER,OUT-OF-NETWORK,PERCENT PLAN PAYS,50,100,80,70,80,3,50,high,low,RISK,3
3,3,3,3,Hourly,2879,Yes,Rents,61,60,80,17,12,URGENT CARE CENTER,OUT-OF-NETWORK,PERCENT PLAN PAYS,80,70,100,50,80,3,50,high,low,RISK,3
4,4,3,2,Hourly,2246,No,Owns,62,60,83,17,12,URGENT CARE CENTER,OUT-OF-NETWORK,PERCENT PLAN PAYS,100,80,70,50,80,3,50,high,low,RISK,3
2,4,3,2,Hourly,3337,No,Rents,39,72,79,17,12,URGENT CARE CENTER,OUT-OF-NETWORK,PERCENT PLAN PAYS,50,70,80,100,80,3,50,high,low,RISK,3
4,3,3,4,Hourly,874,No,Owns,63,68,84,17,12,URGENT CARE CENTER,OUT-OF-NETWORK,PERCENT PLAN PAYS,70,100,50,80,80,3,50,high,low,RISK,3
3,4,2,3,Hourly,4470,Yes,Owns,36,63,98,17,12,URGENT CARE CENTER,OUT-OF-NETWORK,PERCENT PLAN PAYS,70,80,50,100,80,3,50,high,low,RISK,3
4,3,4,3,Hourly,3252,Yes,Owns,46,55,84,17,12,URGENT CARE CENTER,OUT-OF-NETWORK,PERCENT PLAN PAYS,70,80,50,100,80,3,50,high,low,RISK,3
3,4,2,3,Hourly,176,Yes,Rents,45,70,81,17,12,URGENT CARE CENTER,OUT-OF-NETWORK,PERCENT PLAN PAYS,50,100,80,70,80,3,50,high,low,RISK,3
4,3,4,2,Hourly,3681,Yes,Owns,38,55,76,17,12,URGENT CARE CENTER,OUT-OF-NETWORK,PERCENT PLAN PAYS,80,100,70,50,80,3,50,high,low,RISK,3
3,4,4,4,Hourly,1019,Yes,Owns,59,75,77,17,12,URGENT CARE CENTER,OUT-OF-NETWORK,PERCENT PLAN PAYS,100,70,80,50,80,3,50,high,low,RISK,3
3,4,4,3,Bonus,4493,Yes,Owns,64,60,78,17,12,URGENT CARE CENTER,OUT-OF-NETWORK,PERCENT PLAN PAYS,50,70,100,80,80,3,50,high,low,RISK,3
3,4,4,2,Salaried,1012,Yes,Owns,58,56,100,17,12,URGENT CARE CENTER,OUT-OF-NETWORK,PERCENT PLAN PAYS,70,50,80,100,80,3,50,high,low,RISK,3
2,2,4,3,Bonus,1248,Yes,Rents,39,74,85,17,12,URGENT CARE CENTER,OUT-OF-NETWORK,PERCENT PLAN PAYS,70,50,100,80,80,3,50,high,low,RISK,3
2,3,3,3,Salaried,1214,No,Owns,37,67,81,17,12,URGENT CARE CENTER,OUT-OF-NETWORK,PERCENT PLAN PAYS,50,100,70,80,80,3,50,high,low,RISK,3
4,3,3,2,Salaried,2852,Yes,Rents,38,64,80,17,12,URGENT CARE CENTER,OUT-OF-NETWORK,PERCENT PLAN PAYS,50,100,70,80,80,3,50,high,low,RISK,3
3,3,2,2,Bonus,1440,Yes,Owns,46,75,83,17,12,URGENT CARE CENTER,OUT-OF-NETWORK,PERCENT PLAN PAYS,100,50,80,70,80,3,50,high,low,RISK,3
4,2,4,3,Bonus,2951,No,Owns,48,51,79,17,12,URGENT CARE CENTER,OUT-OF-NETWORK,PERCENT PLAN PAYS,100,70,80,50,80,3,50,high,low,RISK,3
1,0,0,1,Salaried,4377,No,Rents,4,9,1,17,13,URGENT CARE CENTER,OUT-OF-NETWORK,PERCENT PLAN PAYS,80,70,100,50,80,3,5,high,high,RISK,4
0,0,0,0,Salaried,4671,Yes,Rents,7,1,2,17,13,URGENT CARE CENTER,OUT-OF-NETWORK,PERCENT PLAN PAYS,70,50,80,100,80,3,5,high,high,RISK,4
1,1,0,0,Bonus,1139,No,Owns,6,6,5,17,13,URGENT CARE CENTER,OUT-OF-NETWORK,PERCENT PLAN PAYS,80,50,100,70,80,3,5,high,high,RISK,4
0,1,1,0,Bonus,3085,No,Rents,3,1,13,17,13,URGENT CARE CENTER,OUT-OF-NETWORK,PERCENT PLAN PAYS,100,50,80,70,80,3,5,high,high,RISK,4
0,1,1,0,Salaried,912,Yes,Rents,9,3,4,17,13,URGENT CARE CENTER,OUT-OF-NETWORK,PERCENT PLAN PAYS,80,50,70,100,80,3,5,high,high,RISK,4
1,0,1,0,Hourly,3561,Yes,Owns,5,2,0,17,13,URGENT CARE CENTER,OUT-OF-NETWORK,PERCENT PLAN PAYS,80,100,70,50,80,3,5,high,high,RISK,4
1,1,0,0,Hourly,4350,No,Rents,2,5,12,17,13,URGENT CARE CENTER,OUT-OF-NETWORK,PERCENT PLAN PAYS,70,50,80,100,80,3,5,high,high,RISK,4
1,1,0,1,Salaried,3664,No,Owns,1,6,13,17,13,URGENT CARE CENTER,OUT-OF-NETWORK,PERCENT PLAN PAYS,80,100,50,70,80,3,5,high,high,RISK,4
0,0,0,0,Bonus,1972,Yes,Owns,9,4,5,17,13,URGENT CARE CENTER,OUT-OF-NETWORK,PERCENT PLAN PAYS,80,50,100,70,80,3,5,high,high,RISK,4
0,0,1,1,Salaried,1235,Yes,Rents,7,4,8,17,13,URGENT CARE CENTER,OUT-OF-NETWORK,PERCENT PLAN PAYS,50,80,100,70,80,3,5,high,high,RISK,4
0,1,0,0,Bonus,2294,Yes,Owns,4,9,4,17,13,URGENT CARE CENTER,OUT-OF-NETWORK,PERCENT PLAN PAYS,100,70,80,50,80,3,5,high,high,RISK,4
0,0,1,0,Salaried,4592,Yes,Rents,9,7,9,17,13,URGENT CARE CENTER,OUT-OF-NETWORK,PERCENT PLAN PAYS,70,100,50,80,80,3,5,high,high,RISK,4
0,0,0,1,Hourly,2183,Yes,Owns,1,5,23,17,13,URGENT CARE CENTER,OUT-OF-NETWORK,PERCENT PLAN PAYS,80,100,70,50,80,3,5,high,high,RISK,4
0,0,1,0,Salaried,1622,Yes,Rents,2,1,9,17,13,URGENT CARE CENTER,OUT-OF-NETWORK,PERCENT PLAN PAYS,50,100,80,70,80,3,5,high,high,RISK,4
0,1,0,1,Salaried,4259,Yes,Rents,1,8,6,17,13,URGENT CARE CENTER,OUT-OF-NETWORK,PERCENT PLAN PAYS,70,80,50,100,80,3,5,high,high,RISK,4
1,0,0,1,Salaried,4138,No,Owns,9,2,1,17,13,URGENT CARE CENTER,OUT-OF-NETWORK,PERCENT PLAN PAYS,100,80,70,50,80,3,5,high,high,RISK,4
1,0,0,1,Bonus,2742,No,Owns,10,10,2,17,13,URGENT CARE CENTER,OUT-OF-NETWORK,PERCENT PLAN PAYS,70,100,80,50,80,3,5,high,high,RISK,4
0,0,0,1,Bonus,4027,Yes,Rents,3,4,3,17,13,URGENT CARE CENTER,OUT-OF-NETWORK,PERCENT PLAN PAYS,70,80,50,100,80,3,5,high,high,RISK,4
1,0,0,0,Bonus,3643,No,Rents,8,2,25,17,13,URGENT CARE CENTER,OUT-OF-NETWORK,PERCENT PLAN PAYS,100,70,50,80,80,3,5,high,high,RISK,4
1,0,1,0,Salaried,1855,No,Rents,9,10,10,17,13,URGENT CARE CENTER,OUT-OF-NETWORK,PERCENT PLAN PAYS,70,50,100,80,80,3,5,high,high,RISK,4
0,1,0,0,Bonus,4199,No,Owns,7,7,6,17,13,URGENT CARE CENTER,OUT-OF-NETWORK,PERCENT PLAN PAYS,50,70,100,80,80,3,5,high,high,RISK,4
0,1,0,0,Salaried,358,No,Rents,5,5,5,17,13,URGENT CARE CENTER,OUT-OF-NETWORK,PERCENT PLAN PAYS,70,50,80,100,80,3,5,high,high,RISK,4
0,0,1,0,Salaried,2175,No,Owns,8,10,8,17,13,URGENT CARE CENTER,OUT-OF-NETWORK,PERCENT PLAN PAYS,70,100,80,50,80,3,5,high,high,RISK,4
0,1,0,0,Bonus,2804,No,Owns,4,0,4,17,13,URGENT CARE CENTER,OUT-OF-NETWORK,PERCENT PLAN PAYS,50,70,100,80,80,3,5,high,high,RISK,4
1,1,1,0,Bonus,2793,Yes,Owns,9,9,1,17,13,URGENT CARE CENTER,OUT-OF-NETWORK,PERCENT PLAN PAYS,70,80,50,100,80,3,5,high,high,RISK,4
1,0,1,0,Salaried,1366,No,Owns,7,4,5,17,13,URGENT CARE CENTER,OUT-OF-NETWORK,PERCENT PLAN PAYS,80,50,70,100,80,3,5,high,high,RISK,4
0,1,1,1,Salaried,3990,No,Rents,6,1,2,17,13,URGENT CARE CENTER,OUT-OF-NETWORK,PERCENT PLAN PAYS,50,70,80,100,80,3,5,high,high,RISK,4
0,0,0,0,Salaried,1625,No,Owns,8,6,5,17,13,URGENT CARE CENTER,OUT-OF-NETWORK,PERCENT PLAN PAYS,80,100,50,70,80,3,5,high,high,RISK,4
1,1,0,0,Hourly,1178,No,Owns,0,1,13,17,13,URGENT CARE CENTER,OUT-OF-NETWORK,PERCENT PLAN PAYS,70,80,50,100,80,3,5,high,high,RISK,4
0,0,0,0,Hourly,2665,No,Rents,2,3,4,17,13,URGENT CARE CENTER,OUT-OF-NETWORK,PERCENT PLAN PAYS,80,100,50,70,80,3,5,high,high,RISK,4
1,1,1,0,Hourly,4144,No,Owns,3,2,0,17,13,URGENT CARE CENTER,OUT-OF-NETWORK,PERCENT PLAN PAYS,100,80,70,50,80,3,5,high,high,RISK,4
0,0,1,0,Hourly,2547,Yes,Owns,7,5,12,17,13,URGENT CARE CENTER,OUT-OF-NETWORK,PERCENT PLAN PAYS,50,70,80,100,80,3,5,high,high,RISK,4
1,0,1,0,Hourly,152,Yes,Owns,8,6,13,17,13,URGENT CARE CENTER,OUT-OF-NETWORK,PERCENT PLAN PAYS,50,100,80,70,80,3,5,high,high,RISK,4
0,0,0,0,Bonus,2909,Yes,Rents,3,4,5,17,13,URGENT CARE CENTER,OUT-OF-NETWORK,PERCENT PLAN PAYS,50,100,70,80,80,3,5,high,high,RISK,4
1,1,0,0,Bonus,2404,Yes,Owns,5,4,8,17,13,URGENT CARE CENTER,OUT-OF-NETWORK,PERCENT PLAN PAYS,70,80,50,100,80,3,5,high,high,RISK,4
1,0,1,1,Bonus,144,Yes,Owns,4,9,4,17,13,URGENT CARE CENTER,OUT-OF-NETWORK,PERCENT PLAN PAYS,100,80,50,70,80,3,5,high,high,RISK,4
1,0,1,0,Hourly,2250,No,Owns,4,7,9,17,13,URGENT CARE CENTER,OUT-OF-NETWORK,PERCENT PLAN PAYS,50,100,70,80,80,3,5,high,high,RISK,4
1,0,0,0,Hourly,4826,No,Owns,4,5,23,17,13,URGENT CARE CENTER,OUT-OF-NETWORK,PERCENT PLAN PAYS,100,50,80,70,80,3,5,high,high,RISK,4
1,1,0,0,Salaried,792,No,Owns,5,1,9,17,13,URGENT CARE CENTER,OUT-OF-NETWORK,PERCENT PLAN PAYS,50,100,80,70,80,3,5,high,high,RISK,4
0,1,0,0,Hourly,3429,No,Rents,8,8,6,17,13,URGENT CARE CENTER,OUT-OF-NETWORK,PERCENT PLAN PAYS,50,100,80,70,80,3,5,high,high,RISK,4
0,1,0,0,Hourly,1596,Yes,Owns,5,2,1,17,13,URGENT CARE CENTER,OUT-OF-NETWORK,PERCENT PLAN PAYS,80,100,50,70,80,3,5,high,high,RISK,4
1,1,1,0,Salaried,83,Yes,Owns,2,10,2,17,13,URGENT CARE CENTER,OUT-OF-NETWORK,PERCENT PLAN PAYS,100,80,50,70,80,3,5,high,high,RISK,4
1,1,0,1,Salaried,3601,No,Owns,1,4,3,17,13,URGENT CARE CENTER,OUT-OF-NETWORK,PERCENT PLAN PAYS,70,50,80,100,80,3,5,high,high,RISK,4
0,0,0,1,Bonus,861,No,Owns,8,2,25,17,13,URGENT CARE CENTER,OUT-OF-NETWORK,PERCENT PLAN PAYS,50,70,100,80,80,3,5,high,high,RISK,4
0,1,1,1,Salaried,2240,Yes,Rents,8,10,10,17,13,URGENT CARE CENTER,OUT-OF-NETWORK,PERCENT PLAN PAYS,50,70,80,100,80,3,5,high,high,RISK,4
0,0,0,0,Hourly,2384,No,Rents,1,7,6,17,13,URGENT CARE CENTER,OUT-OF-NETWORK,PERCENT PLAN PAYS,100,80,50,70,80,3,5,high,high,RISK,4
0,0,0,0,Bonus,2363,Yes,Rents,6,5,5,17,13,URGENT CARE CENTER,OUT-OF-NETWORK,PERCENT PLAN PAYS,70,100,80,50,80,3,5,high,high,RISK,4
0,0,1,0,Salaried,4539,No,Owns,3,10,8,17,13,URGENT CARE CENTER,OUT-OF-NETWORK,PERCENT PLAN PAYS,80,70,50,100,80,3,5,high,high,RISK,4
0,0,0,0,Bonus,489,No,Rents,3,0,4,17,13,URGENT CARE CENTER,OUT-OF-NETWORK,PERCENT PLAN PAYS,70,80,100,50,80,3,5,high,high,RISK,4
0,1,0,1,Bonus,4623,Yes,Owns,2,9,1,17,13,URGENT CARE CENTER,OUT-OF-NETWORK,PERCENT PLAN PAYS,70,80,100,50,80,3,5,high,high,RISK,4
0,0,0,0,Salaried,153,Yes,Owns,0,4,5,17,13,URGENT CARE CENTER,OUT-OF-NETWORK,PERCENT PLAN PAYS,50,100,80,70,80,3,5,high,high,RISK,4
0,1,1,0,Salaried,3954,No,Owns,1,1,2,17,13,URGENT CARE CENTER,OUT-OF-NETWORK,PERCENT PLAN PAYS,80,70,50,100,80,3,5,high,high,RISK,4
0,0,0,0,Salaried,4742,No,Rents,0,6,5,17,13,URGENT CARE CENTER,OUT-OF-NETWORK,PERCENT PLAN PAYS,70,50,100,80,80,3,5,high,high,RISK,4
0,0,0,0,Hourly,3289,No,Rents,8,1,13,17,13,URGENT CARE CENTER,OUT-OF-NETWORK,PERCENT PLAN PAYS,100,80,50,70,80,3,5,high,high,RISK,4
0,0,0,0,Bonus,3409,Yes,Rents,6,3,4,17,13,URGENT CARE CENTER,OUT-OF-NETWORK,PERCENT PLAN PAYS,100,50,80,70,80,3,5,high,high,RISK,4
0,0,0,0,Bonus,4271,No,Rents,3,5,12,17,13,URGENT CARE CENTER,OUT-OF-NETWORK,PERCENT PLAN PAYS,80,50,100,70,80,3,5,high,high,RISK,4
0,0,0,0,Hourly,4605,Yes,Rents,4,6,13,17,13,URGENT CARE CENTER,OUT-OF-NETWORK,PERCENT PLAN PAYS,100,80,50,70,80,3,5,high,high,RISK,4
0,1,1,1,Salaried,3042,Yes,Rents,1,4,5,17,13,URGENT CARE CENTER,OUT-OF-NETWORK,PERCENT PLAN PAYS,100,70,80,50,80,3,5,high,high,RISK,4
0,1,1,0,Hourly,170,No,Rents,9,4,8,17,13,URGENT CARE CENTER,OUT-OF-NETWORK,PERCENT PLAN PAYS,50,80,100,70,80,3,5,high,high,RISK,4
0,0,0,1,Salaried,2062,No,Rents,2,9,4,17,13,URGENT CARE CENTER,OUT-OF-NETWORK,PERCENT PLAN PAYS,100,50,70,80,80,3,5,high,high,RISK,4
1,0,1,1,Bonus,1962,No,Rents,0,7,9,17,13,URGENT CARE CENTER,OUT-OF-NETWORK,PERCENT PLAN PAYS,100,70,50,80,80,3,5,high,high,RISK,4
0,0,0,0,Bonus,1006,No,Owns,5,5,23,17,13,URGENT CARE CENTER,OUT-OF-NETWORK,PERCENT PLAN PAYS,100,80,70,50,80,3,5,high,high,RISK,4
0,1,0,1,Salaried,4555,No,Rents,2,1,9,17,13,URGENT CARE CENTER,OUT-OF-NETWORK,PERCENT PLAN PAYS,80,100,50,70,80,3,5,high,high,RISK,4
1,0,1,0,Bonus,458,No,Rents,4,8,6,17,13,URGENT CARE CENTER,OUT-OF-NETWORK,PERCENT PLAN PAYS,70,100,80,50,80,3,5,high,high,RISK,4
1,0,1,0,Hourly,1593,No,Owns,0,2,1,17,13,URGENT CARE CENTER,OUT-OF-NETWORK,PERCENT PLAN PAYS,100,50,80,70,80,3,5,high,high,RISK,4
0,1,0,0,Hourly,4519,Yes,Owns,4,10,2,17,13,URGENT CARE CENTER,OUT-OF-NETWORK,PERCENT PLAN PAYS,70,100,80,50,80,3,5,high,high,RISK,4
0,1,0,0,Bonus,2639,No,Rents,0,4,3,17,13,URGENT CARE CENTER,OUT-OF-NETWORK,PERCENT PLAN PAYS,50,100,70,80,80,3,5,high,high,RISK,4
0,0,1,0,Hourly,2563,Yes,Rents,8,2,25,17,13,URGENT CARE CENTER,OUT-OF-NETWORK,PERCENT PLAN PAYS,50,80,100,70,80,3,5,high,high,RISK,4
0,0,1,1,Bonus,2810,Yes,Owns,8,10,10,17,13,URGENT CARE CENTER,OUT-OF-NETWORK,PERCENT PLAN PAYS,80,50,70,100,80,3,5,high,high,RISK,4
0,0,0,1,Hourly,2954,Yes,Owns,10,7,6,17,13,URGENT CARE CENTER,OUT-OF-NETWORK,PERCENT PLAN PAYS,70,100,80,50,80,3,5,high,high,RISK,4
0,0,1,0,Hourly,2299,Yes,Owns,6,5,5,17,13,URGENT CARE CENTER,OUT-OF-NETWORK,PERCENT PLAN PAYS,80,50,70,100,80,3,5,high,high,RISK,4
0,0,1,1,Hourly,1155,No,Rents,1,10,8,17,13,URGENT CARE CENTER,OUT-OF-NETWORK,PERCENT PLAN PAYS,100,50,80,70,80,3,5,high,high,RISK,4
1,0,1,0,Bonus,1856,Yes,Rents,7,0,4,17,13,URGENT CARE CENTER,OUT-OF-NETWORK,PERCENT PLAN PAYS,50,70,100,80,80,3,5,high,high,RISK,4
1,1,0,0,Salaried,3352,Yes,Rents,1,9,1,17,13,URGENT CARE CENTER,OUT-OF-NETWORK,PERCENT PLAN PAYS,50,100,70,80,80,3,5,high,high,RISK,4
1,0,0,0,Hourly,3735,Yes,Owns,8,4,5,17,13,URGENT CARE CENTER,OUT-OF-NETWORK,PERCENT PLAN PAYS,70,80,100,50,80,3,5,high,high,RISK,4
1,0,0,1,Salaried,1125,Yes,Rents,1,1,2,17,13,URGENT CARE CENTER,OUT-OF-NETWORK,PERCENT PLAN PAYS,70,80,100,50,80,3,5,high,high,RISK,4
1,0,1,0,Bonus,4695,No,Owns,0,6,5,17,13,URGENT CARE CENTER,OUT-OF-NETWORK,PERCENT PLAN PAYS,100,70,80,50,80,3,5,high,high,RISK,4
0,0,0,1,Salaried,1210,No,Rents,9,1,13,17,13,URGENT CARE CENTER,OUT-OF-NETWORK,PERCENT PLAN PAYS,70,80,50,100,80,3,5,high,high,RISK,4
1,1,1,0,Bonus,3149,No,Owns,1,3,4,17,13,URGENT CARE CENTER,OUT-OF-NETWORK,PERCENT PLAN PAYS,50,80,100,70,80,3,5,high,high,RISK,4
1,0,0,0,Bonus,3757,No,Rents,1,2,0,17,13,URGENT CARE CENTER,OUT-OF-NETWORK,PERCENT PLAN PAYS,70,80,50,100,80,3,5,high,high,RISK,4
1,0,1,1,Salaried,4038,Yes,Rents,5,5,12,17,13,URGENT CARE CENTER,OUT-OF-NETWORK,PERCENT PLAN PAYS,80,50,100,70,80,3,5,high,high,RISK,4
0,0,0,1,Bonus,381,No,Owns,2,6,13,17,13,URGENT CARE CENTER,OUT-OF-NETWORK,PERCENT PLAN PAYS,50,80,100,70,80,3,5,high,high,RISK,4
0,0,0,0,Hourly,2879,Yes,Rents,9,4,5,17,13,URGENT CARE CENTER,OUT-OF-NETWORK,PERCENT PLAN PAYS,100,80,50,70,80,3,5,high,high,RISK,4
0,1,0,0,Hourly,2246,No,Owns,9,4,8,17,13,URGENT CARE CENTER,OUT-OF-NETWORK,PERCENT PLAN PAYS,100,50,70,80,80,3,5,high,high,RISK,4
0,1,0,0,Hourly,3337,No,Rents,1,9,4,17,13,URGENT CARE CENTER,OUT-OF-NETWORK,PERCENT PLAN PAYS,70,80,50,100,80,3,5,high,high,RISK,4
1,0,0,0,Hourly,874,No,Owns,9,7,9,17,13,URGENT CARE CENTER,OUT-OF-NETWORK,PERCENT PLAN PAYS,100,80,50,70,80,3,5,high,high,RISK,4
0,1,0,0,Hourly,4470,Yes,Owns,0,5,23,17,13,URGENT CARE CENTER,OUT-OF-NETWORK,PERCENT PLAN PAYS,80,50,100,70,80,3,5,high,high,RISK,4
1,0,1,0,Hourly,3252,Yes,Owns,4,1,9,17,13,URGENT CARE CENTER,OUT-OF-NETWORK,PERCENT PLAN PAYS,100,50,80,70,80,3,5,high,high,RISK,4
0,1,0,0,Hourly,176,Yes,Rents,3,8,6,17,13,URGENT CARE CENTER,OUT-OF-NETWORK,PERCENT PLAN PAYS,50,100,70,80,80,3,5,high,high,RISK,4
0,0,1,0,Hourly,3681,Yes,Owns,1,2,1,17,13,URGENT CARE CENTER,OUT-OF-NETWORK,PERCENT PLAN PAYS,50,70,80,100,80,3,5,high,high,RISK,4
0,1,1,1,Hourly,1019,Yes,Owns,8,10,2,17,13,URGENT CARE CENTER,OUT-OF-NETWORK,PERCENT PLAN PAYS,50,100,80,70,80,3,5,high,high,RISK,4
0,1,1,0,Bonus,4493,Yes,Owns,10,4,3,17,13,URGENT CARE CENTER,OUT-OF-NETWORK,PERCENT PLAN PAYS,80,100,50,70,80,3,5,high,high,RISK,4
0,1,1,0,Salaried,1012,Yes,Owns,8,2,25,17,13,URGENT CARE CENTER,OUT-OF-NETWORK,PERCENT PLAN PAYS,100,50,80,70,80,3,5,high,high,RISK,4
0,0,0,0,Bonus,1248,Yes,Rents,1,10,10,17,13,URGENT CARE CENTER,OUT-OF-NETWORK,PERCENT PLAN PAYS,70,100,50,80,80,3,5,high,high,RISK,4
0,0,0,0,Salaried,1214,No,Owns,1,7,6,17,13,URGENT CARE CENTER,OUT-OF-NETWORK,PERCENT PLAN PAYS,70,100,50,80,80,3,5,high,high,RISK,4
1,0,0,0,Salaried,2852,Yes,Rents,1,5,5,17,13,URGENT CARE CENTER,OUT-OF-NETWORK,PERCENT PLAN PAYS,100,50,70,80,80,3,5,high,high,RISK,4
0,0,0,0,Bonus,1440,Yes,Owns,4,10,8,17,13,URGENT CARE CENTER,OUT-OF-NETWORK,PERCENT PLAN PAYS,70,50,100,80,80,3,5,high,high,RISK,4
1,0,1,0,Bonus,2951,No,Owns,4,0,4,17,13,URGENT CARE CENTER,OUT-OF-NETWORK,PERCENT PLAN PAYS,80,100,70,50,80,3,5,high,high,RISK,4
2,1,0,2,Salaried,4377,No,Rents,10,19,27,17,14,URGENT CARE CENTER,OUT-OF-NETWORK,PERCENT PLAN PAYS,100,50,70,80,80,3,10,high,high,RISK,4
0,1,1,0,Salaried,1919,No,Owns,10,15,31,17,14,URGENT CARE CENTER,OUT-OF-NETWORK,PERCENT PLAN PAYS,70,50,100,80,80,3,10,high,high,RISK,4
1,1,0,0,Salaried,4671,Yes,Rents,15,12,28,17,14,URGENT CARE CENTER,OUT-OF-NETWORK,PERCENT PLAN PAYS,100,80,70,50,80,3,10,high,high,RISK,4
2,1,0,0,Bonus,1139,No,Owns,13,16,31,17,14,URGENT CARE CENTER,OUT-OF-NETWORK,PERCENT PLAN PAYS,70,50,100,80,80,3,10,high,high,RISK,4
1,1,2,1,Bonus,3085,No,Rents,9,12,39,17,14,URGENT CARE CENTER,OUT-OF-NETWORK,PERCENT PLAN PAYS,100,50,70,80,80,3,10,high,high,RISK,4
0,1,2,0,Salaried,912,Yes,Rents,16,14,30,17,14,URGENT CARE CENTER,OUT-OF-NETWORK,PERCENT PLAN PAYS,100,70,80,50,80,3,10,high,high,RISK,4
1,0,2,1,Hourly,3561,Yes,Owns,12,13,26,17,14,URGENT CARE CENTER,OUT-OF-NETWORK,PERCENT PLAN PAYS,80,50,70,100,80,3,10,high,high,RISK,4
1,2,0,0,Hourly,4350,No,Rents,7,16,37,17,14,URGENT CARE CENTER,OUT-OF-NETWORK,PERCENT PLAN PAYS,70,100,50,80,80,3,10,high,high,RISK,4
2,2,1,2,Salaried,3664,No,Owns,7,16,39,17,14,URGENT CARE CENTER,OUT-OF-NETWORK,PERCENT PLAN PAYS,80,100,50,70,80,3,10,high,high,RISK,4
0,0,0,1,Bonus,1972,Yes,Owns,17,14,30,17,14,URGENT CARE CENTER,OUT-OF-NETWORK,PERCENT PLAN PAYS,50,70,100,80,80,3,10,high,high,RISK,4
1,0,2,2,Salaried,1235,Yes,Rents,14,14,34,17,14,URGENT CARE CENTER,OUT-OF-NETWORK,PERCENT PLAN PAYS,80,70,100,50,80,3,10,high,high,RISK,4
0,2,0,1,Bonus,2294,Yes,Owns,10,19,30,17,14,URGENT CARE CENTER,OUT-OF-NETWORK,PERCENT PLAN PAYS,70,50,80,100,80,3,10,high,high,RISK,4
0,1,2,0,Salaried,4592,Yes,Rents,16,17,35,17,14,URGENT CARE CENTER,OUT-OF-NETWORK,PERCENT PLAN PAYS,50,100,80,70,80,3,10,high,high,RISK,4
0,0,1,1,Hourly,2183,Yes,Owns,6,15,48,17,14,URGENT CARE CENTER,OUT-OF-NETWORK,PERCENT PLAN PAYS,70,80,100,50,80,3,10,high,high,RISK,4
1,1,2,1,Salaried,1622,Yes,Rents,8,12,35,17,14,URGENT CARE CENTER,OUT-OF-NETWORK,PERCENT PLAN PAYS,50,100,70,80,80,3,10,high,high,RISK,4
1,2,1,2,Salaried,4259,Yes,Rents,6,18,32,17,14,URGENT CARE CENTER,OUT-OF-NETWORK,PERCENT PLAN PAYS,70,100,80,50,80,3,10,high,high,RISK,4
2,1,1,2,Salaried,4138,No,Owns,17,13,27,17,14,URGENT CARE CENTER,OUT-OF-NETWORK,PERCENT PLAN PAYS,80,70,100,50,80,3,10,high,high,RISK,4
2,0,1,2,Bonus,2742,No,Owns,17,20,28,17,14,URGENT CARE CENTER,OUT-OF-NETWORK,PERCENT PLAN PAYS,50,80,70,100,80,3,10,high,high,RISK,4
1,1,0,2,Bonus,4027,Yes,Rents,8,14,29,17,14,URGENT CARE CENTER,OUT-OF-NETWORK,PERCENT PLAN PAYS,50,80,70,100,80,3,10,high,high,RISK,4
1,1,0,0,Bonus,3643,No,Rents,16,13,50,17,14,URGENT CARE CENTER,OUT-OF-NETWORK,PERCENT PLAN PAYS,50,70,80,100,80,3,10,high,high,RISK,4
1,0,2,0,Salaried,1855,No,Rents,17,20,35,17,14,URGENT CARE CENTER,OUT-OF-NETWORK,PERCENT PLAN PAYS,70,80,100,50,80,3,10,high,high,RISK,4
1,2,0,1,Bonus,4199,No,Owns,14,17,32,17,14,URGENT CARE CENTER,OUT-OF-NETWORK,PERCENT PLAN PAYS,70,100,80,50,80,3,10,high,high,RISK,4
0,2,1,0,Salaried,358,No,Rents,12,16,31,17,14,URGENT CARE CENTER,OUT-OF-NETWORK,PERCENT PLAN PAYS,80,70,50,100,80,3,10,high,high,RISK,4
1,1,1,1,Salaried,2175,No,Owns,16,20,34,17,14,URGENT CARE CENTER,OUT-OF-NETWORK,PERCENT PLAN PAYS,50,100,80,70,80,3,10,high,high,RISK,4
1,1,0,0,Bonus,2804,No,Owns,11,11,30,17,14,URGENT CARE CENTER,OUT-OF-NETWORK,PERCENT PLAN PAYS,70,80,100,50,80,3,10,high,high,RISK,4
2,1,2,1,Bonus,2793,Yes,Owns,17,19,27,17,14,URGENT CARE CENTER,OUT-OF-NETWORK,PERCENT PLAN PAYS,80,100,70,50,80,3,10,high,high,RISK,4
2,0,2,0,Salaried,1366,No,Owns,14,15,31,17,14,URGENT CARE CENTER,OUT-OF-NETWORK,PERCENT PLAN PAYS,100,70,80,50,80,3,10,high,high,RISK,4
0,1,1,2,Salaried,3990,No,Rents,13,12,28,17,14,URGENT CARE CENTER,OUT-OF-NETWORK,PERCENT PLAN PAYS,70,50,80,100,80,3,10,high,high,RISK,4
0,1,1,0,Salaried,1625,No,Owns,16,16,31,17,14,URGENT CARE CENTER,OUT-OF-NETWORK,PERCENT PLAN PAYS,50,100,70,80,80,3,10,high,high,RISK,4
1,2,0,0,Hourly,1178,No,Owns,5,12,39,17,14,URGENT CARE CENTER,OUT-OF-NETWORK,PERCENT PLAN PAYS,70,80,50,100,80,3,10,high,high,RISK,4
1,1,0,0,Hourly,2665,No,Rents,8,14,30,17,14,URGENT CARE CENTER,OUT-OF-NETWORK,PERCENT PLAN PAYS,50,80,70,100,80,3,10,high,high,RISK,4
1,1,2,0,Hourly,4144,No,Owns,9,13,26,17,14,URGENT CARE CENTER,OUT-OF-NETWORK,PERCENT PLAN PAYS,80,50,100,70,80,3,10,high,high,RISK,4
1,1,2,0,Hourly,2547,Yes,Owns,14,16,37,17,14,URGENT CARE CENTER,OUT-OF-NETWORK,PERCENT PLAN PAYS,80,70,100,50,80,3,10,high,high,RISK,4
1,1,1,0,Hourly,152,Yes,Owns,15,16,39,17,14,URGENT CARE CENTER,OUT-OF-NETWORK,PERCENT PLAN PAYS,100,50,80,70,80,3,10,high,high,RISK,4
0,0,0,0,Bonus,2909,Yes,Rents,9,14,30,17,14,URGENT CARE CENTER,OUT-OF-NETWORK,PERCENT PLAN PAYS,70,50,100,80,80,3,10,high,high,RISK,4
2,2,1,1,Bonus,2404,Yes,Owns,11,14,34,17,14,URGENT CARE CENTER,OUT-OF-NETWORK,PERCENT PLAN PAYS,50,70,100,80,80,3,10,high,high,RISK,4
2,0,1,2,Bonus,144,Yes,Owns,10,19,30,17,14,URGENT CARE CENTER,OUT-OF-NETWORK,PERCENT PLAN PAYS,80,50,70,100,80,3,10,high,high,RISK,4
2,0,1,0,Hourly,2250,No,Owns,11,17,35,17,14,URGENT CARE CENTER,OUT-OF-NETWORK,PERCENT PLAN PAYS,100,70,80,50,80,3,10,high,high,RISK,4
2,0,0,0,Hourly,4826,No,Owns,10,15,48,17,14,URGENT CARE CENTER,OUT-OF-NETWORK,PERCENT PLAN PAYS,100,70,80,50,80,3,10,high,high,RISK,4
1,1,0,0,Salaried,792,No,Owns,12,12,35,17,14,URGENT CARE CENTER,OUT-OF-NETWORK,PERCENT PLAN PAYS,50,100,80,70,80,3,10,high,high,RISK,4
0,2,0,1,Hourly,3429,No,Rents,15,18,32,17,14,URGENT CARE CENTER,OUT-OF-NETWORK,PERCENT PLAN PAYS,80,50,100,70,80,3,10,high,high,RISK,4
0,2,0,1,Hourly,1596,Yes,Owns,11,13,27,17,14,URGENT CARE CENTER,OUT-OF-NETWORK,PERCENT PLAN PAYS,70,80,50,100,80,3,10,high,high,RISK,4
1,1,2,0,Salaried,83,Yes,Owns,7,20,28,17,14,URGENT CARE CENTER,OUT-OF-NETWORK,PERCENT PLAN PAYS,50,80,100,70,80,3,10,high,high,RISK,4
1,2,0,2,Salaried,3601,No,Owns,6,14,29,17,14,URGENT CARE CENTER,OUT-OF-NETWORK,PERCENT PLAN PAYS,100,80,50,70,80,3,10,high,high,RISK,4
1,1,0,1,Bonus,861,No,Owns,15,13,50,17,14,URGENT CARE CENTER,OUT-OF-NETWORK,PERCENT PLAN PAYS,70,50,80,100,80,3,10,high,high,RISK,4
0,2,2,2,Salaried,2240,Yes,Rents,15,20,35,17,14,URGENT CARE CENTER,OUT-OF-NETWORK,PERCENT PLAN PAYS,80,70,100,50,80,3,10,high,high,RISK,4
1,0,0,0,Hourly,2384,No,Rents,6,17,32,17,14,URGENT CARE CENTER,OUT-OF-NETWORK,PERCENT PLAN PAYS,80,50,70,100,80,3,10,high,high,RISK,4
0,0,0,0,Bonus,2363,Yes,Rents,12,16,31,17,14,URGENT CARE CENTER,OUT-OF-NETWORK,PERCENT PLAN PAYS,100,70,50,80,80,3,10,high,high,RISK,4
1,1,2,0,Salaried,4539,No,Owns,10,20,34,17,14,URGENT CARE CENTER,OUT-OF-NETWORK,PERCENT PLAN PAYS,80,70,100,50,80,3,10,high,high,RISK,4
1,1,0,0,Bonus,489,No,Rents,9,11,30,17,14,URGENT CARE CENTER,OUT-OF-NETWORK,PERCENT PLAN PAYS,100,70,50,80,80,3,10,high,high,RISK,4
1,2,0,2,Bonus,4623,Yes,Owns,7,19,27,17,14,URGENT CARE CENTER,OUT-OF-NETWORK,PERCENT PLAN PAYS,70,50,80,100,80,3,10,high,high,RISK,4
1,0,0,0,Salaried,153,Yes,Owns,5,15,31,17,14,URGENT CARE CENTER,OUT-OF-NETWORK,PERCENT PLAN PAYS,50,80,70,100,80,3,10,high,high,RISK,4
0,2,2,1,Salaried,3954,No,Owns,6,12,28,17,14,URGENT CARE CENTER,OUT-OF-NETWORK,PERCENT PLAN PAYS,100,70,50,80,80,3,10,high,high,RISK,4
0,1,0,0,Salaried,4742,No,Rents,5,16,31,17,14,URGENT CARE CENTER,OUT-OF-NETWORK,PERCENT PLAN PAYS,70,80,100,50,80,3,10,high,high,RISK,4
0,0,0,1,Hourly,3289,No,Rents,15,12,39,17,14,URGENT CARE CENTER,OUT-OF-NETWORK,PERCENT PLAN PAYS,50,80,70,100,80,3,10,high,high,RISK,4
0,0,1,1,Bonus,3409,Yes,Rents,13,14,30,17,14,URGENT CARE CENTER,OUT-OF-NETWORK,PERCENT PLAN PAYS,80,70,100,50,80,3,10,high,high,RISK,4
0,0,2,1,Bonus,3179,No,Rents,8,13,26,17,14,URGENT CARE CENTER,OUT-OF-NETWORK,PERCENT PLAN PAYS,80,70,100,50,80,3,10,high,high,RISK,4
0,0,0,1,Bonus,4271,No,Rents,9,16,37,17,14,URGENT CARE CENTER,OUT-OF-NETWORK,PERCENT PLAN PAYS,50,80,70,100,80,3,10,high,high,RISK,4
0,0,0,0,Hourly,4605,Yes,Rents,10,16,39,17,14,URGENT CARE CENTER,OUT-OF-NETWORK,PERCENT PLAN PAYS,80,50,70,100,80,3,10,high,high,RISK,4
0,2,2,2,Salaried,3042,Yes,Rents,6,14,30,17,14,URGENT CARE CENTER,OUT-OF-NETWORK,PERCENT PLAN PAYS,70,50,100,80,80,3,10,high,high,RISK,4
0,2,2,0,Hourly,170,No,Rents,16,14,34,17,14,URGENT CARE CENTER,OUT-OF-NETWORK,PERCENT PLAN PAYS,80,70,50,100,80,3,10,high,high,RISK,4
0,1,0,2,Salaried,2062,No,Rents,7,19,30,17,14,URGENT CARE CENTER,OUT-OF-NETWORK,PERCENT PLAN PAYS,100,50,80,70,80,3,10,high,high,RISK,4
1,1,2,2,Bonus,1962,No,Rents,5,17,35,17,14,URGENT CARE CENTER,OUT-OF-NETWORK,PERCENT PLAN PAYS,70,80,100,50,80,3,10,high,high,RISK,4
0,0,0,0,Bonus,1006,No,Owns,11,15,48,17,14,URGENT CARE CENTER,OUT-OF-NETWORK,PERCENT PLAN PAYS,80,70,50,100,80,3,10,high,high,RISK,4
0,2,1,2,Salaried,4555,No,Rents,8,12,35,17,14,URGENT CARE CENTER,OUT-OF-NETWORK,PERCENT PLAN PAYS,80,100,70,50,80,3,10,high,high,RISK,4
2,1,1,0,Bonus,458,No,Rents,10,18,32,17,14,URGENT CARE CENTER,OUT-OF-NETWORK,PERCENT PLAN PAYS,80,100,50,70,80,3,10,high,high,RISK,4
2,0,2,1,Hourly,1593,No,Owns,5,13,27,17,14,URGENT CARE CENTER,OUT-OF-NETWORK,PERCENT PLAN PAYS,100,50,80,70,80,3,10,high,high,RISK,4
0,2,0,1,Hourly,4519,Yes,Owns,11,20,28,17,14,URGENT CARE CENTER,OUT-OF-NETWORK,PERCENT PLAN PAYS,80,100,70,50,80,3,10,high,high,RISK,4
0,1,0,0,Bonus,2639,No,Rents,5,14,29,17,14,URGENT CARE CENTER,OUT-OF-NETWORK,PERCENT PLAN PAYS,70,50,100,80,80,3,10,high,high,RISK,4
0,0,2,1,Hourly,2563,Yes,Rents,15,13,50,17,14,URGENT CARE CENTER,OUT-OF-NETWORK,PERCENT PLAN PAYS,100,50,80,70,80,3,10,high,high,RISK,4
0,1,2,1,Bonus,2810,Yes,Owns,15,20,35,17,14,URGENT CARE CENTER,OUT-OF-NETWORK,PERCENT PLAN PAYS,80,50,100,70,80,3,10,high,high,RISK,4
1,1,0,1,Hourly,2954,Yes,Owns,18,17,32,17,14,URGENT CARE CENTER,OUT-OF-NETWORK,PERCENT PLAN PAYS,80,100,50,70,80,3,10,high,high,RISK,4
1,0,2,0,Hourly,2299,Yes,Owns,13,16,31,17,14,URGENT CARE CENTER,OUT-OF-NETWORK,PERCENT PLAN PAYS,80,50,100,70,80,3,10,high,high,RISK,4
0,0,1,2,Hourly,1155,No,Rents,6,20,34,17,14,URGENT CARE CENTER,OUT-OF-NETWORK,PERCENT PLAN PAYS,70,80,50,100,80,3,10,high,high,RISK,4
1,0,2,0,Bonus,1856,Yes,Rents,14,11,30,17,14,URGENT CARE CENTER,OUT-OF-NETWORK,PERCENT PLAN PAYS,50,70,80,100,80,3,10,high,high,RISK,4
2,1,1,0,Salaried,3352,Yes,Rents,6,19,27,17,14,URGENT CARE CENTER,OUT-OF-NETWORK,PERCENT PLAN PAYS,70,80,50,100,80,3,10,high,high,RISK,4
2,0,0,1,Hourly,3735,Yes,Owns,15,15,31,17,14,URGENT CARE CENTER,OUT-OF-NETWORK,PERCENT PLAN PAYS,70,80,50,100,80,3,10,high,high,RISK,4
2,1,0,2,Salaried,1125,Yes,Rents,6,12,28,17,14,URGENT CARE CENTER,OUT-OF-NETWORK,PERCENT PLAN PAYS,70,100,50,80,80,3,10,high,high,RISK,4
2,0,1,0,Bonus,4695,No,Owns,5,16,31,17,14,URGENT CARE CENTER,OUT-OF-NETWORK,PERCENT PLAN PAYS,100,50,70,80,80,3,10,high,high,RISK,4
1,1,1,1,Salaried,1210,No,Rents,17,12,39,17,14,URGENT CARE CENTER,OUT-OF-NETWORK,PERCENT PLAN PAYS,80,50,70,100,80,3,10,high,high,RISK,4
1,2,1,0,Bonus,3149,No,Owns,6,14,30,17,14,URGENT CARE CENTER,OUT-OF-NETWORK,PERCENT PLAN PAYS,80,70,50,100,80,3,10,high,high,RISK,4
1,1,1,1,Bonus,3757,No,Rents,6,13,26,17,14,URGENT CARE CENTER,OUT-OF-NETWORK,PERCENT PLAN PAYS,50,70,100,80,80,3,10,high,high,RISK,4
1,0,2,1,Salaried,4038,Yes,Rents,12,16,37,17,14,URGENT CARE CENTER,OUT-OF-NETWORK,PERCENT PLAN PAYS,80,70,100,50,80,3,10,high,high,RISK,4
0,0,0,2,Bonus,381,No,Owns,8,16,39,17,14,URGENT CARE CENTER,OUT-OF-NETWORK,PERCENT PLAN PAYS,100,70,50,80,80,3,10,high,high,RISK,4
0,0,1,1,Hourly,2879,Yes,Rents,16,14,30,17,14,URGENT CARE CENTER,OUT-OF-NETWORK,PERCENT PLAN PAYS,50,70,100,80,80,3,10,high,high,RISK,4
1,2,0,0,Hourly,2246,No,Owns,17,14,34,17,14,URGENT CARE CENTER,OUT-OF-NETWORK,PERCENT PLAN PAYS,70,50,100,80,80,3,10,high,high,RISK,4
0,2,1,0,Hourly,3337,No,Rents,7,19,30,17,14,URGENT CARE CENTER,OUT-OF-NETWORK,PERCENT PLAN PAYS,70,50,100,80,80,3,10,high,high,RISK,4
1,1,1,1,Hourly,874,No,Owns,17,17,35,17,14,URGENT CARE CENTER,OUT-OF-NETWORK,PERCENT PLAN PAYS,80,70,100,50,80,3,10,high,high,RISK,4
0,1,0,0,Hourly,4470,Yes,Owns,6,15,48,17,14,URGENT CARE CENTER,OUT-OF-NETWORK,PERCENT PLAN PAYS,70,100,80,50,80,3,10,high,high,RISK,4
2,0,1,1,Hourly,3252,Yes,Owns,10,12,35,17,14,URGENT CARE CENTER,OUT-OF-NETWORK,PERCENT PLAN PAYS,80,50,70,100,80,3,10,high,high,RISK,4
0,2,0,1,Hourly,176,Yes,Rents,9,18,32,17,14,URGENT CARE CENTER,OUT-OF-NETWORK,PERCENT PLAN PAYS,100,80,70,50,80,3,10,high,high,RISK,4
1,0,2,0,Hourly,3681,Yes,Owns,6,13,27,17,14,URGENT CARE CENTER,OUT-OF-NETWORK,PERCENT PLAN PAYS,80,70,50,100,80,3,10,high,high,RISK,4
1,2,1,2,Hourly,1019,Yes,Owns,15,20,28,17,14,URGENT CARE CENTER,OUT-OF-NETWORK,PERCENT PLAN PAYS,80,50,100,70,80,3,10,high,high,RISK,4
1,2,1,1,Bonus,4493,Yes,Owns,18,14,29,17,14,URGENT CARE CENTER,OUT-OF-NETWORK,PERCENT PLAN PAYS,100,70,80,50,80,3,10,high,high,RISK,4
1,2,2,0,Salaried,1012,Yes,Owns,15,13,50,17,14,URGENT CARE CENTER,OUT-OF-NETWORK,PERCENT PLAN PAYS,70,50,80,100,80,3,10,high,high,RISK,4
0,0,1,1,Bonus,1248,Yes,Rents,7,20,35,17,14,URGENT CARE CENTER,OUT-OF-NETWORK,PERCENT PLAN PAYS,100,80,50,70,80,3,10,high,high,RISK,4
0,0,1,0,Salaried,1214,No,Owns,6,17,32,17,14,URGENT CARE CENTER,OUT-OF-NETWORK,PERCENT PLAN PAYS,80,50,100,70,80,3,10,high,high,RISK,4
1,0,1,0,Salaried,2852,Yes,Rents,6,16,31,17,14,URGENT CARE CENTER,OUT-OF-NETWORK,PERCENT PLAN PAYS,70,100,50,80,80,3,10,high,high,RISK,4
1,0,0,0,Bonus,1440,Yes,Owns,10,20,34,17,14,URGENT CARE CENTER,OUT-OF-NETWORK,PERCENT PLAN PAYS,80,100,50,70,80,3,10,high,high,RISK,4
1,0,1,0,Bonus,2951,No,Owns,11,11,30,17,14,URGENT CARE CENTER,OUT-OF-NETWORK,PERCENT PLAN PAYS,50,100,70,80,80,3,10,high,high,RISK,4
3,2,1,3,Salaried,4377,No,Rents,24,48,52,17,15,URGENT CARE CENTER,OUT-OF-NETWORK,PERCENT PLAN PAYS,70,80,50,100,100,4,20,high,high,RISK,4
1,1,2,1,Salaried,1919,No,Owns,25,33,56,17,15,URGENT CARE CENTER,OUT-OF-NETWORK,PERCENT PLAN PAYS,80,70,50,100,100,4,20,high,high,RISK,4
2,2,1,1,Salaried,4671,Yes,Rents,33,23,53,17,15,URGENT CARE CENTER,OUT-OF-NETWORK,PERCENT PLAN PAYS,100,80,70,50,100,4,20,high,high,RISK,4
3,2,1,1,Bonus,1139,No,Owns,29,38,56,17,15,URGENT CARE CENTER,OUT-OF-NETWORK,PERCENT PLAN PAYS,70,100,50,80,100,4,20,high,high,RISK,4
1,2,3,2,Bonus,3085,No,Rents,23,24,64,17,15,URGENT CARE CENTER,OUT-OF-NETWORK,PERCENT PLAN PAYS,80,100,50,70,100,4,20,high,high,RISK,4
1,2,3,1,Salaried,912,Yes,Rents,37,29,55,17,15,URGENT CARE CENTER,OUT-OF-NETWORK,PERCENT PLAN PAYS,80,70,50,100,100,4,20,high,high,RISK,4
2,1,3,2,Hourly,3561,Yes,Owns,28,26,51,17,15,URGENT CARE CENTER,OUT-OF-NETWORK,PERCENT PLAN PAYS,70,50,100,80,100,4,20,high,high,RISK,4
2,3,1,1,Hourly,4350,No,Rents,19,36,62,17,15,URGENT CARE CENTER,OUT-OF-NETWORK,PERCENT PLAN PAYS,50,100,70,80,100,4,20,high,high,RISK,4
3,3,2,3,Salaried,3664,No,Owns,18,38,64,17,15,URGENT CARE CENTER,OUT-OF-NETWORK,PERCENT PLAN PAYS,80,70,50,100,100,4,20,high,high,RISK,4
1,1,1,1,Bonus,1972,Yes,Owns,38,31,55,17,15,URGENT CARE CENTER,OUT-OF-NETWORK,PERCENT PLAN PAYS,100,50,70,80,100,4,20,high,high,RISK,4
1,1,3,3,Salaried,1235,Yes,Rents,32,31,59,17,15,URGENT CARE CENTER,OUT-OF-NETWORK,PERCENT PLAN PAYS,70,50,100,80,100,4,20,high,high,RISK,4
1,3,1,2,Bonus,2294,Yes,Owns,25,47,55,17,15,URGENT CARE CENTER,OUT-OF-NETWORK,PERCENT PLAN PAYS,50,100,70,80,100,4,20,high,high,RISK,4
1,2,3,1,Salaried,4592,Yes,Rents,37,41,60,17,15,URGENT CARE CENTER,OUT-OF-NETWORK,PERCENT PLAN PAYS,70,100,80,50,100,4,20,high,high,RISK,4
1,1,1,2,Hourly,2183,Yes,Owns,16,35,73,17,15,URGENT CARE CENTER,OUT-OF-NETWORK,PERCENT PLAN PAYS,70,100,80,50,100,4,20,high,high,RISK,4
2,2,3,2,Salaried,1622,Yes,Rents,21,24,60,17,15,URGENT CARE CENTER,OUT-OF-NETWORK,PERCENT PLAN PAYS,50,100,80,70,100,4,20,high,high,RISK,4
2,3,1,3,Salaried,4259,Yes,Rents,17,43,57,17,15,URGENT CARE CENTER,OUT-OF-NETWORK,PERCENT PLAN PAYS,50,70,100,80,100,4,20,high,high,RISK,4
3,2,2,3,Salaried,4138,No,Owns,37,25,52,17,15,URGENT CARE CENTER,OUT-OF-NETWORK,PERCENT PLAN PAYS,80,70,100,50,100,4,20,high,high,RISK,4
3,1,2,3,Bonus,2742,No,Owns,39,50,53,17,15,URGENT CARE CENTER,OUT-OF-NETWORK,PERCENT PLAN PAYS,80,70,100,50,100,4,20,high,high,RISK,4
1,1,1,3,Bonus,4027,Yes,Rents,21,31,54,17,15,URGENT CARE CENTER,OUT-OF-NETWORK,PERCENT PLAN PAYS,50,70,100,80,100,4,20,high,high,RISK,4
2,2,1,1,Bonus,3643,No,Rents,35,26,75,17,15,URGENT CARE CENTER,OUT-OF-NETWORK,PERCENT PLAN PAYS,70,80,50,100,100,4,20,high,high,RISK,4
2,1,3,1,Salaried,1855,No,Rents,39,49,60,17,15,URGENT CARE CENTER,OUT-OF-NETWORK,PERCENT PLAN PAYS,80,70,50,100,100,4,20,high,high,RISK,4
1,3,1,1,Bonus,4199,No,Owns,33,40,57,17,15,URGENT CARE CENTER,OUT-OF-NETWORK,PERCENT PLAN PAYS,100,70,50,80,100,4,20,high,high,RISK,4
1,3,2,1,Salaried,358,No,Rents,28,36,56,17,15,URGENT CARE CENTER,OUT-OF-NETWORK,PERCENT PLAN PAYS,70,100,50,80,100,4,20,high,high,RISK,4
2,2,2,1,Salaried,2175,No,Owns,35,49,59,17,15,URGENT CARE CENTER,OUT-OF-NETWORK,PERCENT PLAN PAYS,50,100,70,80,100,4,20,high,high,RISK,4
2,2,1,1,Bonus,2804,No,Owns,26,20,55,17,15,URGENT CARE CENTER,OUT-OF-NETWORK,PERCENT PLAN PAYS,80,70,100,50,100,4,20,high,high,RISK,4
3,3,3,2,Bonus,2793,Yes,Owns,39,48,52,17,15,URGENT CARE CENTER,OUT-OF-NETWORK,PERCENT PLAN PAYS,80,50,100,70,100,4,20,high,high,RISK,4
3,1,3,1,Salaried,1366,No,Owns,32,33,56,17,15,URGENT CARE CENTER,OUT-OF-NETWORK,PERCENT PLAN PAYS,100,50,80,70,100,4,20,high,high,RISK,4
1,2,2,3,Salaried,3990,No,Rents,30,23,53,17,15,URGENT CARE CENTER,OUT-OF-NETWORK,PERCENT PLAN PAYS,100,50,80,70,100,4,20,high,high,RISK,4
1,2,2,1,Salaried,1625,No,Owns,36,38,56,17,15,URGENT CARE CENTER,OUT-OF-NETWORK,PERCENT PLAN PAYS,100,50,70,80,100,4,20,high,high,RISK,4
2,3,1,1,Hourly,1178,No,Owns,15,24,64,17,15,URGENT CARE CENTER,OUT-OF-NETWORK,PERCENT PLAN PAYS,50,100,80,70,100,4,20,high,high,RISK,4
2,1,1,1,Hourly,2665,No,Rents,20,29,55,17,15,URGENT CARE CENTER,OUT-OF-NETWORK,PERCENT PLAN PAYS,80,70,100,50,100,4,20,high,high,RISK,4
2,3,3,1,Hourly,4144,No,Owns,23,26,51,17,15,URGENT CARE CENTER,OUT-OF-NETWORK,PERCENT PLAN PAYS,80,50,70,100,100,4,20,high,high,RISK,4
2,2,3,1,Hourly,2547,Yes,Owns,32,36,62,17,15,URGENT CARE CENTER,OUT-OF-NETWORK,PERCENT PLAN PAYS,100,70,80,50,100,4,20,high,high,RISK,4
2,1,2,1,Hourly,152,Yes,Owns,34,38,64,17,15,URGENT CARE CENTER,OUT-OF-NETWORK,PERCENT PLAN PAYS,50,70,80,100,100,4,20,high,high,RISK,4
1,1,1,1,Bonus,2909,Yes,Rents,23,31,55,17,15,URGENT CARE CENTER,OUT-OF-NETWORK,PERCENT PLAN PAYS,50,100,80,70,100,4,20,high,high,RISK,4
3,3,2,2,Bonus,2404,Yes,Owns,27,31,59,17,15,URGENT CARE CENTER,OUT-OF-NETWORK,PERCENT PLAN PAYS,70,50,100,80,100,4,20,high,high,RISK,4
3,1,2,3,Bonus,144,Yes,Owns,24,47,55,17,15,URGENT CARE CENTER,OUT-OF-NETWORK,PERCENT PLAN PAYS,80,50,100,70,100,4,20,high,high,RISK,4
3,1,2,1,Hourly,2250,No,Owns,26,41,60,17,15,URGENT CARE CENTER,OUT-OF-NETWORK,PERCENT PLAN PAYS,100,70,80,50,100,4,20,high,high,RISK,4
3,1,1,1,Hourly,4826,No,Owns,25,35,73,17,15,URGENT CARE CENTER,OUT-OF-NETWORK,PERCENT PLAN PAYS,100,80,50,70,100,4,20,high,high,RISK,4
2,2,1,1,Salaried,792,No,Owns,28,24,60,17,15,URGENT CARE CENTER,OUT-OF-NETWORK,PERCENT PLAN PAYS,50,100,80,70,100,4,20,high,high,RISK,4
1,3,1,2,Hourly,3429,No,Rents,34,43,57,17,15,URGENT CARE CENTER,OUT-OF-NETWORK,PERCENT PLAN PAYS,100,70,50,80,100,4,20,high,high,RISK,4
1,3,1,2,Hourly,1596,Yes,Owns,27,25,52,17,15,URGENT CARE CENTER,OUT-OF-NETWORK,PERCENT PLAN PAYS,100,80,50,70,100,4,20,high,high,RISK,4
2,3,3,1,Salaried,83,Yes,Owns,19,50,53,17,15,URGENT CARE CENTER,OUT-OF-NETWORK,PERCENT PLAN PAYS,100,80,50,70,100,4,20,high,high,RISK,4
2,3,1,3,Salaried,3601,No,Owns,17,31,54,17,15,URGENT CARE CENTER,OUT-OF-NETWORK,PERCENT PLAN PAYS,50,70,100,80,100,4,20,high,high,RISK,4
2,2,1,2,Bonus,861,No,Owns,34,26,75,17,15,URGENT CARE CENTER,OUT-OF-NETWORK,PERCENT PLAN PAYS,80,70,50,100,100,4,20,high,high,RISK,4
1,3,3,3,Salaried,2240,Yes,Rents,35,49,60,17,15,URGENT CARE CENTER,OUT-OF-NETWORK,PERCENT PLAN PAYS,50,70,100,80,100,4,20,high,high,RISK,4
1,1,1,1,Hourly,2384,No,Rents,17,40,57,17,15,URGENT CARE CENTER,OUT-OF-NETWORK,PERCENT PLAN PAYS,70,80,100,50,100,4,20,high,high,RISK,4
1,1,1,1,Bonus,2363,Yes,Rents,29,36,56,17,15,URGENT CARE CENTER,OUT-OF-NETWORK,PERCENT PLAN PAYS,100,80,70,50,100,4,20,high,high,RISK,4
2,1,3,1,Salaried,4539,No,Owns,24,49,59,17,15,URGENT CARE CENTER,OUT-OF-NETWORK,PERCENT PLAN PAYS,80,50,70,100,100,4,20,high,high,RISK,4
2,1,1,1,Bonus,489,No,Rents,23,20,55,17,15,URGENT CARE CENTER,OUT-OF-NETWORK,PERCENT PLAN PAYS,80,70,50,100,100,4,20,high,high,RISK,4
2,3,1,3,Bonus,4623,Yes,Owns,19,48,52,17,15,URGENT CARE CENTER,OUT-OF-NETWORK,PERCENT PLAN PAYS,80,50,70,100,100,4,20,high,high,RISK,4
2,1,1,1,Salaried,153,Yes,Owns,15,33,56,17,15,URGENT CARE CENTER,OUT-OF-NETWORK,PERCENT PLAN PAYS,50,70,80,100,100,4,20,high,high,RISK,4
1,3,3,2,Salaried,3954,No,Owns,17,23,53,17,15,URGENT CARE CENTER,OUT-OF-NETWORK,PERCENT PLAN PAYS,100,50,70,80,100,4,20,high,high,RISK,4
1,2,1,1,Salaried,4742,No,Rents,15,38,56,17,15,URGENT CARE CENTER,OUT-OF-NETWORK,PERCENT PLAN PAYS,50,100,80,70,100,4,20,high,high,RISK,4
1,1,1,2,Hourly,3289,No,Rents,35,24,64,17,15,URGENT CARE CENTER,OUT-OF-NETWORK,PERCENT PLAN PAYS,100,80,50,70,100,4,20,high,high,RISK,4
1,1,2,2,Bonus,3409,Yes,Rents,30,29,55,17,15,URGENT CARE CENTER,OUT-OF-NETWORK,PERCENT PLAN PAYS,80,50,100,70,100,4,20,high,high,RISK,4
1,1,1,2,Bonus,4271,No,Rents,22,36,62,17,15,URGENT CARE CENTER,OUT-OF-NETWORK,PERCENT PLAN PAYS,80,50,70,100,100,4,20,high,high,RISK,4
1,1,1,1,Hourly,4605,Yes,Rents,24,38,64,17,15,URGENT CARE CENTER,OUT-OF-NETWORK,PERCENT PLAN PAYS,80,100,50,70,100,4,20,high,high,RISK,4
1,3,3,3,Salaried,3042,Yes,Rents,16,31,55,17,15,URGENT CARE CENTER,OUT-OF-NETWORK,PERCENT PLAN PAYS,50,100,70,80,100,4,20,high,high,RISK,4
1,3,3,1,Hourly,170,No,Rents,37,31,59,17,15,URGENT CARE CENTER,OUT-OF-NETWORK,PERCENT PLAN PAYS,80,70,100,50,100,4,20,high,high,RISK,4
1,1,1,3,Salaried,2062,No,Rents,20,47,55,17,15,URGENT CARE CENTER,OUT-OF-NETWORK,PERCENT PLAN PAYS,70,100,80,50,100,4,20,high,high,RISK,4
2,2,3,3,Bonus,1962,No,Rents,15,41,60,17,15,URGENT CARE CENTER,OUT-OF-NETWORK,PERCENT PLAN PAYS,70,100,50,80,100,4,20,high,high,RISK,4
1,1,1,1,Bonus,1006,No,Owns,27,35,73,17,15,URGENT CARE CENTER,OUT-OF-NETWORK,PERCENT PLAN PAYS,70,50,100,80,100,4,20,high,high,RISK,4
1,3,2,3,Salaried,4555,No,Rents,20,24,60,17,15,URGENT CARE CENTER,OUT-OF-NETWORK,PERCENT PLAN PAYS,50,100,70,80,100,4,20,high,high,RISK,4
3,1,2,1,Bonus,458,No,Rents,25,43,57,17,15,URGENT CARE CENTER,OUT-OF-NETWORK,PERCENT PLAN PAYS,80,70,100,50,100,4,20,high,high,RISK,4
3,1,3,1,Hourly,1593,No,Owns,16,25,52,17,15,URGENT CARE CENTER,OUT-OF-NETWORK,PERCENT PLAN PAYS,80,70,50,100,100,4,20,high,high,RISK,4
1,3,1,2,Hourly,4519,Yes,Owns,26,50,53,17,15,URGENT CARE CENTER,OUT-OF-NETWORK,PERCENT PLAN PAYS,70,80,100,50,100,4,20,high,high,RISK,4
1,2,1,1,Bonus,2639,No,Rents,16,31,54,17,15,URGENT CARE CENTER,OUT-OF-NETWORK,PERCENT PLAN PAYS,50,100,70,80,100,4,20,high,high,RISK,4
1,1,3,1,Hourly,2563,Yes,Rents,35,26,75,17,15,URGENT CARE CENTER,OUT-OF-NETWORK,PERCENT PLAN PAYS,100,50,70,80,100,4,20,high,high,RISK,4
1,2,3,2,Bonus,2810,Yes,Owns,35,49,60,17,15,URGENT CARE CENTER,OUT-OF-NETWORK,PERCENT PLAN PAYS,70,100,50,80,100,4,20,high,high,RISK,4
2,2,1,2,Hourly,2954,Yes,Owns,39,40,57,17,15,URGENT CARE CENTER,OUT-OF-NETWORK,PERCENT PLAN PAYS,100,80,70,50,100,4,20,high,high,RISK,4
2,1,3,1,Hourly,2299,Yes,Owns,31,36,56,17,15,URGENT CARE CENTER,OUT-OF-NETWORK,PERCENT PLAN PAYS,50,70,80,100,100,4,20,high,high,RISK,4
1,1,2,3,Hourly,1155,No,Rents,16,49,59,17,15,URGENT CARE CENTER,OUT-OF-NETWORK,PERCENT PLAN PAYS,50,80,100,70,100,4,20,high,high,RISK,4
2,1,3,1,Bonus,1856,Yes,Rents,31,20,55,17,15,URGENT CARE CENTER,OUT-OF-NETWORK,PERCENT PLAN PAYS,80,70,50,100,100,4,20,high,high,RISK,4
3,2,2,1,Salaried,3352,Yes,Rents,18,48,52,17,15,URGENT CARE CENTER,OUT-OF-NETWORK,PERCENT PLAN PAYS,50,80,70,100,100,4,20,high,high,RISK,4
3,1,1,2,Hourly,3735,Yes,Owns,34,33,56,17,15,URGENT CARE CENTER,OUT-OF-NETWORK,PERCENT PLAN PAYS,100,70,50,80,100,4,20,high,high,RISK,4
3,1,2,1,Bonus,4695,No,Owns,15,38,56,17,15,URGENT CARE CENTER,OUT-OF-NETWORK,PERCENT PLAN PAYS,70,80,100,50,100,4,20,high,high,RISK,4
2,2,2,2,Salaried,1210,No,Rents,38,24,64,17,15,URGENT CARE CENTER,OUT-OF-NETWORK,PERCENT PLAN PAYS,50,100,70,80,100,4,20,high,high,RISK,4
2,3,2,1,Bonus,3149,No,Owns,17,29,55,17,15,URGENT CARE CENTER,OUT-OF-NETWORK,PERCENT PLAN PAYS,100,50,80,70,100,4,20,high,high,RISK,4
2,2,2,2,Bonus,3757,No,Rents,18,26,51,17,15,URGENT CARE CENTER,OUT-OF-NETWORK,PERCENT PLAN PAYS,50,80,100,70,100,4,20,high,high,RISK,4
3,1,3,2,Salaried,4038,Yes,Rents,28,36,62,17,15,URGENT CARE CENTER,OUT-OF-NETWORK,PERCENT PLAN PAYS,70,100,80,50,100,4,20,high,high,RISK,4
1,1,1,3,Bonus,381,No,Owns,20,38,64,17,15,URGENT CARE CENTER,OUT-OF-NETWORK,PERCENT PLAN PAYS,50,70,100,80,100,4,20,high,high,RISK,4
1,1,1,2,Hourly,2879,Yes,Rents,37,31,55,17,15,URGENT CARE CENTER,OUT-OF-NETWORK,PERCENT PLAN PAYS,70,50,100,80,100,4,20,high,high,RISK,4
2,3,1,1,Hourly,2246,No,Owns,38,31,59,17,15,URGENT CARE CENTER,OUT-OF-NETWORK,PERCENT PLAN PAYS,50,100,70,80,100,4,20,high,high,RISK,4
1,3,2,1,Hourly,3337,No,Rents,18,47,55,17,15,URGENT CARE CENTER,OUT-OF-NETWORK,PERCENT PLAN PAYS,100,80,50,70,100,4,20,high,high,RISK,4
2,2,1,2,Hourly,874,No,Owns,38,41,60,17,15,URGENT CARE CENTER,OUT-OF-NETWORK,PERCENT PLAN PAYS,50,80,100,70,100,4,20,high,high,RISK,4
1,2,1,1,Hourly,4470,Yes,Owns,16,35,73,17,15,URGENT CARE CENTER,OUT-OF-NETWORK,PERCENT PLAN PAYS,80,50,70,100,100,4,20,high,high,RISK,4
3,1,3,1,Hourly,3252,Yes,Owns,24,24,60,17,15,URGENT CARE CENTER,OUT-OF-NETWORK,PERCENT PLAN PAYS,80,70,50,100,100,4,20,high,high,RISK,4
1,3,1,2,Hourly,176,Yes,Rents,23,43,57,17,15,URGENT CARE CENTER,OUT-OF-NETWORK,PERCENT PLAN PAYS,80,70,100,50,100,4,20,high,high,RISK,4
2,1,3,1,Hourly,3681,Yes,Owns,17,25,52,17,15,URGENT CARE CENTER,OUT-OF-NETWORK,PERCENT PLAN PAYS,50,80,100,70,100,4,20,high,high,RISK,4
1,3,2,3,Hourly,1019,Yes,Owns,35,50,53,17,15,URGENT CARE CENTER,OUT-OF-NETWORK,PERCENT PLAN PAYS,70,50,100,80,100,4,20,high,high,RISK,4
1,3,2,1,Bonus,4493,Yes,Owns,39,31,54,17,15,URGENT CARE CENTER,OUT-OF-NETWORK,PERCENT PLAN PAYS,70,50,80,100,100,4,20,high,high,RISK,4
1,3,3,1,Salaried,1012,Yes,Owns,34,26,75,17,15,URGENT CARE CENTER,OUT-OF-NETWORK,PERCENT PLAN PAYS,70,80,100,50,100,4,20,high,high,RISK,4
1,1,2,1,Bonus,1248,Yes,Rents,18,49,60,17,15,URGENT CARE CENTER,OUT-OF-NETWORK,PERCENT PLAN PAYS,80,100,70,50,100,4,20,high,high,RISK,4
1,1,2,1,Salaried,1214,No,Owns,17,40,57,17,15,URGENT CARE CENTER,OUT-OF-NETWORK,PERCENT PLAN PAYS,50,80,100,70,100,4,20,high,high,RISK,4
2,1,1,1,Salaried,2852,Yes,Rents,18,36,56,17,15,URGENT CARE CENTER,OUT-OF-NETWORK,PERCENT PLAN PAYS,100,70,50,80,100,4,20,high,high,RISK,4
2,1,1,1,Bonus,1440,Yes,Owns,24,49,59,17,15,URGENT CARE CENTER,OUT-OF-NETWORK,PERCENT PLAN PAYS,80,70,100,50,100,4,20,high,high,RISK,4
3,1,3,1,Bonus,2951,No,Owns,26,20,55,17,15,URGENT CARE CENTER,OUT-OF-NETWORK,PERCENT PLAN PAYS,50,100,80,70,100,4,20,high,high,RISK,4
4,3,2,4,Salaried,4377,No,Rents,46,73,76,17,16,URGENT CARE CENTER,OUT-OF-NETWORK,PERCENT PLAN PAYS,100,50,70,80,100,4,50,high,high,RISK,4
2,3,4,2,Salaried,1919,No,Owns,48,61,80,17,16,URGENT CARE CENTER,OUT-OF-NETWORK,PERCENT PLAN PAYS,80,50,70,100,100,4,50,high,high,RISK,4
4,4,3,2,Salaried,4671,Yes,Rents,57,53,77,17,16,URGENT CARE CENTER,OUT-OF-NETWORK,PERCENT PLAN PAYS,70,100,80,50,100,4,50,high,high,RISK,4
4,4,2,2,Bonus,1139,No,Owns,52,65,80,17,16,URGENT CARE CENTER,OUT-OF-NETWORK,PERCENT PLAN PAYS,50,80,100,70,100,4,50,high,high,RISK,4
3,4,4,3,Bonus,3085,No,Rents,45,54,88,17,16,URGENT CARE CENTER,OUT-OF-NETWORK,PERCENT PLAN PAYS,50,70,80,100,100,4,50,high,high,RISK,4
3,4,4,3,Salaried,912,Yes,Rents,61,58,79,17,16,URGENT CARE CENTER,OUT-OF-NETWORK,PERCENT PLAN PAYS,100,70,80,50,100,4,50,high,high,RISK,4
4,3,4,3,Hourly,3561,Yes,Owns,51,56,75,17,16,URGENT CARE CENTER,OUT-OF-NETWORK,PERCENT PLAN PAYS,70,50,100,80,100,4,50,high,high,RISK,4
4,4,2,2,Hourly,4350,No,Rents,40,64,87,17,16,URGENT CARE CENTER,OUT-OF-NETWORK,PERCENT PLAN PAYS,100,70,80,50,100,4,50,high,high,RISK,4
4,4,4,4,Salaried,3664,No,Owns,39,65,88,17,16,URGENT CARE CENTER,OUT-OF-NETWORK,PERCENT PLAN PAYS,50,70,80,100,100,4,50,high,high,RISK,4
2,3,3,3,Bonus,1972,Yes,Owns,62,60,80,17,16,URGENT CARE CENTER,OUT-OF-NETWORK,PERCENT PLAN PAYS,70,50,80,100,100,4,50,high,high,RISK,4
3,2,4,4,Salaried,1235,Yes,Rents,55,60,83,17,16,URGENT CARE CENTER,OUT-OF-NETWORK,PERCENT PLAN PAYS,80,50,100,70,100,4,50,high,high,RISK,4
2,4,3,3,Bonus,2294,Yes,Owns,47,72,79,17,16,URGENT CARE CENTER,OUT-OF-NETWORK,PERCENT PLAN PAYS,80,100,50,70,100,4,50,high,high,RISK,4
2,3,4,3,Salaried,4592,Yes,Rents,62,68,84,17,16,URGENT CARE CENTER,OUT-OF-NETWORK,PERCENT PLAN PAYS,80,70,100,50,100,4,50,high,high,RISK,4
3,3,3,4,Hourly,2183,Yes,Owns,37,63,98,17,16,URGENT CARE CENTER,OUT-OF-NETWORK,PERCENT PLAN PAYS,80,50,70,100,100,4,50,high,high,RISK,4
3,3,4,3,Salaried,1622,Yes,Rents,42,55,84,17,16,URGENT CARE CENTER,OUT-OF-NETWORK,PERCENT PLAN PAYS,70,100,80,50,100,4,50,high,high,RISK,4
3,4,3,4,Salaried,4259,Yes,Rents,37,70,81,17,16,URGENT CARE CENTER,OUT-OF-NETWORK,PERCENT PLAN PAYS,100,50,70,80,100,4,50,high,high,RISK,4
4,3,3,4,Salaried,4138,No,Owns,62,55,76,17,16,URGENT CARE CENTER,OUT-OF-NETWORK,PERCENT PLAN PAYS,70,80,50,100,100,4,50,high,high,RISK,4
4,3,4,4,Bonus,2742,No,Owns,64,75,77,17,16,URGENT CARE CENTER,OUT-OF-NETWORK,PERCENT PLAN PAYS,100,70,80,50,100,4,50,high,high,RISK,4
3,3,3,4,Bonus,4027,Yes,Rents,43,60,78,17,16,URGENT CARE CENTER,OUT-OF-NETWORK,PERCENT PLAN PAYS,50,80,100,70,100,4,50,high,high,RISK,4
4,4,2,2,Bonus,3643,No,Rents,59,56,100,17,16,URGENT CARE CENTER,OUT-OF-NETWORK,PERCENT PLAN PAYS,80,70,50,100,100,4,50,high,high,RISK,4
4,2,4,2,Salaried,1855,No,Rents,63,74,85,17,16,URGENT CARE CENTER,OUT-OF-NETWORK,PERCENT PLAN PAYS,80,100,50,70,100,4,50,high,high,RISK,4
3,4,2,3,Bonus,4199,No,Owns,57,67,81,17,16,URGENT CARE CENTER,OUT-OF-NETWORK,PERCENT PLAN PAYS,50,80,70,100,100,4,50,high,high,RISK,4
3,4,3,2,Salaried,358,No,Rents,50,64,80,17,16,URGENT CARE CENTER,OUT-OF-NETWORK,PERCENT PLAN PAYS,80,50,70,100,100,4,50,high,high,RISK,4
4,3,4,3,Salaried,2175,No,Owns,59,75,83,17,16,URGENT CARE CENTER,OUT-OF-NETWORK,PERCENT PLAN PAYS,80,50,70,100,100,4,50,high,high,RISK,4
4,4,2,2,Bonus,2804,No,Owns,48,51,79,17,16,URGENT CARE CENTER,OUT-OF-NETWORK,PERCENT PLAN PAYS,100,50,80,70,100,4,50,high,high,RISK,4
4,4,4,4,Bonus,2793,Yes,Owns,63,73,76,17,16,URGENT CARE CENTER,OUT-OF-NETWORK,PERCENT PLAN PAYS,50,70,100,80,100,4,50,high,high,RISK,4
4,3,4,2,Salaried,1366,No,Owns,56,61,80,17,16,URGENT CARE CENTER,OUT-OF-NETWORK,PERCENT PLAN PAYS,70,80,100,50,100,4,50,high,high,RISK,4
2,4,4,4,Salaried,3990,No,Rents,53,53,77,17,16,URGENT CARE CENTER,OUT-OF-NETWORK,PERCENT PLAN PAYS,80,70,100,50,100,4,50,high,high,RISK,4
4,4,3,3,Hourly,1178,No,Owns,35,54,88,17,16,URGENT CARE CENTER,OUT-OF-NETWORK,PERCENT PLAN PAYS,70,80,100,50,100,4,50,high,high,RISK,4
3,3,2,2,Hourly,2665,No,Rents,41,58,79,17,16,URGENT CARE CENTER,OUT-OF-NETWORK,PERCENT PLAN PAYS,50,80,100,70,100,4,50,high,high,RISK,4
4,4,4,2,Hourly,4144,No,Owns,44,56,75,17,16,URGENT CARE CENTER,OUT-OF-NETWORK,PERCENT PLAN PAYS,70,50,80,100,100,4,50,high,high,RISK,4
3,3,4,3,Hourly,2547,Yes,Owns,55,64,87,17,16,URGENT CARE CENTER,OUT-OF-NETWORK,PERCENT PLAN PAYS,50,70,80,100,100,4,50,high,high,RISK,4
4,3,4,2,Hourly,152,Yes,Owns,58,65,88,17,16,URGENT CARE CENTER,OUT-OF-NETWORK,PERCENT PLAN PAYS,80,70,50,100,100,4,50,high,high,RISK,4
3,2,2,3,Bonus,2909,Yes,Rents,45,60,80,17,16,URGENT CARE CENTER,OUT-OF-NETWORK,PERCENT PLAN PAYS,50,70,100,80,100,4,50,high,high,RISK,4
4,4,3,3,Bonus,2404,Yes,Owns,49,60,83,17,16,URGENT CARE CENTER,OUT-OF-NETWORK,PERCENT PLAN PAYS,70,50,100,80,100,4,50,high,high,RISK,4
4,2,4,4,Bonus,144,Yes,Owns,46,72,79,17,16,URGENT CARE CENTER,OUT-OF-NETWORK,PERCENT PLAN PAYS,100,80,70,50,100,4,50,high,high,RISK,4
4,2,4,2,Hourly,2250,No,Owns,48,68,84,17,16,URGENT CARE CENTER,OUT-OF-NETWORK,PERCENT PLAN PAYS,70,100,80,50,100,4,50,high,high,RISK,4
4,3,3,3,Hourly,4826,No,Owns,47,63,98,17,16,URGENT CARE CENTER,OUT-OF-NETWORK,PERCENT PLAN PAYS,80,100,70,50,100,4,50,high,high,RISK,4
4,4,2,3,Salaried,792,No,Owns,50,55,84,17,16,URGENT CARE CENTER,OUT-OF-NETWORK,PERCENT PLAN PAYS,70,80,100,50,100,4,50,high,high,RISK,4
2,4,2,3,Hourly,3429,No,Rents,58,70,81,17,16,URGENT CARE CENTER,OUT-OF-NETWORK,PERCENT PLAN PAYS,50,70,100,80,100,4,50,high,high,RISK,4
3,4,3,4,Hourly,1596,Yes,Owns,50,55,76,17,16,URGENT CARE CENTER,OUT-OF-NETWORK,PERCENT PLAN PAYS,50,100,70,80,100,4,50,high,high,RISK,4
4,4,4,3,Salaried,83,Yes,Owns,40,75,77,17,16,URGENT CARE CENTER,OUT-OF-NETWORK,PERCENT PLAN PAYS,70,100,50,80,100,4,50,high,high,RISK,4
4,4,3,4,Salaried,3601,No,Owns,38,60,78,17,16,URGENT CARE CENTER,OUT-OF-NETWORK,PERCENT PLAN PAYS,100,70,50,80,100,4,50,high,high,RISK,4
3,4,2,4,Bonus,861,No,Owns,58,56,100,17,16,URGENT CARE CENTER,OUT-OF-NETWORK,PERCENT PLAN PAYS,50,100,70,80,100,4,50,high,high,RISK,4
2,4,4,4,Salaried,2240,Yes,Rents,59,74,85,17,16,URGENT CARE CENTER,OUT-OF-NETWORK,PERCENT PLAN PAYS,80,100,70,50,100,4,50,high,high,RISK,4
3,3,2,2,Hourly,2384,No,Rents,37,67,81,17,16,URGENT CARE CENTER,OUT-OF-NETWORK,PERCENT PLAN PAYS,100,50,80,70,100,4,50,high,high,RISK,4
2,2,3,3,Bonus,2363,Yes,Rents,52,64,80,17,16,URGENT CARE CENTER,OUT-OF-NETWORK,PERCENT PLAN PAYS,50,100,70,80,100,4,50,high,high,RISK,4
3,3,4,2,Salaried,4539,No,Owns,45,75,83,17,16,URGENT CARE CENTER,OUT-OF-NETWORK,PERCENT PLAN PAYS,80,70,100,50,100,4,50,high,high,RISK,4
3,3,2,2,Bonus,489,No,Rents,45,51,79,17,16,URGENT CARE CENTER,OUT-OF-NETWORK,PERCENT PLAN PAYS,50,100,70,80,100,4,50,high,high,RISK,4
4,4,2,4,Bonus,4623,Yes,Owns,40,73,76,17,16,URGENT CARE CENTER,OUT-OF-NETWORK,PERCENT PLAN PAYS,100,70,50,80,100,4,50,high,high,RISK,4
3,3,3,2,Salaried,153,Yes,Owns,36,61,80,17,16,URGENT CARE CENTER,OUT-OF-NETWORK,PERCENT PLAN PAYS,80,70,100,50,100,4,50,high,high,RISK,4
3,4,4,4,Salaried,3954,No,Owns,38,53,77,17,16,URGENT CARE CENTER,OUT-OF-NETWORK,PERCENT PLAN PAYS,100,80,70,50,100,4,50,high,high,RISK,4
3,3,2,3,Salaried,4742,No,Rents,35,65,80,17,16,URGENT CARE CENTER,OUT-OF-NETWORK,PERCENT PLAN PAYS,100,80,50,70,100,4,50,high,high,RISK,4
2,2,2,3,Hourly,3289,No,Rents,59,54,88,17,16,URGENT CARE CENTER,OUT-OF-NETWORK,PERCENT PLAN PAYS,80,100,50,70,100,4,50,high,high,RISK,4
2,2,3,3,Bonus,3409,Yes,Rents,54,58,79,17,16,URGENT CARE CENTER,OUT-OF-NETWORK,PERCENT PLAN PAYS,100,70,80,50,100,4,50,high,high,RISK,4
3,3,4,3,Bonus,3179,No,Rents,42,56,75,17,16,URGENT CARE CENTER,OUT-OF-NETWORK,PERCENT PLAN PAYS,50,80,70,100,100,4,50,high,high,RISK,4
3,3,2,4,Bonus,4271,No,Rents,43,64,87,17,16,URGENT CARE CENTER,OUT-OF-NETWORK,PERCENT PLAN PAYS,70,100,50,80,100,4,50,high,high,RISK,4
3,3,3,2,Hourly,4605,Yes,Rents,46,65,88,17,16,URGENT CARE CENTER,OUT-OF-NETWORK,PERCENT PLAN PAYS,100,70,80,50,100,4,50,high,high,RISK,4
2,4,4,4,Salaried,3042,Yes,Rents,37,60,80,17,16,URGENT CARE CENTER,OUT-OF-NETWORK,PERCENT PLAN PAYS,50,100,70,80,100,4,50,high,high,RISK,4
2,4,4,3,Hourly,170,No,Rents,61,60,83,17,16,URGENT CARE CENTER,OUT-OF-NETWORK,PERCENT PLAN PAYS,100,70,50,80,100,4,50,high,high,RISK,4
2,3,3,4,Salaried,2062,No,Rents,40,72,79,17,16,URGENT CARE CENTER,OUT-OF-NETWORK,PERCENT PLAN PAYS,80,100,50,70,100,4,50,high,high,RISK,4
4,4,4,4,Bonus,1962,No,Rents,35,68,84,17,16,URGENT CARE CENTER,OUT-OF-NETWORK,PERCENT PLAN PAYS,70,100,50,80,100,4,50,high,high,RISK,4
2,2,3,2,Bonus,1006,No,Owns,50,63,98,17,16,URGENT CARE CENTER,OUT-OF-NETWORK,PERCENT PLAN PAYS,50,70,80,100,100,4,50,high,high,RISK,4
4,3,4,3,Bonus,458,No,Rents,46,70,81,17,16,URGENT CARE CENTER,OUT-OF-NETWORK,PERCENT PLAN PAYS,100,50,70,80,100,4,50,high,high,RISK,4
4,3,4,3,Hourly,1593,No,Owns,36,55,76,17,16,URGENT CARE CENTER,OUT-OF-NETWORK,PERCENT PLAN PAYS,70,80,50,100,100,4,50,high,high,RISK,4
3,4,2,3,Hourly,4519,Yes,Owns,48,75,77,17,16,URGENT CARE CENTER,OUT-OF-NETWORK,PERCENT PLAN PAYS,50,100,70,80,100,4,50,high,high,RISK,4
2,4,3,3,Bonus,2639,No,Rents,36,60,78,17,16,URGENT CARE CENTER,OUT-OF-NETWORK,PERCENT PLAN PAYS,50,100,70,80,100,4,50,high,high,RISK,4
2,3,4,3,Hourly,2563,Yes,Rents,59,56,100,17,16,URGENT CARE CENTER,OUT-OF-NETWORK,PERCENT PLAN PAYS,80,70,100,50,100,4,50,high,high,RISK,4
3,4,4,4,Bonus,2810,Yes,Owns,58,74,85,17,16,URGENT CARE CENTER,OUT-OF-NETWORK,PERCENT PLAN PAYS,70,50,80,100,100,4,50,high,high,RISK,4
3,4,3,4,Hourly,2954,Yes,Owns,64,67,81,17,16,URGENT CARE CENTER,OUT-OF-NETWORK,PERCENT PLAN PAYS,100,50,70,80,100,4,50,high,high,RISK,4
3,2,4,3,Hourly,2299,Yes,Owns,54,64,80,17,16,URGENT CARE CENTER,OUT-OF-NETWORK,PERCENT PLAN PAYS,80,70,100,50,100,4,50,high,high,RISK,4
2,3,4,4,Hourly,1155,No,Rents,37,75,83,17,16,URGENT CARE CENTER,OUT-OF-NETWORK,PERCENT PLAN PAYS,80,50,70,100,100,4,50,high,high,RISK,4
4,2,4,3,Bonus,1856,Yes,Rents,55,51,79,17,16,URGENT CARE CENTER,OUT-OF-NETWORK,PERCENT PLAN PAYS,50,100,80,70,100,4,50,high,high,RISK,4
4,4,3,3,Salaried,3352,Yes,Rents,38,73,76,17,16,URGENT CARE CENTER,OUT-OF-NETWORK,PERCENT PLAN PAYS,80,50,100,70,100,4,50,high,high,RISK,4
4,3,2,3,Hourly,3735,Yes,Owns,58,61,80,17,16,URGENT CARE CENTER,OUT-OF-NETWORK,PERCENT PLAN PAYS,50,100,80,70,100,4,50,high,high,RISK,4
4,3,3,4,Salaried,1125,Yes,Rents,38,53,77,17,16,URGENT CARE CENTER,OUT-OF-NETWORK,PERCENT PLAN PAYS,70,50,80,100,100,4,50,high,high,RISK,4
4,2,4,2,Bonus,4695,No,Owns,35,65,80,17,16,URGENT CARE CENTER,OUT-OF-NETWORK,PERCENT PLAN PAYS,50,80,100,70,100,4,50,high,high,RISK,4
3,3,3,4,Salaried,1210,No,Rents,62,54,88,17,16,URGENT CARE CENTER,OUT-OF-NETWORK,PERCENT PLAN PAYS,50,100,80,70,100,4,50,high,high,RISK,4
4,4,4,2,Bonus,3149,No,Owns,37,58,79,17,16,URGENT CARE CENTER,OUT-OF-NETWORK,PERCENT PLAN PAYS,50,70,100,80,100,4,50,high,high,RISK,4
4,3,4,4,Bonus,3757,No,Rents,38,56,75,17,16,URGENT CARE CENTER,OUT-OF-NETWORK,PERCENT PLAN PAYS,80,70,100,50,100,4,50,high,high,RISK,4
4,3,4,4,Salaried,4038,Yes,Rents,51,64,87,17,16,URGENT CARE CENTER,OUT-OF-NETWORK,PERCENT PLAN PAYS,50,70,100,80,100,4,50,high,high,RISK,4
2,3,3,4,Bonus,381,No,Owns,41,65,88,17,16,URGENT CARE CENTER,OUT-OF-NETWORK,PERCENT PLAN PAYS,80,100,70,50,100,4,50,high,high,RISK,4
3,3,3,3,Hourly,2879,Yes,Rents,61,60,80,17,16,URGENT CARE CENTER,OUT-OF-NETWORK,PERCENT PLAN PAYS,80,50,70,100,100,4,50,high,high,RISK,4
4,4,3,2,Hourly,2246,No,Owns,62,60,83,17,16,URGENT CARE CENTER,OUT-OF-NETWORK,PERCENT PLAN PAYS,100,50,70,80,100,4,50,high,high,RISK,4
2,4,3,2,Hourly,3337,No,Rents,39,72,79,17,16,URGENT CARE CENTER,OUT-OF-NETWORK,PERCENT PLAN PAYS,70,50,80,100,100,4,50,high,high,RISK,4
4,3,3,4,Hourly,874,No,Owns,63,68,84,17,16,URGENT CARE CENTER,OUT-OF-NETWORK,PERCENT PLAN PAYS,50,70,100,80,100,4,50,high,high,RISK,4
3,4,2,3,Hourly,4470,Yes,Owns,36,63,98,17,16,URGENT CARE CENTER,OUT-OF-NETWORK,PERCENT PLAN PAYS,70,100,80,50,100,4,50,high,high,RISK,4
4,3,4,3,Hourly,3252,Yes,Owns,46,55,84,17,16,URGENT CARE CENTER,OUT-OF-NETWORK,PERCENT PLAN PAYS,80,100,70,50,100,4,50,high,high,RISK,4
3,4,2,3,Hourly,176,Yes,Rents,45,70,81,17,16,URGENT CARE CENTER,OUT-OF-NETWORK,PERCENT PLAN PAYS,50,80,100,70,100,4,50,high,high,RISK,4
4,3,4,2,Hourly,3681,Yes,Owns,38,55,76,17,16,URGENT CARE CENTER,OUT-OF-NETWORK,PERCENT PLAN PAYS,70,50,100,80,100,4,50,high,high,RISK,4
3,4,4,4,Hourly,1019,Yes,Owns,59,75,77,17,16,URGENT CARE CENTER,OUT-OF-NETWORK,PERCENT PLAN PAYS,80,100,70,50,100,4,50,high,high,RISK,4
3,4,4,3,Bonus,4493,Yes,Owns,64,60,78,17,16,URGENT CARE CENTER,OUT-OF-NETWORK,PERCENT PLAN PAYS,80,100,70,50,100,4,50,high,high,RISK,4
3,4,4,2,Salaried,1012,Yes,Owns,58,56,100,17,16,URGENT CARE CENTER,OUT-OF-NETWORK,PERCENT PLAN PAYS,100,50,80,70,100,4,50,high,high,RISK,4
2,2,4,3,Bonus,1248,Yes,Rents,39,74,85,17,16,URGENT CARE CENTER,OUT-OF-NETWORK,PERCENT PLAN PAYS,50,70,80,100,100,4,50,high,high,RISK,4
2,3,3,3,Salaried,1214,No,Owns,37,67,81,17,16,URGENT CARE CENTER,OUT-OF-NETWORK,PERCENT PLAN PAYS,100,70,80,50,100,4,50,high,high,RISK,4
4,3,3,2,Salaried,2852,Yes,Rents,38,64,80,17,16,URGENT CARE CENTER,OUT-OF-NETWORK,PERCENT PLAN PAYS,50,80,100,70,100,4,50,high,high,RISK,4
3,3,2,2,Bonus,1440,Yes,Owns,46,75,83,17,16,URGENT CARE CENTER,OUT-OF-NETWORK,PERCENT PLAN PAYS,80,100,50,70,100,4,50,high,high,RISK,4
4,2,4,3,Bonus,2951,No,Owns,48,51,79,17,16,URGENT CARE CENTER,OUT-OF-NETWORK,PERCENT PLAN PAYS,80,70,50,100,100,4,50,high,high,RISK,4
1,0,0,1,Salaried,4377,No,Rents,4,9,1,18,1,RETAIL PHARMACY (UP TO A 30-DAY SUPPLY),GENERIC,CO-PAY IN $,10,15,10,20,20,1,5,low,low,RISK,1
0,0,1,0,Salaried,1919,No,Owns,4,4,5,18,1,RETAIL PHARMACY (UP TO A 30-DAY SUPPLY),GENERIC,CO-PAY IN $,10,20,10,15,20,1,5,low,low,RISK,1
0,0,0,0,Salaried,4671,Yes,Rents,7,1,2,18,1,RETAIL PHARMACY (UP TO A 30-DAY SUPPLY),GENERIC,CO-PAY IN $,20,10,15,10,20,1,5,low,low,RISK,1
1,1,0,0,Bonus,1139,No,Owns,6,6,5,18,1,RETAIL PHARMACY (UP TO A 30-DAY SUPPLY),GENERIC,CO-PAY IN $,20,10,15,10,20,1,5,low,low,RISK,1
0,1,1,0,Bonus,3085,No,Rents,3,1,13,18,1,RETAIL PHARMACY (UP TO A 30-DAY SUPPLY),GENERIC,CO-PAY IN $,15,10,10,20,20,1,5,low,low,RISK,1
0,1,1,0,Salaried,912,Yes,Rents,9,3,4,18,1,RETAIL PHARMACY (UP TO A 30-DAY SUPPLY),GENERIC,CO-PAY IN $,10,20,15,10,20,1,5,low,low,RISK,1
1,0,1,0,Hourly,3561,Yes,Owns,5,2,0,18,1,RETAIL PHARMACY (UP TO A 30-DAY SUPPLY),GENERIC,CO-PAY IN $,20,10,15,10,20,1,5,low,low,RISK,1
1,1,0,0,Hourly,4350,No,Rents,2,5,12,18,1,RETAIL PHARMACY (UP TO A 30-DAY SUPPLY),GENERIC,CO-PAY IN $,15,10,20,10,20,1,5,low,low,RISK,1
1,1,0,1,Salaried,3664,No,Owns,1,6,13,18,1,RETAIL PHARMACY (UP TO A 30-DAY SUPPLY),GENERIC,CO-PAY IN $,10,10,20,15,20,1,5,low,low,RISK,1
0,0,0,0,Bonus,1972,Yes,Owns,9,4,5,18,1,RETAIL PHARMACY (UP TO A 30-DAY SUPPLY),GENERIC,CO-PAY IN $,10,10,20,15,20,1,5,low,low,RISK,1
0,0,1,1,Salaried,1235,Yes,Rents,7,4,8,18,1,RETAIL PHARMACY (UP TO A 30-DAY SUPPLY),GENERIC,CO-PAY IN $,20,10,10,15,20,1,5,low,low,RISK,1
0,1,0,0,Bonus,2294,Yes,Owns,4,9,4,18,1,RETAIL PHARMACY (UP TO A 30-DAY SUPPLY),GENERIC,CO-PAY IN $,20,10,15,10,20,1,5,low,low,RISK,1
0,0,1,0,Salaried,4592,Yes,Rents,9,7,9,18,1,RETAIL PHARMACY (UP TO A 30-DAY SUPPLY),GENERIC,CO-PAY IN $,20,10,15,10,20,1,5,low,low,RISK,1
0,0,0,1,Hourly,2183,Yes,Owns,1,5,23,18,1,RETAIL PHARMACY (UP TO A 30-DAY SUPPLY),GENERIC,CO-PAY IN $,15,10,20,10,20,1,5,low,low,RISK,1
0,0,1,0,Salaried,1622,Yes,Rents,2,1,9,18,1,RETAIL PHARMACY (UP TO A 30-DAY SUPPLY),GENERIC,CO-PAY IN $,10,10,20,15,20,1,5,low,low,RISK,1
0,1,0,1,Salaried,4259,Yes,Rents,1,8,6,18,1,RETAIL PHARMACY (UP TO A 30-DAY SUPPLY),GENERIC,CO-PAY IN $,10,20,10,15,20,1,5,low,low,RISK,1
1,0,0,1,Salaried,4138,No,Owns,9,2,1,18,1,RETAIL PHARMACY (UP TO A 30-DAY SUPPLY),GENERIC,CO-PAY IN $,20,15,10,10,20,1,5,low,low,RISK,1
1,0,0,1,Bonus,2742,No,Owns,10,10,2,18,1,RETAIL PHARMACY (UP TO A 30-DAY SUPPLY),GENERIC,CO-PAY IN $,10,20,15,10,20,1,5,low,low,RISK,1
0,0,0,1,Bonus,4027,Yes,Rents,3,4,3,18,1,RETAIL PHARMACY (UP TO A 30-DAY SUPPLY),GENERIC,CO-PAY IN $,10,10,20,15,20,1,5,low,low,RISK,1
1,0,0,0,Bonus,3643,No,Rents,8,2,25,18,1,RETAIL PHARMACY (UP TO A 30-DAY SUPPLY),GENERIC,CO-PAY IN $,10,15,20,10,20,1,5,low,low,RISK,1
1,0,1,0,Salaried,1855,No,Rents,9,10,10,18,1,RETAIL PHARMACY (UP TO A 30-DAY SUPPLY),GENERIC,CO-PAY IN $,10,20,15,10,20,1,5,low,low,RISK,1
0,1,0,0,Bonus,4199,No,Owns,7,7,6,18,1,RETAIL PHARMACY (UP TO A 30-DAY SUPPLY),GENERIC,CO-PAY IN $,10,15,20,10,20,1,5,low,low,RISK,1
0,1,0,0,Salaried,358,No,Rents,5,5,5,18,1,RETAIL PHARMACY (UP TO A 30-DAY SUPPLY),GENERIC,CO-PAY IN $,10,20,15,10,20,1,5,low,low,RISK,1
0,0,1,0,Salaried,2175,No,Owns,8,10,8,18,1,RETAIL PHARMACY (UP TO A 30-DAY SUPPLY),GENERIC,CO-PAY IN $,10,20,10,15,20,1,5,low,low,RISK,1
0,1,0,0,Bonus,2804,No,Owns,4,0,4,18,1,RETAIL PHARMACY (UP TO A 30-DAY SUPPLY),GENERIC,CO-PAY IN $,20,10,15,10,20,1,5,low,low,RISK,1
1,1,1,0,Bonus,2793,Yes,Owns,9,9,1,18,1,RETAIL PHARMACY (UP TO A 30-DAY SUPPLY),GENERIC,CO-PAY IN $,15,20,10,10,20,1,5,low,low,RISK,1
1,0,1,0,Salaried,1366,No,Owns,7,4,5,18,1,RETAIL PHARMACY (UP TO A 30-DAY SUPPLY),GENERIC,CO-PAY IN $,10,10,15,20,20,1,5,low,low,RISK,1
0,1,1,1,Salaried,3990,No,Rents,6,1,2,18,1,RETAIL PHARMACY (UP TO A 30-DAY SUPPLY),GENERIC,CO-PAY IN $,20,10,10,15,20,1,5,low,low,RISK,1
0,0,0,0,Salaried,1625,No,Owns,8,6,5,18,1,RETAIL PHARMACY (UP TO A 30-DAY SUPPLY),GENERIC,CO-PAY IN $,15,10,10,20,20,1,5,low,low,RISK,1
1,1,0,0,Hourly,1178,No,Owns,0,1,13,18,1,RETAIL PHARMACY (UP TO A 30-DAY SUPPLY),GENERIC,CO-PAY IN $,10,10,15,20,20,1,5,low,low,RISK,1
0,0,0,0,Hourly,2665,No,Rents,2,3,4,18,1,RETAIL PHARMACY (UP TO A 30-DAY SUPPLY),GENERIC,CO-PAY IN $,15,20,10,10,20,1,5,low,low,RISK,1
1,1,1,0,Hourly,4144,No,Owns,3,2,0,18,1,RETAIL PHARMACY (UP TO A 30-DAY SUPPLY),GENERIC,CO-PAY IN $,10,10,20,15,20,1,5,low,low,RISK,1
0,0,1,0,Hourly,2547,Yes,Owns,7,5,12,18,1,RETAIL PHARMACY (UP TO A 30-DAY SUPPLY),GENERIC,CO-PAY IN $,15,10,10,20,20,1,5,low,low,RISK,1
1,0,1,0,Hourly,152,Yes,Owns,8,6,13,18,1,RETAIL PHARMACY (UP TO A 30-DAY SUPPLY),GENERIC,CO-PAY IN $,20,10,10,15,20,1,5,low,low,RISK,1
0,0,0,0,Bonus,2909,Yes,Rents,3,4,5,18,1,RETAIL PHARMACY (UP TO A 30-DAY SUPPLY),GENERIC,CO-PAY IN $,10,20,15,10,20,1,5,low,low,RISK,1
1,1,0,0,Bonus,2404,Yes,Owns,5,4,8,18,1,RETAIL PHARMACY (UP TO A 30-DAY SUPPLY),GENERIC,CO-PAY IN $,15,20,10,10,20,1,5,low,low,RISK,1
1,0,1,1,Bonus,144,Yes,Owns,4,9,4,18,1,RETAIL PHARMACY (UP TO A 30-DAY SUPPLY),GENERIC,CO-PAY IN $,10,15,20,10,20,1,5,low,low,RISK,1
1,0,1,0,Hourly,2250,No,Owns,4,7,9,18,1,RETAIL PHARMACY (UP TO A 30-DAY SUPPLY),GENERIC,CO-PAY IN $,20,10,10,15,20,1,5,low,low,RISK,1
1,0,0,0,Hourly,4826,No,Owns,4,5,23,18,1,RETAIL PHARMACY (UP TO A 30-DAY SUPPLY),GENERIC,CO-PAY IN $,10,20,10,15,20,1,5,low,low,RISK,1
1,1,0,0,Salaried,792,No,Owns,5,1,9,18,1,RETAIL PHARMACY (UP TO A 30-DAY SUPPLY),GENERIC,CO-PAY IN $,20,10,15,10,20,1,5,low,low,RISK,1
0,1,0,0,Hourly,3429,No,Rents,8,8,6,18,1,RETAIL PHARMACY (UP TO A 30-DAY SUPPLY),GENERIC,CO-PAY IN $,20,10,15,10,20,1,5,low,low,RISK,1
0,1,0,0,Hourly,1596,Yes,Owns,5,2,1,18,1,RETAIL PHARMACY (UP TO A 30-DAY SUPPLY),GENERIC,CO-PAY IN $,15,10,10,20,20,1,5,low,low,RISK,1
1,1,1,0,Salaried,83,Yes,Owns,2,10,2,18,1,RETAIL PHARMACY (UP TO A 30-DAY SUPPLY),GENERIC,CO-PAY IN $,20,10,10,15,20,1,5,low,low,RISK,1
1,1,0,1,Salaried,3601,No,Owns,1,4,3,18,1,RETAIL PHARMACY (UP TO A 30-DAY SUPPLY),GENERIC,CO-PAY IN $,15,20,10,10,20,1,5,low,low,RISK,1
0,0,0,1,Bonus,861,No,Owns,8,2,25,18,1,RETAIL PHARMACY (UP TO A 30-DAY SUPPLY),GENERIC,CO-PAY IN $,10,20,15,10,20,1,5,low,low,RISK,1
0,1,1,1,Salaried,2240,Yes,Rents,8,10,10,18,1,RETAIL PHARMACY (UP TO A 30-DAY SUPPLY),GENERIC,CO-PAY IN $,10,20,10,15,20,1,5,low,low,RISK,1
0,0,0,0,Hourly,2384,No,Rents,1,7,6,18,1,RETAIL PHARMACY (UP TO A 30-DAY SUPPLY),GENERIC,CO-PAY IN $,10,10,20,15,20,1,5,low,low,RISK,1
0,0,0,0,Bonus,2363,Yes,Rents,6,5,5,18,1,RETAIL PHARMACY (UP TO A 30-DAY SUPPLY),GENERIC,CO-PAY IN $,20,15,10,10,20,1,5,low,low,RISK,1
0,0,1,0,Salaried,4539,No,Owns,3,10,8,18,1,RETAIL PHARMACY (UP TO A 30-DAY SUPPLY),GENERIC,CO-PAY IN $,10,15,10,20,20,1,5,low,low,RISK,1
0,0,0,0,Bonus,489,No,Rents,3,0,4,18,1,RETAIL PHARMACY (UP TO A 30-DAY SUPPLY),GENERIC,CO-PAY IN $,20,10,10,15,20,1,5,low,low,RISK,1
0,1,0,1,Bonus,4623,Yes,Owns,2,9,1,18,1,RETAIL PHARMACY (UP TO A 30-DAY SUPPLY),GENERIC,CO-PAY IN $,20,10,15,10,20,1,5,low,low,RISK,1
0,0,0,0,Salaried,153,Yes,Owns,0,4,5,18,1,RETAIL PHARMACY (UP TO A 30-DAY SUPPLY),GENERIC,CO-PAY IN $,20,15,10,10,20,1,5,low,low,RISK,1
0,1,1,0,Salaried,3954,No,Owns,1,1,2,18,1,RETAIL PHARMACY (UP TO A 30-DAY SUPPLY),GENERIC,CO-PAY IN $,10,15,20,10,20,1,5,low,low,RISK,1
0,0,0,0,Salaried,4742,No,Rents,0,6,5,18,1,RETAIL PHARMACY (UP TO A 30-DAY SUPPLY),GENERIC,CO-PAY IN $,20,10,10,15,20,1,5,low,low,RISK,1
0,0,0,0,Hourly,3289,No,Rents,8,1,13,18,1,RETAIL PHARMACY (UP TO A 30-DAY SUPPLY),GENERIC,CO-PAY IN $,10,15,20,10,20,1,5,low,low,RISK,1
0,0,0,0,Bonus,3409,Yes,Rents,6,3,4,18,1,RETAIL PHARMACY (UP TO A 30-DAY SUPPLY),GENERIC,CO-PAY IN $,10,15,20,10,20,1,5,low,low,RISK,1
0,0,1,0,Bonus,3179,No,Rents,2,2,0,18,1,RETAIL PHARMACY (UP TO A 30-DAY SUPPLY),GENERIC,CO-PAY IN $,10,20,15,10,20,1,5,low,low,RISK,1
0,0,0,0,Bonus,4271,No,Rents,3,5,12,18,1,RETAIL PHARMACY (UP TO A 30-DAY SUPPLY),GENERIC,CO-PAY IN $,10,15,10,20,20,1,5,low,low,RISK,1
0,0,0,0,Hourly,4605,Yes,Rents,4,6,13,18,1,RETAIL PHARMACY (UP TO A 30-DAY SUPPLY),GENERIC,CO-PAY IN $,20,15,10,10,20,1,5,low,low,RISK,1
0,1,1,1,Salaried,3042,Yes,Rents,1,4,5,18,1,RETAIL PHARMACY (UP TO A 30-DAY SUPPLY),GENERIC,CO-PAY IN $,15,10,20,10,20,1,5,low,low,RISK,1
0,1,1,0,Hourly,170,No,Rents,9,4,8,18,1,RETAIL PHARMACY (UP TO A 30-DAY SUPPLY),GENERIC,CO-PAY IN $,10,10,15,20,20,1,5,low,low,RISK,1
0,0,0,1,Salaried,2062,No,Rents,2,9,4,18,1,RETAIL PHARMACY (UP TO A 30-DAY SUPPLY),GENERIC,CO-PAY IN $,10,10,20,15,20,1,5,low,low,RISK,1
1,0,1,1,Bonus,1962,No,Rents,0,7,9,18,1,RETAIL PHARMACY (UP TO A 30-DAY SUPPLY),GENERIC,CO-PAY IN $,10,20,10,15,20,1,5,low,low,RISK,1
0,0,0,0,Bonus,1006,No,Owns,5,5,23,18,1,RETAIL PHARMACY (UP TO A 30-DAY SUPPLY),GENERIC,CO-PAY IN $,20,15,10,10,20,1,5,low,low,RISK,1
0,1,0,1,Salaried,4555,No,Rents,2,1,9,18,1,RETAIL PHARMACY (UP TO A 30-DAY SUPPLY),GENERIC,CO-PAY IN $,10,15,20,10,20,1,5,low,low,RISK,1
1,0,1,0,Bonus,458,No,Rents,4,8,6,18,1,RETAIL PHARMACY (UP TO A 30-DAY SUPPLY),GENERIC,CO-PAY IN $,20,15,10,10,20,1,5,low,low,RISK,1
1,0,1,0,Hourly,1593,No,Owns,0,2,1,18,1,RETAIL PHARMACY (UP TO A 30-DAY SUPPLY),GENERIC,CO-PAY IN $,10,15,10,20,20,1,5,low,low,RISK,1
0,1,0,0,Hourly,4519,Yes,Owns,4,10,2,18,1,RETAIL PHARMACY (UP TO A 30-DAY SUPPLY),GENERIC,CO-PAY IN $,10,20,10,15,20,1,5,low,low,RISK,1
0,1,0,0,Bonus,2639,No,Rents,0,4,3,18,1,RETAIL PHARMACY (UP TO A 30-DAY SUPPLY),GENERIC,CO-PAY IN $,15,10,20,10,20,1,5,low,low,RISK,1
0,0,1,0,Hourly,2563,Yes,Rents,8,2,25,18,1,RETAIL PHARMACY (UP TO A 30-DAY SUPPLY),GENERIC,CO-PAY IN $,10,20,10,15,20,1,5,low,low,RISK,1
0,0,1,1,Bonus,2810,Yes,Owns,8,10,10,18,1,RETAIL PHARMACY (UP TO A 30-DAY SUPPLY),GENERIC,CO-PAY IN $,20,10,15,10,20,1,5,low,low,RISK,1
0,0,0,1,Hourly,2954,Yes,Owns,10,7,6,18,1,RETAIL PHARMACY (UP TO A 30-DAY SUPPLY),GENERIC,CO-PAY IN $,15,20,10,10,20,1,5,low,low,RISK,1
0,0,1,0,Hourly,2299,Yes,Owns,6,5,5,18,1,RETAIL PHARMACY (UP TO A 30-DAY SUPPLY),GENERIC,CO-PAY IN $,10,10,15,20,20,1,5,low,low,RISK,1
1,0,1,0,Bonus,1856,Yes,Rents,7,0,4,18,1,RETAIL PHARMACY (UP TO A 30-DAY SUPPLY),GENERIC,CO-PAY IN $,10,20,10,15,20,1,5,low,low,RISK,1
1,1,0,0,Salaried,3352,Yes,Rents,1,9,1,18,1,RETAIL PHARMACY (UP TO A 30-DAY SUPPLY),GENERIC,CO-PAY IN $,10,20,15,10,20,1,5,low,low,RISK,1
1,0,0,0,Hourly,3735,Yes,Owns,8,4,5,18,1,RETAIL PHARMACY (UP TO A 30-DAY SUPPLY),GENERIC,CO-PAY IN $,20,10,10,15,20,1,5,low,low,RISK,1
1,0,0,1,Salaried,1125,Yes,Rents,1,1,2,18,1,RETAIL PHARMACY (UP TO A 30-DAY SUPPLY),GENERIC,CO-PAY IN $,10,10,20,15,20,1,5,low,low,RISK,1
1,0,1,0,Bonus,4695,No,Owns,0,6,5,18,1,RETAIL PHARMACY (UP TO A 30-DAY SUPPLY),GENERIC,CO-PAY IN $,20,15,10,10,20,1,5,low,low,RISK,1
0,0,0,1,Salaried,1210,No,Rents,9,1,13,18,1,RETAIL PHARMACY (UP TO A 30-DAY SUPPLY),GENERIC,CO-PAY IN $,10,20,10,15,20,1,5,low,low,RISK,1
1,1,1,0,Bonus,3149,No,Owns,1,3,4,18,1,RETAIL PHARMACY (UP TO A 30-DAY SUPPLY),GENERIC,CO-PAY IN $,10,15,10,20,20,1,5,low,low,RISK,1
1,0,0,0,Bonus,3757,No,Rents,1,2,0,18,1,RETAIL PHARMACY (UP TO A 30-DAY SUPPLY),GENERIC,CO-PAY IN $,15,10,10,20,20,1,5,low,low,RISK,1
1,0,1,1,Salaried,4038,Yes,Rents,5,5,12,18,1,RETAIL PHARMACY (UP TO A 30-DAY SUPPLY),GENERIC,CO-PAY IN $,10,10,20,15,20,1,5,low,low,RISK,1
0,0,0,1,Bonus,381,No,Owns,2,6,13,18,1,RETAIL PHARMACY (UP TO A 30-DAY SUPPLY),GENERIC,CO-PAY IN $,20,10,10,15,20,1,5,low,low,RISK,1
0,0,0,0,Hourly,2879,Yes,Rents,9,4,5,18,1,RETAIL PHARMACY (UP TO A 30-DAY SUPPLY),GENERIC,CO-PAY IN $,15,10,20,10,20,1,5,low,low,RISK,1
0,1,0,0,Hourly,2246,No,Owns,9,4,8,18,1,RETAIL PHARMACY (UP TO A 30-DAY SUPPLY),GENERIC,CO-PAY IN $,20,10,15,10,20,1,5,low,low,RISK,1
0,1,0,0,Hourly,3337,No,Rents,1,9,4,18,1,RETAIL PHARMACY (UP TO A 30-DAY SUPPLY),GENERIC,CO-PAY IN $,10,20,15,10,20,1,5,low,low,RISK,1
1,0,0,0,Hourly,874,No,Owns,9,7,9,18,1,RETAIL PHARMACY (UP TO A 30-DAY SUPPLY),GENERIC,CO-PAY IN $,15,10,10,20,20,1,5,low,low,RISK,1
0,1,0,0,Hourly,4470,Yes,Owns,0,5,23,18,1,RETAIL PHARMACY (UP TO A 30-DAY SUPPLY),GENERIC,CO-PAY IN $,10,15,10,20,20,1,5,low,low,RISK,1
1,0,1,0,Hourly,3252,Yes,Owns,4,1,9,18,1,RETAIL PHARMACY (UP TO A 30-DAY SUPPLY),GENERIC,CO-PAY IN $,15,20,10,10,20,1,5,low,low,RISK,1
0,1,0,0,Hourly,176,Yes,Rents,3,8,6,18,1,RETAIL PHARMACY (UP TO A 30-DAY SUPPLY),GENERIC,CO-PAY IN $,15,20,10,10,20,1,5,low,low,RISK,1
0,0,1,0,Hourly,3681,Yes,Owns,1,2,1,18,1,RETAIL PHARMACY (UP TO A 30-DAY SUPPLY),GENERIC,CO-PAY IN $,10,10,15,20,20,1,5,low,low,RISK,1
0,1,1,1,Hourly,1019,Yes,Owns,8,10,2,18,1,RETAIL PHARMACY (UP TO A 30-DAY SUPPLY),GENERIC,CO-PAY IN $,10,20,15,10,20,1,5,low,low,RISK,1
0,1,1,0,Bonus,4493,Yes,Owns,10,4,3,18,1,RETAIL PHARMACY (UP TO A 30-DAY SUPPLY),GENERIC,CO-PAY IN $,20,10,15,10,20,1,5,low,low,RISK,1
0,1,1,0,Salaried,1012,Yes,Owns,8,2,25,18,1,RETAIL PHARMACY (UP TO A 30-DAY SUPPLY),GENERIC,CO-PAY IN $,15,10,10,20,20,1,5,low,low,RISK,1
0,0,0,0,Bonus,1248,Yes,Rents,1,10,10,18,1,RETAIL PHARMACY (UP TO A 30-DAY SUPPLY),GENERIC,CO-PAY IN $,10,15,10,20,20,1,5,low,low,RISK,1
0,0,0,0,Salaried,1214,No,Owns,1,7,6,18,1,RETAIL PHARMACY (UP TO A 30-DAY SUPPLY),GENERIC,CO-PAY IN $,10,15,10,20,20,1,5,low,low,RISK,1
1,0,0,0,Salaried,2852,Yes,Rents,1,5,5,18,1,RETAIL PHARMACY (UP TO A 30-DAY SUPPLY),GENERIC,CO-PAY IN $,10,20,15,10,20,1,5,low,low,RISK,1
0,0,0,0,Bonus,1440,Yes,Owns,4,10,8,18,1,RETAIL PHARMACY (UP TO A 30-DAY SUPPLY),GENERIC,CO-PAY IN $,20,15,10,10,20,1,5,low,low,RISK,1
1,0,1,0,Bonus,2951,No,Owns,4,0,4,18,1,RETAIL PHARMACY (UP TO A 30-DAY SUPPLY),GENERIC,CO-PAY IN $,10,20,10,15,20,1,5,low,low,RISK,1
2,1,0,2,Salaried,4377,No,Rents,10,19,27,18,2,RETAIL PHARMACY (UP TO A 30-DAY SUPPLY),GENERIC,CO-PAY IN $,10,10,15,20,20,1,10,low,low,RISK,1
0,1,1,0,Salaried,1919,No,Owns,10,15,31,18,2,RETAIL PHARMACY (UP TO A 30-DAY SUPPLY),GENERIC,CO-PAY IN $,10,20,10,15,20,1,10,low,low,RISK,1
1,1,0,0,Salaried,4671,Yes,Rents,15,12,28,18,2,RETAIL PHARMACY (UP TO A 30-DAY SUPPLY),GENERIC,CO-PAY IN $,15,10,10,20,20,1,10,low,low,RISK,1
2,1,0,0,Bonus,1139,No,Owns,13,16,31,18,2,RETAIL PHARMACY (UP TO A 30-DAY SUPPLY),GENERIC,CO-PAY IN $,20,15,10,10,20,1,10,low,low,RISK,1
1,1,2,1,Bonus,3085,No,Rents,9,12,39,18,2,RETAIL PHARMACY (UP TO A 30-DAY SUPPLY),GENERIC,CO-PAY IN $,10,15,10,20,20,1,10,low,low,RISK,1
0,1,2,0,Salaried,912,Yes,Rents,16,14,30,18,2,RETAIL PHARMACY (UP TO A 30-DAY SUPPLY),GENERIC,CO-PAY IN $,10,20,10,15,20,1,10,low,low,RISK,1
1,0,2,1,Hourly,3561,Yes,Owns,12,13,26,18,2,RETAIL PHARMACY (UP TO A 30-DAY SUPPLY),GENERIC,CO-PAY IN $,10,15,10,20,20,1,10,low,low,RISK,1
1,2,0,0,Hourly,4350,No,Rents,7,16,37,18,2,RETAIL PHARMACY (UP TO A 30-DAY SUPPLY),GENERIC,CO-PAY IN $,20,15,10,10,20,1,10,low,low,RISK,1
2,2,1,2,Salaried,3664,No,Owns,7,16,39,18,2,RETAIL PHARMACY (UP TO A 30-DAY SUPPLY),GENERIC,CO-PAY IN $,20,10,15,10,20,1,10,low,low,RISK,1
0,0,0,1,Bonus,1972,Yes,Owns,17,14,30,18,2,RETAIL PHARMACY (UP TO A 30-DAY SUPPLY),GENERIC,CO-PAY IN $,10,20,10,15,20,1,10,low,low,RISK,1
1,0,2,2,Salaried,1235,Yes,Rents,14,14,34,18,2,RETAIL PHARMACY (UP TO A 30-DAY SUPPLY),GENERIC,CO-PAY IN $,20,10,10,15,20,1,10,low,low,RISK,1
0,2,0,1,Bonus,2294,Yes,Owns,10,19,30,18,2,RETAIL PHARMACY (UP TO A 30-DAY SUPPLY),GENERIC,CO-PAY IN $,10,15,10,20,20,1,10,low,low,RISK,1
0,1,2,0,Salaried,4592,Yes,Rents,16,17,35,18,2,RETAIL PHARMACY (UP TO A 30-DAY SUPPLY),GENERIC,CO-PAY IN $,10,15,20,10,20,1,10,low,low,RISK,1
0,0,1,1,Hourly,2183,Yes,Owns,6,15,48,18,2,RETAIL PHARMACY (UP TO A 30-DAY SUPPLY),GENERIC,CO-PAY IN $,20,10,10,15,20,1,10,low,low,RISK,1
1,1,2,1,Salaried,1622,Yes,Rents,8,12,35,18,2,RETAIL PHARMACY (UP TO A 30-DAY SUPPLY),GENERIC,CO-PAY IN $,10,15,10,20,20,1,10,low,low,RISK,1
1,2,1,2,Salaried,4259,Yes,Rents,6,18,32,18,2,RETAIL PHARMACY (UP TO A 30-DAY SUPPLY),GENERIC,CO-PAY IN $,10,10,15,20,20,1,10,low,low,RISK,1
2,1,1,2,Salaried,4138,No,Owns,17,13,27,18,2,RETAIL PHARMACY (UP TO A 30-DAY SUPPLY),GENERIC,CO-PAY IN $,10,15,20,10,20,1,10,low,low,RISK,1
2,0,1,2,Bonus,2742,No,Owns,17,20,28,18,2,RETAIL PHARMACY (UP TO A 30-DAY SUPPLY),GENERIC,CO-PAY IN $,15,10,20,10,20,1,10,low,low,RISK,1
1,1,0,2,Bonus,4027,Yes,Rents,8,14,29,18,2,RETAIL PHARMACY (UP TO A 30-DAY SUPPLY),GENERIC,CO-PAY IN $,20,15,10,10,20,1,10,low,low,RISK,1
1,1,0,0,Bonus,3643,No,Rents,16,13,50,18,2,RETAIL PHARMACY (UP TO A 30-DAY SUPPLY),GENERIC,CO-PAY IN $,10,20,15,10,20,1,10,low,low,RISK,1
1,0,2,0,Salaried,1855,No,Rents,17,20,35,18,2,RETAIL PHARMACY (UP TO A 30-DAY SUPPLY),GENERIC,CO-PAY IN $,10,15,10,20,20,1,10,low,low,RISK,1
1,2,0,1,Bonus,4199,No,Owns,14,17,32,18,2,RETAIL PHARMACY (UP TO A 30-DAY SUPPLY),GENERIC,CO-PAY IN $,15,10,20,10,20,1,10,low,low,RISK,1
0,2,1,0,Salaried,358,No,Rents,12,16,31,18,2,RETAIL PHARMACY (UP TO A 30-DAY SUPPLY),GENERIC,CO-PAY IN $,20,10,15,10,20,1,10,low,low,RISK,1
1,1,1,1,Salaried,2175,No,Owns,16,20,34,18,2,RETAIL PHARMACY (UP TO A 30-DAY SUPPLY),GENERIC,CO-PAY IN $,20,15,10,10,20,1,10,low,low,RISK,1
1,1,0,0,Bonus,2804,No,Owns,11,11,30,18,2,RETAIL PHARMACY (UP TO A 30-DAY SUPPLY),GENERIC,CO-PAY IN $,15,10,20,10,20,1,10,low,low,RISK,1
2,1,2,1,Bonus,2793,Yes,Owns,17,19,27,18,2,RETAIL PHARMACY (UP TO A 30-DAY SUPPLY),GENERIC,CO-PAY IN $,10,20,10,15,20,1,10,low,low,RISK,1
2,0,2,0,Salaried,1366,No,Owns,14,15,31,18,2,RETAIL PHARMACY (UP TO A 30-DAY SUPPLY),GENERIC,CO-PAY IN $,15,10,10,20,20,1,10,low,low,RISK,1
0,1,1,2,Salaried,3990,No,Rents,13,12,28,18,2,RETAIL PHARMACY (UP TO A 30-DAY SUPPLY),GENERIC,CO-PAY IN $,10,20,15,10,20,1,10,low,low,RISK,1
0,1,1,0,Salaried,1625,No,Owns,16,16,31,18,2,RETAIL PHARMACY (UP TO A 30-DAY SUPPLY),GENERIC,CO-PAY IN $,15,20,10,10,20,1,10,low,low,RISK,1
1,2,0,0,Hourly,1178,No,Owns,5,12,39,18,2,RETAIL PHARMACY (UP TO A 30-DAY SUPPLY),GENERIC,CO-PAY IN $,15,10,20,10,20,1,10,low,low,RISK,1
1,1,0,0,Hourly,2665,No,Rents,8,14,30,18,2,RETAIL PHARMACY (UP TO A 30-DAY SUPPLY),GENERIC,CO-PAY IN $,15,10,10,20,20,1,10,low,low,RISK,1
1,1,2,0,Hourly,4144,No,Owns,9,13,26,18,2,RETAIL PHARMACY (UP TO A 30-DAY SUPPLY),GENERIC,CO-PAY IN $,15,10,10,20,20,1,10,low,low,RISK,1
1,1,2,0,Hourly,2547,Yes,Owns,14,16,37,18,2,RETAIL PHARMACY (UP TO A 30-DAY SUPPLY),GENERIC,CO-PAY IN $,10,20,10,15,20,1,10,low,low,RISK,1
1,1,1,0,Hourly,152,Yes,Owns,15,16,39,18,2,RETAIL PHARMACY (UP TO A 30-DAY SUPPLY),GENERIC,CO-PAY IN $,15,10,20,10,20,1,10,low,low,RISK,1
0,0,0,0,Bonus,2909,Yes,Rents,9,14,30,18,2,RETAIL PHARMACY (UP TO A 30-DAY SUPPLY),GENERIC,CO-PAY IN $,20,10,10,15,20,1,10,low,low,RISK,1
2,2,1,1,Bonus,2404,Yes,Owns,11,14,34,18,2,RETAIL PHARMACY (UP TO A 30-DAY SUPPLY),GENERIC,CO-PAY IN $,10,15,20,10,20,1,10,low,low,RISK,1
2,0,1,2,Bonus,144,Yes,Owns,10,19,30,18,2,RETAIL PHARMACY (UP TO A 30-DAY SUPPLY),GENERIC,CO-PAY IN $,15,10,10,20,20,1,10,low,low,RISK,1
2,0,1,0,Hourly,2250,No,Owns,11,17,35,18,2,RETAIL PHARMACY (UP TO A 30-DAY SUPPLY),GENERIC,CO-PAY IN $,15,20,10,10,20,1,10,low,low,RISK,1
2,0,0,0,Hourly,4826,No,Owns,10,15,48,18,2,RETAIL PHARMACY (UP TO A 30-DAY SUPPLY),GENERIC,CO-PAY IN $,20,10,15,10,20,1,10,low,low,RISK,1
1,1,0,0,Salaried,792,No,Owns,12,12,35,18,2,RETAIL PHARMACY (UP TO A 30-DAY SUPPLY),GENERIC,CO-PAY IN $,15,20,10,10,20,1,10,low,low,RISK,1
0,2,0,1,Hourly,3429,No,Rents,15,18,32,18,2,RETAIL PHARMACY (UP TO A 30-DAY SUPPLY),GENERIC,CO-PAY IN $,15,20,10,10,20,1,10,low,low,RISK,1
0,2,0,1,Hourly,1596,Yes,Owns,11,13,27,18,2,RETAIL PHARMACY (UP TO A 30-DAY SUPPLY),GENERIC,CO-PAY IN $,10,15,10,20,20,1,10,low,low,RISK,1
1,1,2,0,Salaried,83,Yes,Owns,7,20,28,18,2,RETAIL PHARMACY (UP TO A 30-DAY SUPPLY),GENERIC,CO-PAY IN $,15,10,20,10,20,1,10,low,low,RISK,1
1,2,0,2,Salaried,3601,No,Owns,6,14,29,18,2,RETAIL PHARMACY (UP TO A 30-DAY SUPPLY),GENERIC,CO-PAY IN $,15,10,10,20,20,1,10,low,low,RISK,1
1,1,0,1,Bonus,861,No,Owns,15,13,50,18,2,RETAIL PHARMACY (UP TO A 30-DAY SUPPLY),GENERIC,CO-PAY IN $,15,20,10,10,20,1,10,low,low,RISK,1
0,2,2,2,Salaried,2240,Yes,Rents,15,20,35,18,2,RETAIL PHARMACY (UP TO A 30-DAY SUPPLY),GENERIC,CO-PAY IN $,15,20,10,10,20,1,10,low,low,RISK,1
1,0,0,0,Hourly,2384,No,Rents,6,17,32,18,2,RETAIL PHARMACY (UP TO A 30-DAY SUPPLY),GENERIC,CO-PAY IN $,15,20,10,10,20,1,10,low,low,RISK,1
0,0,0,0,Bonus,2363,Yes,Rents,12,16,31,18,2,RETAIL PHARMACY (UP TO A 30-DAY SUPPLY),GENERIC,CO-PAY IN $,10,10,15,20,20,1,10,low,low,RISK,1
1,1,2,0,Salaried,4539,No,Owns,10,20,34,18,2,RETAIL PHARMACY (UP TO A 30-DAY SUPPLY),GENERIC,CO-PAY IN $,10,15,10,20,20,1,10,low,low,RISK,1
1,1,0,0,Bonus,489,No,Rents,9,11,30,18,2,RETAIL PHARMACY (UP TO A 30-DAY SUPPLY),GENERIC,CO-PAY IN $,15,10,10,20,20,1,10,low,low,RISK,1
1,2,0,2,Bonus,4623,Yes,Owns,7,19,27,18,2,RETAIL PHARMACY (UP TO A 30-DAY SUPPLY),GENERIC,CO-PAY IN $,10,15,20,10,20,1,10,low,low,RISK,1
1,0,0,0,Salaried,153,Yes,Owns,5,15,31,18,2,RETAIL PHARMACY (UP TO A 30-DAY SUPPLY),GENERIC,CO-PAY IN $,20,10,10,15,20,1,10,low,low,RISK,1
0,2,2,1,Salaried,3954,No,Owns,6,12,28,18,2,RETAIL PHARMACY (UP TO A 30-DAY SUPPLY),GENERIC,CO-PAY IN $,15,20,10,10,20,1,10,low,low,RISK,1
0,1,0,0,Salaried,4742,No,Rents,5,16,31,18,2,RETAIL PHARMACY (UP TO A 30-DAY SUPPLY),GENERIC,CO-PAY IN $,15,10,20,10,20,1,10,low,low,RISK,1
0,0,0,1,Hourly,3289,No,Rents,15,12,39,18,2,RETAIL PHARMACY (UP TO A 30-DAY SUPPLY),GENERIC,CO-PAY IN $,20,15,10,10,20,1,10,low,low,RISK,1
0,0,1,1,Bonus,3409,Yes,Rents,13,14,30,18,2,RETAIL PHARMACY (UP TO A 30-DAY SUPPLY),GENERIC,CO-PAY IN $,10,20,15,10,20,1,10,low,low,RISK,1
0,0,2,1,Bonus,3179,No,Rents,8,13,26,18,2,RETAIL PHARMACY (UP TO A 30-DAY SUPPLY),GENERIC,CO-PAY IN $,20,15,10,10,20,1,10,low,low,RISK,1
0,0,0,1,Bonus,4271,No,Rents,9,16,37,18,2,RETAIL PHARMACY (UP TO A 30-DAY SUPPLY),GENERIC,CO-PAY IN $,15,20,10,10,20,1,10,low,low,RISK,1
0,0,0,0,Hourly,4605,Yes,Rents,10,16,39,18,2,RETAIL PHARMACY (UP TO A 30-DAY SUPPLY),GENERIC,CO-PAY IN $,10,15,10,20,20,1,10,low,low,RISK,1
0,2,2,2,Salaried,3042,Yes,Rents,6,14,30,18,2,RETAIL PHARMACY (UP TO A 30-DAY SUPPLY),GENERIC,CO-PAY IN $,10,10,20,15,20,1,10,low,low,RISK,1
0,2,2,0,Hourly,170,No,Rents,16,14,34,18,2,RETAIL PHARMACY (UP TO A 30-DAY SUPPLY),GENERIC,CO-PAY IN $,10,20,15,10,20,1,10,low,low,RISK,1
0,1,0,2,Salaried,2062,No,Rents,7,19,30,18,2,RETAIL PHARMACY (UP TO A 30-DAY SUPPLY),GENERIC,CO-PAY IN $,10,20,15,10,20,1,10,low,low,RISK,1
1,1,2,2,Bonus,1962,No,Rents,5,17,35,18,2,RETAIL PHARMACY (UP TO A 30-DAY SUPPLY),GENERIC,CO-PAY IN $,10,10,20,15,20,1,10,low,low,RISK,1
0,0,0,0,Bonus,1006,No,Owns,11,15,48,18,2,RETAIL PHARMACY (UP TO A 30-DAY SUPPLY),GENERIC,CO-PAY IN $,20,10,15,10,20,1,10,low,low,RISK,1
0,2,1,2,Salaried,4555,No,Rents,8,12,35,18,2,RETAIL PHARMACY (UP TO A 30-DAY SUPPLY),GENERIC,CO-PAY IN $,10,15,20,10,20,1,10,low,low,RISK,1
2,1,1,0,Bonus,458,No,Rents,10,18,32,18,2,RETAIL PHARMACY (UP TO A 30-DAY SUPPLY),GENERIC,CO-PAY IN $,15,10,20,10,20,1,10,low,low,RISK,1
2,0,2,1,Hourly,1593,No,Owns,5,13,27,18,2,RETAIL PHARMACY (UP TO A 30-DAY SUPPLY),GENERIC,CO-PAY IN $,10,20,10,15,20,1,10,low,low,RISK,1
0,2,0,1,Hourly,4519,Yes,Owns,11,20,28,18,2,RETAIL PHARMACY (UP TO A 30-DAY SUPPLY),GENERIC,CO-PAY IN $,10,10,15,20,20,1,10,low,low,RISK,1
0,1,0,0,Bonus,2639,No,Rents,5,14,29,18,2,RETAIL PHARMACY (UP TO A 30-DAY SUPPLY),GENERIC,CO-PAY IN $,10,10,20,15,20,1,10,low,low,RISK,1
0,0,2,1,Hourly,2563,Yes,Rents,15,13,50,18,2,RETAIL PHARMACY (UP TO A 30-DAY SUPPLY),GENERIC,CO-PAY IN $,15,10,20,10,20,1,10,low,low,RISK,1
0,1,2,1,Bonus,2810,Yes,Owns,15,20,35,18,2,RETAIL PHARMACY (UP TO A 30-DAY SUPPLY),GENERIC,CO-PAY IN $,15,20,10,10,20,1,10,low,low,RISK,1
1,1,0,1,Hourly,2954,Yes,Owns,18,17,32,18,2,RETAIL PHARMACY (UP TO A 30-DAY SUPPLY),GENERIC,CO-PAY IN $,10,10,20,15,20,1,10,low,low,RISK,1
1,0,2,0,Hourly,2299,Yes,Owns,13,16,31,18,2,RETAIL PHARMACY (UP TO A 30-DAY SUPPLY),GENERIC,CO-PAY IN $,10,20,10,15,20,1,10,low,low,RISK,1
0,0,1,2,Hourly,1155,No,Rents,6,20,34,18,2,RETAIL PHARMACY (UP TO A 30-DAY SUPPLY),GENERIC,CO-PAY IN $,20,10,15,10,20,1,10,low,low,RISK,1
1,0,2,0,Bonus,1856,Yes,Rents,14,11,30,18,2,RETAIL PHARMACY (UP TO A 30-DAY SUPPLY),GENERIC,CO-PAY IN $,10,20,15,10,20,1,10,low,low,RISK,1
2,1,1,0,Salaried,3352,Yes,Rents,6,19,27,18,2,RETAIL PHARMACY (UP TO A 30-DAY SUPPLY),GENERIC,CO-PAY IN $,10,10,20,15,20,1,10,low,low,RISK,1
2,0,0,1,Hourly,3735,Yes,Owns,15,15,31,18,2,RETAIL PHARMACY (UP TO A 30-DAY SUPPLY),GENERIC,CO-PAY IN $,20,10,10,15,20,1,10,low,low,RISK,1
2,1,0,2,Salaried,1125,Yes,Rents,6,12,28,18,2,RETAIL PHARMACY (UP TO A 30-DAY SUPPLY),GENERIC,CO-PAY IN $,20,10,15,10,20,1,10,low,low,RISK,1
2,0,1,0,Bonus,4695,No,Owns,5,16,31,18,2,RETAIL PHARMACY (UP TO A 30-DAY SUPPLY),GENERIC,CO-PAY IN $,10,20,15,10,20,1,10,low,low,RISK,1
1,1,1,1,Salaried,1210,No,Rents,17,12,39,18,2,RETAIL PHARMACY (UP TO A 30-DAY SUPPLY),GENERIC,CO-PAY IN $,15,20,10,10,20,1,10,low,low,RISK,1
1,2,1,0,Bonus,3149,No,Owns,6,14,30,18,2,RETAIL PHARMACY (UP TO A 30-DAY SUPPLY),GENERIC,CO-PAY IN $,10,20,15,10,20,1,10,low,low,RISK,1
1,1,1,1,Bonus,3757,No,Rents,6,13,26,18,2,RETAIL PHARMACY (UP TO A 30-DAY SUPPLY),GENERIC,CO-PAY IN $,20,15,10,10,20,1,10,low,low,RISK,1
1,0,2,1,Salaried,4038,Yes,Rents,12,16,37,18,2,RETAIL PHARMACY (UP TO A 30-DAY SUPPLY),GENERIC,CO-PAY IN $,20,10,15,10,20,1,10,low,low,RISK,1
0,0,0,2,Bonus,381,No,Owns,8,16,39,18,2,RETAIL PHARMACY (UP TO A 30-DAY SUPPLY),GENERIC,CO-PAY IN $,10,10,15,20,20,1,10,low,low,RISK,1
0,0,1,1,Hourly,2879,Yes,Rents,16,14,30,18,2,RETAIL PHARMACY (UP TO A 30-DAY SUPPLY),GENERIC,CO-PAY IN $,20,15,10,10,20,1,10,low,low,RISK,1
1,2,0,0,Hourly,2246,No,Owns,17,14,34,18,2,RETAIL PHARMACY (UP TO A 30-DAY SUPPLY),GENERIC,CO-PAY IN $,10,10,15,20,20,1,10,low,low,RISK,1
0,2,1,0,Hourly,3337,No,Rents,7,19,30,18,2,RETAIL PHARMACY (UP TO A 30-DAY SUPPLY),GENERIC,CO-PAY IN $,15,10,20,10,20,1,10,low,low,RISK,1
1,1,1,1,Hourly,874,No,Owns,17,17,35,18,2,RETAIL PHARMACY (UP TO A 30-DAY SUPPLY),GENERIC,CO-PAY IN $,10,15,20,10,20,1,10,low,low,RISK,1
0,1,0,0,Hourly,4470,Yes,Owns,6,15,48,18,2,RETAIL PHARMACY (UP TO A 30-DAY SUPPLY),GENERIC,CO-PAY IN $,20,10,15,10,20,1,10,low,low,RISK,1
2,0,1,1,Hourly,3252,Yes,Owns,10,12,35,18,2,RETAIL PHARMACY (UP TO A 30-DAY SUPPLY),GENERIC,CO-PAY IN $,10,10,20,15,20,1,10,low,low,RISK,1
0,2,0,1,Hourly,176,Yes,Rents,9,18,32,18,2,RETAIL PHARMACY (UP TO A 30-DAY SUPPLY),GENERIC,CO-PAY IN $,20,10,15,10,20,1,10,low,low,RISK,1
1,0,2,0,Hourly,3681,Yes,Owns,6,13,27,18,2,RETAIL PHARMACY (UP TO A 30-DAY SUPPLY),GENERIC,CO-PAY IN $,15,10,10,20,20,1,10,low,low,RISK,1
1,2,1,2,Hourly,1019,Yes,Owns,15,20,28,18,2,RETAIL PHARMACY (UP TO A 30-DAY SUPPLY),GENERIC,CO-PAY IN $,20,15,10,10,20,1,10,low,low,RISK,1
1,2,1,1,Bonus,4493,Yes,Owns,18,14,29,18,2,RETAIL PHARMACY (UP TO A 30-DAY SUPPLY),GENERIC,CO-PAY IN $,20,10,15,10,20,1,10,low,low,RISK,1
1,2,2,0,Salaried,1012,Yes,Owns,15,13,50,18,2,RETAIL PHARMACY (UP TO A 30-DAY SUPPLY),GENERIC,CO-PAY IN $,20,15,10,10,20,1,10,low,low,RISK,1
0,0,1,1,Bonus,1248,Yes,Rents,7,20,35,18,2,RETAIL PHARMACY (UP TO A 30-DAY SUPPLY),GENERIC,CO-PAY IN $,10,10,15,20,20,1,10,low,low,RISK,1
0,0,1,0,Salaried,1214,No,Owns,6,17,32,18,2,RETAIL PHARMACY (UP TO A 30-DAY SUPPLY),GENERIC,CO-PAY IN $,10,10,15,20,20,1,10,low,low,RISK,1
1,0,1,0,Salaried,2852,Yes,Rents,6,16,31,18,2,RETAIL PHARMACY (UP TO A 30-DAY SUPPLY),GENERIC,CO-PAY IN $,20,15,10,10,20,1,10,low,low,RISK,1
1,0,0,0,Bonus,1440,Yes,Owns,10,20,34,18,2,RETAIL PHARMACY (UP TO A 30-DAY SUPPLY),GENERIC,CO-PAY IN $,15,10,10,20,20,1,10,low,low,RISK,1
1,0,1,0,Bonus,2951,No,Owns,11,11,30,18,2,RETAIL PHARMACY (UP TO A 30-DAY SUPPLY),GENERIC,CO-PAY IN $,10,20,15,10,20,1,10,low,low,RISK,1
3,2,1,3,Salaried,4377,No,Rents,24,48,52,18,3,RETAIL PHARMACY (UP TO A 30-DAY SUPPLY),GENERIC,CO-PAY IN $,10,15,20,10,15,2,20,low,low,RISK,1
1,1,2,1,Salaried,1919,No,Owns,25,33,56,18,3,RETAIL PHARMACY (UP TO A 30-DAY SUPPLY),GENERIC,CO-PAY IN $,15,10,10,20,15,2,20,low,low,RISK,1
2,2,1,1,Salaried,4671,Yes,Rents,33,23,53,18,3,RETAIL PHARMACY (UP TO A 30-DAY SUPPLY),GENERIC,CO-PAY IN $,10,15,10,20,15,2,20,low,low,RISK,1
3,2,1,1,Bonus,1139,No,Owns,29,38,56,18,3,RETAIL PHARMACY (UP TO A 30-DAY SUPPLY),GENERIC,CO-PAY IN $,20,15,10,10,15,2,20,low,low,RISK,1
1,2,3,2,Bonus,3085,No,Rents,23,24,64,18,3,RETAIL PHARMACY (UP TO A 30-DAY SUPPLY),GENERIC,CO-PAY IN $,10,15,20,10,15,2,20,low,low,RISK,1
1,2,3,1,Salaried,912,Yes,Rents,37,29,55,18,3,RETAIL PHARMACY (UP TO A 30-DAY SUPPLY),GENERIC,CO-PAY IN $,10,15,20,10,15,2,20,low,low,RISK,1
2,1,3,2,Hourly,3561,Yes,Owns,28,26,51,18,3,RETAIL PHARMACY (UP TO A 30-DAY SUPPLY),GENERIC,CO-PAY IN $,15,10,20,10,15,2,20,low,low,RISK,1
2,3,1,1,Hourly,4350,No,Rents,19,36,62,18,3,RETAIL PHARMACY (UP TO A 30-DAY SUPPLY),GENERIC,CO-PAY IN $,20,15,10,10,15,2,20,low,low,RISK,1
3,3,2,3,Salaried,3664,No,Owns,18,38,64,18,3,RETAIL PHARMACY (UP TO A 30-DAY SUPPLY),GENERIC,CO-PAY IN $,10,10,15,20,15,2,20,low,low,RISK,1
1,1,1,1,Bonus,1972,Yes,Owns,38,31,55,18,3,RETAIL PHARMACY (UP TO A 30-DAY SUPPLY),GENERIC,CO-PAY IN $,10,10,15,20,15,2,20,low,low,RISK,1
1,1,3,3,Salaried,1235,Yes,Rents,32,31,59,18,3,RETAIL PHARMACY (UP TO A 30-DAY SUPPLY),GENERIC,CO-PAY IN $,10,20,15,10,15,2,20,low,low,RISK,1
1,3,1,2,Bonus,2294,Yes,Owns,25,47,55,18,3,RETAIL PHARMACY (UP TO A 30-DAY SUPPLY),GENERIC,CO-PAY IN $,15,10,10,20,15,2,20,low,low,RISK,1
1,2,3,1,Salaried,4592,Yes,Rents,37,41,60,18,3,RETAIL PHARMACY (UP TO A 30-DAY SUPPLY),GENERIC,CO-PAY IN $,20,10,15,10,15,2,20,low,low,RISK,1
1,1,1,2,Hourly,2183,Yes,Owns,16,35,73,18,3,RETAIL PHARMACY (UP TO A 30-DAY SUPPLY),GENERIC,CO-PAY IN $,10,15,10,20,15,2,20,low,low,RISK,1
2,2,3,2,Salaried,1622,Yes,Rents,21,24,60,18,3,RETAIL PHARMACY (UP TO A 30-DAY SUPPLY),GENERIC,CO-PAY IN $,15,10,20,10,15,2,20,low,low,RISK,1
2,3,1,3,Salaried,4259,Yes,Rents,17,43,57,18,3,RETAIL PHARMACY (UP TO A 30-DAY SUPPLY),GENERIC,CO-PAY IN $,15,10,20,10,15,2,20,low,low,RISK,1
3,2,2,3,Salaried,4138,No,Owns,37,25,52,18,3,RETAIL PHARMACY (UP TO A 30-DAY SUPPLY),GENERIC,CO-PAY IN $,20,10,10,15,15,2,20,low,low,RISK,1
3,1,2,3,Bonus,2742,No,Owns,39,50,53,18,3,RETAIL PHARMACY (UP TO A 30-DAY SUPPLY),GENERIC,CO-PAY IN $,20,10,10,15,15,2,20,low,low,RISK,1
1,1,1,3,Bonus,4027,Yes,Rents,21,31,54,18,3,RETAIL PHARMACY (UP TO A 30-DAY SUPPLY),GENERIC,CO-PAY IN $,15,10,20,10,15,2,20,low,low,RISK,1
2,2,1,1,Bonus,3643,No,Rents,35,26,75,18,3,RETAIL PHARMACY (UP TO A 30-DAY SUPPLY),GENERIC,CO-PAY IN $,15,10,20,10,15,2,20,low,low,RISK,1
2,1,3,1,Salaried,1855,No,Rents,39,49,60,18,3,RETAIL PHARMACY (UP TO A 30-DAY SUPPLY),GENERIC,CO-PAY IN $,20,10,15,10,15,2,20,low,low,RISK,1
1,3,1,1,Bonus,4199,No,Owns,33,40,57,18,3,RETAIL PHARMACY (UP TO A 30-DAY SUPPLY),GENERIC,CO-PAY IN $,20,15,10,10,15,2,20,low,low,RISK,1
1,3,2,1,Salaried,358,No,Rents,28,36,56,18,3,RETAIL PHARMACY (UP TO A 30-DAY SUPPLY),GENERIC,CO-PAY IN $,20,15,10,10,15,2,20,low,low,RISK,1
2,2,2,1,Salaried,2175,No,Owns,35,49,59,18,3,RETAIL PHARMACY (UP TO A 30-DAY SUPPLY),GENERIC,CO-PAY IN $,10,20,10,15,15,2,20,low,low,RISK,1
2,2,1,1,Bonus,2804,No,Owns,26,20,55,18,3,RETAIL PHARMACY (UP TO A 30-DAY SUPPLY),GENERIC,CO-PAY IN $,10,15,10,20,15,2,20,low,low,RISK,1
3,3,3,2,Bonus,2793,Yes,Owns,39,48,52,18,3,RETAIL PHARMACY (UP TO A 30-DAY SUPPLY),GENERIC,CO-PAY IN $,10,10,15,20,15,2,20,low,low,RISK,1
3,1,3,1,Salaried,1366,No,Owns,32,33,56,18,3,RETAIL PHARMACY (UP TO A 30-DAY SUPPLY),GENERIC,CO-PAY IN $,15,10,20,10,15,2,20,low,low,RISK,1
1,2,2,3,Salaried,3990,No,Rents,30,23,53,18,3,RETAIL PHARMACY (UP TO A 30-DAY SUPPLY),GENERIC,CO-PAY IN $,15,10,20,10,15,2,20,low,low,RISK,1
1,2,2,1,Salaried,1625,No,Owns,36,38,56,18,3,RETAIL PHARMACY (UP TO A 30-DAY SUPPLY),GENERIC,CO-PAY IN $,15,10,20,10,15,2,20,low,low,RISK,1
2,3,1,1,Hourly,1178,No,Owns,15,24,64,18,3,RETAIL PHARMACY (UP TO A 30-DAY SUPPLY),GENERIC,CO-PAY IN $,10,15,20,10,15,2,20,low,low,RISK,1
2,1,1,1,Hourly,2665,No,Rents,20,29,55,18,3,RETAIL PHARMACY (UP TO A 30-DAY SUPPLY),GENERIC,CO-PAY IN $,20,10,10,15,15,2,20,low,low,RISK,1
2,3,3,1,Hourly,4144,No,Owns,23,26,51,18,3,RETAIL PHARMACY (UP TO A 30-DAY SUPPLY),GENERIC,CO-PAY IN $,10,15,10,20,15,2,20,low,low,RISK,1
2,2,3,1,Hourly,2547,Yes,Owns,32,36,62,18,3,RETAIL PHARMACY (UP TO A 30-DAY SUPPLY),GENERIC,CO-PAY IN $,10,20,15,10,15,2,20,low,low,RISK,1
2,1,2,1,Hourly,152,Yes,Owns,34,38,64,18,3,RETAIL PHARMACY (UP TO A 30-DAY SUPPLY),GENERIC,CO-PAY IN $,15,20,10,10,15,2,20,low,low,RISK,1
1,1,1,1,Bonus,2909,Yes,Rents,23,31,55,18,3,RETAIL PHARMACY (UP TO A 30-DAY SUPPLY),GENERIC,CO-PAY IN $,10,10,20,15,15,2,20,low,low,RISK,1
3,3,2,2,Bonus,2404,Yes,Owns,27,31,59,18,3,RETAIL PHARMACY (UP TO A 30-DAY SUPPLY),GENERIC,CO-PAY IN $,10,10,15,20,15,2,20,low,low,RISK,1
3,1,2,3,Bonus,144,Yes,Owns,24,47,55,18,3,RETAIL PHARMACY (UP TO A 30-DAY SUPPLY),GENERIC,CO-PAY IN $,20,15,10,10,15,2,20,low,low,RISK,1
3,1,2,1,Hourly,2250,No,Owns,26,41,60,18,3,RETAIL PHARMACY (UP TO A 30-DAY SUPPLY),GENERIC,CO-PAY IN $,10,10,20,15,15,2,20,low,low,RISK,1
3,1,1,1,Hourly,4826,No,Owns,25,35,73,18,3,RETAIL PHARMACY (UP TO A 30-DAY SUPPLY),GENERIC,CO-PAY IN $,20,10,10,15,15,2,20,low,low,RISK,1
2,2,1,1,Salaried,792,No,Owns,28,24,60,18,3,RETAIL PHARMACY (UP TO A 30-DAY SUPPLY),GENERIC,CO-PAY IN $,15,10,10,20,15,2,20,low,low,RISK,1
1,3,1,2,Hourly,3429,No,Rents,34,43,57,18,3,RETAIL PHARMACY (UP TO A 30-DAY SUPPLY),GENERIC,CO-PAY IN $,10,20,10,15,15,2,20,low,low,RISK,1
1,3,1,2,Hourly,1596,Yes,Owns,27,25,52,18,3,RETAIL PHARMACY (UP TO A 30-DAY SUPPLY),GENERIC,CO-PAY IN $,15,10,20,10,15,2,20,low,low,RISK,1
2,3,3,1,Salaried,83,Yes,Owns,19,50,53,18,3,RETAIL PHARMACY (UP TO A 30-DAY SUPPLY),GENERIC,CO-PAY IN $,10,10,20,15,15,2,20,low,low,RISK,1
2,3,1,3,Salaried,3601,No,Owns,17,31,54,18,3,RETAIL PHARMACY (UP TO A 30-DAY SUPPLY),GENERIC,CO-PAY IN $,10,15,20,10,15,2,20,low,low,RISK,1
2,2,1,2,Bonus,861,No,Owns,34,26,75,18,3,RETAIL PHARMACY (UP TO A 30-DAY SUPPLY),GENERIC,CO-PAY IN $,20,10,10,15,15,2,20,low,low,RISK,1
1,3,3,3,Salaried,2240,Yes,Rents,35,49,60,18,3,RETAIL PHARMACY (UP TO A 30-DAY SUPPLY),GENERIC,CO-PAY IN $,15,20,10,10,15,2,20,low,low,RISK,1
1,1,1,1,Hourly,2384,No,Rents,17,40,57,18,3,RETAIL PHARMACY (UP TO A 30-DAY SUPPLY),GENERIC,CO-PAY IN $,15,10,20,10,15,2,20,low,low,RISK,1
1,1,1,1,Bonus,2363,Yes,Rents,29,36,56,18,3,RETAIL PHARMACY (UP TO A 30-DAY SUPPLY),GENERIC,CO-PAY IN $,10,15,10,20,15,2,20,low,low,RISK,1
2,1,3,1,Salaried,4539,No,Owns,24,49,59,18,3,RETAIL PHARMACY (UP TO A 30-DAY SUPPLY),GENERIC,CO-PAY IN $,10,10,15,20,15,2,20,low,low,RISK,1
2,1,1,1,Bonus,489,No,Rents,23,20,55,18,3,RETAIL PHARMACY (UP TO A 30-DAY SUPPLY),GENERIC,CO-PAY IN $,15,10,20,10,15,2,20,low,low,RISK,1
2,3,1,3,Bonus,4623,Yes,Owns,19,48,52,18,3,RETAIL PHARMACY (UP TO A 30-DAY SUPPLY),GENERIC,CO-PAY IN $,10,15,10,20,15,2,20,low,low,RISK,1
2,1,1,1,Salaried,153,Yes,Owns,15,33,56,18,3,RETAIL PHARMACY (UP TO A 30-DAY SUPPLY),GENERIC,CO-PAY IN $,15,10,10,20,15,2,20,low,low,RISK,1
1,3,3,2,Salaried,3954,No,Owns,17,23,53,18,3,RETAIL PHARMACY (UP TO A 30-DAY SUPPLY),GENERIC,CO-PAY IN $,10,20,15,10,15,2,20,low,low,RISK,1
1,2,1,1,Salaried,4742,No,Rents,15,38,56,18,3,RETAIL PHARMACY (UP TO A 30-DAY SUPPLY),GENERIC,CO-PAY IN $,15,10,10,20,15,2,20,low,low,RISK,1
1,1,1,2,Hourly,3289,No,Rents,35,24,64,18,3,RETAIL PHARMACY (UP TO A 30-DAY SUPPLY),GENERIC,CO-PAY IN $,15,20,10,10,15,2,20,low,low,RISK,1
1,1,2,2,Bonus,3409,Yes,Rents,30,29,55,18,3,RETAIL PHARMACY (UP TO A 30-DAY SUPPLY),GENERIC,CO-PAY IN $,15,10,10,20,15,2,20,low,low,RISK,1
1,1,3,2,Bonus,3179,No,Rents,21,26,51,18,3,RETAIL PHARMACY (UP TO A 30-DAY SUPPLY),GENERIC,CO-PAY IN $,20,10,15,10,15,2,20,low,low,RISK,1
1,1,1,2,Bonus,4271,No,Rents,22,36,62,18,3,RETAIL PHARMACY (UP TO A 30-DAY SUPPLY),GENERIC,CO-PAY IN $,10,15,20,10,15,2,20,low,low,RISK,1
1,1,1,1,Hourly,4605,Yes,Rents,24,38,64,18,3,RETAIL PHARMACY (UP TO A 30-DAY SUPPLY),GENERIC,CO-PAY IN $,10,10,15,20,15,2,20,low,low,RISK,1
1,3,3,3,Salaried,3042,Yes,Rents,16,31,55,18,3,RETAIL PHARMACY (UP TO A 30-DAY SUPPLY),GENERIC,CO-PAY IN $,10,15,20,10,15,2,20,low,low,RISK,1
1,3,3,1,Hourly,170,No,Rents,37,31,59,18,3,RETAIL PHARMACY (UP TO A 30-DAY SUPPLY),GENERIC,CO-PAY IN $,10,10,20,15,15,2,20,low,low,RISK,1
1,1,1,3,Salaried,2062,No,Rents,20,47,55,18,3,RETAIL PHARMACY (UP TO A 30-DAY SUPPLY),GENERIC,CO-PAY IN $,10,10,20,15,15,2,20,low,low,RISK,1
2,2,3,3,Bonus,1962,No,Rents,15,41,60,18,3,RETAIL PHARMACY (UP TO A 30-DAY SUPPLY),GENERIC,CO-PAY IN $,10,20,10,15,15,2,20,low,low,RISK,1
1,1,1,1,Bonus,1006,No,Owns,27,35,73,18,3,RETAIL PHARMACY (UP TO A 30-DAY SUPPLY),GENERIC,CO-PAY IN $,15,10,20,10,15,2,20,low,low,RISK,1
1,3,2,3,Salaried,4555,No,Rents,20,24,60,18,3,RETAIL PHARMACY (UP TO A 30-DAY SUPPLY),GENERIC,CO-PAY IN $,10,10,15,20,15,2,20,low,low,RISK,1
3,1,2,1,Bonus,458,No,Rents,25,43,57,18,3,RETAIL PHARMACY (UP TO A 30-DAY SUPPLY),GENERIC,CO-PAY IN $,20,10,15,10,15,2,20,low,low,RISK,1
3,1,3,1,Hourly,1593,No,Owns,16,25,52,18,3,RETAIL PHARMACY (UP TO A 30-DAY SUPPLY),GENERIC,CO-PAY IN $,10,20,10,15,15,2,20,low,low,RISK,1
1,3,1,2,Hourly,4519,Yes,Owns,26,50,53,18,3,RETAIL PHARMACY (UP TO A 30-DAY SUPPLY),GENERIC,CO-PAY IN $,10,10,20,15,15,2,20,low,low,RISK,1
1,2,1,1,Bonus,2639,No,Rents,16,31,54,18,3,RETAIL PHARMACY (UP TO A 30-DAY SUPPLY),GENERIC,CO-PAY IN $,15,20,10,10,15,2,20,low,low,RISK,1
1,1,3,1,Hourly,2563,Yes,Rents,35,26,75,18,3,RETAIL PHARMACY (UP TO A 30-DAY SUPPLY),GENERIC,CO-PAY IN $,20,10,15,10,15,2,20,low,low,RISK,1
1,2,3,2,Bonus,2810,Yes,Owns,35,49,60,18,3,RETAIL PHARMACY (UP TO A 30-DAY SUPPLY),GENERIC,CO-PAY IN $,20,10,10,15,15,2,20,low,low,RISK,1
2,2,1,2,Hourly,2954,Yes,Owns,39,40,57,18,3,RETAIL PHARMACY (UP TO A 30-DAY SUPPLY),GENERIC,CO-PAY IN $,10,20,10,15,15,2,20,low,low,RISK,1
2,1,3,1,Hourly,2299,Yes,Owns,31,36,56,18,3,RETAIL PHARMACY (UP TO A 30-DAY SUPPLY),GENERIC,CO-PAY IN $,20,10,10,15,15,2,20,low,low,RISK,1
1,1,2,3,Hourly,1155,No,Rents,16,49,59,18,3,RETAIL PHARMACY (UP TO A 30-DAY SUPPLY),GENERIC,CO-PAY IN $,10,10,20,15,15,2,20,low,low,RISK,1
2,1,3,1,Bonus,1856,Yes,Rents,31,20,55,18,3,RETAIL PHARMACY (UP TO A 30-DAY SUPPLY),GENERIC,CO-PAY IN $,10,15,10,20,15,2,20,low,low,RISK,1
3,2,2,1,Salaried,3352,Yes,Rents,18,48,52,18,3,RETAIL PHARMACY (UP TO A 30-DAY SUPPLY),GENERIC,CO-PAY IN $,10,15,20,10,15,2,20,low,low,RISK,1
3,1,1,2,Hourly,3735,Yes,Owns,34,33,56,18,3,RETAIL PHARMACY (UP TO A 30-DAY SUPPLY),GENERIC,CO-PAY IN $,10,10,20,15,15,2,20,low,low,RISK,1
3,2,1,3,Salaried,1125,Yes,Rents,18,23,53,18,3,RETAIL PHARMACY (UP TO A 30-DAY SUPPLY),GENERIC,CO-PAY IN $,15,10,10,20,15,2,20,low,low,RISK,1
3,1,2,1,Bonus,4695,No,Owns,15,38,56,18,3,RETAIL PHARMACY (UP TO A 30-DAY SUPPLY),GENERIC,CO-PAY IN $,20,10,10,15,15,2,20,low,low,RISK,1
2,2,2,2,Salaried,1210,No,Rents,38,24,64,18,3,RETAIL PHARMACY (UP TO A 30-DAY SUPPLY),GENERIC,CO-PAY IN $,10,20,10,15,15,2,20,low,low,RISK,1
2,3,2,1,Bonus,3149,No,Owns,17,29,55,18,3,RETAIL PHARMACY (UP TO A 30-DAY SUPPLY),GENERIC,CO-PAY IN $,15,10,10,20,15,2,20,low,low,RISK,1
2,2,2,2,Bonus,3757,No,Rents,18,26,51,18,3,RETAIL PHARMACY (UP TO A 30-DAY SUPPLY),GENERIC,CO-PAY IN $,15,10,20,10,15,2,20,low,low,RISK,1
3,1,3,2,Salaried,4038,Yes,Rents,28,36,62,18,3,RETAIL PHARMACY (UP TO A 30-DAY SUPPLY),GENERIC,CO-PAY IN $,20,10,10,15,15,2,20,low,low,RISK,1
1,1,1,3,Bonus,381,No,Owns,20,38,64,18,3,RETAIL PHARMACY (UP TO A 30-DAY SUPPLY),GENERIC,CO-PAY IN $,10,20,15,10,15,2,20,low,low,RISK,1
1,1,1,2,Hourly,2879,Yes,Rents,37,31,55,18,3,RETAIL PHARMACY (UP TO A 30-DAY SUPPLY),GENERIC,CO-PAY IN $,10,20,10,15,15,2,20,low,low,RISK,1
2,3,1,1,Hourly,2246,No,Owns,38,31,59,18,3,RETAIL PHARMACY (UP TO A 30-DAY SUPPLY),GENERIC,CO-PAY IN $,15,20,10,10,15,2,20,low,low,RISK,1
1,3,2,1,Hourly,3337,No,Rents,18,47,55,18,3,RETAIL PHARMACY (UP TO A 30-DAY SUPPLY),GENERIC,CO-PAY IN $,10,10,15,20,15,2,20,low,low,RISK,1
2,2,1,2,Hourly,874,No,Owns,38,41,60,18,3,RETAIL PHARMACY (UP TO A 30-DAY SUPPLY),GENERIC,CO-PAY IN $,10,15,10,20,15,2,20,low,low,RISK,1
1,2,1,1,Hourly,4470,Yes,Owns,16,35,73,18,3,RETAIL PHARMACY (UP TO A 30-DAY SUPPLY),GENERIC,CO-PAY IN $,10,20,15,10,15,2,20,low,low,RISK,1
3,1,3,1,Hourly,3252,Yes,Owns,24,24,60,18,3,RETAIL PHARMACY (UP TO A 30-DAY SUPPLY),GENERIC,CO-PAY IN $,10,20,10,15,15,2,20,low,low,RISK,1
1,3,1,2,Hourly,176,Yes,Rents,23,43,57,18,3,RETAIL PHARMACY (UP TO A 30-DAY SUPPLY),GENERIC,CO-PAY IN $,10,15,10,20,15,2,20,low,low,RISK,1
2,1,3,1,Hourly,3681,Yes,Owns,17,25,52,18,3,RETAIL PHARMACY (UP TO A 30-DAY SUPPLY),GENERIC,CO-PAY IN $,10,20,10,15,15,2,20,low,low,RISK,1
1,3,2,3,Hourly,1019,Yes,Owns,35,50,53,18,3,RETAIL PHARMACY (UP TO A 30-DAY SUPPLY),GENERIC,CO-PAY IN $,10,10,15,20,15,2,20,low,low,RISK,1
1,3,2,1,Bonus,4493,Yes,Owns,39,31,54,18,3,RETAIL PHARMACY (UP TO A 30-DAY SUPPLY),GENERIC,CO-PAY IN $,10,15,10,20,15,2,20,low,low,RISK,1
1,3,3,1,Salaried,1012,Yes,Owns,34,26,75,18,3,RETAIL PHARMACY (UP TO A 30-DAY SUPPLY),GENERIC,CO-PAY IN $,10,10,20,15,15,2,20,low,low,RISK,1
1,1,2,1,Bonus,1248,Yes,Rents,18,49,60,18,3,RETAIL PHARMACY (UP TO A 30-DAY SUPPLY),GENERIC,CO-PAY IN $,15,10,20,10,15,2,20,low,low,RISK,1
1,1,2,1,Salaried,1214,No,Owns,17,40,57,18,3,RETAIL PHARMACY (UP TO A 30-DAY SUPPLY),GENERIC,CO-PAY IN $,20,10,15,10,15,2,20,low,low,RISK,1
2,1,1,1,Salaried,2852,Yes,Rents,18,36,56,18,3,RETAIL PHARMACY (UP TO A 30-DAY SUPPLY),GENERIC,CO-PAY IN $,10,20,15,10,15,2,20,low,low,RISK,1
2,1,1,1,Bonus,1440,Yes,Owns,24,49,59,18,3,RETAIL PHARMACY (UP TO A 30-DAY SUPPLY),GENERIC,CO-PAY IN $,10,15,10,20,15,2,20,low,low,RISK,1
3,1,3,1,Bonus,2951,No,Owns,26,20,55,18,3,RETAIL PHARMACY (UP TO A 30-DAY SUPPLY),GENERIC,CO-PAY IN $,15,20,10,10,15,2,20,low,low,RISK,1
4,3,2,4,Salaried,4377,No,Rents,46,73,76,18,4,RETAIL PHARMACY (UP TO A 30-DAY SUPPLY),GENERIC,CO-PAY IN $,10,10,20,15,15,2,50,low,low,RISK,1
2,3,4,2,Salaried,1919,No,Owns,48,61,80,18,4,RETAIL PHARMACY (UP TO A 30-DAY SUPPLY),GENERIC,CO-PAY IN $,20,10,10,15,15,2,50,low,low,RISK,1
4,4,3,2,Salaried,4671,Yes,Rents,57,53,77,18,4,RETAIL PHARMACY (UP TO A 30-DAY SUPPLY),GENERIC,CO-PAY IN $,10,10,15,20,15,2,50,low,low,RISK,1
4,4,2,2,Bonus,1139,No,Owns,52,65,80,18,4,RETAIL PHARMACY (UP TO A 30-DAY SUPPLY),GENERIC,CO-PAY IN $,20,10,15,10,15,2,50,low,low,RISK,1
3,4,4,3,Bonus,3085,No,Rents,45,54,88,18,4,RETAIL PHARMACY (UP TO A 30-DAY SUPPLY),GENERIC,CO-PAY IN $,10,15,10,20,15,2,50,low,low,RISK,1
3,4,4,3,Salaried,912,Yes,Rents,61,58,79,18,4,RETAIL PHARMACY (UP TO A 30-DAY SUPPLY),GENERIC,CO-PAY IN $,20,15,10,10,15,2,50,low,low,RISK,1
4,3,4,3,Hourly,3561,Yes,Owns,51,56,75,18,4,RETAIL PHARMACY (UP TO A 30-DAY SUPPLY),GENERIC,CO-PAY IN $,10,20,10,15,15,2,50,low,low,RISK,1
4,4,2,2,Hourly,4350,No,Rents,40,64,87,18,4,RETAIL PHARMACY (UP TO A 30-DAY SUPPLY),GENERIC,CO-PAY IN $,15,20,10,10,15,2,50,low,low,RISK,1
4,4,4,4,Salaried,3664,No,Owns,39,65,88,18,4,RETAIL PHARMACY (UP TO A 30-DAY SUPPLY),GENERIC,CO-PAY IN $,20,15,10,10,15,2,50,low,low,RISK,1
2,3,3,3,Bonus,1972,Yes,Owns,62,60,80,18,4,RETAIL PHARMACY (UP TO A 30-DAY SUPPLY),GENERIC,CO-PAY IN $,10,10,15,20,15,2,50,low,low,RISK,1
3,2,4,4,Salaried,1235,Yes,Rents,55,60,83,18,4,RETAIL PHARMACY (UP TO A 30-DAY SUPPLY),GENERIC,CO-PAY IN $,15,10,10,20,15,2,50,low,low,RISK,1
2,4,3,3,Bonus,2294,Yes,Owns,47,72,79,18,4,RETAIL PHARMACY (UP TO A 30-DAY SUPPLY),GENERIC,CO-PAY IN $,20,10,10,15,15,2,50,low,low,RISK,1
2,3,4,3,Salaried,4592,Yes,Rents,62,68,84,18,4,RETAIL PHARMACY (UP TO A 30-DAY SUPPLY),GENERIC,CO-PAY IN $,10,15,20,10,15,2,50,low,low,RISK,1
3,3,3,4,Hourly,2183,Yes,Owns,37,63,98,18,4,RETAIL PHARMACY (UP TO A 30-DAY SUPPLY),GENERIC,CO-PAY IN $,20,10,15,10,15,2,50,low,low,RISK,1
3,3,4,3,Salaried,1622,Yes,Rents,42,55,84,18,4,RETAIL PHARMACY (UP TO A 30-DAY SUPPLY),GENERIC,CO-PAY IN $,10,10,15,20,15,2,50,low,low,RISK,1
3,4,3,4,Salaried,4259,Yes,Rents,37,70,81,18,4,RETAIL PHARMACY (UP TO A 30-DAY SUPPLY),GENERIC,CO-PAY IN $,15,10,20,10,15,2,50,low,low,RISK,1
4,3,3,4,Salaried,4138,No,Owns,62,55,76,18,4,RETAIL PHARMACY (UP TO A 30-DAY SUPPLY),GENERIC,CO-PAY IN $,10,15,20,10,15,2,50,low,low,RISK,1
4,3,4,4,Bonus,2742,No,Owns,64,75,77,18,4,RETAIL PHARMACY (UP TO A 30-DAY SUPPLY),GENERIC,CO-PAY IN $,10,15,20,10,15,2,50,low,low,RISK,1
4,4,2,2,Bonus,3643,No,Rents,59,56,100,18,4,RETAIL PHARMACY (UP TO A 30-DAY SUPPLY),GENERIC,CO-PAY IN $,10,20,10,15,15,2,50,low,low,RISK,1
4,2,4,2,Salaried,1855,No,Rents,63,74,85,18,4,RETAIL PHARMACY (UP TO A 30-DAY SUPPLY),GENERIC,CO-PAY IN $,15,10,20,10,15,2,50,low,low,RISK,1
3,4,2,3,Bonus,4199,No,Owns,57,67,81,18,4,RETAIL PHARMACY (UP TO A 30-DAY SUPPLY),GENERIC,CO-PAY IN $,10,15,10,20,15,2,50,low,low,RISK,1
3,4,3,2,Salaried,358,No,Rents,50,64,80,18,4,RETAIL PHARMACY (UP TO A 30-DAY SUPPLY),GENERIC,CO-PAY IN $,10,20,10,15,15,2,50,low,low,RISK,1
4,3,4,3,Salaried,2175,No,Owns,59,75,83,18,4,RETAIL PHARMACY (UP TO A 30-DAY SUPPLY),GENERIC,CO-PAY IN $,10,10,15,20,15,2,50,low,low,RISK,1
4,4,2,2,Bonus,2804,No,Owns,48,51,79,18,4,RETAIL PHARMACY (UP TO A 30-DAY SUPPLY),GENERIC,CO-PAY IN $,10,20,15,10,15,2,50,low,low,RISK,1
4,4,4,4,Bonus,2793,Yes,Owns,63,73,76,18,4,RETAIL PHARMACY (UP TO A 30-DAY SUPPLY),GENERIC,CO-PAY IN $,10,15,10,20,15,2,50,low,low,RISK,1
4,3,4,2,Salaried,1366,No,Owns,56,61,80,18,4,RETAIL PHARMACY (UP TO A 30-DAY SUPPLY),GENERIC,CO-PAY IN $,10,15,20,10,15,2,50,low,low,RISK,1
2,4,4,4,Salaried,3990,No,Rents,53,53,77,18,4,RETAIL PHARMACY (UP TO A 30-DAY SUPPLY),GENERIC,CO-PAY IN $,20,10,15,10,15,2,50,low,low,RISK,1
2,4,3,3,Salaried,1625,No,Owns,60,65,80,18,4,RETAIL PHARMACY (UP TO A 30-DAY SUPPLY),GENERIC,CO-PAY IN $,10,10,15,20,15,2,50,low,low,RISK,1
4,4,3,3,Hourly,1178,No,Owns,35,54,88,18,4,RETAIL PHARMACY (UP TO A 30-DAY SUPPLY),GENERIC,CO-PAY IN $,10,20,10,15,15,2,50,low,low,RISK,1
3,3,2,2,Hourly,2665,No,Rents,41,58,79,18,4,RETAIL PHARMACY (UP TO A 30-DAY SUPPLY),GENERIC,CO-PAY IN $,20,10,15,10,15,2,50,low,low,RISK,1
4,4,4,2,Hourly,4144,No,Owns,44,56,75,18,4,RETAIL PHARMACY (UP TO A 30-DAY SUPPLY),GENERIC,CO-PAY IN $,10,20,15,10,15,2,50,low,low,RISK,1
3,3,4,3,Hourly,2547,Yes,Owns,55,64,87,18,4,RETAIL PHARMACY (UP TO A 30-DAY SUPPLY),GENERIC,CO-PAY IN $,15,20,10,10,15,2,50,low,low,RISK,1
4,3,4,2,Hourly,152,Yes,Owns,58,65,88,18,4,RETAIL PHARMACY (UP TO A 30-DAY SUPPLY),GENERIC,CO-PAY IN $,10,20,10,15,15,2,50,low,low,RISK,1
3,2,2,3,Bonus,2909,Yes,Rents,45,60,80,18,4,RETAIL PHARMACY (UP TO A 30-DAY SUPPLY),GENERIC,CO-PAY IN $,10,20,15,10,15,2,50,low,low,RISK,1
4,4,3,3,Bonus,2404,Yes,Owns,49,60,83,18,4,RETAIL PHARMACY (UP TO A 30-DAY SUPPLY),GENERIC,CO-PAY IN $,10,15,10,20,15,2,50,low,low,RISK,1
4,2,4,4,Bonus,144,Yes,Owns,46,72,79,18,4,RETAIL PHARMACY (UP TO A 30-DAY SUPPLY),GENERIC,CO-PAY IN $,10,15,10,20,15,2,50,low,low,RISK,1
4,3,3,3,Hourly,4826,No,Owns,47,63,98,18,4,RETAIL PHARMACY (UP TO A 30-DAY SUPPLY),GENERIC,CO-PAY IN $,10,15,10,20,15,2,50,low,low,RISK,1
4,4,2,3,Salaried,792,No,Owns,50,55,84,18,4,RETAIL PHARMACY (UP TO A 30-DAY SUPPLY),GENERIC,CO-PAY IN $,10,15,10,20,15,2,50,low,low,RISK,1
2,4,2,3,Hourly,3429,No,Rents,58,70,81,18,4,RETAIL PHARMACY (UP TO A 30-DAY SUPPLY),GENERIC,CO-PAY IN $,10,20,10,15,15,2,50,low,low,RISK,1
3,4,3,4,Hourly,1596,Yes,Owns,50,55,76,18,4,RETAIL PHARMACY (UP TO A 30-DAY SUPPLY),GENERIC,CO-PAY IN $,10,20,15,10,15,2,50,low,low,RISK,1
4,4,4,3,Salaried,83,Yes,Owns,40,75,77,18,4,RETAIL PHARMACY (UP TO A 30-DAY SUPPLY),GENERIC,CO-PAY IN $,20,10,15,10,15,2,50,low,low,RISK,1
4,4,3,4,Salaried,3601,No,Owns,38,60,78,18,4,RETAIL PHARMACY (UP TO A 30-DAY SUPPLY),GENERIC,CO-PAY IN $,15,20,10,10,15,2,50,low,low,RISK,1
3,4,2,4,Bonus,861,No,Owns,58,56,100,18,4,RETAIL PHARMACY (UP TO A 30-DAY SUPPLY),GENERIC,CO-PAY IN $,15,20,10,10,15,2,50,low,low,RISK,1
2,4,4,4,Salaried,2240,Yes,Rents,59,74,85,18,4,RETAIL PHARMACY (UP TO A 30-DAY SUPPLY),GENERIC,CO-PAY IN $,10,10,15,20,15,2,50,low,low,RISK,1
3,3,2,2,Hourly,2384,No,Rents,37,67,81,18,4,RETAIL PHARMACY (UP TO A 30-DAY SUPPLY),GENERIC,CO-PAY IN $,20,10,10,15,15,2,50,low,low,RISK,1
2,2,3,3,Bonus,2363,Yes,Rents,52,64,80,18,4,RETAIL PHARMACY (UP TO A 30-DAY SUPPLY),GENERIC,CO-PAY IN $,15,10,10,20,15,2,50,low,low,RISK,1
3,3,4,2,Salaried,4539,No,Owns,45,75,83,18,4,RETAIL PHARMACY (UP TO A 30-DAY SUPPLY),GENERIC,CO-PAY IN $,10,20,10,15,15,2,50,low,low,RISK,1
3,3,2,2,Bonus,489,No,Rents,45,51,79,18,4,RETAIL PHARMACY (UP TO A 30-DAY SUPPLY),GENERIC,CO-PAY IN $,20,10,15,10,15,2,50,low,low,RISK,1
4,4,2,4,Bonus,4623,Yes,Owns,40,73,76,18,4,RETAIL PHARMACY (UP TO A 30-DAY SUPPLY),GENERIC,CO-PAY IN $,20,15,10,10,15,2,50,low,low,RISK,1
3,3,3,2,Salaried,153,Yes,Owns,36,61,80,18,4,RETAIL PHARMACY (UP TO A 30-DAY SUPPLY),GENERIC,CO-PAY IN $,15,10,10,20,15,2,50,low,low,RISK,1
3,4,4,4,Salaried,3954,No,Owns,38,53,77,18,4,RETAIL PHARMACY (UP TO A 30-DAY SUPPLY),GENERIC,CO-PAY IN $,15,20,10,10,15,2,50,low,low,RISK,1
3,3,2,3,Salaried,4742,No,Rents,35,65,80,18,4,RETAIL PHARMACY (UP TO A 30-DAY SUPPLY),GENERIC,CO-PAY IN $,10,10,20,15,15,2,50,low,low,RISK,1
2,2,2,3,Hourly,3289,No,Rents,59,54,88,18,4,RETAIL PHARMACY (UP TO A 30-DAY SUPPLY),GENERIC,CO-PAY IN $,20,10,10,15,15,2,50,low,low,RISK,1
2,2,3,3,Bonus,3409,Yes,Rents,54,58,79,18,4,RETAIL PHARMACY (UP TO A 30-DAY SUPPLY),GENERIC,CO-PAY IN $,15,20,10,10,15,2,50,low,low,RISK,1
3,3,4,3,Bonus,3179,No,Rents,42,56,75,18,4,RETAIL PHARMACY (UP TO A 30-DAY SUPPLY),GENERIC,CO-PAY IN $,10,10,20,15,15,2,50,low,low,RISK,1
3,3,2,4,Bonus,4271,No,Rents,43,64,87,18,4,RETAIL PHARMACY (UP TO A 30-DAY SUPPLY),GENERIC,CO-PAY IN $,10,10,20,15,15,2,50,low,low,RISK,1
3,3,3,2,Hourly,4605,Yes,Rents,46,65,88,18,4,RETAIL PHARMACY (UP TO A 30-DAY SUPPLY),GENERIC,CO-PAY IN $,20,10,10,15,15,2,50,low,low,RISK,1
2,4,4,4,Salaried,3042,Yes,Rents,37,60,80,18,4,RETAIL PHARMACY (UP TO A 30-DAY SUPPLY),GENERIC,CO-PAY IN $,10,20,15,10,15,2,50,low,low,RISK,1
2,4,4,3,Hourly,170,No,Rents,61,60,83,18,4,RETAIL PHARMACY (UP TO A 30-DAY SUPPLY),GENERIC,CO-PAY IN $,20,10,15,10,15,2,50,low,low,RISK,1
2,3,3,4,Salaried,2062,No,Rents,40,72,79,18,4,RETAIL PHARMACY (UP TO A 30-DAY SUPPLY),GENERIC,CO-PAY IN $,10,15,10,20,15,2,50,low,low,RISK,1
4,4,4,4,Bonus,1962,No,Rents,35,68,84,18,4,RETAIL PHARMACY (UP TO A 30-DAY SUPPLY),GENERIC,CO-PAY IN $,10,20,15,10,15,2,50,low,low,RISK,1
2,2,3,2,Bonus,1006,No,Owns,50,63,98,18,4,RETAIL PHARMACY (UP TO A 30-DAY SUPPLY),GENERIC,CO-PAY IN $,20,10,10,15,15,2,50,low,low,RISK,1
2,4,3,4,Salaried,4555,No,Rents,42,55,84,18,4,RETAIL PHARMACY (UP TO A 30-DAY SUPPLY),GENERIC,CO-PAY IN $,20,15,10,10,15,2,50,low,low,RISK,1
4,3,4,3,Bonus,458,No,Rents,46,70,81,18,4,RETAIL PHARMACY (UP TO A 30-DAY SUPPLY),GENERIC,CO-PAY IN $,10,20,10,15,15,2,50,low,low,RISK,1
4,3,4,3,Hourly,1593,No,Owns,36,55,76,18,4,RETAIL PHARMACY (UP TO A 30-DAY SUPPLY),GENERIC,CO-PAY IN $,10,15,10,20,15,2,50,low,low,RISK,1
3,4,2,3,Hourly,4519,Yes,Owns,48,75,77,18,4,RETAIL PHARMACY (UP TO A 30-DAY SUPPLY),GENERIC,CO-PAY IN $,10,20,15,10,15,2,50,low,low,RISK,1
2,4,3,3,Bonus,2639,No,Rents,36,60,78,18,4,RETAIL PHARMACY (UP TO A 30-DAY SUPPLY),GENERIC,CO-PAY IN $,10,20,10,15,15,2,50,low,low,RISK,1
2,3,4,3,Hourly,2563,Yes,Rents,59,56,100,18,4,RETAIL PHARMACY (UP TO A 30-DAY SUPPLY),GENERIC,CO-PAY IN $,10,20,10,15,15,2,50,low,low,RISK,1
3,4,4,4,Bonus,2810,Yes,Owns,58,74,85,18,4,RETAIL PHARMACY (UP TO A 30-DAY SUPPLY),GENERIC,CO-PAY IN $,10,10,20,15,15,2,50,low,low,RISK,1
3,4,3,4,Hourly,2954,Yes,Owns,64,67,81,18,4,RETAIL PHARMACY (UP TO A 30-DAY SUPPLY),GENERIC,CO-PAY IN $,10,10,15,20,15,2,50,low,low,RISK,1
3,2,4,3,Hourly,2299,Yes,Owns,54,64,80,18,4,RETAIL PHARMACY (UP TO A 30-DAY SUPPLY),GENERIC,CO-PAY IN $,20,10,10,15,15,2,50,low,low,RISK,1
2,3,4,4,Hourly,1155,No,Rents,37,75,83,18,4,RETAIL PHARMACY (UP TO A 30-DAY SUPPLY),GENERIC,CO-PAY IN $,10,20,10,15,15,2,50,low,low,RISK,1
4,2,4,3,Bonus,1856,Yes,Rents,55,51,79,18,4,RETAIL PHARMACY (UP TO A 30-DAY SUPPLY),GENERIC,CO-PAY IN $,10,10,15,20,15,2,50,low,low,RISK,1
4,4,3,3,Salaried,3352,Yes,Rents,38,73,76,18,4,RETAIL PHARMACY (UP TO A 30-DAY SUPPLY),GENERIC,CO-PAY IN $,20,10,15,10,15,2,50,low,low,RISK,1
4,3,2,3,Hourly,3735,Yes,Owns,58,61,80,18,4,RETAIL PHARMACY (UP TO A 30-DAY SUPPLY),GENERIC,CO-PAY IN $,10,20,10,15,15,2,50,low,low,RISK,1
4,3,3,4,Salaried,1125,Yes,Rents,38,53,77,18,4,RETAIL PHARMACY (UP TO A 30-DAY SUPPLY),GENERIC,CO-PAY IN $,15,10,10,20,15,2,50,low,low,RISK,1
4,2,4,2,Bonus,4695,No,Owns,35,65,80,18,4,RETAIL PHARMACY (UP TO A 30-DAY SUPPLY),GENERIC,CO-PAY IN $,10,10,20,15,15,2,50,low,low,RISK,1
3,3,3,4,Salaried,1210,No,Rents,62,54,88,18,4,RETAIL PHARMACY (UP TO A 30-DAY SUPPLY),GENERIC,CO-PAY IN $,10,15,20,10,15,2,50,low,low,RISK,1
4,4,4,2,Bonus,3149,No,Owns,37,58,79,18,4,RETAIL PHARMACY (UP TO A 30-DAY SUPPLY),GENERIC,CO-PAY IN $,10,10,15,20,15,2,50,low,low,RISK,1
4,3,4,4,Bonus,3757,No,Rents,38,56,75,18,4,RETAIL PHARMACY (UP TO A 30-DAY SUPPLY),GENERIC,CO-PAY IN $,20,10,10,15,15,2,50,low,low,RISK,1
4,3,4,4,Salaried,4038,Yes,Rents,51,64,87,18,4,RETAIL PHARMACY (UP TO A 30-DAY SUPPLY),GENERIC,CO-PAY IN $,10,20,10,15,15,2,50,low,low,RISK,1
2,3,3,4,Bonus,381,No,Owns,41,65,88,18,4,RETAIL PHARMACY (UP TO A 30-DAY SUPPLY),GENERIC,CO-PAY IN $,15,10,10,20,15,2,50,low,low,RISK,1
3,3,3,3,Hourly,2879,Yes,Rents,61,60,80,18,4,RETAIL PHARMACY (UP TO A 30-DAY SUPPLY),GENERIC,CO-PAY IN $,10,20,15,10,15,2,50,low,low,RISK,1
4,4,3,2,Hourly,2246,No,Owns,62,60,83,18,4,RETAIL PHARMACY (UP TO A 30-DAY SUPPLY),GENERIC,CO-PAY IN $,10,20,10,15,15,2,50,low,low,RISK,1
2,4,3,2,Hourly,3337,No,Rents,39,72,79,18,4,RETAIL PHARMACY (UP TO A 30-DAY SUPPLY),GENERIC,CO-PAY IN $,10,10,20,15,15,2,50,low,low,RISK,1
4,3,3,4,Hourly,874,No,Owns,63,68,84,18,4,RETAIL PHARMACY (UP TO A 30-DAY SUPPLY),GENERIC,CO-PAY IN $,10,10,15,20,15,2,50,low,low,RISK,1
3,4,2,3,Hourly,4470,Yes,Owns,36,63,98,18,4,RETAIL PHARMACY (UP TO A 30-DAY SUPPLY),GENERIC,CO-PAY IN $,20,10,15,10,15,2,50,low,low,RISK,1
4,3,4,3,Hourly,3252,Yes,Owns,46,55,84,18,4,RETAIL PHARMACY (UP TO A 30-DAY SUPPLY),GENERIC,CO-PAY IN $,10,20,15,10,15,2,50,low,low,RISK,1
3,4,2,3,Hourly,176,Yes,Rents,45,70,81,18,4,RETAIL PHARMACY (UP TO A 30-DAY SUPPLY),GENERIC,CO-PAY IN $,10,20,15,10,15,2,50,low,low,RISK,1
4,3,4,2,Hourly,3681,Yes,Owns,38,55,76,18,4,RETAIL PHARMACY (UP TO A 30-DAY SUPPLY),GENERIC,CO-PAY IN $,15,10,10,20,15,2,50,low,low,RISK,1
3,4,4,4,Hourly,1019,Yes,Owns,59,75,77,18,4,RETAIL PHARMACY (UP TO A 30-DAY SUPPLY),GENERIC,CO-PAY IN $,10,20,15,10,15,2,50,low,low,RISK,1
3,4,4,3,Bonus,4493,Yes,Owns,64,60,78,18,4,RETAIL PHARMACY (UP TO A 30-DAY SUPPLY),GENERIC,CO-PAY IN $,10,10,15,20,15,2,50,low,low,RISK,1
3,4,4,2,Salaried,1012,Yes,Owns,58,56,100,18,4,RETAIL PHARMACY (UP TO A 30-DAY SUPPLY),GENERIC,CO-PAY IN $,20,10,10,15,15,2,50,low,low,RISK,1
2,2,4,3,Bonus,1248,Yes,Rents,39,74,85,18,4,RETAIL PHARMACY (UP TO A 30-DAY SUPPLY),GENERIC,CO-PAY IN $,15,20,10,10,15,2,50,low,low,RISK,1
2,3,3,3,Salaried,1214,No,Owns,37,67,81,18,4,RETAIL PHARMACY (UP TO A 30-DAY SUPPLY),GENERIC,CO-PAY IN $,15,10,20,10,15,2,50,low,low,RISK,1
4,3,3,2,Salaried,2852,Yes,Rents,38,64,80,18,4,RETAIL PHARMACY (UP TO A 30-DAY SUPPLY),GENERIC,CO-PAY IN $,15,10,20,10,15,2,50,low,low,RISK,1
3,3,2,2,Bonus,1440,Yes,Owns,46,75,83,18,4,RETAIL PHARMACY (UP TO A 30-DAY SUPPLY),GENERIC,CO-PAY IN $,15,20,10,10,15,2,50,low,low,RISK,1
4,2,4,3,Bonus,2951,No,Owns,48,51,79,18,4,RETAIL PHARMACY (UP TO A 30-DAY SUPPLY),GENERIC,CO-PAY IN $,10,15,20,10,15,2,50,low,low,RISK,1
1,0,0,1,Salaried,4377,No,Rents,4,9,1,18,5,RETAIL PHARMACY (UP TO A 30-DAY SUPPLY),GENERIC,CO-PAY IN $,10,15,20,10,20,1,5,low,high,RISK,2
0,0,1,0,Salaried,1919,No,Owns,4,4,5,18,5,RETAIL PHARMACY (UP TO A 30-DAY SUPPLY),GENERIC,CO-PAY IN $,10,10,15,20,20,1,5,low,high,RISK,2
0,0,0,0,Salaried,4671,Yes,Rents,7,1,2,18,5,RETAIL PHARMACY (UP TO A 30-DAY SUPPLY),GENERIC,CO-PAY IN $,10,15,20,10,20,1,5,low,high,RISK,2
1,1,0,0,Bonus,1139,No,Owns,6,6,5,18,5,RETAIL PHARMACY (UP TO A 30-DAY SUPPLY),GENERIC,CO-PAY IN $,10,10,15,20,20,1,5,low,high,RISK,2
0,1,1,0,Bonus,3085,No,Rents,3,1,13,18,5,RETAIL PHARMACY (UP TO A 30-DAY SUPPLY),GENERIC,CO-PAY IN $,10,10,20,15,20,1,5,low,high,RISK,2
0,1,1,0,Salaried,912,Yes,Rents,9,3,4,18,5,RETAIL PHARMACY (UP TO A 30-DAY SUPPLY),GENERIC,CO-PAY IN $,10,20,10,15,20,1,5,low,high,RISK,2
1,0,1,0,Hourly,3561,Yes,Owns,5,2,0,18,5,RETAIL PHARMACY (UP TO A 30-DAY SUPPLY),GENERIC,CO-PAY IN $,10,15,10,20,20,1,5,low,high,RISK,2
1,1,0,0,Hourly,4350,No,Rents,2,5,12,18,5,RETAIL PHARMACY (UP TO A 30-DAY SUPPLY),GENERIC,CO-PAY IN $,20,15,10,10,20,1,5,low,high,RISK,2
0,0,0,0,Bonus,1972,Yes,Owns,9,4,5,18,5,RETAIL PHARMACY (UP TO A 30-DAY SUPPLY),GENERIC,CO-PAY IN $,10,10,20,15,20,1,5,low,high,RISK,2
0,0,1,1,Salaried,1235,Yes,Rents,7,4,8,18,5,RETAIL PHARMACY (UP TO A 30-DAY SUPPLY),GENERIC,CO-PAY IN $,15,10,10,20,20,1,5,low,high,RISK,2
0,1,0,0,Bonus,2294,Yes,Owns,4,9,4,18,5,RETAIL PHARMACY (UP TO A 30-DAY SUPPLY),GENERIC,CO-PAY IN $,10,15,10,20,20,1,5,low,high,RISK,2
0,0,1,0,Salaried,4592,Yes,Rents,9,7,9,18,5,RETAIL PHARMACY (UP TO A 30-DAY SUPPLY),GENERIC,CO-PAY IN $,20,10,15,10,20,1,5,low,high,RISK,2
0,0,0,1,Hourly,2183,Yes,Owns,1,5,23,18,5,RETAIL PHARMACY (UP TO A 30-DAY SUPPLY),GENERIC,CO-PAY IN $,10,10,20,15,20,1,5,low,high,RISK,2
0,0,1,0,Salaried,1622,Yes,Rents,2,1,9,18,5,RETAIL PHARMACY (UP TO A 30-DAY SUPPLY),GENERIC,CO-PAY IN $,20,10,15,10,20,1,5,low,high,RISK,2
0,1,0,1,Salaried,4259,Yes,Rents,1,8,6,18,5,RETAIL PHARMACY (UP TO A 30-DAY SUPPLY),GENERIC,CO-PAY IN $,15,10,10,20,20,1,5,low,high,RISK,2
1,0,0,1,Salaried,4138,No,Owns,9,2,1,18,5,RETAIL PHARMACY (UP TO A 30-DAY SUPPLY),GENERIC,CO-PAY IN $,10,15,10,20,20,1,5,low,high,RISK,2
1,0,0,1,Bonus,2742,No,Owns,10,10,2,18,5,RETAIL PHARMACY (UP TO A 30-DAY SUPPLY),GENERIC,CO-PAY IN $,15,20,10,10,20,1,5,low,high,RISK,2
0,0,0,1,Bonus,4027,Yes,Rents,3,4,3,18,5,RETAIL PHARMACY (UP TO A 30-DAY SUPPLY),GENERIC,CO-PAY IN $,15,10,10,20,20,1,5,low,high,RISK,2
1,0,0,0,Bonus,3643,No,Rents,8,2,25,18,5,RETAIL PHARMACY (UP TO A 30-DAY SUPPLY),GENERIC,CO-PAY IN $,10,15,20,10,20,1,5,low,high,RISK,2
1,0,1,0,Salaried,1855,No,Rents,9,10,10,18,5,RETAIL PHARMACY (UP TO A 30-DAY SUPPLY),GENERIC,CO-PAY IN $,15,10,20,10,20,1,5,low,high,RISK,2
0,1,0,0,Bonus,4199,No,Owns,7,7,6,18,5,RETAIL PHARMACY (UP TO A 30-DAY SUPPLY),GENERIC,CO-PAY IN $,15,20,10,10,20,1,5,low,high,RISK,2
0,1,0,0,Salaried,358,No,Rents,5,5,5,18,5,RETAIL PHARMACY (UP TO A 30-DAY SUPPLY),GENERIC,CO-PAY IN $,10,15,10,20,20,1,5,low,high,RISK,2
0,0,1,0,Salaried,2175,No,Owns,8,10,8,18,5,RETAIL PHARMACY (UP TO A 30-DAY SUPPLY),GENERIC,CO-PAY IN $,10,15,20,10,20,1,5,low,high,RISK,2
0,1,0,0,Bonus,2804,No,Owns,4,0,4,18,5,RETAIL PHARMACY (UP TO A 30-DAY SUPPLY),GENERIC,CO-PAY IN $,10,20,10,15,20,1,5,low,high,RISK,2
1,1,1,0,Bonus,2793,Yes,Owns,9,9,1,18,5,RETAIL PHARMACY (UP TO A 30-DAY SUPPLY),GENERIC,CO-PAY IN $,20,15,10,10,20,1,5,low,high,RISK,2
1,0,1,0,Salaried,1366,No,Owns,7,4,5,18,5,RETAIL PHARMACY (UP TO A 30-DAY SUPPLY),GENERIC,CO-PAY IN $,20,10,15,10,20,1,5,low,high,RISK,2
0,1,1,1,Salaried,3990,No,Rents,6,1,2,18,5,RETAIL PHARMACY (UP TO A 30-DAY SUPPLY),GENERIC,CO-PAY IN $,20,10,10,15,20,1,5,low,high,RISK,2
0,0,0,0,Salaried,1625,No,Owns,8,6,5,18,5,RETAIL PHARMACY (UP TO A 30-DAY SUPPLY),GENERIC,CO-PAY IN $,10,10,15,20,20,1,5,low,high,RISK,2
1,1,0,0,Hourly,1178,No,Owns,0,1,13,18,5,RETAIL PHARMACY (UP TO A 30-DAY SUPPLY),GENERIC,CO-PAY IN $,15,10,10,20,20,1,5,low,high,RISK,2
0,0,0,0,Hourly,2665,No,Rents,2,3,4,18,5,RETAIL PHARMACY (UP TO A 30-DAY SUPPLY),GENERIC,CO-PAY IN $,15,10,20,10,20,1,5,low,high,RISK,2
1,1,1,0,Hourly,4144,No,Owns,3,2,0,18,5,RETAIL PHARMACY (UP TO A 30-DAY SUPPLY),GENERIC,CO-PAY IN $,15,10,20,10,20,1,5,low,high,RISK,2
0,0,1,0,Hourly,2547,Yes,Owns,7,5,12,18,5,RETAIL PHARMACY (UP TO A 30-DAY SUPPLY),GENERIC,CO-PAY IN $,20,15,10,10,20,1,5,low,high,RISK,2
1,0,1,0,Hourly,152,Yes,Owns,8,6,13,18,5,RETAIL PHARMACY (UP TO A 30-DAY SUPPLY),GENERIC,CO-PAY IN $,10,10,15,20,20,1,5,low,high,RISK,2
0,0,0,0,Bonus,2909,Yes,Rents,3,4,5,18,5,RETAIL PHARMACY (UP TO A 30-DAY SUPPLY),GENERIC,CO-PAY IN $,15,20,10,10,20,1,5,low,high,RISK,2
1,1,0,0,Bonus,2404,Yes,Owns,5,4,8,18,5,RETAIL PHARMACY (UP TO A 30-DAY SUPPLY),GENERIC,CO-PAY IN $,20,10,15,10,20,1,5,low,high,RISK,2
1,0,1,1,Bonus,144,Yes,Owns,4,9,4,18,5,RETAIL PHARMACY (UP TO A 30-DAY SUPPLY),GENERIC,CO-PAY IN $,10,10,20,15,20,1,5,low,high,RISK,2
1,0,1,0,Hourly,2250,No,Owns,4,7,9,18,5,RETAIL PHARMACY (UP TO A 30-DAY SUPPLY),GENERIC,CO-PAY IN $,10,20,10,15,20,1,5,low,high,RISK,2
1,0,0,0,Hourly,4826,No,Owns,4,5,23,18,5,RETAIL PHARMACY (UP TO A 30-DAY SUPPLY),GENERIC,CO-PAY IN $,15,10,20,10,20,1,5,low,high,RISK,2
1,1,0,0,Salaried,792,No,Owns,5,1,9,18,5,RETAIL PHARMACY (UP TO A 30-DAY SUPPLY),GENERIC,CO-PAY IN $,10,20,10,15,20,1,5,low,high,RISK,2
0,1,0,0,Hourly,3429,No,Rents,8,8,6,18,5,RETAIL PHARMACY (UP TO A 30-DAY SUPPLY),GENERIC,CO-PAY IN $,10,10,20,15,20,1,5,low,high,RISK,2
0,1,0,0,Hourly,1596,Yes,Owns,5,2,1,18,5,RETAIL PHARMACY (UP TO A 30-DAY SUPPLY),GENERIC,CO-PAY IN $,10,20,15,10,20,1,5,low,high,RISK,2
1,1,1,0,Salaried,83,Yes,Owns,2,10,2,18,5,RETAIL PHARMACY (UP TO A 30-DAY SUPPLY),GENERIC,CO-PAY IN $,15,10,10,20,20,1,5,low,high,RISK,2
1,1,0,1,Salaried,3601,No,Owns,1,4,3,18,5,RETAIL PHARMACY (UP TO A 30-DAY SUPPLY),GENERIC,CO-PAY IN $,15,20,10,10,20,1,5,low,high,RISK,2
0,0,0,1,Bonus,861,No,Owns,8,2,25,18,5,RETAIL PHARMACY (UP TO A 30-DAY SUPPLY),GENERIC,CO-PAY IN $,10,20,10,15,20,1,5,low,high,RISK,2
0,1,1,1,Salaried,2240,Yes,Rents,8,10,10,18,5,RETAIL PHARMACY (UP TO A 30-DAY SUPPLY),GENERIC,CO-PAY IN $,20,10,15,10,20,1,5,low,high,RISK,2
0,0,0,0,Hourly,2384,No,Rents,1,7,6,18,5,RETAIL PHARMACY (UP TO A 30-DAY SUPPLY),GENERIC,CO-PAY IN $,10,20,10,15,20,1,5,low,high,RISK,2
0,0,0,0,Bonus,2363,Yes,Rents,6,5,5,18,5,RETAIL PHARMACY (UP TO A 30-DAY SUPPLY),GENERIC,CO-PAY IN $,15,20,10,10,20,1,5,low,high,RISK,2
0,0,1,0,Salaried,4539,No,Owns,3,10,8,18,5,RETAIL PHARMACY (UP TO A 30-DAY SUPPLY),GENERIC,CO-PAY IN $,15,10,10,20,20,1,5,low,high,RISK,2
0,0,0,0,Bonus,489,No,Rents,3,0,4,18,5,RETAIL PHARMACY (UP TO A 30-DAY SUPPLY),GENERIC,CO-PAY IN $,20,10,15,10,20,1,5,low,high,RISK,2
0,1,0,1,Bonus,4623,Yes,Owns,2,9,1,18,5,RETAIL PHARMACY (UP TO A 30-DAY SUPPLY),GENERIC,CO-PAY IN $,20,15,10,10,20,1,5,low,high,RISK,2
0,0,0,0,Salaried,153,Yes,Owns,0,4,5,18,5,RETAIL PHARMACY (UP TO A 30-DAY SUPPLY),GENERIC,CO-PAY IN $,10,10,20,15,20,1,5,low,high,RISK,2
0,1,1,0,Salaried,3954,No,Owns,1,1,2,18,5,RETAIL PHARMACY (UP TO A 30-DAY SUPPLY),GENERIC,CO-PAY IN $,10,20,10,15,20,1,5,low,high,RISK,2
0,0,0,0,Salaried,4742,No,Rents,0,6,5,18,5,RETAIL PHARMACY (UP TO A 30-DAY SUPPLY),GENERIC,CO-PAY IN $,10,20,15,10,20,1,5,low,high,RISK,2
0,0,0,0,Hourly,3289,No,Rents,8,1,13,18,5,RETAIL PHARMACY (UP TO A 30-DAY SUPPLY),GENERIC,CO-PAY IN $,15,10,20,10,20,1,5,low,high,RISK,2
0,0,0,0,Bonus,3409,Yes,Rents,6,3,4,18,5,RETAIL PHARMACY (UP TO A 30-DAY SUPPLY),GENERIC,CO-PAY IN $,10,10,15,20,20,1,5,low,high,RISK,2
0,0,1,0,Bonus,3179,No,Rents,2,2,0,18,5,RETAIL PHARMACY (UP TO A 30-DAY SUPPLY),GENERIC,CO-PAY IN $,10,20,10,15,20,1,5,low,high,RISK,2
0,0,0,0,Bonus,4271,No,Rents,3,5,12,18,5,RETAIL PHARMACY (UP TO A 30-DAY SUPPLY),GENERIC,CO-PAY IN $,15,10,10,20,20,1,5,low,high,RISK,2
0,0,0,0,Hourly,4605,Yes,Rents,4,6,13,18,5,RETAIL PHARMACY (UP TO A 30-DAY SUPPLY),GENERIC,CO-PAY IN $,10,10,15,20,20,1,5,low,high,RISK,2
0,1,1,1,Salaried,3042,Yes,Rents,1,4,5,18,5,RETAIL PHARMACY (UP TO A 30-DAY SUPPLY),GENERIC,CO-PAY IN $,20,10,15,10,20,1,5,low,high,RISK,2
0,1,1,0,Hourly,170,No,Rents,9,4,8,18,5,RETAIL PHARMACY (UP TO A 30-DAY SUPPLY),GENERIC,CO-PAY IN $,10,10,20,15,20,1,5,low,high,RISK,2
0,0,0,1,Salaried,2062,No,Rents,2,9,4,18,5,RETAIL PHARMACY (UP TO A 30-DAY SUPPLY),GENERIC,CO-PAY IN $,20,10,10,15,20,1,5,low,high,RISK,2
1,0,1,1,Bonus,1962,No,Rents,0,7,9,18,5,RETAIL PHARMACY (UP TO A 30-DAY SUPPLY),GENERIC,CO-PAY IN $,20,10,15,10,20,1,5,low,high,RISK,2
0,0,0,0,Bonus,1006,No,Owns,5,5,23,18,5,RETAIL PHARMACY (UP TO A 30-DAY SUPPLY),GENERIC,CO-PAY IN $,15,20,10,10,20,1,5,low,high,RISK,2
0,1,0,1,Salaried,4555,No,Rents,2,1,9,18,5,RETAIL PHARMACY (UP TO A 30-DAY SUPPLY),GENERIC,CO-PAY IN $,15,20,10,10,20,1,5,low,high,RISK,2
1,0,1,0,Bonus,458,No,Rents,4,8,6,18,5,RETAIL PHARMACY (UP TO A 30-DAY SUPPLY),GENERIC,CO-PAY IN $,10,15,20,10,20,1,5,low,high,RISK,2
1,0,1,0,Hourly,1593,No,Owns,0,2,1,18,5,RETAIL PHARMACY (UP TO A 30-DAY SUPPLY),GENERIC,CO-PAY IN $,10,10,20,15,20,1,5,low,high,RISK,2
0,1,0,0,Hourly,4519,Yes,Owns,4,10,2,18,5,RETAIL PHARMACY (UP TO A 30-DAY SUPPLY),GENERIC,CO-PAY IN $,20,10,15,10,20,1,5,low,high,RISK,2
0,1,0,0,Bonus,2639,No,Rents,0,4,3,18,5,RETAIL PHARMACY (UP TO A 30-DAY SUPPLY),GENERIC,CO-PAY IN $,15,10,10,20,20,1,5,low,high,RISK,2
0,0,1,0,Hourly,2563,Yes,Rents,8,2,25,18,5,RETAIL PHARMACY (UP TO A 30-DAY SUPPLY),GENERIC,CO-PAY IN $,10,20,10,15,20,1,5,low,high,RISK,2
0,0,1,1,Bonus,2810,Yes,Owns,8,10,10,18,5,RETAIL PHARMACY (UP TO A 30-DAY SUPPLY),GENERIC,CO-PAY IN $,10,10,15,20,20,1,5,low,high,RISK,2
0,0,0,1,Hourly,2954,Yes,Owns,10,7,6,18,5,RETAIL PHARMACY (UP TO A 30-DAY SUPPLY),GENERIC,CO-PAY IN $,15,20,10,10,20,1,5,low,high,RISK,2
0,0,1,0,Hourly,2299,Yes,Owns,6,5,5,18,5,RETAIL PHARMACY (UP TO A 30-DAY SUPPLY),GENERIC,CO-PAY IN $,10,20,10,15,20,1,5,low,high,RISK,2
0,0,1,1,Hourly,1155,No,Rents,1,10,8,18,5,RETAIL PHARMACY (UP TO A 30-DAY SUPPLY),GENERIC,CO-PAY IN $,10,20,10,15,20,1,5,low,high,RISK,2
1,0,1,0,Bonus,1856,Yes,Rents,7,0,4,18,5,RETAIL PHARMACY (UP TO A 30-DAY SUPPLY),GENERIC,CO-PAY IN $,15,10,10,20,20,1,5,low,high,RISK,2
1,1,0,0,Salaried,3352,Yes,Rents,1,9,1,18,5,RETAIL PHARMACY (UP TO A 30-DAY SUPPLY),GENERIC,CO-PAY IN $,15,10,20,10,20,1,5,low,high,RISK,2
1,0,0,0,Hourly,3735,Yes,Owns,8,4,5,18,5,RETAIL PHARMACY (UP TO A 30-DAY SUPPLY),GENERIC,CO-PAY IN $,20,10,15,10,20,1,5,low,high,RISK,2
1,0,0,1,Salaried,1125,Yes,Rents,1,1,2,18,5,RETAIL PHARMACY (UP TO A 30-DAY SUPPLY),GENERIC,CO-PAY IN $,10,15,10,20,20,1,5,low,high,RISK,2
1,0,1,0,Bonus,4695,No,Owns,0,6,5,18,5,RETAIL PHARMACY (UP TO A 30-DAY SUPPLY),GENERIC,CO-PAY IN $,10,20,15,10,20,1,5,low,high,RISK,2
0,0,0,1,Salaried,1210,No,Rents,9,1,13,18,5,RETAIL PHARMACY (UP TO A 30-DAY SUPPLY),GENERIC,CO-PAY IN $,20,15,10,10,20,1,5,low,high,RISK,2
1,1,1,0,Bonus,3149,No,Owns,1,3,4,18,5,RETAIL PHARMACY (UP TO A 30-DAY SUPPLY),GENERIC,CO-PAY IN $,20,10,10,15,20,1,5,low,high,RISK,2
1,0,0,0,Bonus,3757,No,Rents,1,2,0,18,5,RETAIL PHARMACY (UP TO A 30-DAY SUPPLY),GENERIC,CO-PAY IN $,10,15,10,20,20,1,5,low,high,RISK,2
1,0,1,1,Salaried,4038,Yes,Rents,5,5,12,18,5,RETAIL PHARMACY (UP TO A 30-DAY SUPPLY),GENERIC,CO-PAY IN $,10,15,10,20,20,1,5,low,high,RISK,2
0,0,0,1,Bonus,381,No,Owns,2,6,13,18,5,RETAIL PHARMACY (UP TO A 30-DAY SUPPLY),GENERIC,CO-PAY IN $,15,10,10,20,20,1,5,low,high,RISK,2
0,0,0,0,Hourly,2879,Yes,Rents,9,4,5,18,5,RETAIL PHARMACY (UP TO A 30-DAY SUPPLY),GENERIC,CO-PAY IN $,10,15,10,20,20,1,5,low,high,RISK,2
0,1,0,0,Hourly,2246,No,Owns,9,4,8,18,5,RETAIL PHARMACY (UP TO A 30-DAY SUPPLY),GENERIC,CO-PAY IN $,20,10,10,15,20,1,5,low,high,RISK,2
0,1,0,0,Hourly,3337,No,Rents,1,9,4,18,5,RETAIL PHARMACY (UP TO A 30-DAY SUPPLY),GENERIC,CO-PAY IN $,10,15,20,10,20,1,5,low,high,RISK,2
1,0,0,0,Hourly,874,No,Owns,9,7,9,18,5,RETAIL PHARMACY (UP TO A 30-DAY SUPPLY),GENERIC,CO-PAY IN $,20,10,10,15,20,1,5,low,high,RISK,2
0,1,0,0,Hourly,4470,Yes,Owns,0,5,23,18,5,RETAIL PHARMACY (UP TO A 30-DAY SUPPLY),GENERIC,CO-PAY IN $,20,10,15,10,20,1,5,low,high,RISK,2
1,0,1,0,Hourly,3252,Yes,Owns,4,1,9,18,5,RETAIL PHARMACY (UP TO A 30-DAY SUPPLY),GENERIC,CO-PAY IN $,20,10,10,15,20,1,5,low,high,RISK,2
0,1,0,0,Hourly,176,Yes,Rents,3,8,6,18,5,RETAIL PHARMACY (UP TO A 30-DAY SUPPLY),GENERIC,CO-PAY IN $,10,15,10,20,20,1,5,low,high,RISK,2
0,0,1,0,Hourly,3681,Yes,Owns,1,2,1,18,5,RETAIL PHARMACY (UP TO A 30-DAY SUPPLY),GENERIC,CO-PAY IN $,15,10,10,20,20,1,5,low,high,RISK,2
0,1,1,1,Hourly,1019,Yes,Owns,8,10,2,18,5,RETAIL PHARMACY (UP TO A 30-DAY SUPPLY),GENERIC,CO-PAY IN $,15,10,20,10,20,1,5,low,high,RISK,2
0,1,1,0,Bonus,4493,Yes,Owns,10,4,3,18,5,RETAIL PHARMACY (UP TO A 30-DAY SUPPLY),GENERIC,CO-PAY IN $,10,10,20,15,20,1,5,low,high,RISK,2
0,1,1,0,Salaried,1012,Yes,Owns,8,2,25,18,5,RETAIL PHARMACY (UP TO A 30-DAY SUPPLY),GENERIC,CO-PAY IN $,15,10,20,10,20,1,5,low,high,RISK,2
0,0,0,0,Bonus,1248,Yes,Rents,1,10,10,18,5,RETAIL PHARMACY (UP TO A 30-DAY SUPPLY),GENERIC,CO-PAY IN $,15,10,10,20,20,1,5,low,high,RISK,2
0,0,0,0,Salaried,1214,No,Owns,1,7,6,18,5,RETAIL PHARMACY (UP TO A 30-DAY SUPPLY),GENERIC,CO-PAY IN $,10,10,20,15,20,1,5,low,high,RISK,2
1,0,0,0,Salaried,2852,Yes,Rents,1,5,5,18,5,RETAIL PHARMACY (UP TO A 30-DAY SUPPLY),GENERIC,CO-PAY IN $,20,15,10,10,20,1,5,low,high,RISK,2
0,0,0,0,Bonus,1440,Yes,Owns,4,10,8,18,5,RETAIL PHARMACY (UP TO A 30-DAY SUPPLY),GENERIC,CO-PAY IN $,10,15,10,20,20,1,5,low,high,RISK,2
1,0,1,0,Bonus,2951,No,Owns,4,0,4,18,5,RETAIL PHARMACY (UP TO A 30-DAY SUPPLY),GENERIC,CO-PAY IN $,20,10,10,15,20,1,5,low,high,RISK,2
2,1,0,2,Salaried,4377,No,Rents,10,19,27,18,6,RETAIL PHARMACY (UP TO A 30-DAY SUPPLY),GENERIC,CO-PAY IN $,15,10,10,20,15,2,10,low,high,RISK,2
0,1,1,0,Salaried,1919,No,Owns,10,15,31,18,6,RETAIL PHARMACY (UP TO A 30-DAY SUPPLY),GENERIC,CO-PAY IN $,10,15,10,20,15,2,10,low,high,RISK,2
1,1,0,0,Salaried,4671,Yes,Rents,15,12,28,18,6,RETAIL PHARMACY (UP TO A 30-DAY SUPPLY),GENERIC,CO-PAY IN $,10,10,20,15,15,2,10,low,high,RISK,2
2,1,0,0,Bonus,1139,No,Owns,13,16,31,18,6,RETAIL PHARMACY (UP TO A 30-DAY SUPPLY),GENERIC,CO-PAY IN $,15,20,10,10,15,2,10,low,high,RISK,2
1,1,2,1,Bonus,3085,No,Rents,9,12,39,18,6,RETAIL PHARMACY (UP TO A 30-DAY SUPPLY),GENERIC,CO-PAY IN $,10,10,20,15,15,2,10,low,high,RISK,2
0,1,2,0,Salaried,912,Yes,Rents,16,14,30,18,6,RETAIL PHARMACY (UP TO A 30-DAY SUPPLY),GENERIC,CO-PAY IN $,15,10,10,20,15,2,10,low,high,RISK,2
1,0,2,1,Hourly,3561,Yes,Owns,12,13,26,18,6,RETAIL PHARMACY (UP TO A 30-DAY SUPPLY),GENERIC,CO-PAY IN $,10,10,15,20,15,2,10,low,high,RISK,2
1,2,0,0,Hourly,4350,No,Rents,7,16,37,18,6,RETAIL PHARMACY (UP TO A 30-DAY SUPPLY),GENERIC,CO-PAY IN $,10,10,20,15,15,2,10,low,high,RISK,2
2,2,1,2,Salaried,3664,No,Owns,7,16,39,18,6,RETAIL PHARMACY (UP TO A 30-DAY SUPPLY),GENERIC,CO-PAY IN $,15,10,20,10,15,2,10,low,high,RISK,2
0,0,0,1,Bonus,1972,Yes,Owns,17,14,30,18,6,RETAIL PHARMACY (UP TO A 30-DAY SUPPLY),GENERIC,CO-PAY IN $,20,10,10,15,15,2,10,low,high,RISK,2
1,0,2,2,Salaried,1235,Yes,Rents,14,14,34,18,6,RETAIL PHARMACY (UP TO A 30-DAY SUPPLY),GENERIC,CO-PAY IN $,20,15,10,10,15,2,10,low,high,RISK,2
0,2,0,1,Bonus,2294,Yes,Owns,10,19,30,18,6,RETAIL PHARMACY (UP TO A 30-DAY SUPPLY),GENERIC,CO-PAY IN $,10,20,10,15,15,2,10,low,high,RISK,2
0,1,2,0,Salaried,4592,Yes,Rents,16,17,35,18,6,RETAIL PHARMACY (UP TO A 30-DAY SUPPLY),GENERIC,CO-PAY IN $,10,10,20,15,15,2,10,low,high,RISK,2
0,0,1,1,Hourly,2183,Yes,Owns,6,15,48,18,6,RETAIL PHARMACY (UP TO A 30-DAY SUPPLY),GENERIC,CO-PAY IN $,10,15,20,10,15,2,10,low,high,RISK,2
1,1,2,1,Salaried,1622,Yes,Rents,8,12,35,18,6,RETAIL PHARMACY (UP TO A 30-DAY SUPPLY),GENERIC,CO-PAY IN $,10,15,20,10,15,2,10,low,high,RISK,2
1,2,1,2,Salaried,4259,Yes,Rents,6,18,32,18,6,RETAIL PHARMACY (UP TO A 30-DAY SUPPLY),GENERIC,CO-PAY IN $,20,10,15,10,15,2,10,low,high,RISK,2
2,1,1,2,Salaried,4138,No,Owns,17,13,27,18,6,RETAIL PHARMACY (UP TO A 30-DAY SUPPLY),GENERIC,CO-PAY IN $,20,15,10,10,15,2,10,low,high,RISK,2
2,0,1,2,Bonus,2742,No,Owns,17,20,28,18,6,RETAIL PHARMACY (UP TO A 30-DAY SUPPLY),GENERIC,CO-PAY IN $,10,20,15,10,15,2,10,low,high,RISK,2
1,1,0,2,Bonus,4027,Yes,Rents,8,14,29,18,6,RETAIL PHARMACY (UP TO A 30-DAY SUPPLY),GENERIC,CO-PAY IN $,15,10,10,20,15,2,10,low,high,RISK,2
1,1,0,0,Bonus,3643,No,Rents,16,13,50,18,6,RETAIL PHARMACY (UP TO A 30-DAY SUPPLY),GENERIC,CO-PAY IN $,10,15,10,20,15,2,10,low,high,RISK,2
1,0,2,0,Salaried,1855,No,Rents,17,20,35,18,6,RETAIL PHARMACY (UP TO A 30-DAY SUPPLY),GENERIC,CO-PAY IN $,15,10,20,10,15,2,10,low,high,RISK,2
1,2,0,1,Bonus,4199,No,Owns,14,17,32,18,6,RETAIL PHARMACY (UP TO A 30-DAY SUPPLY),GENERIC,CO-PAY IN $,20,15,10,10,15,2,10,low,high,RISK,2
0,2,1,0,Salaried,358,No,Rents,12,16,31,18,6,RETAIL PHARMACY (UP TO A 30-DAY SUPPLY),GENERIC,CO-PAY IN $,10,15,20,10,15,2,10,low,high,RISK,2
1,1,1,1,Salaried,2175,No,Owns,16,20,34,18,6,RETAIL PHARMACY (UP TO A 30-DAY SUPPLY),GENERIC,CO-PAY IN $,10,15,20,10,15,2,10,low,high,RISK,2
1,1,0,0,Bonus,2804,No,Owns,11,11,30,18,6,RETAIL PHARMACY (UP TO A 30-DAY SUPPLY),GENERIC,CO-PAY IN $,15,10,20,10,15,2,10,low,high,RISK,2
2,1,2,1,Bonus,2793,Yes,Owns,17,19,27,18,6,RETAIL PHARMACY (UP TO A 30-DAY SUPPLY),GENERIC,CO-PAY IN $,10,20,10,15,15,2,10,low,high,RISK,2
2,0,2,0,Salaried,1366,No,Owns,14,15,31,18,6,RETAIL PHARMACY (UP TO A 30-DAY SUPPLY),GENERIC,CO-PAY IN $,15,20,10,10,15,2,10,low,high,RISK,2
0,1,1,2,Salaried,3990,No,Rents,13,12,28,18,6,RETAIL PHARMACY (UP TO A 30-DAY SUPPLY),GENERIC,CO-PAY IN $,10,20,15,10,15,2,10,low,high,RISK,2
0,1,1,0,Salaried,1625,No,Owns,16,16,31,18,6,RETAIL PHARMACY (UP TO A 30-DAY SUPPLY),GENERIC,CO-PAY IN $,10,20,10,15,15,2,10,low,high,RISK,2
1,2,0,0,Hourly,1178,No,Owns,5,12,39,18,6,RETAIL PHARMACY (UP TO A 30-DAY SUPPLY),GENERIC,CO-PAY IN $,15,10,10,20,15,2,10,low,high,RISK,2
1,1,0,0,Hourly,2665,No,Rents,8,14,30,18,6,RETAIL PHARMACY (UP TO A 30-DAY SUPPLY),GENERIC,CO-PAY IN $,10,10,15,20,15,2,10,low,high,RISK,2
1,1,2,0,Hourly,4144,No,Owns,9,13,26,18,6,RETAIL PHARMACY (UP TO A 30-DAY SUPPLY),GENERIC,CO-PAY IN $,10,15,20,10,15,2,10,low,high,RISK,2
1,1,2,0,Hourly,2547,Yes,Owns,14,16,37,18,6,RETAIL PHARMACY (UP TO A 30-DAY SUPPLY),GENERIC,CO-PAY IN $,10,10,15,20,15,2,10,low,high,RISK,2
1,1,1,0,Hourly,152,Yes,Owns,15,16,39,18,6,RETAIL PHARMACY (UP TO A 30-DAY SUPPLY),GENERIC,CO-PAY IN $,15,10,10,20,15,2,10,low,high,RISK,2
0,0,0,0,Bonus,2909,Yes,Rents,9,14,30,18,6,RETAIL PHARMACY (UP TO A 30-DAY SUPPLY),GENERIC,CO-PAY IN $,20,10,15,10,15,2,10,low,high,RISK,2
2,2,1,1,Bonus,2404,Yes,Owns,11,14,34,18,6,RETAIL PHARMACY (UP TO A 30-DAY SUPPLY),GENERIC,CO-PAY IN $,15,10,20,10,15,2,10,low,high,RISK,2
2,0,1,2,Bonus,144,Yes,Owns,10,19,30,18,6,RETAIL PHARMACY (UP TO A 30-DAY SUPPLY),GENERIC,CO-PAY IN $,10,20,10,15,15,2,10,low,high,RISK,2
2,0,1,0,Hourly,2250,No,Owns,11,17,35,18,6,RETAIL PHARMACY (UP TO A 30-DAY SUPPLY),GENERIC,CO-PAY IN $,20,10,15,10,15,2,10,low,high,RISK,2
2,0,0,0,Hourly,4826,No,Owns,10,15,48,18,6,RETAIL PHARMACY (UP TO A 30-DAY SUPPLY),GENERIC,CO-PAY IN $,20,15,10,10,15,2,10,low,high,RISK,2
1,1,0,0,Salaried,792,No,Owns,12,12,35,18,6,RETAIL PHARMACY (UP TO A 30-DAY SUPPLY),GENERIC,CO-PAY IN $,20,15,10,10,15,2,10,low,high,RISK,2
0,2,0,1,Hourly,3429,No,Rents,15,18,32,18,6,RETAIL PHARMACY (UP TO A 30-DAY SUPPLY),GENERIC,CO-PAY IN $,10,20,10,15,15,2,10,low,high,RISK,2
0,2,0,1,Hourly,1596,Yes,Owns,11,13,27,18,6,RETAIL PHARMACY (UP TO A 30-DAY SUPPLY),GENERIC,CO-PAY IN $,15,20,10,10,15,2,10,low,high,RISK,2
1,1,2,0,Salaried,83,Yes,Owns,7,20,28,18,6,RETAIL PHARMACY (UP TO A 30-DAY SUPPLY),GENERIC,CO-PAY IN $,10,15,20,10,15,2,10,low,high,RISK,2
1,2,0,2,Salaried,3601,No,Owns,6,14,29,18,6,RETAIL PHARMACY (UP TO A 30-DAY SUPPLY),GENERIC,CO-PAY IN $,10,15,20,10,15,2,10,low,high,RISK,2
1,1,0,1,Bonus,861,No,Owns,15,13,50,18,6,RETAIL PHARMACY (UP TO A 30-DAY SUPPLY),GENERIC,CO-PAY IN $,10,20,10,15,15,2,10,low,high,RISK,2
0,2,2,2,Salaried,2240,Yes,Rents,15,20,35,18,6,RETAIL PHARMACY (UP TO A 30-DAY SUPPLY),GENERIC,CO-PAY IN $,10,10,20,15,15,2,10,low,high,RISK,2
1,0,0,0,Hourly,2384,No,Rents,6,17,32,18,6,RETAIL PHARMACY (UP TO A 30-DAY SUPPLY),GENERIC,CO-PAY IN $,10,15,10,20,15,2,10,low,high,RISK,2
0,0,0,0,Bonus,2363,Yes,Rents,12,16,31,18,6,RETAIL PHARMACY (UP TO A 30-DAY SUPPLY),GENERIC,CO-PAY IN $,10,10,20,15,15,2,10,low,high,RISK,2
1,1,2,0,Salaried,4539,No,Owns,10,20,34,18,6,RETAIL PHARMACY (UP TO A 30-DAY SUPPLY),GENERIC,CO-PAY IN $,10,15,20,10,15,2,10,low,high,RISK,2
1,1,0,0,Bonus,489,No,Rents,9,11,30,18,6,RETAIL PHARMACY (UP TO A 30-DAY SUPPLY),GENERIC,CO-PAY IN $,20,10,15,10,15,2,10,low,high,RISK,2
1,2,0,2,Bonus,4623,Yes,Owns,7,19,27,18,6,RETAIL PHARMACY (UP TO A 30-DAY SUPPLY),GENERIC,CO-PAY IN $,10,20,10,15,15,2,10,low,high,RISK,2
1,0,0,0,Salaried,153,Yes,Owns,5,15,31,18,6,RETAIL PHARMACY (UP TO A 30-DAY SUPPLY),GENERIC,CO-PAY IN $,15,10,20,10,15,2,10,low,high,RISK,2
0,2,2,1,Salaried,3954,No,Owns,6,12,28,18,6,RETAIL PHARMACY (UP TO A 30-DAY SUPPLY),GENERIC,CO-PAY IN $,20,15,10,10,15,2,10,low,high,RISK,2
0,1,0,0,Salaried,4742,No,Rents,5,16,31,18,6,RETAIL PHARMACY (UP TO A 30-DAY SUPPLY),GENERIC,CO-PAY IN $,10,10,15,20,15,2,10,low,high,RISK,2
0,0,0,1,Hourly,3289,No,Rents,15,12,39,18,6,RETAIL PHARMACY (UP TO A 30-DAY SUPPLY),GENERIC,CO-PAY IN $,15,10,20,10,15,2,10,low,high,RISK,2
0,0,1,1,Bonus,3409,Yes,Rents,13,14,30,18,6,RETAIL PHARMACY (UP TO A 30-DAY SUPPLY),GENERIC,CO-PAY IN $,15,20,10,10,15,2,10,low,high,RISK,2
0,0,2,1,Bonus,3179,No,Rents,8,13,26,18,6,RETAIL PHARMACY (UP TO A 30-DAY SUPPLY),GENERIC,CO-PAY IN $,15,10,10,20,15,2,10,low,high,RISK,2
0,0,0,1,Bonus,4271,No,Rents,9,16,37,18,6,RETAIL PHARMACY (UP TO A 30-DAY SUPPLY),GENERIC,CO-PAY IN $,10,20,15,10,15,2,10,low,high,RISK,2
0,0,0,0,Hourly,4605,Yes,Rents,10,16,39,18,6,RETAIL PHARMACY (UP TO A 30-DAY SUPPLY),GENERIC,CO-PAY IN $,10,15,10,20,15,2,10,low,high,RISK,2
0,2,2,2,Salaried,3042,Yes,Rents,6,14,30,18,6,RETAIL PHARMACY (UP TO A 30-DAY SUPPLY),GENERIC,CO-PAY IN $,10,10,15,20,15,2,10,low,high,RISK,2
0,2,2,0,Hourly,170,No,Rents,16,14,34,18,6,RETAIL PHARMACY (UP TO A 30-DAY SUPPLY),GENERIC,CO-PAY IN $,15,10,10,20,15,2,10,low,high,RISK,2
0,1,0,2,Salaried,2062,No,Rents,7,19,30,18,6,RETAIL PHARMACY (UP TO A 30-DAY SUPPLY),GENERIC,CO-PAY IN $,15,10,10,20,15,2,10,low,high,RISK,2
1,1,2,2,Bonus,1962,No,Rents,5,17,35,18,6,RETAIL PHARMACY (UP TO A 30-DAY SUPPLY),GENERIC,CO-PAY IN $,15,20,10,10,15,2,10,low,high,RISK,2
0,0,0,0,Bonus,1006,No,Owns,11,15,48,18,6,RETAIL PHARMACY (UP TO A 30-DAY SUPPLY),GENERIC,CO-PAY IN $,10,20,15,10,15,2,10,low,high,RISK,2
0,2,1,2,Salaried,4555,No,Rents,8,12,35,18,6,RETAIL PHARMACY (UP TO A 30-DAY SUPPLY),GENERIC,CO-PAY IN $,15,10,10,20,15,2,10,low,high,RISK,2
2,1,1,0,Bonus,458,No,Rents,10,18,32,18,6,RETAIL PHARMACY (UP TO A 30-DAY SUPPLY),GENERIC,CO-PAY IN $,10,15,20,10,15,2,10,low,high,RISK,2
2,0,2,1,Hourly,1593,No,Owns,5,13,27,18,6,RETAIL PHARMACY (UP TO A 30-DAY SUPPLY),GENERIC,CO-PAY IN $,15,10,20,10,15,2,10,low,high,RISK,2
0,2,0,1,Hourly,4519,Yes,Owns,11,20,28,18,6,RETAIL PHARMACY (UP TO A 30-DAY SUPPLY),GENERIC,CO-PAY IN $,20,15,10,10,15,2,10,low,high,RISK,2
0,1,0,0,Bonus,2639,No,Rents,5,14,29,18,6,RETAIL PHARMACY (UP TO A 30-DAY SUPPLY),GENERIC,CO-PAY IN $,20,10,10,15,15,2,10,low,high,RISK,2
0,0,2,1,Hourly,2563,Yes,Rents,15,13,50,18,6,RETAIL PHARMACY (UP TO A 30-DAY SUPPLY),GENERIC,CO-PAY IN $,10,20,15,10,15,2,10,low,high,RISK,2
0,1,2,1,Bonus,2810,Yes,Owns,15,20,35,18,6,RETAIL PHARMACY (UP TO A 30-DAY SUPPLY),GENERIC,CO-PAY IN $,15,10,10,20,15,2,10,low,high,RISK,2
1,1,0,1,Hourly,2954,Yes,Owns,18,17,32,18,6,RETAIL PHARMACY (UP TO A 30-DAY SUPPLY),GENERIC,CO-PAY IN $,20,10,15,10,15,2,10,low,high,RISK,2
1,0,2,0,Hourly,2299,Yes,Owns,13,16,31,18,6,RETAIL PHARMACY (UP TO A 30-DAY SUPPLY),GENERIC,CO-PAY IN $,15,10,20,10,15,2,10,low,high,RISK,2
0,0,1,2,Hourly,1155,No,Rents,6,20,34,18,6,RETAIL PHARMACY (UP TO A 30-DAY SUPPLY),GENERIC,CO-PAY IN $,10,20,10,15,15,2,10,low,high,RISK,2
1,0,2,0,Bonus,1856,Yes,Rents,14,11,30,18,6,RETAIL PHARMACY (UP TO A 30-DAY SUPPLY),GENERIC,CO-PAY IN $,20,10,15,10,15,2,10,low,high,RISK,2
2,1,1,0,Salaried,3352,Yes,Rents,6,19,27,18,6,RETAIL PHARMACY (UP TO A 30-DAY SUPPLY),GENERIC,CO-PAY IN $,10,20,15,10,15,2,10,low,high,RISK,2
2,0,0,1,Hourly,3735,Yes,Owns,15,15,31,18,6,RETAIL PHARMACY (UP TO A 30-DAY SUPPLY),GENERIC,CO-PAY IN $,15,10,20,10,15,2,10,low,high,RISK,2
2,1,0,2,Salaried,1125,Yes,Rents,6,12,28,18,6,RETAIL PHARMACY (UP TO A 30-DAY SUPPLY),GENERIC,CO-PAY IN $,10,10,15,20,15,2,10,low,high,RISK,2
2,0,1,0,Bonus,4695,No,Owns,5,16,31,18,6,RETAIL PHARMACY (UP TO A 30-DAY SUPPLY),GENERIC,CO-PAY IN $,15,10,20,10,15,2,10,low,high,RISK,2
1,1,1,1,Salaried,1210,No,Rents,17,12,39,18,6,RETAIL PHARMACY (UP TO A 30-DAY SUPPLY),GENERIC,CO-PAY IN $,10,15,20,10,15,2,10,low,high,RISK,2
1,2,1,0,Bonus,3149,No,Owns,6,14,30,18,6,RETAIL PHARMACY (UP TO A 30-DAY SUPPLY),GENERIC,CO-PAY IN $,10,20,10,15,15,2,10,low,high,RISK,2
1,1,1,1,Bonus,3757,No,Rents,6,13,26,18,6,RETAIL PHARMACY (UP TO A 30-DAY SUPPLY),GENERIC,CO-PAY IN $,20,10,10,15,15,2,10,low,high,RISK,2
1,0,2,1,Salaried,4038,Yes,Rents,12,16,37,18,6,RETAIL PHARMACY (UP TO A 30-DAY SUPPLY),GENERIC,CO-PAY IN $,10,10,20,15,15,2,10,low,high,RISK,2
0,0,0,2,Bonus,381,No,Owns,8,16,39,18,6,RETAIL PHARMACY (UP TO A 30-DAY SUPPLY),GENERIC,CO-PAY IN $,10,15,10,20,15,2,10,low,high,RISK,2
0,0,1,1,Hourly,2879,Yes,Rents,16,14,30,18,6,RETAIL PHARMACY (UP TO A 30-DAY SUPPLY),GENERIC,CO-PAY IN $,15,10,10,20,15,2,10,low,high,RISK,2
1,2,0,0,Hourly,2246,No,Owns,17,14,34,18,6,RETAIL PHARMACY (UP TO A 30-DAY SUPPLY),GENERIC,CO-PAY IN $,15,20,10,10,15,2,10,low,high,RISK,2
0,2,1,0,Hourly,3337,No,Rents,7,19,30,18,6,RETAIL PHARMACY (UP TO A 30-DAY SUPPLY),GENERIC,CO-PAY IN $,10,15,10,20,15,2,10,low,high,RISK,2
1,1,1,1,Hourly,874,No,Owns,17,17,35,18,6,RETAIL PHARMACY (UP TO A 30-DAY SUPPLY),GENERIC,CO-PAY IN $,15,20,10,10,15,2,10,low,high,RISK,2
0,1,0,0,Hourly,4470,Yes,Owns,6,15,48,18,6,RETAIL PHARMACY (UP TO A 30-DAY SUPPLY),GENERIC,CO-PAY IN $,10,15,10,20,15,2,10,low,high,RISK,2
2,0,1,1,Hourly,3252,Yes,Owns,10,12,35,18,6,RETAIL PHARMACY (UP TO A 30-DAY SUPPLY),GENERIC,CO-PAY IN $,15,10,10,20,15,2,10,low,high,RISK,2
0,2,0,1,Hourly,176,Yes,Rents,9,18,32,18,6,RETAIL PHARMACY (UP TO A 30-DAY SUPPLY),GENERIC,CO-PAY IN $,20,10,15,10,15,2,10,low,high,RISK,2
1,0,2,0,Hourly,3681,Yes,Owns,6,13,27,18,6,RETAIL PHARMACY (UP TO A 30-DAY SUPPLY),GENERIC,CO-PAY IN $,15,10,10,20,15,2,10,low,high,RISK,2
1,2,1,2,Hourly,1019,Yes,Owns,15,20,28,18,6,RETAIL PHARMACY (UP TO A 30-DAY SUPPLY),GENERIC,CO-PAY IN $,10,15,10,20,15,2,10,low,high,RISK,2
1,2,1,1,Bonus,4493,Yes,Owns,18,14,29,18,6,RETAIL PHARMACY (UP TO A 30-DAY SUPPLY),GENERIC,CO-PAY IN $,15,10,20,10,15,2,10,low,high,RISK,2
0,0,1,1,Bonus,1248,Yes,Rents,7,20,35,18,6,RETAIL PHARMACY (UP TO A 30-DAY SUPPLY),GENERIC,CO-PAY IN $,10,20,10,15,15,2,10,low,high,RISK,2
0,0,1,0,Salaried,1214,No,Owns,6,17,32,18,6,RETAIL PHARMACY (UP TO A 30-DAY SUPPLY),GENERIC,CO-PAY IN $,20,10,10,15,15,2,10,low,high,RISK,2
1,0,1,0,Salaried,2852,Yes,Rents,6,16,31,18,6,RETAIL PHARMACY (UP TO A 30-DAY SUPPLY),GENERIC,CO-PAY IN $,10,10,15,20,15,2,10,low,high,RISK,2
1,0,0,0,Bonus,1440,Yes,Owns,10,20,34,18,6,RETAIL PHARMACY (UP TO A 30-DAY SUPPLY),GENERIC,CO-PAY IN $,15,10,20,10,15,2,10,low,high,RISK,2
1,0,1,0,Bonus,2951,No,Owns,11,11,30,18,6,RETAIL PHARMACY (UP TO A 30-DAY SUPPLY),GENERIC,CO-PAY IN $,20,15,10,10,15,2,10,low,high,RISK,2
3,2,1,3,Salaried,4377,No,Rents,24,48,52,18,7,RETAIL PHARMACY (UP TO A 30-DAY SUPPLY),GENERIC,CO-PAY IN $,15,10,10,20,15,2,20,low,high,RISK,2
1,1,2,1,Salaried,1919,No,Owns,25,33,56,18,7,RETAIL PHARMACY (UP TO A 30-DAY SUPPLY),GENERIC,CO-PAY IN $,10,20,10,15,15,2,20,low,high,RISK,2
2,2,1,1,Salaried,4671,Yes,Rents,33,23,53,18,7,RETAIL PHARMACY (UP TO A 30-DAY SUPPLY),GENERIC,CO-PAY IN $,15,10,20,10,15,2,20,low,high,RISK,2
3,2,1,1,Bonus,1139,No,Owns,29,38,56,18,7,RETAIL PHARMACY (UP TO A 30-DAY SUPPLY),GENERIC,CO-PAY IN $,15,10,10,20,15,2,20,low,high,RISK,2
1,2,3,2,Bonus,3085,No,Rents,23,24,64,18,7,RETAIL PHARMACY (UP TO A 30-DAY SUPPLY),GENERIC,CO-PAY IN $,10,20,15,10,15,2,20,low,high,RISK,2
1,2,3,1,Salaried,912,Yes,Rents,37,29,55,18,7,RETAIL PHARMACY (UP TO A 30-DAY SUPPLY),GENERIC,CO-PAY IN $,10,10,15,20,15,2,20,low,high,RISK,2
2,1,3,2,Hourly,3561,Yes,Owns,28,26,51,18,7,RETAIL PHARMACY (UP TO A 30-DAY SUPPLY),GENERIC,CO-PAY IN $,20,15,10,10,15,2,20,low,high,RISK,2
2,3,1,1,Hourly,4350,No,Rents,19,36,62,18,7,RETAIL PHARMACY (UP TO A 30-DAY SUPPLY),GENERIC,CO-PAY IN $,15,20,10,10,15,2,20,low,high,RISK,2
3,3,2,3,Salaried,3664,No,Owns,18,38,64,18,7,RETAIL PHARMACY (UP TO A 30-DAY SUPPLY),GENERIC,CO-PAY IN $,15,20,10,10,15,2,20,low,high,RISK,2
1,1,1,1,Bonus,1972,Yes,Owns,38,31,55,18,7,RETAIL PHARMACY (UP TO A 30-DAY SUPPLY),GENERIC,CO-PAY IN $,10,10,20,15,15,2,20,low,high,RISK,2
1,1,3,3,Salaried,1235,Yes,Rents,32,31,59,18,7,RETAIL PHARMACY (UP TO A 30-DAY SUPPLY),GENERIC,CO-PAY IN $,20,10,10,15,15,2,20,low,high,RISK,2
1,3,1,2,Bonus,2294,Yes,Owns,25,47,55,18,7,RETAIL PHARMACY (UP TO A 30-DAY SUPPLY),GENERIC,CO-PAY IN $,10,10,20,15,15,2,20,low,high,RISK,2
1,2,3,1,Salaried,4592,Yes,Rents,37,41,60,18,7,RETAIL PHARMACY (UP TO A 30-DAY SUPPLY),GENERIC,CO-PAY IN $,15,10,20,10,15,2,20,low,high,RISK,2
1,1,1,2,Hourly,2183,Yes,Owns,16,35,73,18,7,RETAIL PHARMACY (UP TO A 30-DAY SUPPLY),GENERIC,CO-PAY IN $,20,15,10,10,15,2,20,low,high,RISK,2
2,2,3,2,Salaried,1622,Yes,Rents,21,24,60,18,7,RETAIL PHARMACY (UP TO A 30-DAY SUPPLY),GENERIC,CO-PAY IN $,10,20,10,15,15,2,20,low,high,RISK,2
2,3,1,3,Salaried,4259,Yes,Rents,17,43,57,18,7,RETAIL PHARMACY (UP TO A 30-DAY SUPPLY),GENERIC,CO-PAY IN $,10,10,15,20,15,2,20,low,high,RISK,2
3,2,2,3,Salaried,4138,No,Owns,37,25,52,18,7,RETAIL PHARMACY (UP TO A 30-DAY SUPPLY),GENERIC,CO-PAY IN $,20,10,10,15,15,2,20,low,high,RISK,2
3,1,2,3,Bonus,2742,No,Owns,39,50,53,18,7,RETAIL PHARMACY (UP TO A 30-DAY SUPPLY),GENERIC,CO-PAY IN $,20,10,10,15,15,2,20,low,high,RISK,2
1,1,1,3,Bonus,4027,Yes,Rents,21,31,54,18,7,RETAIL PHARMACY (UP TO A 30-DAY SUPPLY),GENERIC,CO-PAY IN $,10,15,10,20,15,2,20,low,high,RISK,2
2,2,1,1,Bonus,3643,No,Rents,35,26,75,18,7,RETAIL PHARMACY (UP TO A 30-DAY SUPPLY),GENERIC,CO-PAY IN $,10,20,15,10,15,2,20,low,high,RISK,2
2,1,3,1,Salaried,1855,No,Rents,39,49,60,18,7,RETAIL PHARMACY (UP TO A 30-DAY SUPPLY),GENERIC,CO-PAY IN $,10,10,15,20,15,2,20,low,high,RISK,2
1,3,1,1,Bonus,4199,No,Owns,33,40,57,18,7,RETAIL PHARMACY (UP TO A 30-DAY SUPPLY),GENERIC,CO-PAY IN $,20,10,15,10,15,2,20,low,high,RISK,2
1,3,2,1,Salaried,358,No,Rents,28,36,56,18,7,RETAIL PHARMACY (UP TO A 30-DAY SUPPLY),GENERIC,CO-PAY IN $,10,10,15,20,15,2,20,low,high,RISK,2
2,2,2,1,Salaried,2175,No,Owns,35,49,59,18,7,RETAIL PHARMACY (UP TO A 30-DAY SUPPLY),GENERIC,CO-PAY IN $,10,15,20,10,15,2,20,low,high,RISK,2
2,2,1,1,Bonus,2804,No,Owns,26,20,55,18,7,RETAIL PHARMACY (UP TO A 30-DAY SUPPLY),GENERIC,CO-PAY IN $,10,15,10,20,15,2,20,low,high,RISK,2
3,3,3,2,Bonus,2793,Yes,Owns,39,48,52,18,7,RETAIL PHARMACY (UP TO A 30-DAY SUPPLY),GENERIC,CO-PAY IN $,10,15,20,10,15,2,20,low,high,RISK,2
3,1,3,1,Salaried,1366,No,Owns,32,33,56,18,7,RETAIL PHARMACY (UP TO A 30-DAY SUPPLY),GENERIC,CO-PAY IN $,10,20,15,10,15,2,20,low,high,RISK,2
1,2,2,3,Salaried,3990,No,Rents,30,23,53,18,7,RETAIL PHARMACY (UP TO A 30-DAY SUPPLY),GENERIC,CO-PAY IN $,15,10,20,10,15,2,20,low,high,RISK,2
1,2,2,1,Salaried,1625,No,Owns,36,38,56,18,7,RETAIL PHARMACY (UP TO A 30-DAY SUPPLY),GENERIC,CO-PAY IN $,10,20,15,10,15,2,20,low,high,RISK,2
2,3,1,1,Hourly,1178,No,Owns,15,24,64,18,7,RETAIL PHARMACY (UP TO A 30-DAY SUPPLY),GENERIC,CO-PAY IN $,15,10,20,10,15,2,20,low,high,RISK,2
2,1,1,1,Hourly,2665,No,Rents,20,29,55,18,7,RETAIL PHARMACY (UP TO A 30-DAY SUPPLY),GENERIC,CO-PAY IN $,15,10,10,20,15,2,20,low,high,RISK,2
2,3,3,1,Hourly,4144,No,Owns,23,26,51,18,7,RETAIL PHARMACY (UP TO A 30-DAY SUPPLY),GENERIC,CO-PAY IN $,15,20,10,10,15,2,20,low,high,RISK,2
2,1,2,1,Hourly,152,Yes,Owns,34,38,64,18,7,RETAIL PHARMACY (UP TO A 30-DAY SUPPLY),GENERIC,CO-PAY IN $,15,10,20,10,15,2,20,low,high,RISK,2
1,1,1,1,Bonus,2909,Yes,Rents,23,31,55,18,7,RETAIL PHARMACY (UP TO A 30-DAY SUPPLY),GENERIC,CO-PAY IN $,10,20,15,10,15,2,20,low,high,RISK,2
3,3,2,2,Bonus,2404,Yes,Owns,27,31,59,18,7,RETAIL PHARMACY (UP TO A 30-DAY SUPPLY),GENERIC,CO-PAY IN $,10,10,20,15,15,2,20,low,high,RISK,2
3,1,2,3,Bonus,144,Yes,Owns,24,47,55,18,7,RETAIL PHARMACY (UP TO A 30-DAY SUPPLY),GENERIC,CO-PAY IN $,10,15,10,20,15,2,20,low,high,RISK,2
3,1,2,1,Hourly,2250,No,Owns,26,41,60,18,7,RETAIL PHARMACY (UP TO A 30-DAY SUPPLY),GENERIC,CO-PAY IN $,15,10,10,20,15,2,20,low,high,RISK,2
3,1,1,1,Hourly,4826,No,Owns,25,35,73,18,7,RETAIL PHARMACY (UP TO A 30-DAY SUPPLY),GENERIC,CO-PAY IN $,20,15,10,10,15,2,20,low,high,RISK,2
2,2,1,1,Salaried,792,No,Owns,28,24,60,18,7,RETAIL PHARMACY (UP TO A 30-DAY SUPPLY),GENERIC,CO-PAY IN $,10,10,20,15,15,2,20,low,high,RISK,2
1,3,1,2,Hourly,3429,No,Rents,34,43,57,18,7,RETAIL PHARMACY (UP TO A 30-DAY SUPPLY),GENERIC,CO-PAY IN $,10,10,20,15,15,2,20,low,high,RISK,2
1,3,1,2,Hourly,1596,Yes,Owns,27,25,52,18,7,RETAIL PHARMACY (UP TO A 30-DAY SUPPLY),GENERIC,CO-PAY IN $,10,20,10,15,15,2,20,low,high,RISK,2
2,3,3,1,Salaried,83,Yes,Owns,19,50,53,18,7,RETAIL PHARMACY (UP TO A 30-DAY SUPPLY),GENERIC,CO-PAY IN $,15,20,10,10,15,2,20,low,high,RISK,2
2,3,1,3,Salaried,3601,No,Owns,17,31,54,18,7,RETAIL PHARMACY (UP TO A 30-DAY SUPPLY),GENERIC,CO-PAY IN $,20,10,15,10,15,2,20,low,high,RISK,2
2,2,1,2,Bonus,861,No,Owns,34,26,75,18,7,RETAIL PHARMACY (UP TO A 30-DAY SUPPLY),GENERIC,CO-PAY IN $,20,10,10,15,15,2,20,low,high,RISK,2
1,3,3,3,Salaried,2240,Yes,Rents,35,49,60,18,7,RETAIL PHARMACY (UP TO A 30-DAY SUPPLY),GENERIC,CO-PAY IN $,15,10,10,20,15,2,20,low,high,RISK,2
1,1,1,1,Hourly,2384,No,Rents,17,40,57,18,7,RETAIL PHARMACY (UP TO A 30-DAY SUPPLY),GENERIC,CO-PAY IN $,10,20,10,15,15,2,20,low,high,RISK,2
1,1,1,1,Bonus,2363,Yes,Rents,29,36,56,18,7,RETAIL PHARMACY (UP TO A 30-DAY SUPPLY),GENERIC,CO-PAY IN $,20,10,10,15,15,2,20,low,high,RISK,2
2,1,3,1,Salaried,4539,No,Owns,24,49,59,18,7,RETAIL PHARMACY (UP TO A 30-DAY SUPPLY),GENERIC,CO-PAY IN $,20,10,15,10,15,2,20,low,high,RISK,2
2,1,1,1,Bonus,489,No,Rents,23,20,55,18,7,RETAIL PHARMACY (UP TO A 30-DAY SUPPLY),GENERIC,CO-PAY IN $,10,10,20,15,15,2,20,low,high,RISK,2
2,3,1,3,Bonus,4623,Yes,Owns,19,48,52,18,7,RETAIL PHARMACY (UP TO A 30-DAY SUPPLY),GENERIC,CO-PAY IN $,15,20,10,10,15,2,20,low,high,RISK,2
2,1,1,1,Salaried,153,Yes,Owns,15,33,56,18,7,RETAIL PHARMACY (UP TO A 30-DAY SUPPLY),GENERIC,CO-PAY IN $,10,20,10,15,15,2,20,low,high,RISK,2
1,3,3,2,Salaried,3954,No,Owns,17,23,53,18,7,RETAIL PHARMACY (UP TO A 30-DAY SUPPLY),GENERIC,CO-PAY IN $,20,10,10,15,15,2,20,low,high,RISK,2
1,2,1,1,Salaried,4742,No,Rents,15,38,56,18,7,RETAIL PHARMACY (UP TO A 30-DAY SUPPLY),GENERIC,CO-PAY IN $,10,20,10,15,15,2,20,low,high,RISK,2
1,1,1,2,Hourly,3289,No,Rents,35,24,64,18,7,RETAIL PHARMACY (UP TO A 30-DAY SUPPLY),GENERIC,CO-PAY IN $,15,10,20,10,15,2,20,low,high,RISK,2
1,1,2,2,Bonus,3409,Yes,Rents,30,29,55,18,7,RETAIL PHARMACY (UP TO A 30-DAY SUPPLY),GENERIC,CO-PAY IN $,15,20,10,10,15,2,20,low,high,RISK,2
1,1,3,2,Bonus,3179,No,Rents,21,26,51,18,7,RETAIL PHARMACY (UP TO A 30-DAY SUPPLY),GENERIC,CO-PAY IN $,15,10,10,20,15,2,20,low,high,RISK,2
1,1,1,2,Bonus,4271,No,Rents,22,36,62,18,7,RETAIL PHARMACY (UP TO A 30-DAY SUPPLY),GENERIC,CO-PAY IN $,10,10,20,15,15,2,20,low,high,RISK,2
1,1,1,1,Hourly,4605,Yes,Rents,24,38,64,18,7,RETAIL PHARMACY (UP TO A 30-DAY SUPPLY),GENERIC,CO-PAY IN $,15,10,20,10,15,2,20,low,high,RISK,2
1,3,3,3,Salaried,3042,Yes,Rents,16,31,55,18,7,RETAIL PHARMACY (UP TO A 30-DAY SUPPLY),GENERIC,CO-PAY IN $,20,10,15,10,15,2,20,low,high,RISK,2
1,3,3,1,Hourly,170,No,Rents,37,31,59,18,7,RETAIL PHARMACY (UP TO A 30-DAY SUPPLY),GENERIC,CO-PAY IN $,10,20,15,10,15,2,20,low,high,RISK,2
1,1,1,3,Salaried,2062,No,Rents,20,47,55,18,7,RETAIL PHARMACY (UP TO A 30-DAY SUPPLY),GENERIC,CO-PAY IN $,10,10,15,20,15,2,20,low,high,RISK,2
2,2,3,3,Bonus,1962,No,Rents,15,41,60,18,7,RETAIL PHARMACY (UP TO A 30-DAY SUPPLY),GENERIC,CO-PAY IN $,10,10,15,20,15,2,20,low,high,RISK,2
1,1,1,1,Bonus,1006,No,Owns,27,35,73,18,7,RETAIL PHARMACY (UP TO A 30-DAY SUPPLY),GENERIC,CO-PAY IN $,20,15,10,10,15,2,20,low,high,RISK,2
1,3,2,3,Salaried,4555,No,Rents,20,24,60,18,7,RETAIL PHARMACY (UP TO A 30-DAY SUPPLY),GENERIC,CO-PAY IN $,10,10,15,20,15,2,20,low,high,RISK,2
3,1,2,1,Bonus,458,No,Rents,25,43,57,18,7,RETAIL PHARMACY (UP TO A 30-DAY SUPPLY),GENERIC,CO-PAY IN $,15,10,10,20,15,2,20,low,high,RISK,2
3,1,3,1,Hourly,1593,No,Owns,16,25,52,18,7,RETAIL PHARMACY (UP TO A 30-DAY SUPPLY),GENERIC,CO-PAY IN $,10,10,15,20,15,2,20,low,high,RISK,2
1,3,1,2,Hourly,4519,Yes,Owns,26,50,53,18,7,RETAIL PHARMACY (UP TO A 30-DAY SUPPLY),GENERIC,CO-PAY IN $,10,10,20,15,15,2,20,low,high,RISK,2
1,2,1,1,Bonus,2639,No,Rents,16,31,54,18,7,RETAIL PHARMACY (UP TO A 30-DAY SUPPLY),GENERIC,CO-PAY IN $,15,20,10,10,15,2,20,low,high,RISK,2
1,1,3,1,Hourly,2563,Yes,Rents,35,26,75,18,7,RETAIL PHARMACY (UP TO A 30-DAY SUPPLY),GENERIC,CO-PAY IN $,20,15,10,10,15,2,20,low,high,RISK,2
1,2,3,2,Bonus,2810,Yes,Owns,35,49,60,18,7,RETAIL PHARMACY (UP TO A 30-DAY SUPPLY),GENERIC,CO-PAY IN $,20,15,10,10,15,2,20,low,high,RISK,2
2,2,1,2,Hourly,2954,Yes,Owns,39,40,57,18,7,RETAIL PHARMACY (UP TO A 30-DAY SUPPLY),GENERIC,CO-PAY IN $,15,10,20,10,15,2,20,low,high,RISK,2
2,1,3,1,Hourly,2299,Yes,Owns,31,36,56,18,7,RETAIL PHARMACY (UP TO A 30-DAY SUPPLY),GENERIC,CO-PAY IN $,10,15,20,10,15,2,20,low,high,RISK,2
1,1,2,3,Hourly,1155,No,Rents,16,49,59,18,7,RETAIL PHARMACY (UP TO A 30-DAY SUPPLY),GENERIC,CO-PAY IN $,20,10,10,15,15,2,20,low,high,RISK,2
2,1,3,1,Bonus,1856,Yes,Rents,31,20,55,18,7,RETAIL PHARMACY (UP TO A 30-DAY SUPPLY),GENERIC,CO-PAY IN $,15,10,20,10,15,2,20,low,high,RISK,2
3,2,2,1,Salaried,3352,Yes,Rents,18,48,52,18,7,RETAIL PHARMACY (UP TO A 30-DAY SUPPLY),GENERIC,CO-PAY IN $,10,15,10,20,15,2,20,low,high,RISK,2
3,1,1,2,Hourly,3735,Yes,Owns,34,33,56,18,7,RETAIL PHARMACY (UP TO A 30-DAY SUPPLY),GENERIC,CO-PAY IN $,10,10,15,20,15,2,20,low,high,RISK,2
3,2,1,3,Salaried,1125,Yes,Rents,18,23,53,18,7,RETAIL PHARMACY (UP TO A 30-DAY SUPPLY),GENERIC,CO-PAY IN $,20,15,10,10,15,2,20,low,high,RISK,2
3,1,2,1,Bonus,4695,No,Owns,15,38,56,18,7,RETAIL PHARMACY (UP TO A 30-DAY SUPPLY),GENERIC,CO-PAY IN $,10,10,15,20,15,2,20,low,high,RISK,2
2,2,2,2,Salaried,1210,No,Rents,38,24,64,18,7,RETAIL PHARMACY (UP TO A 30-DAY SUPPLY),GENERIC,CO-PAY IN $,20,10,15,10,15,2,20,low,high,RISK,2
2,3,2,1,Bonus,3149,No,Owns,17,29,55,18,7,RETAIL PHARMACY (UP TO A 30-DAY SUPPLY),GENERIC,CO-PAY IN $,20,10,15,10,15,2,20,low,high,RISK,2
2,2,2,2,Bonus,3757,No,Rents,18,26,51,18,7,RETAIL PHARMACY (UP TO A 30-DAY SUPPLY),GENERIC,CO-PAY IN $,10,10,15,20,15,2,20,low,high,RISK,2
3,1,3,2,Salaried,4038,Yes,Rents,28,36,62,18,7,RETAIL PHARMACY (UP TO A 30-DAY SUPPLY),GENERIC,CO-PAY IN $,10,20,15,10,15,2,20,low,high,RISK,2
1,1,1,3,Bonus,381,No,Owns,20,38,64,18,7,RETAIL PHARMACY (UP TO A 30-DAY SUPPLY),GENERIC,CO-PAY IN $,10,20,10,15,15,2,20,low,high,RISK,2
1,1,1,2,Hourly,2879,Yes,Rents,37,31,55,18,7,RETAIL PHARMACY (UP TO A 30-DAY SUPPLY),GENERIC,CO-PAY IN $,20,15,10,10,15,2,20,low,high,RISK,2
2,3,1,1,Hourly,2246,No,Owns,38,31,59,18,7,RETAIL PHARMACY (UP TO A 30-DAY SUPPLY),GENERIC,CO-PAY IN $,10,15,20,10,15,2,20,low,high,RISK,2
2,2,1,2,Hourly,874,No,Owns,38,41,60,18,7,RETAIL PHARMACY (UP TO A 30-DAY SUPPLY),GENERIC,CO-PAY IN $,15,20,10,10,15,2,20,low,high,RISK,2
1,2,1,1,Hourly,4470,Yes,Owns,16,35,73,18,7,RETAIL PHARMACY (UP TO A 30-DAY SUPPLY),GENERIC,CO-PAY IN $,10,15,20,10,15,2,20,low,high,RISK,2
3,1,3,1,Hourly,3252,Yes,Owns,24,24,60,18,7,RETAIL PHARMACY (UP TO A 30-DAY SUPPLY),GENERIC,CO-PAY IN $,15,20,10,10,15,2,20,low,high,RISK,2
1,3,1,2,Hourly,176,Yes,Rents,23,43,57,18,7,RETAIL PHARMACY (UP TO A 30-DAY SUPPLY),GENERIC,CO-PAY IN $,15,10,10,20,15,2,20,low,high,RISK,2
2,1,3,1,Hourly,3681,Yes,Owns,17,25,52,18,7,RETAIL PHARMACY (UP TO A 30-DAY SUPPLY),GENERIC,CO-PAY IN $,10,15,20,10,15,2,20,low,high,RISK,2
1,3,2,3,Hourly,1019,Yes,Owns,35,50,53,18,7,RETAIL PHARMACY (UP TO A 30-DAY SUPPLY),GENERIC,CO-PAY IN $,10,15,20,10,15,2,20,low,high,RISK,2
1,3,2,1,Bonus,4493,Yes,Owns,39,31,54,18,7,RETAIL PHARMACY (UP TO A 30-DAY SUPPLY),GENERIC,CO-PAY IN $,10,15,10,20,15,2,20,low,high,RISK,2
1,3,3,1,Salaried,1012,Yes,Owns,34,26,75,18,7,RETAIL PHARMACY (UP TO A 30-DAY SUPPLY),GENERIC,CO-PAY IN $,10,20,10,15,15,2,20,low,high,RISK,2
1,1,2,1,Bonus,1248,Yes,Rents,18,49,60,18,7,RETAIL PHARMACY (UP TO A 30-DAY SUPPLY),GENERIC,CO-PAY IN $,20,15,10,10,15,2,20,low,high,RISK,2
1,1,2,1,Salaried,1214,No,Owns,17,40,57,18,7,RETAIL PHARMACY (UP TO A 30-DAY SUPPLY),GENERIC,CO-PAY IN $,20,10,15,10,15,2,20,low,high,RISK,2
2,1,1,1,Salaried,2852,Yes,Rents,18,36,56,18,7,RETAIL PHARMACY (UP TO A 30-DAY SUPPLY),GENERIC,CO-PAY IN $,15,10,20,10,15,2,20,low,high,RISK,2
2,1,1,1,Bonus,1440,Yes,Owns,24,49,59,18,7,RETAIL PHARMACY (UP TO A 30-DAY SUPPLY),GENERIC,CO-PAY IN $,20,15,10,10,15,2,20,low,high,RISK,2
3,1,3,1,Bonus,2951,No,Owns,26,20,55,18,7,RETAIL PHARMACY (UP TO A 30-DAY SUPPLY),GENERIC,CO-PAY IN $,10,15,10,20,15,2,20,low,high,RISK,2
4,3,2,4,Salaried,4377,No,Rents,46,73,76,18,8,RETAIL PHARMACY (UP TO A 30-DAY SUPPLY),GENERIC,CO-PAY IN $,20,15,10,10,10,3,50,low,high,RISK,2
2,3,4,2,Salaried,1919,No,Owns,48,61,80,18,8,RETAIL PHARMACY (UP TO A 30-DAY SUPPLY),GENERIC,CO-PAY IN $,20,10,15,10,10,3,50,low,high,RISK,2
4,4,3,2,Salaried,4671,Yes,Rents,57,53,77,18,8,RETAIL PHARMACY (UP TO A 30-DAY SUPPLY),GENERIC,CO-PAY IN $,10,15,10,20,10,3,50,low,high,RISK,2
4,4,2,2,Bonus,1139,No,Owns,52,65,80,18,8,RETAIL PHARMACY (UP TO A 30-DAY SUPPLY),GENERIC,CO-PAY IN $,15,10,20,10,10,3,50,low,high,RISK,2
3,4,4,3,Bonus,3085,No,Rents,45,54,88,18,8,RETAIL PHARMACY (UP TO A 30-DAY SUPPLY),GENERIC,CO-PAY IN $,15,10,20,10,10,3,50,low,high,RISK,2
3,4,4,3,Salaried,912,Yes,Rents,61,58,79,18,8,RETAIL PHARMACY (UP TO A 30-DAY SUPPLY),GENERIC,CO-PAY IN $,20,10,15,10,10,3,50,low,high,RISK,2
4,3,4,3,Hourly,3561,Yes,Owns,51,56,75,18,8,RETAIL PHARMACY (UP TO A 30-DAY SUPPLY),GENERIC,CO-PAY IN $,10,10,20,15,10,3,50,low,high,RISK,2
4,4,2,2,Hourly,4350,No,Rents,40,64,87,18,8,RETAIL PHARMACY (UP TO A 30-DAY SUPPLY),GENERIC,CO-PAY IN $,15,10,20,10,10,3,50,low,high,RISK,2
4,4,4,4,Salaried,3664,No,Owns,39,65,88,18,8,RETAIL PHARMACY (UP TO A 30-DAY SUPPLY),GENERIC,CO-PAY IN $,15,20,10,10,10,3,50,low,high,RISK,2
2,3,3,3,Bonus,1972,Yes,Owns,62,60,80,18,8,RETAIL PHARMACY (UP TO A 30-DAY SUPPLY),GENERIC,CO-PAY IN $,20,10,10,15,10,3,50,low,high,RISK,2
3,2,4,4,Salaried,1235,Yes,Rents,55,60,83,18,8,RETAIL PHARMACY (UP TO A 30-DAY SUPPLY),GENERIC,CO-PAY IN $,10,15,10,20,10,3,50,low,high,RISK,2
2,4,3,3,Bonus,2294,Yes,Owns,47,72,79,18,8,RETAIL PHARMACY (UP TO A 30-DAY SUPPLY),GENERIC,CO-PAY IN $,20,15,10,10,10,3,50,low,high,RISK,2
2,3,4,3,Salaried,4592,Yes,Rents,62,68,84,18,8,RETAIL PHARMACY (UP TO A 30-DAY SUPPLY),GENERIC,CO-PAY IN $,20,10,15,10,10,3,50,low,high,RISK,2
3,3,3,4,Hourly,2183,Yes,Owns,37,63,98,18,8,RETAIL PHARMACY (UP TO A 30-DAY SUPPLY),GENERIC,CO-PAY IN $,20,10,15,10,10,3,50,low,high,RISK,2
3,3,4,3,Salaried,1622,Yes,Rents,42,55,84,18,8,RETAIL PHARMACY (UP TO A 30-DAY SUPPLY),GENERIC,CO-PAY IN $,15,10,20,10,10,3,50,low,high,RISK,2
3,4,3,4,Salaried,4259,Yes,Rents,37,70,81,18,8,RETAIL PHARMACY (UP TO A 30-DAY SUPPLY),GENERIC,CO-PAY IN $,10,20,10,15,10,3,50,low,high,RISK,2
4,3,3,4,Salaried,4138,No,Owns,62,55,76,18,8,RETAIL PHARMACY (UP TO A 30-DAY SUPPLY),GENERIC,CO-PAY IN $,10,15,20,10,10,3,50,low,high,RISK,2
4,3,4,4,Bonus,2742,No,Owns,64,75,77,18,8,RETAIL PHARMACY (UP TO A 30-DAY SUPPLY),GENERIC,CO-PAY IN $,10,20,10,15,10,3,50,low,high,RISK,2
3,3,3,4,Bonus,4027,Yes,Rents,43,60,78,18,8,RETAIL PHARMACY (UP TO A 30-DAY SUPPLY),GENERIC,CO-PAY IN $,10,15,10,20,10,3,50,low,high,RISK,2
4,4,2,2,Bonus,3643,No,Rents,59,56,100,18,8,RETAIL PHARMACY (UP TO A 30-DAY SUPPLY),GENERIC,CO-PAY IN $,15,10,10,20,10,3,50,low,high,RISK,2
4,2,4,2,Salaried,1855,No,Rents,63,74,85,18,8,RETAIL PHARMACY (UP TO A 30-DAY SUPPLY),GENERIC,CO-PAY IN $,15,10,10,20,10,3,50,low,high,RISK,2
3,4,2,3,Bonus,4199,No,Owns,57,67,81,18,8,RETAIL PHARMACY (UP TO A 30-DAY SUPPLY),GENERIC,CO-PAY IN $,20,10,15,10,10,3,50,low,high,RISK,2
3,4,3,2,Salaried,358,No,Rents,50,64,80,18,8,RETAIL PHARMACY (UP TO A 30-DAY SUPPLY),GENERIC,CO-PAY IN $,20,10,15,10,10,3,50,low,high,RISK,2
4,3,4,3,Salaried,2175,No,Owns,59,75,83,18,8,RETAIL PHARMACY (UP TO A 30-DAY SUPPLY),GENERIC,CO-PAY IN $,15,20,10,10,10,3,50,low,high,RISK,2
4,4,2,2,Bonus,2804,No,Owns,48,51,79,18,8,RETAIL PHARMACY (UP TO A 30-DAY SUPPLY),GENERIC,CO-PAY IN $,10,15,10,20,10,3,50,low,high,RISK,2
4,4,4,4,Bonus,2793,Yes,Owns,63,73,76,18,8,RETAIL PHARMACY (UP TO A 30-DAY SUPPLY),GENERIC,CO-PAY IN $,10,20,15,10,10,3,50,low,high,RISK,2
4,3,4,2,Salaried,1366,No,Owns,56,61,80,18,8,RETAIL PHARMACY (UP TO A 30-DAY SUPPLY),GENERIC,CO-PAY IN $,10,15,20,10,10,3,50,low,high,RISK,2
2,4,4,4,Salaried,3990,No,Rents,53,53,77,18,8,RETAIL PHARMACY (UP TO A 30-DAY SUPPLY),GENERIC,CO-PAY IN $,10,10,20,15,10,3,50,low,high,RISK,2
2,4,3,3,Salaried,1625,No,Owns,60,65,80,18,8,RETAIL PHARMACY (UP TO A 30-DAY SUPPLY),GENERIC,CO-PAY IN $,15,20,10,10,10,3,50,low,high,RISK,2
4,4,3,3,Hourly,1178,No,Owns,35,54,88,18,8,RETAIL PHARMACY (UP TO A 30-DAY SUPPLY),GENERIC,CO-PAY IN $,15,10,10,20,10,3,50,low,high,RISK,2
3,3,2,2,Hourly,2665,No,Rents,41,58,79,18,8,RETAIL PHARMACY (UP TO A 30-DAY SUPPLY),GENERIC,CO-PAY IN $,20,15,10,10,10,3,50,low,high,RISK,2
4,4,4,2,Hourly,4144,No,Owns,44,56,75,18,8,RETAIL PHARMACY (UP TO A 30-DAY SUPPLY),GENERIC,CO-PAY IN $,15,20,10,10,10,3,50,low,high,RISK,2
3,3,4,3,Hourly,2547,Yes,Owns,55,64,87,18,8,RETAIL PHARMACY (UP TO A 30-DAY SUPPLY),GENERIC,CO-PAY IN $,10,15,20,10,10,3,50,low,high,RISK,2
4,3,4,2,Hourly,152,Yes,Owns,58,65,88,18,8,RETAIL PHARMACY (UP TO A 30-DAY SUPPLY),GENERIC,CO-PAY IN $,10,10,15,20,10,3,50,low,high,RISK,2
3,2,2,3,Bonus,2909,Yes,Rents,45,60,80,18,8,RETAIL PHARMACY (UP TO A 30-DAY SUPPLY),GENERIC,CO-PAY IN $,15,20,10,10,10,3,50,low,high,RISK,2
4,4,3,3,Bonus,2404,Yes,Owns,49,60,83,18,8,RETAIL PHARMACY (UP TO A 30-DAY SUPPLY),GENERIC,CO-PAY IN $,15,20,10,10,10,3,50,low,high,RISK,2
4,2,4,4,Bonus,144,Yes,Owns,46,72,79,18,8,RETAIL PHARMACY (UP TO A 30-DAY SUPPLY),GENERIC,CO-PAY IN $,20,10,15,10,10,3,50,low,high,RISK,2
4,2,4,2,Hourly,2250,No,Owns,48,68,84,18,8,RETAIL PHARMACY (UP TO A 30-DAY SUPPLY),GENERIC,CO-PAY IN $,20,10,15,10,10,3,50,low,high,RISK,2
4,3,3,3,Hourly,4826,No,Owns,47,63,98,18,8,RETAIL PHARMACY (UP TO A 30-DAY SUPPLY),GENERIC,CO-PAY IN $,15,20,10,10,10,3,50,low,high,RISK,2
4,4,2,3,Salaried,792,No,Owns,50,55,84,18,8,RETAIL PHARMACY (UP TO A 30-DAY SUPPLY),GENERIC,CO-PAY IN $,10,20,10,15,10,3,50,low,high,RISK,2
2,4,2,3,Hourly,3429,No,Rents,58,70,81,18,8,RETAIL PHARMACY (UP TO A 30-DAY SUPPLY),GENERIC,CO-PAY IN $,20,10,10,15,10,3,50,low,high,RISK,2
3,4,3,4,Hourly,1596,Yes,Owns,50,55,76,18,8,RETAIL PHARMACY (UP TO A 30-DAY SUPPLY),GENERIC,CO-PAY IN $,15,20,10,10,10,3,50,low,high,RISK,2
4,4,4,3,Salaried,83,Yes,Owns,40,75,77,18,8,RETAIL PHARMACY (UP TO A 30-DAY SUPPLY),GENERIC,CO-PAY IN $,10,10,20,15,10,3,50,low,high,RISK,2
4,4,3,4,Salaried,3601,No,Owns,38,60,78,18,8,RETAIL PHARMACY (UP TO A 30-DAY SUPPLY),GENERIC,CO-PAY IN $,10,10,15,20,10,3,50,low,high,RISK,2
3,4,2,4,Bonus,861,No,Owns,58,56,100,18,8,RETAIL PHARMACY (UP TO A 30-DAY SUPPLY),GENERIC,CO-PAY IN $,10,10,15,20,10,3,50,low,high,RISK,2
2,4,4,4,Salaried,2240,Yes,Rents,59,74,85,18,8,RETAIL PHARMACY (UP TO A 30-DAY SUPPLY),GENERIC,CO-PAY IN $,20,10,15,10,10,3,50,low,high,RISK,2
3,3,2,2,Hourly,2384,No,Rents,37,67,81,18,8,RETAIL PHARMACY (UP TO A 30-DAY SUPPLY),GENERIC,CO-PAY IN $,20,10,10,15,10,3,50,low,high,RISK,2
2,2,3,3,Bonus,2363,Yes,Rents,52,64,80,18,8,RETAIL PHARMACY (UP TO A 30-DAY SUPPLY),GENERIC,CO-PAY IN $,10,10,15,20,10,3,50,low,high,RISK,2
3,3,4,2,Salaried,4539,No,Owns,45,75,83,18,8,RETAIL PHARMACY (UP TO A 30-DAY SUPPLY),GENERIC,CO-PAY IN $,10,15,20,10,10,3,50,low,high,RISK,2
3,3,2,2,Bonus,489,No,Rents,45,51,79,18,8,RETAIL PHARMACY (UP TO A 30-DAY SUPPLY),GENERIC,CO-PAY IN $,15,10,20,10,10,3,50,low,high,RISK,2
4,4,2,4,Bonus,4623,Yes,Owns,40,73,76,18,8,RETAIL PHARMACY (UP TO A 30-DAY SUPPLY),GENERIC,CO-PAY IN $,10,15,20,10,10,3,50,low,high,RISK,2
3,3,3,2,Salaried,153,Yes,Owns,36,61,80,18,8,RETAIL PHARMACY (UP TO A 30-DAY SUPPLY),GENERIC,CO-PAY IN $,10,10,15,20,10,3,50,low,high,RISK,2
3,4,4,4,Salaried,3954,No,Owns,38,53,77,18,8,RETAIL PHARMACY (UP TO A 30-DAY SUPPLY),GENERIC,CO-PAY IN $,10,10,15,20,10,3,50,low,high,RISK,2
3,3,2,3,Salaried,4742,No,Rents,35,65,80,18,8,RETAIL PHARMACY (UP TO A 30-DAY SUPPLY),GENERIC,CO-PAY IN $,10,15,20,10,10,3,50,low,high,RISK,2
2,2,2,3,Hourly,3289,No,Rents,59,54,88,18,8,RETAIL PHARMACY (UP TO A 30-DAY SUPPLY),GENERIC,CO-PAY IN $,10,20,15,10,10,3,50,low,high,RISK,2
2,2,3,3,Bonus,3409,Yes,Rents,54,58,79,18,8,RETAIL PHARMACY (UP TO A 30-DAY SUPPLY),GENERIC,CO-PAY IN $,15,10,10,20,10,3,50,low,high,RISK,2
3,3,4,3,Bonus,3179,No,Rents,42,56,75,18,8,RETAIL PHARMACY (UP TO A 30-DAY SUPPLY),GENERIC,CO-PAY IN $,10,15,10,20,10,3,50,low,high,RISK,2
3,3,2,4,Bonus,4271,No,Rents,43,64,87,18,8,RETAIL PHARMACY (UP TO A 30-DAY SUPPLY),GENERIC,CO-PAY IN $,10,15,10,20,10,3,50,low,high,RISK,2
3,3,3,2,Hourly,4605,Yes,Rents,46,65,88,18,8,RETAIL PHARMACY (UP TO A 30-DAY SUPPLY),GENERIC,CO-PAY IN $,10,15,20,10,10,3,50,low,high,RISK,2
2,4,4,4,Salaried,3042,Yes,Rents,37,60,80,18,8,RETAIL PHARMACY (UP TO A 30-DAY SUPPLY),GENERIC,CO-PAY IN $,20,15,10,10,10,3,50,low,high,RISK,2
2,4,4,3,Hourly,170,No,Rents,61,60,83,18,8,RETAIL PHARMACY (UP TO A 30-DAY SUPPLY),GENERIC,CO-PAY IN $,15,10,20,10,10,3,50,low,high,RISK,2
2,3,3,4,Salaried,2062,No,Rents,40,72,79,18,8,RETAIL PHARMACY (UP TO A 30-DAY SUPPLY),GENERIC,CO-PAY IN $,15,20,10,10,10,3,50,low,high,RISK,2
4,4,4,4,Bonus,1962,No,Rents,35,68,84,18,8,RETAIL PHARMACY (UP TO A 30-DAY SUPPLY),GENERIC,CO-PAY IN $,10,20,10,15,10,3,50,low,high,RISK,2
2,2,3,2,Bonus,1006,No,Owns,50,63,98,18,8,RETAIL PHARMACY (UP TO A 30-DAY SUPPLY),GENERIC,CO-PAY IN $,10,15,10,20,10,3,50,low,high,RISK,2
2,4,3,4,Salaried,4555,No,Rents,42,55,84,18,8,RETAIL PHARMACY (UP TO A 30-DAY SUPPLY),GENERIC,CO-PAY IN $,10,15,10,20,10,3,50,low,high,RISK,2
4,3,4,3,Bonus,458,No,Rents,46,70,81,18,8,RETAIL PHARMACY (UP TO A 30-DAY SUPPLY),GENERIC,CO-PAY IN $,20,10,10,15,10,3,50,low,high,RISK,2
4,3,4,3,Hourly,1593,No,Owns,36,55,76,18,8,RETAIL PHARMACY (UP TO A 30-DAY SUPPLY),GENERIC,CO-PAY IN $,15,20,10,10,10,3,50,low,high,RISK,2
3,4,2,3,Hourly,4519,Yes,Owns,48,75,77,18,8,RETAIL PHARMACY (UP TO A 30-DAY SUPPLY),GENERIC,CO-PAY IN $,10,10,20,15,10,3,50,low,high,RISK,2
2,4,3,3,Bonus,2639,No,Rents,36,60,78,18,8,RETAIL PHARMACY (UP TO A 30-DAY SUPPLY),GENERIC,CO-PAY IN $,10,20,15,10,10,3,50,low,high,RISK,2
2,3,4,3,Hourly,2563,Yes,Rents,59,56,100,18,8,RETAIL PHARMACY (UP TO A 30-DAY SUPPLY),GENERIC,CO-PAY IN $,10,15,20,10,10,3,50,low,high,RISK,2
3,4,4,4,Bonus,2810,Yes,Owns,58,74,85,18,8,RETAIL PHARMACY (UP TO A 30-DAY SUPPLY),GENERIC,CO-PAY IN $,10,15,20,10,10,3,50,low,high,RISK,2
3,4,3,4,Hourly,2954,Yes,Owns,64,67,81,18,8,RETAIL PHARMACY (UP TO A 30-DAY SUPPLY),GENERIC,CO-PAY IN $,20,10,15,10,10,3,50,low,high,RISK,2
3,2,4,3,Hourly,2299,Yes,Owns,54,64,80,18,8,RETAIL PHARMACY (UP TO A 30-DAY SUPPLY),GENERIC,CO-PAY IN $,15,10,20,10,10,3,50,low,high,RISK,2
2,3,4,4,Hourly,1155,No,Rents,37,75,83,18,8,RETAIL PHARMACY (UP TO A 30-DAY SUPPLY),GENERIC,CO-PAY IN $,10,15,20,10,10,3,50,low,high,RISK,2
4,2,4,3,Bonus,1856,Yes,Rents,55,51,79,18,8,RETAIL PHARMACY (UP TO A 30-DAY SUPPLY),GENERIC,CO-PAY IN $,10,15,10,20,10,3,50,low,high,RISK,2
4,4,3,3,Salaried,3352,Yes,Rents,38,73,76,18,8,RETAIL PHARMACY (UP TO A 30-DAY SUPPLY),GENERIC,CO-PAY IN $,20,10,15,10,10,3,50,low,high,RISK,2
4,3,2,3,Hourly,3735,Yes,Owns,58,61,80,18,8,RETAIL PHARMACY (UP TO A 30-DAY SUPPLY),GENERIC,CO-PAY IN $,15,10,10,20,10,3,50,low,high,RISK,2
4,3,3,4,Salaried,1125,Yes,Rents,38,53,77,18,8,RETAIL PHARMACY (UP TO A 30-DAY SUPPLY),GENERIC,CO-PAY IN $,10,10,15,20,10,3,50,low,high,RISK,2
4,2,4,2,Bonus,4695,No,Owns,35,65,80,18,8,RETAIL PHARMACY (UP TO A 30-DAY SUPPLY),GENERIC,CO-PAY IN $,15,10,10,20,10,3,50,low,high,RISK,2
3,3,3,4,Salaried,1210,No,Rents,62,54,88,18,8,RETAIL PHARMACY (UP TO A 30-DAY SUPPLY),GENERIC,CO-PAY IN $,10,10,20,15,10,3,50,low,high,RISK,2
4,4,4,2,Bonus,3149,No,Owns,37,58,79,18,8,RETAIL PHARMACY (UP TO A 30-DAY SUPPLY),GENERIC,CO-PAY IN $,10,10,20,15,10,3,50,low,high,RISK,2
4,3,4,4,Bonus,3757,No,Rents,38,56,75,18,8,RETAIL PHARMACY (UP TO A 30-DAY SUPPLY),GENERIC,CO-PAY IN $,20,15,10,10,10,3,50,low,high,RISK,2
4,3,4,4,Salaried,4038,Yes,Rents,51,64,87,18,8,RETAIL PHARMACY (UP TO A 30-DAY SUPPLY),GENERIC,CO-PAY IN $,10,10,15,20,10,3,50,low,high,RISK,2
2,3,3,4,Bonus,381,No,Owns,41,65,88,18,8,RETAIL PHARMACY (UP TO A 30-DAY SUPPLY),GENERIC,CO-PAY IN $,15,10,20,10,10,3,50,low,high,RISK,2
3,3,3,3,Hourly,2879,Yes,Rents,61,60,80,18,8,RETAIL PHARMACY (UP TO A 30-DAY SUPPLY),GENERIC,CO-PAY IN $,15,20,10,10,10,3,50,low,high,RISK,2
4,4,3,2,Hourly,2246,No,Owns,62,60,83,18,8,RETAIL PHARMACY (UP TO A 30-DAY SUPPLY),GENERIC,CO-PAY IN $,10,20,15,10,10,3,50,low,high,RISK,2
2,4,3,2,Hourly,3337,No,Rents,39,72,79,18,8,RETAIL PHARMACY (UP TO A 30-DAY SUPPLY),GENERIC,CO-PAY IN $,10,20,15,10,10,3,50,low,high,RISK,2
4,3,3,4,Hourly,874,No,Owns,63,68,84,18,8,RETAIL PHARMACY (UP TO A 30-DAY SUPPLY),GENERIC,CO-PAY IN $,20,10,10,15,10,3,50,low,high,RISK,2
3,4,2,3,Hourly,4470,Yes,Owns,36,63,98,18,8,RETAIL PHARMACY (UP TO A 30-DAY SUPPLY),GENERIC,CO-PAY IN $,10,15,10,20,10,3,50,low,high,RISK,2
4,3,4,3,Hourly,3252,Yes,Owns,46,55,84,18,8,RETAIL PHARMACY (UP TO A 30-DAY SUPPLY),GENERIC,CO-PAY IN $,10,15,10,20,10,3,50,low,high,RISK,2
3,4,2,3,Hourly,176,Yes,Rents,45,70,81,18,8,RETAIL PHARMACY (UP TO A 30-DAY SUPPLY),GENERIC,CO-PAY IN $,15,20,10,10,10,3,50,low,high,RISK,2
4,3,4,2,Hourly,3681,Yes,Owns,38,55,76,18,8,RETAIL PHARMACY (UP TO A 30-DAY SUPPLY),GENERIC,CO-PAY IN $,20,10,10,15,10,3,50,low,high,RISK,2
3,4,4,4,Hourly,1019,Yes,Owns,59,75,77,18,8,RETAIL PHARMACY (UP TO A 30-DAY SUPPLY),GENERIC,CO-PAY IN $,10,10,20,15,10,3,50,low,high,RISK,2
3,4,4,3,Bonus,4493,Yes,Owns,64,60,78,18,8,RETAIL PHARMACY (UP TO A 30-DAY SUPPLY),GENERIC,CO-PAY IN $,10,10,20,15,10,3,50,low,high,RISK,2
3,4,4,2,Salaried,1012,Yes,Owns,58,56,100,18,8,RETAIL PHARMACY (UP TO A 30-DAY SUPPLY),GENERIC,CO-PAY IN $,10,10,15,20,10,3,50,low,high,RISK,2
2,2,4,3,Bonus,1248,Yes,Rents,39,74,85,18,8,RETAIL PHARMACY (UP TO A 30-DAY SUPPLY),GENERIC,CO-PAY IN $,20,10,15,10,10,3,50,low,high,RISK,2
2,3,3,3,Salaried,1214,No,Owns,37,67,81,18,8,RETAIL PHARMACY (UP TO A 30-DAY SUPPLY),GENERIC,CO-PAY IN $,20,15,10,10,10,3,50,low,high,RISK,2
4,3,3,2,Salaried,2852,Yes,Rents,38,64,80,18,8,RETAIL PHARMACY (UP TO A 30-DAY SUPPLY),GENERIC,CO-PAY IN $,15,10,10,20,10,3,50,low,high,RISK,2
3,3,2,2,Bonus,1440,Yes,Owns,46,75,83,18,8,RETAIL PHARMACY (UP TO A 30-DAY SUPPLY),GENERIC,CO-PAY IN $,20,10,10,15,10,3,50,low,high,RISK,2
4,2,4,3,Bonus,2951,No,Owns,48,51,79,18,8,RETAIL PHARMACY (UP TO A 30-DAY SUPPLY),GENERIC,CO-PAY IN $,10,10,20,15,10,3,50,low,high,RISK,2
1,0,0,1,Salaried,4377,No,Rents,4,9,1,18,9,RETAIL PHARMACY (UP TO A 30-DAY SUPPLY),GENERIC,CO-PAY IN $,10,20,15,10,15,2,5,high,low,RISK,3
0,0,1,0,Salaried,1919,No,Owns,4,4,5,18,9,RETAIL PHARMACY (UP TO A 30-DAY SUPPLY),GENERIC,CO-PAY IN $,15,10,20,10,15,2,5,high,low,RISK,3
0,0,0,0,Salaried,4671,Yes,Rents,7,1,2,18,9,RETAIL PHARMACY (UP TO A 30-DAY SUPPLY),GENERIC,CO-PAY IN $,20,10,10,15,15,2,5,high,low,RISK,3
1,1,0,0,Bonus,1139,No,Owns,6,6,5,18,9,RETAIL PHARMACY (UP TO A 30-DAY SUPPLY),GENERIC,CO-PAY IN $,15,10,10,20,15,2,5,high,low,RISK,3
0,1,1,0,Bonus,3085,No,Rents,3,1,13,18,9,RETAIL PHARMACY (UP TO A 30-DAY SUPPLY),GENERIC,CO-PAY IN $,20,10,15,10,15,2,5,high,low,RISK,3
0,1,1,0,Salaried,912,Yes,Rents,9,3,4,18,9,RETAIL PHARMACY (UP TO A 30-DAY SUPPLY),GENERIC,CO-PAY IN $,15,10,10,20,15,2,5,high,low,RISK,3
1,0,1,0,Hourly,3561,Yes,Owns,5,2,0,18,9,RETAIL PHARMACY (UP TO A 30-DAY SUPPLY),GENERIC,CO-PAY IN $,20,10,10,15,15,2,5,high,low,RISK,3
1,1,0,0,Hourly,4350,No,Rents,2,5,12,18,9,RETAIL PHARMACY (UP TO A 30-DAY SUPPLY),GENERIC,CO-PAY IN $,15,20,10,10,15,2,5,high,low,RISK,3
1,1,0,1,Salaried,3664,No,Owns,1,6,13,18,9,RETAIL PHARMACY (UP TO A 30-DAY SUPPLY),GENERIC,CO-PAY IN $,10,10,20,15,15,2,5,high,low,RISK,3
0,0,0,0,Bonus,1972,Yes,Owns,9,4,5,18,9,RETAIL PHARMACY (UP TO A 30-DAY SUPPLY),GENERIC,CO-PAY IN $,20,15,10,10,15,2,5,high,low,RISK,3
0,0,1,1,Salaried,1235,Yes,Rents,7,4,8,18,9,RETAIL PHARMACY (UP TO A 30-DAY SUPPLY),GENERIC,CO-PAY IN $,20,10,10,15,15,2,5,high,low,RISK,3
0,1,0,0,Bonus,2294,Yes,Owns,4,9,4,18,9,RETAIL PHARMACY (UP TO A 30-DAY SUPPLY),GENERIC,CO-PAY IN $,20,10,10,15,15,2,5,high,low,RISK,3
0,0,1,0,Salaried,4592,Yes,Rents,9,7,9,18,9,RETAIL PHARMACY (UP TO A 30-DAY SUPPLY),GENERIC,CO-PAY IN $,10,10,20,15,15,2,5,high,low,RISK,3
0,0,0,1,Hourly,2183,Yes,Owns,1,5,23,18,9,RETAIL PHARMACY (UP TO A 30-DAY SUPPLY),GENERIC,CO-PAY IN $,10,20,10,15,15,2,5,high,low,RISK,3
0,0,1,0,Salaried,1622,Yes,Rents,2,1,9,18,9,RETAIL PHARMACY (UP TO A 30-DAY SUPPLY),GENERIC,CO-PAY IN $,10,15,20,10,15,2,5,high,low,RISK,3
0,1,0,1,Salaried,4259,Yes,Rents,1,8,6,18,9,RETAIL PHARMACY (UP TO A 30-DAY SUPPLY),GENERIC,CO-PAY IN $,15,20,10,10,15,2,5,high,low,RISK,3
1,0,0,1,Salaried,4138,No,Owns,9,2,1,18,9,RETAIL PHARMACY (UP TO A 30-DAY SUPPLY),GENERIC,CO-PAY IN $,10,20,10,15,15,2,5,high,low,RISK,3
1,0,0,1,Bonus,2742,No,Owns,10,10,2,18,9,RETAIL PHARMACY (UP TO A 30-DAY SUPPLY),GENERIC,CO-PAY IN $,10,10,15,20,15,2,5,high,low,RISK,3
0,0,0,1,Bonus,4027,Yes,Rents,3,4,3,18,9,RETAIL PHARMACY (UP TO A 30-DAY SUPPLY),GENERIC,CO-PAY IN $,20,10,10,15,15,2,5,high,low,RISK,3
1,0,0,0,Bonus,3643,No,Rents,8,2,25,18,9,RETAIL PHARMACY (UP TO A 30-DAY SUPPLY),GENERIC,CO-PAY IN $,15,10,20,10,15,2,5,high,low,RISK,3
1,0,1,0,Salaried,1855,No,Rents,9,10,10,18,9,RETAIL PHARMACY (UP TO A 30-DAY SUPPLY),GENERIC,CO-PAY IN $,20,10,10,15,15,2,5,high,low,RISK,3
0,1,0,0,Bonus,4199,No,Owns,7,7,6,18,9,RETAIL PHARMACY (UP TO A 30-DAY SUPPLY),GENERIC,CO-PAY IN $,10,10,15,20,15,2,5,high,low,RISK,3
0,1,0,0,Salaried,358,No,Rents,5,5,5,18,9,RETAIL PHARMACY (UP TO A 30-DAY SUPPLY),GENERIC,CO-PAY IN $,10,10,20,15,15,2,5,high,low,RISK,3
0,0,1,0,Salaried,2175,No,Owns,8,10,8,18,9,RETAIL PHARMACY (UP TO A 30-DAY SUPPLY),GENERIC,CO-PAY IN $,10,15,20,10,15,2,5,high,low,RISK,3
0,1,0,0,Bonus,2804,No,Owns,4,0,4,18,9,RETAIL PHARMACY (UP TO A 30-DAY SUPPLY),GENERIC,CO-PAY IN $,20,15,10,10,15,2,5,high,low,RISK,3
1,1,1,0,Bonus,2793,Yes,Owns,9,9,1,18,9,RETAIL PHARMACY (UP TO A 30-DAY SUPPLY),GENERIC,CO-PAY IN $,10,20,15,10,15,2,5,high,low,RISK,3
1,0,1,0,Salaried,1366,No,Owns,7,4,5,18,9,RETAIL PHARMACY (UP TO A 30-DAY SUPPLY),GENERIC,CO-PAY IN $,10,15,20,10,15,2,5,high,low,RISK,3
0,1,1,1,Salaried,3990,No,Rents,6,1,2,18,9,RETAIL PHARMACY (UP TO A 30-DAY SUPPLY),GENERIC,CO-PAY IN $,10,10,20,15,15,2,5,high,low,RISK,3
0,0,0,0,Salaried,1625,No,Owns,8,6,5,18,9,RETAIL PHARMACY (UP TO A 30-DAY SUPPLY),GENERIC,CO-PAY IN $,20,15,10,10,15,2,5,high,low,RISK,3
1,1,0,0,Hourly,1178,No,Owns,0,1,13,18,9,RETAIL PHARMACY (UP TO A 30-DAY SUPPLY),GENERIC,CO-PAY IN $,10,20,15,10,15,2,5,high,low,RISK,3
0,0,0,0,Hourly,2665,No,Rents,2,3,4,18,9,RETAIL PHARMACY (UP TO A 30-DAY SUPPLY),GENERIC,CO-PAY IN $,20,10,15,10,15,2,5,high,low,RISK,3
1,1,1,0,Hourly,4144,No,Owns,3,2,0,18,9,RETAIL PHARMACY (UP TO A 30-DAY SUPPLY),GENERIC,CO-PAY IN $,20,15,10,10,15,2,5,high,low,RISK,3
0,0,1,0,Hourly,2547,Yes,Owns,7,5,12,18,9,RETAIL PHARMACY (UP TO A 30-DAY SUPPLY),GENERIC,CO-PAY IN $,10,15,20,10,15,2,5,high,low,RISK,3
1,0,1,0,Hourly,152,Yes,Owns,8,6,13,18,9,RETAIL PHARMACY (UP TO A 30-DAY SUPPLY),GENERIC,CO-PAY IN $,10,10,15,20,15,2,5,high,low,RISK,3
0,0,0,0,Bonus,2909,Yes,Rents,3,4,5,18,9,RETAIL PHARMACY (UP TO A 30-DAY SUPPLY),GENERIC,CO-PAY IN $,20,15,10,10,15,2,5,high,low,RISK,3
1,1,0,0,Bonus,2404,Yes,Owns,5,4,8,18,9,RETAIL PHARMACY (UP TO A 30-DAY SUPPLY),GENERIC,CO-PAY IN $,10,10,20,15,15,2,5,high,low,RISK,3
1,0,1,1,Bonus,144,Yes,Owns,4,9,4,18,9,RETAIL PHARMACY (UP TO A 30-DAY SUPPLY),GENERIC,CO-PAY IN $,20,10,10,15,15,2,5,high,low,RISK,3
1,0,1,0,Hourly,2250,No,Owns,4,7,9,18,9,RETAIL PHARMACY (UP TO A 30-DAY SUPPLY),GENERIC,CO-PAY IN $,10,15,10,20,15,2,5,high,low,RISK,3
1,0,0,0,Hourly,4826,No,Owns,4,5,23,18,9,RETAIL PHARMACY (UP TO A 30-DAY SUPPLY),GENERIC,CO-PAY IN $,10,10,15,20,15,2,5,high,low,RISK,3
1,1,0,0,Salaried,792,No,Owns,5,1,9,18,9,RETAIL PHARMACY (UP TO A 30-DAY SUPPLY),GENERIC,CO-PAY IN $,10,15,20,10,15,2,5,high,low,RISK,3
0,1,0,0,Hourly,3429,No,Rents,8,8,6,18,9,RETAIL PHARMACY (UP TO A 30-DAY SUPPLY),GENERIC,CO-PAY IN $,15,10,10,20,15,2,5,high,low,RISK,3
0,1,0,0,Hourly,1596,Yes,Owns,5,2,1,18,9,RETAIL PHARMACY (UP TO A 30-DAY SUPPLY),GENERIC,CO-PAY IN $,10,20,15,10,15,2,5,high,low,RISK,3
1,1,1,0,Salaried,83,Yes,Owns,2,10,2,18,9,RETAIL PHARMACY (UP TO A 30-DAY SUPPLY),GENERIC,CO-PAY IN $,15,20,10,10,15,2,5,high,low,RISK,3
1,1,0,1,Salaried,3601,No,Owns,1,4,3,18,9,RETAIL PHARMACY (UP TO A 30-DAY SUPPLY),GENERIC,CO-PAY IN $,10,10,15,20,15,2,5,high,low,RISK,3
0,0,0,1,Bonus,861,No,Owns,8,2,25,18,9,RETAIL PHARMACY (UP TO A 30-DAY SUPPLY),GENERIC,CO-PAY IN $,10,10,20,15,15,2,5,high,low,RISK,3
0,1,1,1,Salaried,2240,Yes,Rents,8,10,10,18,9,RETAIL PHARMACY (UP TO A 30-DAY SUPPLY),GENERIC,CO-PAY IN $,20,15,10,10,15,2,5,high,low,RISK,3
0,0,0,0,Hourly,2384,No,Rents,1,7,6,18,9,RETAIL PHARMACY (UP TO A 30-DAY SUPPLY),GENERIC,CO-PAY IN $,10,15,10,20,15,2,5,high,low,RISK,3
0,0,0,0,Bonus,2363,Yes,Rents,6,5,5,18,9,RETAIL PHARMACY (UP TO A 30-DAY SUPPLY),GENERIC,CO-PAY IN $,15,10,10,20,15,2,5,high,low,RISK,3
0,0,1,0,Salaried,4539,No,Owns,3,10,8,18,9,RETAIL PHARMACY (UP TO A 30-DAY SUPPLY),GENERIC,CO-PAY IN $,10,10,15,20,15,2,5,high,low,RISK,3
0,0,0,0,Bonus,489,No,Rents,3,0,4,18,9,RETAIL PHARMACY (UP TO A 30-DAY SUPPLY),GENERIC,CO-PAY IN $,10,20,15,10,15,2,5,high,low,RISK,3
0,1,0,1,Bonus,4623,Yes,Owns,2,9,1,18,9,RETAIL PHARMACY (UP TO A 30-DAY SUPPLY),GENERIC,CO-PAY IN $,15,20,10,10,15,2,5,high,low,RISK,3
0,0,0,0,Salaried,153,Yes,Owns,0,4,5,18,9,RETAIL PHARMACY (UP TO A 30-DAY SUPPLY),GENERIC,CO-PAY IN $,15,10,20,10,15,2,5,high,low,RISK,3
0,1,1,0,Salaried,3954,No,Owns,1,1,2,18,9,RETAIL PHARMACY (UP TO A 30-DAY SUPPLY),GENERIC,CO-PAY IN $,10,20,15,10,15,2,5,high,low,RISK,3
0,0,0,0,Salaried,4742,No,Rents,0,6,5,18,9,RETAIL PHARMACY (UP TO A 30-DAY SUPPLY),GENERIC,CO-PAY IN $,10,10,20,15,15,2,5,high,low,RISK,3
0,0,0,0,Hourly,3289,No,Rents,8,1,13,18,9,RETAIL PHARMACY (UP TO A 30-DAY SUPPLY),GENERIC,CO-PAY IN $,20,15,10,10,15,2,5,high,low,RISK,3
0,0,0,0,Bonus,3409,Yes,Rents,6,3,4,18,9,RETAIL PHARMACY (UP TO A 30-DAY SUPPLY),GENERIC,CO-PAY IN $,15,20,10,10,15,2,5,high,low,RISK,3
0,0,1,0,Bonus,3179,No,Rents,2,2,0,18,9,RETAIL PHARMACY (UP TO A 30-DAY SUPPLY),GENERIC,CO-PAY IN $,20,15,10,10,15,2,5,high,low,RISK,3
0,0,0,0,Bonus,4271,No,Rents,3,5,12,18,9,RETAIL PHARMACY (UP TO A 30-DAY SUPPLY),GENERIC,CO-PAY IN $,10,10,20,15,15,2,5,high,low,RISK,3
0,0,0,0,Hourly,4605,Yes,Rents,4,6,13,18,9,RETAIL PHARMACY (UP TO A 30-DAY SUPPLY),GENERIC,CO-PAY IN $,10,10,20,15,15,2,5,high,low,RISK,3
0,1,1,1,Salaried,3042,Yes,Rents,1,4,5,18,9,RETAIL PHARMACY (UP TO A 30-DAY SUPPLY),GENERIC,CO-PAY IN $,15,10,20,10,15,2,5,high,low,RISK,3
0,1,1,0,Hourly,170,No,Rents,9,4,8,18,9,RETAIL PHARMACY (UP TO A 30-DAY SUPPLY),GENERIC,CO-PAY IN $,20,10,15,10,15,2,5,high,low,RISK,3
0,0,0,1,Salaried,2062,No,Rents,2,9,4,18,9,RETAIL PHARMACY (UP TO A 30-DAY SUPPLY),GENERIC,CO-PAY IN $,10,10,15,20,15,2,5,high,low,RISK,3
1,0,1,1,Bonus,1962,No,Rents,0,7,9,18,9,RETAIL PHARMACY (UP TO A 30-DAY SUPPLY),GENERIC,CO-PAY IN $,20,10,15,10,15,2,5,high,low,RISK,3
0,0,0,0,Bonus,1006,No,Owns,5,5,23,18,9,RETAIL PHARMACY (UP TO A 30-DAY SUPPLY),GENERIC,CO-PAY IN $,10,10,15,20,15,2,5,high,low,RISK,3
0,1,0,1,Salaried,4555,No,Rents,2,1,9,18,9,RETAIL PHARMACY (UP TO A 30-DAY SUPPLY),GENERIC,CO-PAY IN $,20,15,10,10,15,2,5,high,low,RISK,3
1,0,1,0,Bonus,458,No,Rents,4,8,6,18,9,RETAIL PHARMACY (UP TO A 30-DAY SUPPLY),GENERIC,CO-PAY IN $,10,20,10,15,15,2,5,high,low,RISK,3
1,0,1,0,Hourly,1593,No,Owns,0,2,1,18,9,RETAIL PHARMACY (UP TO A 30-DAY SUPPLY),GENERIC,CO-PAY IN $,10,10,15,20,15,2,5,high,low,RISK,3
0,1,0,0,Hourly,4519,Yes,Owns,4,10,2,18,9,RETAIL PHARMACY (UP TO A 30-DAY SUPPLY),GENERIC,CO-PAY IN $,10,15,20,10,15,2,5,high,low,RISK,3
0,1,0,0,Bonus,2639,No,Rents,0,4,3,18,9,RETAIL PHARMACY (UP TO A 30-DAY SUPPLY),GENERIC,CO-PAY IN $,10,20,10,15,15,2,5,high,low,RISK,3
0,0,1,0,Hourly,2563,Yes,Rents,8,2,25,18,9,RETAIL PHARMACY (UP TO A 30-DAY SUPPLY),GENERIC,CO-PAY IN $,20,10,15,10,15,2,5,high,low,RISK,3
0,0,1,1,Bonus,2810,Yes,Owns,8,10,10,18,9,RETAIL PHARMACY (UP TO A 30-DAY SUPPLY),GENERIC,CO-PAY IN $,10,20,15,10,15,2,5,high,low,RISK,3
0,0,0,1,Hourly,2954,Yes,Owns,10,7,6,18,9,RETAIL PHARMACY (UP TO A 30-DAY SUPPLY),GENERIC,CO-PAY IN $,20,10,15,10,15,2,5,high,low,RISK,3
0,0,1,0,Hourly,2299,Yes,Owns,6,5,5,18,9,RETAIL PHARMACY (UP TO A 30-DAY SUPPLY),GENERIC,CO-PAY IN $,15,20,10,10,15,2,5,high,low,RISK,3
0,0,1,1,Hourly,1155,No,Rents,1,10,8,18,9,RETAIL PHARMACY (UP TO A 30-DAY SUPPLY),GENERIC,CO-PAY IN $,10,20,15,10,15,2,5,high,low,RISK,3
1,0,1,0,Bonus,1856,Yes,Rents,7,0,4,18,9,RETAIL PHARMACY (UP TO A 30-DAY SUPPLY),GENERIC,CO-PAY IN $,10,20,15,10,15,2,5,high,low,RISK,3
1,1,0,0,Salaried,3352,Yes,Rents,1,9,1,18,9,RETAIL PHARMACY (UP TO A 30-DAY SUPPLY),GENERIC,CO-PAY IN $,10,15,10,20,15,2,5,high,low,RISK,3
1,0,0,0,Hourly,3735,Yes,Owns,8,4,5,18,9,RETAIL PHARMACY (UP TO A 30-DAY SUPPLY),GENERIC,CO-PAY IN $,15,10,20,10,15,2,5,high,low,RISK,3
1,0,0,1,Salaried,1125,Yes,Rents,1,1,2,18,9,RETAIL PHARMACY (UP TO A 30-DAY SUPPLY),GENERIC,CO-PAY IN $,15,20,10,10,15,2,5,high,low,RISK,3
1,0,1,0,Bonus,4695,No,Owns,0,6,5,18,9,RETAIL PHARMACY (UP TO A 30-DAY SUPPLY),GENERIC,CO-PAY IN $,20,15,10,10,15,2,5,high,low,RISK,3
0,0,0,1,Salaried,1210,No,Rents,9,1,13,18,9,RETAIL PHARMACY (UP TO A 30-DAY SUPPLY),GENERIC,CO-PAY IN $,20,10,10,15,15,2,5,high,low,RISK,3
1,1,1,0,Bonus,3149,No,Owns,1,3,4,18,9,RETAIL PHARMACY (UP TO A 30-DAY SUPPLY),GENERIC,CO-PAY IN $,10,20,15,10,15,2,5,high,low,RISK,3
1,0,0,0,Bonus,3757,No,Rents,1,2,0,18,9,RETAIL PHARMACY (UP TO A 30-DAY SUPPLY),GENERIC,CO-PAY IN $,15,20,10,10,15,2,5,high,low,RISK,3
1,0,1,1,Salaried,4038,Yes,Rents,5,5,12,18,9,RETAIL PHARMACY (UP TO A 30-DAY SUPPLY),GENERIC,CO-PAY IN $,20,10,15,10,15,2,5,high,low,RISK,3
0,0,0,1,Bonus,381,No,Owns,2,6,13,18,9,RETAIL PHARMACY (UP TO A 30-DAY SUPPLY),GENERIC,CO-PAY IN $,10,10,20,15,15,2,5,high,low,RISK,3
0,0,0,0,Hourly,2879,Yes,Rents,9,4,5,18,9,RETAIL PHARMACY (UP TO A 30-DAY SUPPLY),GENERIC,CO-PAY IN $,15,10,10,20,15,2,5,high,low,RISK,3
0,1,0,0,Hourly,2246,No,Owns,9,4,8,18,9,RETAIL PHARMACY (UP TO A 30-DAY SUPPLY),GENERIC,CO-PAY IN $,20,10,15,10,15,2,5,high,low,RISK,3
0,1,0,0,Hourly,3337,No,Rents,1,9,4,18,9,RETAIL PHARMACY (UP TO A 30-DAY SUPPLY),GENERIC,CO-PAY IN $,10,20,10,15,15,2,5,high,low,RISK,3
1,0,0,0,Hourly,874,No,Owns,9,7,9,18,9,RETAIL PHARMACY (UP TO A 30-DAY SUPPLY),GENERIC,CO-PAY IN $,10,10,15,20,15,2,5,high,low,RISK,3
0,1,0,0,Hourly,4470,Yes,Owns,0,5,23,18,9,RETAIL PHARMACY (UP TO A 30-DAY SUPPLY),GENERIC,CO-PAY IN $,10,15,20,10,15,2,5,high,low,RISK,3
1,0,1,0,Hourly,3252,Yes,Owns,4,1,9,18,9,RETAIL PHARMACY (UP TO A 30-DAY SUPPLY),GENERIC,CO-PAY IN $,10,15,10,20,15,2,5,high,low,RISK,3
0,1,0,0,Hourly,176,Yes,Rents,3,8,6,18,9,RETAIL PHARMACY (UP TO A 30-DAY SUPPLY),GENERIC,CO-PAY IN $,15,10,10,20,15,2,5,high,low,RISK,3
0,0,1,0,Hourly,3681,Yes,Owns,1,2,1,18,9,RETAIL PHARMACY (UP TO A 30-DAY SUPPLY),GENERIC,CO-PAY IN $,10,20,10,15,15,2,5,high,low,RISK,3
0,1,1,1,Hourly,1019,Yes,Owns,8,10,2,18,9,RETAIL PHARMACY (UP TO A 30-DAY SUPPLY),GENERIC,CO-PAY IN $,15,20,10,10,15,2,5,high,low,RISK,3
0,1,1,0,Bonus,4493,Yes,Owns,10,4,3,18,9,RETAIL PHARMACY (UP TO A 30-DAY SUPPLY),GENERIC,CO-PAY IN $,15,10,10,20,15,2,5,high,low,RISK,3
0,1,1,0,Salaried,1012,Yes,Owns,8,2,25,18,9,RETAIL PHARMACY (UP TO A 30-DAY SUPPLY),GENERIC,CO-PAY IN $,10,15,10,20,15,2,5,high,low,RISK,3
0,0,0,0,Bonus,1248,Yes,Rents,1,10,10,18,9,RETAIL PHARMACY (UP TO A 30-DAY SUPPLY),GENERIC,CO-PAY IN $,15,20,10,10,15,2,5,high,low,RISK,3
0,0,0,0,Salaried,1214,No,Owns,1,7,6,18,9,RETAIL PHARMACY (UP TO A 30-DAY SUPPLY),GENERIC,CO-PAY IN $,15,10,20,10,15,2,5,high,low,RISK,3
1,0,0,0,Salaried,2852,Yes,Rents,1,5,5,18,9,RETAIL PHARMACY (UP TO A 30-DAY SUPPLY),GENERIC,CO-PAY IN $,15,20,10,10,15,2,5,high,low,RISK,3
0,0,0,0,Bonus,1440,Yes,Owns,4,10,8,18,9,RETAIL PHARMACY (UP TO A 30-DAY SUPPLY),GENERIC,CO-PAY IN $,15,10,10,20,15,2,5,high,low,RISK,3
1,0,1,0,Bonus,2951,No,Owns,4,0,4,18,9,RETAIL PHARMACY (UP TO A 30-DAY SUPPLY),GENERIC,CO-PAY IN $,20,15,10,10,15,2,5,high,low,RISK,3
2,1,0,2,Salaried,4377,No,Rents,10,19,27,18,10,RETAIL PHARMACY (UP TO A 30-DAY SUPPLY),GENERIC,CO-PAY IN $,10,15,20,10,15,2,10,high,low,RISK,3
0,1,1,0,Salaried,1919,No,Owns,10,15,31,18,10,RETAIL PHARMACY (UP TO A 30-DAY SUPPLY),GENERIC,CO-PAY IN $,15,10,20,10,15,2,10,high,low,RISK,3
2,1,0,0,Bonus,1139,No,Owns,13,16,31,18,10,RETAIL PHARMACY (UP TO A 30-DAY SUPPLY),GENERIC,CO-PAY IN $,10,15,20,10,15,2,10,high,low,RISK,3
1,1,2,1,Bonus,3085,No,Rents,9,12,39,18,10,RETAIL PHARMACY (UP TO A 30-DAY SUPPLY),GENERIC,CO-PAY IN $,15,10,20,10,15,2,10,high,low,RISK,3
0,1,2,0,Salaried,912,Yes,Rents,16,14,30,18,10,RETAIL PHARMACY (UP TO A 30-DAY SUPPLY),GENERIC,CO-PAY IN $,20,10,10,15,15,2,10,high,low,RISK,3
1,0,2,1,Hourly,3561,Yes,Owns,12,13,26,18,10,RETAIL PHARMACY (UP TO A 30-DAY SUPPLY),GENERIC,CO-PAY IN $,10,15,10,20,15,2,10,high,low,RISK,3
1,2,0,0,Hourly,4350,No,Rents,7,16,37,18,10,RETAIL PHARMACY (UP TO A 30-DAY SUPPLY),GENERIC,CO-PAY IN $,10,15,20,10,15,2,10,high,low,RISK,3
2,2,1,2,Salaried,3664,No,Owns,7,16,39,18,10,RETAIL PHARMACY (UP TO A 30-DAY SUPPLY),GENERIC,CO-PAY IN $,10,15,10,20,15,2,10,high,low,RISK,3
0,0,0,1,Bonus,1972,Yes,Owns,17,14,30,18,10,RETAIL PHARMACY (UP TO A 30-DAY SUPPLY),GENERIC,CO-PAY IN $,10,20,15,10,15,2,10,high,low,RISK,3
1,0,2,2,Salaried,1235,Yes,Rents,14,14,34,18,10,RETAIL PHARMACY (UP TO A 30-DAY SUPPLY),GENERIC,CO-PAY IN $,20,10,10,15,15,2,10,high,low,RISK,3
0,2,0,1,Bonus,2294,Yes,Owns,10,19,30,18,10,RETAIL PHARMACY (UP TO A 30-DAY SUPPLY),GENERIC,CO-PAY IN $,10,10,15,20,15,2,10,high,low,RISK,3
0,1,2,0,Salaried,4592,Yes,Rents,16,17,35,18,10,RETAIL PHARMACY (UP TO A 30-DAY SUPPLY),GENERIC,CO-PAY IN $,10,15,10,20,15,2,10,high,low,RISK,3
0,0,1,1,Hourly,2183,Yes,Owns,6,15,48,18,10,RETAIL PHARMACY (UP TO A 30-DAY SUPPLY),GENERIC,CO-PAY IN $,15,10,10,20,15,2,10,high,low,RISK,3
1,1,2,1,Salaried,1622,Yes,Rents,8,12,35,18,10,RETAIL PHARMACY (UP TO A 30-DAY SUPPLY),GENERIC,CO-PAY IN $,20,15,10,10,15,2,10,high,low,RISK,3
1,2,1,2,Salaried,4259,Yes,Rents,6,18,32,18,10,RETAIL PHARMACY (UP TO A 30-DAY SUPPLY),GENERIC,CO-PAY IN $,10,20,15,10,15,2,10,high,low,RISK,3
2,1,1,2,Salaried,4138,No,Owns,17,13,27,18,10,RETAIL PHARMACY (UP TO A 30-DAY SUPPLY),GENERIC,CO-PAY IN $,10,10,20,15,15,2,10,high,low,RISK,3
2,0,1,2,Bonus,2742,No,Owns,17,20,28,18,10,RETAIL PHARMACY (UP TO A 30-DAY SUPPLY),GENERIC,CO-PAY IN $,10,20,15,10,15,2,10,high,low,RISK,3
1,1,0,2,Bonus,4027,Yes,Rents,8,14,29,18,10,RETAIL PHARMACY (UP TO A 30-DAY SUPPLY),GENERIC,CO-PAY IN $,15,20,10,10,15,2,10,high,low,RISK,3
1,1,0,0,Bonus,3643,No,Rents,16,13,50,18,10,RETAIL PHARMACY (UP TO A 30-DAY SUPPLY),GENERIC,CO-PAY IN $,15,10,20,10,15,2,10,high,low,RISK,3
1,0,2,0,Salaried,1855,No,Rents,17,20,35,18,10,RETAIL PHARMACY (UP TO A 30-DAY SUPPLY),GENERIC,CO-PAY IN $,15,20,10,10,15,2,10,high,low,RISK,3
1,2,0,1,Bonus,4199,No,Owns,14,17,32,18,10,RETAIL PHARMACY (UP TO A 30-DAY SUPPLY),GENERIC,CO-PAY IN $,10,20,10,15,15,2,10,high,low,RISK,3
0,2,1,0,Salaried,358,No,Rents,12,16,31,18,10,RETAIL PHARMACY (UP TO A 30-DAY SUPPLY),GENERIC,CO-PAY IN $,10,10,20,15,15,2,10,high,low,RISK,3
1,1,1,1,Salaried,2175,No,Owns,16,20,34,18,10,RETAIL PHARMACY (UP TO A 30-DAY SUPPLY),GENERIC,CO-PAY IN $,20,15,10,10,15,2,10,high,low,RISK,3
1,1,0,0,Bonus,2804,No,Owns,11,11,30,18,10,RETAIL PHARMACY (UP TO A 30-DAY SUPPLY),GENERIC,CO-PAY IN $,10,10,20,15,15,2,10,high,low,RISK,3
2,1,2,1,Bonus,2793,Yes,Owns,17,19,27,18,10,RETAIL PHARMACY (UP TO A 30-DAY SUPPLY),GENERIC,CO-PAY IN $,10,20,15,10,15,2,10,high,low,RISK,3
2,0,2,0,Salaried,1366,No,Owns,14,15,31,18,10,RETAIL PHARMACY (UP TO A 30-DAY SUPPLY),GENERIC,CO-PAY IN $,10,15,20,10,15,2,10,high,low,RISK,3
0,1,1,2,Salaried,3990,No,Rents,13,12,28,18,10,RETAIL PHARMACY (UP TO A 30-DAY SUPPLY),GENERIC,CO-PAY IN $,20,10,15,10,15,2,10,high,low,RISK,3
0,1,1,0,Salaried,1625,No,Owns,16,16,31,18,10,RETAIL PHARMACY (UP TO A 30-DAY SUPPLY),GENERIC,CO-PAY IN $,15,10,10,20,15,2,10,high,low,RISK,3
1,2,0,0,Hourly,1178,No,Owns,5,12,39,18,10,RETAIL PHARMACY (UP TO A 30-DAY SUPPLY),GENERIC,CO-PAY IN $,10,10,20,15,15,2,10,high,low,RISK,3
1,1,0,0,Hourly,2665,No,Rents,8,14,30,18,10,RETAIL PHARMACY (UP TO A 30-DAY SUPPLY),GENERIC,CO-PAY IN $,20,10,10,15,15,2,10,high,low,RISK,3
1,1,2,0,Hourly,4144,No,Owns,9,13,26,18,10,RETAIL PHARMACY (UP TO A 30-DAY SUPPLY),GENERIC,CO-PAY IN $,20,15,10,10,15,2,10,high,low,RISK,3
1,1,2,0,Hourly,2547,Yes,Owns,14,16,37,18,10,RETAIL PHARMACY (UP TO A 30-DAY SUPPLY),GENERIC,CO-PAY IN $,10,15,10,20,15,2,10,high,low,RISK,3
1,1,1,0,Hourly,152,Yes,Owns,15,16,39,18,10,RETAIL PHARMACY (UP TO A 30-DAY SUPPLY),GENERIC,CO-PAY IN $,10,10,15,20,15,2,10,high,low,RISK,3
2,2,1,1,Bonus,2404,Yes,Owns,11,14,34,18,10,RETAIL PHARMACY (UP TO A 30-DAY SUPPLY),GENERIC,CO-PAY IN $,15,20,10,10,15,2,10,high,low,RISK,3
2,0,1,2,Bonus,144,Yes,Owns,10,19,30,18,10,RETAIL PHARMACY (UP TO A 30-DAY SUPPLY),GENERIC,CO-PAY IN $,10,15,10,20,15,2,10,high,low,RISK,3
2,0,1,0,Hourly,2250,No,Owns,11,17,35,18,10,RETAIL PHARMACY (UP TO A 30-DAY SUPPLY),GENERIC,CO-PAY IN $,20,10,10,15,15,2,10,high,low,RISK,3
2,0,0,0,Hourly,4826,No,Owns,10,15,48,18,10,RETAIL PHARMACY (UP TO A 30-DAY SUPPLY),GENERIC,CO-PAY IN $,10,10,15,20,15,2,10,high,low,RISK,3
1,1,0,0,Salaried,792,No,Owns,12,12,35,18,10,RETAIL PHARMACY (UP TO A 30-DAY SUPPLY),GENERIC,CO-PAY IN $,10,10,15,20,15,2,10,high,low,RISK,3
0,2,0,1,Hourly,3429,No,Rents,15,18,32,18,10,RETAIL PHARMACY (UP TO A 30-DAY SUPPLY),GENERIC,CO-PAY IN $,10,10,15,20,15,2,10,high,low,RISK,3
0,2,0,1,Hourly,1596,Yes,Owns,11,13,27,18,10,RETAIL PHARMACY (UP TO A 30-DAY SUPPLY),GENERIC,CO-PAY IN $,15,10,10,20,15,2,10,high,low,RISK,3
1,1,2,0,Salaried,83,Yes,Owns,7,20,28,18,10,RETAIL PHARMACY (UP TO A 30-DAY SUPPLY),GENERIC,CO-PAY IN $,20,15,10,10,15,2,10,high,low,RISK,3
1,2,0,2,Salaried,3601,No,Owns,6,14,29,18,10,RETAIL PHARMACY (UP TO A 30-DAY SUPPLY),GENERIC,CO-PAY IN $,15,10,20,10,15,2,10,high,low,RISK,3
0,2,2,2,Salaried,2240,Yes,Rents,15,20,35,18,10,RETAIL PHARMACY (UP TO A 30-DAY SUPPLY),GENERIC,CO-PAY IN $,10,15,10,20,15,2,10,high,low,RISK,3
1,0,0,0,Hourly,2384,No,Rents,6,17,32,18,10,RETAIL PHARMACY (UP TO A 30-DAY SUPPLY),GENERIC,CO-PAY IN $,15,10,20,10,15,2,10,high,low,RISK,3
0,0,0,0,Bonus,2363,Yes,Rents,12,16,31,18,10,RETAIL PHARMACY (UP TO A 30-DAY SUPPLY),GENERIC,CO-PAY IN $,20,10,10,15,15,2,10,high,low,RISK,3
1,1,2,0,Salaried,4539,No,Owns,10,20,34,18,10,RETAIL PHARMACY (UP TO A 30-DAY SUPPLY),GENERIC,CO-PAY IN $,20,10,15,10,15,2,10,high,low,RISK,3
1,1,0,0,Bonus,489,No,Rents,9,11,30,18,10,RETAIL PHARMACY (UP TO A 30-DAY SUPPLY),GENERIC,CO-PAY IN $,10,15,10,20,15,2,10,high,low,RISK,3
1,2,0,2,Bonus,4623,Yes,Owns,7,19,27,18,10,RETAIL PHARMACY (UP TO A 30-DAY SUPPLY),GENERIC,CO-PAY IN $,15,10,10,20,15,2,10,high,low,RISK,3
1,0,0,0,Salaried,153,Yes,Owns,5,15,31,18,10,RETAIL PHARMACY (UP TO A 30-DAY SUPPLY),GENERIC,CO-PAY IN $,15,10,10,20,15,2,10,high,low,RISK,3
0,2,2,1,Salaried,3954,No,Owns,6,12,28,18,10,RETAIL PHARMACY (UP TO A 30-DAY SUPPLY),GENERIC,CO-PAY IN $,10,15,10,20,15,2,10,high,low,RISK,3
0,1,0,0,Salaried,4742,No,Rents,5,16,31,18,10,RETAIL PHARMACY (UP TO A 30-DAY SUPPLY),GENERIC,CO-PAY IN $,10,20,10,15,15,2,10,high,low,RISK,3
0,0,0,1,Hourly,3289,No,Rents,15,12,39,18,10,RETAIL PHARMACY (UP TO A 30-DAY SUPPLY),GENERIC,CO-PAY IN $,15,10,10,20,15,2,10,high,low,RISK,3
0,0,1,1,Bonus,3409,Yes,Rents,13,14,30,18,10,RETAIL PHARMACY (UP TO A 30-DAY SUPPLY),GENERIC,CO-PAY IN $,15,10,20,10,15,2,10,high,low,RISK,3
0,0,2,1,Bonus,3179,No,Rents,8,13,26,18,10,RETAIL PHARMACY (UP TO A 30-DAY SUPPLY),GENERIC,CO-PAY IN $,15,10,10,20,15,2,10,high,low,RISK,3
0,0,0,1,Bonus,4271,No,Rents,9,16,37,18,10,RETAIL PHARMACY (UP TO A 30-DAY SUPPLY),GENERIC,CO-PAY IN $,10,10,15,20,15,2,10,high,low,RISK,3
0,0,0,0,Hourly,4605,Yes,Rents,10,16,39,18,10,RETAIL PHARMACY (UP TO A 30-DAY SUPPLY),GENERIC,CO-PAY IN $,20,15,10,10,15,2,10,high,low,RISK,3
0,2,2,2,Salaried,3042,Yes,Rents,6,14,30,18,10,RETAIL PHARMACY (UP TO A 30-DAY SUPPLY),GENERIC,CO-PAY IN $,10,10,20,15,15,2,10,high,low,RISK,3
0,2,2,0,Hourly,170,No,Rents,16,14,34,18,10,RETAIL PHARMACY (UP TO A 30-DAY SUPPLY),GENERIC,CO-PAY IN $,15,10,20,10,15,2,10,high,low,RISK,3
0,1,0,2,Salaried,2062,No,Rents,7,19,30,18,10,RETAIL PHARMACY (UP TO A 30-DAY SUPPLY),GENERIC,CO-PAY IN $,10,15,20,10,15,2,10,high,low,RISK,3
1,1,2,2,Bonus,1962,No,Rents,5,17,35,18,10,RETAIL PHARMACY (UP TO A 30-DAY SUPPLY),GENERIC,CO-PAY IN $,10,15,10,20,15,2,10,high,low,RISK,3
0,0,0,0,Bonus,1006,No,Owns,11,15,48,18,10,RETAIL PHARMACY (UP TO A 30-DAY SUPPLY),GENERIC,CO-PAY IN $,10,10,20,15,15,2,10,high,low,RISK,3
0,2,1,2,Salaried,4555,No,Rents,8,12,35,18,10,RETAIL PHARMACY (UP TO A 30-DAY SUPPLY),GENERIC,CO-PAY IN $,10,15,20,10,15,2,10,high,low,RISK,3
2,1,1,0,Bonus,458,No,Rents,10,18,32,18,10,RETAIL PHARMACY (UP TO A 30-DAY SUPPLY),GENERIC,CO-PAY IN $,10,10,15,20,15,2,10,high,low,RISK,3
2,0,2,1,Hourly,1593,No,Owns,5,13,27,18,10,RETAIL PHARMACY (UP TO A 30-DAY SUPPLY),GENERIC,CO-PAY IN $,10,20,15,10,15,2,10,high,low,RISK,3
0,2,0,1,Hourly,4519,Yes,Owns,11,20,28,18,10,RETAIL PHARMACY (UP TO A 30-DAY SUPPLY),GENERIC,CO-PAY IN $,15,10,10,20,15,2,10,high,low,RISK,3
0,1,0,0,Bonus,2639,No,Rents,5,14,29,18,10,RETAIL PHARMACY (UP TO A 30-DAY SUPPLY),GENERIC,CO-PAY IN $,10,10,15,20,15,2,10,high,low,RISK,3
0,0,2,1,Hourly,2563,Yes,Rents,15,13,50,18,10,RETAIL PHARMACY (UP TO A 30-DAY SUPPLY),GENERIC,CO-PAY IN $,10,10,20,15,15,2,10,high,low,RISK,3
0,1,2,1,Bonus,2810,Yes,Owns,15,20,35,18,10,RETAIL PHARMACY (UP TO A 30-DAY SUPPLY),GENERIC,CO-PAY IN $,10,10,20,15,15,2,10,high,low,RISK,3
1,1,0,1,Hourly,2954,Yes,Owns,18,17,32,18,10,RETAIL PHARMACY (UP TO A 30-DAY SUPPLY),GENERIC,CO-PAY IN $,15,10,10,20,15,2,10,high,low,RISK,3
1,0,2,0,Hourly,2299,Yes,Owns,13,16,31,18,10,RETAIL PHARMACY (UP TO A 30-DAY SUPPLY),GENERIC,CO-PAY IN $,20,10,10,15,15,2,10,high,low,RISK,3
0,0,1,2,Hourly,1155,No,Rents,6,20,34,18,10,RETAIL PHARMACY (UP TO A 30-DAY SUPPLY),GENERIC,CO-PAY IN $,20,10,10,15,15,2,10,high,low,RISK,3
1,0,2,0,Bonus,1856,Yes,Rents,14,11,30,18,10,RETAIL PHARMACY (UP TO A 30-DAY SUPPLY),GENERIC,CO-PAY IN $,10,15,20,10,15,2,10,high,low,RISK,3
2,1,1,0,Salaried,3352,Yes,Rents,6,19,27,18,10,RETAIL PHARMACY (UP TO A 30-DAY SUPPLY),GENERIC,CO-PAY IN $,10,15,20,10,15,2,10,high,low,RISK,3
2,0,0,1,Hourly,3735,Yes,Owns,15,15,31,18,10,RETAIL PHARMACY (UP TO A 30-DAY SUPPLY),GENERIC,CO-PAY IN $,10,20,10,15,15,2,10,high,low,RISK,3
2,1,0,2,Salaried,1125,Yes,Rents,6,12,28,18,10,RETAIL PHARMACY (UP TO A 30-DAY SUPPLY),GENERIC,CO-PAY IN $,10,15,20,10,15,2,10,high,low,RISK,3
2,0,1,0,Bonus,4695,No,Owns,5,16,31,18,10,RETAIL PHARMACY (UP TO A 30-DAY SUPPLY),GENERIC,CO-PAY IN $,10,20,10,15,15,2,10,high,low,RISK,3
1,1,1,1,Salaried,1210,No,Rents,17,12,39,18,10,RETAIL PHARMACY (UP TO A 30-DAY SUPPLY),GENERIC,CO-PAY IN $,15,20,10,10,15,2,10,high,low,RISK,3
1,2,1,0,Bonus,3149,No,Owns,6,14,30,18,10,RETAIL PHARMACY (UP TO A 30-DAY SUPPLY),GENERIC,CO-PAY IN $,15,10,10,20,15,2,10,high,low,RISK,3
1,1,1,1,Bonus,3757,No,Rents,6,13,26,18,10,RETAIL PHARMACY (UP TO A 30-DAY SUPPLY),GENERIC,CO-PAY IN $,10,15,10,20,15,2,10,high,low,RISK,3
1,0,2,1,Salaried,4038,Yes,Rents,12,16,37,18,10,RETAIL PHARMACY (UP TO A 30-DAY SUPPLY),GENERIC,CO-PAY IN $,10,20,10,15,15,2,10,high,low,RISK,3
0,0,0,2,Bonus,381,No,Owns,8,16,39,18,10,RETAIL PHARMACY (UP TO A 30-DAY SUPPLY),GENERIC,CO-PAY IN $,10,15,10,20,15,2,10,high,low,RISK,3
0,0,1,1,Hourly,2879,Yes,Rents,16,14,30,18,10,RETAIL PHARMACY (UP TO A 30-DAY SUPPLY),GENERIC,CO-PAY IN $,10,20,10,15,15,2,10,high,low,RISK,3
0,2,1,0,Hourly,3337,No,Rents,7,19,30,18,10,RETAIL PHARMACY (UP TO A 30-DAY SUPPLY),GENERIC,CO-PAY IN $,15,20,10,10,15,2,10,high,low,RISK,3
1,1,1,1,Hourly,874,No,Owns,17,17,35,18,10,RETAIL PHARMACY (UP TO A 30-DAY SUPPLY),GENERIC,CO-PAY IN $,20,10,10,15,15,2,10,high,low,RISK,3
0,1,0,0,Hourly,4470,Yes,Owns,6,15,48,18,10,RETAIL PHARMACY (UP TO A 30-DAY SUPPLY),GENERIC,CO-PAY IN $,15,20,10,10,15,2,10,high,low,RISK,3
2,0,1,1,Hourly,3252,Yes,Owns,10,12,35,18,10,RETAIL PHARMACY (UP TO A 30-DAY SUPPLY),GENERIC,CO-PAY IN $,20,10,10,15,15,2,10,high,low,RISK,3
0,2,0,1,Hourly,176,Yes,Rents,9,18,32,18,10,RETAIL PHARMACY (UP TO A 30-DAY SUPPLY),GENERIC,CO-PAY IN $,20,10,15,10,15,2,10,high,low,RISK,3
1,0,2,0,Hourly,3681,Yes,Owns,6,13,27,18,10,RETAIL PHARMACY (UP TO A 30-DAY SUPPLY),GENERIC,CO-PAY IN $,20,15,10,10,15,2,10,high,low,RISK,3
1,2,1,2,Hourly,1019,Yes,Owns,15,20,28,18,10,RETAIL PHARMACY (UP TO A 30-DAY SUPPLY),GENERIC,CO-PAY IN $,20,10,10,15,15,2,10,high,low,RISK,3
1,2,1,1,Bonus,4493,Yes,Owns,18,14,29,18,10,RETAIL PHARMACY (UP TO A 30-DAY SUPPLY),GENERIC,CO-PAY IN $,10,20,10,15,15,2,10,high,low,RISK,3
1,2,2,0,Salaried,1012,Yes,Owns,15,13,50,18,10,RETAIL PHARMACY (UP TO A 30-DAY SUPPLY),GENERIC,CO-PAY IN $,10,15,20,10,15,2,10,high,low,RISK,3
0,0,1,1,Bonus,1248,Yes,Rents,7,20,35,18,10,RETAIL PHARMACY (UP TO A 30-DAY SUPPLY),GENERIC,CO-PAY IN $,15,20,10,10,15,2,10,high,low,RISK,3
0,0,1,0,Salaried,1214,No,Owns,6,17,32,18,10,RETAIL PHARMACY (UP TO A 30-DAY SUPPLY),GENERIC,CO-PAY IN $,15,10,20,10,15,2,10,high,low,RISK,3
1,0,1,0,Salaried,2852,Yes,Rents,6,16,31,18,10,RETAIL PHARMACY (UP TO A 30-DAY SUPPLY),GENERIC,CO-PAY IN $,15,20,10,10,15,2,10,high,low,RISK,3
1,0,0,0,Bonus,1440,Yes,Owns,10,20,34,18,10,RETAIL PHARMACY (UP TO A 30-DAY SUPPLY),GENERIC,CO-PAY IN $,10,10,20,15,15,2,10,high,low,RISK,3
1,0,1,0,Bonus,2951,No,Owns,11,11,30,18,10,RETAIL PHARMACY (UP TO A 30-DAY SUPPLY),GENERIC,CO-PAY IN $,10,15,20,10,15,2,10,high,low,RISK,3
3,2,1,3,Salaried,4377,No,Rents,24,48,52,18,11,RETAIL PHARMACY (UP TO A 30-DAY SUPPLY),GENERIC,CO-PAY IN $,20,10,15,10,10,3,20,high,low,RISK,3
1,1,2,1,Salaried,1919,No,Owns,25,33,56,18,11,RETAIL PHARMACY (UP TO A 30-DAY SUPPLY),GENERIC,CO-PAY IN $,10,10,20,15,10,3,20,high,low,RISK,3
2,2,1,1,Salaried,4671,Yes,Rents,33,23,53,18,11,RETAIL PHARMACY (UP TO A 30-DAY SUPPLY),GENERIC,CO-PAY IN $,10,20,10,15,10,3,20,high,low,RISK,3
3,2,1,1,Bonus,1139,No,Owns,29,38,56,18,11,RETAIL PHARMACY (UP TO A 30-DAY SUPPLY),GENERIC,CO-PAY IN $,10,10,20,15,10,3,20,high,low,RISK,3
1,2,3,2,Bonus,3085,No,Rents,23,24,64,18,11,RETAIL PHARMACY (UP TO A 30-DAY SUPPLY),GENERIC,CO-PAY IN $,10,15,10,20,10,3,20,high,low,RISK,3
1,2,3,1,Salaried,912,Yes,Rents,37,29,55,18,11,RETAIL PHARMACY (UP TO A 30-DAY SUPPLY),GENERIC,CO-PAY IN $,20,10,15,10,10,3,20,high,low,RISK,3
2,1,3,2,Hourly,3561,Yes,Owns,28,26,51,18,11,RETAIL PHARMACY (UP TO A 30-DAY SUPPLY),GENERIC,CO-PAY IN $,20,15,10,10,10,3,20,high,low,RISK,3
2,3,1,1,Hourly,4350,No,Rents,19,36,62,18,11,RETAIL PHARMACY (UP TO A 30-DAY SUPPLY),GENERIC,CO-PAY IN $,15,10,10,20,10,3,20,high,low,RISK,3
3,3,2,3,Salaried,3664,No,Owns,18,38,64,18,11,RETAIL PHARMACY (UP TO A 30-DAY SUPPLY),GENERIC,CO-PAY IN $,10,20,15,10,10,3,20,high,low,RISK,3
1,1,1,1,Bonus,1972,Yes,Owns,38,31,55,18,11,RETAIL PHARMACY (UP TO A 30-DAY SUPPLY),GENERIC,CO-PAY IN $,10,15,10,20,10,3,20,high,low,RISK,3
1,1,3,3,Salaried,1235,Yes,Rents,32,31,59,18,11,RETAIL PHARMACY (UP TO A 30-DAY SUPPLY),GENERIC,CO-PAY IN $,10,15,20,10,10,3,20,high,low,RISK,3
1,3,1,2,Bonus,2294,Yes,Owns,25,47,55,18,11,RETAIL PHARMACY (UP TO A 30-DAY SUPPLY),GENERIC,CO-PAY IN $,10,20,15,10,10,3,20,high,low,RISK,3
1,2,3,1,Salaried,4592,Yes,Rents,37,41,60,18,11,RETAIL PHARMACY (UP TO A 30-DAY SUPPLY),GENERIC,CO-PAY IN $,20,10,15,10,10,3,20,high,low,RISK,3
1,1,1,2,Hourly,2183,Yes,Owns,16,35,73,18,11,RETAIL PHARMACY (UP TO A 30-DAY SUPPLY),GENERIC,CO-PAY IN $,10,15,20,10,10,3,20,high,low,RISK,3
2,2,3,2,Salaried,1622,Yes,Rents,21,24,60,18,11,RETAIL PHARMACY (UP TO A 30-DAY SUPPLY),GENERIC,CO-PAY IN $,20,10,10,15,10,3,20,high,low,RISK,3
2,3,1,3,Salaried,4259,Yes,Rents,17,43,57,18,11,RETAIL PHARMACY (UP TO A 30-DAY SUPPLY),GENERIC,CO-PAY IN $,20,10,10,15,10,3,20,high,low,RISK,3
3,2,2,3,Salaried,4138,No,Owns,37,25,52,18,11,RETAIL PHARMACY (UP TO A 30-DAY SUPPLY),GENERIC,CO-PAY IN $,20,10,10,15,10,3,20,high,low,RISK,3
3,1,2,3,Bonus,2742,No,Owns,39,50,53,18,11,RETAIL PHARMACY (UP TO A 30-DAY SUPPLY),GENERIC,CO-PAY IN $,10,15,10,20,10,3,20,high,low,RISK,3
1,1,1,3,Bonus,4027,Yes,Rents,21,31,54,18,11,RETAIL PHARMACY (UP TO A 30-DAY SUPPLY),GENERIC,CO-PAY IN $,15,10,10,20,10,3,20,high,low,RISK,3
2,2,1,1,Bonus,3643,No,Rents,35,26,75,18,11,RETAIL PHARMACY (UP TO A 30-DAY SUPPLY),GENERIC,CO-PAY IN $,10,10,20,15,10,3,20,high,low,RISK,3
2,1,3,1,Salaried,1855,No,Rents,39,49,60,18,11,RETAIL PHARMACY (UP TO A 30-DAY SUPPLY),GENERIC,CO-PAY IN $,10,15,20,10,10,3,20,high,low,RISK,3
1,3,1,1,Bonus,4199,No,Owns,33,40,57,18,11,RETAIL PHARMACY (UP TO A 30-DAY SUPPLY),GENERIC,CO-PAY IN $,15,20,10,10,10,3,20,high,low,RISK,3
1,3,2,1,Salaried,358,No,Rents,28,36,56,18,11,RETAIL PHARMACY (UP TO A 30-DAY SUPPLY),GENERIC,CO-PAY IN $,10,10,20,15,10,3,20,high,low,RISK,3
2,2,2,1,Salaried,2175,No,Owns,35,49,59,18,11,RETAIL PHARMACY (UP TO A 30-DAY SUPPLY),GENERIC,CO-PAY IN $,15,10,10,20,10,3,20,high,low,RISK,3
2,2,1,1,Bonus,2804,No,Owns,26,20,55,18,11,RETAIL PHARMACY (UP TO A 30-DAY SUPPLY),GENERIC,CO-PAY IN $,15,20,10,10,10,3,20,high,low,RISK,3
3,1,3,1,Salaried,1366,No,Owns,32,33,56,18,11,RETAIL PHARMACY (UP TO A 30-DAY SUPPLY),GENERIC,CO-PAY IN $,10,20,10,15,10,3,20,high,low,RISK,3
1,2,2,3,Salaried,3990,No,Rents,30,23,53,18,11,RETAIL PHARMACY (UP TO A 30-DAY SUPPLY),GENERIC,CO-PAY IN $,10,20,10,15,10,3,20,high,low,RISK,3
1,2,2,1,Salaried,1625,No,Owns,36,38,56,18,11,RETAIL PHARMACY (UP TO A 30-DAY SUPPLY),GENERIC,CO-PAY IN $,20,15,10,10,10,3,20,high,low,RISK,3
2,3,1,1,Hourly,1178,No,Owns,15,24,64,18,11,RETAIL PHARMACY (UP TO A 30-DAY SUPPLY),GENERIC,CO-PAY IN $,15,20,10,10,10,3,20,high,low,RISK,3
2,1,1,1,Hourly,2665,No,Rents,20,29,55,18,11,RETAIL PHARMACY (UP TO A 30-DAY SUPPLY),GENERIC,CO-PAY IN $,20,15,10,10,10,3,20,high,low,RISK,3
2,3,3,1,Hourly,4144,No,Owns,23,26,51,18,11,RETAIL PHARMACY (UP TO A 30-DAY SUPPLY),GENERIC,CO-PAY IN $,10,15,20,10,10,3,20,high,low,RISK,3
2,2,3,1,Hourly,2547,Yes,Owns,32,36,62,18,11,RETAIL PHARMACY (UP TO A 30-DAY SUPPLY),GENERIC,CO-PAY IN $,10,15,10,20,10,3,20,high,low,RISK,3
2,1,2,1,Hourly,152,Yes,Owns,34,38,64,18,11,RETAIL PHARMACY (UP TO A 30-DAY SUPPLY),GENERIC,CO-PAY IN $,20,15,10,10,10,3,20,high,low,RISK,3
1,1,1,1,Bonus,2909,Yes,Rents,23,31,55,18,11,RETAIL PHARMACY (UP TO A 30-DAY SUPPLY),GENERIC,CO-PAY IN $,10,10,15,20,10,3,20,high,low,RISK,3
3,3,2,2,Bonus,2404,Yes,Owns,27,31,59,18,11,RETAIL PHARMACY (UP TO A 30-DAY SUPPLY),GENERIC,CO-PAY IN $,10,15,20,10,10,3,20,high,low,RISK,3
3,1,2,3,Bonus,144,Yes,Owns,24,47,55,18,11,RETAIL PHARMACY (UP TO A 30-DAY SUPPLY),GENERIC,CO-PAY IN $,20,15,10,10,10,3,20,high,low,RISK,3
3,1,2,1,Hourly,2250,No,Owns,26,41,60,18,11,RETAIL PHARMACY (UP TO A 30-DAY SUPPLY),GENERIC,CO-PAY IN $,10,15,20,10,10,3,20,high,low,RISK,3
3,1,1,1,Hourly,4826,No,Owns,25,35,73,18,11,RETAIL PHARMACY (UP TO A 30-DAY SUPPLY),GENERIC,CO-PAY IN $,20,15,10,10,10,3,20,high,low,RISK,3
2,2,1,1,Salaried,792,No,Owns,28,24,60,18,11,RETAIL PHARMACY (UP TO A 30-DAY SUPPLY),GENERIC,CO-PAY IN $,15,10,10,20,10,3,20,high,low,RISK,3
1,3,1,2,Hourly,3429,No,Rents,34,43,57,18,11,RETAIL PHARMACY (UP TO A 30-DAY SUPPLY),GENERIC,CO-PAY IN $,10,10,15,20,10,3,20,high,low,RISK,3
1,3,1,2,Hourly,1596,Yes,Owns,27,25,52,18,11,RETAIL PHARMACY (UP TO A 30-DAY SUPPLY),GENERIC,CO-PAY IN $,10,15,10,20,10,3,20,high,low,RISK,3
2,3,3,1,Salaried,83,Yes,Owns,19,50,53,18,11,RETAIL PHARMACY (UP TO A 30-DAY SUPPLY),GENERIC,CO-PAY IN $,10,10,15,20,10,3,20,high,low,RISK,3
2,3,1,3,Salaried,3601,No,Owns,17,31,54,18,11,RETAIL PHARMACY (UP TO A 30-DAY SUPPLY),GENERIC,CO-PAY IN $,10,10,15,20,10,3,20,high,low,RISK,3
2,2,1,2,Bonus,861,No,Owns,34,26,75,18,11,RETAIL PHARMACY (UP TO A 30-DAY SUPPLY),GENERIC,CO-PAY IN $,20,10,10,15,10,3,20,high,low,RISK,3
1,3,3,3,Salaried,2240,Yes,Rents,35,49,60,18,11,RETAIL PHARMACY (UP TO A 30-DAY SUPPLY),GENERIC,CO-PAY IN $,10,10,15,20,10,3,20,high,low,RISK,3
1,1,1,1,Hourly,2384,No,Rents,17,40,57,18,11,RETAIL PHARMACY (UP TO A 30-DAY SUPPLY),GENERIC,CO-PAY IN $,10,10,20,15,10,3,20,high,low,RISK,3
1,1,1,1,Bonus,2363,Yes,Rents,29,36,56,18,11,RETAIL PHARMACY (UP TO A 30-DAY SUPPLY),GENERIC,CO-PAY IN $,20,10,10,15,10,3,20,high,low,RISK,3
2,1,3,1,Salaried,4539,No,Owns,24,49,59,18,11,RETAIL PHARMACY (UP TO A 30-DAY SUPPLY),GENERIC,CO-PAY IN $,10,10,15,20,10,3,20,high,low,RISK,3
2,1,1,1,Bonus,489,No,Rents,23,20,55,18,11,RETAIL PHARMACY (UP TO A 30-DAY SUPPLY),GENERIC,CO-PAY IN $,15,10,10,20,10,3,20,high,low,RISK,3
2,3,1,3,Bonus,4623,Yes,Owns,19,48,52,18,11,RETAIL PHARMACY (UP TO A 30-DAY SUPPLY),GENERIC,CO-PAY IN $,10,15,10,20,10,3,20,high,low,RISK,3
2,1,1,1,Salaried,153,Yes,Owns,15,33,56,18,11,RETAIL PHARMACY (UP TO A 30-DAY SUPPLY),GENERIC,CO-PAY IN $,20,10,15,10,10,3,20,high,low,RISK,3
1,3,3,2,Salaried,3954,No,Owns,17,23,53,18,11,RETAIL PHARMACY (UP TO A 30-DAY SUPPLY),GENERIC,CO-PAY IN $,10,20,15,10,10,3,20,high,low,RISK,3
1,2,1,1,Salaried,4742,No,Rents,15,38,56,18,11,RETAIL PHARMACY (UP TO A 30-DAY SUPPLY),GENERIC,CO-PAY IN $,20,10,15,10,10,3,20,high,low,RISK,3
1,1,1,2,Hourly,3289,No,Rents,35,24,64,18,11,RETAIL PHARMACY (UP TO A 30-DAY SUPPLY),GENERIC,CO-PAY IN $,15,10,20,10,10,3,20,high,low,RISK,3
1,1,2,2,Bonus,3409,Yes,Rents,30,29,55,18,11,RETAIL PHARMACY (UP TO A 30-DAY SUPPLY),GENERIC,CO-PAY IN $,10,15,20,10,10,3,20,high,low,RISK,3
1,1,3,2,Bonus,3179,No,Rents,21,26,51,18,11,RETAIL PHARMACY (UP TO A 30-DAY SUPPLY),GENERIC,CO-PAY IN $,10,15,20,10,10,3,20,high,low,RISK,3
1,1,1,2,Bonus,4271,No,Rents,22,36,62,18,11,RETAIL PHARMACY (UP TO A 30-DAY SUPPLY),GENERIC,CO-PAY IN $,10,15,20,10,10,3,20,high,low,RISK,3
1,1,1,1,Hourly,4605,Yes,Rents,24,38,64,18,11,RETAIL PHARMACY (UP TO A 30-DAY SUPPLY),GENERIC,CO-PAY IN $,20,10,10,15,10,3,20,high,low,RISK,3
1,3,3,3,Salaried,3042,Yes,Rents,16,31,55,18,11,RETAIL PHARMACY (UP TO A 30-DAY SUPPLY),GENERIC,CO-PAY IN $,10,15,10,20,10,3,20,high,low,RISK,3
1,3,3,1,Hourly,170,No,Rents,37,31,59,18,11,RETAIL PHARMACY (UP TO A 30-DAY SUPPLY),GENERIC,CO-PAY IN $,20,10,15,10,10,3,20,high,low,RISK,3
1,1,1,3,Salaried,2062,No,Rents,20,47,55,18,11,RETAIL PHARMACY (UP TO A 30-DAY SUPPLY),GENERIC,CO-PAY IN $,10,10,20,15,10,3,20,high,low,RISK,3
2,2,3,3,Bonus,1962,No,Rents,15,41,60,18,11,RETAIL PHARMACY (UP TO A 30-DAY SUPPLY),GENERIC,CO-PAY IN $,15,10,10,20,10,3,20,high,low,RISK,3
1,1,1,1,Bonus,1006,No,Owns,27,35,73,18,11,RETAIL PHARMACY (UP TO A 30-DAY SUPPLY),GENERIC,CO-PAY IN $,15,20,10,10,10,3,20,high,low,RISK,3
1,3,2,3,Salaried,4555,No,Rents,20,24,60,18,11,RETAIL PHARMACY (UP TO A 30-DAY SUPPLY),GENERIC,CO-PAY IN $,10,10,15,20,10,3,20,high,low,RISK,3
3,1,2,1,Bonus,458,No,Rents,25,43,57,18,11,RETAIL PHARMACY (UP TO A 30-DAY SUPPLY),GENERIC,CO-PAY IN $,15,20,10,10,10,3,20,high,low,RISK,3
3,1,3,1,Hourly,1593,No,Owns,16,25,52,18,11,RETAIL PHARMACY (UP TO A 30-DAY SUPPLY),GENERIC,CO-PAY IN $,10,20,10,15,10,3,20,high,low,RISK,3
1,3,1,2,Hourly,4519,Yes,Owns,26,50,53,18,11,RETAIL PHARMACY (UP TO A 30-DAY SUPPLY),GENERIC,CO-PAY IN $,15,10,10,20,10,3,20,high,low,RISK,3
1,2,1,1,Bonus,2639,No,Rents,16,31,54,18,11,RETAIL PHARMACY (UP TO A 30-DAY SUPPLY),GENERIC,CO-PAY IN $,10,20,15,10,10,3,20,high,low,RISK,3
1,1,3,1,Hourly,2563,Yes,Rents,35,26,75,18,11,RETAIL PHARMACY (UP TO A 30-DAY SUPPLY),GENERIC,CO-PAY IN $,20,15,10,10,10,3,20,high,low,RISK,3
1,2,3,2,Bonus,2810,Yes,Owns,35,49,60,18,11,RETAIL PHARMACY (UP TO A 30-DAY SUPPLY),GENERIC,CO-PAY IN $,20,15,10,10,10,3,20,high,low,RISK,3
2,2,1,2,Hourly,2954,Yes,Owns,39,40,57,18,11,RETAIL PHARMACY (UP TO A 30-DAY SUPPLY),GENERIC,CO-PAY IN $,15,10,10,20,10,3,20,high,low,RISK,3
2,1,3,1,Hourly,2299,Yes,Owns,31,36,56,18,11,RETAIL PHARMACY (UP TO A 30-DAY SUPPLY),GENERIC,CO-PAY IN $,10,20,15,10,10,3,20,high,low,RISK,3
1,1,2,3,Hourly,1155,No,Rents,16,49,59,18,11,RETAIL PHARMACY (UP TO A 30-DAY SUPPLY),GENERIC,CO-PAY IN $,15,20,10,10,10,3,20,high,low,RISK,3
2,1,3,1,Bonus,1856,Yes,Rents,31,20,55,18,11,RETAIL PHARMACY (UP TO A 30-DAY SUPPLY),GENERIC,CO-PAY IN $,10,10,20,15,10,3,20,high,low,RISK,3
3,2,2,1,Salaried,3352,Yes,Rents,18,48,52,18,11,RETAIL PHARMACY (UP TO A 30-DAY SUPPLY),GENERIC,CO-PAY IN $,15,10,10,20,10,3,20,high,low,RISK,3
3,1,1,2,Hourly,3735,Yes,Owns,34,33,56,18,11,RETAIL PHARMACY (UP TO A 30-DAY SUPPLY),GENERIC,CO-PAY IN $,15,10,20,10,10,3,20,high,low,RISK,3
3,2,1,3,Salaried,1125,Yes,Rents,18,23,53,18,11,RETAIL PHARMACY (UP TO A 30-DAY SUPPLY),GENERIC,CO-PAY IN $,20,10,15,10,10,3,20,high,low,RISK,3
3,1,2,1,Bonus,4695,No,Owns,15,38,56,18,11,RETAIL PHARMACY (UP TO A 30-DAY SUPPLY),GENERIC,CO-PAY IN $,15,10,10,20,10,3,20,high,low,RISK,3
2,2,2,2,Salaried,1210,No,Rents,38,24,64,18,11,RETAIL PHARMACY (UP TO A 30-DAY SUPPLY),GENERIC,CO-PAY IN $,20,10,10,15,10,3,20,high,low,RISK,3
2,3,2,1,Bonus,3149,No,Owns,17,29,55,18,11,RETAIL PHARMACY (UP TO A 30-DAY SUPPLY),GENERIC,CO-PAY IN $,10,20,10,15,10,3,20,high,low,RISK,3
2,2,2,2,Bonus,3757,No,Rents,18,26,51,18,11,RETAIL PHARMACY (UP TO A 30-DAY SUPPLY),GENERIC,CO-PAY IN $,10,20,15,10,10,3,20,high,low,RISK,3
3,1,3,2,Salaried,4038,Yes,Rents,28,36,62,18,11,RETAIL PHARMACY (UP TO A 30-DAY SUPPLY),GENERIC,CO-PAY IN $,10,10,20,15,10,3,20,high,low,RISK,3
1,1,1,3,Bonus,381,No,Owns,20,38,64,18,11,RETAIL PHARMACY (UP TO A 30-DAY SUPPLY),GENERIC,CO-PAY IN $,15,10,10,20,10,3,20,high,low,RISK,3
1,1,1,2,Hourly,2879,Yes,Rents,37,31,55,18,11,RETAIL PHARMACY (UP TO A 30-DAY SUPPLY),GENERIC,CO-PAY IN $,10,20,10,15,10,3,20,high,low,RISK,3
2,3,1,1,Hourly,2246,No,Owns,38,31,59,18,11,RETAIL PHARMACY (UP TO A 30-DAY SUPPLY),GENERIC,CO-PAY IN $,20,10,15,10,10,3,20,high,low,RISK,3
1,3,2,1,Hourly,3337,No,Rents,18,47,55,18,11,RETAIL PHARMACY (UP TO A 30-DAY SUPPLY),GENERIC,CO-PAY IN $,15,10,10,20,10,3,20,high,low,RISK,3
2,2,1,2,Hourly,874,No,Owns,38,41,60,18,11,RETAIL PHARMACY (UP TO A 30-DAY SUPPLY),GENERIC,CO-PAY IN $,15,10,20,10,10,3,20,high,low,RISK,3
1,2,1,1,Hourly,4470,Yes,Owns,16,35,73,18,11,RETAIL PHARMACY (UP TO A 30-DAY SUPPLY),GENERIC,CO-PAY IN $,15,10,10,20,10,3,20,high,low,RISK,3
3,1,3,1,Hourly,3252,Yes,Owns,24,24,60,18,11,RETAIL PHARMACY (UP TO A 30-DAY SUPPLY),GENERIC,CO-PAY IN $,10,10,20,15,10,3,20,high,low,RISK,3
1,3,1,2,Hourly,176,Yes,Rents,23,43,57,18,11,RETAIL PHARMACY (UP TO A 30-DAY SUPPLY),GENERIC,CO-PAY IN $,15,20,10,10,10,3,20,high,low,RISK,3
2,1,3,1,Hourly,3681,Yes,Owns,17,25,52,18,11,RETAIL PHARMACY (UP TO A 30-DAY SUPPLY),GENERIC,CO-PAY IN $,15,20,10,10,10,3,20,high,low,RISK,3
1,3,2,3,Hourly,1019,Yes,Owns,35,50,53,18,11,RETAIL PHARMACY (UP TO A 30-DAY SUPPLY),GENERIC,CO-PAY IN $,20,15,10,10,10,3,20,high,low,RISK,3
1,3,2,1,Bonus,4493,Yes,Owns,39,31,54,18,11,RETAIL PHARMACY (UP TO A 30-DAY SUPPLY),GENERIC,CO-PAY IN $,10,15,10,20,10,3,20,high,low,RISK,3
1,3,3,1,Salaried,1012,Yes,Owns,34,26,75,18,11,RETAIL PHARMACY (UP TO A 30-DAY SUPPLY),GENERIC,CO-PAY IN $,10,20,15,10,10,3,20,high,low,RISK,3
1,1,2,1,Bonus,1248,Yes,Rents,18,49,60,18,11,RETAIL PHARMACY (UP TO A 30-DAY SUPPLY),GENERIC,CO-PAY IN $,20,15,10,10,10,3,20,high,low,RISK,3
1,1,2,1,Salaried,1214,No,Owns,17,40,57,18,11,RETAIL PHARMACY (UP TO A 30-DAY SUPPLY),GENERIC,CO-PAY IN $,10,20,10,15,10,3,20,high,low,RISK,3
2,1,1,1,Salaried,2852,Yes,Rents,18,36,56,18,11,RETAIL PHARMACY (UP TO A 30-DAY SUPPLY),GENERIC,CO-PAY IN $,10,15,10,20,10,3,20,high,low,RISK,3
2,1,1,1,Bonus,1440,Yes,Owns,24,49,59,18,11,RETAIL PHARMACY (UP TO A 30-DAY SUPPLY),GENERIC,CO-PAY IN $,20,10,15,10,10,3,20,high,low,RISK,3
3,1,3,1,Bonus,2951,No,Owns,26,20,55,18,11,RETAIL PHARMACY (UP TO A 30-DAY SUPPLY),GENERIC,CO-PAY IN $,10,10,20,15,10,3,20,high,low,RISK,3
4,3,2,4,Salaried,4377,No,Rents,46,73,76,18,12,RETAIL PHARMACY (UP TO A 30-DAY SUPPLY),GENERIC,CO-PAY IN $,10,15,20,10,10,3,50,high,low,RISK,3
2,3,4,2,Salaried,1919,No,Owns,48,61,80,18,12,RETAIL PHARMACY (UP TO A 30-DAY SUPPLY),GENERIC,CO-PAY IN $,20,10,10,15,10,3,50,high,low,RISK,3
4,4,2,2,Bonus,1139,No,Owns,52,65,80,18,12,RETAIL PHARMACY (UP TO A 30-DAY SUPPLY),GENERIC,CO-PAY IN $,10,10,15,20,10,3,50,high,low,RISK,3
3,4,4,3,Bonus,3085,No,Rents,45,54,88,18,12,RETAIL PHARMACY (UP TO A 30-DAY SUPPLY),GENERIC,CO-PAY IN $,15,10,10,20,10,3,50,high,low,RISK,3
3,4,4,3,Salaried,912,Yes,Rents,61,58,79,18,12,RETAIL PHARMACY (UP TO A 30-DAY SUPPLY),GENERIC,CO-PAY IN $,15,10,10,20,10,3,50,high,low,RISK,3
4,3,4,3,Hourly,3561,Yes,Owns,51,56,75,18,12,RETAIL PHARMACY (UP TO A 30-DAY SUPPLY),GENERIC,CO-PAY IN $,20,15,10,10,10,3,50,high,low,RISK,3
4,4,2,2,Hourly,4350,No,Rents,40,64,87,18,12,RETAIL PHARMACY (UP TO A 30-DAY SUPPLY),GENERIC,CO-PAY IN $,20,15,10,10,10,3,50,high,low,RISK,3
4,4,4,4,Salaried,3664,No,Owns,39,65,88,18,12,RETAIL PHARMACY (UP TO A 30-DAY SUPPLY),GENERIC,CO-PAY IN $,20,10,15,10,10,3,50,high,low,RISK,3
2,3,3,3,Bonus,1972,Yes,Owns,62,60,80,18,12,RETAIL PHARMACY (UP TO A 30-DAY SUPPLY),GENERIC,CO-PAY IN $,15,10,10,20,10,3,50,high,low,RISK,3
3,2,4,4,Salaried,1235,Yes,Rents,55,60,83,18,12,RETAIL PHARMACY (UP TO A 30-DAY SUPPLY),GENERIC,CO-PAY IN $,20,15,10,10,10,3,50,high,low,RISK,3
2,4,3,3,Bonus,2294,Yes,Owns,47,72,79,18,12,RETAIL PHARMACY (UP TO A 30-DAY SUPPLY),GENERIC,CO-PAY IN $,15,20,10,10,10,3,50,high,low,RISK,3
2,3,4,3,Salaried,4592,Yes,Rents,62,68,84,18,12,RETAIL PHARMACY (UP TO A 30-DAY SUPPLY),GENERIC,CO-PAY IN $,10,10,15,20,10,3,50,high,low,RISK,3
3,3,3,4,Hourly,2183,Yes,Owns,37,63,98,18,12,RETAIL PHARMACY (UP TO A 30-DAY SUPPLY),GENERIC,CO-PAY IN $,10,10,15,20,10,3,50,high,low,RISK,3
3,3,4,3,Salaried,1622,Yes,Rents,42,55,84,18,12,RETAIL PHARMACY (UP TO A 30-DAY SUPPLY),GENERIC,CO-PAY IN $,15,10,10,20,10,3,50,high,low,RISK,3
3,4,3,4,Salaried,4259,Yes,Rents,37,70,81,18,12,RETAIL PHARMACY (UP TO A 30-DAY SUPPLY),GENERIC,CO-PAY IN $,20,15,10,10,10,3,50,high,low,RISK,3
4,3,3,4,Salaried,4138,No,Owns,62,55,76,18,12,RETAIL PHARMACY (UP TO A 30-DAY SUPPLY),GENERIC,CO-PAY IN $,10,10,15,20,10,3,50,high,low,RISK,3
4,3,4,4,Bonus,2742,No,Owns,64,75,77,18,12,RETAIL PHARMACY (UP TO A 30-DAY SUPPLY),GENERIC,CO-PAY IN $,20,10,10,15,10,3,50,high,low,RISK,3
3,3,3,4,Bonus,4027,Yes,Rents,43,60,78,18,12,RETAIL PHARMACY (UP TO A 30-DAY SUPPLY),GENERIC,CO-PAY IN $,20,15,10,10,10,3,50,high,low,RISK,3
4,4,2,2,Bonus,3643,No,Rents,59,56,100,18,12,RETAIL PHARMACY (UP TO A 30-DAY SUPPLY),GENERIC,CO-PAY IN $,15,10,20,10,10,3,50,high,low,RISK,3
4,2,4,2,Salaried,1855,No,Rents,63,74,85,18,12,RETAIL PHARMACY (UP TO A 30-DAY SUPPLY),GENERIC,CO-PAY IN $,15,10,20,10,10,3,50,high,low,RISK,3
3,4,2,3,Bonus,4199,No,Owns,57,67,81,18,12,RETAIL PHARMACY (UP TO A 30-DAY SUPPLY),GENERIC,CO-PAY IN $,10,10,15,20,10,3,50,high,low,RISK,3
3,4,3,2,Salaried,358,No,Rents,50,64,80,18,12,RETAIL PHARMACY (UP TO A 30-DAY SUPPLY),GENERIC,CO-PAY IN $,10,15,10,20,10,3,50,high,low,RISK,3
4,3,4,3,Salaried,2175,No,Owns,59,75,83,18,12,RETAIL PHARMACY (UP TO A 30-DAY SUPPLY),GENERIC,CO-PAY IN $,10,20,15,10,10,3,50,high,low,RISK,3
4,4,2,2,Bonus,2804,No,Owns,48,51,79,18,12,RETAIL PHARMACY (UP TO A 30-DAY SUPPLY),GENERIC,CO-PAY IN $,10,15,20,10,10,3,50,high,low,RISK,3
4,4,4,4,Bonus,2793,Yes,Owns,63,73,76,18,12,RETAIL PHARMACY (UP TO A 30-DAY SUPPLY),GENERIC,CO-PAY IN $,20,15,10,10,10,3,50,high,low,RISK,3
4,3,4,2,Salaried,1366,No,Owns,56,61,80,18,12,RETAIL PHARMACY (UP TO A 30-DAY SUPPLY),GENERIC,CO-PAY IN $,20,15,10,10,10,3,50,high,low,RISK,3
2,4,4,4,Salaried,3990,No,Rents,53,53,77,18,12,RETAIL PHARMACY (UP TO A 30-DAY SUPPLY),GENERIC,CO-PAY IN $,10,10,15,20,10,3,50,high,low,RISK,3
2,4,3,3,Salaried,1625,No,Owns,60,65,80,18,12,RETAIL PHARMACY (UP TO A 30-DAY SUPPLY),GENERIC,CO-PAY IN $,10,20,15,10,10,3,50,high,low,RISK,3
4,4,3,3,Hourly,1178,No,Owns,35,54,88,18,12,RETAIL PHARMACY (UP TO A 30-DAY SUPPLY),GENERIC,CO-PAY IN $,15,20,10,10,10,3,50,high,low,RISK,3
3,3,2,2,Hourly,2665,No,Rents,41,58,79,18,12,RETAIL PHARMACY (UP TO A 30-DAY SUPPLY),GENERIC,CO-PAY IN $,20,15,10,10,10,3,50,high,low,RISK,3
4,4,4,2,Hourly,4144,No,Owns,44,56,75,18,12,RETAIL PHARMACY (UP TO A 30-DAY SUPPLY),GENERIC,CO-PAY IN $,10,10,15,20,10,3,50,high,low,RISK,3
3,3,4,3,Hourly,2547,Yes,Owns,55,64,87,18,12,RETAIL PHARMACY (UP TO A 30-DAY SUPPLY),GENERIC,CO-PAY IN $,20,10,10,15,10,3,50,high,low,RISK,3
4,3,4,2,Hourly,152,Yes,Owns,58,65,88,18,12,RETAIL PHARMACY (UP TO A 30-DAY SUPPLY),GENERIC,CO-PAY IN $,15,10,10,20,10,3,50,high,low,RISK,3
3,2,2,3,Bonus,2909,Yes,Rents,45,60,80,18,12,RETAIL PHARMACY (UP TO A 30-DAY SUPPLY),GENERIC,CO-PAY IN $,10,20,15,10,10,3,50,high,low,RISK,3
4,4,3,3,Bonus,2404,Yes,Owns,49,60,83,18,12,RETAIL PHARMACY (UP TO A 30-DAY SUPPLY),GENERIC,CO-PAY IN $,15,20,10,10,10,3,50,high,low,RISK,3
4,2,4,4,Bonus,144,Yes,Owns,46,72,79,18,12,RETAIL PHARMACY (UP TO A 30-DAY SUPPLY),GENERIC,CO-PAY IN $,10,15,20,10,10,3,50,high,low,RISK,3
4,2,4,2,Hourly,2250,No,Owns,48,68,84,18,12,RETAIL PHARMACY (UP TO A 30-DAY SUPPLY),GENERIC,CO-PAY IN $,10,15,20,10,10,3,50,high,low,RISK,3
4,3,3,3,Hourly,4826,No,Owns,47,63,98,18,12,RETAIL PHARMACY (UP TO A 30-DAY SUPPLY),GENERIC,CO-PAY IN $,15,10,20,10,10,3,50,high,low,RISK,3
4,4,2,3,Salaried,792,No,Owns,50,55,84,18,12,RETAIL PHARMACY (UP TO A 30-DAY SUPPLY),GENERIC,CO-PAY IN $,10,20,10,15,10,3,50,high,low,RISK,3
2,4,2,3,Hourly,3429,No,Rents,58,70,81,18,12,RETAIL PHARMACY (UP TO A 30-DAY SUPPLY),GENERIC,CO-PAY IN $,15,10,20,10,10,3,50,high,low,RISK,3
3,4,3,4,Hourly,1596,Yes,Owns,50,55,76,18,12,RETAIL PHARMACY (UP TO A 30-DAY SUPPLY),GENERIC,CO-PAY IN $,15,10,10,20,10,3,50,high,low,RISK,3
4,4,4,3,Salaried,83,Yes,Owns,40,75,77,18,12,RETAIL PHARMACY (UP TO A 30-DAY SUPPLY),GENERIC,CO-PAY IN $,10,20,10,15,10,3,50,high,low,RISK,3
4,4,3,4,Salaried,3601,No,Owns,38,60,78,18,12,RETAIL PHARMACY (UP TO A 30-DAY SUPPLY),GENERIC,CO-PAY IN $,15,10,20,10,10,3,50,high,low,RISK,3
3,4,2,4,Bonus,861,No,Owns,58,56,100,18,12,RETAIL PHARMACY (UP TO A 30-DAY SUPPLY),GENERIC,CO-PAY IN $,10,20,10,15,10,3,50,high,low,RISK,3
2,4,4,4,Salaried,2240,Yes,Rents,59,74,85,18,12,RETAIL PHARMACY (UP TO A 30-DAY SUPPLY),GENERIC,CO-PAY IN $,20,10,15,10,10,3,50,high,low,RISK,3
3,3,2,2,Hourly,2384,No,Rents,37,67,81,18,12,RETAIL PHARMACY (UP TO A 30-DAY SUPPLY),GENERIC,CO-PAY IN $,20,10,15,10,10,3,50,high,low,RISK,3
2,2,3,3,Bonus,2363,Yes,Rents,52,64,80,18,12,RETAIL PHARMACY (UP TO A 30-DAY SUPPLY),GENERIC,CO-PAY IN $,20,10,15,10,10,3,50,high,low,RISK,3
3,3,4,2,Salaried,4539,No,Owns,45,75,83,18,12,RETAIL PHARMACY (UP TO A 30-DAY SUPPLY),GENERIC,CO-PAY IN $,10,20,15,10,10,3,50,high,low,RISK,3
3,3,2,2,Bonus,489,No,Rents,45,51,79,18,12,RETAIL PHARMACY (UP TO A 30-DAY SUPPLY),GENERIC,CO-PAY IN $,10,10,15,20,10,3,50,high,low,RISK,3
4,4,2,4,Bonus,4623,Yes,Owns,40,73,76,18,12,RETAIL PHARMACY (UP TO A 30-DAY SUPPLY),GENERIC,CO-PAY IN $,20,15,10,10,10,3,50,high,low,RISK,3
3,3,3,2,Salaried,153,Yes,Owns,36,61,80,18,12,RETAIL PHARMACY (UP TO A 30-DAY SUPPLY),GENERIC,CO-PAY IN $,10,10,15,20,10,3,50,high,low,RISK,3
3,4,4,4,Salaried,3954,No,Owns,38,53,77,18,12,RETAIL PHARMACY (UP TO A 30-DAY SUPPLY),GENERIC,CO-PAY IN $,10,15,20,10,10,3,50,high,low,RISK,3
3,3,2,3,Salaried,4742,No,Rents,35,65,80,18,12,RETAIL PHARMACY (UP TO A 30-DAY SUPPLY),GENERIC,CO-PAY IN $,15,10,20,10,10,3,50,high,low,RISK,3
2,2,2,3,Hourly,3289,No,Rents,59,54,88,18,12,RETAIL PHARMACY (UP TO A 30-DAY SUPPLY),GENERIC,CO-PAY IN $,20,10,10,15,10,3,50,high,low,RISK,3
2,2,3,3,Bonus,3409,Yes,Rents,54,58,79,18,12,RETAIL PHARMACY (UP TO A 30-DAY SUPPLY),GENERIC,CO-PAY IN $,10,15,10,20,10,3,50,high,low,RISK,3
3,3,4,3,Bonus,3179,No,Rents,42,56,75,18,12,RETAIL PHARMACY (UP TO A 30-DAY SUPPLY),GENERIC,CO-PAY IN $,15,20,10,10,10,3,50,high,low,RISK,3
3,3,2,4,Bonus,4271,No,Rents,43,64,87,18,12,RETAIL PHARMACY (UP TO A 30-DAY SUPPLY),GENERIC,CO-PAY IN $,15,10,20,10,10,3,50,high,low,RISK,3
3,3,3,2,Hourly,4605,Yes,Rents,46,65,88,18,12,RETAIL PHARMACY (UP TO A 30-DAY SUPPLY),GENERIC,CO-PAY IN $,10,10,20,15,10,3,50,high,low,RISK,3
2,4,4,4,Salaried,3042,Yes,Rents,37,60,80,18,12,RETAIL PHARMACY (UP TO A 30-DAY SUPPLY),GENERIC,CO-PAY IN $,10,20,10,15,10,3,50,high,low,RISK,3
2,4,4,3,Hourly,170,No,Rents,61,60,83,18,12,RETAIL PHARMACY (UP TO A 30-DAY SUPPLY),GENERIC,CO-PAY IN $,10,10,20,15,10,3,50,high,low,RISK,3
2,3,3,4,Salaried,2062,No,Rents,40,72,79,18,12,RETAIL PHARMACY (UP TO A 30-DAY SUPPLY),GENERIC,CO-PAY IN $,10,20,10,15,10,3,50,high,low,RISK,3
4,4,4,4,Bonus,1962,No,Rents,35,68,84,18,12,RETAIL PHARMACY (UP TO A 30-DAY SUPPLY),GENERIC,CO-PAY IN $,10,15,20,10,10,3,50,high,low,RISK,3
2,2,3,2,Bonus,1006,No,Owns,50,63,98,18,12,RETAIL PHARMACY (UP TO A 30-DAY SUPPLY),GENERIC,CO-PAY IN $,10,15,10,20,10,3,50,high,low,RISK,3
2,4,3,4,Salaried,4555,No,Rents,42,55,84,18,12,RETAIL PHARMACY (UP TO A 30-DAY SUPPLY),GENERIC,CO-PAY IN $,10,10,15,20,10,3,50,high,low,RISK,3
4,3,4,3,Bonus,458,No,Rents,46,70,81,18,12,RETAIL PHARMACY (UP TO A 30-DAY SUPPLY),GENERIC,CO-PAY IN $,15,10,20,10,10,3,50,high,low,RISK,3
4,3,4,3,Hourly,1593,No,Owns,36,55,76,18,12,RETAIL PHARMACY (UP TO A 30-DAY SUPPLY),GENERIC,CO-PAY IN $,20,10,15,10,10,3,50,high,low,RISK,3
3,4,2,3,Hourly,4519,Yes,Owns,48,75,77,18,12,RETAIL PHARMACY (UP TO A 30-DAY SUPPLY),GENERIC,CO-PAY IN $,20,10,10,15,10,3,50,high,low,RISK,3
2,4,3,3,Bonus,2639,No,Rents,36,60,78,18,12,RETAIL PHARMACY (UP TO A 30-DAY SUPPLY),GENERIC,CO-PAY IN $,10,10,20,15,10,3,50,high,low,RISK,3
2,3,4,3,Hourly,2563,Yes,Rents,59,56,100,18,12,RETAIL PHARMACY (UP TO A 30-DAY SUPPLY),GENERIC,CO-PAY IN $,20,10,15,10,10,3,50,high,low,RISK,3
3,4,4,4,Bonus,2810,Yes,Owns,58,74,85,18,12,RETAIL PHARMACY (UP TO A 30-DAY SUPPLY),GENERIC,CO-PAY IN $,10,20,10,15,10,3,50,high,low,RISK,3
3,2,4,3,Hourly,2299,Yes,Owns,54,64,80,18,12,RETAIL PHARMACY (UP TO A 30-DAY SUPPLY),GENERIC,CO-PAY IN $,10,20,10,15,10,3,50,high,low,RISK,3
2,3,4,4,Hourly,1155,No,Rents,37,75,83,18,12,RETAIL PHARMACY (UP TO A 30-DAY SUPPLY),GENERIC,CO-PAY IN $,10,15,10,20,10,3,50,high,low,RISK,3
4,2,4,3,Bonus,1856,Yes,Rents,55,51,79,18,12,RETAIL PHARMACY (UP TO A 30-DAY SUPPLY),GENERIC,CO-PAY IN $,15,10,20,10,10,3,50,high,low,RISK,3
4,4,3,3,Salaried,3352,Yes,Rents,38,73,76,18,12,RETAIL PHARMACY (UP TO A 30-DAY SUPPLY),GENERIC,CO-PAY IN $,20,10,10,15,10,3,50,high,low,RISK,3
4,3,2,3,Hourly,3735,Yes,Owns,58,61,80,18,12,RETAIL PHARMACY (UP TO A 30-DAY SUPPLY),GENERIC,CO-PAY IN $,10,15,20,10,10,3,50,high,low,RISK,3
4,3,3,4,Salaried,1125,Yes,Rents,38,53,77,18,12,RETAIL PHARMACY (UP TO A 30-DAY SUPPLY),GENERIC,CO-PAY IN $,10,20,15,10,10,3,50,high,low,RISK,3
4,2,4,2,Bonus,4695,No,Owns,35,65,80,18,12,RETAIL PHARMACY (UP TO A 30-DAY SUPPLY),GENERIC,CO-PAY IN $,10,20,10,15,10,3,50,high,low,RISK,3
3,3,3,4,Salaried,1210,No,Rents,62,54,88,18,12,RETAIL PHARMACY (UP TO A 30-DAY SUPPLY),GENERIC,CO-PAY IN $,10,20,15,10,10,3,50,high,low,RISK,3
4,4,4,2,Bonus,3149,No,Owns,37,58,79,18,12,RETAIL PHARMACY (UP TO A 30-DAY SUPPLY),GENERIC,CO-PAY IN $,15,20,10,10,10,3,50,high,low,RISK,3
4,3,4,4,Bonus,3757,No,Rents,38,56,75,18,12,RETAIL PHARMACY (UP TO A 30-DAY SUPPLY),GENERIC,CO-PAY IN $,10,20,10,15,10,3,50,high,low,RISK,3
4,3,4,4,Salaried,4038,Yes,Rents,51,64,87,18,12,RETAIL PHARMACY (UP TO A 30-DAY SUPPLY),GENERIC,CO-PAY IN $,20,15,10,10,10,3,50,high,low,RISK,3
2,3,3,4,Bonus,381,No,Owns,41,65,88,18,12,RETAIL PHARMACY (UP TO A 30-DAY SUPPLY),GENERIC,CO-PAY IN $,10,10,20,15,10,3,50,high,low,RISK,3
3,3,3,3,Hourly,2879,Yes,Rents,61,60,80,18,12,RETAIL PHARMACY (UP TO A 30-DAY SUPPLY),GENERIC,CO-PAY IN $,15,10,10,20,10,3,50,high,low,RISK,3
4,4,3,2,Hourly,2246,No,Owns,62,60,83,18,12,RETAIL PHARMACY (UP TO A 30-DAY SUPPLY),GENERIC,CO-PAY IN $,10,20,15,10,10,3,50,high,low,RISK,3
2,4,3,2,Hourly,3337,No,Rents,39,72,79,18,12,RETAIL PHARMACY (UP TO A 30-DAY SUPPLY),GENERIC,CO-PAY IN $,10,20,15,10,10,3,50,high,low,RISK,3
4,3,3,4,Hourly,874,No,Owns,63,68,84,18,12,RETAIL PHARMACY (UP TO A 30-DAY SUPPLY),GENERIC,CO-PAY IN $,20,15,10,10,10,3,50,high,low,RISK,3
3,4,2,3,Hourly,4470,Yes,Owns,36,63,98,18,12,RETAIL PHARMACY (UP TO A 30-DAY SUPPLY),GENERIC,CO-PAY IN $,20,10,15,10,10,3,50,high,low,RISK,3
4,3,4,3,Hourly,3252,Yes,Owns,46,55,84,18,12,RETAIL PHARMACY (UP TO A 30-DAY SUPPLY),GENERIC,CO-PAY IN $,10,20,10,15,10,3,50,high,low,RISK,3
3,4,2,3,Hourly,176,Yes,Rents,45,70,81,18,12,RETAIL PHARMACY (UP TO A 30-DAY SUPPLY),GENERIC,CO-PAY IN $,10,15,10,20,10,3,50,high,low,RISK,3
4,3,4,2,Hourly,3681,Yes,Owns,38,55,76,18,12,RETAIL PHARMACY (UP TO A 30-DAY SUPPLY),GENERIC,CO-PAY IN $,20,10,15,10,10,3,50,high,low,RISK,3
3,4,4,4,Hourly,1019,Yes,Owns,59,75,77,18,12,RETAIL PHARMACY (UP TO A 30-DAY SUPPLY),GENERIC,CO-PAY IN $,15,10,20,10,10,3,50,high,low,RISK,3
3,4,4,3,Bonus,4493,Yes,Owns,64,60,78,18,12,RETAIL PHARMACY (UP TO A 30-DAY SUPPLY),GENERIC,CO-PAY IN $,20,15,10,10,10,3,50,high,low,RISK,3
3,4,4,2,Salaried,1012,Yes,Owns,58,56,100,18,12,RETAIL PHARMACY (UP TO A 30-DAY SUPPLY),GENERIC,CO-PAY IN $,10,15,10,20,10,3,50,high,low,RISK,3
2,2,4,3,Bonus,1248,Yes,Rents,39,74,85,18,12,RETAIL PHARMACY (UP TO A 30-DAY SUPPLY),GENERIC,CO-PAY IN $,10,10,15,20,10,3,50,high,low,RISK,3
2,3,3,3,Salaried,1214,No,Owns,37,67,81,18,12,RETAIL PHARMACY (UP TO A 30-DAY SUPPLY),GENERIC,CO-PAY IN $,10,10,15,20,10,3,50,high,low,RISK,3
4,3,3,2,Salaried,2852,Yes,Rents,38,64,80,18,12,RETAIL PHARMACY (UP TO A 30-DAY SUPPLY),GENERIC,CO-PAY IN $,15,10,20,10,10,3,50,high,low,RISK,3
3,3,2,2,Bonus,1440,Yes,Owns,46,75,83,18,12,RETAIL PHARMACY (UP TO A 30-DAY SUPPLY),GENERIC,CO-PAY IN $,20,10,10,15,10,3,50,high,low,RISK,3
4,2,4,3,Bonus,2951,No,Owns,48,51,79,18,12,RETAIL PHARMACY (UP TO A 30-DAY SUPPLY),GENERIC,CO-PAY IN $,10,10,15,20,10,3,50,high,low,RISK,3
1,0,0,1,Salaried,4377,No,Rents,4,9,1,18,13,RETAIL PHARMACY (UP TO A 30-DAY SUPPLY),GENERIC,CO-PAY IN $,20,10,10,15,10,3,5,high,high,RISK,4
0,0,1,0,Salaried,1919,No,Owns,4,4,5,18,13,RETAIL PHARMACY (UP TO A 30-DAY SUPPLY),GENERIC,CO-PAY IN $,10,15,10,20,10,3,5,high,high,RISK,4
0,0,0,0,Salaried,4671,Yes,Rents,7,1,2,18,13,RETAIL PHARMACY (UP TO A 30-DAY SUPPLY),GENERIC,CO-PAY IN $,20,15,10,10,10,3,5,high,high,RISK,4
1,1,0,0,Bonus,1139,No,Owns,6,6,5,18,13,RETAIL PHARMACY (UP TO A 30-DAY SUPPLY),GENERIC,CO-PAY IN $,10,10,15,20,10,3,5,high,high,RISK,4
0,1,1,0,Bonus,3085,No,Rents,3,1,13,18,13,RETAIL PHARMACY (UP TO A 30-DAY SUPPLY),GENERIC,CO-PAY IN $,10,10,15,20,10,3,5,high,high,RISK,4
0,1,1,0,Salaried,912,Yes,Rents,9,3,4,18,13,RETAIL PHARMACY (UP TO A 30-DAY SUPPLY),GENERIC,CO-PAY IN $,10,10,15,20,10,3,5,high,high,RISK,4
1,0,1,0,Hourly,3561,Yes,Owns,5,2,0,18,13,RETAIL PHARMACY (UP TO A 30-DAY SUPPLY),GENERIC,CO-PAY IN $,20,10,10,15,10,3,5,high,high,RISK,4
1,1,0,0,Hourly,4350,No,Rents,2,5,12,18,13,RETAIL PHARMACY (UP TO A 30-DAY SUPPLY),GENERIC,CO-PAY IN $,10,15,10,20,10,3,5,high,high,RISK,4
1,1,0,1,Salaried,3664,No,Owns,1,6,13,18,13,RETAIL PHARMACY (UP TO A 30-DAY SUPPLY),GENERIC,CO-PAY IN $,15,10,20,10,10,3,5,high,high,RISK,4
0,0,0,0,Bonus,1972,Yes,Owns,9,4,5,18,13,RETAIL PHARMACY (UP TO A 30-DAY SUPPLY),GENERIC,CO-PAY IN $,20,10,10,15,10,3,5,high,high,RISK,4
0,0,1,1,Salaried,1235,Yes,Rents,7,4,8,18,13,RETAIL PHARMACY (UP TO A 30-DAY SUPPLY),GENERIC,CO-PAY IN $,10,20,15,10,10,3,5,high,high,RISK,4
0,1,0,0,Bonus,2294,Yes,Owns,4,9,4,18,13,RETAIL PHARMACY (UP TO A 30-DAY SUPPLY),GENERIC,CO-PAY IN $,15,10,20,10,10,3,5,high,high,RISK,4
0,0,1,0,Salaried,4592,Yes,Rents,9,7,9,18,13,RETAIL PHARMACY (UP TO A 30-DAY SUPPLY),GENERIC,CO-PAY IN $,10,15,20,10,10,3,5,high,high,RISK,4
0,0,0,1,Hourly,2183,Yes,Owns,1,5,23,18,13,RETAIL PHARMACY (UP TO A 30-DAY SUPPLY),GENERIC,CO-PAY IN $,10,15,20,10,10,3,5,high,high,RISK,4
0,0,1,0,Salaried,1622,Yes,Rents,2,1,9,18,13,RETAIL PHARMACY (UP TO A 30-DAY SUPPLY),GENERIC,CO-PAY IN $,15,10,10,20,10,3,5,high,high,RISK,4
0,1,0,1,Salaried,4259,Yes,Rents,1,8,6,18,13,RETAIL PHARMACY (UP TO A 30-DAY SUPPLY),GENERIC,CO-PAY IN $,10,20,15,10,10,3,5,high,high,RISK,4
1,0,0,1,Salaried,4138,No,Owns,9,2,1,18,13,RETAIL PHARMACY (UP TO A 30-DAY SUPPLY),GENERIC,CO-PAY IN $,15,10,10,20,10,3,5,high,high,RISK,4
1,0,0,1,Bonus,2742,No,Owns,10,10,2,18,13,RETAIL PHARMACY (UP TO A 30-DAY SUPPLY),GENERIC,CO-PAY IN $,15,20,10,10,10,3,5,high,high,RISK,4
0,0,0,1,Bonus,4027,Yes,Rents,3,4,3,18,13,RETAIL PHARMACY (UP TO A 30-DAY SUPPLY),GENERIC,CO-PAY IN $,10,10,15,20,10,3,5,high,high,RISK,4
1,0,0,0,Bonus,3643,No,Rents,8,2,25,18,13,RETAIL PHARMACY (UP TO A 30-DAY SUPPLY),GENERIC,CO-PAY IN $,20,10,15,10,10,3,5,high,high,RISK,4
1,0,1,0,Salaried,1855,No,Rents,9,10,10,18,13,RETAIL PHARMACY (UP TO A 30-DAY SUPPLY),GENERIC,CO-PAY IN $,20,10,10,15,10,3,5,high,high,RISK,4
0,1,0,0,Bonus,4199,No,Owns,7,7,6,18,13,RETAIL PHARMACY (UP TO A 30-DAY SUPPLY),GENERIC,CO-PAY IN $,15,10,10,20,10,3,5,high,high,RISK,4
0,1,0,0,Salaried,358,No,Rents,5,5,5,18,13,RETAIL PHARMACY (UP TO A 30-DAY SUPPLY),GENERIC,CO-PAY IN $,20,10,15,10,10,3,5,high,high,RISK,4
0,0,1,0,Salaried,2175,No,Owns,8,10,8,18,13,RETAIL PHARMACY (UP TO A 30-DAY SUPPLY),GENERIC,CO-PAY IN $,10,15,10,20,10,3,5,high,high,RISK,4
1,1,1,0,Bonus,2793,Yes,Owns,9,9,1,18,13,RETAIL PHARMACY (UP TO A 30-DAY SUPPLY),GENERIC,CO-PAY IN $,20,10,15,10,10,3,5,high,high,RISK,4
1,0,1,0,Salaried,1366,No,Owns,7,4,5,18,13,RETAIL PHARMACY (UP TO A 30-DAY SUPPLY),GENERIC,CO-PAY IN $,15,20,10,10,10,3,5,high,high,RISK,4
0,1,1,1,Salaried,3990,No,Rents,6,1,2,18,13,RETAIL PHARMACY (UP TO A 30-DAY SUPPLY),GENERIC,CO-PAY IN $,20,15,10,10,10,3,5,high,high,RISK,4
0,0,0,0,Salaried,1625,No,Owns,8,6,5,18,13,RETAIL PHARMACY (UP TO A 30-DAY SUPPLY),GENERIC,CO-PAY IN $,20,10,10,15,10,3,5,high,high,RISK,4
1,1,0,0,Hourly,1178,No,Owns,0,1,13,18,13,RETAIL PHARMACY (UP TO A 30-DAY SUPPLY),GENERIC,CO-PAY IN $,15,10,20,10,10,3,5,high,high,RISK,4
0,0,0,0,Hourly,2665,No,Rents,2,3,4,18,13,RETAIL PHARMACY (UP TO A 30-DAY SUPPLY),GENERIC,CO-PAY IN $,10,15,20,10,10,3,5,high,high,RISK,4
1,1,1,0,Hourly,4144,No,Owns,3,2,0,18,13,RETAIL PHARMACY (UP TO A 30-DAY SUPPLY),GENERIC,CO-PAY IN $,10,20,15,10,10,3,5,high,high,RISK,4
0,0,1,0,Hourly,2547,Yes,Owns,7,5,12,18,13,RETAIL PHARMACY (UP TO A 30-DAY SUPPLY),GENERIC,CO-PAY IN $,10,10,20,15,10,3,5,high,high,RISK,4
1,0,1,0,Hourly,152,Yes,Owns,8,6,13,18,13,RETAIL PHARMACY (UP TO A 30-DAY SUPPLY),GENERIC,CO-PAY IN $,10,20,15,10,10,3,5,high,high,RISK,4
0,0,0,0,Bonus,2909,Yes,Rents,3,4,5,18,13,RETAIL PHARMACY (UP TO A 30-DAY SUPPLY),GENERIC,CO-PAY IN $,10,10,15,20,10,3,5,high,high,RISK,4
1,1,0,0,Bonus,2404,Yes,Owns,5,4,8,18,13,RETAIL PHARMACY (UP TO A 30-DAY SUPPLY),GENERIC,CO-PAY IN $,15,10,20,10,10,3,5,high,high,RISK,4
1,0,1,1,Bonus,144,Yes,Owns,4,9,4,18,13,RETAIL PHARMACY (UP TO A 30-DAY SUPPLY),GENERIC,CO-PAY IN $,10,10,20,15,10,3,5,high,high,RISK,4
1,0,1,0,Hourly,2250,No,Owns,4,7,9,18,13,RETAIL PHARMACY (UP TO A 30-DAY SUPPLY),GENERIC,CO-PAY IN $,20,10,15,10,10,3,5,high,high,RISK,4
1,0,0,0,Hourly,4826,No,Owns,4,5,23,18,13,RETAIL PHARMACY (UP TO A 30-DAY SUPPLY),GENERIC,CO-PAY IN $,10,15,20,10,10,3,5,high,high,RISK,4
1,1,0,0,Salaried,792,No,Owns,5,1,9,18,13,RETAIL PHARMACY (UP TO A 30-DAY SUPPLY),GENERIC,CO-PAY IN $,10,10,20,15,10,3,5,high,high,RISK,4
0,1,0,0,Hourly,3429,No,Rents,8,8,6,18,13,RETAIL PHARMACY (UP TO A 30-DAY SUPPLY),GENERIC,CO-PAY IN $,15,10,20,10,10,3,5,high,high,RISK,4
0,1,0,0,Hourly,1596,Yes,Owns,5,2,1,18,13,RETAIL PHARMACY (UP TO A 30-DAY SUPPLY),GENERIC,CO-PAY IN $,15,10,20,10,10,3,5,high,high,RISK,4
1,1,1,0,Salaried,83,Yes,Owns,2,10,2,18,13,RETAIL PHARMACY (UP TO A 30-DAY SUPPLY),GENERIC,CO-PAY IN $,10,15,10,20,10,3,5,high,high,RISK,4
1,1,0,1,Salaried,3601,No,Owns,1,4,3,18,13,RETAIL PHARMACY (UP TO A 30-DAY SUPPLY),GENERIC,CO-PAY IN $,10,15,20,10,10,3,5,high,high,RISK,4
0,0,0,1,Bonus,861,No,Owns,8,2,25,18,13,RETAIL PHARMACY (UP TO A 30-DAY SUPPLY),GENERIC,CO-PAY IN $,10,15,10,20,10,3,5,high,high,RISK,4
0,1,1,1,Salaried,2240,Yes,Rents,8,10,10,18,13,RETAIL PHARMACY (UP TO A 30-DAY SUPPLY),GENERIC,CO-PAY IN $,10,20,10,15,10,3,5,high,high,RISK,4
0,0,0,0,Hourly,2384,No,Rents,1,7,6,18,13,RETAIL PHARMACY (UP TO A 30-DAY SUPPLY),GENERIC,CO-PAY IN $,10,15,10,20,10,3,5,high,high,RISK,4
0,0,0,0,Bonus,2363,Yes,Rents,6,5,5,18,13,RETAIL PHARMACY (UP TO A 30-DAY SUPPLY),GENERIC,CO-PAY IN $,10,10,15,20,10,3,5,high,high,RISK,4
0,0,1,0,Salaried,4539,No,Owns,3,10,8,18,13,RETAIL PHARMACY (UP TO A 30-DAY SUPPLY),GENERIC,CO-PAY IN $,15,10,20,10,10,3,5,high,high,RISK,4
0,0,0,0,Bonus,489,No,Rents,3,0,4,18,13,RETAIL PHARMACY (UP TO A 30-DAY SUPPLY),GENERIC,CO-PAY IN $,10,20,15,10,10,3,5,high,high,RISK,4
0,1,0,1,Bonus,4623,Yes,Owns,2,9,1,18,13,RETAIL PHARMACY (UP TO A 30-DAY SUPPLY),GENERIC,CO-PAY IN $,15,10,20,10,10,3,5,high,high,RISK,4
0,0,0,0,Salaried,153,Yes,Owns,0,4,5,18,13,RETAIL PHARMACY (UP TO A 30-DAY SUPPLY),GENERIC,CO-PAY IN $,20,15,10,10,10,3,5,high,high,RISK,4
0,1,1,0,Salaried,3954,No,Owns,1,1,2,18,13,RETAIL PHARMACY (UP TO A 30-DAY SUPPLY),GENERIC,CO-PAY IN $,10,20,10,15,10,3,5,high,high,RISK,4
0,0,0,0,Salaried,4742,No,Rents,0,6,5,18,13,RETAIL PHARMACY (UP TO A 30-DAY SUPPLY),GENERIC,CO-PAY IN $,10,20,15,10,10,3,5,high,high,RISK,4
0,0,0,0,Hourly,3289,No,Rents,8,1,13,18,13,RETAIL PHARMACY (UP TO A 30-DAY SUPPLY),GENERIC,CO-PAY IN $,20,10,10,15,10,3,5,high,high,RISK,4
0,0,0,0,Bonus,3409,Yes,Rents,6,3,4,18,13,RETAIL PHARMACY (UP TO A 30-DAY SUPPLY),GENERIC,CO-PAY IN $,20,15,10,10,10,3,5,high,high,RISK,4
0,0,1,0,Bonus,3179,No,Rents,2,2,0,18,13,RETAIL PHARMACY (UP TO A 30-DAY SUPPLY),GENERIC,CO-PAY IN $,10,15,20,10,10,3,5,high,high,RISK,4
0,0,0,0,Bonus,4271,No,Rents,3,5,12,18,13,RETAIL PHARMACY (UP TO A 30-DAY SUPPLY),GENERIC,CO-PAY IN $,10,15,20,10,10,3,5,high,high,RISK,4
0,0,0,0,Hourly,4605,Yes,Rents,4,6,13,18,13,RETAIL PHARMACY (UP TO A 30-DAY SUPPLY),GENERIC,CO-PAY IN $,20,15,10,10,10,3,5,high,high,RISK,4
0,1,1,1,Salaried,3042,Yes,Rents,1,4,5,18,13,RETAIL PHARMACY (UP TO A 30-DAY SUPPLY),GENERIC,CO-PAY IN $,10,10,20,15,10,3,5,high,high,RISK,4
0,1,1,0,Hourly,170,No,Rents,9,4,8,18,13,RETAIL PHARMACY (UP TO A 30-DAY SUPPLY),GENERIC,CO-PAY IN $,15,10,20,10,10,3,5,high,high,RISK,4
0,0,0,1,Salaried,2062,No,Rents,2,9,4,18,13,RETAIL PHARMACY (UP TO A 30-DAY SUPPLY),GENERIC,CO-PAY IN $,15,10,10,20,10,3,5,high,high,RISK,4
1,0,1,1,Bonus,1962,No,Rents,0,7,9,18,13,RETAIL PHARMACY (UP TO A 30-DAY SUPPLY),GENERIC,CO-PAY IN $,15,10,20,10,10,3,5,high,high,RISK,4
0,0,0,0,Bonus,1006,No,Owns,5,5,23,18,13,RETAIL PHARMACY (UP TO A 30-DAY SUPPLY),GENERIC,CO-PAY IN $,10,20,15,10,10,3,5,high,high,RISK,4
0,1,0,1,Salaried,4555,No,Rents,2,1,9,18,13,RETAIL PHARMACY (UP TO A 30-DAY SUPPLY),GENERIC,CO-PAY IN $,20,15,10,10,10,3,5,high,high,RISK,4
1,0,1,0,Bonus,458,No,Rents,4,8,6,18,13,RETAIL PHARMACY (UP TO A 30-DAY SUPPLY),GENERIC,CO-PAY IN $,10,20,15,10,10,3,5,high,high,RISK,4
1,0,1,0,Hourly,1593,No,Owns,0,2,1,18,13,RETAIL PHARMACY (UP TO A 30-DAY SUPPLY),GENERIC,CO-PAY IN $,20,10,10,15,10,3,5,high,high,RISK,4
0,1,0,0,Hourly,4519,Yes,Owns,4,10,2,18,13,RETAIL PHARMACY (UP TO A 30-DAY SUPPLY),GENERIC,CO-PAY IN $,20,15,10,10,10,3,5,high,high,RISK,4
0,1,0,0,Bonus,2639,No,Rents,0,4,3,18,13,RETAIL PHARMACY (UP TO A 30-DAY SUPPLY),GENERIC,CO-PAY IN $,10,20,15,10,10,3,5,high,high,RISK,4
0,0,1,0,Hourly,2563,Yes,Rents,8,2,25,18,13,RETAIL PHARMACY (UP TO A 30-DAY SUPPLY),GENERIC,CO-PAY IN $,20,10,15,10,10,3,5,high,high,RISK,4
0,0,1,1,Bonus,2810,Yes,Owns,8,10,10,18,13,RETAIL PHARMACY (UP TO A 30-DAY SUPPLY),GENERIC,CO-PAY IN $,15,10,10,20,10,3,5,high,high,RISK,4
0,0,0,1,Hourly,2954,Yes,Owns,10,7,6,18,13,RETAIL PHARMACY (UP TO A 30-DAY SUPPLY),GENERIC,CO-PAY IN $,15,10,10,20,10,3,5,high,high,RISK,4
0,0,1,0,Hourly,2299,Yes,Owns,6,5,5,18,13,RETAIL PHARMACY (UP TO A 30-DAY SUPPLY),GENERIC,CO-PAY IN $,20,15,10,10,10,3,5,high,high,RISK,4
0,0,1,1,Hourly,1155,No,Rents,1,10,8,18,13,RETAIL PHARMACY (UP TO A 30-DAY SUPPLY),GENERIC,CO-PAY IN $,10,20,10,15,10,3,5,high,high,RISK,4
1,0,1,0,Bonus,1856,Yes,Rents,7,0,4,18,13,RETAIL PHARMACY (UP TO A 30-DAY SUPPLY),GENERIC,CO-PAY IN $,10,10,20,15,10,3,5,high,high,RISK,4
1,1,0,0,Salaried,3352,Yes,Rents,1,9,1,18,13,RETAIL PHARMACY (UP TO A 30-DAY SUPPLY),GENERIC,CO-PAY IN $,10,15,20,10,10,3,5,high,high,RISK,4
1,0,0,0,Hourly,3735,Yes,Owns,8,4,5,18,13,RETAIL PHARMACY (UP TO A 30-DAY SUPPLY),GENERIC,CO-PAY IN $,10,20,15,10,10,3,5,high,high,RISK,4
1,0,0,1,Salaried,1125,Yes,Rents,1,1,2,18,13,RETAIL PHARMACY (UP TO A 30-DAY SUPPLY),GENERIC,CO-PAY IN $,10,10,15,20,10,3,5,high,high,RISK,4
1,0,1,0,Bonus,4695,No,Owns,0,6,5,18,13,RETAIL PHARMACY (UP TO A 30-DAY SUPPLY),GENERIC,CO-PAY IN $,10,15,10,20,10,3,5,high,high,RISK,4
0,0,0,1,Salaried,1210,No,Rents,9,1,13,18,13,RETAIL PHARMACY (UP TO A 30-DAY SUPPLY),GENERIC,CO-PAY IN $,20,15,10,10,10,3,5,high,high,RISK,4
1,1,1,0,Bonus,3149,No,Owns,1,3,4,18,13,RETAIL PHARMACY (UP TO A 30-DAY SUPPLY),GENERIC,CO-PAY IN $,15,10,20,10,10,3,5,high,high,RISK,4
1,0,0,0,Bonus,3757,No,Rents,1,2,0,18,13,RETAIL PHARMACY (UP TO A 30-DAY SUPPLY),GENERIC,CO-PAY IN $,10,20,10,15,10,3,5,high,high,RISK,4
1,0,1,1,Salaried,4038,Yes,Rents,5,5,12,18,13,RETAIL PHARMACY (UP TO A 30-DAY SUPPLY),GENERIC,CO-PAY IN $,10,20,15,10,10,3,5,high,high,RISK,4
0,0,0,1,Bonus,381,No,Owns,2,6,13,18,13,RETAIL PHARMACY (UP TO A 30-DAY SUPPLY),GENERIC,CO-PAY IN $,15,20,10,10,10,3,5,high,high,RISK,4
0,0,0,0,Hourly,2879,Yes,Rents,9,4,5,18,13,RETAIL PHARMACY (UP TO A 30-DAY SUPPLY),GENERIC,CO-PAY IN $,20,15,10,10,10,3,5,high,high,RISK,4
0,1,0,0,Hourly,2246,No,Owns,9,4,8,18,13,RETAIL PHARMACY (UP TO A 30-DAY SUPPLY),GENERIC,CO-PAY IN $,10,15,10,20,10,3,5,high,high,RISK,4
0,1,0,0,Hourly,3337,No,Rents,1,9,4,18,13,RETAIL PHARMACY (UP TO A 30-DAY SUPPLY),GENERIC,CO-PAY IN $,20,10,10,15,10,3,5,high,high,RISK,4
1,0,0,0,Hourly,874,No,Owns,9,7,9,18,13,RETAIL PHARMACY (UP TO A 30-DAY SUPPLY),GENERIC,CO-PAY IN $,15,10,20,10,10,3,5,high,high,RISK,4
0,1,0,0,Hourly,4470,Yes,Owns,0,5,23,18,13,RETAIL PHARMACY (UP TO A 30-DAY SUPPLY),GENERIC,CO-PAY IN $,10,20,15,10,10,3,5,high,high,RISK,4
1,0,1,0,Hourly,3252,Yes,Owns,4,1,9,18,13,RETAIL PHARMACY (UP TO A 30-DAY SUPPLY),GENERIC,CO-PAY IN $,10,10,15,20,10,3,5,high,high,RISK,4
0,1,0,0,Hourly,176,Yes,Rents,3,8,6,18,13,RETAIL PHARMACY (UP TO A 30-DAY SUPPLY),GENERIC,CO-PAY IN $,20,10,10,15,10,3,5,high,high,RISK,4
0,0,1,0,Hourly,3681,Yes,Owns,1,2,1,18,13,RETAIL PHARMACY (UP TO A 30-DAY SUPPLY),GENERIC,CO-PAY IN $,10,20,15,10,10,3,5,high,high,RISK,4
0,1,1,1,Hourly,1019,Yes,Owns,8,10,2,18,13,RETAIL PHARMACY (UP TO A 30-DAY SUPPLY),GENERIC,CO-PAY IN $,10,20,15,10,10,3,5,high,high,RISK,4
0,1,1,0,Bonus,4493,Yes,Owns,10,4,3,18,13,RETAIL PHARMACY (UP TO A 30-DAY SUPPLY),GENERIC,CO-PAY IN $,10,20,15,10,10,3,5,high,high,RISK,4
0,1,1,0,Salaried,1012,Yes,Owns,8,2,25,18,13,RETAIL PHARMACY (UP TO A 30-DAY SUPPLY),GENERIC,CO-PAY IN $,20,15,10,10,10,3,5,high,high,RISK,4
0,0,0,0,Bonus,1248,Yes,Rents,1,10,10,18,13,RETAIL PHARMACY (UP TO A 30-DAY SUPPLY),GENERIC,CO-PAY IN $,20,10,15,10,10,3,5,high,high,RISK,4
0,0,0,0,Salaried,1214,No,Owns,1,7,6,18,13,RETAIL PHARMACY (UP TO A 30-DAY SUPPLY),GENERIC,CO-PAY IN $,20,15,10,10,10,3,5,high,high,RISK,4
1,0,0,0,Salaried,2852,Yes,Rents,1,5,5,18,13,RETAIL PHARMACY (UP TO A 30-DAY SUPPLY),GENERIC,CO-PAY IN $,15,10,20,10,10,3,5,high,high,RISK,4
0,0,0,0,Bonus,1440,Yes,Owns,4,10,8,18,13,RETAIL PHARMACY (UP TO A 30-DAY SUPPLY),GENERIC,CO-PAY IN $,15,10,20,10,10,3,5,high,high,RISK,4
1,0,1,0,Bonus,2951,No,Owns,4,0,4,18,13,RETAIL PHARMACY (UP TO A 30-DAY SUPPLY),GENERIC,CO-PAY IN $,15,20,10,10,10,3,5,high,high,RISK,4
2,1,0,2,Salaried,4377,No,Rents,10,19,27,18,14,RETAIL PHARMACY (UP TO A 30-DAY SUPPLY),GENERIC,CO-PAY IN $,15,10,20,10,10,3,10,high,high,RISK,4
0,1,1,0,Salaried,1919,No,Owns,10,15,31,18,14,RETAIL PHARMACY (UP TO A 30-DAY SUPPLY),GENERIC,CO-PAY IN $,10,15,20,10,10,3,10,high,high,RISK,4
1,1,0,0,Salaried,4671,Yes,Rents,15,12,28,18,14,RETAIL PHARMACY (UP TO A 30-DAY SUPPLY),GENERIC,CO-PAY IN $,10,10,15,20,10,3,10,high,high,RISK,4
2,1,0,0,Bonus,1139,No,Owns,13,16,31,18,14,RETAIL PHARMACY (UP TO A 30-DAY SUPPLY),GENERIC,CO-PAY IN $,15,10,10,20,10,3,10,high,high,RISK,4
1,1,2,1,Bonus,3085,No,Rents,9,12,39,18,14,RETAIL PHARMACY (UP TO A 30-DAY SUPPLY),GENERIC,CO-PAY IN $,20,10,10,15,10,3,10,high,high,RISK,4
0,1,2,0,Salaried,912,Yes,Rents,16,14,30,18,14,RETAIL PHARMACY (UP TO A 30-DAY SUPPLY),GENERIC,CO-PAY IN $,10,20,15,10,10,3,10,high,high,RISK,4
1,0,2,1,Hourly,3561,Yes,Owns,12,13,26,18,14,RETAIL PHARMACY (UP TO A 30-DAY SUPPLY),GENERIC,CO-PAY IN $,10,10,15,20,10,3,10,high,high,RISK,4
1,2,0,0,Hourly,4350,No,Rents,7,16,37,18,14,RETAIL PHARMACY (UP TO A 30-DAY SUPPLY),GENERIC,CO-PAY IN $,10,10,15,20,10,3,10,high,high,RISK,4
2,2,1,2,Salaried,3664,No,Owns,7,16,39,18,14,RETAIL PHARMACY (UP TO A 30-DAY SUPPLY),GENERIC,CO-PAY IN $,20,10,15,10,10,3,10,high,high,RISK,4
0,0,0,1,Bonus,1972,Yes,Owns,17,14,30,18,14,RETAIL PHARMACY (UP TO A 30-DAY SUPPLY),GENERIC,CO-PAY IN $,20,15,10,10,10,3,10,high,high,RISK,4
1,0,2,2,Salaried,1235,Yes,Rents,14,14,34,18,14,RETAIL PHARMACY (UP TO A 30-DAY SUPPLY),GENERIC,CO-PAY IN $,10,10,15,20,10,3,10,high,high,RISK,4
0,2,0,1,Bonus,2294,Yes,Owns,10,19,30,18,14,RETAIL PHARMACY (UP TO A 30-DAY SUPPLY),GENERIC,CO-PAY IN $,15,10,10,20,10,3,10,high,high,RISK,4
0,1,2,0,Salaried,4592,Yes,Rents,16,17,35,18,14,RETAIL PHARMACY (UP TO A 30-DAY SUPPLY),GENERIC,CO-PAY IN $,20,10,15,10,10,3,10,high,high,RISK,4
0,0,1,1,Hourly,2183,Yes,Owns,6,15,48,18,14,RETAIL PHARMACY (UP TO A 30-DAY SUPPLY),GENERIC,CO-PAY IN $,10,10,15,20,10,3,10,high,high,RISK,4
1,1,2,1,Salaried,1622,Yes,Rents,8,12,35,18,14,RETAIL PHARMACY (UP TO A 30-DAY SUPPLY),GENERIC,CO-PAY IN $,10,15,20,10,10,3,10,high,high,RISK,4
1,2,1,2,Salaried,4259,Yes,Rents,6,18,32,18,14,RETAIL PHARMACY (UP TO A 30-DAY SUPPLY),GENERIC,CO-PAY IN $,20,10,15,10,10,3,10,high,high,RISK,4
2,1,1,2,Salaried,4138,No,Owns,17,13,27,18,14,RETAIL PHARMACY (UP TO A 30-DAY SUPPLY),GENERIC,CO-PAY IN $,10,15,10,20,10,3,10,high,high,RISK,4
2,0,1,2,Bonus,2742,No,Owns,17,20,28,18,14,RETAIL PHARMACY (UP TO A 30-DAY SUPPLY),GENERIC,CO-PAY IN $,15,10,20,10,10,3,10,high,high,RISK,4
1,1,0,2,Bonus,4027,Yes,Rents,8,14,29,18,14,RETAIL PHARMACY (UP TO A 30-DAY SUPPLY),GENERIC,CO-PAY IN $,20,10,10,15,10,3,10,high,high,RISK,4
1,1,0,0,Bonus,3643,No,Rents,16,13,50,18,14,RETAIL PHARMACY (UP TO A 30-DAY SUPPLY),GENERIC,CO-PAY IN $,15,20,10,10,10,3,10,high,high,RISK,4
1,0,2,0,Salaried,1855,No,Rents,17,20,35,18,14,RETAIL PHARMACY (UP TO A 30-DAY SUPPLY),GENERIC,CO-PAY IN $,10,20,10,15,10,3,10,high,high,RISK,4
1,2,0,1,Bonus,4199,No,Owns,14,17,32,18,14,RETAIL PHARMACY (UP TO A 30-DAY SUPPLY),GENERIC,CO-PAY IN $,10,20,15,10,10,3,10,high,high,RISK,4
0,2,1,0,Salaried,358,No,Rents,12,16,31,18,14,RETAIL PHARMACY (UP TO A 30-DAY SUPPLY),GENERIC,CO-PAY IN $,10,20,10,15,10,3,10,high,high,RISK,4
1,1,1,1,Salaried,2175,No,Owns,16,20,34,18,14,RETAIL PHARMACY (UP TO A 30-DAY SUPPLY),GENERIC,CO-PAY IN $,15,20,10,10,10,3,10,high,high,RISK,4
1,1,0,0,Bonus,2804,No,Owns,11,11,30,18,14,RETAIL PHARMACY (UP TO A 30-DAY SUPPLY),GENERIC,CO-PAY IN $,15,10,20,10,10,3,10,high,high,RISK,4
2,1,2,1,Bonus,2793,Yes,Owns,17,19,27,18,14,RETAIL PHARMACY (UP TO A 30-DAY SUPPLY),GENERIC,CO-PAY IN $,10,10,15,20,10,3,10,high,high,RISK,4
2,0,2,0,Salaried,1366,No,Owns,14,15,31,18,14,RETAIL PHARMACY (UP TO A 30-DAY SUPPLY),GENERIC,CO-PAY IN $,20,15,10,10,10,3,10,high,high,RISK,4
0,1,1,2,Salaried,3990,No,Rents,13,12,28,18,14,RETAIL PHARMACY (UP TO A 30-DAY SUPPLY),GENERIC,CO-PAY IN $,20,10,10,15,10,3,10,high,high,RISK,4
0,1,1,0,Salaried,1625,No,Owns,16,16,31,18,14,RETAIL PHARMACY (UP TO A 30-DAY SUPPLY),GENERIC,CO-PAY IN $,15,20,10,10,10,3,10,high,high,RISK,4
1,2,0,0,Hourly,1178,No,Owns,5,12,39,18,14,RETAIL PHARMACY (UP TO A 30-DAY SUPPLY),GENERIC,CO-PAY IN $,20,10,15,10,10,3,10,high,high,RISK,4
1,1,0,0,Hourly,2665,No,Rents,8,14,30,18,14,RETAIL PHARMACY (UP TO A 30-DAY SUPPLY),GENERIC,CO-PAY IN $,20,10,10,15,10,3,10,high,high,RISK,4
1,1,2,0,Hourly,4144,No,Owns,9,13,26,18,14,RETAIL PHARMACY (UP TO A 30-DAY SUPPLY),GENERIC,CO-PAY IN $,20,10,10,15,10,3,10,high,high,RISK,4
1,1,2,0,Hourly,2547,Yes,Owns,14,16,37,18,14,RETAIL PHARMACY (UP TO A 30-DAY SUPPLY),GENERIC,CO-PAY IN $,15,10,10,20,10,3,10,high,high,RISK,4
1,1,1,0,Hourly,152,Yes,Owns,15,16,39,18,14,RETAIL PHARMACY (UP TO A 30-DAY SUPPLY),GENERIC,CO-PAY IN $,15,10,10,20,10,3,10,high,high,RISK,4
0,0,0,0,Bonus,2909,Yes,Rents,9,14,30,18,14,RETAIL PHARMACY (UP TO A 30-DAY SUPPLY),GENERIC,CO-PAY IN $,20,15,10,10,10,3,10,high,high,RISK,4
2,2,1,1,Bonus,2404,Yes,Owns,11,14,34,18,14,RETAIL PHARMACY (UP TO A 30-DAY SUPPLY),GENERIC,CO-PAY IN $,10,10,15,20,10,3,10,high,high,RISK,4
2,0,1,2,Bonus,144,Yes,Owns,10,19,30,18,14,RETAIL PHARMACY (UP TO A 30-DAY SUPPLY),GENERIC,CO-PAY IN $,10,15,20,10,10,3,10,high,high,RISK,4
2,0,1,0,Hourly,2250,No,Owns,11,17,35,18,14,RETAIL PHARMACY (UP TO A 30-DAY SUPPLY),GENERIC,CO-PAY IN $,15,20,10,10,10,3,10,high,high,RISK,4
2,0,0,0,Hourly,4826,No,Owns,10,15,48,18,14,RETAIL PHARMACY (UP TO A 30-DAY SUPPLY),GENERIC,CO-PAY IN $,20,10,15,10,10,3,10,high,high,RISK,4
1,1,0,0,Salaried,792,No,Owns,12,12,35,18,14,RETAIL PHARMACY (UP TO A 30-DAY SUPPLY),GENERIC,CO-PAY IN $,15,10,10,20,10,3,10,high,high,RISK,4
0,2,0,1,Hourly,1596,Yes,Owns,11,13,27,18,14,RETAIL PHARMACY (UP TO A 30-DAY SUPPLY),GENERIC,CO-PAY IN $,15,20,10,10,10,3,10,high,high,RISK,4
1,1,2,0,Salaried,83,Yes,Owns,7,20,28,18,14,RETAIL PHARMACY (UP TO A 30-DAY SUPPLY),GENERIC,CO-PAY IN $,10,20,15,10,10,3,10,high,high,RISK,4
1,2,0,2,Salaried,3601,No,Owns,6,14,29,18,14,RETAIL PHARMACY (UP TO A 30-DAY SUPPLY),GENERIC,CO-PAY IN $,20,10,15,10,10,3,10,high,high,RISK,4
1,1,0,1,Bonus,861,No,Owns,15,13,50,18,14,RETAIL PHARMACY (UP TO A 30-DAY SUPPLY),GENERIC,CO-PAY IN $,10,15,20,10,10,3,10,high,high,RISK,4
0,2,2,2,Salaried,2240,Yes,Rents,15,20,35,18,14,RETAIL PHARMACY (UP TO A 30-DAY SUPPLY),GENERIC,CO-PAY IN $,15,20,10,10,10,3,10,high,high,RISK,4
1,0,0,0,Hourly,2384,No,Rents,6,17,32,18,14,RETAIL PHARMACY (UP TO A 30-DAY SUPPLY),GENERIC,CO-PAY IN $,10,10,20,15,10,3,10,high,high,RISK,4
0,0,0,0,Bonus,2363,Yes,Rents,12,16,31,18,14,RETAIL PHARMACY (UP TO A 30-DAY SUPPLY),GENERIC,CO-PAY IN $,10,20,10,15,10,3,10,high,high,RISK,4
1,1,0,0,Bonus,489,No,Rents,9,11,30,18,14,RETAIL PHARMACY (UP TO A 30-DAY SUPPLY),GENERIC,CO-PAY IN $,10,10,20,15,10,3,10,high,high,RISK,4
1,2,0,2,Bonus,4623,Yes,Owns,7,19,27,18,14,RETAIL PHARMACY (UP TO A 30-DAY SUPPLY),GENERIC,CO-PAY IN $,10,15,20,10,10,3,10,high,high,RISK,4
1,0,0,0,Salaried,153,Yes,Owns,5,15,31,18,14,RETAIL PHARMACY (UP TO A 30-DAY SUPPLY),GENERIC,CO-PAY IN $,15,10,20,10,10,3,10,high,high,RISK,4
0,2,2,1,Salaried,3954,No,Owns,6,12,28,18,14,RETAIL PHARMACY (UP TO A 30-DAY SUPPLY),GENERIC,CO-PAY IN $,20,15,10,10,10,3,10,high,high,RISK,4
0,1,0,0,Salaried,4742,No,Rents,5,16,31,18,14,RETAIL PHARMACY (UP TO A 30-DAY SUPPLY),GENERIC,CO-PAY IN $,20,15,10,10,10,3,10,high,high,RISK,4
0,0,1,1,Bonus,3409,Yes,Rents,13,14,30,18,14,RETAIL PHARMACY (UP TO A 30-DAY SUPPLY),GENERIC,CO-PAY IN $,20,10,15,10,10,3,10,high,high,RISK,4
0,0,2,1,Bonus,3179,No,Rents,8,13,26,18,14,RETAIL PHARMACY (UP TO A 30-DAY SUPPLY),GENERIC,CO-PAY IN $,20,10,10,15,10,3,10,high,high,RISK,4
0,0,0,1,Bonus,4271,No,Rents,9,16,37,18,14,RETAIL PHARMACY (UP TO A 30-DAY SUPPLY),GENERIC,CO-PAY IN $,10,15,10,20,10,3,10,high,high,RISK,4
0,0,0,0,Hourly,4605,Yes,Rents,10,16,39,18,14,RETAIL PHARMACY (UP TO A 30-DAY SUPPLY),GENERIC,CO-PAY IN $,15,20,10,10,10,3,10,high,high,RISK,4
0,2,2,2,Salaried,3042,Yes,Rents,6,14,30,18,14,RETAIL PHARMACY (UP TO A 30-DAY SUPPLY),GENERIC,CO-PAY IN $,10,10,15,20,10,3,10,high,high,RISK,4
0,2,2,0,Hourly,170,No,Rents,16,14,34,18,14,RETAIL PHARMACY (UP TO A 30-DAY SUPPLY),GENERIC,CO-PAY IN $,10,20,10,15,10,3,10,high,high,RISK,4
0,1,0,2,Salaried,2062,No,Rents,7,19,30,18,14,RETAIL PHARMACY (UP TO A 30-DAY SUPPLY),GENERIC,CO-PAY IN $,10,10,15,20,10,3,10,high,high,RISK,4
1,1,2,2,Bonus,1962,No,Rents,5,17,35,18,14,RETAIL PHARMACY (UP TO A 30-DAY SUPPLY),GENERIC,CO-PAY IN $,20,10,15,10,10,3,10,high,high,RISK,4
0,0,0,0,Bonus,1006,No,Owns,11,15,48,18,14,RETAIL PHARMACY (UP TO A 30-DAY SUPPLY),GENERIC,CO-PAY IN $,15,20,10,10,10,3,10,high,high,RISK,4
0,2,1,2,Salaried,4555,No,Rents,8,12,35,18,14,RETAIL PHARMACY (UP TO A 30-DAY SUPPLY),GENERIC,CO-PAY IN $,15,20,10,10,10,3,10,high,high,RISK,4
2,1,1,0,Bonus,458,No,Rents,10,18,32,18,14,RETAIL PHARMACY (UP TO A 30-DAY SUPPLY),GENERIC,CO-PAY IN $,10,20,10,15,10,3,10,high,high,RISK,4
2,0,2,1,Hourly,1593,No,Owns,5,13,27,18,14,RETAIL PHARMACY (UP TO A 30-DAY SUPPLY),GENERIC,CO-PAY IN $,10,15,10,20,10,3,10,high,high,RISK,4
0,2,0,1,Hourly,4519,Yes,Owns,11,20,28,18,14,RETAIL PHARMACY (UP TO A 30-DAY SUPPLY),GENERIC,CO-PAY IN $,10,10,15,20,10,3,10,high,high,RISK,4
0,1,0,0,Bonus,2639,No,Rents,5,14,29,18,14,RETAIL PHARMACY (UP TO A 30-DAY SUPPLY),GENERIC,CO-PAY IN $,10,20,10,15,10,3,10,high,high,RISK,4
0,0,2,1,Hourly,2563,Yes,Rents,15,13,50,18,14,RETAIL PHARMACY (UP TO A 30-DAY SUPPLY),GENERIC,CO-PAY IN $,15,10,10,20,10,3,10,high,high,RISK,4
0,1,2,1,Bonus,2810,Yes,Owns,15,20,35,18,14,RETAIL PHARMACY (UP TO A 30-DAY SUPPLY),GENERIC,CO-PAY IN $,10,10,15,20,10,3,10,high,high,RISK,4
1,1,0,1,Hourly,2954,Yes,Owns,18,17,32,18,14,RETAIL PHARMACY (UP TO A 30-DAY SUPPLY),GENERIC,CO-PAY IN $,10,20,15,10,10,3,10,high,high,RISK,4
1,0,2,0,Hourly,2299,Yes,Owns,13,16,31,18,14,RETAIL PHARMACY (UP TO A 30-DAY SUPPLY),GENERIC,CO-PAY IN $,10,15,10,20,10,3,10,high,high,RISK,4
0,0,1,2,Hourly,1155,No,Rents,6,20,34,18,14,RETAIL PHARMACY (UP TO A 30-DAY SUPPLY),GENERIC,CO-PAY IN $,15,10,10,20,10,3,10,high,high,RISK,4
1,0,2,0,Bonus,1856,Yes,Rents,14,11,30,18,14,RETAIL PHARMACY (UP TO A 30-DAY SUPPLY),GENERIC,CO-PAY IN $,10,10,15,20,10,3,10,high,high,RISK,4
2,1,1,0,Salaried,3352,Yes,Rents,6,19,27,18,14,RETAIL PHARMACY (UP TO A 30-DAY SUPPLY),GENERIC,CO-PAY IN $,10,15,10,20,10,3,10,high,high,RISK,4
2,0,0,1,Hourly,3735,Yes,Owns,15,15,31,18,14,RETAIL PHARMACY (UP TO A 30-DAY SUPPLY),GENERIC,CO-PAY IN $,10,20,10,15,10,3,10,high,high,RISK,4
2,1,0,2,Salaried,1125,Yes,Rents,6,12,28,18,14,RETAIL PHARMACY (UP TO A 30-DAY SUPPLY),GENERIC,CO-PAY IN $,10,20,10,15,10,3,10,high,high,RISK,4
2,0,1,0,Bonus,4695,No,Owns,5,16,31,18,14,RETAIL PHARMACY (UP TO A 30-DAY SUPPLY),GENERIC,CO-PAY IN $,10,15,20,10,10,3,10,high,high,RISK,4
1,1,1,1,Salaried,1210,No,Rents,17,12,39,18,14,RETAIL PHARMACY (UP TO A 30-DAY SUPPLY),GENERIC,CO-PAY IN $,20,15,10,10,10,3,10,high,high,RISK,4
1,1,1,1,Bonus,3757,No,Rents,6,13,26,18,14,RETAIL PHARMACY (UP TO A 30-DAY SUPPLY),GENERIC,CO-PAY IN $,10,20,10,15,10,3,10,high,high,RISK,4
1,0,2,1,Salaried,4038,Yes,Rents,12,16,37,18,14,RETAIL PHARMACY (UP TO A 30-DAY SUPPLY),GENERIC,CO-PAY IN $,10,10,20,15,10,3,10,high,high,RISK,4
0,0,0,2,Bonus,381,No,Owns,8,16,39,18,14,RETAIL PHARMACY (UP TO A 30-DAY SUPPLY),GENERIC,CO-PAY IN $,10,15,10,20,10,3,10,high,high,RISK,4
0,0,1,1,Hourly,2879,Yes,Rents,16,14,30,18,14,RETAIL PHARMACY (UP TO A 30-DAY SUPPLY),GENERIC,CO-PAY IN $,20,10,10,15,10,3,10,high,high,RISK,4
1,2,0,0,Hourly,2246,No,Owns,17,14,34,18,14,RETAIL PHARMACY (UP TO A 30-DAY SUPPLY),GENERIC,CO-PAY IN $,15,20,10,10,10,3,10,high,high,RISK,4
1,1,1,1,Hourly,874,No,Owns,17,17,35,18,14,RETAIL PHARMACY (UP TO A 30-DAY SUPPLY),GENERIC,CO-PAY IN $,10,20,10,15,10,3,10,high,high,RISK,4
0,1,0,0,Hourly,4470,Yes,Owns,6,15,48,18,14,RETAIL PHARMACY (UP TO A 30-DAY SUPPLY),GENERIC,CO-PAY IN $,20,10,10,15,10,3,10,high,high,RISK,4
2,0,1,1,Hourly,3252,Yes,Owns,10,12,35,18,14,RETAIL PHARMACY (UP TO A 30-DAY SUPPLY),GENERIC,CO-PAY IN $,15,10,10,20,10,3,10,high,high,RISK,4
0,2,0,1,Hourly,176,Yes,Rents,9,18,32,18,14,RETAIL PHARMACY (UP TO A 30-DAY SUPPLY),GENERIC,CO-PAY IN $,15,10,20,10,10,3,10,high,high,RISK,4
1,0,2,0,Hourly,3681,Yes,Owns,6,13,27,18,14,RETAIL PHARMACY (UP TO A 30-DAY SUPPLY),GENERIC,CO-PAY IN $,20,10,10,15,10,3,10,high,high,RISK,4
1,2,1,2,Hourly,1019,Yes,Owns,15,20,28,18,14,RETAIL PHARMACY (UP TO A 30-DAY SUPPLY),GENERIC,CO-PAY IN $,15,10,20,10,10,3,10,high,high,RISK,4
1,2,1,1,Bonus,4493,Yes,Owns,18,14,29,18,14,RETAIL PHARMACY (UP TO A 30-DAY SUPPLY),GENERIC,CO-PAY IN $,10,10,15,20,10,3,10,high,high,RISK,4
1,2,2,0,Salaried,1012,Yes,Owns,15,13,50,18,14,RETAIL PHARMACY (UP TO A 30-DAY SUPPLY),GENERIC,CO-PAY IN $,10,15,10,20,10,3,10,high,high,RISK,4
0,0,1,1,Bonus,1248,Yes,Rents,7,20,35,18,14,RETAIL PHARMACY (UP TO A 30-DAY SUPPLY),GENERIC,CO-PAY IN $,20,10,10,15,10,3,10,high,high,RISK,4
0,0,1,0,Salaried,1214,No,Owns,6,17,32,18,14,RETAIL PHARMACY (UP TO A 30-DAY SUPPLY),GENERIC,CO-PAY IN $,20,10,10,15,10,3,10,high,high,RISK,4
1,0,1,0,Salaried,2852,Yes,Rents,6,16,31,18,14,RETAIL PHARMACY (UP TO A 30-DAY SUPPLY),GENERIC,CO-PAY IN $,15,20,10,10,10,3,10,high,high,RISK,4
1,0,0,0,Bonus,1440,Yes,Owns,10,20,34,18,14,RETAIL PHARMACY (UP TO A 30-DAY SUPPLY),GENERIC,CO-PAY IN $,20,10,15,10,10,3,10,high,high,RISK,4
1,0,1,0,Bonus,2951,No,Owns,11,11,30,18,14,RETAIL PHARMACY (UP TO A 30-DAY SUPPLY),GENERIC,CO-PAY IN $,10,10,20,15,10,3,10,high,high,RISK,4
3,2,1,3,Salaried,4377,No,Rents,24,48,52,18,15,RETAIL PHARMACY (UP TO A 30-DAY SUPPLY),GENERIC,CO-PAY IN $,10,15,20,10,10,4,20,high,high,RISK,4
1,1,2,1,Salaried,1919,No,Owns,25,33,56,18,15,RETAIL PHARMACY (UP TO A 30-DAY SUPPLY),GENERIC,CO-PAY IN $,10,10,15,20,10,4,20,high,high,RISK,4
2,2,1,1,Salaried,4671,Yes,Rents,33,23,53,18,15,RETAIL PHARMACY (UP TO A 30-DAY SUPPLY),GENERIC,CO-PAY IN $,20,15,10,10,10,4,20,high,high,RISK,4
3,2,1,1,Bonus,1139,No,Owns,29,38,56,18,15,RETAIL PHARMACY (UP TO A 30-DAY SUPPLY),GENERIC,CO-PAY IN $,20,15,10,10,10,4,20,high,high,RISK,4
1,2,3,2,Bonus,3085,No,Rents,23,24,64,18,15,RETAIL PHARMACY (UP TO A 30-DAY SUPPLY),GENERIC,CO-PAY IN $,20,15,10,10,10,4,20,high,high,RISK,4
1,2,3,1,Salaried,912,Yes,Rents,37,29,55,18,15,RETAIL PHARMACY (UP TO A 30-DAY SUPPLY),GENERIC,CO-PAY IN $,20,15,10,10,10,4,20,high,high,RISK,4
2,1,3,2,Hourly,3561,Yes,Owns,28,26,51,18,15,RETAIL PHARMACY (UP TO A 30-DAY SUPPLY),GENERIC,CO-PAY IN $,10,15,20,10,10,4,20,high,high,RISK,4
2,3,1,1,Hourly,4350,No,Rents,19,36,62,18,15,RETAIL PHARMACY (UP TO A 30-DAY SUPPLY),GENERIC,CO-PAY IN $,10,20,10,15,10,4,20,high,high,RISK,4
3,3,2,3,Salaried,3664,No,Owns,18,38,64,18,15,RETAIL PHARMACY (UP TO A 30-DAY SUPPLY),GENERIC,CO-PAY IN $,20,15,10,10,10,4,20,high,high,RISK,4
1,1,1,1,Bonus,1972,Yes,Owns,38,31,55,18,15,RETAIL PHARMACY (UP TO A 30-DAY SUPPLY),GENERIC,CO-PAY IN $,15,10,20,10,10,4,20,high,high,RISK,4
1,1,3,3,Salaried,1235,Yes,Rents,32,31,59,18,15,RETAIL PHARMACY (UP TO A 30-DAY SUPPLY),GENERIC,CO-PAY IN $,15,10,20,10,10,4,20,high,high,RISK,4
1,3,1,2,Bonus,2294,Yes,Owns,25,47,55,18,15,RETAIL PHARMACY (UP TO A 30-DAY SUPPLY),GENERIC,CO-PAY IN $,20,10,10,15,10,4,20,high,high,RISK,4
1,2,3,1,Salaried,4592,Yes,Rents,37,41,60,18,15,RETAIL PHARMACY (UP TO A 30-DAY SUPPLY),GENERIC,CO-PAY IN $,10,20,15,10,10,4,20,high,high,RISK,4
1,1,1,2,Hourly,2183,Yes,Owns,16,35,73,18,15,RETAIL PHARMACY (UP TO A 30-DAY SUPPLY),GENERIC,CO-PAY IN $,20,10,10,15,10,4,20,high,high,RISK,4
2,2,3,2,Salaried,1622,Yes,Rents,21,24,60,18,15,RETAIL PHARMACY (UP TO A 30-DAY SUPPLY),GENERIC,CO-PAY IN $,10,20,15,10,10,4,20,high,high,RISK,4
2,3,1,3,Salaried,4259,Yes,Rents,17,43,57,18,15,RETAIL PHARMACY (UP TO A 30-DAY SUPPLY),GENERIC,CO-PAY IN $,10,15,10,20,10,4,20,high,high,RISK,4
3,2,2,3,Salaried,4138,No,Owns,37,25,52,18,15,RETAIL PHARMACY (UP TO A 30-DAY SUPPLY),GENERIC,CO-PAY IN $,10,20,10,15,10,4,20,high,high,RISK,4
3,1,2,3,Bonus,2742,No,Owns,39,50,53,18,15,RETAIL PHARMACY (UP TO A 30-DAY SUPPLY),GENERIC,CO-PAY IN $,15,10,20,10,10,4,20,high,high,RISK,4
1,1,1,3,Bonus,4027,Yes,Rents,21,31,54,18,15,RETAIL PHARMACY (UP TO A 30-DAY SUPPLY),GENERIC,CO-PAY IN $,10,10,20,15,10,4,20,high,high,RISK,4
2,2,1,1,Bonus,3643,No,Rents,35,26,75,18,15,RETAIL PHARMACY (UP TO A 30-DAY SUPPLY),GENERIC,CO-PAY IN $,20,10,10,15,10,4,20,high,high,RISK,4
2,1,3,1,Salaried,1855,No,Rents,39,49,60,18,15,RETAIL PHARMACY (UP TO A 30-DAY SUPPLY),GENERIC,CO-PAY IN $,20,15,10,10,10,4,20,high,high,RISK,4
1,3,1,1,Bonus,4199,No,Owns,33,40,57,18,15,RETAIL PHARMACY (UP TO A 30-DAY SUPPLY),GENERIC,CO-PAY IN $,15,10,10,20,10,4,20,high,high,RISK,4
1,3,2,1,Salaried,358,No,Rents,28,36,56,18,15,RETAIL PHARMACY (UP TO A 30-DAY SUPPLY),GENERIC,CO-PAY IN $,10,15,10,20,10,4,20,high,high,RISK,4
2,2,2,1,Salaried,2175,No,Owns,35,49,59,18,15,RETAIL PHARMACY (UP TO A 30-DAY SUPPLY),GENERIC,CO-PAY IN $,10,20,10,15,10,4,20,high,high,RISK,4
2,2,1,1,Bonus,2804,No,Owns,26,20,55,18,15,RETAIL PHARMACY (UP TO A 30-DAY SUPPLY),GENERIC,CO-PAY IN $,10,15,10,20,10,4,20,high,high,RISK,4
3,3,3,2,Bonus,2793,Yes,Owns,39,48,52,18,15,RETAIL PHARMACY (UP TO A 30-DAY SUPPLY),GENERIC,CO-PAY IN $,10,20,10,15,10,4,20,high,high,RISK,4
3,1,3,1,Salaried,1366,No,Owns,32,33,56,18,15,RETAIL PHARMACY (UP TO A 30-DAY SUPPLY),GENERIC,CO-PAY IN $,15,10,20,10,10,4,20,high,high,RISK,4
1,2,2,3,Salaried,3990,No,Rents,30,23,53,18,15,RETAIL PHARMACY (UP TO A 30-DAY SUPPLY),GENERIC,CO-PAY IN $,20,15,10,10,10,4,20,high,high,RISK,4
1,2,2,1,Salaried,1625,No,Owns,36,38,56,18,15,RETAIL PHARMACY (UP TO A 30-DAY SUPPLY),GENERIC,CO-PAY IN $,15,20,10,10,10,4,20,high,high,RISK,4
2,3,1,1,Hourly,1178,No,Owns,15,24,64,18,15,RETAIL PHARMACY (UP TO A 30-DAY SUPPLY),GENERIC,CO-PAY IN $,15,10,20,10,10,4,20,high,high,RISK,4
2,1,1,1,Hourly,2665,No,Rents,20,29,55,18,15,RETAIL PHARMACY (UP TO A 30-DAY SUPPLY),GENERIC,CO-PAY IN $,10,20,10,15,10,4,20,high,high,RISK,4
2,3,3,1,Hourly,4144,No,Owns,23,26,51,18,15,RETAIL PHARMACY (UP TO A 30-DAY SUPPLY),GENERIC,CO-PAY IN $,10,20,10,15,10,4,20,high,high,RISK,4
2,2,3,1,Hourly,2547,Yes,Owns,32,36,62,18,15,RETAIL PHARMACY (UP TO A 30-DAY SUPPLY),GENERIC,CO-PAY IN $,20,15,10,10,10,4,20,high,high,RISK,4
2,1,2,1,Hourly,152,Yes,Owns,34,38,64,18,15,RETAIL PHARMACY (UP TO A 30-DAY SUPPLY),GENERIC,CO-PAY IN $,15,10,20,10,10,4,20,high,high,RISK,4
1,1,1,1,Bonus,2909,Yes,Rents,23,31,55,18,15,RETAIL PHARMACY (UP TO A 30-DAY SUPPLY),GENERIC,CO-PAY IN $,10,15,10,20,10,4,20,high,high,RISK,4
3,3,2,2,Bonus,2404,Yes,Owns,27,31,59,18,15,RETAIL PHARMACY (UP TO A 30-DAY SUPPLY),GENERIC,CO-PAY IN $,15,10,20,10,10,4,20,high,high,RISK,4
3,1,2,3,Bonus,144,Yes,Owns,24,47,55,18,15,RETAIL PHARMACY (UP TO A 30-DAY SUPPLY),GENERIC,CO-PAY IN $,20,10,15,10,10,4,20,high,high,RISK,4
3,1,2,1,Hourly,2250,No,Owns,26,41,60,18,15,RETAIL PHARMACY (UP TO A 30-DAY SUPPLY),GENERIC,CO-PAY IN $,10,15,10,20,10,4,20,high,high,RISK,4
3,1,1,1,Hourly,4826,No,Owns,25,35,73,18,15,RETAIL PHARMACY (UP TO A 30-DAY SUPPLY),GENERIC,CO-PAY IN $,20,15,10,10,10,4,20,high,high,RISK,4
2,2,1,1,Salaried,792,No,Owns,28,24,60,18,15,RETAIL PHARMACY (UP TO A 30-DAY SUPPLY),GENERIC,CO-PAY IN $,20,10,15,10,10,4,20,high,high,RISK,4
1,3,1,2,Hourly,3429,No,Rents,34,43,57,18,15,RETAIL PHARMACY (UP TO A 30-DAY SUPPLY),GENERIC,CO-PAY IN $,20,10,10,15,10,4,20,high,high,RISK,4
1,3,1,2,Hourly,1596,Yes,Owns,27,25,52,18,15,RETAIL PHARMACY (UP TO A 30-DAY SUPPLY),GENERIC,CO-PAY IN $,15,10,10,20,10,4,20,high,high,RISK,4
2,3,3,1,Salaried,83,Yes,Owns,19,50,53,18,15,RETAIL PHARMACY (UP TO A 30-DAY SUPPLY),GENERIC,CO-PAY IN $,10,15,20,10,10,4,20,high,high,RISK,4
2,3,1,3,Salaried,3601,No,Owns,17,31,54,18,15,RETAIL PHARMACY (UP TO A 30-DAY SUPPLY),GENERIC,CO-PAY IN $,20,10,15,10,10,4,20,high,high,RISK,4
2,2,1,2,Bonus,861,No,Owns,34,26,75,18,15,RETAIL PHARMACY (UP TO A 30-DAY SUPPLY),GENERIC,CO-PAY IN $,20,15,10,10,10,4,20,high,high,RISK,4
1,3,3,3,Salaried,2240,Yes,Rents,35,49,60,18,15,RETAIL PHARMACY (UP TO A 30-DAY SUPPLY),GENERIC,CO-PAY IN $,10,15,20,10,10,4,20,high,high,RISK,4
1,1,1,1,Hourly,2384,No,Rents,17,40,57,18,15,RETAIL PHARMACY (UP TO A 30-DAY SUPPLY),GENERIC,CO-PAY IN $,15,10,20,10,10,4,20,high,high,RISK,4
1,1,1,1,Bonus,2363,Yes,Rents,29,36,56,18,15,RETAIL PHARMACY (UP TO A 30-DAY SUPPLY),GENERIC,CO-PAY IN $,10,10,20,15,10,4,20,high,high,RISK,4
2,1,3,1,Salaried,4539,No,Owns,24,49,59,18,15,RETAIL PHARMACY (UP TO A 30-DAY SUPPLY),GENERIC,CO-PAY IN $,10,10,20,15,10,4,20,high,high,RISK,4
2,1,1,1,Bonus,489,No,Rents,23,20,55,18,15,RETAIL PHARMACY (UP TO A 30-DAY SUPPLY),GENERIC,CO-PAY IN $,10,20,10,15,10,4,20,high,high,RISK,4
2,3,1,3,Bonus,4623,Yes,Owns,19,48,52,18,15,RETAIL PHARMACY (UP TO A 30-DAY SUPPLY),GENERIC,CO-PAY IN $,10,20,10,15,10,4,20,high,high,RISK,4
2,1,1,1,Salaried,153,Yes,Owns,15,33,56,18,15,RETAIL PHARMACY (UP TO A 30-DAY SUPPLY),GENERIC,CO-PAY IN $,10,10,15,20,10,4,20,high,high,RISK,4
1,3,3,2,Salaried,3954,No,Owns,17,23,53,18,15,RETAIL PHARMACY (UP TO A 30-DAY SUPPLY),GENERIC,CO-PAY IN $,10,20,15,10,10,4,20,high,high,RISK,4
1,2,1,1,Salaried,4742,No,Rents,15,38,56,18,15,RETAIL PHARMACY (UP TO A 30-DAY SUPPLY),GENERIC,CO-PAY IN $,10,10,15,20,10,4,20,high,high,RISK,4
1,1,1,2,Hourly,3289,No,Rents,35,24,64,18,15,RETAIL PHARMACY (UP TO A 30-DAY SUPPLY),GENERIC,CO-PAY IN $,15,10,20,10,10,4,20,high,high,RISK,4
1,1,2,2,Bonus,3409,Yes,Rents,30,29,55,18,15,RETAIL PHARMACY (UP TO A 30-DAY SUPPLY),GENERIC,CO-PAY IN $,20,10,15,10,10,4,20,high,high,RISK,4
1,1,3,2,Bonus,3179,No,Rents,21,26,51,18,15,RETAIL PHARMACY (UP TO A 30-DAY SUPPLY),GENERIC,CO-PAY IN $,20,10,15,10,10,4,20,high,high,RISK,4
1,1,1,2,Bonus,4271,No,Rents,22,36,62,18,15,RETAIL PHARMACY (UP TO A 30-DAY SUPPLY),GENERIC,CO-PAY IN $,20,10,10,15,10,4,20,high,high,RISK,4
1,1,1,1,Hourly,4605,Yes,Rents,24,38,64,18,15,RETAIL PHARMACY (UP TO A 30-DAY SUPPLY),GENERIC,CO-PAY IN $,20,10,10,15,10,4,20,high,high,RISK,4
1,3,3,3,Salaried,3042,Yes,Rents,16,31,55,18,15,RETAIL PHARMACY (UP TO A 30-DAY SUPPLY),GENERIC,CO-PAY IN $,15,10,20,10,10,4,20,high,high,RISK,4
1,3,3,1,Hourly,170,No,Rents,37,31,59,18,15,RETAIL PHARMACY (UP TO A 30-DAY SUPPLY),GENERIC,CO-PAY IN $,10,15,10,20,10,4,20,high,high,RISK,4
1,1,1,3,Salaried,2062,No,Rents,20,47,55,18,15,RETAIL PHARMACY (UP TO A 30-DAY SUPPLY),GENERIC,CO-PAY IN $,20,15,10,10,10,4,20,high,high,RISK,4
2,2,3,3,Bonus,1962,No,Rents,15,41,60,18,15,RETAIL PHARMACY (UP TO A 30-DAY SUPPLY),GENERIC,CO-PAY IN $,15,10,10,20,10,4,20,high,high,RISK,4
1,1,1,1,Bonus,1006,No,Owns,27,35,73,18,15,RETAIL PHARMACY (UP TO A 30-DAY SUPPLY),GENERIC,CO-PAY IN $,20,10,15,10,10,4,20,high,high,RISK,4
1,3,2,3,Salaried,4555,No,Rents,20,24,60,18,15,RETAIL PHARMACY (UP TO A 30-DAY SUPPLY),GENERIC,CO-PAY IN $,10,10,15,20,10,4,20,high,high,RISK,4
3,1,2,1,Bonus,458,No,Rents,25,43,57,18,15,RETAIL PHARMACY (UP TO A 30-DAY SUPPLY),GENERIC,CO-PAY IN $,20,10,10,15,10,4,20,high,high,RISK,4
3,1,3,1,Hourly,1593,No,Owns,16,25,52,18,15,RETAIL PHARMACY (UP TO A 30-DAY SUPPLY),GENERIC,CO-PAY IN $,15,10,10,20,10,4,20,high,high,RISK,4
1,3,1,2,Hourly,4519,Yes,Owns,26,50,53,18,15,RETAIL PHARMACY (UP TO A 30-DAY SUPPLY),GENERIC,CO-PAY IN $,10,10,15,20,10,4,20,high,high,RISK,4
1,2,1,1,Bonus,2639,No,Rents,16,31,54,18,15,RETAIL PHARMACY (UP TO A 30-DAY SUPPLY),GENERIC,CO-PAY IN $,20,10,15,10,10,4,20,high,high,RISK,4
1,1,3,1,Hourly,2563,Yes,Rents,35,26,75,18,15,RETAIL PHARMACY (UP TO A 30-DAY SUPPLY),GENERIC,CO-PAY IN $,10,15,10,20,10,4,20,high,high,RISK,4
1,2,3,2,Bonus,2810,Yes,Owns,35,49,60,18,15,RETAIL PHARMACY (UP TO A 30-DAY SUPPLY),GENERIC,CO-PAY IN $,10,20,10,15,10,4,20,high,high,RISK,4
2,2,1,2,Hourly,2954,Yes,Owns,39,40,57,18,15,RETAIL PHARMACY (UP TO A 30-DAY SUPPLY),GENERIC,CO-PAY IN $,10,20,10,15,10,4,20,high,high,RISK,4
2,1,3,1,Hourly,2299,Yes,Owns,31,36,56,18,15,RETAIL PHARMACY (UP TO A 30-DAY SUPPLY),GENERIC,CO-PAY IN $,10,15,20,10,10,4,20,high,high,RISK,4
1,1,2,3,Hourly,1155,No,Rents,16,49,59,18,15,RETAIL PHARMACY (UP TO A 30-DAY SUPPLY),GENERIC,CO-PAY IN $,20,15,10,10,10,4,20,high,high,RISK,4
2,1,3,1,Bonus,1856,Yes,Rents,31,20,55,18,15,RETAIL PHARMACY (UP TO A 30-DAY SUPPLY),GENERIC,CO-PAY IN $,20,10,10,15,10,4,20,high,high,RISK,4
3,2,2,1,Salaried,3352,Yes,Rents,18,48,52,18,15,RETAIL PHARMACY (UP TO A 30-DAY SUPPLY),GENERIC,CO-PAY IN $,15,20,10,10,10,4,20,high,high,RISK,4
3,1,1,2,Hourly,3735,Yes,Owns,34,33,56,18,15,RETAIL PHARMACY (UP TO A 30-DAY SUPPLY),GENERIC,CO-PAY IN $,10,10,20,15,10,4,20,high,high,RISK,4
3,2,1,3,Salaried,1125,Yes,Rents,18,23,53,18,15,RETAIL PHARMACY (UP TO A 30-DAY SUPPLY),GENERIC,CO-PAY IN $,10,15,20,10,10,4,20,high,high,RISK,4
3,1,2,1,Bonus,4695,No,Owns,15,38,56,18,15,RETAIL PHARMACY (UP TO A 30-DAY SUPPLY),GENERIC,CO-PAY IN $,10,20,15,10,10,4,20,high,high,RISK,4
2,2,2,2,Salaried,1210,No,Rents,38,24,64,18,15,RETAIL PHARMACY (UP TO A 30-DAY SUPPLY),GENERIC,CO-PAY IN $,15,10,10,20,10,4,20,high,high,RISK,4
2,3,2,1,Bonus,3149,No,Owns,17,29,55,18,15,RETAIL PHARMACY (UP TO A 30-DAY SUPPLY),GENERIC,CO-PAY IN $,20,10,10,15,10,4,20,high,high,RISK,4
2,2,2,2,Bonus,3757,No,Rents,18,26,51,18,15,RETAIL PHARMACY (UP TO A 30-DAY SUPPLY),GENERIC,CO-PAY IN $,15,20,10,10,10,4,20,high,high,RISK,4
3,1,3,2,Salaried,4038,Yes,Rents,28,36,62,18,15,RETAIL PHARMACY (UP TO A 30-DAY SUPPLY),GENERIC,CO-PAY IN $,10,15,10,20,10,4,20,high,high,RISK,4
1,1,1,3,Bonus,381,No,Owns,20,38,64,18,15,RETAIL PHARMACY (UP TO A 30-DAY SUPPLY),GENERIC,CO-PAY IN $,10,20,15,10,10,4,20,high,high,RISK,4
1,1,1,2,Hourly,2879,Yes,Rents,37,31,55,18,15,RETAIL PHARMACY (UP TO A 30-DAY SUPPLY),GENERIC,CO-PAY IN $,20,15,10,10,10,4,20,high,high,RISK,4
2,3,1,1,Hourly,2246,No,Owns,38,31,59,18,15,RETAIL PHARMACY (UP TO A 30-DAY SUPPLY),GENERIC,CO-PAY IN $,20,10,10,15,10,4,20,high,high,RISK,4
1,3,2,1,Hourly,3337,No,Rents,18,47,55,18,15,RETAIL PHARMACY (UP TO A 30-DAY SUPPLY),GENERIC,CO-PAY IN $,15,10,10,20,10,4,20,high,high,RISK,4
2,2,1,2,Hourly,874,No,Owns,38,41,60,18,15,RETAIL PHARMACY (UP TO A 30-DAY SUPPLY),GENERIC,CO-PAY IN $,15,10,10,20,10,4,20,high,high,RISK,4
1,2,1,1,Hourly,4470,Yes,Owns,16,35,73,18,15,RETAIL PHARMACY (UP TO A 30-DAY SUPPLY),GENERIC,CO-PAY IN $,15,20,10,10,10,4,20,high,high,RISK,4
3,1,3,1,Hourly,3252,Yes,Owns,24,24,60,18,15,RETAIL PHARMACY (UP TO A 30-DAY SUPPLY),GENERIC,CO-PAY IN $,10,15,10,20,10,4,20,high,high,RISK,4
1,3,1,2,Hourly,176,Yes,Rents,23,43,57,18,15,RETAIL PHARMACY (UP TO A 30-DAY SUPPLY),GENERIC,CO-PAY IN $,10,10,20,15,10,4,20,high,high,RISK,4
2,1,3,1,Hourly,3681,Yes,Owns,17,25,52,18,15,RETAIL PHARMACY (UP TO A 30-DAY SUPPLY),GENERIC,CO-PAY IN $,15,20,10,10,10,4,20,high,high,RISK,4
1,3,2,3,Hourly,1019,Yes,Owns,35,50,53,18,15,RETAIL PHARMACY (UP TO A 30-DAY SUPPLY),GENERIC,CO-PAY IN $,10,10,20,15,10,4,20,high,high,RISK,4
1,3,2,1,Bonus,4493,Yes,Owns,39,31,54,18,15,RETAIL PHARMACY (UP TO A 30-DAY SUPPLY),GENERIC,CO-PAY IN $,20,10,10,15,10,4,20,high,high,RISK,4
1,3,3,1,Salaried,1012,Yes,Owns,34,26,75,18,15,RETAIL PHARMACY (UP TO A 30-DAY SUPPLY),GENERIC,CO-PAY IN $,15,10,20,10,10,4,20,high,high,RISK,4
1,1,2,1,Bonus,1248,Yes,Rents,18,49,60,18,15,RETAIL PHARMACY (UP TO A 30-DAY SUPPLY),GENERIC,CO-PAY IN $,15,10,20,10,10,4,20,high,high,RISK,4
1,1,2,1,Salaried,1214,No,Owns,17,40,57,18,15,RETAIL PHARMACY (UP TO A 30-DAY SUPPLY),GENERIC,CO-PAY IN $,10,10,15,20,10,4,20,high,high,RISK,4
2,1,1,1,Salaried,2852,Yes,Rents,18,36,56,18,15,RETAIL PHARMACY (UP TO A 30-DAY SUPPLY),GENERIC,CO-PAY IN $,10,20,15,10,10,4,20,high,high,RISK,4
2,1,1,1,Bonus,1440,Yes,Owns,24,49,59,18,15,RETAIL PHARMACY (UP TO A 30-DAY SUPPLY),GENERIC,CO-PAY IN $,10,20,10,15,10,4,20,high,high,RISK,4
3,1,3,1,Bonus,2951,No,Owns,26,20,55,18,15,RETAIL PHARMACY (UP TO A 30-DAY SUPPLY),GENERIC,CO-PAY IN $,10,10,20,15,10,4,20,high,high,RISK,4
4,3,2,4,Salaried,4377,No,Rents,46,73,76,18,16,RETAIL PHARMACY (UP TO A 30-DAY SUPPLY),GENERIC,CO-PAY IN $,15,20,10,10,10,4,50,high,high,RISK,4
2,3,4,2,Salaried,1919,No,Owns,48,61,80,18,16,RETAIL PHARMACY (UP TO A 30-DAY SUPPLY),GENERIC,CO-PAY IN $,10,10,15,20,10,4,50,high,high,RISK,4
4,4,3,2,Salaried,4671,Yes,Rents,57,53,77,18,16,RETAIL PHARMACY (UP TO A 30-DAY SUPPLY),GENERIC,CO-PAY IN $,15,20,10,10,10,4,50,high,high,RISK,4
4,4,2,2,Bonus,1139,No,Owns,52,65,80,18,16,RETAIL PHARMACY (UP TO A 30-DAY SUPPLY),GENERIC,CO-PAY IN $,15,10,10,20,10,4,50,high,high,RISK,4
3,4,4,3,Bonus,3085,No,Rents,45,54,88,18,16,RETAIL PHARMACY (UP TO A 30-DAY SUPPLY),GENERIC,CO-PAY IN $,15,10,20,10,10,4,50,high,high,RISK,4
3,4,4,3,Salaried,912,Yes,Rents,61,58,79,18,16,RETAIL PHARMACY (UP TO A 30-DAY SUPPLY),GENERIC,CO-PAY IN $,20,15,10,10,10,4,50,high,high,RISK,4
4,3,4,3,Hourly,3561,Yes,Owns,51,56,75,18,16,RETAIL PHARMACY (UP TO A 30-DAY SUPPLY),GENERIC,CO-PAY IN $,10,10,15,20,10,4,50,high,high,RISK,4
4,4,2,2,Hourly,4350,No,Rents,40,64,87,18,16,RETAIL PHARMACY (UP TO A 30-DAY SUPPLY),GENERIC,CO-PAY IN $,10,20,10,15,10,4,50,high,high,RISK,4
4,4,4,4,Salaried,3664,No,Owns,39,65,88,18,16,RETAIL PHARMACY (UP TO A 30-DAY SUPPLY),GENERIC,CO-PAY IN $,20,15,10,10,10,4,50,high,high,RISK,4
2,3,3,3,Bonus,1972,Yes,Owns,62,60,80,18,16,RETAIL PHARMACY (UP TO A 30-DAY SUPPLY),GENERIC,CO-PAY IN $,10,15,10,20,10,4,50,high,high,RISK,4
3,2,4,4,Salaried,1235,Yes,Rents,55,60,83,18,16,RETAIL PHARMACY (UP TO A 30-DAY SUPPLY),GENERIC,CO-PAY IN $,10,20,10,15,10,4,50,high,high,RISK,4
2,4,3,3,Bonus,2294,Yes,Owns,47,72,79,18,16,RETAIL PHARMACY (UP TO A 30-DAY SUPPLY),GENERIC,CO-PAY IN $,15,10,20,10,10,4,50,high,high,RISK,4
2,3,4,3,Salaried,4592,Yes,Rents,62,68,84,18,16,RETAIL PHARMACY (UP TO A 30-DAY SUPPLY),GENERIC,CO-PAY IN $,20,10,15,10,10,4,50,high,high,RISK,4
3,3,3,4,Hourly,2183,Yes,Owns,37,63,98,18,16,RETAIL PHARMACY (UP TO A 30-DAY SUPPLY),GENERIC,CO-PAY IN $,10,15,20,10,10,4,50,high,high,RISK,4
3,3,4,3,Salaried,1622,Yes,Rents,42,55,84,18,16,RETAIL PHARMACY (UP TO A 30-DAY SUPPLY),GENERIC,CO-PAY IN $,20,15,10,10,10,4,50,high,high,RISK,4
3,4,3,4,Salaried,4259,Yes,Rents,37,70,81,18,16,RETAIL PHARMACY (UP TO A 30-DAY SUPPLY),GENERIC,CO-PAY IN $,15,10,10,20,10,4,50,high,high,RISK,4
4,3,3,4,Salaried,4138,No,Owns,62,55,76,18,16,RETAIL PHARMACY (UP TO A 30-DAY SUPPLY),GENERIC,CO-PAY IN $,10,10,20,15,10,4,50,high,high,RISK,4
4,3,4,4,Bonus,2742,No,Owns,64,75,77,18,16,RETAIL PHARMACY (UP TO A 30-DAY SUPPLY),GENERIC,CO-PAY IN $,20,10,10,15,10,4,50,high,high,RISK,4
3,3,3,4,Bonus,4027,Yes,Rents,43,60,78,18,16,RETAIL PHARMACY (UP TO A 30-DAY SUPPLY),GENERIC,CO-PAY IN $,20,15,10,10,10,4,50,high,high,RISK,4
4,4,2,2,Bonus,3643,No,Rents,59,56,100,18,16,RETAIL PHARMACY (UP TO A 30-DAY SUPPLY),GENERIC,CO-PAY IN $,20,10,15,10,10,4,50,high,high,RISK,4
4,2,4,2,Salaried,1855,No,Rents,63,74,85,18,16,RETAIL PHARMACY (UP TO A 30-DAY SUPPLY),GENERIC,CO-PAY IN $,10,20,15,10,10,4,50,high,high,RISK,4
3,4,2,3,Bonus,4199,No,Owns,57,67,81,18,16,RETAIL PHARMACY (UP TO A 30-DAY SUPPLY),GENERIC,CO-PAY IN $,20,15,10,10,10,4,50,high,high,RISK,4
3,4,3,2,Salaried,358,No,Rents,50,64,80,18,16,RETAIL PHARMACY (UP TO A 30-DAY SUPPLY),GENERIC,CO-PAY IN $,15,20,10,10,10,4,50,high,high,RISK,4
4,3,4,3,Salaried,2175,No,Owns,59,75,83,18,16,RETAIL PHARMACY (UP TO A 30-DAY SUPPLY),GENERIC,CO-PAY IN $,15,20,10,10,10,4,50,high,high,RISK,4
4,4,2,2,Bonus,2804,No,Owns,48,51,79,18,16,RETAIL PHARMACY (UP TO A 30-DAY SUPPLY),GENERIC,CO-PAY IN $,10,10,15,20,10,4,50,high,high,RISK,4
4,4,4,4,Bonus,2793,Yes,Owns,63,73,76,18,16,RETAIL PHARMACY (UP TO A 30-DAY SUPPLY),GENERIC,CO-PAY IN $,15,10,20,10,10,4,50,high,high,RISK,4
4,3,4,2,Salaried,1366,No,Owns,56,61,80,18,16,RETAIL PHARMACY (UP TO A 30-DAY SUPPLY),GENERIC,CO-PAY IN $,10,20,15,10,10,4,50,high,high,RISK,4
2,4,4,4,Salaried,3990,No,Rents,53,53,77,18,16,RETAIL PHARMACY (UP TO A 30-DAY SUPPLY),GENERIC,CO-PAY IN $,10,10,20,15,10,4,50,high,high,RISK,4
2,4,3,3,Salaried,1625,No,Owns,60,65,80,18,16,RETAIL PHARMACY (UP TO A 30-DAY SUPPLY),GENERIC,CO-PAY IN $,15,10,20,10,10,4,50,high,high,RISK,4
4,4,3,3,Hourly,1178,No,Owns,35,54,88,18,16,RETAIL PHARMACY (UP TO A 30-DAY SUPPLY),GENERIC,CO-PAY IN $,10,15,10,20,10,4,50,high,high,RISK,4
4,4,4,2,Hourly,4144,No,Owns,44,56,75,18,16,RETAIL PHARMACY (UP TO A 30-DAY SUPPLY),GENERIC,CO-PAY IN $,10,10,15,20,10,4,50,high,high,RISK,4
3,3,4,3,Hourly,2547,Yes,Owns,55,64,87,18,16,RETAIL PHARMACY (UP TO A 30-DAY SUPPLY),GENERIC,CO-PAY IN $,10,20,10,15,10,4,50,high,high,RISK,4
4,3,4,2,Hourly,152,Yes,Owns,58,65,88,18,16,RETAIL PHARMACY (UP TO A 30-DAY SUPPLY),GENERIC,CO-PAY IN $,20,10,10,15,10,4,50,high,high,RISK,4
3,2,2,3,Bonus,2909,Yes,Rents,45,60,80,18,16,RETAIL PHARMACY (UP TO A 30-DAY SUPPLY),GENERIC,CO-PAY IN $,20,10,10,15,10,4,50,high,high,RISK,4
4,4,3,3,Bonus,2404,Yes,Owns,49,60,83,18,16,RETAIL PHARMACY (UP TO A 30-DAY SUPPLY),GENERIC,CO-PAY IN $,20,10,15,10,10,4,50,high,high,RISK,4
4,2,4,4,Bonus,144,Yes,Owns,46,72,79,18,16,RETAIL PHARMACY (UP TO A 30-DAY SUPPLY),GENERIC,CO-PAY IN $,20,15,10,10,10,4,50,high,high,RISK,4
4,2,4,2,Hourly,2250,No,Owns,48,68,84,18,16,RETAIL PHARMACY (UP TO A 30-DAY SUPPLY),GENERIC,CO-PAY IN $,10,20,10,15,10,4,50,high,high,RISK,4
4,3,3,3,Hourly,4826,No,Owns,47,63,98,18,16,RETAIL PHARMACY (UP TO A 30-DAY SUPPLY),GENERIC,CO-PAY IN $,15,20,10,10,10,4,50,high,high,RISK,4
4,4,2,3,Salaried,792,No,Owns,50,55,84,18,16,RETAIL PHARMACY (UP TO A 30-DAY SUPPLY),GENERIC,CO-PAY IN $,10,20,15,10,10,4,50,high,high,RISK,4
2,4,2,3,Hourly,3429,No,Rents,58,70,81,18,16,RETAIL PHARMACY (UP TO A 30-DAY SUPPLY),GENERIC,CO-PAY IN $,10,15,20,10,10,4,50,high,high,RISK,4
3,4,3,4,Hourly,1596,Yes,Owns,50,55,76,18,16,RETAIL PHARMACY (UP TO A 30-DAY SUPPLY),GENERIC,CO-PAY IN $,10,15,10,20,10,4,50,high,high,RISK,4
4,4,4,3,Salaried,83,Yes,Owns,40,75,77,18,16,RETAIL PHARMACY (UP TO A 30-DAY SUPPLY),GENERIC,CO-PAY IN $,10,15,10,20,10,4,50,high,high,RISK,4
4,4,3,4,Salaried,3601,No,Owns,38,60,78,18,16,RETAIL PHARMACY (UP TO A 30-DAY SUPPLY),GENERIC,CO-PAY IN $,15,10,10,20,10,4,50,high,high,RISK,4
3,4,2,4,Bonus,861,No,Owns,58,56,100,18,16,RETAIL PHARMACY (UP TO A 30-DAY SUPPLY),GENERIC,CO-PAY IN $,15,10,10,20,10,4,50,high,high,RISK,4
2,4,4,4,Salaried,2240,Yes,Rents,59,74,85,18,16,RETAIL PHARMACY (UP TO A 30-DAY SUPPLY),GENERIC,CO-PAY IN $,10,15,10,20,10,4,50,high,high,RISK,4
3,3,2,2,Hourly,2384,No,Rents,37,67,81,18,16,RETAIL PHARMACY (UP TO A 30-DAY SUPPLY),GENERIC,CO-PAY IN $,20,10,15,10,10,4,50,high,high,RISK,4
2,2,3,3,Bonus,2363,Yes,Rents,52,64,80,18,16,RETAIL PHARMACY (UP TO A 30-DAY SUPPLY),GENERIC,CO-PAY IN $,20,15,10,10,10,4,50,high,high,RISK,4
3,3,4,2,Salaried,4539,No,Owns,45,75,83,18,16,RETAIL PHARMACY (UP TO A 30-DAY SUPPLY),GENERIC,CO-PAY IN $,10,15,20,10,10,4,50,high,high,RISK,4
3,3,2,2,Bonus,489,No,Rents,45,51,79,18,16,RETAIL PHARMACY (UP TO A 30-DAY SUPPLY),GENERIC,CO-PAY IN $,15,10,20,10,10,4,50,high,high,RISK,4
4,4,2,4,Bonus,4623,Yes,Owns,40,73,76,18,16,RETAIL PHARMACY (UP TO A 30-DAY SUPPLY),GENERIC,CO-PAY IN $,10,10,15,20,10,4,50,high,high,RISK,4
3,3,3,2,Salaried,153,Yes,Owns,36,61,80,18,16,RETAIL PHARMACY (UP TO A 30-DAY SUPPLY),GENERIC,CO-PAY IN $,10,10,20,15,10,4,50,high,high,RISK,4
3,4,4,4,Salaried,3954,No,Owns,38,53,77,18,16,RETAIL PHARMACY (UP TO A 30-DAY SUPPLY),GENERIC,CO-PAY IN $,20,10,10,15,10,4,50,high,high,RISK,4
3,3,2,3,Salaried,4742,No,Rents,35,65,80,18,16,RETAIL PHARMACY (UP TO A 30-DAY SUPPLY),GENERIC,CO-PAY IN $,15,10,10,20,10,4,50,high,high,RISK,4
2,2,2,3,Hourly,3289,No,Rents,59,54,88,18,16,RETAIL PHARMACY (UP TO A 30-DAY SUPPLY),GENERIC,CO-PAY IN $,20,10,15,10,10,4,50,high,high,RISK,4
2,2,3,3,Bonus,3409,Yes,Rents,54,58,79,18,16,RETAIL PHARMACY (UP TO A 30-DAY SUPPLY),GENERIC,CO-PAY IN $,15,10,10,20,10,4,50,high,high,RISK,4
3,3,4,3,Bonus,3179,No,Rents,42,56,75,18,16,RETAIL PHARMACY (UP TO A 30-DAY SUPPLY),GENERIC,CO-PAY IN $,10,10,20,15,10,4,50,high,high,RISK,4
3,3,2,4,Bonus,4271,No,Rents,43,64,87,18,16,RETAIL PHARMACY (UP TO A 30-DAY SUPPLY),GENERIC,CO-PAY IN $,10,15,20,10,10,4,50,high,high,RISK,4
3,3,3,2,Hourly,4605,Yes,Rents,46,65,88,18,16,RETAIL PHARMACY (UP TO A 30-DAY SUPPLY),GENERIC,CO-PAY IN $,20,10,10,15,10,4,50,high,high,RISK,4
2,4,4,4,Salaried,3042,Yes,Rents,37,60,80,18,16,RETAIL PHARMACY (UP TO A 30-DAY SUPPLY),GENERIC,CO-PAY IN $,10,10,20,15,10,4,50,high,high,RISK,4
2,4,4,3,Hourly,170,No,Rents,61,60,83,18,16,RETAIL PHARMACY (UP TO A 30-DAY SUPPLY),GENERIC,CO-PAY IN $,10,15,20,10,10,4,50,high,high,RISK,4
2,3,3,4,Salaried,2062,No,Rents,40,72,79,18,16,RETAIL PHARMACY (UP TO A 30-DAY SUPPLY),GENERIC,CO-PAY IN $,10,15,10,20,10,4,50,high,high,RISK,4
4,4,4,4,Bonus,1962,No,Rents,35,68,84,18,16,RETAIL PHARMACY (UP TO A 30-DAY SUPPLY),GENERIC,CO-PAY IN $,20,10,10,15,10,4,50,high,high,RISK,4
2,2,3,2,Bonus,1006,No,Owns,50,63,98,18,16,RETAIL PHARMACY (UP TO A 30-DAY SUPPLY),GENERIC,CO-PAY IN $,15,20,10,10,10,4,50,high,high,RISK,4
2,4,3,4,Salaried,4555,No,Rents,42,55,84,18,16,RETAIL PHARMACY (UP TO A 30-DAY SUPPLY),GENERIC,CO-PAY IN $,20,10,10,15,10,4,50,high,high,RISK,4
4,3,4,3,Bonus,458,No,Rents,46,70,81,18,16,RETAIL PHARMACY (UP TO A 30-DAY SUPPLY),GENERIC,CO-PAY IN $,20,15,10,10,10,4,50,high,high,RISK,4
4,3,4,3,Hourly,1593,No,Owns,36,55,76,18,16,RETAIL PHARMACY (UP TO A 30-DAY SUPPLY),GENERIC,CO-PAY IN $,10,20,10,15,10,4,50,high,high,RISK,4
3,4,2,3,Hourly,4519,Yes,Owns,48,75,77,18,16,RETAIL PHARMACY (UP TO A 30-DAY SUPPLY),GENERIC,CO-PAY IN $,15,10,10,20,10,4,50,high,high,RISK,4
2,4,3,3,Bonus,2639,No,Rents,36,60,78,18,16,RETAIL PHARMACY (UP TO A 30-DAY SUPPLY),GENERIC,CO-PAY IN $,10,20,10,15,10,4,50,high,high,RISK,4
2,3,4,3,Hourly,2563,Yes,Rents,59,56,100,18,16,RETAIL PHARMACY (UP TO A 30-DAY SUPPLY),GENERIC,CO-PAY IN $,20,15,10,10,10,4,50,high,high,RISK,4
3,4,4,4,Bonus,2810,Yes,Owns,58,74,85,18,16,RETAIL PHARMACY (UP TO A 30-DAY SUPPLY),GENERIC,CO-PAY IN $,20,15,10,10,10,4,50,high,high,RISK,4
3,4,3,4,Hourly,2954,Yes,Owns,64,67,81,18,16,RETAIL PHARMACY (UP TO A 30-DAY SUPPLY),GENERIC,CO-PAY IN $,10,15,10,20,10,4,50,high,high,RISK,4
3,2,4,3,Hourly,2299,Yes,Owns,54,64,80,18,16,RETAIL PHARMACY (UP TO A 30-DAY SUPPLY),GENERIC,CO-PAY IN $,15,10,20,10,10,4,50,high,high,RISK,4
2,3,4,4,Hourly,1155,No,Rents,37,75,83,18,16,RETAIL PHARMACY (UP TO A 30-DAY SUPPLY),GENERIC,CO-PAY IN $,20,10,10,15,10,4,50,high,high,RISK,4
4,2,4,3,Bonus,1856,Yes,Rents,55,51,79,18,16,RETAIL PHARMACY (UP TO A 30-DAY SUPPLY),GENERIC,CO-PAY IN $,10,10,15,20,10,4,50,high,high,RISK,4
4,4,3,3,Salaried,3352,Yes,Rents,38,73,76,18,16,RETAIL PHARMACY (UP TO A 30-DAY SUPPLY),GENERIC,CO-PAY IN $,15,10,20,10,10,4,50,high,high,RISK,4
4,3,2,3,Hourly,3735,Yes,Owns,58,61,80,18,16,RETAIL PHARMACY (UP TO A 30-DAY SUPPLY),GENERIC,CO-PAY IN $,15,20,10,10,10,4,50,high,high,RISK,4
4,3,3,4,Salaried,1125,Yes,Rents,38,53,77,18,16,RETAIL PHARMACY (UP TO A 30-DAY SUPPLY),GENERIC,CO-PAY IN $,15,10,20,10,10,4,50,high,high,RISK,4
4,2,4,2,Bonus,4695,No,Owns,35,65,80,18,16,RETAIL PHARMACY (UP TO A 30-DAY SUPPLY),GENERIC,CO-PAY IN $,10,15,20,10,10,4,50,high,high,RISK,4
3,3,3,4,Salaried,1210,No,Rents,62,54,88,18,16,RETAIL PHARMACY (UP TO A 30-DAY SUPPLY),GENERIC,CO-PAY IN $,20,10,10,15,10,4,50,high,high,RISK,4
4,4,4,2,Bonus,3149,No,Owns,37,58,79,18,16,RETAIL PHARMACY (UP TO A 30-DAY SUPPLY),GENERIC,CO-PAY IN $,15,10,10,20,10,4,50,high,high,RISK,4
4,3,4,4,Bonus,3757,No,Rents,38,56,75,18,16,RETAIL PHARMACY (UP TO A 30-DAY SUPPLY),GENERIC,CO-PAY IN $,10,10,20,15,10,4,50,high,high,RISK,4
4,3,4,4,Salaried,4038,Yes,Rents,51,64,87,18,16,RETAIL PHARMACY (UP TO A 30-DAY SUPPLY),GENERIC,CO-PAY IN $,10,15,20,10,10,4,50,high,high,RISK,4
2,3,3,4,Bonus,381,No,Owns,41,65,88,18,16,RETAIL PHARMACY (UP TO A 30-DAY SUPPLY),GENERIC,CO-PAY IN $,20,10,15,10,10,4,50,high,high,RISK,4
3,3,3,3,Hourly,2879,Yes,Rents,61,60,80,18,16,RETAIL PHARMACY (UP TO A 30-DAY SUPPLY),GENERIC,CO-PAY IN $,15,10,20,10,10,4,50,high,high,RISK,4
4,4,3,2,Hourly,2246,No,Owns,62,60,83,18,16,RETAIL PHARMACY (UP TO A 30-DAY SUPPLY),GENERIC,CO-PAY IN $,20,10,10,15,10,4,50,high,high,RISK,4
2,4,3,2,Hourly,3337,No,Rents,39,72,79,18,16,RETAIL PHARMACY (UP TO A 30-DAY SUPPLY),GENERIC,CO-PAY IN $,15,20,10,10,10,4,50,high,high,RISK,4
4,3,3,4,Hourly,874,No,Owns,63,68,84,18,16,RETAIL PHARMACY (UP TO A 30-DAY SUPPLY),GENERIC,CO-PAY IN $,20,15,10,10,10,4,50,high,high,RISK,4
3,4,2,3,Hourly,4470,Yes,Owns,36,63,98,18,16,RETAIL PHARMACY (UP TO A 30-DAY SUPPLY),GENERIC,CO-PAY IN $,15,10,10,20,10,4,50,high,high,RISK,4
4,3,4,3,Hourly,3252,Yes,Owns,46,55,84,18,16,RETAIL PHARMACY (UP TO A 30-DAY SUPPLY),GENERIC,CO-PAY IN $,15,10,10,20,10,4,50,high,high,RISK,4
3,4,2,3,Hourly,176,Yes,Rents,45,70,81,18,16,RETAIL PHARMACY (UP TO A 30-DAY SUPPLY),GENERIC,CO-PAY IN $,15,20,10,10,10,4,50,high,high,RISK,4
4,3,4,2,Hourly,3681,Yes,Owns,38,55,76,18,16,RETAIL PHARMACY (UP TO A 30-DAY SUPPLY),GENERIC,CO-PAY IN $,20,10,10,15,10,4,50,high,high,RISK,4
3,4,4,4,Hourly,1019,Yes,Owns,59,75,77,18,16,RETAIL PHARMACY (UP TO A 30-DAY SUPPLY),GENERIC,CO-PAY IN $,15,10,10,20,10,4,50,high,high,RISK,4
3,4,4,3,Bonus,4493,Yes,Owns,64,60,78,18,16,RETAIL PHARMACY (UP TO A 30-DAY SUPPLY),GENERIC,CO-PAY IN $,15,20,10,10,10,4,50,high,high,RISK,4
3,4,4,2,Salaried,1012,Yes,Owns,58,56,100,18,16,RETAIL PHARMACY (UP TO A 30-DAY SUPPLY),GENERIC,CO-PAY IN $,10,10,20,15,10,4,50,high,high,RISK,4
2,2,4,3,Bonus,1248,Yes,Rents,39,74,85,18,16,RETAIL PHARMACY (UP TO A 30-DAY SUPPLY),GENERIC,CO-PAY IN $,10,15,10,20,10,4,50,high,high,RISK,4
2,3,3,3,Salaried,1214,No,Owns,37,67,81,18,16,RETAIL PHARMACY (UP TO A 30-DAY SUPPLY),GENERIC,CO-PAY IN $,10,15,20,10,10,4,50,high,high,RISK,4
4,3,3,2,Salaried,2852,Yes,Rents,38,64,80,18,16,RETAIL PHARMACY (UP TO A 30-DAY SUPPLY),GENERIC,CO-PAY IN $,15,10,10,20,10,4,50,high,high,RISK,4
3,3,2,2,Bonus,1440,Yes,Owns,46,75,83,18,16,RETAIL PHARMACY (UP TO A 30-DAY SUPPLY),GENERIC,CO-PAY IN $,10,10,20,15,10,4,50,high,high,RISK,4
4,2,4,3,Bonus,2951,No,Owns,48,51,79,18,16,RETAIL PHARMACY (UP TO A 30-DAY SUPPLY),GENERIC,CO-PAY IN $,10,20,15,10,10,4,50,high,high,RISK,4
1,0,0,1,Salaried,4377,No,Rents,4,9,1,20,1,MAIL ORDER (UP TO A 90-DAY SUPPLY),,CO-PAY IN $,100,10,30,50,100,1,5,low,low,RISK,1
0,0,1,0,Salaried,1919,No,Owns,4,4,5,20,1,MAIL ORDER (UP TO A 90-DAY SUPPLY),,CO-PAY IN $,100,30,50,10,100,1,5,low,low,RISK,1
0,0,0,0,Salaried,4671,Yes,Rents,7,1,2,20,1,MAIL ORDER (UP TO A 90-DAY SUPPLY),,CO-PAY IN $,10,50,30,100,100,1,5,low,low,RISK,1
1,1,0,0,Bonus,1139,No,Owns,6,6,5,20,1,MAIL ORDER (UP TO A 90-DAY SUPPLY),,CO-PAY IN $,10,30,50,100,100,1,5,low,low,RISK,1
0,1,1,0,Bonus,3085,No,Rents,3,1,13,20,1,MAIL ORDER (UP TO A 90-DAY SUPPLY),,CO-PAY IN $,10,30,50,100,100,1,5,low,low,RISK,1
0,1,1,0,Salaried,912,Yes,Rents,9,3,4,20,1,MAIL ORDER (UP TO A 90-DAY SUPPLY),,CO-PAY IN $,100,50,30,10,100,1,5,low,low,RISK,1
1,0,1,0,Hourly,3561,Yes,Owns,5,2,0,20,1,MAIL ORDER (UP TO A 90-DAY SUPPLY),,CO-PAY IN $,30,50,100,10,100,1,5,low,low,RISK,1
1,1,0,0,Hourly,4350,No,Rents,2,5,12,20,1,MAIL ORDER (UP TO A 90-DAY SUPPLY),,CO-PAY IN $,30,10,50,100,100,1,5,low,low,RISK,1
1,1,0,1,Salaried,3664,No,Owns,1,6,13,20,1,MAIL ORDER (UP TO A 90-DAY SUPPLY),,CO-PAY IN $,10,100,30,50,100,1,5,low,low,RISK,1
0,0,0,0,Bonus,1972,Yes,Owns,9,4,5,20,1,MAIL ORDER (UP TO A 90-DAY SUPPLY),,CO-PAY IN $,30,10,100,50,100,1,5,low,low,RISK,1
0,0,1,1,Salaried,1235,Yes,Rents,7,4,8,20,1,MAIL ORDER (UP TO A 90-DAY SUPPLY),,CO-PAY IN $,50,10,100,30,100,1,5,low,low,RISK,1
0,1,0,0,Bonus,2294,Yes,Owns,4,9,4,20,1,MAIL ORDER (UP TO A 90-DAY SUPPLY),,CO-PAY IN $,30,50,10,100,100,1,5,low,low,RISK,1
0,0,1,0,Salaried,4592,Yes,Rents,9,7,9,20,1,MAIL ORDER (UP TO A 90-DAY SUPPLY),,CO-PAY IN $,100,10,30,50,100,1,5,low,low,RISK,1
0,0,0,1,Hourly,2183,Yes,Owns,1,5,23,20,1,MAIL ORDER (UP TO A 90-DAY SUPPLY),,CO-PAY IN $,30,50,10,100,100,1,5,low,low,RISK,1
0,0,1,0,Salaried,1622,Yes,Rents,2,1,9,20,1,MAIL ORDER (UP TO A 90-DAY SUPPLY),,CO-PAY IN $,100,50,10,30,100,1,5,low,low,RISK,1
0,1,0,1,Salaried,4259,Yes,Rents,1,8,6,20,1,MAIL ORDER (UP TO A 90-DAY SUPPLY),,CO-PAY IN $,10,30,50,100,100,1,5,low,low,RISK,1
1,0,0,1,Salaried,4138,No,Owns,9,2,1,20,1,MAIL ORDER (UP TO A 90-DAY SUPPLY),,CO-PAY IN $,10,50,30,100,100,1,5,low,low,RISK,1
1,0,0,1,Bonus,2742,No,Owns,10,10,2,20,1,MAIL ORDER (UP TO A 90-DAY SUPPLY),,CO-PAY IN $,10,30,50,100,100,1,5,low,low,RISK,1
0,0,0,1,Bonus,4027,Yes,Rents,3,4,3,20,1,MAIL ORDER (UP TO A 90-DAY SUPPLY),,CO-PAY IN $,100,10,30,50,100,1,5,low,low,RISK,1
1,0,0,0,Bonus,3643,No,Rents,8,2,25,20,1,MAIL ORDER (UP TO A 90-DAY SUPPLY),,CO-PAY IN $,100,10,50,30,100,1,5,low,low,RISK,1
1,0,1,0,Salaried,1855,No,Rents,9,10,10,20,1,MAIL ORDER (UP TO A 90-DAY SUPPLY),,CO-PAY IN $,50,30,100,10,100,1,5,low,low,RISK,1
0,1,0,0,Bonus,4199,No,Owns,7,7,6,20,1,MAIL ORDER (UP TO A 90-DAY SUPPLY),,CO-PAY IN $,30,50,100,10,100,1,5,low,low,RISK,1
0,1,0,0,Salaried,358,No,Rents,5,5,5,20,1,MAIL ORDER (UP TO A 90-DAY SUPPLY),,CO-PAY IN $,10,100,50,30,100,1,5,low,low,RISK,1
0,0,1,0,Salaried,2175,No,Owns,8,10,8,20,1,MAIL ORDER (UP TO A 90-DAY SUPPLY),,CO-PAY IN $,50,10,30,100,100,1,5,low,low,RISK,1
0,1,0,0,Bonus,2804,No,Owns,4,0,4,20,1,MAIL ORDER (UP TO A 90-DAY SUPPLY),,CO-PAY IN $,100,50,10,30,100,1,5,low,low,RISK,1
1,1,1,0,Bonus,2793,Yes,Owns,9,9,1,20,1,MAIL ORDER (UP TO A 90-DAY SUPPLY),,CO-PAY IN $,10,30,50,100,100,1,5,low,low,RISK,1
1,0,1,0,Salaried,1366,No,Owns,7,4,5,20,1,MAIL ORDER (UP TO A 90-DAY SUPPLY),,CO-PAY IN $,100,10,30,50,100,1,5,low,low,RISK,1
0,1,1,1,Salaried,3990,No,Rents,6,1,2,20,1,MAIL ORDER (UP TO A 90-DAY SUPPLY),,CO-PAY IN $,50,100,30,10,100,1,5,low,low,RISK,1
0,0,0,0,Salaried,1625,No,Owns,8,6,5,20,1,MAIL ORDER (UP TO A 90-DAY SUPPLY),,CO-PAY IN $,30,100,10,50,100,1,5,low,low,RISK,1
1,1,0,0,Hourly,1178,No,Owns,0,1,13,20,1,MAIL ORDER (UP TO A 90-DAY SUPPLY),,CO-PAY IN $,50,10,100,30,100,1,5,low,low,RISK,1
0,0,0,0,Hourly,2665,No,Rents,2,3,4,20,1,MAIL ORDER (UP TO A 90-DAY SUPPLY),,CO-PAY IN $,100,10,30,50,100,1,5,low,low,RISK,1
1,1,1,0,Hourly,4144,No,Owns,3,2,0,20,1,MAIL ORDER (UP TO A 90-DAY SUPPLY),,CO-PAY IN $,10,100,30,50,100,1,5,low,low,RISK,1
0,0,1,0,Hourly,2547,Yes,Owns,7,5,12,20,1,MAIL ORDER (UP TO A 90-DAY SUPPLY),,CO-PAY IN $,10,30,100,50,100,1,5,low,low,RISK,1
1,0,1,0,Hourly,152,Yes,Owns,8,6,13,20,1,MAIL ORDER (UP TO A 90-DAY SUPPLY),,CO-PAY IN $,100,30,50,10,100,1,5,low,low,RISK,1
0,0,0,0,Bonus,2909,Yes,Rents,3,4,5,20,1,MAIL ORDER (UP TO A 90-DAY SUPPLY),,CO-PAY IN $,30,10,50,100,100,1,5,low,low,RISK,1
1,1,0,0,Bonus,2404,Yes,Owns,5,4,8,20,1,MAIL ORDER (UP TO A 90-DAY SUPPLY),,CO-PAY IN $,100,10,30,50,100,1,5,low,low,RISK,1
1,0,1,1,Bonus,144,Yes,Owns,4,9,4,20,1,MAIL ORDER (UP TO A 90-DAY SUPPLY),,CO-PAY IN $,50,30,100,10,100,1,5,low,low,RISK,1
1,0,1,0,Hourly,2250,No,Owns,4,7,9,20,1,MAIL ORDER (UP TO A 90-DAY SUPPLY),,CO-PAY IN $,100,50,10,30,100,1,5,low,low,RISK,1
1,0,0,0,Hourly,4826,No,Owns,4,5,23,20,1,MAIL ORDER (UP TO A 90-DAY SUPPLY),,CO-PAY IN $,50,100,10,30,100,1,5,low,low,RISK,1
1,1,0,0,Salaried,792,No,Owns,5,1,9,20,1,MAIL ORDER (UP TO A 90-DAY SUPPLY),,CO-PAY IN $,100,10,30,50,100,1,5,low,low,RISK,1
0,1,0,0,Hourly,3429,No,Rents,8,8,6,20,1,MAIL ORDER (UP TO A 90-DAY SUPPLY),,CO-PAY IN $,10,30,100,50,100,1,5,low,low,RISK,1
0,1,0,0,Hourly,1596,Yes,Owns,5,2,1,20,1,MAIL ORDER (UP TO A 90-DAY SUPPLY),,CO-PAY IN $,10,30,50,100,100,1,5,low,low,RISK,1
1,1,1,0,Salaried,83,Yes,Owns,2,10,2,20,1,MAIL ORDER (UP TO A 90-DAY SUPPLY),,CO-PAY IN $,10,30,50,100,100,1,5,low,low,RISK,1
1,1,0,1,Salaried,3601,No,Owns,1,4,3,20,1,MAIL ORDER (UP TO A 90-DAY SUPPLY),,CO-PAY IN $,30,50,10,100,100,1,5,low,low,RISK,1
0,0,0,1,Bonus,861,No,Owns,8,2,25,20,1,MAIL ORDER (UP TO A 90-DAY SUPPLY),,CO-PAY IN $,30,50,100,10,100,1,5,low,low,RISK,1
0,1,1,1,Salaried,2240,Yes,Rents,8,10,10,20,1,MAIL ORDER (UP TO A 90-DAY SUPPLY),,CO-PAY IN $,100,10,50,30,100,1,5,low,low,RISK,1
0,0,0,0,Hourly,2384,No,Rents,1,7,6,20,1,MAIL ORDER (UP TO A 90-DAY SUPPLY),,CO-PAY IN $,100,50,10,30,100,1,5,low,low,RISK,1
0,0,0,0,Bonus,2363,Yes,Rents,6,5,5,20,1,MAIL ORDER (UP TO A 90-DAY SUPPLY),,CO-PAY IN $,100,50,30,10,100,1,5,low,low,RISK,1
0,0,1,0,Salaried,4539,No,Owns,3,10,8,20,1,MAIL ORDER (UP TO A 90-DAY SUPPLY),,CO-PAY IN $,10,100,30,50,100,1,5,low,low,RISK,1
0,0,0,0,Bonus,489,No,Rents,3,0,4,20,1,MAIL ORDER (UP TO A 90-DAY SUPPLY),,CO-PAY IN $,50,10,100,30,100,1,5,low,low,RISK,1
0,1,0,1,Bonus,4623,Yes,Owns,2,9,1,20,1,MAIL ORDER (UP TO A 90-DAY SUPPLY),,CO-PAY IN $,100,30,10,50,100,1,5,low,low,RISK,1
0,0,0,0,Salaried,153,Yes,Owns,0,4,5,20,1,MAIL ORDER (UP TO A 90-DAY SUPPLY),,CO-PAY IN $,50,30,10,100,100,1,5,low,low,RISK,1
0,1,1,0,Salaried,3954,No,Owns,1,1,2,20,1,MAIL ORDER (UP TO A 90-DAY SUPPLY),,CO-PAY IN $,30,50,10,100,100,1,5,low,low,RISK,1
0,0,0,0,Salaried,4742,No,Rents,0,6,5,20,1,MAIL ORDER (UP TO A 90-DAY SUPPLY),,CO-PAY IN $,30,50,100,10,100,1,5,low,low,RISK,1
0,0,0,0,Hourly,3289,No,Rents,8,1,13,20,1,MAIL ORDER (UP TO A 90-DAY SUPPLY),,CO-PAY IN $,100,50,30,10,100,1,5,low,low,RISK,1
0,0,0,0,Bonus,3409,Yes,Rents,6,3,4,20,1,MAIL ORDER (UP TO A 90-DAY SUPPLY),,CO-PAY IN $,50,10,30,100,100,1,5,low,low,RISK,1
0,0,1,0,Bonus,3179,No,Rents,2,2,0,20,1,MAIL ORDER (UP TO A 90-DAY SUPPLY),,CO-PAY IN $,30,100,10,50,100,1,5,low,low,RISK,1
0,0,0,0,Bonus,4271,No,Rents,3,5,12,20,1,MAIL ORDER (UP TO A 90-DAY SUPPLY),,CO-PAY IN $,30,50,10,100,100,1,5,low,low,RISK,1
0,0,0,0,Hourly,4605,Yes,Rents,4,6,13,20,1,MAIL ORDER (UP TO A 90-DAY SUPPLY),,CO-PAY IN $,100,50,30,10,100,1,5,low,low,RISK,1
0,1,1,1,Salaried,3042,Yes,Rents,1,4,5,20,1,MAIL ORDER (UP TO A 90-DAY SUPPLY),,CO-PAY IN $,100,30,10,50,100,1,5,low,low,RISK,1
0,1,1,0,Hourly,170,No,Rents,9,4,8,20,1,MAIL ORDER (UP TO A 90-DAY SUPPLY),,CO-PAY IN $,50,30,10,100,100,1,5,low,low,RISK,1
0,0,0,1,Salaried,2062,No,Rents,2,9,4,20,1,MAIL ORDER (UP TO A 90-DAY SUPPLY),,CO-PAY IN $,30,10,100,50,100,1,5,low,low,RISK,1
1,0,1,1,Bonus,1962,No,Rents,0,7,9,20,1,MAIL ORDER (UP TO A 90-DAY SUPPLY),,CO-PAY IN $,50,10,30,100,100,1,5,low,low,RISK,1
0,0,0,0,Bonus,1006,No,Owns,5,5,23,20,1,MAIL ORDER (UP TO A 90-DAY SUPPLY),,CO-PAY IN $,10,100,50,30,100,1,5,low,low,RISK,1
0,1,0,1,Salaried,4555,No,Rents,2,1,9,20,1,MAIL ORDER (UP TO A 90-DAY SUPPLY),,CO-PAY IN $,10,100,50,30,100,1,5,low,low,RISK,1
1,0,1,0,Bonus,458,No,Rents,4,8,6,20,1,MAIL ORDER (UP TO A 90-DAY SUPPLY),,CO-PAY IN $,30,50,10,100,100,1,5,low,low,RISK,1
1,0,1,0,Hourly,1593,No,Owns,0,2,1,20,1,MAIL ORDER (UP TO A 90-DAY SUPPLY),,CO-PAY IN $,100,10,50,30,100,1,5,low,low,RISK,1
0,1,0,0,Hourly,4519,Yes,Owns,4,10,2,20,1,MAIL ORDER (UP TO A 90-DAY SUPPLY),,CO-PAY IN $,50,100,30,10,100,1,5,low,low,RISK,1
0,1,0,0,Bonus,2639,No,Rents,0,4,3,20,1,MAIL ORDER (UP TO A 90-DAY SUPPLY),,CO-PAY IN $,30,100,10,50,100,1,5,low,low,RISK,1
0,0,1,0,Hourly,2563,Yes,Rents,8,2,25,20,1,MAIL ORDER (UP TO A 90-DAY SUPPLY),,CO-PAY IN $,100,10,30,50,100,1,5,low,low,RISK,1
0,0,1,1,Bonus,2810,Yes,Owns,8,10,10,20,1,MAIL ORDER (UP TO A 90-DAY SUPPLY),,CO-PAY IN $,30,10,100,50,100,1,5,low,low,RISK,1
0,0,0,1,Hourly,2954,Yes,Owns,10,7,6,20,1,MAIL ORDER (UP TO A 90-DAY SUPPLY),,CO-PAY IN $,50,10,100,30,100,1,5,low,low,RISK,1
0,0,1,0,Hourly,2299,Yes,Owns,6,5,5,20,1,MAIL ORDER (UP TO A 90-DAY SUPPLY),,CO-PAY IN $,100,30,50,10,100,1,5,low,low,RISK,1
0,0,1,1,Hourly,1155,No,Rents,1,10,8,20,1,MAIL ORDER (UP TO A 90-DAY SUPPLY),,CO-PAY IN $,100,30,50,10,100,1,5,low,low,RISK,1
1,0,1,0,Bonus,1856,Yes,Rents,7,0,4,20,1,MAIL ORDER (UP TO A 90-DAY SUPPLY),,CO-PAY IN $,10,100,30,50,100,1,5,low,low,RISK,1
1,1,0,0,Salaried,3352,Yes,Rents,1,9,1,20,1,MAIL ORDER (UP TO A 90-DAY SUPPLY),,CO-PAY IN $,30,100,50,10,100,1,5,low,low,RISK,1
1,0,0,0,Hourly,3735,Yes,Owns,8,4,5,20,1,MAIL ORDER (UP TO A 90-DAY SUPPLY),,CO-PAY IN $,50,30,10,100,100,1,5,low,low,RISK,1
1,0,0,1,Salaried,1125,Yes,Rents,1,1,2,20,1,MAIL ORDER (UP TO A 90-DAY SUPPLY),,CO-PAY IN $,30,100,50,10,100,1,5,low,low,RISK,1
1,0,1,0,Bonus,4695,No,Owns,0,6,5,20,1,MAIL ORDER (UP TO A 90-DAY SUPPLY),,CO-PAY IN $,50,30,100,10,100,1,5,low,low,RISK,1
0,0,0,1,Salaried,1210,No,Rents,9,1,13,20,1,MAIL ORDER (UP TO A 90-DAY SUPPLY),,CO-PAY IN $,50,100,30,10,100,1,5,low,low,RISK,1
1,1,1,0,Bonus,3149,No,Owns,1,3,4,20,1,MAIL ORDER (UP TO A 90-DAY SUPPLY),,CO-PAY IN $,10,100,30,50,100,1,5,low,low,RISK,1
1,0,0,0,Bonus,3757,No,Rents,1,2,0,20,1,MAIL ORDER (UP TO A 90-DAY SUPPLY),,CO-PAY IN $,10,50,100,30,100,1,5,low,low,RISK,1
1,0,1,1,Salaried,4038,Yes,Rents,5,5,12,20,1,MAIL ORDER (UP TO A 90-DAY SUPPLY),,CO-PAY IN $,50,30,100,10,100,1,5,low,low,RISK,1
0,0,0,1,Bonus,381,No,Owns,2,6,13,20,1,MAIL ORDER (UP TO A 90-DAY SUPPLY),,CO-PAY IN $,50,30,10,100,100,1,5,low,low,RISK,1
0,0,0,0,Hourly,2879,Yes,Rents,9,4,5,20,1,MAIL ORDER (UP TO A 90-DAY SUPPLY),,CO-PAY IN $,30,50,100,10,100,1,5,low,low,RISK,1
0,1,0,0,Hourly,2246,No,Owns,9,4,8,20,1,MAIL ORDER (UP TO A 90-DAY SUPPLY),,CO-PAY IN $,30,10,50,100,100,1,5,low,low,RISK,1
0,1,0,0,Hourly,3337,No,Rents,1,9,4,20,1,MAIL ORDER (UP TO A 90-DAY SUPPLY),,CO-PAY IN $,30,100,10,50,100,1,5,low,low,RISK,1
1,0,0,0,Hourly,874,No,Owns,9,7,9,20,1,MAIL ORDER (UP TO A 90-DAY SUPPLY),,CO-PAY IN $,10,100,50,30,100,1,5,low,low,RISK,1
0,1,0,0,Hourly,4470,Yes,Owns,0,5,23,20,1,MAIL ORDER (UP TO A 90-DAY SUPPLY),,CO-PAY IN $,100,30,50,10,100,1,5,low,low,RISK,1
1,0,1,0,Hourly,3252,Yes,Owns,4,1,9,20,1,MAIL ORDER (UP TO A 90-DAY SUPPLY),,CO-PAY IN $,50,10,100,30,100,1,5,low,low,RISK,1
0,1,0,0,Hourly,176,Yes,Rents,3,8,6,20,1,MAIL ORDER (UP TO A 90-DAY SUPPLY),,CO-PAY IN $,100,30,10,50,100,1,5,low,low,RISK,1
0,0,1,0,Hourly,3681,Yes,Owns,1,2,1,20,1,MAIL ORDER (UP TO A 90-DAY SUPPLY),,CO-PAY IN $,30,50,10,100,100,1,5,low,low,RISK,1
0,1,1,1,Hourly,1019,Yes,Owns,8,10,2,20,1,MAIL ORDER (UP TO A 90-DAY SUPPLY),,CO-PAY IN $,10,30,50,100,100,1,5,low,low,RISK,1
0,1,1,0,Bonus,4493,Yes,Owns,10,4,3,20,1,MAIL ORDER (UP TO A 90-DAY SUPPLY),,CO-PAY IN $,100,10,30,50,100,1,5,low,low,RISK,1
0,1,1,0,Salaried,1012,Yes,Owns,8,2,25,20,1,MAIL ORDER (UP TO A 90-DAY SUPPLY),,CO-PAY IN $,30,100,50,10,100,1,5,low,low,RISK,1
0,0,0,0,Bonus,1248,Yes,Rents,1,10,10,20,1,MAIL ORDER (UP TO A 90-DAY SUPPLY),,CO-PAY IN $,100,50,30,10,100,1,5,low,low,RISK,1
0,0,0,0,Salaried,1214,No,Owns,1,7,6,20,1,MAIL ORDER (UP TO A 90-DAY SUPPLY),,CO-PAY IN $,10,30,100,50,100,1,5,low,low,RISK,1
1,0,0,0,Salaried,2852,Yes,Rents,1,5,5,20,1,MAIL ORDER (UP TO A 90-DAY SUPPLY),,CO-PAY IN $,10,30,100,50,100,1,5,low,low,RISK,1
0,0,0,0,Bonus,1440,Yes,Owns,4,10,8,20,1,MAIL ORDER (UP TO A 90-DAY SUPPLY),,CO-PAY IN $,30,100,50,10,100,1,5,low,low,RISK,1
1,0,1,0,Bonus,2951,No,Owns,4,0,4,20,1,MAIL ORDER (UP TO A 90-DAY SUPPLY),,CO-PAY IN $,100,50,10,30,100,1,5,low,low,RISK,1
2,1,0,2,Salaried,4377,No,Rents,10,19,27,20,2,MAIL ORDER (UP TO A 90-DAY SUPPLY),,CO-PAY IN $,10,50,100,30,100,1,10,low,low,RISK,1
0,1,1,0,Salaried,1919,No,Owns,10,15,31,20,2,MAIL ORDER (UP TO A 90-DAY SUPPLY),,CO-PAY IN $,50,30,10,100,100,1,10,low,low,RISK,1
1,1,0,0,Salaried,4671,Yes,Rents,15,12,28,20,2,MAIL ORDER (UP TO A 90-DAY SUPPLY),,CO-PAY IN $,50,10,100,30,100,1,10,low,low,RISK,1
2,1,0,0,Bonus,1139,No,Owns,13,16,31,20,2,MAIL ORDER (UP TO A 90-DAY SUPPLY),,CO-PAY IN $,30,50,10,100,100,1,10,low,low,RISK,1
1,1,2,1,Bonus,3085,No,Rents,9,12,39,20,2,MAIL ORDER (UP TO A 90-DAY SUPPLY),,CO-PAY IN $,50,100,10,30,100,1,10,low,low,RISK,1
0,1,2,0,Salaried,912,Yes,Rents,16,14,30,20,2,MAIL ORDER (UP TO A 90-DAY SUPPLY),,CO-PAY IN $,100,10,50,30,100,1,10,low,low,RISK,1
1,0,2,1,Hourly,3561,Yes,Owns,12,13,26,20,2,MAIL ORDER (UP TO A 90-DAY SUPPLY),,CO-PAY IN $,100,10,50,30,100,1,10,low,low,RISK,1
1,2,0,0,Hourly,4350,No,Rents,7,16,37,20,2,MAIL ORDER (UP TO A 90-DAY SUPPLY),,CO-PAY IN $,30,50,10,100,100,1,10,low,low,RISK,1
2,2,1,2,Salaried,3664,No,Owns,7,16,39,20,2,MAIL ORDER (UP TO A 90-DAY SUPPLY),,CO-PAY IN $,30,50,10,100,100,1,10,low,low,RISK,1
0,0,0,1,Bonus,1972,Yes,Owns,17,14,30,20,2,MAIL ORDER (UP TO A 90-DAY SUPPLY),,CO-PAY IN $,10,50,100,30,100,1,10,low,low,RISK,1
1,0,2,2,Salaried,1235,Yes,Rents,14,14,34,20,2,MAIL ORDER (UP TO A 90-DAY SUPPLY),,CO-PAY IN $,100,10,30,50,100,1,10,low,low,RISK,1
0,2,0,1,Bonus,2294,Yes,Owns,10,19,30,20,2,MAIL ORDER (UP TO A 90-DAY SUPPLY),,CO-PAY IN $,50,100,30,10,100,1,10,low,low,RISK,1
0,1,2,0,Salaried,4592,Yes,Rents,16,17,35,20,2,MAIL ORDER (UP TO A 90-DAY SUPPLY),,CO-PAY IN $,100,50,30,10,100,1,10,low,low,RISK,1
0,0,1,1,Hourly,2183,Yes,Owns,6,15,48,20,2,MAIL ORDER (UP TO A 90-DAY SUPPLY),,CO-PAY IN $,30,50,100,10,100,1,10,low,low,RISK,1
1,1,2,1,Salaried,1622,Yes,Rents,8,12,35,20,2,MAIL ORDER (UP TO A 90-DAY SUPPLY),,CO-PAY IN $,100,50,10,30,100,1,10,low,low,RISK,1
1,2,1,2,Salaried,4259,Yes,Rents,6,18,32,20,2,MAIL ORDER (UP TO A 90-DAY SUPPLY),,CO-PAY IN $,50,10,100,30,100,1,10,low,low,RISK,1
2,1,1,2,Salaried,4138,No,Owns,17,13,27,20,2,MAIL ORDER (UP TO A 90-DAY SUPPLY),,CO-PAY IN $,30,10,50,100,100,1,10,low,low,RISK,1
2,0,1,2,Bonus,2742,No,Owns,17,20,28,20,2,MAIL ORDER (UP TO A 90-DAY SUPPLY),,CO-PAY IN $,30,50,10,100,100,1,10,low,low,RISK,1
1,1,0,2,Bonus,4027,Yes,Rents,8,14,29,20,2,MAIL ORDER (UP TO A 90-DAY SUPPLY),,CO-PAY IN $,50,10,100,30,100,1,10,low,low,RISK,1
1,1,0,0,Bonus,3643,No,Rents,16,13,50,20,2,MAIL ORDER (UP TO A 90-DAY SUPPLY),,CO-PAY IN $,30,50,100,10,100,1,10,low,low,RISK,1
1,0,2,0,Salaried,1855,No,Rents,17,20,35,20,2,MAIL ORDER (UP TO A 90-DAY SUPPLY),,CO-PAY IN $,50,10,100,30,100,1,10,low,low,RISK,1
1,2,0,1,Bonus,4199,No,Owns,14,17,32,20,2,MAIL ORDER (UP TO A 90-DAY SUPPLY),,CO-PAY IN $,10,30,100,50,100,1,10,low,low,RISK,1
0,2,1,0,Salaried,358,No,Rents,12,16,31,20,2,MAIL ORDER (UP TO A 90-DAY SUPPLY),,CO-PAY IN $,10,100,50,30,100,1,10,low,low,RISK,1
1,1,1,1,Salaried,2175,No,Owns,16,20,34,20,2,MAIL ORDER (UP TO A 90-DAY SUPPLY),,CO-PAY IN $,100,30,10,50,100,1,10,low,low,RISK,1
1,1,0,0,Bonus,2804,No,Owns,11,11,30,20,2,MAIL ORDER (UP TO A 90-DAY SUPPLY),,CO-PAY IN $,100,10,30,50,100,1,10,low,low,RISK,1
2,1,2,1,Bonus,2793,Yes,Owns,17,19,27,20,2,MAIL ORDER (UP TO A 90-DAY SUPPLY),,CO-PAY IN $,30,10,50,100,100,1,10,low,low,RISK,1
2,0,2,0,Salaried,1366,No,Owns,14,15,31,20,2,MAIL ORDER (UP TO A 90-DAY SUPPLY),,CO-PAY IN $,50,10,30,100,100,1,10,low,low,RISK,1
0,1,1,2,Salaried,3990,No,Rents,13,12,28,20,2,MAIL ORDER (UP TO A 90-DAY SUPPLY),,CO-PAY IN $,10,100,50,30,100,1,10,low,low,RISK,1
0,1,1,0,Salaried,1625,No,Owns,16,16,31,20,2,MAIL ORDER (UP TO A 90-DAY SUPPLY),,CO-PAY IN $,30,100,10,50,100,1,10,low,low,RISK,1
1,2,0,0,Hourly,1178,No,Owns,5,12,39,20,2,MAIL ORDER (UP TO A 90-DAY SUPPLY),,CO-PAY IN $,10,50,100,30,100,1,10,low,low,RISK,1
1,1,0,0,Hourly,2665,No,Rents,8,14,30,20,2,MAIL ORDER (UP TO A 90-DAY SUPPLY),,CO-PAY IN $,100,10,50,30,100,1,10,low,low,RISK,1
1,1,2,0,Hourly,4144,No,Owns,9,13,26,20,2,MAIL ORDER (UP TO A 90-DAY SUPPLY),,CO-PAY IN $,10,30,100,50,100,1,10,low,low,RISK,1
1,1,2,0,Hourly,2547,Yes,Owns,14,16,37,20,2,MAIL ORDER (UP TO A 90-DAY SUPPLY),,CO-PAY IN $,50,30,100,10,100,1,10,low,low,RISK,1
1,1,1,0,Hourly,152,Yes,Owns,15,16,39,20,2,MAIL ORDER (UP TO A 90-DAY SUPPLY),,CO-PAY IN $,100,50,30,10,100,1,10,low,low,RISK,1
0,0,0,0,Bonus,2909,Yes,Rents,9,14,30,20,2,MAIL ORDER (UP TO A 90-DAY SUPPLY),,CO-PAY IN $,30,50,100,10,100,1,10,low,low,RISK,1
2,2,1,1,Bonus,2404,Yes,Owns,11,14,34,20,2,MAIL ORDER (UP TO A 90-DAY SUPPLY),,CO-PAY IN $,30,10,100,50,100,1,10,low,low,RISK,1
2,0,1,2,Bonus,144,Yes,Owns,10,19,30,20,2,MAIL ORDER (UP TO A 90-DAY SUPPLY),,CO-PAY IN $,100,30,50,10,100,1,10,low,low,RISK,1
2,0,1,0,Hourly,2250,No,Owns,11,17,35,20,2,MAIL ORDER (UP TO A 90-DAY SUPPLY),,CO-PAY IN $,100,30,10,50,100,1,10,low,low,RISK,1
2,0,0,0,Hourly,4826,No,Owns,10,15,48,20,2,MAIL ORDER (UP TO A 90-DAY SUPPLY),,CO-PAY IN $,30,50,100,10,100,1,10,low,low,RISK,1
1,1,0,0,Salaried,792,No,Owns,12,12,35,20,2,MAIL ORDER (UP TO A 90-DAY SUPPLY),,CO-PAY IN $,50,100,30,10,100,1,10,low,low,RISK,1
0,2,0,1,Hourly,3429,No,Rents,15,18,32,20,2,MAIL ORDER (UP TO A 90-DAY SUPPLY),,CO-PAY IN $,100,10,50,30,100,1,10,low,low,RISK,1
0,2,0,1,Hourly,1596,Yes,Owns,11,13,27,20,2,MAIL ORDER (UP TO A 90-DAY SUPPLY),,CO-PAY IN $,10,100,30,50,100,1,10,low,low,RISK,1
1,1,2,0,Salaried,83,Yes,Owns,7,20,28,20,2,MAIL ORDER (UP TO A 90-DAY SUPPLY),,CO-PAY IN $,50,100,10,30,100,1,10,low,low,RISK,1
1,2,0,2,Salaried,3601,No,Owns,6,14,29,20,2,MAIL ORDER (UP TO A 90-DAY SUPPLY),,CO-PAY IN $,10,30,50,100,100,1,10,low,low,RISK,1
1,1,0,1,Bonus,861,No,Owns,15,13,50,20,2,MAIL ORDER (UP TO A 90-DAY SUPPLY),,CO-PAY IN $,50,30,100,10,100,1,10,low,low,RISK,1
0,2,2,2,Salaried,2240,Yes,Rents,15,20,35,20,2,MAIL ORDER (UP TO A 90-DAY SUPPLY),,CO-PAY IN $,10,30,50,100,100,1,10,low,low,RISK,1
1,0,0,0,Hourly,2384,No,Rents,6,17,32,20,2,MAIL ORDER (UP TO A 90-DAY SUPPLY),,CO-PAY IN $,50,100,30,10,100,1,10,low,low,RISK,1
0,0,0,0,Bonus,2363,Yes,Rents,12,16,31,20,2,MAIL ORDER (UP TO A 90-DAY SUPPLY),,CO-PAY IN $,50,30,10,100,100,1,10,low,low,RISK,1
1,1,2,0,Salaried,4539,No,Owns,10,20,34,20,2,MAIL ORDER (UP TO A 90-DAY SUPPLY),,CO-PAY IN $,10,50,30,100,100,1,10,low,low,RISK,1
1,1,0,0,Bonus,489,No,Rents,9,11,30,20,2,MAIL ORDER (UP TO A 90-DAY SUPPLY),,CO-PAY IN $,100,50,30,10,100,1,10,low,low,RISK,1
1,2,0,2,Bonus,4623,Yes,Owns,7,19,27,20,2,MAIL ORDER (UP TO A 90-DAY SUPPLY),,CO-PAY IN $,100,30,50,10,100,1,10,low,low,RISK,1
1,0,0,0,Salaried,153,Yes,Owns,5,15,31,20,2,MAIL ORDER (UP TO A 90-DAY SUPPLY),,CO-PAY IN $,10,100,30,50,100,1,10,low,low,RISK,1
0,2,2,1,Salaried,3954,No,Owns,6,12,28,20,2,MAIL ORDER (UP TO A 90-DAY SUPPLY),,CO-PAY IN $,10,50,30,100,100,1,10,low,low,RISK,1
0,1,0,0,Salaried,4742,No,Rents,5,16,31,20,2,MAIL ORDER (UP TO A 90-DAY SUPPLY),,CO-PAY IN $,50,100,30,10,100,1,10,low,low,RISK,1
0,0,1,1,Bonus,3409,Yes,Rents,13,14,30,20,2,MAIL ORDER (UP TO A 90-DAY SUPPLY),,CO-PAY IN $,50,100,10,30,100,1,10,low,low,RISK,1
0,0,2,1,Bonus,3179,No,Rents,8,13,26,20,2,MAIL ORDER (UP TO A 90-DAY SUPPLY),,CO-PAY IN $,30,50,100,10,100,1,10,low,low,RISK,1
0,0,0,1,Bonus,4271,No,Rents,9,16,37,20,2,MAIL ORDER (UP TO A 90-DAY SUPPLY),,CO-PAY IN $,30,100,10,50,100,1,10,low,low,RISK,1
0,0,0,0,Hourly,4605,Yes,Rents,10,16,39,20,2,MAIL ORDER (UP TO A 90-DAY SUPPLY),,CO-PAY IN $,30,50,100,10,100,1,10,low,low,RISK,1
0,2,2,2,Salaried,3042,Yes,Rents,6,14,30,20,2,MAIL ORDER (UP TO A 90-DAY SUPPLY),,CO-PAY IN $,50,100,30,10,100,1,10,low,low,RISK,1
0,2,2,0,Hourly,170,No,Rents,16,14,34,20,2,MAIL ORDER (UP TO A 90-DAY SUPPLY),,CO-PAY IN $,50,10,30,100,100,1,10,low,low,RISK,1
0,1,0,2,Salaried,2062,No,Rents,7,19,30,20,2,MAIL ORDER (UP TO A 90-DAY SUPPLY),,CO-PAY IN $,100,30,10,50,100,1,10,low,low,RISK,1
1,1,2,2,Bonus,1962,No,Rents,5,17,35,20,2,MAIL ORDER (UP TO A 90-DAY SUPPLY),,CO-PAY IN $,30,100,50,10,100,1,10,low,low,RISK,1
0,0,0,0,Bonus,1006,No,Owns,11,15,48,20,2,MAIL ORDER (UP TO A 90-DAY SUPPLY),,CO-PAY IN $,10,30,100,50,100,1,10,low,low,RISK,1
0,2,1,2,Salaried,4555,No,Rents,8,12,35,20,2,MAIL ORDER (UP TO A 90-DAY SUPPLY),,CO-PAY IN $,10,50,100,30,100,1,10,low,low,RISK,1
2,1,1,0,Bonus,458,No,Rents,10,18,32,20,2,MAIL ORDER (UP TO A 90-DAY SUPPLY),,CO-PAY IN $,30,10,50,100,100,1,10,low,low,RISK,1
2,0,2,1,Hourly,1593,No,Owns,5,13,27,20,2,MAIL ORDER (UP TO A 90-DAY SUPPLY),,CO-PAY IN $,10,50,30,100,100,1,10,low,low,RISK,1
0,2,0,1,Hourly,4519,Yes,Owns,11,20,28,20,2,MAIL ORDER (UP TO A 90-DAY SUPPLY),,CO-PAY IN $,50,10,100,30,100,1,10,low,low,RISK,1
0,1,0,0,Bonus,2639,No,Rents,5,14,29,20,2,MAIL ORDER (UP TO A 90-DAY SUPPLY),,CO-PAY IN $,30,50,100,10,100,1,10,low,low,RISK,1
0,0,2,1,Hourly,2563,Yes,Rents,15,13,50,20,2,MAIL ORDER (UP TO A 90-DAY SUPPLY),,CO-PAY IN $,100,50,10,30,100,1,10,low,low,RISK,1
0,1,2,1,Bonus,2810,Yes,Owns,15,20,35,20,2,MAIL ORDER (UP TO A 90-DAY SUPPLY),,CO-PAY IN $,30,10,50,100,100,1,10,low,low,RISK,1
1,1,0,1,Hourly,2954,Yes,Owns,18,17,32,20,2,MAIL ORDER (UP TO A 90-DAY SUPPLY),,CO-PAY IN $,100,50,30,10,100,1,10,low,low,RISK,1
1,0,2,0,Hourly,2299,Yes,Owns,13,16,31,20,2,MAIL ORDER (UP TO A 90-DAY SUPPLY),,CO-PAY IN $,10,50,100,30,100,1,10,low,low,RISK,1
0,0,1,2,Hourly,1155,No,Rents,6,20,34,20,2,MAIL ORDER (UP TO A 90-DAY SUPPLY),,CO-PAY IN $,100,10,50,30,100,1,10,low,low,RISK,1
1,0,2,0,Bonus,1856,Yes,Rents,14,11,30,20,2,MAIL ORDER (UP TO A 90-DAY SUPPLY),,CO-PAY IN $,100,10,50,30,100,1,10,low,low,RISK,1
2,1,1,0,Salaried,3352,Yes,Rents,6,19,27,20,2,MAIL ORDER (UP TO A 90-DAY SUPPLY),,CO-PAY IN $,30,50,100,10,100,1,10,low,low,RISK,1
2,0,0,1,Hourly,3735,Yes,Owns,15,15,31,20,2,MAIL ORDER (UP TO A 90-DAY SUPPLY),,CO-PAY IN $,100,10,50,30,100,1,10,low,low,RISK,1
2,1,0,2,Salaried,1125,Yes,Rents,6,12,28,20,2,MAIL ORDER (UP TO A 90-DAY SUPPLY),,CO-PAY IN $,30,10,50,100,100,1,10,low,low,RISK,1
2,0,1,0,Bonus,4695,No,Owns,5,16,31,20,2,MAIL ORDER (UP TO A 90-DAY SUPPLY),,CO-PAY IN $,10,50,100,30,100,1,10,low,low,RISK,1
1,1,1,1,Salaried,1210,No,Rents,17,12,39,20,2,MAIL ORDER (UP TO A 90-DAY SUPPLY),,CO-PAY IN $,30,100,50,10,100,1,10,low,low,RISK,1
1,2,1,0,Bonus,3149,No,Owns,6,14,30,20,2,MAIL ORDER (UP TO A 90-DAY SUPPLY),,CO-PAY IN $,100,50,10,30,100,1,10,low,low,RISK,1
1,1,1,1,Bonus,3757,No,Rents,6,13,26,20,2,MAIL ORDER (UP TO A 90-DAY SUPPLY),,CO-PAY IN $,50,10,30,100,100,1,10,low,low,RISK,1
1,0,2,1,Salaried,4038,Yes,Rents,12,16,37,20,2,MAIL ORDER (UP TO A 90-DAY SUPPLY),,CO-PAY IN $,30,100,10,50,100,1,10,low,low,RISK,1
0,0,0,2,Bonus,381,No,Owns,8,16,39,20,2,MAIL ORDER (UP TO A 90-DAY SUPPLY),,CO-PAY IN $,10,50,100,30,100,1,10,low,low,RISK,1
0,0,1,1,Hourly,2879,Yes,Rents,16,14,30,20,2,MAIL ORDER (UP TO A 90-DAY SUPPLY),,CO-PAY IN $,10,100,50,30,100,1,10,low,low,RISK,1
1,2,0,0,Hourly,2246,No,Owns,17,14,34,20,2,MAIL ORDER (UP TO A 90-DAY SUPPLY),,CO-PAY IN $,30,100,50,10,100,1,10,low,low,RISK,1
0,2,1,0,Hourly,3337,No,Rents,7,19,30,20,2,MAIL ORDER (UP TO A 90-DAY SUPPLY),,CO-PAY IN $,100,50,10,30,100,1,10,low,low,RISK,1
1,1,1,1,Hourly,874,No,Owns,17,17,35,20,2,MAIL ORDER (UP TO A 90-DAY SUPPLY),,CO-PAY IN $,50,30,10,100,100,1,10,low,low,RISK,1
0,1,0,0,Hourly,4470,Yes,Owns,6,15,48,20,2,MAIL ORDER (UP TO A 90-DAY SUPPLY),,CO-PAY IN $,10,30,50,100,100,1,10,low,low,RISK,1
2,0,1,1,Hourly,3252,Yes,Owns,10,12,35,20,2,MAIL ORDER (UP TO A 90-DAY SUPPLY),,CO-PAY IN $,50,10,100,30,100,1,10,low,low,RISK,1
0,2,0,1,Hourly,176,Yes,Rents,9,18,32,20,2,MAIL ORDER (UP TO A 90-DAY SUPPLY),,CO-PAY IN $,30,50,100,10,100,1,10,low,low,RISK,1
1,0,2,0,Hourly,3681,Yes,Owns,6,13,27,20,2,MAIL ORDER (UP TO A 90-DAY SUPPLY),,CO-PAY IN $,100,50,30,10,100,1,10,low,low,RISK,1
1,2,1,2,Hourly,1019,Yes,Owns,15,20,28,20,2,MAIL ORDER (UP TO A 90-DAY SUPPLY),,CO-PAY IN $,30,100,50,10,100,1,10,low,low,RISK,1
1,2,1,1,Bonus,4493,Yes,Owns,18,14,29,20,2,MAIL ORDER (UP TO A 90-DAY SUPPLY),,CO-PAY IN $,100,10,50,30,100,1,10,low,low,RISK,1
1,2,2,0,Salaried,1012,Yes,Owns,15,13,50,20,2,MAIL ORDER (UP TO A 90-DAY SUPPLY),,CO-PAY IN $,10,50,100,30,100,1,10,low,low,RISK,1
0,0,1,1,Bonus,1248,Yes,Rents,7,20,35,20,2,MAIL ORDER (UP TO A 90-DAY SUPPLY),,CO-PAY IN $,50,10,30,100,100,1,10,low,low,RISK,1
0,0,1,0,Salaried,1214,No,Owns,6,17,32,20,2,MAIL ORDER (UP TO A 90-DAY SUPPLY),,CO-PAY IN $,100,10,30,50,100,1,10,low,low,RISK,1
1,0,1,0,Salaried,2852,Yes,Rents,6,16,31,20,2,MAIL ORDER (UP TO A 90-DAY SUPPLY),,CO-PAY IN $,10,30,50,100,100,1,10,low,low,RISK,1
1,0,0,0,Bonus,1440,Yes,Owns,10,20,34,20,2,MAIL ORDER (UP TO A 90-DAY SUPPLY),,CO-PAY IN $,10,100,50,30,100,1,10,low,low,RISK,1
1,0,1,0,Bonus,2951,No,Owns,11,11,30,20,2,MAIL ORDER (UP TO A 90-DAY SUPPLY),,CO-PAY IN $,30,100,10,50,100,1,10,low,low,RISK,1
3,2,1,3,Salaried,4377,No,Rents,24,48,52,20,3,MAIL ORDER (UP TO A 90-DAY SUPPLY),,CO-PAY IN $,30,50,100,10,50,2,20,low,low,RISK,1
1,1,2,1,Salaried,1919,No,Owns,25,33,56,20,3,MAIL ORDER (UP TO A 90-DAY SUPPLY),,CO-PAY IN $,30,10,50,100,50,2,20,low,low,RISK,1
2,2,1,1,Salaried,4671,Yes,Rents,33,23,53,20,3,MAIL ORDER (UP TO A 90-DAY SUPPLY),,CO-PAY IN $,10,100,30,50,50,2,20,low,low,RISK,1
3,2,1,1,Bonus,1139,No,Owns,29,38,56,20,3,MAIL ORDER (UP TO A 90-DAY SUPPLY),,CO-PAY IN $,50,100,30,10,50,2,20,low,low,RISK,1
1,2,3,2,Bonus,3085,No,Rents,23,24,64,20,3,MAIL ORDER (UP TO A 90-DAY SUPPLY),,CO-PAY IN $,10,50,100,30,50,2,20,low,low,RISK,1
1,2,3,1,Salaried,912,Yes,Rents,37,29,55,20,3,MAIL ORDER (UP TO A 90-DAY SUPPLY),,CO-PAY IN $,100,30,50,10,50,2,20,low,low,RISK,1
2,1,3,2,Hourly,3561,Yes,Owns,28,26,51,20,3,MAIL ORDER (UP TO A 90-DAY SUPPLY),,CO-PAY IN $,30,100,50,10,50,2,20,low,low,RISK,1
2,3,1,1,Hourly,4350,No,Rents,19,36,62,20,3,MAIL ORDER (UP TO A 90-DAY SUPPLY),,CO-PAY IN $,100,50,30,10,50,2,20,low,low,RISK,1
3,3,2,3,Salaried,3664,No,Owns,18,38,64,20,3,MAIL ORDER (UP TO A 90-DAY SUPPLY),,CO-PAY IN $,30,10,50,100,50,2,20,low,low,RISK,1
1,1,1,1,Bonus,1972,Yes,Owns,38,31,55,20,3,MAIL ORDER (UP TO A 90-DAY SUPPLY),,CO-PAY IN $,100,30,50,10,50,2,20,low,low,RISK,1
1,1,3,3,Salaried,1235,Yes,Rents,32,31,59,20,3,MAIL ORDER (UP TO A 90-DAY SUPPLY),,CO-PAY IN $,10,50,30,100,50,2,20,low,low,RISK,1
1,3,1,2,Bonus,2294,Yes,Owns,25,47,55,20,3,MAIL ORDER (UP TO A 90-DAY SUPPLY),,CO-PAY IN $,10,30,50,100,50,2,20,low,low,RISK,1
1,2,3,1,Salaried,4592,Yes,Rents,37,41,60,20,3,MAIL ORDER (UP TO A 90-DAY SUPPLY),,CO-PAY IN $,10,50,100,30,50,2,20,low,low,RISK,1
1,1,1,2,Hourly,2183,Yes,Owns,16,35,73,20,3,MAIL ORDER (UP TO A 90-DAY SUPPLY),,CO-PAY IN $,100,50,10,30,50,2,20,low,low,RISK,1
2,2,3,2,Salaried,1622,Yes,Rents,21,24,60,20,3,MAIL ORDER (UP TO A 90-DAY SUPPLY),,CO-PAY IN $,100,10,50,30,50,2,20,low,low,RISK,1
2,3,1,3,Salaried,4259,Yes,Rents,17,43,57,20,3,MAIL ORDER (UP TO A 90-DAY SUPPLY),,CO-PAY IN $,10,50,30,100,50,2,20,low,low,RISK,1
3,2,2,3,Salaried,4138,No,Owns,37,25,52,20,3,MAIL ORDER (UP TO A 90-DAY SUPPLY),,CO-PAY IN $,50,30,100,10,50,2,20,low,low,RISK,1
3,1,2,3,Bonus,2742,No,Owns,39,50,53,20,3,MAIL ORDER (UP TO A 90-DAY SUPPLY),,CO-PAY IN $,100,50,10,30,50,2,20,low,low,RISK,1
1,1,1,3,Bonus,4027,Yes,Rents,21,31,54,20,3,MAIL ORDER (UP TO A 90-DAY SUPPLY),,CO-PAY IN $,30,100,50,10,50,2,20,low,low,RISK,1
2,2,1,1,Bonus,3643,No,Rents,35,26,75,20,3,MAIL ORDER (UP TO A 90-DAY SUPPLY),,CO-PAY IN $,10,30,50,100,50,2,20,low,low,RISK,1
2,1,3,1,Salaried,1855,No,Rents,39,49,60,20,3,MAIL ORDER (UP TO A 90-DAY SUPPLY),,CO-PAY IN $,50,10,100,30,50,2,20,low,low,RISK,1
1,3,1,1,Bonus,4199,No,Owns,33,40,57,20,3,MAIL ORDER (UP TO A 90-DAY SUPPLY),,CO-PAY IN $,10,30,100,50,50,2,20,low,low,RISK,1
1,3,2,1,Salaried,358,No,Rents,28,36,56,20,3,MAIL ORDER (UP TO A 90-DAY SUPPLY),,CO-PAY IN $,50,100,30,10,50,2,20,low,low,RISK,1
2,2,2,1,Salaried,2175,No,Owns,35,49,59,20,3,MAIL ORDER (UP TO A 90-DAY SUPPLY),,CO-PAY IN $,50,100,10,30,50,2,20,low,low,RISK,1
2,2,1,1,Bonus,2804,No,Owns,26,20,55,20,3,MAIL ORDER (UP TO A 90-DAY SUPPLY),,CO-PAY IN $,50,10,30,100,50,2,20,low,low,RISK,1
3,3,3,2,Bonus,2793,Yes,Owns,39,48,52,20,3,MAIL ORDER (UP TO A 90-DAY SUPPLY),,CO-PAY IN $,50,10,100,30,50,2,20,low,low,RISK,1
3,1,3,1,Salaried,1366,No,Owns,32,33,56,20,3,MAIL ORDER (UP TO A 90-DAY SUPPLY),,CO-PAY IN $,30,50,10,100,50,2,20,low,low,RISK,1
1,2,2,3,Salaried,3990,No,Rents,30,23,53,20,3,MAIL ORDER (UP TO A 90-DAY SUPPLY),,CO-PAY IN $,50,100,30,10,50,2,20,low,low,RISK,1
1,2,2,1,Salaried,1625,No,Owns,36,38,56,20,3,MAIL ORDER (UP TO A 90-DAY SUPPLY),,CO-PAY IN $,50,100,30,10,50,2,20,low,low,RISK,1
2,3,1,1,Hourly,1178,No,Owns,15,24,64,20,3,MAIL ORDER (UP TO A 90-DAY SUPPLY),,CO-PAY IN $,50,10,100,30,50,2,20,low,low,RISK,1
2,1,1,1,Hourly,2665,No,Rents,20,29,55,20,3,MAIL ORDER (UP TO A 90-DAY SUPPLY),,CO-PAY IN $,10,50,100,30,50,2,20,low,low,RISK,1
2,3,3,1,Hourly,4144,No,Owns,23,26,51,20,3,MAIL ORDER (UP TO A 90-DAY SUPPLY),,CO-PAY IN $,30,10,100,50,50,2,20,low,low,RISK,1
2,2,3,1,Hourly,2547,Yes,Owns,32,36,62,20,3,MAIL ORDER (UP TO A 90-DAY SUPPLY),,CO-PAY IN $,100,50,30,10,50,2,20,low,low,RISK,1
2,1,2,1,Hourly,152,Yes,Owns,34,38,64,20,3,MAIL ORDER (UP TO A 90-DAY SUPPLY),,CO-PAY IN $,10,100,30,50,50,2,20,low,low,RISK,1
1,1,1,1,Bonus,2909,Yes,Rents,23,31,55,20,3,MAIL ORDER (UP TO A 90-DAY SUPPLY),,CO-PAY IN $,10,30,50,100,50,2,20,low,low,RISK,1
3,3,2,2,Bonus,2404,Yes,Owns,27,31,59,20,3,MAIL ORDER (UP TO A 90-DAY SUPPLY),,CO-PAY IN $,100,10,30,50,50,2,20,low,low,RISK,1
3,1,2,3,Bonus,144,Yes,Owns,24,47,55,20,3,MAIL ORDER (UP TO A 90-DAY SUPPLY),,CO-PAY IN $,10,30,50,100,50,2,20,low,low,RISK,1
3,1,2,1,Hourly,2250,No,Owns,26,41,60,20,3,MAIL ORDER (UP TO A 90-DAY SUPPLY),,CO-PAY IN $,10,100,50,30,50,2,20,low,low,RISK,1
3,1,1,1,Hourly,4826,No,Owns,25,35,73,20,3,MAIL ORDER (UP TO A 90-DAY SUPPLY),,CO-PAY IN $,30,100,10,50,50,2,20,low,low,RISK,1
2,2,1,1,Salaried,792,No,Owns,28,24,60,20,3,MAIL ORDER (UP TO A 90-DAY SUPPLY),,CO-PAY IN $,10,100,50,30,50,2,20,low,low,RISK,1
1,3,1,2,Hourly,3429,No,Rents,34,43,57,20,3,MAIL ORDER (UP TO A 90-DAY SUPPLY),,CO-PAY IN $,30,100,10,50,50,2,20,low,low,RISK,1
1,3,1,2,Hourly,1596,Yes,Owns,27,25,52,20,3,MAIL ORDER (UP TO A 90-DAY SUPPLY),,CO-PAY IN $,30,50,10,100,50,2,20,low,low,RISK,1
2,3,3,1,Salaried,83,Yes,Owns,19,50,53,20,3,MAIL ORDER (UP TO A 90-DAY SUPPLY),,CO-PAY IN $,100,50,30,10,50,2,20,low,low,RISK,1
2,3,1,3,Salaried,3601,No,Owns,17,31,54,20,3,MAIL ORDER (UP TO A 90-DAY SUPPLY),,CO-PAY IN $,100,50,30,10,50,2,20,low,low,RISK,1
2,2,1,2,Bonus,861,No,Owns,34,26,75,20,3,MAIL ORDER (UP TO A 90-DAY SUPPLY),,CO-PAY IN $,30,100,10,50,50,2,20,low,low,RISK,1
1,3,3,3,Salaried,2240,Yes,Rents,35,49,60,20,3,MAIL ORDER (UP TO A 90-DAY SUPPLY),,CO-PAY IN $,30,100,50,10,50,2,20,low,low,RISK,1
1,1,1,1,Hourly,2384,No,Rents,17,40,57,20,3,MAIL ORDER (UP TO A 90-DAY SUPPLY),,CO-PAY IN $,50,10,30,100,50,2,20,low,low,RISK,1
1,1,1,1,Bonus,2363,Yes,Rents,29,36,56,20,3,MAIL ORDER (UP TO A 90-DAY SUPPLY),,CO-PAY IN $,30,50,10,100,50,2,20,low,low,RISK,1
2,1,3,1,Salaried,4539,No,Owns,24,49,59,20,3,MAIL ORDER (UP TO A 90-DAY SUPPLY),,CO-PAY IN $,10,30,100,50,50,2,20,low,low,RISK,1
2,1,1,1,Bonus,489,No,Rents,23,20,55,20,3,MAIL ORDER (UP TO A 90-DAY SUPPLY),,CO-PAY IN $,30,100,10,50,50,2,20,low,low,RISK,1
2,3,1,3,Bonus,4623,Yes,Owns,19,48,52,20,3,MAIL ORDER (UP TO A 90-DAY SUPPLY),,CO-PAY IN $,100,10,30,50,50,2,20,low,low,RISK,1
2,1,1,1,Salaried,153,Yes,Owns,15,33,56,20,3,MAIL ORDER (UP TO A 90-DAY SUPPLY),,CO-PAY IN $,100,30,10,50,50,2,20,low,low,RISK,1
1,3,3,2,Salaried,3954,No,Owns,17,23,53,20,3,MAIL ORDER (UP TO A 90-DAY SUPPLY),,CO-PAY IN $,50,30,10,100,50,2,20,low,low,RISK,1
1,2,1,1,Salaried,4742,No,Rents,15,38,56,20,3,MAIL ORDER (UP TO A 90-DAY SUPPLY),,CO-PAY IN $,100,30,10,50,50,2,20,low,low,RISK,1
1,1,1,2,Hourly,3289,No,Rents,35,24,64,20,3,MAIL ORDER (UP TO A 90-DAY SUPPLY),,CO-PAY IN $,30,50,10,100,50,2,20,low,low,RISK,1
1,1,2,2,Bonus,3409,Yes,Rents,30,29,55,20,3,MAIL ORDER (UP TO A 90-DAY SUPPLY),,CO-PAY IN $,100,10,50,30,50,2,20,low,low,RISK,1
1,1,3,2,Bonus,3179,No,Rents,21,26,51,20,3,MAIL ORDER (UP TO A 90-DAY SUPPLY),,CO-PAY IN $,100,10,50,30,50,2,20,low,low,RISK,1
1,1,1,2,Bonus,4271,No,Rents,22,36,62,20,3,MAIL ORDER (UP TO A 90-DAY SUPPLY),,CO-PAY IN $,30,50,10,100,50,2,20,low,low,RISK,1
1,1,1,1,Hourly,4605,Yes,Rents,24,38,64,20,3,MAIL ORDER (UP TO A 90-DAY SUPPLY),,CO-PAY IN $,30,10,50,100,50,2,20,low,low,RISK,1
1,3,3,3,Salaried,3042,Yes,Rents,16,31,55,20,3,MAIL ORDER (UP TO A 90-DAY SUPPLY),,CO-PAY IN $,50,100,10,30,50,2,20,low,low,RISK,1
1,3,3,1,Hourly,170,No,Rents,37,31,59,20,3,MAIL ORDER (UP TO A 90-DAY SUPPLY),,CO-PAY IN $,100,30,10,50,50,2,20,low,low,RISK,1
1,1,1,3,Salaried,2062,No,Rents,20,47,55,20,3,MAIL ORDER (UP TO A 90-DAY SUPPLY),,CO-PAY IN $,30,50,100,10,50,2,20,low,low,RISK,1
2,2,3,3,Bonus,1962,No,Rents,15,41,60,20,3,MAIL ORDER (UP TO A 90-DAY SUPPLY),,CO-PAY IN $,50,30,100,10,50,2,20,low,low,RISK,1
1,1,1,1,Bonus,1006,No,Owns,27,35,73,20,3,MAIL ORDER (UP TO A 90-DAY SUPPLY),,CO-PAY IN $,50,100,10,30,50,2,20,low,low,RISK,1
1,3,2,3,Salaried,4555,No,Rents,20,24,60,20,3,MAIL ORDER (UP TO A 90-DAY SUPPLY),,CO-PAY IN $,100,30,50,10,50,2,20,low,low,RISK,1
3,1,2,1,Bonus,458,No,Rents,25,43,57,20,3,MAIL ORDER (UP TO A 90-DAY SUPPLY),,CO-PAY IN $,50,30,10,100,50,2,20,low,low,RISK,1
3,1,3,1,Hourly,1593,No,Owns,16,25,52,20,3,MAIL ORDER (UP TO A 90-DAY SUPPLY),,CO-PAY IN $,30,100,50,10,50,2,20,low,low,RISK,1
1,3,1,2,Hourly,4519,Yes,Owns,26,50,53,20,3,MAIL ORDER (UP TO A 90-DAY SUPPLY),,CO-PAY IN $,100,30,10,50,50,2,20,low,low,RISK,1
1,2,1,1,Bonus,2639,No,Rents,16,31,54,20,3,MAIL ORDER (UP TO A 90-DAY SUPPLY),,CO-PAY IN $,100,50,10,30,50,2,20,low,low,RISK,1
1,1,3,1,Hourly,2563,Yes,Rents,35,26,75,20,3,MAIL ORDER (UP TO A 90-DAY SUPPLY),,CO-PAY IN $,10,50,100,30,50,2,20,low,low,RISK,1
1,2,3,2,Bonus,2810,Yes,Owns,35,49,60,20,3,MAIL ORDER (UP TO A 90-DAY SUPPLY),,CO-PAY IN $,30,100,50,10,50,2,20,low,low,RISK,1
2,2,1,2,Hourly,2954,Yes,Owns,39,40,57,20,3,MAIL ORDER (UP TO A 90-DAY SUPPLY),,CO-PAY IN $,100,50,10,30,50,2,20,low,low,RISK,1
2,1,3,1,Hourly,2299,Yes,Owns,31,36,56,20,3,MAIL ORDER (UP TO A 90-DAY SUPPLY),,CO-PAY IN $,50,10,30,100,50,2,20,low,low,RISK,1
1,1,2,3,Hourly,1155,No,Rents,16,49,59,20,3,MAIL ORDER (UP TO A 90-DAY SUPPLY),,CO-PAY IN $,30,100,50,10,50,2,20,low,low,RISK,1
2,1,3,1,Bonus,1856,Yes,Rents,31,20,55,20,3,MAIL ORDER (UP TO A 90-DAY SUPPLY),,CO-PAY IN $,50,100,10,30,50,2,20,low,low,RISK,1
3,2,2,1,Salaried,3352,Yes,Rents,18,48,52,20,3,MAIL ORDER (UP TO A 90-DAY SUPPLY),,CO-PAY IN $,10,30,50,100,50,2,20,low,low,RISK,1
3,1,1,2,Hourly,3735,Yes,Owns,34,33,56,20,3,MAIL ORDER (UP TO A 90-DAY SUPPLY),,CO-PAY IN $,30,100,50,10,50,2,20,low,low,RISK,1
3,2,1,3,Salaried,1125,Yes,Rents,18,23,53,20,3,MAIL ORDER (UP TO A 90-DAY SUPPLY),,CO-PAY IN $,50,30,10,100,50,2,20,low,low,RISK,1
3,1,2,1,Bonus,4695,No,Owns,15,38,56,20,3,MAIL ORDER (UP TO A 90-DAY SUPPLY),,CO-PAY IN $,10,50,30,100,50,2,20,low,low,RISK,1
2,2,2,2,Salaried,1210,No,Rents,38,24,64,20,3,MAIL ORDER (UP TO A 90-DAY SUPPLY),,CO-PAY IN $,10,30,100,50,50,2,20,low,low,RISK,1
2,3,2,1,Bonus,3149,No,Owns,17,29,55,20,3,MAIL ORDER (UP TO A 90-DAY SUPPLY),,CO-PAY IN $,10,30,50,100,50,2,20,low,low,RISK,1
2,2,2,2,Bonus,3757,No,Rents,18,26,51,20,3,MAIL ORDER (UP TO A 90-DAY SUPPLY),,CO-PAY IN $,10,100,50,30,50,2,20,low,low,RISK,1
3,1,3,2,Salaried,4038,Yes,Rents,28,36,62,20,3,MAIL ORDER (UP TO A 90-DAY SUPPLY),,CO-PAY IN $,30,50,10,100,50,2,20,low,low,RISK,1
1,1,1,3,Bonus,381,No,Owns,20,38,64,20,3,MAIL ORDER (UP TO A 90-DAY SUPPLY),,CO-PAY IN $,100,50,30,10,50,2,20,low,low,RISK,1
1,1,1,2,Hourly,2879,Yes,Rents,37,31,55,20,3,MAIL ORDER (UP TO A 90-DAY SUPPLY),,CO-PAY IN $,10,100,50,30,50,2,20,low,low,RISK,1
2,3,1,1,Hourly,2246,No,Owns,38,31,59,20,3,MAIL ORDER (UP TO A 90-DAY SUPPLY),,CO-PAY IN $,30,100,10,50,50,2,20,low,low,RISK,1
1,3,2,1,Hourly,3337,No,Rents,18,47,55,20,3,MAIL ORDER (UP TO A 90-DAY SUPPLY),,CO-PAY IN $,30,10,100,50,50,2,20,low,low,RISK,1
2,2,1,2,Hourly,874,No,Owns,38,41,60,20,3,MAIL ORDER (UP TO A 90-DAY SUPPLY),,CO-PAY IN $,30,50,10,100,50,2,20,low,low,RISK,1
1,2,1,1,Hourly,4470,Yes,Owns,16,35,73,20,3,MAIL ORDER (UP TO A 90-DAY SUPPLY),,CO-PAY IN $,100,10,50,30,50,2,20,low,low,RISK,1
3,1,3,1,Hourly,3252,Yes,Owns,24,24,60,20,3,MAIL ORDER (UP TO A 90-DAY SUPPLY),,CO-PAY IN $,100,50,10,30,50,2,20,low,low,RISK,1
1,3,1,2,Hourly,176,Yes,Rents,23,43,57,20,3,MAIL ORDER (UP TO A 90-DAY SUPPLY),,CO-PAY IN $,50,100,10,30,50,2,20,low,low,RISK,1
2,1,3,1,Hourly,3681,Yes,Owns,17,25,52,20,3,MAIL ORDER (UP TO A 90-DAY SUPPLY),,CO-PAY IN $,10,100,50,30,50,2,20,low,low,RISK,1
1,3,2,3,Hourly,1019,Yes,Owns,35,50,53,20,3,MAIL ORDER (UP TO A 90-DAY SUPPLY),,CO-PAY IN $,50,10,30,100,50,2,20,low,low,RISK,1
1,3,2,1,Bonus,4493,Yes,Owns,39,31,54,20,3,MAIL ORDER (UP TO A 90-DAY SUPPLY),,CO-PAY IN $,50,30,100,10,50,2,20,low,low,RISK,1
1,3,3,1,Salaried,1012,Yes,Owns,34,26,75,20,3,MAIL ORDER (UP TO A 90-DAY SUPPLY),,CO-PAY IN $,10,50,30,100,50,2,20,low,low,RISK,1
1,1,2,1,Bonus,1248,Yes,Rents,18,49,60,20,3,MAIL ORDER (UP TO A 90-DAY SUPPLY),,CO-PAY IN $,10,30,50,100,50,2,20,low,low,RISK,1
1,1,2,1,Salaried,1214,No,Owns,17,40,57,20,3,MAIL ORDER (UP TO A 90-DAY SUPPLY),,CO-PAY IN $,30,10,50,100,50,2,20,low,low,RISK,1
2,1,1,1,Salaried,2852,Yes,Rents,18,36,56,20,3,MAIL ORDER (UP TO A 90-DAY SUPPLY),,CO-PAY IN $,100,30,10,50,50,2,20,low,low,RISK,1
2,1,1,1,Bonus,1440,Yes,Owns,24,49,59,20,3,MAIL ORDER (UP TO A 90-DAY SUPPLY),,CO-PAY IN $,50,10,30,100,50,2,20,low,low,RISK,1
3,1,3,1,Bonus,2951,No,Owns,26,20,55,20,3,MAIL ORDER (UP TO A 90-DAY SUPPLY),,CO-PAY IN $,10,50,30,100,50,2,20,low,low,RISK,1
4,3,2,4,Salaried,4377,No,Rents,46,73,76,20,4,MAIL ORDER (UP TO A 90-DAY SUPPLY),,CO-PAY IN $,30,100,50,10,50,2,50,low,low,RISK,1
2,3,4,2,Salaried,1919,No,Owns,48,61,80,20,4,MAIL ORDER (UP TO A 90-DAY SUPPLY),,CO-PAY IN $,30,50,100,10,50,2,50,low,low,RISK,1
4,4,3,2,Salaried,4671,Yes,Rents,57,53,77,20,4,MAIL ORDER (UP TO A 90-DAY SUPPLY),,CO-PAY IN $,30,100,10,50,50,2,50,low,low,RISK,1
4,4,2,2,Bonus,1139,No,Owns,52,65,80,20,4,MAIL ORDER (UP TO A 90-DAY SUPPLY),,CO-PAY IN $,50,30,100,10,50,2,50,low,low,RISK,1
3,4,4,3,Bonus,3085,No,Rents,45,54,88,20,4,MAIL ORDER (UP TO A 90-DAY SUPPLY),,CO-PAY IN $,50,100,30,10,50,2,50,low,low,RISK,1
3,4,4,3,Salaried,912,Yes,Rents,61,58,79,20,4,MAIL ORDER (UP TO A 90-DAY SUPPLY),,CO-PAY IN $,100,30,10,50,50,2,50,low,low,RISK,1
4,3,4,3,Hourly,3561,Yes,Owns,51,56,75,20,4,MAIL ORDER (UP TO A 90-DAY SUPPLY),,CO-PAY IN $,30,50,100,10,50,2,50,low,low,RISK,1
4,4,2,2,Hourly,4350,No,Rents,40,64,87,20,4,MAIL ORDER (UP TO A 90-DAY SUPPLY),,CO-PAY IN $,10,50,100,30,50,2,50,low,low,RISK,1
4,4,4,4,Salaried,3664,No,Owns,39,65,88,20,4,MAIL ORDER (UP TO A 90-DAY SUPPLY),,CO-PAY IN $,50,100,10,30,50,2,50,low,low,RISK,1
2,3,3,3,Bonus,1972,Yes,Owns,62,60,80,20,4,MAIL ORDER (UP TO A 90-DAY SUPPLY),,CO-PAY IN $,10,50,30,100,50,2,50,low,low,RISK,1
3,2,4,4,Salaried,1235,Yes,Rents,55,60,83,20,4,MAIL ORDER (UP TO A 90-DAY SUPPLY),,CO-PAY IN $,50,30,100,10,50,2,50,low,low,RISK,1
2,4,3,3,Bonus,2294,Yes,Owns,47,72,79,20,4,MAIL ORDER (UP TO A 90-DAY SUPPLY),,CO-PAY IN $,50,30,10,100,50,2,50,low,low,RISK,1
2,3,4,3,Salaried,4592,Yes,Rents,62,68,84,20,4,MAIL ORDER (UP TO A 90-DAY SUPPLY),,CO-PAY IN $,50,30,100,10,50,2,50,low,low,RISK,1
3,3,3,4,Hourly,2183,Yes,Owns,37,63,98,20,4,MAIL ORDER (UP TO A 90-DAY SUPPLY),,CO-PAY IN $,50,30,10,100,50,2,50,low,low,RISK,1
3,3,4,3,Salaried,1622,Yes,Rents,42,55,84,20,4,MAIL ORDER (UP TO A 90-DAY SUPPLY),,CO-PAY IN $,10,30,100,50,50,2,50,low,low,RISK,1
3,4,3,4,Salaried,4259,Yes,Rents,37,70,81,20,4,MAIL ORDER (UP TO A 90-DAY SUPPLY),,CO-PAY IN $,10,30,50,100,50,2,50,low,low,RISK,1
4,3,3,4,Salaried,4138,No,Owns,62,55,76,20,4,MAIL ORDER (UP TO A 90-DAY SUPPLY),,CO-PAY IN $,30,10,50,100,50,2,50,low,low,RISK,1
4,3,4,4,Bonus,2742,No,Owns,64,75,77,20,4,MAIL ORDER (UP TO A 90-DAY SUPPLY),,CO-PAY IN $,50,100,10,30,50,2,50,low,low,RISK,1
3,3,3,4,Bonus,4027,Yes,Rents,43,60,78,20,4,MAIL ORDER (UP TO A 90-DAY SUPPLY),,CO-PAY IN $,10,50,30,100,50,2,50,low,low,RISK,1
4,4,2,2,Bonus,3643,No,Rents,59,56,100,20,4,MAIL ORDER (UP TO A 90-DAY SUPPLY),,CO-PAY IN $,100,50,10,30,50,2,50,low,low,RISK,1
4,2,4,2,Salaried,1855,No,Rents,63,74,85,20,4,MAIL ORDER (UP TO A 90-DAY SUPPLY),,CO-PAY IN $,30,10,50,100,50,2,50,low,low,RISK,1
3,4,2,3,Bonus,4199,No,Owns,57,67,81,20,4,MAIL ORDER (UP TO A 90-DAY SUPPLY),,CO-PAY IN $,100,30,50,10,50,2,50,low,low,RISK,1
3,4,3,2,Salaried,358,No,Rents,50,64,80,20,4,MAIL ORDER (UP TO A 90-DAY SUPPLY),,CO-PAY IN $,10,30,50,100,50,2,50,low,low,RISK,1
4,3,4,3,Salaried,2175,No,Owns,59,75,83,20,4,MAIL ORDER (UP TO A 90-DAY SUPPLY),,CO-PAY IN $,30,50,100,10,50,2,50,low,low,RISK,1
4,4,2,2,Bonus,2804,No,Owns,48,51,79,20,4,MAIL ORDER (UP TO A 90-DAY SUPPLY),,CO-PAY IN $,100,30,10,50,50,2,50,low,low,RISK,1
4,4,4,4,Bonus,2793,Yes,Owns,63,73,76,20,4,MAIL ORDER (UP TO A 90-DAY SUPPLY),,CO-PAY IN $,10,100,50,30,50,2,50,low,low,RISK,1
4,3,4,2,Salaried,1366,No,Owns,56,61,80,20,4,MAIL ORDER (UP TO A 90-DAY SUPPLY),,CO-PAY IN $,10,100,50,30,50,2,50,low,low,RISK,1
2,4,4,4,Salaried,3990,No,Rents,53,53,77,20,4,MAIL ORDER (UP TO A 90-DAY SUPPLY),,CO-PAY IN $,100,30,10,50,50,2,50,low,low,RISK,1
2,4,3,3,Salaried,1625,No,Owns,60,65,80,20,4,MAIL ORDER (UP TO A 90-DAY SUPPLY),,CO-PAY IN $,10,30,50,100,50,2,50,low,low,RISK,1
4,4,3,3,Hourly,1178,No,Owns,35,54,88,20,4,MAIL ORDER (UP TO A 90-DAY SUPPLY),,CO-PAY IN $,50,10,100,30,50,2,50,low,low,RISK,1
3,3,2,2,Hourly,2665,No,Rents,41,58,79,20,4,MAIL ORDER (UP TO A 90-DAY SUPPLY),,CO-PAY IN $,30,10,100,50,50,2,50,low,low,RISK,1
4,4,4,2,Hourly,4144,No,Owns,44,56,75,20,4,MAIL ORDER (UP TO A 90-DAY SUPPLY),,CO-PAY IN $,100,30,10,50,50,2,50,low,low,RISK,1
3,3,4,3,Hourly,2547,Yes,Owns,55,64,87,20,4,MAIL ORDER (UP TO A 90-DAY SUPPLY),,CO-PAY IN $,50,10,100,30,50,2,50,low,low,RISK,1
4,3,4,2,Hourly,152,Yes,Owns,58,65,88,20,4,MAIL ORDER (UP TO A 90-DAY SUPPLY),,CO-PAY IN $,30,10,100,50,50,2,50,low,low,RISK,1
3,2,2,3,Bonus,2909,Yes,Rents,45,60,80,20,4,MAIL ORDER (UP TO A 90-DAY SUPPLY),,CO-PAY IN $,10,50,30,100,50,2,50,low,low,RISK,1
4,4,3,3,Bonus,2404,Yes,Owns,49,60,83,20,4,MAIL ORDER (UP TO A 90-DAY SUPPLY),,CO-PAY IN $,10,50,100,30,50,2,50,low,low,RISK,1
4,2,4,4,Bonus,144,Yes,Owns,46,72,79,20,4,MAIL ORDER (UP TO A 90-DAY SUPPLY),,CO-PAY IN $,50,10,100,30,50,2,50,low,low,RISK,1
4,2,4,2,Hourly,2250,No,Owns,48,68,84,20,4,MAIL ORDER (UP TO A 90-DAY SUPPLY),,CO-PAY IN $,50,10,100,30,50,2,50,low,low,RISK,1
4,3,3,3,Hourly,4826,No,Owns,47,63,98,20,4,MAIL ORDER (UP TO A 90-DAY SUPPLY),,CO-PAY IN $,100,30,50,10,50,2,50,low,low,RISK,1
4,4,2,3,Salaried,792,No,Owns,50,55,84,20,4,MAIL ORDER (UP TO A 90-DAY SUPPLY),,CO-PAY IN $,10,100,30,50,50,2,50,low,low,RISK,1
2,4,2,3,Hourly,3429,No,Rents,58,70,81,20,4,MAIL ORDER (UP TO A 90-DAY SUPPLY),,CO-PAY IN $,50,30,10,100,50,2,50,low,low,RISK,1
3,4,3,4,Hourly,1596,Yes,Owns,50,55,76,20,4,MAIL ORDER (UP TO A 90-DAY SUPPLY),,CO-PAY IN $,50,100,30,10,50,2,50,low,low,RISK,1
4,4,4,3,Salaried,83,Yes,Owns,40,75,77,20,4,MAIL ORDER (UP TO A 90-DAY SUPPLY),,CO-PAY IN $,30,100,50,10,50,2,50,low,low,RISK,1
4,4,3,4,Salaried,3601,No,Owns,38,60,78,20,4,MAIL ORDER (UP TO A 90-DAY SUPPLY),,CO-PAY IN $,100,50,10,30,50,2,50,low,low,RISK,1
3,4,2,4,Bonus,861,No,Owns,58,56,100,20,4,MAIL ORDER (UP TO A 90-DAY SUPPLY),,CO-PAY IN $,50,10,30,100,50,2,50,low,low,RISK,1
2,4,4,4,Salaried,2240,Yes,Rents,59,74,85,20,4,MAIL ORDER (UP TO A 90-DAY SUPPLY),,CO-PAY IN $,50,30,10,100,50,2,50,low,low,RISK,1
3,3,2,2,Hourly,2384,No,Rents,37,67,81,20,4,MAIL ORDER (UP TO A 90-DAY SUPPLY),,CO-PAY IN $,30,10,50,100,50,2,50,low,low,RISK,1
2,2,3,3,Bonus,2363,Yes,Rents,52,64,80,20,4,MAIL ORDER (UP TO A 90-DAY SUPPLY),,CO-PAY IN $,10,100,50,30,50,2,50,low,low,RISK,1
3,3,4,2,Salaried,4539,No,Owns,45,75,83,20,4,MAIL ORDER (UP TO A 90-DAY SUPPLY),,CO-PAY IN $,100,30,50,10,50,2,50,low,low,RISK,1
3,3,2,2,Bonus,489,No,Rents,45,51,79,20,4,MAIL ORDER (UP TO A 90-DAY SUPPLY),,CO-PAY IN $,50,100,30,10,50,2,50,low,low,RISK,1
4,4,2,4,Bonus,4623,Yes,Owns,40,73,76,20,4,MAIL ORDER (UP TO A 90-DAY SUPPLY),,CO-PAY IN $,30,50,10,100,50,2,50,low,low,RISK,1
3,3,3,2,Salaried,153,Yes,Owns,36,61,80,20,4,MAIL ORDER (UP TO A 90-DAY SUPPLY),,CO-PAY IN $,100,50,30,10,50,2,50,low,low,RISK,1
3,4,4,4,Salaried,3954,No,Owns,38,53,77,20,4,MAIL ORDER (UP TO A 90-DAY SUPPLY),,CO-PAY IN $,30,50,10,100,50,2,50,low,low,RISK,1
3,3,2,3,Salaried,4742,No,Rents,35,65,80,20,4,MAIL ORDER (UP TO A 90-DAY SUPPLY),,CO-PAY IN $,10,50,100,30,50,2,50,low,low,RISK,1
2,2,2,3,Hourly,3289,No,Rents,59,54,88,20,4,MAIL ORDER (UP TO A 90-DAY SUPPLY),,CO-PAY IN $,50,10,100,30,50,2,50,low,low,RISK,1
2,2,3,3,Bonus,3409,Yes,Rents,54,58,79,20,4,MAIL ORDER (UP TO A 90-DAY SUPPLY),,CO-PAY IN $,50,30,100,10,50,2,50,low,low,RISK,1
3,3,4,3,Bonus,3179,No,Rents,42,56,75,20,4,MAIL ORDER (UP TO A 90-DAY SUPPLY),,CO-PAY IN $,30,100,50,10,50,2,50,low,low,RISK,1
3,3,2,4,Bonus,4271,No,Rents,43,64,87,20,4,MAIL ORDER (UP TO A 90-DAY SUPPLY),,CO-PAY IN $,10,30,50,100,50,2,50,low,low,RISK,1
3,3,3,2,Hourly,4605,Yes,Rents,46,65,88,20,4,MAIL ORDER (UP TO A 90-DAY SUPPLY),,CO-PAY IN $,10,100,30,50,50,2,50,low,low,RISK,1
2,4,4,4,Salaried,3042,Yes,Rents,37,60,80,20,4,MAIL ORDER (UP TO A 90-DAY SUPPLY),,CO-PAY IN $,50,10,30,100,50,2,50,low,low,RISK,1
2,4,4,3,Hourly,170,No,Rents,61,60,83,20,4,MAIL ORDER (UP TO A 90-DAY SUPPLY),,CO-PAY IN $,100,30,10,50,50,2,50,low,low,RISK,1
2,3,3,4,Salaried,2062,No,Rents,40,72,79,20,4,MAIL ORDER (UP TO A 90-DAY SUPPLY),,CO-PAY IN $,100,50,30,10,50,2,50,low,low,RISK,1
4,4,4,4,Bonus,1962,No,Rents,35,68,84,20,4,MAIL ORDER (UP TO A 90-DAY SUPPLY),,CO-PAY IN $,10,50,100,30,50,2,50,low,low,RISK,1
2,2,3,2,Bonus,1006,No,Owns,50,63,98,20,4,MAIL ORDER (UP TO A 90-DAY SUPPLY),,CO-PAY IN $,50,10,100,30,50,2,50,low,low,RISK,1
2,4,3,4,Salaried,4555,No,Rents,42,55,84,20,4,MAIL ORDER (UP TO A 90-DAY SUPPLY),,CO-PAY IN $,100,30,50,10,50,2,50,low,low,RISK,1
4,3,4,3,Bonus,458,No,Rents,46,70,81,20,4,MAIL ORDER (UP TO A 90-DAY SUPPLY),,CO-PAY IN $,10,100,30,50,50,2,50,low,low,RISK,1
4,3,4,3,Hourly,1593,No,Owns,36,55,76,20,4,MAIL ORDER (UP TO A 90-DAY SUPPLY),,CO-PAY IN $,10,50,100,30,50,2,50,low,low,RISK,1
3,4,2,3,Hourly,4519,Yes,Owns,48,75,77,20,4,MAIL ORDER (UP TO A 90-DAY SUPPLY),,CO-PAY IN $,30,100,50,10,50,2,50,low,low,RISK,1
2,4,3,3,Bonus,2639,No,Rents,36,60,78,20,4,MAIL ORDER (UP TO A 90-DAY SUPPLY),,CO-PAY IN $,50,30,10,100,50,2,50,low,low,RISK,1
2,3,4,3,Hourly,2563,Yes,Rents,59,56,100,20,4,MAIL ORDER (UP TO A 90-DAY SUPPLY),,CO-PAY IN $,30,10,50,100,50,2,50,low,low,RISK,1
3,4,4,4,Bonus,2810,Yes,Owns,58,74,85,20,4,MAIL ORDER (UP TO A 90-DAY SUPPLY),,CO-PAY IN $,50,100,10,30,50,2,50,low,low,RISK,1
3,4,3,4,Hourly,2954,Yes,Owns,64,67,81,20,4,MAIL ORDER (UP TO A 90-DAY SUPPLY),,CO-PAY IN $,50,10,30,100,50,2,50,low,low,RISK,1
3,2,4,3,Hourly,2299,Yes,Owns,54,64,80,20,4,MAIL ORDER (UP TO A 90-DAY SUPPLY),,CO-PAY IN $,100,50,30,10,50,2,50,low,low,RISK,1
2,3,4,4,Hourly,1155,No,Rents,37,75,83,20,4,MAIL ORDER (UP TO A 90-DAY SUPPLY),,CO-PAY IN $,10,30,50,100,50,2,50,low,low,RISK,1
4,2,4,3,Bonus,1856,Yes,Rents,55,51,79,20,4,MAIL ORDER (UP TO A 90-DAY SUPPLY),,CO-PAY IN $,10,30,50,100,50,2,50,low,low,RISK,1
4,4,3,3,Salaried,3352,Yes,Rents,38,73,76,20,4,MAIL ORDER (UP TO A 90-DAY SUPPLY),,CO-PAY IN $,100,10,30,50,50,2,50,low,low,RISK,1
4,3,2,3,Hourly,3735,Yes,Owns,58,61,80,20,4,MAIL ORDER (UP TO A 90-DAY SUPPLY),,CO-PAY IN $,10,100,30,50,50,2,50,low,low,RISK,1
4,3,3,4,Salaried,1125,Yes,Rents,38,53,77,20,4,MAIL ORDER (UP TO A 90-DAY SUPPLY),,CO-PAY IN $,100,30,50,10,50,2,50,low,low,RISK,1
4,2,4,2,Bonus,4695,No,Owns,35,65,80,20,4,MAIL ORDER (UP TO A 90-DAY SUPPLY),,CO-PAY IN $,30,50,10,100,50,2,50,low,low,RISK,1
3,3,3,4,Salaried,1210,No,Rents,62,54,88,20,4,MAIL ORDER (UP TO A 90-DAY SUPPLY),,CO-PAY IN $,50,30,10,100,50,2,50,low,low,RISK,1
4,4,4,2,Bonus,3149,No,Owns,37,58,79,20,4,MAIL ORDER (UP TO A 90-DAY SUPPLY),,CO-PAY IN $,100,10,50,30,50,2,50,low,low,RISK,1
4,3,4,4,Bonus,3757,No,Rents,38,56,75,20,4,MAIL ORDER (UP TO A 90-DAY SUPPLY),,CO-PAY IN $,30,50,10,100,50,2,50,low,low,RISK,1
4,3,4,4,Salaried,4038,Yes,Rents,51,64,87,20,4,MAIL ORDER (UP TO A 90-DAY SUPPLY),,CO-PAY IN $,50,10,100,30,50,2,50,low,low,RISK,1
2,3,3,4,Bonus,381,No,Owns,41,65,88,20,4,MAIL ORDER (UP TO A 90-DAY SUPPLY),,CO-PAY IN $,10,30,50,100,50,2,50,low,low,RISK,1
3,3,3,3,Hourly,2879,Yes,Rents,61,60,80,20,4,MAIL ORDER (UP TO A 90-DAY SUPPLY),,CO-PAY IN $,30,10,50,100,50,2,50,low,low,RISK,1
4,4,3,2,Hourly,2246,No,Owns,62,60,83,20,4,MAIL ORDER (UP TO A 90-DAY SUPPLY),,CO-PAY IN $,100,10,30,50,50,2,50,low,low,RISK,1
2,4,3,2,Hourly,3337,No,Rents,39,72,79,20,4,MAIL ORDER (UP TO A 90-DAY SUPPLY),,CO-PAY IN $,30,10,50,100,50,2,50,low,low,RISK,1
4,3,3,4,Hourly,874,No,Owns,63,68,84,20,4,MAIL ORDER (UP TO A 90-DAY SUPPLY),,CO-PAY IN $,100,50,30,10,50,2,50,low,low,RISK,1
3,4,2,3,Hourly,4470,Yes,Owns,36,63,98,20,4,MAIL ORDER (UP TO A 90-DAY SUPPLY),,CO-PAY IN $,10,50,30,100,50,2,50,low,low,RISK,1
4,3,4,3,Hourly,3252,Yes,Owns,46,55,84,20,4,MAIL ORDER (UP TO A 90-DAY SUPPLY),,CO-PAY IN $,30,100,10,50,50,2,50,low,low,RISK,1
3,4,2,3,Hourly,176,Yes,Rents,45,70,81,20,4,MAIL ORDER (UP TO A 90-DAY SUPPLY),,CO-PAY IN $,30,50,100,10,50,2,50,low,low,RISK,1
4,3,4,2,Hourly,3681,Yes,Owns,38,55,76,20,4,MAIL ORDER (UP TO A 90-DAY SUPPLY),,CO-PAY IN $,100,10,30,50,50,2,50,low,low,RISK,1
3,4,4,4,Hourly,1019,Yes,Owns,59,75,77,20,4,MAIL ORDER (UP TO A 90-DAY SUPPLY),,CO-PAY IN $,100,10,50,30,50,2,50,low,low,RISK,1
3,4,4,3,Bonus,4493,Yes,Owns,64,60,78,20,4,MAIL ORDER (UP TO A 90-DAY SUPPLY),,CO-PAY IN $,100,50,30,10,50,2,50,low,low,RISK,1
3,4,4,2,Salaried,1012,Yes,Owns,58,56,100,20,4,MAIL ORDER (UP TO A 90-DAY SUPPLY),,CO-PAY IN $,100,10,50,30,50,2,50,low,low,RISK,1
2,2,4,3,Bonus,1248,Yes,Rents,39,74,85,20,4,MAIL ORDER (UP TO A 90-DAY SUPPLY),,CO-PAY IN $,10,50,100,30,50,2,50,low,low,RISK,1
2,3,3,3,Salaried,1214,No,Owns,37,67,81,20,4,MAIL ORDER (UP TO A 90-DAY SUPPLY),,CO-PAY IN $,10,50,30,100,50,2,50,low,low,RISK,1
4,3,3,2,Salaried,2852,Yes,Rents,38,64,80,20,4,MAIL ORDER (UP TO A 90-DAY SUPPLY),,CO-PAY IN $,50,100,10,30,50,2,50,low,low,RISK,1
3,3,2,2,Bonus,1440,Yes,Owns,46,75,83,20,4,MAIL ORDER (UP TO A 90-DAY SUPPLY),,CO-PAY IN $,10,50,100,30,50,2,50,low,low,RISK,1
4,2,4,3,Bonus,2951,No,Owns,48,51,79,20,4,MAIL ORDER (UP TO A 90-DAY SUPPLY),,CO-PAY IN $,100,10,30,50,50,2,50,low,low,RISK,1
1,0,0,1,Salaried,4377,No,Rents,4,9,1,20,5,MAIL ORDER (UP TO A 90-DAY SUPPLY),,CO-PAY IN $,50,30,10,100,100,1,5,low,high,RISK,2
0,0,1,0,Salaried,1919,No,Owns,4,4,5,20,5,MAIL ORDER (UP TO A 90-DAY SUPPLY),,CO-PAY IN $,10,30,100,50,100,1,5,low,high,RISK,2
0,0,0,0,Salaried,4671,Yes,Rents,7,1,2,20,5,MAIL ORDER (UP TO A 90-DAY SUPPLY),,CO-PAY IN $,100,50,30,10,100,1,5,low,high,RISK,2
1,1,0,0,Bonus,1139,No,Owns,6,6,5,20,5,MAIL ORDER (UP TO A 90-DAY SUPPLY),,CO-PAY IN $,50,100,30,10,100,1,5,low,high,RISK,2
0,1,1,0,Bonus,3085,No,Rents,3,1,13,20,5,MAIL ORDER (UP TO A 90-DAY SUPPLY),,CO-PAY IN $,30,100,10,50,100,1,5,low,high,RISK,2
0,1,1,0,Salaried,912,Yes,Rents,9,3,4,20,5,MAIL ORDER (UP TO A 90-DAY SUPPLY),,CO-PAY IN $,100,10,50,30,100,1,5,low,high,RISK,2
1,0,1,0,Hourly,3561,Yes,Owns,5,2,0,20,5,MAIL ORDER (UP TO A 90-DAY SUPPLY),,CO-PAY IN $,100,50,10,30,100,1,5,low,high,RISK,2
1,1,0,0,Hourly,4350,No,Rents,2,5,12,20,5,MAIL ORDER (UP TO A 90-DAY SUPPLY),,CO-PAY IN $,10,50,100,30,100,1,5,low,high,RISK,2
1,1,0,1,Salaried,3664,No,Owns,1,6,13,20,5,MAIL ORDER (UP TO A 90-DAY SUPPLY),,CO-PAY IN $,50,10,100,30,100,1,5,low,high,RISK,2
0,0,0,0,Bonus,1972,Yes,Owns,9,4,5,20,5,MAIL ORDER (UP TO A 90-DAY SUPPLY),,CO-PAY IN $,100,50,30,10,100,1,5,low,high,RISK,2
0,0,1,1,Salaried,1235,Yes,Rents,7,4,8,20,5,MAIL ORDER (UP TO A 90-DAY SUPPLY),,CO-PAY IN $,30,10,50,100,100,1,5,low,high,RISK,2
0,1,0,0,Bonus,2294,Yes,Owns,4,9,4,20,5,MAIL ORDER (UP TO A 90-DAY SUPPLY),,CO-PAY IN $,100,10,30,50,100,1,5,low,high,RISK,2
0,0,1,0,Salaried,4592,Yes,Rents,9,7,9,20,5,MAIL ORDER (UP TO A 90-DAY SUPPLY),,CO-PAY IN $,10,30,100,50,100,1,5,low,high,RISK,2
0,0,0,1,Hourly,2183,Yes,Owns,1,5,23,20,5,MAIL ORDER (UP TO A 90-DAY SUPPLY),,CO-PAY IN $,50,30,10,100,100,1,5,low,high,RISK,2
0,0,1,0,Salaried,1622,Yes,Rents,2,1,9,20,5,MAIL ORDER (UP TO A 90-DAY SUPPLY),,CO-PAY IN $,10,30,100,50,100,1,5,low,high,RISK,2
0,1,0,1,Salaried,4259,Yes,Rents,1,8,6,20,5,MAIL ORDER (UP TO A 90-DAY SUPPLY),,CO-PAY IN $,100,50,30,10,100,1,5,low,high,RISK,2
1,0,0,1,Salaried,4138,No,Owns,9,2,1,20,5,MAIL ORDER (UP TO A 90-DAY SUPPLY),,CO-PAY IN $,30,50,100,10,100,1,5,low,high,RISK,2
1,0,0,1,Bonus,2742,No,Owns,10,10,2,20,5,MAIL ORDER (UP TO A 90-DAY SUPPLY),,CO-PAY IN $,30,10,50,100,100,1,5,low,high,RISK,2
0,0,0,1,Bonus,4027,Yes,Rents,3,4,3,20,5,MAIL ORDER (UP TO A 90-DAY SUPPLY),,CO-PAY IN $,30,50,10,100,100,1,5,low,high,RISK,2
1,0,0,0,Bonus,3643,No,Rents,8,2,25,20,5,MAIL ORDER (UP TO A 90-DAY SUPPLY),,CO-PAY IN $,30,100,10,50,100,1,5,low,high,RISK,2
1,0,1,0,Salaried,1855,No,Rents,9,10,10,20,5,MAIL ORDER (UP TO A 90-DAY SUPPLY),,CO-PAY IN $,30,100,50,10,100,1,5,low,high,RISK,2
0,1,0,0,Bonus,4199,No,Owns,7,7,6,20,5,MAIL ORDER (UP TO A 90-DAY SUPPLY),,CO-PAY IN $,30,50,100,10,100,1,5,low,high,RISK,2
0,1,0,0,Salaried,358,No,Rents,5,5,5,20,5,MAIL ORDER (UP TO A 90-DAY SUPPLY),,CO-PAY IN $,10,50,30,100,100,1,5,low,high,RISK,2
0,0,1,0,Salaried,2175,No,Owns,8,10,8,20,5,MAIL ORDER (UP TO A 90-DAY SUPPLY),,CO-PAY IN $,10,100,50,30,100,1,5,low,high,RISK,2
0,1,0,0,Bonus,2804,No,Owns,4,0,4,20,5,MAIL ORDER (UP TO A 90-DAY SUPPLY),,CO-PAY IN $,100,10,30,50,100,1,5,low,high,RISK,2
1,1,1,0,Bonus,2793,Yes,Owns,9,9,1,20,5,MAIL ORDER (UP TO A 90-DAY SUPPLY),,CO-PAY IN $,50,30,100,10,100,1,5,low,high,RISK,2
1,0,1,0,Salaried,1366,No,Owns,7,4,5,20,5,MAIL ORDER (UP TO A 90-DAY SUPPLY),,CO-PAY IN $,100,10,30,50,100,1,5,low,high,RISK,2
0,1,1,1,Salaried,3990,No,Rents,6,1,2,20,5,MAIL ORDER (UP TO A 90-DAY SUPPLY),,CO-PAY IN $,50,100,30,10,100,1,5,low,high,RISK,2
0,0,0,0,Salaried,1625,No,Owns,8,6,5,20,5,MAIL ORDER (UP TO A 90-DAY SUPPLY),,CO-PAY IN $,10,50,100,30,100,1,5,low,high,RISK,2
1,1,0,0,Hourly,1178,No,Owns,0,1,13,20,5,MAIL ORDER (UP TO A 90-DAY SUPPLY),,CO-PAY IN $,100,30,10,50,100,1,5,low,high,RISK,2
0,0,0,0,Hourly,2665,No,Rents,2,3,4,20,5,MAIL ORDER (UP TO A 90-DAY SUPPLY),,CO-PAY IN $,10,50,30,100,100,1,5,low,high,RISK,2
1,1,1,0,Hourly,4144,No,Owns,3,2,0,20,5,MAIL ORDER (UP TO A 90-DAY SUPPLY),,CO-PAY IN $,30,100,10,50,100,1,5,low,high,RISK,2
0,0,1,0,Hourly,2547,Yes,Owns,7,5,12,20,5,MAIL ORDER (UP TO A 90-DAY SUPPLY),,CO-PAY IN $,10,100,30,50,100,1,5,low,high,RISK,2
1,0,1,0,Hourly,152,Yes,Owns,8,6,13,20,5,MAIL ORDER (UP TO A 90-DAY SUPPLY),,CO-PAY IN $,30,100,50,10,100,1,5,low,high,RISK,2
0,0,0,0,Bonus,2909,Yes,Rents,3,4,5,20,5,MAIL ORDER (UP TO A 90-DAY SUPPLY),,CO-PAY IN $,30,100,50,10,100,1,5,low,high,RISK,2
1,1,0,0,Bonus,2404,Yes,Owns,5,4,8,20,5,MAIL ORDER (UP TO A 90-DAY SUPPLY),,CO-PAY IN $,50,100,10,30,100,1,5,low,high,RISK,2
1,0,1,1,Bonus,144,Yes,Owns,4,9,4,20,5,MAIL ORDER (UP TO A 90-DAY SUPPLY),,CO-PAY IN $,30,10,100,50,100,1,5,low,high,RISK,2
1,0,1,0,Hourly,2250,No,Owns,4,7,9,20,5,MAIL ORDER (UP TO A 90-DAY SUPPLY),,CO-PAY IN $,30,100,50,10,100,1,5,low,high,RISK,2
1,0,0,0,Hourly,4826,No,Owns,4,5,23,20,5,MAIL ORDER (UP TO A 90-DAY SUPPLY),,CO-PAY IN $,30,10,100,50,100,1,5,low,high,RISK,2
1,1,0,0,Salaried,792,No,Owns,5,1,9,20,5,MAIL ORDER (UP TO A 90-DAY SUPPLY),,CO-PAY IN $,10,100,50,30,100,1,5,low,high,RISK,2
0,1,0,0,Hourly,3429,No,Rents,8,8,6,20,5,MAIL ORDER (UP TO A 90-DAY SUPPLY),,CO-PAY IN $,30,10,100,50,100,1,5,low,high,RISK,2
0,1,0,0,Hourly,1596,Yes,Owns,5,2,1,20,5,MAIL ORDER (UP TO A 90-DAY SUPPLY),,CO-PAY IN $,10,50,100,30,100,1,5,low,high,RISK,2
1,1,1,0,Salaried,83,Yes,Owns,2,10,2,20,5,MAIL ORDER (UP TO A 90-DAY SUPPLY),,CO-PAY IN $,100,50,10,30,100,1,5,low,high,RISK,2
1,1,0,1,Salaried,3601,No,Owns,1,4,3,20,5,MAIL ORDER (UP TO A 90-DAY SUPPLY),,CO-PAY IN $,100,30,50,10,100,1,5,low,high,RISK,2
0,0,0,1,Bonus,861,No,Owns,8,2,25,20,5,MAIL ORDER (UP TO A 90-DAY SUPPLY),,CO-PAY IN $,100,10,50,30,100,1,5,low,high,RISK,2
0,1,1,1,Salaried,2240,Yes,Rents,8,10,10,20,5,MAIL ORDER (UP TO A 90-DAY SUPPLY),,CO-PAY IN $,10,100,50,30,100,1,5,low,high,RISK,2
0,0,0,0,Hourly,2384,No,Rents,1,7,6,20,5,MAIL ORDER (UP TO A 90-DAY SUPPLY),,CO-PAY IN $,100,10,50,30,100,1,5,low,high,RISK,2
0,0,0,0,Bonus,2363,Yes,Rents,6,5,5,20,5,MAIL ORDER (UP TO A 90-DAY SUPPLY),,CO-PAY IN $,10,50,100,30,100,1,5,low,high,RISK,2
0,0,1,0,Salaried,4539,No,Owns,3,10,8,20,5,MAIL ORDER (UP TO A 90-DAY SUPPLY),,CO-PAY IN $,30,50,10,100,100,1,5,low,high,RISK,2
0,0,0,0,Bonus,489,No,Rents,3,0,4,20,5,MAIL ORDER (UP TO A 90-DAY SUPPLY),,CO-PAY IN $,10,30,100,50,100,1,5,low,high,RISK,2
0,1,0,1,Bonus,4623,Yes,Owns,2,9,1,20,5,MAIL ORDER (UP TO A 90-DAY SUPPLY),,CO-PAY IN $,100,10,50,30,100,1,5,low,high,RISK,2
0,0,0,0,Salaried,153,Yes,Owns,0,4,5,20,5,MAIL ORDER (UP TO A 90-DAY SUPPLY),,CO-PAY IN $,30,10,50,100,100,1,5,low,high,RISK,2
0,1,1,0,Salaried,3954,No,Owns,1,1,2,20,5,MAIL ORDER (UP TO A 90-DAY SUPPLY),,CO-PAY IN $,30,10,50,100,100,1,5,low,high,RISK,2
0,0,0,0,Salaried,4742,No,Rents,0,6,5,20,5,MAIL ORDER (UP TO A 90-DAY SUPPLY),,CO-PAY IN $,10,30,100,50,100,1,5,low,high,RISK,2
0,0,0,0,Hourly,3289,No,Rents,8,1,13,20,5,MAIL ORDER (UP TO A 90-DAY SUPPLY),,CO-PAY IN $,50,30,10,100,100,1,5,low,high,RISK,2
0,0,0,0,Bonus,3409,Yes,Rents,6,3,4,20,5,MAIL ORDER (UP TO A 90-DAY SUPPLY),,CO-PAY IN $,30,50,10,100,100,1,5,low,high,RISK,2
0,0,1,0,Bonus,3179,No,Rents,2,2,0,20,5,MAIL ORDER (UP TO A 90-DAY SUPPLY),,CO-PAY IN $,50,100,10,30,100,1,5,low,high,RISK,2
0,0,0,0,Bonus,4271,No,Rents,3,5,12,20,5,MAIL ORDER (UP TO A 90-DAY SUPPLY),,CO-PAY IN $,100,10,30,50,100,1,5,low,high,RISK,2
0,0,0,0,Hourly,4605,Yes,Rents,4,6,13,20,5,MAIL ORDER (UP TO A 90-DAY SUPPLY),,CO-PAY IN $,50,10,100,30,100,1,5,low,high,RISK,2
0,1,1,1,Salaried,3042,Yes,Rents,1,4,5,20,5,MAIL ORDER (UP TO A 90-DAY SUPPLY),,CO-PAY IN $,10,30,100,50,100,1,5,low,high,RISK,2
0,1,1,0,Hourly,170,No,Rents,9,4,8,20,5,MAIL ORDER (UP TO A 90-DAY SUPPLY),,CO-PAY IN $,100,10,50,30,100,1,5,low,high,RISK,2
0,0,0,1,Salaried,2062,No,Rents,2,9,4,20,5,MAIL ORDER (UP TO A 90-DAY SUPPLY),,CO-PAY IN $,30,10,50,100,100,1,5,low,high,RISK,2
1,0,1,1,Bonus,1962,No,Rents,0,7,9,20,5,MAIL ORDER (UP TO A 90-DAY SUPPLY),,CO-PAY IN $,10,30,50,100,100,1,5,low,high,RISK,2
0,1,0,1,Salaried,4555,No,Rents,2,1,9,20,5,MAIL ORDER (UP TO A 90-DAY SUPPLY),,CO-PAY IN $,30,50,10,100,100,1,5,low,high,RISK,2
1,0,1,0,Bonus,458,No,Rents,4,8,6,20,5,MAIL ORDER (UP TO A 90-DAY SUPPLY),,CO-PAY IN $,30,10,50,100,100,1,5,low,high,RISK,2
1,0,1,0,Hourly,1593,No,Owns,0,2,1,20,5,MAIL ORDER (UP TO A 90-DAY SUPPLY),,CO-PAY IN $,50,10,100,30,100,1,5,low,high,RISK,2
0,1,0,0,Hourly,4519,Yes,Owns,4,10,2,20,5,MAIL ORDER (UP TO A 90-DAY SUPPLY),,CO-PAY IN $,30,10,100,50,100,1,5,low,high,RISK,2
0,1,0,0,Bonus,2639,No,Rents,0,4,3,20,5,MAIL ORDER (UP TO A 90-DAY SUPPLY),,CO-PAY IN $,50,100,10,30,100,1,5,low,high,RISK,2
0,0,1,0,Hourly,2563,Yes,Rents,8,2,25,20,5,MAIL ORDER (UP TO A 90-DAY SUPPLY),,CO-PAY IN $,10,50,30,100,100,1,5,low,high,RISK,2
0,0,1,1,Bonus,2810,Yes,Owns,8,10,10,20,5,MAIL ORDER (UP TO A 90-DAY SUPPLY),,CO-PAY IN $,30,10,50,100,100,1,5,low,high,RISK,2
0,0,0,1,Hourly,2954,Yes,Owns,10,7,6,20,5,MAIL ORDER (UP TO A 90-DAY SUPPLY),,CO-PAY IN $,30,50,100,10,100,1,5,low,high,RISK,2
0,0,1,0,Hourly,2299,Yes,Owns,6,5,5,20,5,MAIL ORDER (UP TO A 90-DAY SUPPLY),,CO-PAY IN $,10,30,100,50,100,1,5,low,high,RISK,2
0,0,1,1,Hourly,1155,No,Rents,1,10,8,20,5,MAIL ORDER (UP TO A 90-DAY SUPPLY),,CO-PAY IN $,10,100,30,50,100,1,5,low,high,RISK,2
1,0,1,0,Bonus,1856,Yes,Rents,7,0,4,20,5,MAIL ORDER (UP TO A 90-DAY SUPPLY),,CO-PAY IN $,50,10,30,100,100,1,5,low,high,RISK,2
1,1,0,0,Salaried,3352,Yes,Rents,1,9,1,20,5,MAIL ORDER (UP TO A 90-DAY SUPPLY),,CO-PAY IN $,10,50,30,100,100,1,5,low,high,RISK,2
1,0,0,0,Hourly,3735,Yes,Owns,8,4,5,20,5,MAIL ORDER (UP TO A 90-DAY SUPPLY),,CO-PAY IN $,10,30,50,100,100,1,5,low,high,RISK,2
1,0,0,1,Salaried,1125,Yes,Rents,1,1,2,20,5,MAIL ORDER (UP TO A 90-DAY SUPPLY),,CO-PAY IN $,100,50,30,10,100,1,5,low,high,RISK,2
1,0,1,0,Bonus,4695,No,Owns,0,6,5,20,5,MAIL ORDER (UP TO A 90-DAY SUPPLY),,CO-PAY IN $,30,100,50,10,100,1,5,low,high,RISK,2
0,0,0,1,Salaried,1210,No,Rents,9,1,13,20,5,MAIL ORDER (UP TO A 90-DAY SUPPLY),,CO-PAY IN $,30,50,100,10,100,1,5,low,high,RISK,2
1,1,1,0,Bonus,3149,No,Owns,1,3,4,20,5,MAIL ORDER (UP TO A 90-DAY SUPPLY),,CO-PAY IN $,30,10,100,50,100,1,5,low,high,RISK,2
1,0,0,0,Bonus,3757,No,Rents,1,2,0,20,5,MAIL ORDER (UP TO A 90-DAY SUPPLY),,CO-PAY IN $,50,100,30,10,100,1,5,low,high,RISK,2
1,0,1,1,Salaried,4038,Yes,Rents,5,5,12,20,5,MAIL ORDER (UP TO A 90-DAY SUPPLY),,CO-PAY IN $,50,10,100,30,100,1,5,low,high,RISK,2
0,0,0,1,Bonus,381,No,Owns,2,6,13,20,5,MAIL ORDER (UP TO A 90-DAY SUPPLY),,CO-PAY IN $,100,50,30,10,100,1,5,low,high,RISK,2
0,0,0,0,Hourly,2879,Yes,Rents,9,4,5,20,5,MAIL ORDER (UP TO A 90-DAY SUPPLY),,CO-PAY IN $,100,10,30,50,100,1,5,low,high,RISK,2
0,1,0,0,Hourly,2246,No,Owns,9,4,8,20,5,MAIL ORDER (UP TO A 90-DAY SUPPLY),,CO-PAY IN $,100,50,10,30,100,1,5,low,high,RISK,2
0,1,0,0,Hourly,3337,No,Rents,1,9,4,20,5,MAIL ORDER (UP TO A 90-DAY SUPPLY),,CO-PAY IN $,30,50,100,10,100,1,5,low,high,RISK,2
1,0,0,0,Hourly,874,No,Owns,9,7,9,20,5,MAIL ORDER (UP TO A 90-DAY SUPPLY),,CO-PAY IN $,50,10,100,30,100,1,5,low,high,RISK,2
0,1,0,0,Hourly,4470,Yes,Owns,0,5,23,20,5,MAIL ORDER (UP TO A 90-DAY SUPPLY),,CO-PAY IN $,100,10,50,30,100,1,5,low,high,RISK,2
1,0,1,0,Hourly,3252,Yes,Owns,4,1,9,20,5,MAIL ORDER (UP TO A 90-DAY SUPPLY),,CO-PAY IN $,10,50,100,30,100,1,5,low,high,RISK,2
0,1,0,0,Hourly,176,Yes,Rents,3,8,6,20,5,MAIL ORDER (UP TO A 90-DAY SUPPLY),,CO-PAY IN $,10,30,100,50,100,1,5,low,high,RISK,2
0,0,1,0,Hourly,3681,Yes,Owns,1,2,1,20,5,MAIL ORDER (UP TO A 90-DAY SUPPLY),,CO-PAY IN $,30,50,10,100,100,1,5,low,high,RISK,2
0,1,1,1,Hourly,1019,Yes,Owns,8,10,2,20,5,MAIL ORDER (UP TO A 90-DAY SUPPLY),,CO-PAY IN $,100,30,50,10,100,1,5,low,high,RISK,2
0,1,1,0,Bonus,4493,Yes,Owns,10,4,3,20,5,MAIL ORDER (UP TO A 90-DAY SUPPLY),,CO-PAY IN $,10,50,100,30,100,1,5,low,high,RISK,2
0,1,1,0,Salaried,1012,Yes,Owns,8,2,25,20,5,MAIL ORDER (UP TO A 90-DAY SUPPLY),,CO-PAY IN $,30,100,50,10,100,1,5,low,high,RISK,2
0,0,0,0,Bonus,1248,Yes,Rents,1,10,10,20,5,MAIL ORDER (UP TO A 90-DAY SUPPLY),,CO-PAY IN $,30,10,50,100,100,1,5,low,high,RISK,2
0,0,0,0,Salaried,1214,No,Owns,1,7,6,20,5,MAIL ORDER (UP TO A 90-DAY SUPPLY),,CO-PAY IN $,10,30,50,100,100,1,5,low,high,RISK,2
1,0,0,0,Salaried,2852,Yes,Rents,1,5,5,20,5,MAIL ORDER (UP TO A 90-DAY SUPPLY),,CO-PAY IN $,100,10,30,50,100,1,5,low,high,RISK,2
0,0,0,0,Bonus,1440,Yes,Owns,4,10,8,20,5,MAIL ORDER (UP TO A 90-DAY SUPPLY),,CO-PAY IN $,10,50,100,30,100,1,5,low,high,RISK,2
1,0,1,0,Bonus,2951,No,Owns,4,0,4,20,5,MAIL ORDER (UP TO A 90-DAY SUPPLY),,CO-PAY IN $,10,100,30,50,100,1,5,low,high,RISK,2
2,1,0,2,Salaried,4377,No,Rents,10,19,27,20,6,MAIL ORDER (UP TO A 90-DAY SUPPLY),,CO-PAY IN $,30,10,100,50,50,2,10,low,high,RISK,2
0,1,1,0,Salaried,1919,No,Owns,10,15,31,20,6,MAIL ORDER (UP TO A 90-DAY SUPPLY),,CO-PAY IN $,10,100,50,30,50,2,10,low,high,RISK,2
1,1,0,0,Salaried,4671,Yes,Rents,15,12,28,20,6,MAIL ORDER (UP TO A 90-DAY SUPPLY),,CO-PAY IN $,50,100,10,30,50,2,10,low,high,RISK,2
2,1,0,0,Bonus,1139,No,Owns,13,16,31,20,6,MAIL ORDER (UP TO A 90-DAY SUPPLY),,CO-PAY IN $,50,30,100,10,50,2,10,low,high,RISK,2
1,1,2,1,Bonus,3085,No,Rents,9,12,39,20,6,MAIL ORDER (UP TO A 90-DAY SUPPLY),,CO-PAY IN $,100,10,50,30,50,2,10,low,high,RISK,2
0,1,2,0,Salaried,912,Yes,Rents,16,14,30,20,6,MAIL ORDER (UP TO A 90-DAY SUPPLY),,CO-PAY IN $,50,30,10,100,50,2,10,low,high,RISK,2
1,0,2,1,Hourly,3561,Yes,Owns,12,13,26,20,6,MAIL ORDER (UP TO A 90-DAY SUPPLY),,CO-PAY IN $,10,30,100,50,50,2,10,low,high,RISK,2
1,2,0,0,Hourly,4350,No,Rents,7,16,37,20,6,MAIL ORDER (UP TO A 90-DAY SUPPLY),,CO-PAY IN $,100,10,30,50,50,2,10,low,high,RISK,2
2,2,1,2,Salaried,3664,No,Owns,7,16,39,20,6,MAIL ORDER (UP TO A 90-DAY SUPPLY),,CO-PAY IN $,30,100,50,10,50,2,10,low,high,RISK,2
0,0,0,1,Bonus,1972,Yes,Owns,17,14,30,20,6,MAIL ORDER (UP TO A 90-DAY SUPPLY),,CO-PAY IN $,10,100,50,30,50,2,10,low,high,RISK,2
1,0,2,2,Salaried,1235,Yes,Rents,14,14,34,20,6,MAIL ORDER (UP TO A 90-DAY SUPPLY),,CO-PAY IN $,30,10,100,50,50,2,10,low,high,RISK,2
0,2,0,1,Bonus,2294,Yes,Owns,10,19,30,20,6,MAIL ORDER (UP TO A 90-DAY SUPPLY),,CO-PAY IN $,50,10,100,30,50,2,10,low,high,RISK,2
0,1,2,0,Salaried,4592,Yes,Rents,16,17,35,20,6,MAIL ORDER (UP TO A 90-DAY SUPPLY),,CO-PAY IN $,100,10,30,50,50,2,10,low,high,RISK,2
0,0,1,1,Hourly,2183,Yes,Owns,6,15,48,20,6,MAIL ORDER (UP TO A 90-DAY SUPPLY),,CO-PAY IN $,100,50,10,30,50,2,10,low,high,RISK,2
1,1,2,1,Salaried,1622,Yes,Rents,8,12,35,20,6,MAIL ORDER (UP TO A 90-DAY SUPPLY),,CO-PAY IN $,10,30,50,100,50,2,10,low,high,RISK,2
1,2,1,2,Salaried,4259,Yes,Rents,6,18,32,20,6,MAIL ORDER (UP TO A 90-DAY SUPPLY),,CO-PAY IN $,10,50,100,30,50,2,10,low,high,RISK,2
2,1,1,2,Salaried,4138,No,Owns,17,13,27,20,6,MAIL ORDER (UP TO A 90-DAY SUPPLY),,CO-PAY IN $,100,10,50,30,50,2,10,low,high,RISK,2
2,0,1,2,Bonus,2742,No,Owns,17,20,28,20,6,MAIL ORDER (UP TO A 90-DAY SUPPLY),,CO-PAY IN $,50,30,10,100,50,2,10,low,high,RISK,2
1,1,0,2,Bonus,4027,Yes,Rents,8,14,29,20,6,MAIL ORDER (UP TO A 90-DAY SUPPLY),,CO-PAY IN $,30,50,100,10,50,2,10,low,high,RISK,2
1,1,0,0,Bonus,3643,No,Rents,16,13,50,20,6,MAIL ORDER (UP TO A 90-DAY SUPPLY),,CO-PAY IN $,100,30,50,10,50,2,10,low,high,RISK,2
1,0,2,0,Salaried,1855,No,Rents,17,20,35,20,6,MAIL ORDER (UP TO A 90-DAY SUPPLY),,CO-PAY IN $,10,30,50,100,50,2,10,low,high,RISK,2
1,2,0,1,Bonus,4199,No,Owns,14,17,32,20,6,MAIL ORDER (UP TO A 90-DAY SUPPLY),,CO-PAY IN $,10,30,50,100,50,2,10,low,high,RISK,2
0,2,1,0,Salaried,358,No,Rents,12,16,31,20,6,MAIL ORDER (UP TO A 90-DAY SUPPLY),,CO-PAY IN $,10,30,50,100,50,2,10,low,high,RISK,2
1,1,1,1,Salaried,2175,No,Owns,16,20,34,20,6,MAIL ORDER (UP TO A 90-DAY SUPPLY),,CO-PAY IN $,100,50,30,10,50,2,10,low,high,RISK,2
1,1,0,0,Bonus,2804,No,Owns,11,11,30,20,6,MAIL ORDER (UP TO A 90-DAY SUPPLY),,CO-PAY IN $,50,100,10,30,50,2,10,low,high,RISK,2
2,1,2,1,Bonus,2793,Yes,Owns,17,19,27,20,6,MAIL ORDER (UP TO A 90-DAY SUPPLY),,CO-PAY IN $,50,30,100,10,50,2,10,low,high,RISK,2
2,0,2,0,Salaried,1366,No,Owns,14,15,31,20,6,MAIL ORDER (UP TO A 90-DAY SUPPLY),,CO-PAY IN $,30,50,100,10,50,2,10,low,high,RISK,2
0,1,1,2,Salaried,3990,No,Rents,13,12,28,20,6,MAIL ORDER (UP TO A 90-DAY SUPPLY),,CO-PAY IN $,50,30,100,10,50,2,10,low,high,RISK,2
0,1,1,0,Salaried,1625,No,Owns,16,16,31,20,6,MAIL ORDER (UP TO A 90-DAY SUPPLY),,CO-PAY IN $,30,100,10,50,50,2,10,low,high,RISK,2
1,2,0,0,Hourly,1178,No,Owns,5,12,39,20,6,MAIL ORDER (UP TO A 90-DAY SUPPLY),,CO-PAY IN $,50,10,100,30,50,2,10,low,high,RISK,2
1,1,0,0,Hourly,2665,No,Rents,8,14,30,20,6,MAIL ORDER (UP TO A 90-DAY SUPPLY),,CO-PAY IN $,100,30,50,10,50,2,10,low,high,RISK,2
1,1,2,0,Hourly,4144,No,Owns,9,13,26,20,6,MAIL ORDER (UP TO A 90-DAY SUPPLY),,CO-PAY IN $,10,50,30,100,50,2,10,low,high,RISK,2
1,1,2,0,Hourly,2547,Yes,Owns,14,16,37,20,6,MAIL ORDER (UP TO A 90-DAY SUPPLY),,CO-PAY IN $,10,50,100,30,50,2,10,low,high,RISK,2
1,1,1,0,Hourly,152,Yes,Owns,15,16,39,20,6,MAIL ORDER (UP TO A 90-DAY SUPPLY),,CO-PAY IN $,10,30,100,50,50,2,10,low,high,RISK,2
0,0,0,0,Bonus,2909,Yes,Rents,9,14,30,20,6,MAIL ORDER (UP TO A 90-DAY SUPPLY),,CO-PAY IN $,30,100,10,50,50,2,10,low,high,RISK,2
2,2,1,1,Bonus,2404,Yes,Owns,11,14,34,20,6,MAIL ORDER (UP TO A 90-DAY SUPPLY),,CO-PAY IN $,10,100,30,50,50,2,10,low,high,RISK,2
2,0,1,2,Bonus,144,Yes,Owns,10,19,30,20,6,MAIL ORDER (UP TO A 90-DAY SUPPLY),,CO-PAY IN $,10,100,30,50,50,2,10,low,high,RISK,2
2,0,1,0,Hourly,2250,No,Owns,11,17,35,20,6,MAIL ORDER (UP TO A 90-DAY SUPPLY),,CO-PAY IN $,10,30,100,50,50,2,10,low,high,RISK,2
2,0,0,0,Hourly,4826,No,Owns,10,15,48,20,6,MAIL ORDER (UP TO A 90-DAY SUPPLY),,CO-PAY IN $,50,10,30,100,50,2,10,low,high,RISK,2
1,1,0,0,Salaried,792,No,Owns,12,12,35,20,6,MAIL ORDER (UP TO A 90-DAY SUPPLY),,CO-PAY IN $,10,50,100,30,50,2,10,low,high,RISK,2
0,2,0,1,Hourly,3429,No,Rents,15,18,32,20,6,MAIL ORDER (UP TO A 90-DAY SUPPLY),,CO-PAY IN $,50,10,30,100,50,2,10,low,high,RISK,2
0,2,0,1,Hourly,1596,Yes,Owns,11,13,27,20,6,MAIL ORDER (UP TO A 90-DAY SUPPLY),,CO-PAY IN $,30,50,10,100,50,2,10,low,high,RISK,2
1,1,2,0,Salaried,83,Yes,Owns,7,20,28,20,6,MAIL ORDER (UP TO A 90-DAY SUPPLY),,CO-PAY IN $,50,30,10,100,50,2,10,low,high,RISK,2
1,2,0,2,Salaried,3601,No,Owns,6,14,29,20,6,MAIL ORDER (UP TO A 90-DAY SUPPLY),,CO-PAY IN $,30,50,100,10,50,2,10,low,high,RISK,2
1,1,0,1,Bonus,861,No,Owns,15,13,50,20,6,MAIL ORDER (UP TO A 90-DAY SUPPLY),,CO-PAY IN $,50,30,100,10,50,2,10,low,high,RISK,2
0,2,2,2,Salaried,2240,Yes,Rents,15,20,35,20,6,MAIL ORDER (UP TO A 90-DAY SUPPLY),,CO-PAY IN $,50,10,30,100,50,2,10,low,high,RISK,2
1,0,0,0,Hourly,2384,No,Rents,6,17,32,20,6,MAIL ORDER (UP TO A 90-DAY SUPPLY),,CO-PAY IN $,10,100,30,50,50,2,10,low,high,RISK,2
0,0,0,0,Bonus,2363,Yes,Rents,12,16,31,20,6,MAIL ORDER (UP TO A 90-DAY SUPPLY),,CO-PAY IN $,10,30,50,100,50,2,10,low,high,RISK,2
1,1,2,0,Salaried,4539,No,Owns,10,20,34,20,6,MAIL ORDER (UP TO A 90-DAY SUPPLY),,CO-PAY IN $,100,30,10,50,50,2,10,low,high,RISK,2
1,1,0,0,Bonus,489,No,Rents,9,11,30,20,6,MAIL ORDER (UP TO A 90-DAY SUPPLY),,CO-PAY IN $,10,100,50,30,50,2,10,low,high,RISK,2
1,2,0,2,Bonus,4623,Yes,Owns,7,19,27,20,6,MAIL ORDER (UP TO A 90-DAY SUPPLY),,CO-PAY IN $,30,10,100,50,50,2,10,low,high,RISK,2
1,0,0,0,Salaried,153,Yes,Owns,5,15,31,20,6,MAIL ORDER (UP TO A 90-DAY SUPPLY),,CO-PAY IN $,10,100,50,30,50,2,10,low,high,RISK,2
0,2,2,1,Salaried,3954,No,Owns,6,12,28,20,6,MAIL ORDER (UP TO A 90-DAY SUPPLY),,CO-PAY IN $,100,50,30,10,50,2,10,low,high,RISK,2
0,1,0,0,Salaried,4742,No,Rents,5,16,31,20,6,MAIL ORDER (UP TO A 90-DAY SUPPLY),,CO-PAY IN $,10,100,50,30,50,2,10,low,high,RISK,2
0,0,0,1,Hourly,3289,No,Rents,15,12,39,20,6,MAIL ORDER (UP TO A 90-DAY SUPPLY),,CO-PAY IN $,100,50,30,10,50,2,10,low,high,RISK,2
0,0,1,1,Bonus,3409,Yes,Rents,13,14,30,20,6,MAIL ORDER (UP TO A 90-DAY SUPPLY),,CO-PAY IN $,100,30,50,10,50,2,10,low,high,RISK,2
0,0,0,1,Bonus,4271,No,Rents,9,16,37,20,6,MAIL ORDER (UP TO A 90-DAY SUPPLY),,CO-PAY IN $,10,30,50,100,50,2,10,low,high,RISK,2
0,0,0,0,Hourly,4605,Yes,Rents,10,16,39,20,6,MAIL ORDER (UP TO A 90-DAY SUPPLY),,CO-PAY IN $,30,50,10,100,50,2,10,low,high,RISK,2
0,2,2,2,Salaried,3042,Yes,Rents,6,14,30,20,6,MAIL ORDER (UP TO A 90-DAY SUPPLY),,CO-PAY IN $,30,10,100,50,50,2,10,low,high,RISK,2
0,2,2,0,Hourly,170,No,Rents,16,14,34,20,6,MAIL ORDER (UP TO A 90-DAY SUPPLY),,CO-PAY IN $,50,30,100,10,50,2,10,low,high,RISK,2
0,1,0,2,Salaried,2062,No,Rents,7,19,30,20,6,MAIL ORDER (UP TO A 90-DAY SUPPLY),,CO-PAY IN $,50,30,100,10,50,2,10,low,high,RISK,2
1,1,2,2,Bonus,1962,No,Rents,5,17,35,20,6,MAIL ORDER (UP TO A 90-DAY SUPPLY),,CO-PAY IN $,30,10,100,50,50,2,10,low,high,RISK,2
0,0,0,0,Bonus,1006,No,Owns,11,15,48,20,6,MAIL ORDER (UP TO A 90-DAY SUPPLY),,CO-PAY IN $,100,50,30,10,50,2,10,low,high,RISK,2
0,2,1,2,Salaried,4555,No,Rents,8,12,35,20,6,MAIL ORDER (UP TO A 90-DAY SUPPLY),,CO-PAY IN $,100,50,30,10,50,2,10,low,high,RISK,2
2,1,1,0,Bonus,458,No,Rents,10,18,32,20,6,MAIL ORDER (UP TO A 90-DAY SUPPLY),,CO-PAY IN $,100,30,10,50,50,2,10,low,high,RISK,2
2,0,2,1,Hourly,1593,No,Owns,5,13,27,20,6,MAIL ORDER (UP TO A 90-DAY SUPPLY),,CO-PAY IN $,100,10,30,50,50,2,10,low,high,RISK,2
0,2,0,1,Hourly,4519,Yes,Owns,11,20,28,20,6,MAIL ORDER (UP TO A 90-DAY SUPPLY),,CO-PAY IN $,30,100,10,50,50,2,10,low,high,RISK,2
0,1,0,0,Bonus,2639,No,Rents,5,14,29,20,6,MAIL ORDER (UP TO A 90-DAY SUPPLY),,CO-PAY IN $,100,30,50,10,50,2,10,low,high,RISK,2
0,0,2,1,Hourly,2563,Yes,Rents,15,13,50,20,6,MAIL ORDER (UP TO A 90-DAY SUPPLY),,CO-PAY IN $,100,50,30,10,50,2,10,low,high,RISK,2
0,1,2,1,Bonus,2810,Yes,Owns,15,20,35,20,6,MAIL ORDER (UP TO A 90-DAY SUPPLY),,CO-PAY IN $,30,10,50,100,50,2,10,low,high,RISK,2
1,1,0,1,Hourly,2954,Yes,Owns,18,17,32,20,6,MAIL ORDER (UP TO A 90-DAY SUPPLY),,CO-PAY IN $,100,50,30,10,50,2,10,low,high,RISK,2
1,0,2,0,Hourly,2299,Yes,Owns,13,16,31,20,6,MAIL ORDER (UP TO A 90-DAY SUPPLY),,CO-PAY IN $,30,10,50,100,50,2,10,low,high,RISK,2
0,0,1,2,Hourly,1155,No,Rents,6,20,34,20,6,MAIL ORDER (UP TO A 90-DAY SUPPLY),,CO-PAY IN $,30,10,100,50,50,2,10,low,high,RISK,2
1,0,2,0,Bonus,1856,Yes,Rents,14,11,30,20,6,MAIL ORDER (UP TO A 90-DAY SUPPLY),,CO-PAY IN $,50,100,30,10,50,2,10,low,high,RISK,2
2,1,1,0,Salaried,3352,Yes,Rents,6,19,27,20,6,MAIL ORDER (UP TO A 90-DAY SUPPLY),,CO-PAY IN $,100,10,30,50,50,2,10,low,high,RISK,2
2,0,0,1,Hourly,3735,Yes,Owns,15,15,31,20,6,MAIL ORDER (UP TO A 90-DAY SUPPLY),,CO-PAY IN $,50,100,30,10,50,2,10,low,high,RISK,2
2,1,0,2,Salaried,1125,Yes,Rents,6,12,28,20,6,MAIL ORDER (UP TO A 90-DAY SUPPLY),,CO-PAY IN $,10,30,50,100,50,2,10,low,high,RISK,2
2,0,1,0,Bonus,4695,No,Owns,5,16,31,20,6,MAIL ORDER (UP TO A 90-DAY SUPPLY),,CO-PAY IN $,100,50,30,10,50,2,10,low,high,RISK,2
1,1,1,1,Salaried,1210,No,Rents,17,12,39,20,6,MAIL ORDER (UP TO A 90-DAY SUPPLY),,CO-PAY IN $,50,10,30,100,50,2,10,low,high,RISK,2
1,2,1,0,Bonus,3149,No,Owns,6,14,30,20,6,MAIL ORDER (UP TO A 90-DAY SUPPLY),,CO-PAY IN $,100,30,10,50,50,2,10,low,high,RISK,2
1,1,1,1,Bonus,3757,No,Rents,6,13,26,20,6,MAIL ORDER (UP TO A 90-DAY SUPPLY),,CO-PAY IN $,10,100,30,50,50,2,10,low,high,RISK,2
1,0,2,1,Salaried,4038,Yes,Rents,12,16,37,20,6,MAIL ORDER (UP TO A 90-DAY SUPPLY),,CO-PAY IN $,10,50,30,100,50,2,10,low,high,RISK,2
0,0,0,2,Bonus,381,No,Owns,8,16,39,20,6,MAIL ORDER (UP TO A 90-DAY SUPPLY),,CO-PAY IN $,10,100,50,30,50,2,10,low,high,RISK,2
0,0,1,1,Hourly,2879,Yes,Rents,16,14,30,20,6,MAIL ORDER (UP TO A 90-DAY SUPPLY),,CO-PAY IN $,100,10,50,30,50,2,10,low,high,RISK,2
1,2,0,0,Hourly,2246,No,Owns,17,14,34,20,6,MAIL ORDER (UP TO A 90-DAY SUPPLY),,CO-PAY IN $,30,50,10,100,50,2,10,low,high,RISK,2
0,2,1,0,Hourly,3337,No,Rents,7,19,30,20,6,MAIL ORDER (UP TO A 90-DAY SUPPLY),,CO-PAY IN $,30,10,100,50,50,2,10,low,high,RISK,2
1,1,1,1,Hourly,874,No,Owns,17,17,35,20,6,MAIL ORDER (UP TO A 90-DAY SUPPLY),,CO-PAY IN $,100,50,30,10,50,2,10,low,high,RISK,2
0,1,0,0,Hourly,4470,Yes,Owns,6,15,48,20,6,MAIL ORDER (UP TO A 90-DAY SUPPLY),,CO-PAY IN $,10,30,50,100,50,2,10,low,high,RISK,2
2,0,1,1,Hourly,3252,Yes,Owns,10,12,35,20,6,MAIL ORDER (UP TO A 90-DAY SUPPLY),,CO-PAY IN $,10,30,100,50,50,2,10,low,high,RISK,2
0,2,0,1,Hourly,176,Yes,Rents,9,18,32,20,6,MAIL ORDER (UP TO A 90-DAY SUPPLY),,CO-PAY IN $,10,100,30,50,50,2,10,low,high,RISK,2
1,0,2,0,Hourly,3681,Yes,Owns,6,13,27,20,6,MAIL ORDER (UP TO A 90-DAY SUPPLY),,CO-PAY IN $,10,50,30,100,50,2,10,low,high,RISK,2
1,2,1,2,Hourly,1019,Yes,Owns,15,20,28,20,6,MAIL ORDER (UP TO A 90-DAY SUPPLY),,CO-PAY IN $,10,30,100,50,50,2,10,low,high,RISK,2
1,2,1,1,Bonus,4493,Yes,Owns,18,14,29,20,6,MAIL ORDER (UP TO A 90-DAY SUPPLY),,CO-PAY IN $,30,10,50,100,50,2,10,low,high,RISK,2
1,2,2,0,Salaried,1012,Yes,Owns,15,13,50,20,6,MAIL ORDER (UP TO A 90-DAY SUPPLY),,CO-PAY IN $,10,100,30,50,50,2,10,low,high,RISK,2
0,0,1,1,Bonus,1248,Yes,Rents,7,20,35,20,6,MAIL ORDER (UP TO A 90-DAY SUPPLY),,CO-PAY IN $,10,30,50,100,50,2,10,low,high,RISK,2
0,0,1,0,Salaried,1214,No,Owns,6,17,32,20,6,MAIL ORDER (UP TO A 90-DAY SUPPLY),,CO-PAY IN $,100,50,10,30,50,2,10,low,high,RISK,2
1,0,1,0,Salaried,2852,Yes,Rents,6,16,31,20,6,MAIL ORDER (UP TO A 90-DAY SUPPLY),,CO-PAY IN $,50,30,10,100,50,2,10,low,high,RISK,2
1,0,0,0,Bonus,1440,Yes,Owns,10,20,34,20,6,MAIL ORDER (UP TO A 90-DAY SUPPLY),,CO-PAY IN $,30,50,10,100,50,2,10,low,high,RISK,2
1,0,1,0,Bonus,2951,No,Owns,11,11,30,20,6,MAIL ORDER (UP TO A 90-DAY SUPPLY),,CO-PAY IN $,100,30,50,10,50,2,10,low,high,RISK,2
3,2,1,3,Salaried,4377,No,Rents,24,48,52,20,7,MAIL ORDER (UP TO A 90-DAY SUPPLY),,CO-PAY IN $,10,50,100,30,50,2,20,low,high,RISK,2
1,1,2,1,Salaried,1919,No,Owns,25,33,56,20,7,MAIL ORDER (UP TO A 90-DAY SUPPLY),,CO-PAY IN $,100,10,30,50,50,2,20,low,high,RISK,2
2,2,1,1,Salaried,4671,Yes,Rents,33,23,53,20,7,MAIL ORDER (UP TO A 90-DAY SUPPLY),,CO-PAY IN $,30,50,10,100,50,2,20,low,high,RISK,2
1,2,3,2,Bonus,3085,No,Rents,23,24,64,20,7,MAIL ORDER (UP TO A 90-DAY SUPPLY),,CO-PAY IN $,50,100,10,30,50,2,20,low,high,RISK,2
1,2,3,1,Salaried,912,Yes,Rents,37,29,55,20,7,MAIL ORDER (UP TO A 90-DAY SUPPLY),,CO-PAY IN $,100,10,50,30,50,2,20,low,high,RISK,2
2,1,3,2,Hourly,3561,Yes,Owns,28,26,51,20,7,MAIL ORDER (UP TO A 90-DAY SUPPLY),,CO-PAY IN $,50,30,100,10,50,2,20,low,high,RISK,2
2,3,1,1,Hourly,4350,No,Rents,19,36,62,20,7,MAIL ORDER (UP TO A 90-DAY SUPPLY),,CO-PAY IN $,50,30,100,10,50,2,20,low,high,RISK,2
3,3,2,3,Salaried,3664,No,Owns,18,38,64,20,7,MAIL ORDER (UP TO A 90-DAY SUPPLY),,CO-PAY IN $,10,100,50,30,50,2,20,low,high,RISK,2
1,1,1,1,Bonus,1972,Yes,Owns,38,31,55,20,7,MAIL ORDER (UP TO A 90-DAY SUPPLY),,CO-PAY IN $,100,30,10,50,50,2,20,low,high,RISK,2
1,1,3,3,Salaried,1235,Yes,Rents,32,31,59,20,7,MAIL ORDER (UP TO A 90-DAY SUPPLY),,CO-PAY IN $,100,10,50,30,50,2,20,low,high,RISK,2
1,3,1,2,Bonus,2294,Yes,Owns,25,47,55,20,7,MAIL ORDER (UP TO A 90-DAY SUPPLY),,CO-PAY IN $,10,30,50,100,50,2,20,low,high,RISK,2
1,2,3,1,Salaried,4592,Yes,Rents,37,41,60,20,7,MAIL ORDER (UP TO A 90-DAY SUPPLY),,CO-PAY IN $,10,50,100,30,50,2,20,low,high,RISK,2
1,1,1,2,Hourly,2183,Yes,Owns,16,35,73,20,7,MAIL ORDER (UP TO A 90-DAY SUPPLY),,CO-PAY IN $,100,30,10,50,50,2,20,low,high,RISK,2
2,2,3,2,Salaried,1622,Yes,Rents,21,24,60,20,7,MAIL ORDER (UP TO A 90-DAY SUPPLY),,CO-PAY IN $,10,50,100,30,50,2,20,low,high,RISK,2
2,3,1,3,Salaried,4259,Yes,Rents,17,43,57,20,7,MAIL ORDER (UP TO A 90-DAY SUPPLY),,CO-PAY IN $,10,30,50,100,50,2,20,low,high,RISK,2
3,2,2,3,Salaried,4138,No,Owns,37,25,52,20,7,MAIL ORDER (UP TO A 90-DAY SUPPLY),,CO-PAY IN $,50,30,10,100,50,2,20,low,high,RISK,2
3,1,2,3,Bonus,2742,No,Owns,39,50,53,20,7,MAIL ORDER (UP TO A 90-DAY SUPPLY),,CO-PAY IN $,50,10,100,30,50,2,20,low,high,RISK,2
1,1,1,3,Bonus,4027,Yes,Rents,21,31,54,20,7,MAIL ORDER (UP TO A 90-DAY SUPPLY),,CO-PAY IN $,50,30,100,10,50,2,20,low,high,RISK,2
2,2,1,1,Bonus,3643,No,Rents,35,26,75,20,7,MAIL ORDER (UP TO A 90-DAY SUPPLY),,CO-PAY IN $,100,30,50,10,50,2,20,low,high,RISK,2
2,1,3,1,Salaried,1855,No,Rents,39,49,60,20,7,MAIL ORDER (UP TO A 90-DAY SUPPLY),,CO-PAY IN $,100,50,30,10,50,2,20,low,high,RISK,2
1,3,1,1,Bonus,4199,No,Owns,33,40,57,20,7,MAIL ORDER (UP TO A 90-DAY SUPPLY),,CO-PAY IN $,100,30,50,10,50,2,20,low,high,RISK,2
1,3,2,1,Salaried,358,No,Rents,28,36,56,20,7,MAIL ORDER (UP TO A 90-DAY SUPPLY),,CO-PAY IN $,100,50,10,30,50,2,20,low,high,RISK,2
2,2,2,1,Salaried,2175,No,Owns,35,49,59,20,7,MAIL ORDER (UP TO A 90-DAY SUPPLY),,CO-PAY IN $,30,100,10,50,50,2,20,low,high,RISK,2
2,2,1,1,Bonus,2804,No,Owns,26,20,55,20,7,MAIL ORDER (UP TO A 90-DAY SUPPLY),,CO-PAY IN $,100,30,10,50,50,2,20,low,high,RISK,2
3,3,3,2,Bonus,2793,Yes,Owns,39,48,52,20,7,MAIL ORDER (UP TO A 90-DAY SUPPLY),,CO-PAY IN $,10,30,50,100,50,2,20,low,high,RISK,2
3,1,3,1,Salaried,1366,No,Owns,32,33,56,20,7,MAIL ORDER (UP TO A 90-DAY SUPPLY),,CO-PAY IN $,50,100,10,30,50,2,20,low,high,RISK,2
1,2,2,3,Salaried,3990,No,Rents,30,23,53,20,7,MAIL ORDER (UP TO A 90-DAY SUPPLY),,CO-PAY IN $,100,30,10,50,50,2,20,low,high,RISK,2
1,2,2,1,Salaried,1625,No,Owns,36,38,56,20,7,MAIL ORDER (UP TO A 90-DAY SUPPLY),,CO-PAY IN $,30,50,10,100,50,2,20,low,high,RISK,2
2,3,1,1,Hourly,1178,No,Owns,15,24,64,20,7,MAIL ORDER (UP TO A 90-DAY SUPPLY),,CO-PAY IN $,50,10,100,30,50,2,20,low,high,RISK,2
2,1,1,1,Hourly,2665,No,Rents,20,29,55,20,7,MAIL ORDER (UP TO A 90-DAY SUPPLY),,CO-PAY IN $,100,50,10,30,50,2,20,low,high,RISK,2
2,3,3,1,Hourly,4144,No,Owns,23,26,51,20,7,MAIL ORDER (UP TO A 90-DAY SUPPLY),,CO-PAY IN $,100,10,30,50,50,2,20,low,high,RISK,2
2,2,3,1,Hourly,2547,Yes,Owns,32,36,62,20,7,MAIL ORDER (UP TO A 90-DAY SUPPLY),,CO-PAY IN $,100,10,50,30,50,2,20,low,high,RISK,2
2,1,2,1,Hourly,152,Yes,Owns,34,38,64,20,7,MAIL ORDER (UP TO A 90-DAY SUPPLY),,CO-PAY IN $,100,50,30,10,50,2,20,low,high,RISK,2
1,1,1,1,Bonus,2909,Yes,Rents,23,31,55,20,7,MAIL ORDER (UP TO A 90-DAY SUPPLY),,CO-PAY IN $,100,50,10,30,50,2,20,low,high,RISK,2
3,3,2,2,Bonus,2404,Yes,Owns,27,31,59,20,7,MAIL ORDER (UP TO A 90-DAY SUPPLY),,CO-PAY IN $,30,100,50,10,50,2,20,low,high,RISK,2
3,1,2,3,Bonus,144,Yes,Owns,24,47,55,20,7,MAIL ORDER (UP TO A 90-DAY SUPPLY),,CO-PAY IN $,30,50,10,100,50,2,20,low,high,RISK,2
3,1,2,1,Hourly,2250,No,Owns,26,41,60,20,7,MAIL ORDER (UP TO A 90-DAY SUPPLY),,CO-PAY IN $,50,10,30,100,50,2,20,low,high,RISK,2
3,1,1,1,Hourly,4826,No,Owns,25,35,73,20,7,MAIL ORDER (UP TO A 90-DAY SUPPLY),,CO-PAY IN $,100,10,30,50,50,2,20,low,high,RISK,2
1,3,1,2,Hourly,3429,No,Rents,34,43,57,20,7,MAIL ORDER (UP TO A 90-DAY SUPPLY),,CO-PAY IN $,10,100,50,30,50,2,20,low,high,RISK,2
1,3,1,2,Hourly,1596,Yes,Owns,27,25,52,20,7,MAIL ORDER (UP TO A 90-DAY SUPPLY),,CO-PAY IN $,50,30,10,100,50,2,20,low,high,RISK,2
2,3,3,1,Salaried,83,Yes,Owns,19,50,53,20,7,MAIL ORDER (UP TO A 90-DAY SUPPLY),,CO-PAY IN $,10,100,50,30,50,2,20,low,high,RISK,2
2,3,1,3,Salaried,3601,No,Owns,17,31,54,20,7,MAIL ORDER (UP TO A 90-DAY SUPPLY),,CO-PAY IN $,100,30,50,10,50,2,20,low,high,RISK,2
2,2,1,2,Bonus,861,No,Owns,34,26,75,20,7,MAIL ORDER (UP TO A 90-DAY SUPPLY),,CO-PAY IN $,100,50,30,10,50,2,20,low,high,RISK,2
1,3,3,3,Salaried,2240,Yes,Rents,35,49,60,20,7,MAIL ORDER (UP TO A 90-DAY SUPPLY),,CO-PAY IN $,10,100,50,30,50,2,20,low,high,RISK,2
1,1,1,1,Hourly,2384,No,Rents,17,40,57,20,7,MAIL ORDER (UP TO A 90-DAY SUPPLY),,CO-PAY IN $,50,100,30,10,50,2,20,low,high,RISK,2
1,1,1,1,Bonus,2363,Yes,Rents,29,36,56,20,7,MAIL ORDER (UP TO A 90-DAY SUPPLY),,CO-PAY IN $,100,50,30,10,50,2,20,low,high,RISK,2
2,1,3,1,Salaried,4539,No,Owns,24,49,59,20,7,MAIL ORDER (UP TO A 90-DAY SUPPLY),,CO-PAY IN $,50,30,100,10,50,2,20,low,high,RISK,2
2,1,1,1,Bonus,489,No,Rents,23,20,55,20,7,MAIL ORDER (UP TO A 90-DAY SUPPLY),,CO-PAY IN $,50,30,100,10,50,2,20,low,high,RISK,2
2,3,1,3,Bonus,4623,Yes,Owns,19,48,52,20,7,MAIL ORDER (UP TO A 90-DAY SUPPLY),,CO-PAY IN $,30,100,10,50,50,2,20,low,high,RISK,2
2,1,1,1,Salaried,153,Yes,Owns,15,33,56,20,7,MAIL ORDER (UP TO A 90-DAY SUPPLY),,CO-PAY IN $,10,30,50,100,50,2,20,low,high,RISK,2
1,3,3,2,Salaried,3954,No,Owns,17,23,53,20,7,MAIL ORDER (UP TO A 90-DAY SUPPLY),,CO-PAY IN $,10,50,100,30,50,2,20,low,high,RISK,2
1,2,1,1,Salaried,4742,No,Rents,15,38,56,20,7,MAIL ORDER (UP TO A 90-DAY SUPPLY),,CO-PAY IN $,30,50,100,10,50,2,20,low,high,RISK,2
1,1,1,2,Hourly,3289,No,Rents,35,24,64,20,7,MAIL ORDER (UP TO A 90-DAY SUPPLY),,CO-PAY IN $,30,50,100,10,50,2,20,low,high,RISK,2
1,1,2,2,Bonus,3409,Yes,Rents,30,29,55,20,7,MAIL ORDER (UP TO A 90-DAY SUPPLY),,CO-PAY IN $,30,100,10,50,50,2,20,low,high,RISK,2
1,1,3,2,Bonus,3179,No,Rents,21,26,51,20,7,MAIL ORDER (UP TO A 90-DAY SUPPLY),,CO-PAY IN $,30,50,100,10,50,2,20,low,high,RISK,2
1,1,1,2,Bonus,4271,No,Rents,22,36,62,20,7,MAIL ORDER (UP TO A 90-DAY SUPPLY),,CO-PAY IN $,10,30,100,50,50,2,20,low,high,RISK,2
1,1,1,1,Hourly,4605,Yes,Rents,24,38,64,20,7,MAIL ORDER (UP TO A 90-DAY SUPPLY),,CO-PAY IN $,10,50,30,100,50,2,20,low,high,RISK,2
1,3,3,3,Salaried,3042,Yes,Rents,16,31,55,20,7,MAIL ORDER (UP TO A 90-DAY SUPPLY),,CO-PAY IN $,50,10,100,30,50,2,20,low,high,RISK,2
1,3,3,1,Hourly,170,No,Rents,37,31,59,20,7,MAIL ORDER (UP TO A 90-DAY SUPPLY),,CO-PAY IN $,50,10,100,30,50,2,20,low,high,RISK,2
1,1,1,3,Salaried,2062,No,Rents,20,47,55,20,7,MAIL ORDER (UP TO A 90-DAY SUPPLY),,CO-PAY IN $,50,100,30,10,50,2,20,low,high,RISK,2
2,2,3,3,Bonus,1962,No,Rents,15,41,60,20,7,MAIL ORDER (UP TO A 90-DAY SUPPLY),,CO-PAY IN $,50,30,10,100,50,2,20,low,high,RISK,2
1,1,1,1,Bonus,1006,No,Owns,27,35,73,20,7,MAIL ORDER (UP TO A 90-DAY SUPPLY),,CO-PAY IN $,10,30,100,50,50,2,20,low,high,RISK,2
1,3,2,3,Salaried,4555,No,Rents,20,24,60,20,7,MAIL ORDER (UP TO A 90-DAY SUPPLY),,CO-PAY IN $,100,50,10,30,50,2,20,low,high,RISK,2
3,1,2,1,Bonus,458,No,Rents,25,43,57,20,7,MAIL ORDER (UP TO A 90-DAY SUPPLY),,CO-PAY IN $,50,30,100,10,50,2,20,low,high,RISK,2
3,1,3,1,Hourly,1593,No,Owns,16,25,52,20,7,MAIL ORDER (UP TO A 90-DAY SUPPLY),,CO-PAY IN $,50,30,10,100,50,2,20,low,high,RISK,2
1,3,1,2,Hourly,4519,Yes,Owns,26,50,53,20,7,MAIL ORDER (UP TO A 90-DAY SUPPLY),,CO-PAY IN $,30,10,50,100,50,2,20,low,high,RISK,2
1,2,1,1,Bonus,2639,No,Rents,16,31,54,20,7,MAIL ORDER (UP TO A 90-DAY SUPPLY),,CO-PAY IN $,50,100,30,10,50,2,20,low,high,RISK,2
1,1,3,1,Hourly,2563,Yes,Rents,35,26,75,20,7,MAIL ORDER (UP TO A 90-DAY SUPPLY),,CO-PAY IN $,100,10,30,50,50,2,20,low,high,RISK,2
1,2,3,2,Bonus,2810,Yes,Owns,35,49,60,20,7,MAIL ORDER (UP TO A 90-DAY SUPPLY),,CO-PAY IN $,30,100,10,50,50,2,20,low,high,RISK,2
2,2,1,2,Hourly,2954,Yes,Owns,39,40,57,20,7,MAIL ORDER (UP TO A 90-DAY SUPPLY),,CO-PAY IN $,30,50,10,100,50,2,20,low,high,RISK,2
2,1,3,1,Hourly,2299,Yes,Owns,31,36,56,20,7,MAIL ORDER (UP TO A 90-DAY SUPPLY),,CO-PAY IN $,50,30,100,10,50,2,20,low,high,RISK,2
1,1,2,3,Hourly,1155,No,Rents,16,49,59,20,7,MAIL ORDER (UP TO A 90-DAY SUPPLY),,CO-PAY IN $,100,50,10,30,50,2,20,low,high,RISK,2
2,1,3,1,Bonus,1856,Yes,Rents,31,20,55,20,7,MAIL ORDER (UP TO A 90-DAY SUPPLY),,CO-PAY IN $,50,100,30,10,50,2,20,low,high,RISK,2
3,2,2,1,Salaried,3352,Yes,Rents,18,48,52,20,7,MAIL ORDER (UP TO A 90-DAY SUPPLY),,CO-PAY IN $,10,50,100,30,50,2,20,low,high,RISK,2
3,1,1,2,Hourly,3735,Yes,Owns,34,33,56,20,7,MAIL ORDER (UP TO A 90-DAY SUPPLY),,CO-PAY IN $,100,50,10,30,50,2,20,low,high,RISK,2
3,2,1,3,Salaried,1125,Yes,Rents,18,23,53,20,7,MAIL ORDER (UP TO A 90-DAY SUPPLY),,CO-PAY IN $,30,50,100,10,50,2,20,low,high,RISK,2
3,1,2,1,Bonus,4695,No,Owns,15,38,56,20,7,MAIL ORDER (UP TO A 90-DAY SUPPLY),,CO-PAY IN $,50,30,10,100,50,2,20,low,high,RISK,2
2,2,2,2,Salaried,1210,No,Rents,38,24,64,20,7,MAIL ORDER (UP TO A 90-DAY SUPPLY),,CO-PAY IN $,30,10,100,50,50,2,20,low,high,RISK,2
2,3,2,1,Bonus,3149,No,Owns,17,29,55,20,7,MAIL ORDER (UP TO A 90-DAY SUPPLY),,CO-PAY IN $,100,30,50,10,50,2,20,low,high,RISK,2
2,2,2,2,Bonus,3757,No,Rents,18,26,51,20,7,MAIL ORDER (UP TO A 90-DAY SUPPLY),,CO-PAY IN $,50,10,30,100,50,2,20,low,high,RISK,2
3,1,3,2,Salaried,4038,Yes,Rents,28,36,62,20,7,MAIL ORDER (UP TO A 90-DAY SUPPLY),,CO-PAY IN $,30,10,100,50,50,2,20,low,high,RISK,2
1,1,1,3,Bonus,381,No,Owns,20,38,64,20,7,MAIL ORDER (UP TO A 90-DAY SUPPLY),,CO-PAY IN $,50,30,10,100,50,2,20,low,high,RISK,2
1,1,1,2,Hourly,2879,Yes,Rents,37,31,55,20,7,MAIL ORDER (UP TO A 90-DAY SUPPLY),,CO-PAY IN $,10,30,50,100,50,2,20,low,high,RISK,2
2,3,1,1,Hourly,2246,No,Owns,38,31,59,20,7,MAIL ORDER (UP TO A 90-DAY SUPPLY),,CO-PAY IN $,50,100,10,30,50,2,20,low,high,RISK,2
1,3,2,1,Hourly,3337,No,Rents,18,47,55,20,7,MAIL ORDER (UP TO A 90-DAY SUPPLY),,CO-PAY IN $,30,50,100,10,50,2,20,low,high,RISK,2
2,2,1,2,Hourly,874,No,Owns,38,41,60,20,7,MAIL ORDER (UP TO A 90-DAY SUPPLY),,CO-PAY IN $,30,10,100,50,50,2,20,low,high,RISK,2
1,2,1,1,Hourly,4470,Yes,Owns,16,35,73,20,7,MAIL ORDER (UP TO A 90-DAY SUPPLY),,CO-PAY IN $,50,100,30,10,50,2,20,low,high,RISK,2
3,1,3,1,Hourly,3252,Yes,Owns,24,24,60,20,7,MAIL ORDER (UP TO A 90-DAY SUPPLY),,CO-PAY IN $,100,30,10,50,50,2,20,low,high,RISK,2
1,3,1,2,Hourly,176,Yes,Rents,23,43,57,20,7,MAIL ORDER (UP TO A 90-DAY SUPPLY),,CO-PAY IN $,50,10,30,100,50,2,20,low,high,RISK,2
1,3,2,3,Hourly,1019,Yes,Owns,35,50,53,20,7,MAIL ORDER (UP TO A 90-DAY SUPPLY),,CO-PAY IN $,50,10,100,30,50,2,20,low,high,RISK,2
1,3,2,1,Bonus,4493,Yes,Owns,39,31,54,20,7,MAIL ORDER (UP TO A 90-DAY SUPPLY),,CO-PAY IN $,10,30,100,50,50,2,20,low,high,RISK,2
1,3,3,1,Salaried,1012,Yes,Owns,34,26,75,20,7,MAIL ORDER (UP TO A 90-DAY SUPPLY),,CO-PAY IN $,100,10,50,30,50,2,20,low,high,RISK,2
1,1,2,1,Bonus,1248,Yes,Rents,18,49,60,20,7,MAIL ORDER (UP TO A 90-DAY SUPPLY),,CO-PAY IN $,100,10,50,30,50,2,20,low,high,RISK,2
1,1,2,1,Salaried,1214,No,Owns,17,40,57,20,7,MAIL ORDER (UP TO A 90-DAY SUPPLY),,CO-PAY IN $,100,50,10,30,50,2,20,low,high,RISK,2
2,1,1,1,Salaried,2852,Yes,Rents,18,36,56,20,7,MAIL ORDER (UP TO A 90-DAY SUPPLY),,CO-PAY IN $,50,30,10,100,50,2,20,low,high,RISK,2
2,1,1,1,Bonus,1440,Yes,Owns,24,49,59,20,7,MAIL ORDER (UP TO A 90-DAY SUPPLY),,CO-PAY IN $,100,50,10,30,50,2,20,low,high,RISK,2
3,1,3,1,Bonus,2951,No,Owns,26,20,55,20,7,MAIL ORDER (UP TO A 90-DAY SUPPLY),,CO-PAY IN $,50,100,30,10,50,2,20,low,high,RISK,2
4,3,2,4,Salaried,4377,No,Rents,46,73,76,20,8,MAIL ORDER (UP TO A 90-DAY SUPPLY),,CO-PAY IN $,30,10,100,50,30,3,50,low,high,RISK,2
2,3,4,2,Salaried,1919,No,Owns,48,61,80,20,8,MAIL ORDER (UP TO A 90-DAY SUPPLY),,CO-PAY IN $,50,10,30,100,30,3,50,low,high,RISK,2
4,4,3,2,Salaried,4671,Yes,Rents,57,53,77,20,8,MAIL ORDER (UP TO A 90-DAY SUPPLY),,CO-PAY IN $,100,50,30,10,30,3,50,low,high,RISK,2
4,4,2,2,Bonus,1139,No,Owns,52,65,80,20,8,MAIL ORDER (UP TO A 90-DAY SUPPLY),,CO-PAY IN $,100,30,10,50,30,3,50,low,high,RISK,2
3,4,4,3,Bonus,3085,No,Rents,45,54,88,20,8,MAIL ORDER (UP TO A 90-DAY SUPPLY),,CO-PAY IN $,50,30,100,10,30,3,50,low,high,RISK,2
3,4,4,3,Salaried,912,Yes,Rents,61,58,79,20,8,MAIL ORDER (UP TO A 90-DAY SUPPLY),,CO-PAY IN $,30,10,50,100,30,3,50,low,high,RISK,2
4,3,4,3,Hourly,3561,Yes,Owns,51,56,75,20,8,MAIL ORDER (UP TO A 90-DAY SUPPLY),,CO-PAY IN $,10,100,50,30,30,3,50,low,high,RISK,2
4,4,2,2,Hourly,4350,No,Rents,40,64,87,20,8,MAIL ORDER (UP TO A 90-DAY SUPPLY),,CO-PAY IN $,30,100,50,10,30,3,50,low,high,RISK,2
4,4,4,4,Salaried,3664,No,Owns,39,65,88,20,8,MAIL ORDER (UP TO A 90-DAY SUPPLY),,CO-PAY IN $,100,30,10,50,30,3,50,low,high,RISK,2
2,3,3,3,Bonus,1972,Yes,Owns,62,60,80,20,8,MAIL ORDER (UP TO A 90-DAY SUPPLY),,CO-PAY IN $,30,10,100,50,30,3,50,low,high,RISK,2
3,2,4,4,Salaried,1235,Yes,Rents,55,60,83,20,8,MAIL ORDER (UP TO A 90-DAY SUPPLY),,CO-PAY IN $,30,10,50,100,30,3,50,low,high,RISK,2
2,4,3,3,Bonus,2294,Yes,Owns,47,72,79,20,8,MAIL ORDER (UP TO A 90-DAY SUPPLY),,CO-PAY IN $,100,10,50,30,30,3,50,low,high,RISK,2
2,3,4,3,Salaried,4592,Yes,Rents,62,68,84,20,8,MAIL ORDER (UP TO A 90-DAY SUPPLY),,CO-PAY IN $,30,10,50,100,30,3,50,low,high,RISK,2
3,3,3,4,Hourly,2183,Yes,Owns,37,63,98,20,8,MAIL ORDER (UP TO A 90-DAY SUPPLY),,CO-PAY IN $,30,100,10,50,30,3,50,low,high,RISK,2
3,3,4,3,Salaried,1622,Yes,Rents,42,55,84,20,8,MAIL ORDER (UP TO A 90-DAY SUPPLY),,CO-PAY IN $,10,100,30,50,30,3,50,low,high,RISK,2
3,4,3,4,Salaried,4259,Yes,Rents,37,70,81,20,8,MAIL ORDER (UP TO A 90-DAY SUPPLY),,CO-PAY IN $,50,30,10,100,30,3,50,low,high,RISK,2
4,3,3,4,Salaried,4138,No,Owns,62,55,76,20,8,MAIL ORDER (UP TO A 90-DAY SUPPLY),,CO-PAY IN $,100,30,10,50,30,3,50,low,high,RISK,2
4,3,4,4,Bonus,2742,No,Owns,64,75,77,20,8,MAIL ORDER (UP TO A 90-DAY SUPPLY),,CO-PAY IN $,30,50,100,10,30,3,50,low,high,RISK,2
3,3,3,4,Bonus,4027,Yes,Rents,43,60,78,20,8,MAIL ORDER (UP TO A 90-DAY SUPPLY),,CO-PAY IN $,30,50,10,100,30,3,50,low,high,RISK,2
4,4,2,2,Bonus,3643,No,Rents,59,56,100,20,8,MAIL ORDER (UP TO A 90-DAY SUPPLY),,CO-PAY IN $,50,30,100,10,30,3,50,low,high,RISK,2
4,2,4,2,Salaried,1855,No,Rents,63,74,85,20,8,MAIL ORDER (UP TO A 90-DAY SUPPLY),,CO-PAY IN $,30,50,100,10,30,3,50,low,high,RISK,2
3,4,2,3,Bonus,4199,No,Owns,57,67,81,20,8,MAIL ORDER (UP TO A 90-DAY SUPPLY),,CO-PAY IN $,50,100,30,10,30,3,50,low,high,RISK,2
3,4,3,2,Salaried,358,No,Rents,50,64,80,20,8,MAIL ORDER (UP TO A 90-DAY SUPPLY),,CO-PAY IN $,50,10,30,100,30,3,50,low,high,RISK,2
4,3,4,3,Salaried,2175,No,Owns,59,75,83,20,8,MAIL ORDER (UP TO A 90-DAY SUPPLY),,CO-PAY IN $,10,30,50,100,30,3,50,low,high,RISK,2
4,4,2,2,Bonus,2804,No,Owns,48,51,79,20,8,MAIL ORDER (UP TO A 90-DAY SUPPLY),,CO-PAY IN $,10,100,30,50,30,3,50,low,high,RISK,2
4,4,4,4,Bonus,2793,Yes,Owns,63,73,76,20,8,MAIL ORDER (UP TO A 90-DAY SUPPLY),,CO-PAY IN $,30,100,10,50,30,3,50,low,high,RISK,2
4,3,4,2,Salaried,1366,No,Owns,56,61,80,20,8,MAIL ORDER (UP TO A 90-DAY SUPPLY),,CO-PAY IN $,10,30,50,100,30,3,50,low,high,RISK,2
2,4,4,4,Salaried,3990,No,Rents,53,53,77,20,8,MAIL ORDER (UP TO A 90-DAY SUPPLY),,CO-PAY IN $,100,50,10,30,30,3,50,low,high,RISK,2
2,4,3,3,Salaried,1625,No,Owns,60,65,80,20,8,MAIL ORDER (UP TO A 90-DAY SUPPLY),,CO-PAY IN $,100,10,30,50,30,3,50,low,high,RISK,2
4,4,3,3,Hourly,1178,No,Owns,35,54,88,20,8,MAIL ORDER (UP TO A 90-DAY SUPPLY),,CO-PAY IN $,50,30,100,10,30,3,50,low,high,RISK,2
3,3,2,2,Hourly,2665,No,Rents,41,58,79,20,8,MAIL ORDER (UP TO A 90-DAY SUPPLY),,CO-PAY IN $,100,30,10,50,30,3,50,low,high,RISK,2
4,4,4,2,Hourly,4144,No,Owns,44,56,75,20,8,MAIL ORDER (UP TO A 90-DAY SUPPLY),,CO-PAY IN $,100,50,10,30,30,3,50,low,high,RISK,2
3,3,4,3,Hourly,2547,Yes,Owns,55,64,87,20,8,MAIL ORDER (UP TO A 90-DAY SUPPLY),,CO-PAY IN $,100,30,10,50,30,3,50,low,high,RISK,2
4,3,4,2,Hourly,152,Yes,Owns,58,65,88,20,8,MAIL ORDER (UP TO A 90-DAY SUPPLY),,CO-PAY IN $,100,30,50,10,30,3,50,low,high,RISK,2
3,2,2,3,Bonus,2909,Yes,Rents,45,60,80,20,8,MAIL ORDER (UP TO A 90-DAY SUPPLY),,CO-PAY IN $,30,100,10,50,30,3,50,low,high,RISK,2
4,4,3,3,Bonus,2404,Yes,Owns,49,60,83,20,8,MAIL ORDER (UP TO A 90-DAY SUPPLY),,CO-PAY IN $,100,30,10,50,30,3,50,low,high,RISK,2
4,2,4,4,Bonus,144,Yes,Owns,46,72,79,20,8,MAIL ORDER (UP TO A 90-DAY SUPPLY),,CO-PAY IN $,30,10,100,50,30,3,50,low,high,RISK,2
4,2,4,2,Hourly,2250,No,Owns,48,68,84,20,8,MAIL ORDER (UP TO A 90-DAY SUPPLY),,CO-PAY IN $,100,10,30,50,30,3,50,low,high,RISK,2
4,3,3,3,Hourly,4826,No,Owns,47,63,98,20,8,MAIL ORDER (UP TO A 90-DAY SUPPLY),,CO-PAY IN $,50,100,10,30,30,3,50,low,high,RISK,2
4,4,2,3,Salaried,792,No,Owns,50,55,84,20,8,MAIL ORDER (UP TO A 90-DAY SUPPLY),,CO-PAY IN $,10,100,50,30,30,3,50,low,high,RISK,2
2,4,2,3,Hourly,3429,No,Rents,58,70,81,20,8,MAIL ORDER (UP TO A 90-DAY SUPPLY),,CO-PAY IN $,50,100,30,10,30,3,50,low,high,RISK,2
3,4,3,4,Hourly,1596,Yes,Owns,50,55,76,20,8,MAIL ORDER (UP TO A 90-DAY SUPPLY),,CO-PAY IN $,100,10,30,50,30,3,50,low,high,RISK,2
4,4,4,3,Salaried,83,Yes,Owns,40,75,77,20,8,MAIL ORDER (UP TO A 90-DAY SUPPLY),,CO-PAY IN $,50,30,10,100,30,3,50,low,high,RISK,2
4,4,3,4,Salaried,3601,No,Owns,38,60,78,20,8,MAIL ORDER (UP TO A 90-DAY SUPPLY),,CO-PAY IN $,100,10,50,30,30,3,50,low,high,RISK,2
3,4,2,4,Bonus,861,No,Owns,58,56,100,20,8,MAIL ORDER (UP TO A 90-DAY SUPPLY),,CO-PAY IN $,50,10,100,30,30,3,50,low,high,RISK,2
2,4,4,4,Salaried,2240,Yes,Rents,59,74,85,20,8,MAIL ORDER (UP TO A 90-DAY SUPPLY),,CO-PAY IN $,50,10,100,30,30,3,50,low,high,RISK,2
3,3,2,2,Hourly,2384,No,Rents,37,67,81,20,8,MAIL ORDER (UP TO A 90-DAY SUPPLY),,CO-PAY IN $,100,30,50,10,30,3,50,low,high,RISK,2
2,2,3,3,Bonus,2363,Yes,Rents,52,64,80,20,8,MAIL ORDER (UP TO A 90-DAY SUPPLY),,CO-PAY IN $,50,30,100,10,30,3,50,low,high,RISK,2
3,3,4,2,Salaried,4539,No,Owns,45,75,83,20,8,MAIL ORDER (UP TO A 90-DAY SUPPLY),,CO-PAY IN $,10,30,50,100,30,3,50,low,high,RISK,2
3,3,2,2,Bonus,489,No,Rents,45,51,79,20,8,MAIL ORDER (UP TO A 90-DAY SUPPLY),,CO-PAY IN $,10,100,50,30,30,3,50,low,high,RISK,2
4,4,2,4,Bonus,4623,Yes,Owns,40,73,76,20,8,MAIL ORDER (UP TO A 90-DAY SUPPLY),,CO-PAY IN $,100,10,30,50,30,3,50,low,high,RISK,2
3,3,3,2,Salaried,153,Yes,Owns,36,61,80,20,8,MAIL ORDER (UP TO A 90-DAY SUPPLY),,CO-PAY IN $,50,10,30,100,30,3,50,low,high,RISK,2
3,4,4,4,Salaried,3954,No,Owns,38,53,77,20,8,MAIL ORDER (UP TO A 90-DAY SUPPLY),,CO-PAY IN $,100,10,50,30,30,3,50,low,high,RISK,2
3,3,2,3,Salaried,4742,No,Rents,35,65,80,20,8,MAIL ORDER (UP TO A 90-DAY SUPPLY),,CO-PAY IN $,50,10,30,100,30,3,50,low,high,RISK,2
2,2,2,3,Hourly,3289,No,Rents,59,54,88,20,8,MAIL ORDER (UP TO A 90-DAY SUPPLY),,CO-PAY IN $,50,10,30,100,30,3,50,low,high,RISK,2
2,2,3,3,Bonus,3409,Yes,Rents,54,58,79,20,8,MAIL ORDER (UP TO A 90-DAY SUPPLY),,CO-PAY IN $,100,50,10,30,30,3,50,low,high,RISK,2
3,3,4,3,Bonus,3179,No,Rents,42,56,75,20,8,MAIL ORDER (UP TO A 90-DAY SUPPLY),,CO-PAY IN $,30,10,100,50,30,3,50,low,high,RISK,2
3,3,2,4,Bonus,4271,No,Rents,43,64,87,20,8,MAIL ORDER (UP TO A 90-DAY SUPPLY),,CO-PAY IN $,50,100,10,30,30,3,50,low,high,RISK,2
3,3,3,2,Hourly,4605,Yes,Rents,46,65,88,20,8,MAIL ORDER (UP TO A 90-DAY SUPPLY),,CO-PAY IN $,10,100,50,30,30,3,50,low,high,RISK,2
2,4,4,4,Salaried,3042,Yes,Rents,37,60,80,20,8,MAIL ORDER (UP TO A 90-DAY SUPPLY),,CO-PAY IN $,100,10,30,50,30,3,50,low,high,RISK,2
2,4,4,3,Hourly,170,No,Rents,61,60,83,20,8,MAIL ORDER (UP TO A 90-DAY SUPPLY),,CO-PAY IN $,10,30,50,100,30,3,50,low,high,RISK,2
2,3,3,4,Salaried,2062,No,Rents,40,72,79,20,8,MAIL ORDER (UP TO A 90-DAY SUPPLY),,CO-PAY IN $,10,100,30,50,30,3,50,low,high,RISK,2
4,4,4,4,Bonus,1962,No,Rents,35,68,84,20,8,MAIL ORDER (UP TO A 90-DAY SUPPLY),,CO-PAY IN $,50,30,10,100,30,3,50,low,high,RISK,2
2,2,3,2,Bonus,1006,No,Owns,50,63,98,20,8,MAIL ORDER (UP TO A 90-DAY SUPPLY),,CO-PAY IN $,50,100,30,10,30,3,50,low,high,RISK,2
2,4,3,4,Salaried,4555,No,Rents,42,55,84,20,8,MAIL ORDER (UP TO A 90-DAY SUPPLY),,CO-PAY IN $,100,10,50,30,30,3,50,low,high,RISK,2
4,3,4,3,Bonus,458,No,Rents,46,70,81,20,8,MAIL ORDER (UP TO A 90-DAY SUPPLY),,CO-PAY IN $,50,10,100,30,30,3,50,low,high,RISK,2
4,3,4,3,Hourly,1593,No,Owns,36,55,76,20,8,MAIL ORDER (UP TO A 90-DAY SUPPLY),,CO-PAY IN $,30,100,50,10,30,3,50,low,high,RISK,2
3,4,2,3,Hourly,4519,Yes,Owns,48,75,77,20,8,MAIL ORDER (UP TO A 90-DAY SUPPLY),,CO-PAY IN $,100,10,50,30,30,3,50,low,high,RISK,2
2,4,3,3,Bonus,2639,No,Rents,36,60,78,20,8,MAIL ORDER (UP TO A 90-DAY SUPPLY),,CO-PAY IN $,30,10,100,50,30,3,50,low,high,RISK,2
2,3,4,3,Hourly,2563,Yes,Rents,59,56,100,20,8,MAIL ORDER (UP TO A 90-DAY SUPPLY),,CO-PAY IN $,50,10,100,30,30,3,50,low,high,RISK,2
3,4,4,4,Bonus,2810,Yes,Owns,58,74,85,20,8,MAIL ORDER (UP TO A 90-DAY SUPPLY),,CO-PAY IN $,100,50,30,10,30,3,50,low,high,RISK,2
3,4,3,4,Hourly,2954,Yes,Owns,64,67,81,20,8,MAIL ORDER (UP TO A 90-DAY SUPPLY),,CO-PAY IN $,50,10,100,30,30,3,50,low,high,RISK,2
3,2,4,3,Hourly,2299,Yes,Owns,54,64,80,20,8,MAIL ORDER (UP TO A 90-DAY SUPPLY),,CO-PAY IN $,100,30,10,50,30,3,50,low,high,RISK,2
2,3,4,4,Hourly,1155,No,Rents,37,75,83,20,8,MAIL ORDER (UP TO A 90-DAY SUPPLY),,CO-PAY IN $,10,30,100,50,30,3,50,low,high,RISK,2
4,2,4,3,Bonus,1856,Yes,Rents,55,51,79,20,8,MAIL ORDER (UP TO A 90-DAY SUPPLY),,CO-PAY IN $,30,10,50,100,30,3,50,low,high,RISK,2
4,4,3,3,Salaried,3352,Yes,Rents,38,73,76,20,8,MAIL ORDER (UP TO A 90-DAY SUPPLY),,CO-PAY IN $,100,10,30,50,30,3,50,low,high,RISK,2
4,3,2,3,Hourly,3735,Yes,Owns,58,61,80,20,8,MAIL ORDER (UP TO A 90-DAY SUPPLY),,CO-PAY IN $,30,50,10,100,30,3,50,low,high,RISK,2
4,3,3,4,Salaried,1125,Yes,Rents,38,53,77,20,8,MAIL ORDER (UP TO A 90-DAY SUPPLY),,CO-PAY IN $,10,100,30,50,30,3,50,low,high,RISK,2
4,2,4,2,Bonus,4695,No,Owns,35,65,80,20,8,MAIL ORDER (UP TO A 90-DAY SUPPLY),,CO-PAY IN $,30,50,100,10,30,3,50,low,high,RISK,2
3,3,3,4,Salaried,1210,No,Rents,62,54,88,20,8,MAIL ORDER (UP TO A 90-DAY SUPPLY),,CO-PAY IN $,100,10,30,50,30,3,50,low,high,RISK,2
4,4,4,2,Bonus,3149,No,Owns,37,58,79,20,8,MAIL ORDER (UP TO A 90-DAY SUPPLY),,CO-PAY IN $,10,30,50,100,30,3,50,low,high,RISK,2
4,3,4,4,Bonus,3757,No,Rents,38,56,75,20,8,MAIL ORDER (UP TO A 90-DAY SUPPLY),,CO-PAY IN $,100,10,30,50,30,3,50,low,high,RISK,2
4,3,4,4,Salaried,4038,Yes,Rents,51,64,87,20,8,MAIL ORDER (UP TO A 90-DAY SUPPLY),,CO-PAY IN $,100,50,10,30,30,3,50,low,high,RISK,2
2,3,3,4,Bonus,381,No,Owns,41,65,88,20,8,MAIL ORDER (UP TO A 90-DAY SUPPLY),,CO-PAY IN $,50,30,10,100,30,3,50,low,high,RISK,2
3,3,3,3,Hourly,2879,Yes,Rents,61,60,80,20,8,MAIL ORDER (UP TO A 90-DAY SUPPLY),,CO-PAY IN $,100,30,50,10,30,3,50,low,high,RISK,2
4,4,3,2,Hourly,2246,No,Owns,62,60,83,20,8,MAIL ORDER (UP TO A 90-DAY SUPPLY),,CO-PAY IN $,100,30,50,10,30,3,50,low,high,RISK,2
2,4,3,2,Hourly,3337,No,Rents,39,72,79,20,8,MAIL ORDER (UP TO A 90-DAY SUPPLY),,CO-PAY IN $,50,100,10,30,30,3,50,low,high,RISK,2
4,3,3,4,Hourly,874,No,Owns,63,68,84,20,8,MAIL ORDER (UP TO A 90-DAY SUPPLY),,CO-PAY IN $,50,100,10,30,30,3,50,low,high,RISK,2
3,4,2,3,Hourly,4470,Yes,Owns,36,63,98,20,8,MAIL ORDER (UP TO A 90-DAY SUPPLY),,CO-PAY IN $,10,30,50,100,30,3,50,low,high,RISK,2
4,3,4,3,Hourly,3252,Yes,Owns,46,55,84,20,8,MAIL ORDER (UP TO A 90-DAY SUPPLY),,CO-PAY IN $,30,10,50,100,30,3,50,low,high,RISK,2
3,4,2,3,Hourly,176,Yes,Rents,45,70,81,20,8,MAIL ORDER (UP TO A 90-DAY SUPPLY),,CO-PAY IN $,30,50,100,10,30,3,50,low,high,RISK,2
4,3,4,2,Hourly,3681,Yes,Owns,38,55,76,20,8,MAIL ORDER (UP TO A 90-DAY SUPPLY),,CO-PAY IN $,50,30,10,100,30,3,50,low,high,RISK,2
3,4,4,4,Hourly,1019,Yes,Owns,59,75,77,20,8,MAIL ORDER (UP TO A 90-DAY SUPPLY),,CO-PAY IN $,30,10,50,100,30,3,50,low,high,RISK,2
3,4,4,3,Bonus,4493,Yes,Owns,64,60,78,20,8,MAIL ORDER (UP TO A 90-DAY SUPPLY),,CO-PAY IN $,50,10,100,30,30,3,50,low,high,RISK,2
3,4,4,2,Salaried,1012,Yes,Owns,58,56,100,20,8,MAIL ORDER (UP TO A 90-DAY SUPPLY),,CO-PAY IN $,50,30,10,100,30,3,50,low,high,RISK,2
2,2,4,3,Bonus,1248,Yes,Rents,39,74,85,20,8,MAIL ORDER (UP TO A 90-DAY SUPPLY),,CO-PAY IN $,10,30,100,50,30,3,50,low,high,RISK,2
2,3,3,3,Salaried,1214,No,Owns,37,67,81,20,8,MAIL ORDER (UP TO A 90-DAY SUPPLY),,CO-PAY IN $,100,50,10,30,30,3,50,low,high,RISK,2
4,3,3,2,Salaried,2852,Yes,Rents,38,64,80,20,8,MAIL ORDER (UP TO A 90-DAY SUPPLY),,CO-PAY IN $,50,10,100,30,30,3,50,low,high,RISK,2
3,3,2,2,Bonus,1440,Yes,Owns,46,75,83,20,8,MAIL ORDER (UP TO A 90-DAY SUPPLY),,CO-PAY IN $,50,10,30,100,30,3,50,low,high,RISK,2
4,2,4,3,Bonus,2951,No,Owns,48,51,79,20,8,MAIL ORDER (UP TO A 90-DAY SUPPLY),,CO-PAY IN $,100,30,50,10,30,3,50,low,high,RISK,2
1,0,0,1,Salaried,4377,No,Rents,4,9,1,20,9,MAIL ORDER (UP TO A 90-DAY SUPPLY),,CO-PAY IN $,100,10,30,50,50,2,5,high,low,RISK,3
0,0,1,0,Salaried,1919,No,Owns,4,4,5,20,9,MAIL ORDER (UP TO A 90-DAY SUPPLY),,CO-PAY IN $,10,30,50,100,50,2,5,high,low,RISK,3
0,0,0,0,Salaried,4671,Yes,Rents,7,1,2,20,9,MAIL ORDER (UP TO A 90-DAY SUPPLY),,CO-PAY IN $,30,10,100,50,50,2,5,high,low,RISK,3
1,1,0,0,Bonus,1139,No,Owns,6,6,5,20,9,MAIL ORDER (UP TO A 90-DAY SUPPLY),,CO-PAY IN $,50,10,30,100,50,2,5,high,low,RISK,3
0,1,1,0,Bonus,3085,No,Rents,3,1,13,20,9,MAIL ORDER (UP TO A 90-DAY SUPPLY),,CO-PAY IN $,10,50,100,30,50,2,5,high,low,RISK,3
0,1,1,0,Salaried,912,Yes,Rents,9,3,4,20,9,MAIL ORDER (UP TO A 90-DAY SUPPLY),,CO-PAY IN $,100,30,50,10,50,2,5,high,low,RISK,3
1,0,1,0,Hourly,3561,Yes,Owns,5,2,0,20,9,MAIL ORDER (UP TO A 90-DAY SUPPLY),,CO-PAY IN $,50,100,10,30,50,2,5,high,low,RISK,3
1,1,0,0,Hourly,4350,No,Rents,2,5,12,20,9,MAIL ORDER (UP TO A 90-DAY SUPPLY),,CO-PAY IN $,10,100,50,30,50,2,5,high,low,RISK,3
1,1,0,1,Salaried,3664,No,Owns,1,6,13,20,9,MAIL ORDER (UP TO A 90-DAY SUPPLY),,CO-PAY IN $,50,10,30,100,50,2,5,high,low,RISK,3
0,0,0,0,Bonus,1972,Yes,Owns,9,4,5,20,9,MAIL ORDER (UP TO A 90-DAY SUPPLY),,CO-PAY IN $,100,30,50,10,50,2,5,high,low,RISK,3
0,0,1,1,Salaried,1235,Yes,Rents,7,4,8,20,9,MAIL ORDER (UP TO A 90-DAY SUPPLY),,CO-PAY IN $,10,30,50,100,50,2,5,high,low,RISK,3
0,1,0,0,Bonus,2294,Yes,Owns,4,9,4,20,9,MAIL ORDER (UP TO A 90-DAY SUPPLY),,CO-PAY IN $,10,30,50,100,50,2,5,high,low,RISK,3
0,0,1,0,Salaried,4592,Yes,Rents,9,7,9,20,9,MAIL ORDER (UP TO A 90-DAY SUPPLY),,CO-PAY IN $,30,50,100,10,50,2,5,high,low,RISK,3
0,0,0,1,Hourly,2183,Yes,Owns,1,5,23,20,9,MAIL ORDER (UP TO A 90-DAY SUPPLY),,CO-PAY IN $,100,30,10,50,50,2,5,high,low,RISK,3
0,0,1,0,Salaried,1622,Yes,Rents,2,1,9,20,9,MAIL ORDER (UP TO A 90-DAY SUPPLY),,CO-PAY IN $,100,30,10,50,50,2,5,high,low,RISK,3
0,1,0,1,Salaried,4259,Yes,Rents,1,8,6,20,9,MAIL ORDER (UP TO A 90-DAY SUPPLY),,CO-PAY IN $,100,10,30,50,50,2,5,high,low,RISK,3
1,0,0,1,Salaried,4138,No,Owns,9,2,1,20,9,MAIL ORDER (UP TO A 90-DAY SUPPLY),,CO-PAY IN $,10,50,100,30,50,2,5,high,low,RISK,3
1,0,0,1,Bonus,2742,No,Owns,10,10,2,20,9,MAIL ORDER (UP TO A 90-DAY SUPPLY),,CO-PAY IN $,100,50,10,30,50,2,5,high,low,RISK,3
0,0,0,1,Bonus,4027,Yes,Rents,3,4,3,20,9,MAIL ORDER (UP TO A 90-DAY SUPPLY),,CO-PAY IN $,30,10,50,100,50,2,5,high,low,RISK,3
1,0,0,0,Bonus,3643,No,Rents,8,2,25,20,9,MAIL ORDER (UP TO A 90-DAY SUPPLY),,CO-PAY IN $,100,10,50,30,50,2,5,high,low,RISK,3
1,0,1,0,Salaried,1855,No,Rents,9,10,10,20,9,MAIL ORDER (UP TO A 90-DAY SUPPLY),,CO-PAY IN $,10,30,100,50,50,2,5,high,low,RISK,3
0,1,0,0,Bonus,4199,No,Owns,7,7,6,20,9,MAIL ORDER (UP TO A 90-DAY SUPPLY),,CO-PAY IN $,10,100,30,50,50,2,5,high,low,RISK,3
0,1,0,0,Salaried,358,No,Rents,5,5,5,20,9,MAIL ORDER (UP TO A 90-DAY SUPPLY),,CO-PAY IN $,30,50,100,10,50,2,5,high,low,RISK,3
0,0,1,0,Salaried,2175,No,Owns,8,10,8,20,9,MAIL ORDER (UP TO A 90-DAY SUPPLY),,CO-PAY IN $,10,50,30,100,50,2,5,high,low,RISK,3
0,1,0,0,Bonus,2804,No,Owns,4,0,4,20,9,MAIL ORDER (UP TO A 90-DAY SUPPLY),,CO-PAY IN $,50,10,100,30,50,2,5,high,low,RISK,3
1,1,1,0,Bonus,2793,Yes,Owns,9,9,1,20,9,MAIL ORDER (UP TO A 90-DAY SUPPLY),,CO-PAY IN $,100,10,50,30,50,2,5,high,low,RISK,3
1,0,1,0,Salaried,1366,No,Owns,7,4,5,20,9,MAIL ORDER (UP TO A 90-DAY SUPPLY),,CO-PAY IN $,50,10,30,100,50,2,5,high,low,RISK,3
0,1,1,1,Salaried,3990,No,Rents,6,1,2,20,9,MAIL ORDER (UP TO A 90-DAY SUPPLY),,CO-PAY IN $,100,30,10,50,50,2,5,high,low,RISK,3
0,0,0,0,Salaried,1625,No,Owns,8,6,5,20,9,MAIL ORDER (UP TO A 90-DAY SUPPLY),,CO-PAY IN $,10,50,30,100,50,2,5,high,low,RISK,3
1,1,0,0,Hourly,1178,No,Owns,0,1,13,20,9,MAIL ORDER (UP TO A 90-DAY SUPPLY),,CO-PAY IN $,10,100,50,30,50,2,5,high,low,RISK,3
0,0,0,0,Hourly,2665,No,Rents,2,3,4,20,9,MAIL ORDER (UP TO A 90-DAY SUPPLY),,CO-PAY IN $,100,10,30,50,50,2,5,high,low,RISK,3
1,1,1,0,Hourly,4144,No,Owns,3,2,0,20,9,MAIL ORDER (UP TO A 90-DAY SUPPLY),,CO-PAY IN $,10,50,30,100,50,2,5,high,low,RISK,3
0,0,1,0,Hourly,2547,Yes,Owns,7,5,12,20,9,MAIL ORDER (UP TO A 90-DAY SUPPLY),,CO-PAY IN $,100,50,10,30,50,2,5,high,low,RISK,3
1,0,1,0,Hourly,152,Yes,Owns,8,6,13,20,9,MAIL ORDER (UP TO A 90-DAY SUPPLY),,CO-PAY IN $,10,100,30,50,50,2,5,high,low,RISK,3
0,0,0,0,Bonus,2909,Yes,Rents,3,4,5,20,9,MAIL ORDER (UP TO A 90-DAY SUPPLY),,CO-PAY IN $,30,100,10,50,50,2,5,high,low,RISK,3
1,1,0,0,Bonus,2404,Yes,Owns,5,4,8,20,9,MAIL ORDER (UP TO A 90-DAY SUPPLY),,CO-PAY IN $,100,50,10,30,50,2,5,high,low,RISK,3
1,0,1,1,Bonus,144,Yes,Owns,4,9,4,20,9,MAIL ORDER (UP TO A 90-DAY SUPPLY),,CO-PAY IN $,50,100,10,30,50,2,5,high,low,RISK,3
1,0,1,0,Hourly,2250,No,Owns,4,7,9,20,9,MAIL ORDER (UP TO A 90-DAY SUPPLY),,CO-PAY IN $,30,100,50,10,50,2,5,high,low,RISK,3
1,0,0,0,Hourly,4826,No,Owns,4,5,23,20,9,MAIL ORDER (UP TO A 90-DAY SUPPLY),,CO-PAY IN $,10,100,30,50,50,2,5,high,low,RISK,3
1,1,0,0,Salaried,792,No,Owns,5,1,9,20,9,MAIL ORDER (UP TO A 90-DAY SUPPLY),,CO-PAY IN $,50,30,10,100,50,2,5,high,low,RISK,3
0,1,0,0,Hourly,3429,No,Rents,8,8,6,20,9,MAIL ORDER (UP TO A 90-DAY SUPPLY),,CO-PAY IN $,10,30,100,50,50,2,5,high,low,RISK,3
0,1,0,0,Hourly,1596,Yes,Owns,5,2,1,20,9,MAIL ORDER (UP TO A 90-DAY SUPPLY),,CO-PAY IN $,100,10,30,50,50,2,5,high,low,RISK,3
1,1,1,0,Salaried,83,Yes,Owns,2,10,2,20,9,MAIL ORDER (UP TO A 90-DAY SUPPLY),,CO-PAY IN $,100,30,50,10,50,2,5,high,low,RISK,3
1,1,0,1,Salaried,3601,No,Owns,1,4,3,20,9,MAIL ORDER (UP TO A 90-DAY SUPPLY),,CO-PAY IN $,100,50,10,30,50,2,5,high,low,RISK,3
0,0,0,1,Bonus,861,No,Owns,8,2,25,20,9,MAIL ORDER (UP TO A 90-DAY SUPPLY),,CO-PAY IN $,30,100,50,10,50,2,5,high,low,RISK,3
0,1,1,1,Salaried,2240,Yes,Rents,8,10,10,20,9,MAIL ORDER (UP TO A 90-DAY SUPPLY),,CO-PAY IN $,100,50,10,30,50,2,5,high,low,RISK,3
0,0,0,0,Hourly,2384,No,Rents,1,7,6,20,9,MAIL ORDER (UP TO A 90-DAY SUPPLY),,CO-PAY IN $,10,30,100,50,50,2,5,high,low,RISK,3
0,0,0,0,Bonus,2363,Yes,Rents,6,5,5,20,9,MAIL ORDER (UP TO A 90-DAY SUPPLY),,CO-PAY IN $,50,10,30,100,50,2,5,high,low,RISK,3
0,0,1,0,Salaried,4539,No,Owns,3,10,8,20,9,MAIL ORDER (UP TO A 90-DAY SUPPLY),,CO-PAY IN $,50,30,10,100,50,2,5,high,low,RISK,3
0,0,0,0,Bonus,489,No,Rents,3,0,4,20,9,MAIL ORDER (UP TO A 90-DAY SUPPLY),,CO-PAY IN $,30,50,100,10,50,2,5,high,low,RISK,3
0,1,0,1,Bonus,4623,Yes,Owns,2,9,1,20,9,MAIL ORDER (UP TO A 90-DAY SUPPLY),,CO-PAY IN $,50,100,30,10,50,2,5,high,low,RISK,3
0,0,0,0,Salaried,153,Yes,Owns,0,4,5,20,9,MAIL ORDER (UP TO A 90-DAY SUPPLY),,CO-PAY IN $,50,100,10,30,50,2,5,high,low,RISK,3
0,1,1,0,Salaried,3954,No,Owns,1,1,2,20,9,MAIL ORDER (UP TO A 90-DAY SUPPLY),,CO-PAY IN $,100,30,10,50,50,2,5,high,low,RISK,3
0,0,0,0,Salaried,4742,No,Rents,0,6,5,20,9,MAIL ORDER (UP TO A 90-DAY SUPPLY),,CO-PAY IN $,50,100,30,10,50,2,5,high,low,RISK,3
0,0,0,0,Hourly,3289,No,Rents,8,1,13,20,9,MAIL ORDER (UP TO A 90-DAY SUPPLY),,CO-PAY IN $,100,10,30,50,50,2,5,high,low,RISK,3
0,0,0,0,Bonus,3409,Yes,Rents,6,3,4,20,9,MAIL ORDER (UP TO A 90-DAY SUPPLY),,CO-PAY IN $,100,30,10,50,50,2,5,high,low,RISK,3
0,0,1,0,Bonus,3179,No,Rents,2,2,0,20,9,MAIL ORDER (UP TO A 90-DAY SUPPLY),,CO-PAY IN $,30,10,100,50,50,2,5,high,low,RISK,3
0,0,0,0,Bonus,4271,No,Rents,3,5,12,20,9,MAIL ORDER (UP TO A 90-DAY SUPPLY),,CO-PAY IN $,30,100,50,10,50,2,5,high,low,RISK,3
0,0,0,0,Hourly,4605,Yes,Rents,4,6,13,20,9,MAIL ORDER (UP TO A 90-DAY SUPPLY),,CO-PAY IN $,10,30,100,50,50,2,5,high,low,RISK,3
0,1,1,1,Salaried,3042,Yes,Rents,1,4,5,20,9,MAIL ORDER (UP TO A 90-DAY SUPPLY),,CO-PAY IN $,30,50,10,100,50,2,5,high,low,RISK,3
0,1,1,0,Hourly,170,No,Rents,9,4,8,20,9,MAIL ORDER (UP TO A 90-DAY SUPPLY),,CO-PAY IN $,10,30,100,50,50,2,5,high,low,RISK,3
0,0,0,1,Salaried,2062,No,Rents,2,9,4,20,9,MAIL ORDER (UP TO A 90-DAY SUPPLY),,CO-PAY IN $,10,50,100,30,50,2,5,high,low,RISK,3
1,0,1,1,Bonus,1962,No,Rents,0,7,9,20,9,MAIL ORDER (UP TO A 90-DAY SUPPLY),,CO-PAY IN $,30,50,10,100,50,2,5,high,low,RISK,3
0,0,0,0,Bonus,1006,No,Owns,5,5,23,20,9,MAIL ORDER (UP TO A 90-DAY SUPPLY),,CO-PAY IN $,30,10,50,100,50,2,5,high,low,RISK,3
0,1,0,1,Salaried,4555,No,Rents,2,1,9,20,9,MAIL ORDER (UP TO A 90-DAY SUPPLY),,CO-PAY IN $,10,50,30,100,50,2,5,high,low,RISK,3
1,0,1,0,Bonus,458,No,Rents,4,8,6,20,9,MAIL ORDER (UP TO A 90-DAY SUPPLY),,CO-PAY IN $,10,50,100,30,50,2,5,high,low,RISK,3
1,0,1,0,Hourly,1593,No,Owns,0,2,1,20,9,MAIL ORDER (UP TO A 90-DAY SUPPLY),,CO-PAY IN $,10,30,50,100,50,2,5,high,low,RISK,3
0,1,0,0,Hourly,4519,Yes,Owns,4,10,2,20,9,MAIL ORDER (UP TO A 90-DAY SUPPLY),,CO-PAY IN $,50,30,10,100,50,2,5,high,low,RISK,3
0,1,0,0,Bonus,2639,No,Rents,0,4,3,20,9,MAIL ORDER (UP TO A 90-DAY SUPPLY),,CO-PAY IN $,100,10,50,30,50,2,5,high,low,RISK,3
0,0,1,0,Hourly,2563,Yes,Rents,8,2,25,20,9,MAIL ORDER (UP TO A 90-DAY SUPPLY),,CO-PAY IN $,30,50,100,10,50,2,5,high,low,RISK,3
0,0,1,1,Bonus,2810,Yes,Owns,8,10,10,20,9,MAIL ORDER (UP TO A 90-DAY SUPPLY),,CO-PAY IN $,10,100,50,30,50,2,5,high,low,RISK,3
0,0,0,1,Hourly,2954,Yes,Owns,10,7,6,20,9,MAIL ORDER (UP TO A 90-DAY SUPPLY),,CO-PAY IN $,50,30,10,100,50,2,5,high,low,RISK,3
0,0,1,0,Hourly,2299,Yes,Owns,6,5,5,20,9,MAIL ORDER (UP TO A 90-DAY SUPPLY),,CO-PAY IN $,100,50,30,10,50,2,5,high,low,RISK,3
0,0,1,1,Hourly,1155,No,Rents,1,10,8,20,9,MAIL ORDER (UP TO A 90-DAY SUPPLY),,CO-PAY IN $,10,50,100,30,50,2,5,high,low,RISK,3
1,0,1,0,Bonus,1856,Yes,Rents,7,0,4,20,9,MAIL ORDER (UP TO A 90-DAY SUPPLY),,CO-PAY IN $,100,10,50,30,50,2,5,high,low,RISK,3
1,1,0,0,Salaried,3352,Yes,Rents,1,9,1,20,9,MAIL ORDER (UP TO A 90-DAY SUPPLY),,CO-PAY IN $,100,30,50,10,50,2,5,high,low,RISK,3
1,0,0,0,Hourly,3735,Yes,Owns,8,4,5,20,9,MAIL ORDER (UP TO A 90-DAY SUPPLY),,CO-PAY IN $,30,100,10,50,50,2,5,high,low,RISK,3
1,0,0,1,Salaried,1125,Yes,Rents,1,1,2,20,9,MAIL ORDER (UP TO A 90-DAY SUPPLY),,CO-PAY IN $,30,100,10,50,50,2,5,high,low,RISK,3
1,0,1,0,Bonus,4695,No,Owns,0,6,5,20,9,MAIL ORDER (UP TO A 90-DAY SUPPLY),,CO-PAY IN $,10,100,50,30,50,2,5,high,low,RISK,3
0,0,0,1,Salaried,1210,No,Rents,9,1,13,20,9,MAIL ORDER (UP TO A 90-DAY SUPPLY),,CO-PAY IN $,100,30,50,10,50,2,5,high,low,RISK,3
1,1,1,0,Bonus,3149,No,Owns,1,3,4,20,9,MAIL ORDER (UP TO A 90-DAY SUPPLY),,CO-PAY IN $,50,10,100,30,50,2,5,high,low,RISK,3
1,0,0,0,Bonus,3757,No,Rents,1,2,0,20,9,MAIL ORDER (UP TO A 90-DAY SUPPLY),,CO-PAY IN $,100,30,10,50,50,2,5,high,low,RISK,3
1,0,1,1,Salaried,4038,Yes,Rents,5,5,12,20,9,MAIL ORDER (UP TO A 90-DAY SUPPLY),,CO-PAY IN $,50,10,100,30,50,2,5,high,low,RISK,3
0,0,0,1,Bonus,381,No,Owns,2,6,13,20,9,MAIL ORDER (UP TO A 90-DAY SUPPLY),,CO-PAY IN $,50,30,10,100,50,2,5,high,low,RISK,3
0,0,0,0,Hourly,2879,Yes,Rents,9,4,5,20,9,MAIL ORDER (UP TO A 90-DAY SUPPLY),,CO-PAY IN $,30,50,100,10,50,2,5,high,low,RISK,3
0,1,0,0,Hourly,2246,No,Owns,9,4,8,20,9,MAIL ORDER (UP TO A 90-DAY SUPPLY),,CO-PAY IN $,10,100,30,50,50,2,5,high,low,RISK,3
0,1,0,0,Hourly,3337,No,Rents,1,9,4,20,9,MAIL ORDER (UP TO A 90-DAY SUPPLY),,CO-PAY IN $,50,100,30,10,50,2,5,high,low,RISK,3
1,0,0,0,Hourly,874,No,Owns,9,7,9,20,9,MAIL ORDER (UP TO A 90-DAY SUPPLY),,CO-PAY IN $,100,30,10,50,50,2,5,high,low,RISK,3
0,1,0,0,Hourly,4470,Yes,Owns,0,5,23,20,9,MAIL ORDER (UP TO A 90-DAY SUPPLY),,CO-PAY IN $,100,30,10,50,50,2,5,high,low,RISK,3
1,0,1,0,Hourly,3252,Yes,Owns,4,1,9,20,9,MAIL ORDER (UP TO A 90-DAY SUPPLY),,CO-PAY IN $,100,10,50,30,50,2,5,high,low,RISK,3
0,1,0,0,Hourly,176,Yes,Rents,3,8,6,20,9,MAIL ORDER (UP TO A 90-DAY SUPPLY),,CO-PAY IN $,10,30,50,100,50,2,5,high,low,RISK,3
0,0,1,0,Hourly,3681,Yes,Owns,1,2,1,20,9,MAIL ORDER (UP TO A 90-DAY SUPPLY),,CO-PAY IN $,30,50,100,10,50,2,5,high,low,RISK,3
0,1,1,1,Hourly,1019,Yes,Owns,8,10,2,20,9,MAIL ORDER (UP TO A 90-DAY SUPPLY),,CO-PAY IN $,30,100,10,50,50,2,5,high,low,RISK,3
0,1,1,0,Bonus,4493,Yes,Owns,10,4,3,20,9,MAIL ORDER (UP TO A 90-DAY SUPPLY),,CO-PAY IN $,10,100,50,30,50,2,5,high,low,RISK,3
0,1,1,0,Salaried,1012,Yes,Owns,8,2,25,20,9,MAIL ORDER (UP TO A 90-DAY SUPPLY),,CO-PAY IN $,100,50,10,30,50,2,5,high,low,RISK,3
0,0,0,0,Bonus,1248,Yes,Rents,1,10,10,20,9,MAIL ORDER (UP TO A 90-DAY SUPPLY),,CO-PAY IN $,100,50,10,30,50,2,5,high,low,RISK,3
0,0,0,0,Salaried,1214,No,Owns,1,7,6,20,9,MAIL ORDER (UP TO A 90-DAY SUPPLY),,CO-PAY IN $,50,100,10,30,50,2,5,high,low,RISK,3
1,0,0,0,Salaried,2852,Yes,Rents,1,5,5,20,9,MAIL ORDER (UP TO A 90-DAY SUPPLY),,CO-PAY IN $,30,50,10,100,50,2,5,high,low,RISK,3
0,0,0,0,Bonus,1440,Yes,Owns,4,10,8,20,9,MAIL ORDER (UP TO A 90-DAY SUPPLY),,CO-PAY IN $,100,50,10,30,50,2,5,high,low,RISK,3
1,0,1,0,Bonus,2951,No,Owns,4,0,4,20,9,MAIL ORDER (UP TO A 90-DAY SUPPLY),,CO-PAY IN $,10,30,100,50,50,2,5,high,low,RISK,3
2,1,0,2,Salaried,4377,No,Rents,10,19,27,20,10,MAIL ORDER (UP TO A 90-DAY SUPPLY),,CO-PAY IN $,50,30,10,100,50,2,10,high,low,RISK,3
0,1,1,0,Salaried,1919,No,Owns,10,15,31,20,10,MAIL ORDER (UP TO A 90-DAY SUPPLY),,CO-PAY IN $,10,100,50,30,50,2,10,high,low,RISK,3
1,1,0,0,Salaried,4671,Yes,Rents,15,12,28,20,10,MAIL ORDER (UP TO A 90-DAY SUPPLY),,CO-PAY IN $,10,100,30,50,50,2,10,high,low,RISK,3
2,1,0,0,Bonus,1139,No,Owns,13,16,31,20,10,MAIL ORDER (UP TO A 90-DAY SUPPLY),,CO-PAY IN $,30,10,50,100,50,2,10,high,low,RISK,3
1,1,2,1,Bonus,3085,No,Rents,9,12,39,20,10,MAIL ORDER (UP TO A 90-DAY SUPPLY),,CO-PAY IN $,10,50,100,30,50,2,10,high,low,RISK,3
0,1,2,0,Salaried,912,Yes,Rents,16,14,30,20,10,MAIL ORDER (UP TO A 90-DAY SUPPLY),,CO-PAY IN $,30,50,10,100,50,2,10,high,low,RISK,3
1,0,2,1,Hourly,3561,Yes,Owns,12,13,26,20,10,MAIL ORDER (UP TO A 90-DAY SUPPLY),,CO-PAY IN $,30,50,100,10,50,2,10,high,low,RISK,3
1,2,0,0,Hourly,4350,No,Rents,7,16,37,20,10,MAIL ORDER (UP TO A 90-DAY SUPPLY),,CO-PAY IN $,10,100,30,50,50,2,10,high,low,RISK,3
2,2,1,2,Salaried,3664,No,Owns,7,16,39,20,10,MAIL ORDER (UP TO A 90-DAY SUPPLY),,CO-PAY IN $,10,100,50,30,50,2,10,high,low,RISK,3
0,0,0,1,Bonus,1972,Yes,Owns,17,14,30,20,10,MAIL ORDER (UP TO A 90-DAY SUPPLY),,CO-PAY IN $,100,50,10,30,50,2,10,high,low,RISK,3
1,0,2,2,Salaried,1235,Yes,Rents,14,14,34,20,10,MAIL ORDER (UP TO A 90-DAY SUPPLY),,CO-PAY IN $,50,100,10,30,50,2,10,high,low,RISK,3
0,2,0,1,Bonus,2294,Yes,Owns,10,19,30,20,10,MAIL ORDER (UP TO A 90-DAY SUPPLY),,CO-PAY IN $,10,50,30,100,50,2,10,high,low,RISK,3
0,1,2,0,Salaried,4592,Yes,Rents,16,17,35,20,10,MAIL ORDER (UP TO A 90-DAY SUPPLY),,CO-PAY IN $,10,30,100,50,50,2,10,high,low,RISK,3
0,0,1,1,Hourly,2183,Yes,Owns,6,15,48,20,10,MAIL ORDER (UP TO A 90-DAY SUPPLY),,CO-PAY IN $,10,30,50,100,50,2,10,high,low,RISK,3
1,1,2,1,Salaried,1622,Yes,Rents,8,12,35,20,10,MAIL ORDER (UP TO A 90-DAY SUPPLY),,CO-PAY IN $,10,30,50,100,50,2,10,high,low,RISK,3
1,2,1,2,Salaried,4259,Yes,Rents,6,18,32,20,10,MAIL ORDER (UP TO A 90-DAY SUPPLY),,CO-PAY IN $,30,50,100,10,50,2,10,high,low,RISK,3
2,1,1,2,Salaried,4138,No,Owns,17,13,27,20,10,MAIL ORDER (UP TO A 90-DAY SUPPLY),,CO-PAY IN $,30,50,100,10,50,2,10,high,low,RISK,3
2,0,1,2,Bonus,2742,No,Owns,17,20,28,20,10,MAIL ORDER (UP TO A 90-DAY SUPPLY),,CO-PAY IN $,10,50,100,30,50,2,10,high,low,RISK,3
1,1,0,2,Bonus,4027,Yes,Rents,8,14,29,20,10,MAIL ORDER (UP TO A 90-DAY SUPPLY),,CO-PAY IN $,50,30,100,10,50,2,10,high,low,RISK,3
1,1,0,0,Bonus,3643,No,Rents,16,13,50,20,10,MAIL ORDER (UP TO A 90-DAY SUPPLY),,CO-PAY IN $,10,30,50,100,50,2,10,high,low,RISK,3
1,0,2,0,Salaried,1855,No,Rents,17,20,35,20,10,MAIL ORDER (UP TO A 90-DAY SUPPLY),,CO-PAY IN $,50,10,100,30,50,2,10,high,low,RISK,3
1,2,0,1,Bonus,4199,No,Owns,14,17,32,20,10,MAIL ORDER (UP TO A 90-DAY SUPPLY),,CO-PAY IN $,30,50,100,10,50,2,10,high,low,RISK,3
0,2,1,0,Salaried,358,No,Rents,12,16,31,20,10,MAIL ORDER (UP TO A 90-DAY SUPPLY),,CO-PAY IN $,100,10,50,30,50,2,10,high,low,RISK,3
1,1,1,1,Salaried,2175,No,Owns,16,20,34,20,10,MAIL ORDER (UP TO A 90-DAY SUPPLY),,CO-PAY IN $,10,50,30,100,50,2,10,high,low,RISK,3
1,1,0,0,Bonus,2804,No,Owns,11,11,30,20,10,MAIL ORDER (UP TO A 90-DAY SUPPLY),,CO-PAY IN $,100,50,30,10,50,2,10,high,low,RISK,3
2,1,2,1,Bonus,2793,Yes,Owns,17,19,27,20,10,MAIL ORDER (UP TO A 90-DAY SUPPLY),,CO-PAY IN $,100,10,50,30,50,2,10,high,low,RISK,3
2,0,2,0,Salaried,1366,No,Owns,14,15,31,20,10,MAIL ORDER (UP TO A 90-DAY SUPPLY),,CO-PAY IN $,30,10,100,50,50,2,10,high,low,RISK,3
0,1,1,2,Salaried,3990,No,Rents,13,12,28,20,10,MAIL ORDER (UP TO A 90-DAY SUPPLY),,CO-PAY IN $,10,50,30,100,50,2,10,high,low,RISK,3
0,1,1,0,Salaried,1625,No,Owns,16,16,31,20,10,MAIL ORDER (UP TO A 90-DAY SUPPLY),,CO-PAY IN $,100,10,30,50,50,2,10,high,low,RISK,3
1,2,0,0,Hourly,1178,No,Owns,5,12,39,20,10,MAIL ORDER (UP TO A 90-DAY SUPPLY),,CO-PAY IN $,100,50,30,10,50,2,10,high,low,RISK,3
1,1,0,0,Hourly,2665,No,Rents,8,14,30,20,10,MAIL ORDER (UP TO A 90-DAY SUPPLY),,CO-PAY IN $,50,100,10,30,50,2,10,high,low,RISK,3
1,1,2,0,Hourly,4144,No,Owns,9,13,26,20,10,MAIL ORDER (UP TO A 90-DAY SUPPLY),,CO-PAY IN $,100,10,30,50,50,2,10,high,low,RISK,3
1,1,2,0,Hourly,2547,Yes,Owns,14,16,37,20,10,MAIL ORDER (UP TO A 90-DAY SUPPLY),,CO-PAY IN $,100,30,50,10,50,2,10,high,low,RISK,3
1,1,1,0,Hourly,152,Yes,Owns,15,16,39,20,10,MAIL ORDER (UP TO A 90-DAY SUPPLY),,CO-PAY IN $,50,100,10,30,50,2,10,high,low,RISK,3
0,0,0,0,Bonus,2909,Yes,Rents,9,14,30,20,10,MAIL ORDER (UP TO A 90-DAY SUPPLY),,CO-PAY IN $,50,100,30,10,50,2,10,high,low,RISK,3
2,2,1,1,Bonus,2404,Yes,Owns,11,14,34,20,10,MAIL ORDER (UP TO A 90-DAY SUPPLY),,CO-PAY IN $,50,100,30,10,50,2,10,high,low,RISK,3
2,0,1,2,Bonus,144,Yes,Owns,10,19,30,20,10,MAIL ORDER (UP TO A 90-DAY SUPPLY),,CO-PAY IN $,30,10,100,50,50,2,10,high,low,RISK,3
2,0,1,0,Hourly,2250,No,Owns,11,17,35,20,10,MAIL ORDER (UP TO A 90-DAY SUPPLY),,CO-PAY IN $,100,30,10,50,50,2,10,high,low,RISK,3
2,0,0,0,Hourly,4826,No,Owns,10,15,48,20,10,MAIL ORDER (UP TO A 90-DAY SUPPLY),,CO-PAY IN $,100,10,30,50,50,2,10,high,low,RISK,3
1,1,0,0,Salaried,792,No,Owns,12,12,35,20,10,MAIL ORDER (UP TO A 90-DAY SUPPLY),,CO-PAY IN $,30,100,10,50,50,2,10,high,low,RISK,3
0,2,0,1,Hourly,3429,No,Rents,15,18,32,20,10,MAIL ORDER (UP TO A 90-DAY SUPPLY),,CO-PAY IN $,10,30,100,50,50,2,10,high,low,RISK,3
0,2,0,1,Hourly,1596,Yes,Owns,11,13,27,20,10,MAIL ORDER (UP TO A 90-DAY SUPPLY),,CO-PAY IN $,50,30,10,100,50,2,10,high,low,RISK,3
1,1,2,0,Salaried,83,Yes,Owns,7,20,28,20,10,MAIL ORDER (UP TO A 90-DAY SUPPLY),,CO-PAY IN $,50,10,30,100,50,2,10,high,low,RISK,3
1,2,0,2,Salaried,3601,No,Owns,6,14,29,20,10,MAIL ORDER (UP TO A 90-DAY SUPPLY),,CO-PAY IN $,50,100,30,10,50,2,10,high,low,RISK,3
1,1,0,1,Bonus,861,No,Owns,15,13,50,20,10,MAIL ORDER (UP TO A 90-DAY SUPPLY),,CO-PAY IN $,10,100,50,30,50,2,10,high,low,RISK,3
0,2,2,2,Salaried,2240,Yes,Rents,15,20,35,20,10,MAIL ORDER (UP TO A 90-DAY SUPPLY),,CO-PAY IN $,10,100,30,50,50,2,10,high,low,RISK,3
1,0,0,0,Hourly,2384,No,Rents,6,17,32,20,10,MAIL ORDER (UP TO A 90-DAY SUPPLY),,CO-PAY IN $,50,10,30,100,50,2,10,high,low,RISK,3
0,0,0,0,Bonus,2363,Yes,Rents,12,16,31,20,10,MAIL ORDER (UP TO A 90-DAY SUPPLY),,CO-PAY IN $,100,10,30,50,50,2,10,high,low,RISK,3
1,1,2,0,Salaried,4539,No,Owns,10,20,34,20,10,MAIL ORDER (UP TO A 90-DAY SUPPLY),,CO-PAY IN $,30,50,100,10,50,2,10,high,low,RISK,3
1,1,0,0,Bonus,489,No,Rents,9,11,30,20,10,MAIL ORDER (UP TO A 90-DAY SUPPLY),,CO-PAY IN $,10,50,100,30,50,2,10,high,low,RISK,3
1,2,0,2,Bonus,4623,Yes,Owns,7,19,27,20,10,MAIL ORDER (UP TO A 90-DAY SUPPLY),,CO-PAY IN $,30,50,10,100,50,2,10,high,low,RISK,3
1,0,0,0,Salaried,153,Yes,Owns,5,15,31,20,10,MAIL ORDER (UP TO A 90-DAY SUPPLY),,CO-PAY IN $,30,10,50,100,50,2,10,high,low,RISK,3
0,2,2,1,Salaried,3954,No,Owns,6,12,28,20,10,MAIL ORDER (UP TO A 90-DAY SUPPLY),,CO-PAY IN $,100,10,50,30,50,2,10,high,low,RISK,3
0,1,0,0,Salaried,4742,No,Rents,5,16,31,20,10,MAIL ORDER (UP TO A 90-DAY SUPPLY),,CO-PAY IN $,50,30,100,10,50,2,10,high,low,RISK,3
0,0,0,1,Hourly,3289,No,Rents,15,12,39,20,10,MAIL ORDER (UP TO A 90-DAY SUPPLY),,CO-PAY IN $,50,100,10,30,50,2,10,high,low,RISK,3
0,0,1,1,Bonus,3409,Yes,Rents,13,14,30,20,10,MAIL ORDER (UP TO A 90-DAY SUPPLY),,CO-PAY IN $,10,30,100,50,50,2,10,high,low,RISK,3
0,0,2,1,Bonus,3179,No,Rents,8,13,26,20,10,MAIL ORDER (UP TO A 90-DAY SUPPLY),,CO-PAY IN $,50,30,100,10,50,2,10,high,low,RISK,3
0,0,0,1,Bonus,4271,No,Rents,9,16,37,20,10,MAIL ORDER (UP TO A 90-DAY SUPPLY),,CO-PAY IN $,10,50,100,30,50,2,10,high,low,RISK,3
0,0,0,0,Hourly,4605,Yes,Rents,10,16,39,20,10,MAIL ORDER (UP TO A 90-DAY SUPPLY),,CO-PAY IN $,100,50,30,10,50,2,10,high,low,RISK,3
0,2,2,2,Salaried,3042,Yes,Rents,6,14,30,20,10,MAIL ORDER (UP TO A 90-DAY SUPPLY),,CO-PAY IN $,30,10,100,50,50,2,10,high,low,RISK,3
0,2,2,0,Hourly,170,No,Rents,16,14,34,20,10,MAIL ORDER (UP TO A 90-DAY SUPPLY),,CO-PAY IN $,50,30,100,10,50,2,10,high,low,RISK,3
0,1,0,2,Salaried,2062,No,Rents,7,19,30,20,10,MAIL ORDER (UP TO A 90-DAY SUPPLY),,CO-PAY IN $,30,10,100,50,50,2,10,high,low,RISK,3
1,1,2,2,Bonus,1962,No,Rents,5,17,35,20,10,MAIL ORDER (UP TO A 90-DAY SUPPLY),,CO-PAY IN $,10,50,100,30,50,2,10,high,low,RISK,3
0,0,0,0,Bonus,1006,No,Owns,11,15,48,20,10,MAIL ORDER (UP TO A 90-DAY SUPPLY),,CO-PAY IN $,10,50,100,30,50,2,10,high,low,RISK,3
0,2,1,2,Salaried,4555,No,Rents,8,12,35,20,10,MAIL ORDER (UP TO A 90-DAY SUPPLY),,CO-PAY IN $,100,50,10,30,50,2,10,high,low,RISK,3
2,1,1,0,Bonus,458,No,Rents,10,18,32,20,10,MAIL ORDER (UP TO A 90-DAY SUPPLY),,CO-PAY IN $,100,30,50,10,50,2,10,high,low,RISK,3
2,0,2,1,Hourly,1593,No,Owns,5,13,27,20,10,MAIL ORDER (UP TO A 90-DAY SUPPLY),,CO-PAY IN $,10,100,30,50,50,2,10,high,low,RISK,3
0,2,0,1,Hourly,4519,Yes,Owns,11,20,28,20,10,MAIL ORDER (UP TO A 90-DAY SUPPLY),,CO-PAY IN $,30,100,10,50,50,2,10,high,low,RISK,3
0,1,0,0,Bonus,2639,No,Rents,5,14,29,20,10,MAIL ORDER (UP TO A 90-DAY SUPPLY),,CO-PAY IN $,30,50,10,100,50,2,10,high,low,RISK,3
0,0,2,1,Hourly,2563,Yes,Rents,15,13,50,20,10,MAIL ORDER (UP TO A 90-DAY SUPPLY),,CO-PAY IN $,30,10,50,100,50,2,10,high,low,RISK,3
0,1,2,1,Bonus,2810,Yes,Owns,15,20,35,20,10,MAIL ORDER (UP TO A 90-DAY SUPPLY),,CO-PAY IN $,30,10,100,50,50,2,10,high,low,RISK,3
1,1,0,1,Hourly,2954,Yes,Owns,18,17,32,20,10,MAIL ORDER (UP TO A 90-DAY SUPPLY),,CO-PAY IN $,50,10,30,100,50,2,10,high,low,RISK,3
1,0,2,0,Hourly,2299,Yes,Owns,13,16,31,20,10,MAIL ORDER (UP TO A 90-DAY SUPPLY),,CO-PAY IN $,100,30,10,50,50,2,10,high,low,RISK,3
0,0,1,2,Hourly,1155,No,Rents,6,20,34,20,10,MAIL ORDER (UP TO A 90-DAY SUPPLY),,CO-PAY IN $,30,10,50,100,50,2,10,high,low,RISK,3
1,0,2,0,Bonus,1856,Yes,Rents,14,11,30,20,10,MAIL ORDER (UP TO A 90-DAY SUPPLY),,CO-PAY IN $,50,10,100,30,50,2,10,high,low,RISK,3
2,1,1,0,Salaried,3352,Yes,Rents,6,19,27,20,10,MAIL ORDER (UP TO A 90-DAY SUPPLY),,CO-PAY IN $,100,30,10,50,50,2,10,high,low,RISK,3
2,0,0,1,Hourly,3735,Yes,Owns,15,15,31,20,10,MAIL ORDER (UP TO A 90-DAY SUPPLY),,CO-PAY IN $,50,100,10,30,50,2,10,high,low,RISK,3
2,1,0,2,Salaried,1125,Yes,Rents,6,12,28,20,10,MAIL ORDER (UP TO A 90-DAY SUPPLY),,CO-PAY IN $,10,30,50,100,50,2,10,high,low,RISK,3
2,0,1,0,Bonus,4695,No,Owns,5,16,31,20,10,MAIL ORDER (UP TO A 90-DAY SUPPLY),,CO-PAY IN $,50,30,10,100,50,2,10,high,low,RISK,3
1,1,1,1,Salaried,1210,No,Rents,17,12,39,20,10,MAIL ORDER (UP TO A 90-DAY SUPPLY),,CO-PAY IN $,50,100,10,30,50,2,10,high,low,RISK,3
1,2,1,0,Bonus,3149,No,Owns,6,14,30,20,10,MAIL ORDER (UP TO A 90-DAY SUPPLY),,CO-PAY IN $,100,50,10,30,50,2,10,high,low,RISK,3
1,1,1,1,Bonus,3757,No,Rents,6,13,26,20,10,MAIL ORDER (UP TO A 90-DAY SUPPLY),,CO-PAY IN $,100,30,50,10,50,2,10,high,low,RISK,3
1,0,2,1,Salaried,4038,Yes,Rents,12,16,37,20,10,MAIL ORDER (UP TO A 90-DAY SUPPLY),,CO-PAY IN $,50,30,100,10,50,2,10,high,low,RISK,3
0,0,0,2,Bonus,381,No,Owns,8,16,39,20,10,MAIL ORDER (UP TO A 90-DAY SUPPLY),,CO-PAY IN $,100,50,30,10,50,2,10,high,low,RISK,3
0,0,1,1,Hourly,2879,Yes,Rents,16,14,30,20,10,MAIL ORDER (UP TO A 90-DAY SUPPLY),,CO-PAY IN $,50,10,30,100,50,2,10,high,low,RISK,3
1,2,0,0,Hourly,2246,No,Owns,17,14,34,20,10,MAIL ORDER (UP TO A 90-DAY SUPPLY),,CO-PAY IN $,30,100,50,10,50,2,10,high,low,RISK,3
0,2,1,0,Hourly,3337,No,Rents,7,19,30,20,10,MAIL ORDER (UP TO A 90-DAY SUPPLY),,CO-PAY IN $,50,10,100,30,50,2,10,high,low,RISK,3
1,1,1,1,Hourly,874,No,Owns,17,17,35,20,10,MAIL ORDER (UP TO A 90-DAY SUPPLY),,CO-PAY IN $,100,50,30,10,50,2,10,high,low,RISK,3
0,1,0,0,Hourly,4470,Yes,Owns,6,15,48,20,10,MAIL ORDER (UP TO A 90-DAY SUPPLY),,CO-PAY IN $,10,50,30,100,50,2,10,high,low,RISK,3
2,0,1,1,Hourly,3252,Yes,Owns,10,12,35,20,10,MAIL ORDER (UP TO A 90-DAY SUPPLY),,CO-PAY IN $,30,100,50,10,50,2,10,high,low,RISK,3
0,2,0,1,Hourly,176,Yes,Rents,9,18,32,20,10,MAIL ORDER (UP TO A 90-DAY SUPPLY),,CO-PAY IN $,100,10,50,30,50,2,10,high,low,RISK,3
1,0,2,0,Hourly,3681,Yes,Owns,6,13,27,20,10,MAIL ORDER (UP TO A 90-DAY SUPPLY),,CO-PAY IN $,30,10,100,50,50,2,10,high,low,RISK,3
1,2,1,2,Hourly,1019,Yes,Owns,15,20,28,20,10,MAIL ORDER (UP TO A 90-DAY SUPPLY),,CO-PAY IN $,30,10,50,100,50,2,10,high,low,RISK,3
1,2,1,1,Bonus,4493,Yes,Owns,18,14,29,20,10,MAIL ORDER (UP TO A 90-DAY SUPPLY),,CO-PAY IN $,30,100,10,50,50,2,10,high,low,RISK,3
1,2,2,0,Salaried,1012,Yes,Owns,15,13,50,20,10,MAIL ORDER (UP TO A 90-DAY SUPPLY),,CO-PAY IN $,100,10,50,30,50,2,10,high,low,RISK,3
0,0,1,1,Bonus,1248,Yes,Rents,7,20,35,20,10,MAIL ORDER (UP TO A 90-DAY SUPPLY),,CO-PAY IN $,30,50,100,10,50,2,10,high,low,RISK,3
1,0,1,0,Salaried,2852,Yes,Rents,6,16,31,20,10,MAIL ORDER (UP TO A 90-DAY SUPPLY),,CO-PAY IN $,50,100,30,10,50,2,10,high,low,RISK,3
1,0,0,0,Bonus,1440,Yes,Owns,10,20,34,20,10,MAIL ORDER (UP TO A 90-DAY SUPPLY),,CO-PAY IN $,50,10,30,100,50,2,10,high,low,RISK,3
1,0,1,0,Bonus,2951,No,Owns,11,11,30,20,10,MAIL ORDER (UP TO A 90-DAY SUPPLY),,CO-PAY IN $,100,10,30,50,50,2,10,high,low,RISK,3
3,2,1,3,Salaried,4377,No,Rents,24,48,52,20,11,MAIL ORDER (UP TO A 90-DAY SUPPLY),,CO-PAY IN $,100,50,30,10,30,3,20,high,low,RISK,3
1,1,2,1,Salaried,1919,No,Owns,25,33,56,20,11,MAIL ORDER (UP TO A 90-DAY SUPPLY),,CO-PAY IN $,30,10,100,50,30,3,20,high,low,RISK,3
2,2,1,1,Salaried,4671,Yes,Rents,33,23,53,20,11,MAIL ORDER (UP TO A 90-DAY SUPPLY),,CO-PAY IN $,10,100,30,50,30,3,20,high,low,RISK,3
3,2,1,1,Bonus,1139,No,Owns,29,38,56,20,11,MAIL ORDER (UP TO A 90-DAY SUPPLY),,CO-PAY IN $,30,50,10,100,30,3,20,high,low,RISK,3
1,2,3,2,Bonus,3085,No,Rents,23,24,64,20,11,MAIL ORDER (UP TO A 90-DAY SUPPLY),,CO-PAY IN $,50,30,10,100,30,3,20,high,low,RISK,3
1,2,3,1,Salaried,912,Yes,Rents,37,29,55,20,11,MAIL ORDER (UP TO A 90-DAY SUPPLY),,CO-PAY IN $,10,50,100,30,30,3,20,high,low,RISK,3
2,1,3,2,Hourly,3561,Yes,Owns,28,26,51,20,11,MAIL ORDER (UP TO A 90-DAY SUPPLY),,CO-PAY IN $,100,30,50,10,30,3,20,high,low,RISK,3
2,3,1,1,Hourly,4350,No,Rents,19,36,62,20,11,MAIL ORDER (UP TO A 90-DAY SUPPLY),,CO-PAY IN $,100,50,30,10,30,3,20,high,low,RISK,3
3,3,2,3,Salaried,3664,No,Owns,18,38,64,20,11,MAIL ORDER (UP TO A 90-DAY SUPPLY),,CO-PAY IN $,30,100,50,10,30,3,20,high,low,RISK,3
1,1,1,1,Bonus,1972,Yes,Owns,38,31,55,20,11,MAIL ORDER (UP TO A 90-DAY SUPPLY),,CO-PAY IN $,50,30,10,100,30,3,20,high,low,RISK,3
1,1,3,3,Salaried,1235,Yes,Rents,32,31,59,20,11,MAIL ORDER (UP TO A 90-DAY SUPPLY),,CO-PAY IN $,100,10,50,30,30,3,20,high,low,RISK,3
1,3,1,2,Bonus,2294,Yes,Owns,25,47,55,20,11,MAIL ORDER (UP TO A 90-DAY SUPPLY),,CO-PAY IN $,10,100,30,50,30,3,20,high,low,RISK,3
1,2,3,1,Salaried,4592,Yes,Rents,37,41,60,20,11,MAIL ORDER (UP TO A 90-DAY SUPPLY),,CO-PAY IN $,30,50,100,10,30,3,20,high,low,RISK,3
1,1,1,2,Hourly,2183,Yes,Owns,16,35,73,20,11,MAIL ORDER (UP TO A 90-DAY SUPPLY),,CO-PAY IN $,100,50,10,30,30,3,20,high,low,RISK,3
2,3,1,3,Salaried,4259,Yes,Rents,17,43,57,20,11,MAIL ORDER (UP TO A 90-DAY SUPPLY),,CO-PAY IN $,100,50,10,30,30,3,20,high,low,RISK,3
3,2,2,3,Salaried,4138,No,Owns,37,25,52,20,11,MAIL ORDER (UP TO A 90-DAY SUPPLY),,CO-PAY IN $,10,30,50,100,30,3,20,high,low,RISK,3
3,1,2,3,Bonus,2742,No,Owns,39,50,53,20,11,MAIL ORDER (UP TO A 90-DAY SUPPLY),,CO-PAY IN $,50,10,30,100,30,3,20,high,low,RISK,3
1,1,1,3,Bonus,4027,Yes,Rents,21,31,54,20,11,MAIL ORDER (UP TO A 90-DAY SUPPLY),,CO-PAY IN $,100,50,10,30,30,3,20,high,low,RISK,3
2,2,1,1,Bonus,3643,No,Rents,35,26,75,20,11,MAIL ORDER (UP TO A 90-DAY SUPPLY),,CO-PAY IN $,10,30,50,100,30,3,20,high,low,RISK,3
2,1,3,1,Salaried,1855,No,Rents,39,49,60,20,11,MAIL ORDER (UP TO A 90-DAY SUPPLY),,CO-PAY IN $,100,50,10,30,30,3,20,high,low,RISK,3
1,3,1,1,Bonus,4199,No,Owns,33,40,57,20,11,MAIL ORDER (UP TO A 90-DAY SUPPLY),,CO-PAY IN $,100,50,30,10,30,3,20,high,low,RISK,3
1,3,2,1,Salaried,358,No,Rents,28,36,56,20,11,MAIL ORDER (UP TO A 90-DAY SUPPLY),,CO-PAY IN $,30,50,100,10,30,3,20,high,low,RISK,3
2,2,2,1,Salaried,2175,No,Owns,35,49,59,20,11,MAIL ORDER (UP TO A 90-DAY SUPPLY),,CO-PAY IN $,100,50,10,30,30,3,20,high,low,RISK,3
2,2,1,1,Bonus,2804,No,Owns,26,20,55,20,11,MAIL ORDER (UP TO A 90-DAY SUPPLY),,CO-PAY IN $,10,100,30,50,30,3,20,high,low,RISK,3
3,3,3,2,Bonus,2793,Yes,Owns,39,48,52,20,11,MAIL ORDER (UP TO A 90-DAY SUPPLY),,CO-PAY IN $,10,100,30,50,30,3,20,high,low,RISK,3
3,1,3,1,Salaried,1366,No,Owns,32,33,56,20,11,MAIL ORDER (UP TO A 90-DAY SUPPLY),,CO-PAY IN $,50,30,10,100,30,3,20,high,low,RISK,3
1,2,2,3,Salaried,3990,No,Rents,30,23,53,20,11,MAIL ORDER (UP TO A 90-DAY SUPPLY),,CO-PAY IN $,10,100,50,30,30,3,20,high,low,RISK,3
1,2,2,1,Salaried,1625,No,Owns,36,38,56,20,11,MAIL ORDER (UP TO A 90-DAY SUPPLY),,CO-PAY IN $,100,50,30,10,30,3,20,high,low,RISK,3
2,3,1,1,Hourly,1178,No,Owns,15,24,64,20,11,MAIL ORDER (UP TO A 90-DAY SUPPLY),,CO-PAY IN $,50,30,100,10,30,3,20,high,low,RISK,3
2,1,1,1,Hourly,2665,No,Rents,20,29,55,20,11,MAIL ORDER (UP TO A 90-DAY SUPPLY),,CO-PAY IN $,10,100,50,30,30,3,20,high,low,RISK,3
2,3,3,1,Hourly,4144,No,Owns,23,26,51,20,11,MAIL ORDER (UP TO A 90-DAY SUPPLY),,CO-PAY IN $,50,100,10,30,30,3,20,high,low,RISK,3
2,2,3,1,Hourly,2547,Yes,Owns,32,36,62,20,11,MAIL ORDER (UP TO A 90-DAY SUPPLY),,CO-PAY IN $,30,100,50,10,30,3,20,high,low,RISK,3
2,1,2,1,Hourly,152,Yes,Owns,34,38,64,20,11,MAIL ORDER (UP TO A 90-DAY SUPPLY),,CO-PAY IN $,30,10,50,100,30,3,20,high,low,RISK,3
1,1,1,1,Bonus,2909,Yes,Rents,23,31,55,20,11,MAIL ORDER (UP TO A 90-DAY SUPPLY),,CO-PAY IN $,10,100,50,30,30,3,20,high,low,RISK,3
3,3,2,2,Bonus,2404,Yes,Owns,27,31,59,20,11,MAIL ORDER (UP TO A 90-DAY SUPPLY),,CO-PAY IN $,10,50,30,100,30,3,20,high,low,RISK,3
3,1,2,3,Bonus,144,Yes,Owns,24,47,55,20,11,MAIL ORDER (UP TO A 90-DAY SUPPLY),,CO-PAY IN $,100,10,50,30,30,3,20,high,low,RISK,3
3,1,2,1,Hourly,2250,No,Owns,26,41,60,20,11,MAIL ORDER (UP TO A 90-DAY SUPPLY),,CO-PAY IN $,100,30,10,50,30,3,20,high,low,RISK,3
3,1,1,1,Hourly,4826,No,Owns,25,35,73,20,11,MAIL ORDER (UP TO A 90-DAY SUPPLY),,CO-PAY IN $,100,30,10,50,30,3,20,high,low,RISK,3
2,2,1,1,Salaried,792,No,Owns,28,24,60,20,11,MAIL ORDER (UP TO A 90-DAY SUPPLY),,CO-PAY IN $,50,30,100,10,30,3,20,high,low,RISK,3
1,3,1,2,Hourly,3429,No,Rents,34,43,57,20,11,MAIL ORDER (UP TO A 90-DAY SUPPLY),,CO-PAY IN $,10,100,50,30,30,3,20,high,low,RISK,3
1,3,1,2,Hourly,1596,Yes,Owns,27,25,52,20,11,MAIL ORDER (UP TO A 90-DAY SUPPLY),,CO-PAY IN $,50,100,30,10,30,3,20,high,low,RISK,3
2,3,3,1,Salaried,83,Yes,Owns,19,50,53,20,11,MAIL ORDER (UP TO A 90-DAY SUPPLY),,CO-PAY IN $,100,30,50,10,30,3,20,high,low,RISK,3
2,3,1,3,Salaried,3601,No,Owns,17,31,54,20,11,MAIL ORDER (UP TO A 90-DAY SUPPLY),,CO-PAY IN $,100,30,10,50,30,3,20,high,low,RISK,3
2,2,1,2,Bonus,861,No,Owns,34,26,75,20,11,MAIL ORDER (UP TO A 90-DAY SUPPLY),,CO-PAY IN $,50,100,10,30,30,3,20,high,low,RISK,3
1,3,3,3,Salaried,2240,Yes,Rents,35,49,60,20,11,MAIL ORDER (UP TO A 90-DAY SUPPLY),,CO-PAY IN $,100,10,30,50,30,3,20,high,low,RISK,3
1,1,1,1,Hourly,2384,No,Rents,17,40,57,20,11,MAIL ORDER (UP TO A 90-DAY SUPPLY),,CO-PAY IN $,10,100,50,30,30,3,20,high,low,RISK,3
1,1,1,1,Bonus,2363,Yes,Rents,29,36,56,20,11,MAIL ORDER (UP TO A 90-DAY SUPPLY),,CO-PAY IN $,10,100,50,30,30,3,20,high,low,RISK,3
2,1,3,1,Salaried,4539,No,Owns,24,49,59,20,11,MAIL ORDER (UP TO A 90-DAY SUPPLY),,CO-PAY IN $,30,50,10,100,30,3,20,high,low,RISK,3
2,1,1,1,Bonus,489,No,Rents,23,20,55,20,11,MAIL ORDER (UP TO A 90-DAY SUPPLY),,CO-PAY IN $,30,50,10,100,30,3,20,high,low,RISK,3
2,3,1,3,Bonus,4623,Yes,Owns,19,48,52,20,11,MAIL ORDER (UP TO A 90-DAY SUPPLY),,CO-PAY IN $,30,10,50,100,30,3,20,high,low,RISK,3
2,1,1,1,Salaried,153,Yes,Owns,15,33,56,20,11,MAIL ORDER (UP TO A 90-DAY SUPPLY),,CO-PAY IN $,50,10,30,100,30,3,20,high,low,RISK,3
1,3,3,2,Salaried,3954,No,Owns,17,23,53,20,11,MAIL ORDER (UP TO A 90-DAY SUPPLY),,CO-PAY IN $,100,30,50,10,30,3,20,high,low,RISK,3
1,2,1,1,Salaried,4742,No,Rents,15,38,56,20,11,MAIL ORDER (UP TO A 90-DAY SUPPLY),,CO-PAY IN $,100,10,50,30,30,3,20,high,low,RISK,3
1,1,1,2,Hourly,3289,No,Rents,35,24,64,20,11,MAIL ORDER (UP TO A 90-DAY SUPPLY),,CO-PAY IN $,50,30,10,100,30,3,20,high,low,RISK,3
1,1,3,2,Bonus,3179,No,Rents,21,26,51,20,11,MAIL ORDER (UP TO A 90-DAY SUPPLY),,CO-PAY IN $,100,50,30,10,30,3,20,high,low,RISK,3
1,1,1,2,Bonus,4271,No,Rents,22,36,62,20,11,MAIL ORDER (UP TO A 90-DAY SUPPLY),,CO-PAY IN $,10,50,30,100,30,3,20,high,low,RISK,3
1,1,1,1,Hourly,4605,Yes,Rents,24,38,64,20,11,MAIL ORDER (UP TO A 90-DAY SUPPLY),,CO-PAY IN $,10,30,100,50,30,3,20,high,low,RISK,3
1,3,3,3,Salaried,3042,Yes,Rents,16,31,55,20,11,MAIL ORDER (UP TO A 90-DAY SUPPLY),,CO-PAY IN $,100,10,30,50,30,3,20,high,low,RISK,3
1,3,3,1,Hourly,170,No,Rents,37,31,59,20,11,MAIL ORDER (UP TO A 90-DAY SUPPLY),,CO-PAY IN $,100,50,30,10,30,3,20,high,low,RISK,3
1,1,1,3,Salaried,2062,No,Rents,20,47,55,20,11,MAIL ORDER (UP TO A 90-DAY SUPPLY),,CO-PAY IN $,30,10,50,100,30,3,20,high,low,RISK,3
2,2,3,3,Bonus,1962,No,Rents,15,41,60,20,11,MAIL ORDER (UP TO A 90-DAY SUPPLY),,CO-PAY IN $,10,100,30,50,30,3,20,high,low,RISK,3
1,1,1,1,Bonus,1006,No,Owns,27,35,73,20,11,MAIL ORDER (UP TO A 90-DAY SUPPLY),,CO-PAY IN $,100,50,10,30,30,3,20,high,low,RISK,3
1,3,2,3,Salaried,4555,No,Rents,20,24,60,20,11,MAIL ORDER (UP TO A 90-DAY SUPPLY),,CO-PAY IN $,30,100,50,10,30,3,20,high,low,RISK,3
3,1,2,1,Bonus,458,No,Rents,25,43,57,20,11,MAIL ORDER (UP TO A 90-DAY SUPPLY),,CO-PAY IN $,50,30,10,100,30,3,20,high,low,RISK,3
3,1,3,1,Hourly,1593,No,Owns,16,25,52,20,11,MAIL ORDER (UP TO A 90-DAY SUPPLY),,CO-PAY IN $,10,100,50,30,30,3,20,high,low,RISK,3
1,3,1,2,Hourly,4519,Yes,Owns,26,50,53,20,11,MAIL ORDER (UP TO A 90-DAY SUPPLY),,CO-PAY IN $,50,30,10,100,30,3,20,high,low,RISK,3
1,2,1,1,Bonus,2639,No,Rents,16,31,54,20,11,MAIL ORDER (UP TO A 90-DAY SUPPLY),,CO-PAY IN $,100,10,30,50,30,3,20,high,low,RISK,3
1,1,3,1,Hourly,2563,Yes,Rents,35,26,75,20,11,MAIL ORDER (UP TO A 90-DAY SUPPLY),,CO-PAY IN $,100,10,30,50,30,3,20,high,low,RISK,3
1,2,3,2,Bonus,2810,Yes,Owns,35,49,60,20,11,MAIL ORDER (UP TO A 90-DAY SUPPLY),,CO-PAY IN $,30,100,10,50,30,3,20,high,low,RISK,3
2,2,1,2,Hourly,2954,Yes,Owns,39,40,57,20,11,MAIL ORDER (UP TO A 90-DAY SUPPLY),,CO-PAY IN $,100,50,30,10,30,3,20,high,low,RISK,3
2,1,3,1,Hourly,2299,Yes,Owns,31,36,56,20,11,MAIL ORDER (UP TO A 90-DAY SUPPLY),,CO-PAY IN $,10,30,100,50,30,3,20,high,low,RISK,3
1,1,2,3,Hourly,1155,No,Rents,16,49,59,20,11,MAIL ORDER (UP TO A 90-DAY SUPPLY),,CO-PAY IN $,10,50,30,100,30,3,20,high,low,RISK,3
2,1,3,1,Bonus,1856,Yes,Rents,31,20,55,20,11,MAIL ORDER (UP TO A 90-DAY SUPPLY),,CO-PAY IN $,30,10,100,50,30,3,20,high,low,RISK,3
3,2,2,1,Salaried,3352,Yes,Rents,18,48,52,20,11,MAIL ORDER (UP TO A 90-DAY SUPPLY),,CO-PAY IN $,50,100,30,10,30,3,20,high,low,RISK,3
3,1,1,2,Hourly,3735,Yes,Owns,34,33,56,20,11,MAIL ORDER (UP TO A 90-DAY SUPPLY),,CO-PAY IN $,100,10,30,50,30,3,20,high,low,RISK,3
3,2,1,3,Salaried,1125,Yes,Rents,18,23,53,20,11,MAIL ORDER (UP TO A 90-DAY SUPPLY),,CO-PAY IN $,100,30,10,50,30,3,20,high,low,RISK,3
3,1,2,1,Bonus,4695,No,Owns,15,38,56,20,11,MAIL ORDER (UP TO A 90-DAY SUPPLY),,CO-PAY IN $,30,50,100,10,30,3,20,high,low,RISK,3
2,2,2,2,Salaried,1210,No,Rents,38,24,64,20,11,MAIL ORDER (UP TO A 90-DAY SUPPLY),,CO-PAY IN $,30,100,10,50,30,3,20,high,low,RISK,3
2,3,2,1,Bonus,3149,No,Owns,17,29,55,20,11,MAIL ORDER (UP TO A 90-DAY SUPPLY),,CO-PAY IN $,100,30,10,50,30,3,20,high,low,RISK,3
2,2,2,2,Bonus,3757,No,Rents,18,26,51,20,11,MAIL ORDER (UP TO A 90-DAY SUPPLY),,CO-PAY IN $,30,10,100,50,30,3,20,high,low,RISK,3
3,1,3,2,Salaried,4038,Yes,Rents,28,36,62,20,11,MAIL ORDER (UP TO A 90-DAY SUPPLY),,CO-PAY IN $,50,10,100,30,30,3,20,high,low,RISK,3
1,1,1,3,Bonus,381,No,Owns,20,38,64,20,11,MAIL ORDER (UP TO A 90-DAY SUPPLY),,CO-PAY IN $,10,50,30,100,30,3,20,high,low,RISK,3
1,1,1,2,Hourly,2879,Yes,Rents,37,31,55,20,11,MAIL ORDER (UP TO A 90-DAY SUPPLY),,CO-PAY IN $,30,100,10,50,30,3,20,high,low,RISK,3
2,3,1,1,Hourly,2246,No,Owns,38,31,59,20,11,MAIL ORDER (UP TO A 90-DAY SUPPLY),,CO-PAY IN $,100,10,30,50,30,3,20,high,low,RISK,3
1,3,2,1,Hourly,3337,No,Rents,18,47,55,20,11,MAIL ORDER (UP TO A 90-DAY SUPPLY),,CO-PAY IN $,100,30,50,10,30,3,20,high,low,RISK,3
2,2,1,2,Hourly,874,No,Owns,38,41,60,20,11,MAIL ORDER (UP TO A 90-DAY SUPPLY),,CO-PAY IN $,10,100,50,30,30,3,20,high,low,RISK,3
1,2,1,1,Hourly,4470,Yes,Owns,16,35,73,20,11,MAIL ORDER (UP TO A 90-DAY SUPPLY),,CO-PAY IN $,100,50,10,30,30,3,20,high,low,RISK,3
3,1,3,1,Hourly,3252,Yes,Owns,24,24,60,20,11,MAIL ORDER (UP TO A 90-DAY SUPPLY),,CO-PAY IN $,10,30,50,100,30,3,20,high,low,RISK,3
1,3,1,2,Hourly,176,Yes,Rents,23,43,57,20,11,MAIL ORDER (UP TO A 90-DAY SUPPLY),,CO-PAY IN $,10,100,30,50,30,3,20,high,low,RISK,3
2,1,3,1,Hourly,3681,Yes,Owns,17,25,52,20,11,MAIL ORDER (UP TO A 90-DAY SUPPLY),,CO-PAY IN $,30,50,10,100,30,3,20,high,low,RISK,3
1,3,2,3,Hourly,1019,Yes,Owns,35,50,53,20,11,MAIL ORDER (UP TO A 90-DAY SUPPLY),,CO-PAY IN $,10,50,30,100,30,3,20,high,low,RISK,3
1,3,2,1,Bonus,4493,Yes,Owns,39,31,54,20,11,MAIL ORDER (UP TO A 90-DAY SUPPLY),,CO-PAY IN $,50,30,100,10,30,3,20,high,low,RISK,3
1,3,3,1,Salaried,1012,Yes,Owns,34,26,75,20,11,MAIL ORDER (UP TO A 90-DAY SUPPLY),,CO-PAY IN $,100,30,50,10,30,3,20,high,low,RISK,3
1,1,2,1,Bonus,1248,Yes,Rents,18,49,60,20,11,MAIL ORDER (UP TO A 90-DAY SUPPLY),,CO-PAY IN $,10,100,30,50,30,3,20,high,low,RISK,3
1,1,2,1,Salaried,1214,No,Owns,17,40,57,20,11,MAIL ORDER (UP TO A 90-DAY SUPPLY),,CO-PAY IN $,30,100,50,10,30,3,20,high,low,RISK,3
2,1,1,1,Salaried,2852,Yes,Rents,18,36,56,20,11,MAIL ORDER (UP TO A 90-DAY SUPPLY),,CO-PAY IN $,50,30,10,100,30,3,20,high,low,RISK,3
2,1,1,1,Bonus,1440,Yes,Owns,24,49,59,20,11,MAIL ORDER (UP TO A 90-DAY SUPPLY),,CO-PAY IN $,30,10,50,100,30,3,20,high,low,RISK,3
3,1,3,1,Bonus,2951,No,Owns,26,20,55,20,11,MAIL ORDER (UP TO A 90-DAY SUPPLY),,CO-PAY IN $,100,50,30,10,30,3,20,high,low,RISK,3
4,3,2,4,Salaried,4377,No,Rents,46,73,76,20,12,MAIL ORDER (UP TO A 90-DAY SUPPLY),,CO-PAY IN $,10,50,100,30,30,3,50,high,low,RISK,3
2,3,4,2,Salaried,1919,No,Owns,48,61,80,20,12,MAIL ORDER (UP TO A 90-DAY SUPPLY),,CO-PAY IN $,10,100,30,50,30,3,50,high,low,RISK,3
4,4,3,2,Salaried,4671,Yes,Rents,57,53,77,20,12,MAIL ORDER (UP TO A 90-DAY SUPPLY),,CO-PAY IN $,50,100,10,30,30,3,50,high,low,RISK,3
4,4,2,2,Bonus,1139,No,Owns,52,65,80,20,12,MAIL ORDER (UP TO A 90-DAY SUPPLY),,CO-PAY IN $,10,50,100,30,30,3,50,high,low,RISK,3
3,4,4,3,Bonus,3085,No,Rents,45,54,88,20,12,MAIL ORDER (UP TO A 90-DAY SUPPLY),,CO-PAY IN $,100,50,30,10,30,3,50,high,low,RISK,3
3,4,4,3,Salaried,912,Yes,Rents,61,58,79,20,12,MAIL ORDER (UP TO A 90-DAY SUPPLY),,CO-PAY IN $,10,100,30,50,30,3,50,high,low,RISK,3
4,3,4,3,Hourly,3561,Yes,Owns,51,56,75,20,12,MAIL ORDER (UP TO A 90-DAY SUPPLY),,CO-PAY IN $,50,100,30,10,30,3,50,high,low,RISK,3
4,4,2,2,Hourly,4350,No,Rents,40,64,87,20,12,MAIL ORDER (UP TO A 90-DAY SUPPLY),,CO-PAY IN $,30,50,10,100,30,3,50,high,low,RISK,3
4,4,4,4,Salaried,3664,No,Owns,39,65,88,20,12,MAIL ORDER (UP TO A 90-DAY SUPPLY),,CO-PAY IN $,100,30,50,10,30,3,50,high,low,RISK,3
2,3,3,3,Bonus,1972,Yes,Owns,62,60,80,20,12,MAIL ORDER (UP TO A 90-DAY SUPPLY),,CO-PAY IN $,30,100,50,10,30,3,50,high,low,RISK,3
3,2,4,4,Salaried,1235,Yes,Rents,55,60,83,20,12,MAIL ORDER (UP TO A 90-DAY SUPPLY),,CO-PAY IN $,100,10,50,30,30,3,50,high,low,RISK,3
2,4,3,3,Bonus,2294,Yes,Owns,47,72,79,20,12,MAIL ORDER (UP TO A 90-DAY SUPPLY),,CO-PAY IN $,50,10,100,30,30,3,50,high,low,RISK,3
2,3,4,3,Salaried,4592,Yes,Rents,62,68,84,20,12,MAIL ORDER (UP TO A 90-DAY SUPPLY),,CO-PAY IN $,10,50,30,100,30,3,50,high,low,RISK,3
3,3,3,4,Hourly,2183,Yes,Owns,37,63,98,20,12,MAIL ORDER (UP TO A 90-DAY SUPPLY),,CO-PAY IN $,50,10,30,100,30,3,50,high,low,RISK,3
3,3,4,3,Salaried,1622,Yes,Rents,42,55,84,20,12,MAIL ORDER (UP TO A 90-DAY SUPPLY),,CO-PAY IN $,10,100,50,30,30,3,50,high,low,RISK,3
3,4,3,4,Salaried,4259,Yes,Rents,37,70,81,20,12,MAIL ORDER (UP TO A 90-DAY SUPPLY),,CO-PAY IN $,50,30,100,10,30,3,50,high,low,RISK,3
4,3,3,4,Salaried,4138,No,Owns,62,55,76,20,12,MAIL ORDER (UP TO A 90-DAY SUPPLY),,CO-PAY IN $,10,100,50,30,30,3,50,high,low,RISK,3
4,3,4,4,Bonus,2742,No,Owns,64,75,77,20,12,MAIL ORDER (UP TO A 90-DAY SUPPLY),,CO-PAY IN $,10,30,50,100,30,3,50,high,low,RISK,3
3,3,3,4,Bonus,4027,Yes,Rents,43,60,78,20,12,MAIL ORDER (UP TO A 90-DAY SUPPLY),,CO-PAY IN $,50,100,10,30,30,3,50,high,low,RISK,3
4,4,2,2,Bonus,3643,No,Rents,59,56,100,20,12,MAIL ORDER (UP TO A 90-DAY SUPPLY),,CO-PAY IN $,100,50,30,10,30,3,50,high,low,RISK,3
4,2,4,2,Salaried,1855,No,Rents,63,74,85,20,12,MAIL ORDER (UP TO A 90-DAY SUPPLY),,CO-PAY IN $,50,30,10,100,30,3,50,high,low,RISK,3
3,4,2,3,Bonus,4199,No,Owns,57,67,81,20,12,MAIL ORDER (UP TO A 90-DAY SUPPLY),,CO-PAY IN $,30,50,100,10,30,3,50,high,low,RISK,3
3,4,3,2,Salaried,358,No,Rents,50,64,80,20,12,MAIL ORDER (UP TO A 90-DAY SUPPLY),,CO-PAY IN $,100,10,50,30,30,3,50,high,low,RISK,3
4,3,4,3,Salaried,2175,No,Owns,59,75,83,20,12,MAIL ORDER (UP TO A 90-DAY SUPPLY),,CO-PAY IN $,30,100,50,10,30,3,50,high,low,RISK,3
4,4,2,2,Bonus,2804,No,Owns,48,51,79,20,12,MAIL ORDER (UP TO A 90-DAY SUPPLY),,CO-PAY IN $,50,30,10,100,30,3,50,high,low,RISK,3
4,4,4,4,Bonus,2793,Yes,Owns,63,73,76,20,12,MAIL ORDER (UP TO A 90-DAY SUPPLY),,CO-PAY IN $,100,30,50,10,30,3,50,high,low,RISK,3
4,3,4,2,Salaried,1366,No,Owns,56,61,80,20,12,MAIL ORDER (UP TO A 90-DAY SUPPLY),,CO-PAY IN $,50,30,100,10,30,3,50,high,low,RISK,3
2,4,4,4,Salaried,3990,No,Rents,53,53,77,20,12,MAIL ORDER (UP TO A 90-DAY SUPPLY),,CO-PAY IN $,30,100,10,50,30,3,50,high,low,RISK,3
2,4,3,3,Salaried,1625,No,Owns,60,65,80,20,12,MAIL ORDER (UP TO A 90-DAY SUPPLY),,CO-PAY IN $,100,50,10,30,30,3,50,high,low,RISK,3
4,4,3,3,Hourly,1178,No,Owns,35,54,88,20,12,MAIL ORDER (UP TO A 90-DAY SUPPLY),,CO-PAY IN $,50,30,10,100,30,3,50,high,low,RISK,3
3,3,2,2,Hourly,2665,No,Rents,41,58,79,20,12,MAIL ORDER (UP TO A 90-DAY SUPPLY),,CO-PAY IN $,10,100,30,50,30,3,50,high,low,RISK,3
4,4,4,2,Hourly,4144,No,Owns,44,56,75,20,12,MAIL ORDER (UP TO A 90-DAY SUPPLY),,CO-PAY IN $,10,30,50,100,30,3,50,high,low,RISK,3
3,3,4,3,Hourly,2547,Yes,Owns,55,64,87,20,12,MAIL ORDER (UP TO A 90-DAY SUPPLY),,CO-PAY IN $,100,10,30,50,30,3,50,high,low,RISK,3
4,3,4,2,Hourly,152,Yes,Owns,58,65,88,20,12,MAIL ORDER (UP TO A 90-DAY SUPPLY),,CO-PAY IN $,100,30,50,10,30,3,50,high,low,RISK,3
3,2,2,3,Bonus,2909,Yes,Rents,45,60,80,20,12,MAIL ORDER (UP TO A 90-DAY SUPPLY),,CO-PAY IN $,10,100,30,50,30,3,50,high,low,RISK,3
4,4,3,3,Bonus,2404,Yes,Owns,49,60,83,20,12,MAIL ORDER (UP TO A 90-DAY SUPPLY),,CO-PAY IN $,10,50,100,30,30,3,50,high,low,RISK,3
4,2,4,4,Bonus,144,Yes,Owns,46,72,79,20,12,MAIL ORDER (UP TO A 90-DAY SUPPLY),,CO-PAY IN $,10,30,100,50,30,3,50,high,low,RISK,3
4,2,4,2,Hourly,2250,No,Owns,48,68,84,20,12,MAIL ORDER (UP TO A 90-DAY SUPPLY),,CO-PAY IN $,10,30,50,100,30,3,50,high,low,RISK,3
4,3,3,3,Hourly,4826,No,Owns,47,63,98,20,12,MAIL ORDER (UP TO A 90-DAY SUPPLY),,CO-PAY IN $,50,30,10,100,30,3,50,high,low,RISK,3
4,4,2,3,Salaried,792,No,Owns,50,55,84,20,12,MAIL ORDER (UP TO A 90-DAY SUPPLY),,CO-PAY IN $,100,50,30,10,30,3,50,high,low,RISK,3
2,4,2,3,Hourly,3429,No,Rents,58,70,81,20,12,MAIL ORDER (UP TO A 90-DAY SUPPLY),,CO-PAY IN $,50,30,10,100,30,3,50,high,low,RISK,3
3,4,3,4,Hourly,1596,Yes,Owns,50,55,76,20,12,MAIL ORDER (UP TO A 90-DAY SUPPLY),,CO-PAY IN $,50,30,100,10,30,3,50,high,low,RISK,3
4,4,4,3,Salaried,83,Yes,Owns,40,75,77,20,12,MAIL ORDER (UP TO A 90-DAY SUPPLY),,CO-PAY IN $,30,50,100,10,30,3,50,high,low,RISK,3
4,4,3,4,Salaried,3601,No,Owns,38,60,78,20,12,MAIL ORDER (UP TO A 90-DAY SUPPLY),,CO-PAY IN $,50,100,30,10,30,3,50,high,low,RISK,3
3,4,2,4,Bonus,861,No,Owns,58,56,100,20,12,MAIL ORDER (UP TO A 90-DAY SUPPLY),,CO-PAY IN $,100,10,50,30,30,3,50,high,low,RISK,3
2,4,4,4,Salaried,2240,Yes,Rents,59,74,85,20,12,MAIL ORDER (UP TO A 90-DAY SUPPLY),,CO-PAY IN $,30,10,50,100,30,3,50,high,low,RISK,3
3,3,2,2,Hourly,2384,No,Rents,37,67,81,20,12,MAIL ORDER (UP TO A 90-DAY SUPPLY),,CO-PAY IN $,100,30,10,50,30,3,50,high,low,RISK,3
2,2,3,3,Bonus,2363,Yes,Rents,52,64,80,20,12,MAIL ORDER (UP TO A 90-DAY SUPPLY),,CO-PAY IN $,100,30,10,50,30,3,50,high,low,RISK,3
3,3,4,2,Salaried,4539,No,Owns,45,75,83,20,12,MAIL ORDER (UP TO A 90-DAY SUPPLY),,CO-PAY IN $,30,50,100,10,30,3,50,high,low,RISK,3
3,3,2,2,Bonus,489,No,Rents,45,51,79,20,12,MAIL ORDER (UP TO A 90-DAY SUPPLY),,CO-PAY IN $,50,100,30,10,30,3,50,high,low,RISK,3
4,4,2,4,Bonus,4623,Yes,Owns,40,73,76,20,12,MAIL ORDER (UP TO A 90-DAY SUPPLY),,CO-PAY IN $,30,10,100,50,30,3,50,high,low,RISK,3
3,3,3,2,Salaried,153,Yes,Owns,36,61,80,20,12,MAIL ORDER (UP TO A 90-DAY SUPPLY),,CO-PAY IN $,100,10,30,50,30,3,50,high,low,RISK,3
3,4,4,4,Salaried,3954,No,Owns,38,53,77,20,12,MAIL ORDER (UP TO A 90-DAY SUPPLY),,CO-PAY IN $,10,100,30,50,30,3,50,high,low,RISK,3
3,3,2,3,Salaried,4742,No,Rents,35,65,80,20,12,MAIL ORDER (UP TO A 90-DAY SUPPLY),,CO-PAY IN $,100,50,10,30,30,3,50,high,low,RISK,3
2,2,2,3,Hourly,3289,No,Rents,59,54,88,20,12,MAIL ORDER (UP TO A 90-DAY SUPPLY),,CO-PAY IN $,30,10,50,100,30,3,50,high,low,RISK,3
2,2,3,3,Bonus,3409,Yes,Rents,54,58,79,20,12,MAIL ORDER (UP TO A 90-DAY SUPPLY),,CO-PAY IN $,50,100,30,10,30,3,50,high,low,RISK,3
3,3,4,3,Bonus,3179,No,Rents,42,56,75,20,12,MAIL ORDER (UP TO A 90-DAY SUPPLY),,CO-PAY IN $,50,10,100,30,30,3,50,high,low,RISK,3
3,3,2,4,Bonus,4271,No,Rents,43,64,87,20,12,MAIL ORDER (UP TO A 90-DAY SUPPLY),,CO-PAY IN $,50,100,10,30,30,3,50,high,low,RISK,3
3,3,3,2,Hourly,4605,Yes,Rents,46,65,88,20,12,MAIL ORDER (UP TO A 90-DAY SUPPLY),,CO-PAY IN $,100,30,10,50,30,3,50,high,low,RISK,3
2,4,4,4,Salaried,3042,Yes,Rents,37,60,80,20,12,MAIL ORDER (UP TO A 90-DAY SUPPLY),,CO-PAY IN $,100,50,30,10,30,3,50,high,low,RISK,3
2,4,4,3,Hourly,170,No,Rents,61,60,83,20,12,MAIL ORDER (UP TO A 90-DAY SUPPLY),,CO-PAY IN $,100,10,50,30,30,3,50,high,low,RISK,3
2,3,3,4,Salaried,2062,No,Rents,40,72,79,20,12,MAIL ORDER (UP TO A 90-DAY SUPPLY),,CO-PAY IN $,50,100,30,10,30,3,50,high,low,RISK,3
4,4,4,4,Bonus,1962,No,Rents,35,68,84,20,12,MAIL ORDER (UP TO A 90-DAY SUPPLY),,CO-PAY IN $,30,10,100,50,30,3,50,high,low,RISK,3
2,2,3,2,Bonus,1006,No,Owns,50,63,98,20,12,MAIL ORDER (UP TO A 90-DAY SUPPLY),,CO-PAY IN $,50,30,10,100,30,3,50,high,low,RISK,3
2,4,3,4,Salaried,4555,No,Rents,42,55,84,20,12,MAIL ORDER (UP TO A 90-DAY SUPPLY),,CO-PAY IN $,10,100,30,50,30,3,50,high,low,RISK,3
4,3,4,3,Bonus,458,No,Rents,46,70,81,20,12,MAIL ORDER (UP TO A 90-DAY SUPPLY),,CO-PAY IN $,10,50,30,100,30,3,50,high,low,RISK,3
4,3,4,3,Hourly,1593,No,Owns,36,55,76,20,12,MAIL ORDER (UP TO A 90-DAY SUPPLY),,CO-PAY IN $,50,30,10,100,30,3,50,high,low,RISK,3
3,4,2,3,Hourly,4519,Yes,Owns,48,75,77,20,12,MAIL ORDER (UP TO A 90-DAY SUPPLY),,CO-PAY IN $,100,50,10,30,30,3,50,high,low,RISK,3
2,4,3,3,Bonus,2639,No,Rents,36,60,78,20,12,MAIL ORDER (UP TO A 90-DAY SUPPLY),,CO-PAY IN $,100,50,10,30,30,3,50,high,low,RISK,3
2,3,4,3,Hourly,2563,Yes,Rents,59,56,100,20,12,MAIL ORDER (UP TO A 90-DAY SUPPLY),,CO-PAY IN $,50,10,100,30,30,3,50,high,low,RISK,3
3,4,4,4,Bonus,2810,Yes,Owns,58,74,85,20,12,MAIL ORDER (UP TO A 90-DAY SUPPLY),,CO-PAY IN $,30,50,100,10,30,3,50,high,low,RISK,3
3,4,3,4,Hourly,2954,Yes,Owns,64,67,81,20,12,MAIL ORDER (UP TO A 90-DAY SUPPLY),,CO-PAY IN $,50,30,10,100,30,3,50,high,low,RISK,3
3,2,4,3,Hourly,2299,Yes,Owns,54,64,80,20,12,MAIL ORDER (UP TO A 90-DAY SUPPLY),,CO-PAY IN $,100,10,50,30,30,3,50,high,low,RISK,3
2,3,4,4,Hourly,1155,No,Rents,37,75,83,20,12,MAIL ORDER (UP TO A 90-DAY SUPPLY),,CO-PAY IN $,10,30,50,100,30,3,50,high,low,RISK,3
4,2,4,3,Bonus,1856,Yes,Rents,55,51,79,20,12,MAIL ORDER (UP TO A 90-DAY SUPPLY),,CO-PAY IN $,30,10,50,100,30,3,50,high,low,RISK,3
4,4,3,3,Salaried,3352,Yes,Rents,38,73,76,20,12,MAIL ORDER (UP TO A 90-DAY SUPPLY),,CO-PAY IN $,50,10,100,30,30,3,50,high,low,RISK,3
4,3,2,3,Hourly,3735,Yes,Owns,58,61,80,20,12,MAIL ORDER (UP TO A 90-DAY SUPPLY),,CO-PAY IN $,50,30,100,10,30,3,50,high,low,RISK,3
4,3,3,4,Salaried,1125,Yes,Rents,38,53,77,20,12,MAIL ORDER (UP TO A 90-DAY SUPPLY),,CO-PAY IN $,100,30,50,10,30,3,50,high,low,RISK,3
4,2,4,2,Bonus,4695,No,Owns,35,65,80,20,12,MAIL ORDER (UP TO A 90-DAY SUPPLY),,CO-PAY IN $,50,30,10,100,30,3,50,high,low,RISK,3
3,3,3,4,Salaried,1210,No,Rents,62,54,88,20,12,MAIL ORDER (UP TO A 90-DAY SUPPLY),,CO-PAY IN $,30,10,100,50,30,3,50,high,low,RISK,3
4,4,4,2,Bonus,3149,No,Owns,37,58,79,20,12,MAIL ORDER (UP TO A 90-DAY SUPPLY),,CO-PAY IN $,30,10,100,50,30,3,50,high,low,RISK,3
4,3,4,4,Bonus,3757,No,Rents,38,56,75,20,12,MAIL ORDER (UP TO A 90-DAY SUPPLY),,CO-PAY IN $,50,100,30,10,30,3,50,high,low,RISK,3
4,3,4,4,Salaried,4038,Yes,Rents,51,64,87,20,12,MAIL ORDER (UP TO A 90-DAY SUPPLY),,CO-PAY IN $,30,50,10,100,30,3,50,high,low,RISK,3
2,3,3,4,Bonus,381,No,Owns,41,65,88,20,12,MAIL ORDER (UP TO A 90-DAY SUPPLY),,CO-PAY IN $,50,100,10,30,30,3,50,high,low,RISK,3
3,3,3,3,Hourly,2879,Yes,Rents,61,60,80,20,12,MAIL ORDER (UP TO A 90-DAY SUPPLY),,CO-PAY IN $,100,30,50,10,30,3,50,high,low,RISK,3
4,4,3,2,Hourly,2246,No,Owns,62,60,83,20,12,MAIL ORDER (UP TO A 90-DAY SUPPLY),,CO-PAY IN $,10,50,30,100,30,3,50,high,low,RISK,3
2,4,3,2,Hourly,3337,No,Rents,39,72,79,20,12,MAIL ORDER (UP TO A 90-DAY SUPPLY),,CO-PAY IN $,30,50,100,10,30,3,50,high,low,RISK,3
4,3,3,4,Hourly,874,No,Owns,63,68,84,20,12,MAIL ORDER (UP TO A 90-DAY SUPPLY),,CO-PAY IN $,10,100,30,50,30,3,50,high,low,RISK,3
3,4,2,3,Hourly,4470,Yes,Owns,36,63,98,20,12,MAIL ORDER (UP TO A 90-DAY SUPPLY),,CO-PAY IN $,100,30,50,10,30,3,50,high,low,RISK,3
4,3,4,3,Hourly,3252,Yes,Owns,46,55,84,20,12,MAIL ORDER (UP TO A 90-DAY SUPPLY),,CO-PAY IN $,100,50,30,10,30,3,50,high,low,RISK,3
3,4,2,3,Hourly,176,Yes,Rents,45,70,81,20,12,MAIL ORDER (UP TO A 90-DAY SUPPLY),,CO-PAY IN $,30,100,10,50,30,3,50,high,low,RISK,3
4,3,4,2,Hourly,3681,Yes,Owns,38,55,76,20,12,MAIL ORDER (UP TO A 90-DAY SUPPLY),,CO-PAY IN $,50,10,100,30,30,3,50,high,low,RISK,3
3,4,4,4,Hourly,1019,Yes,Owns,59,75,77,20,12,MAIL ORDER (UP TO A 90-DAY SUPPLY),,CO-PAY IN $,10,30,50,100,30,3,50,high,low,RISK,3
3,4,4,3,Bonus,4493,Yes,Owns,64,60,78,20,12,MAIL ORDER (UP TO A 90-DAY SUPPLY),,CO-PAY IN $,30,50,100,10,30,3,50,high,low,RISK,3
3,4,4,2,Salaried,1012,Yes,Owns,58,56,100,20,12,MAIL ORDER (UP TO A 90-DAY SUPPLY),,CO-PAY IN $,30,10,50,100,30,3,50,high,low,RISK,3
2,2,4,3,Bonus,1248,Yes,Rents,39,74,85,20,12,MAIL ORDER (UP TO A 90-DAY SUPPLY),,CO-PAY IN $,100,30,50,10,30,3,50,high,low,RISK,3
2,3,3,3,Salaried,1214,No,Owns,37,67,81,20,12,MAIL ORDER (UP TO A 90-DAY SUPPLY),,CO-PAY IN $,50,30,10,100,30,3,50,high,low,RISK,3
4,3,3,2,Salaried,2852,Yes,Rents,38,64,80,20,12,MAIL ORDER (UP TO A 90-DAY SUPPLY),,CO-PAY IN $,100,30,10,50,30,3,50,high,low,RISK,3
3,3,2,2,Bonus,1440,Yes,Owns,46,75,83,20,12,MAIL ORDER (UP TO A 90-DAY SUPPLY),,CO-PAY IN $,30,10,50,100,30,3,50,high,low,RISK,3
4,2,4,3,Bonus,2951,No,Owns,48,51,79,20,12,MAIL ORDER (UP TO A 90-DAY SUPPLY),,CO-PAY IN $,10,30,50,100,30,3,50,high,low,RISK,3
1,0,0,1,Salaried,4377,No,Rents,4,9,1,20,13,MAIL ORDER (UP TO A 90-DAY SUPPLY),,CO-PAY IN $,30,50,100,10,30,3,5,high,high,RISK,4
0,0,1,0,Salaried,1919,No,Owns,4,4,5,20,13,MAIL ORDER (UP TO A 90-DAY SUPPLY),,CO-PAY IN $,10,100,30,50,30,3,5,high,high,RISK,4
0,0,0,0,Salaried,4671,Yes,Rents,7,1,2,20,13,MAIL ORDER (UP TO A 90-DAY SUPPLY),,CO-PAY IN $,100,30,50,10,30,3,5,high,high,RISK,4
1,1,0,0,Bonus,1139,No,Owns,6,6,5,20,13,MAIL ORDER (UP TO A 90-DAY SUPPLY),,CO-PAY IN $,10,30,50,100,30,3,5,high,high,RISK,4
0,1,1,0,Bonus,3085,No,Rents,3,1,13,20,13,MAIL ORDER (UP TO A 90-DAY SUPPLY),,CO-PAY IN $,30,10,50,100,30,3,5,high,high,RISK,4
0,1,1,0,Salaried,912,Yes,Rents,9,3,4,20,13,MAIL ORDER (UP TO A 90-DAY SUPPLY),,CO-PAY IN $,30,100,50,10,30,3,5,high,high,RISK,4
1,0,1,0,Hourly,3561,Yes,Owns,5,2,0,20,13,MAIL ORDER (UP TO A 90-DAY SUPPLY),,CO-PAY IN $,10,30,100,50,30,3,5,high,high,RISK,4
1,1,0,0,Hourly,4350,No,Rents,2,5,12,20,13,MAIL ORDER (UP TO A 90-DAY SUPPLY),,CO-PAY IN $,100,50,30,10,30,3,5,high,high,RISK,4
1,1,0,1,Salaried,3664,No,Owns,1,6,13,20,13,MAIL ORDER (UP TO A 90-DAY SUPPLY),,CO-PAY IN $,50,100,30,10,30,3,5,high,high,RISK,4
0,0,0,0,Bonus,1972,Yes,Owns,9,4,5,20,13,MAIL ORDER (UP TO A 90-DAY SUPPLY),,CO-PAY IN $,30,100,50,10,30,3,5,high,high,RISK,4
0,0,1,1,Salaried,1235,Yes,Rents,7,4,8,20,13,MAIL ORDER (UP TO A 90-DAY SUPPLY),,CO-PAY IN $,10,50,30,100,30,3,5,high,high,RISK,4
0,1,0,0,Bonus,2294,Yes,Owns,4,9,4,20,13,MAIL ORDER (UP TO A 90-DAY SUPPLY),,CO-PAY IN $,50,30,100,10,30,3,5,high,high,RISK,4
0,0,1,0,Salaried,4592,Yes,Rents,9,7,9,20,13,MAIL ORDER (UP TO A 90-DAY SUPPLY),,CO-PAY IN $,10,30,100,50,30,3,5,high,high,RISK,4
0,0,0,1,Hourly,2183,Yes,Owns,1,5,23,20,13,MAIL ORDER (UP TO A 90-DAY SUPPLY),,CO-PAY IN $,50,100,10,30,30,3,5,high,high,RISK,4
0,0,1,0,Salaried,1622,Yes,Rents,2,1,9,20,13,MAIL ORDER (UP TO A 90-DAY SUPPLY),,CO-PAY IN $,10,100,30,50,30,3,5,high,high,RISK,4
0,1,0,1,Salaried,4259,Yes,Rents,1,8,6,20,13,MAIL ORDER (UP TO A 90-DAY SUPPLY),,CO-PAY IN $,100,50,10,30,30,3,5,high,high,RISK,4
1,0,0,1,Salaried,4138,No,Owns,9,2,1,20,13,MAIL ORDER (UP TO A 90-DAY SUPPLY),,CO-PAY IN $,30,50,100,10,30,3,5,high,high,RISK,4
1,0,0,1,Bonus,2742,No,Owns,10,10,2,20,13,MAIL ORDER (UP TO A 90-DAY SUPPLY),,CO-PAY IN $,10,30,100,50,30,3,5,high,high,RISK,4
0,0,0,1,Bonus,4027,Yes,Rents,3,4,3,20,13,MAIL ORDER (UP TO A 90-DAY SUPPLY),,CO-PAY IN $,30,10,100,50,30,3,5,high,high,RISK,4
1,0,0,0,Bonus,3643,No,Rents,8,2,25,20,13,MAIL ORDER (UP TO A 90-DAY SUPPLY),,CO-PAY IN $,30,50,10,100,30,3,5,high,high,RISK,4
1,0,1,0,Salaried,1855,No,Rents,9,10,10,20,13,MAIL ORDER (UP TO A 90-DAY SUPPLY),,CO-PAY IN $,100,10,50,30,30,3,5,high,high,RISK,4
0,1,0,0,Bonus,4199,No,Owns,7,7,6,20,13,MAIL ORDER (UP TO A 90-DAY SUPPLY),,CO-PAY IN $,30,10,50,100,30,3,5,high,high,RISK,4
0,1,0,0,Salaried,358,No,Rents,5,5,5,20,13,MAIL ORDER (UP TO A 90-DAY SUPPLY),,CO-PAY IN $,50,10,30,100,30,3,5,high,high,RISK,4
0,0,1,0,Salaried,2175,No,Owns,8,10,8,20,13,MAIL ORDER (UP TO A 90-DAY SUPPLY),,CO-PAY IN $,10,30,50,100,30,3,5,high,high,RISK,4
0,1,0,0,Bonus,2804,No,Owns,4,0,4,20,13,MAIL ORDER (UP TO A 90-DAY SUPPLY),,CO-PAY IN $,50,100,30,10,30,3,5,high,high,RISK,4
1,1,1,0,Bonus,2793,Yes,Owns,9,9,1,20,13,MAIL ORDER (UP TO A 90-DAY SUPPLY),,CO-PAY IN $,100,10,50,30,30,3,5,high,high,RISK,4
1,0,1,0,Salaried,1366,No,Owns,7,4,5,20,13,MAIL ORDER (UP TO A 90-DAY SUPPLY),,CO-PAY IN $,10,100,30,50,30,3,5,high,high,RISK,4
0,1,1,1,Salaried,3990,No,Rents,6,1,2,20,13,MAIL ORDER (UP TO A 90-DAY SUPPLY),,CO-PAY IN $,10,30,50,100,30,3,5,high,high,RISK,4
0,0,0,0,Salaried,1625,No,Owns,8,6,5,20,13,MAIL ORDER (UP TO A 90-DAY SUPPLY),,CO-PAY IN $,30,10,100,50,30,3,5,high,high,RISK,4
1,1,0,0,Hourly,1178,No,Owns,0,1,13,20,13,MAIL ORDER (UP TO A 90-DAY SUPPLY),,CO-PAY IN $,100,10,30,50,30,3,5,high,high,RISK,4
0,0,0,0,Hourly,2665,No,Rents,2,3,4,20,13,MAIL ORDER (UP TO A 90-DAY SUPPLY),,CO-PAY IN $,100,10,50,30,30,3,5,high,high,RISK,4
1,1,1,0,Hourly,4144,No,Owns,3,2,0,20,13,MAIL ORDER (UP TO A 90-DAY SUPPLY),,CO-PAY IN $,100,10,30,50,30,3,5,high,high,RISK,4
0,0,1,0,Hourly,2547,Yes,Owns,7,5,12,20,13,MAIL ORDER (UP TO A 90-DAY SUPPLY),,CO-PAY IN $,30,50,100,10,30,3,5,high,high,RISK,4
1,0,1,0,Hourly,152,Yes,Owns,8,6,13,20,13,MAIL ORDER (UP TO A 90-DAY SUPPLY),,CO-PAY IN $,30,100,50,10,30,3,5,high,high,RISK,4
0,0,0,0,Bonus,2909,Yes,Rents,3,4,5,20,13,MAIL ORDER (UP TO A 90-DAY SUPPLY),,CO-PAY IN $,50,10,30,100,30,3,5,high,high,RISK,4
1,1,0,0,Bonus,2404,Yes,Owns,5,4,8,20,13,MAIL ORDER (UP TO A 90-DAY SUPPLY),,CO-PAY IN $,50,10,100,30,30,3,5,high,high,RISK,4
1,0,1,1,Bonus,144,Yes,Owns,4,9,4,20,13,MAIL ORDER (UP TO A 90-DAY SUPPLY),,CO-PAY IN $,100,50,10,30,30,3,5,high,high,RISK,4
1,0,1,0,Hourly,2250,No,Owns,4,7,9,20,13,MAIL ORDER (UP TO A 90-DAY SUPPLY),,CO-PAY IN $,30,100,50,10,30,3,5,high,high,RISK,4
1,0,0,0,Hourly,4826,No,Owns,4,5,23,20,13,MAIL ORDER (UP TO A 90-DAY SUPPLY),,CO-PAY IN $,30,100,10,50,30,3,5,high,high,RISK,4
1,1,0,0,Salaried,792,No,Owns,5,1,9,20,13,MAIL ORDER (UP TO A 90-DAY SUPPLY),,CO-PAY IN $,50,100,30,10,30,3,5,high,high,RISK,4
0,1,0,0,Hourly,3429,No,Rents,8,8,6,20,13,MAIL ORDER (UP TO A 90-DAY SUPPLY),,CO-PAY IN $,50,10,100,30,30,3,5,high,high,RISK,4
0,1,0,0,Hourly,1596,Yes,Owns,5,2,1,20,13,MAIL ORDER (UP TO A 90-DAY SUPPLY),,CO-PAY IN $,100,10,30,50,30,3,5,high,high,RISK,4
1,1,1,0,Salaried,83,Yes,Owns,2,10,2,20,13,MAIL ORDER (UP TO A 90-DAY SUPPLY),,CO-PAY IN $,100,30,10,50,30,3,5,high,high,RISK,4
1,1,0,1,Salaried,3601,No,Owns,1,4,3,20,13,MAIL ORDER (UP TO A 90-DAY SUPPLY),,CO-PAY IN $,30,100,50,10,30,3,5,high,high,RISK,4
0,0,0,1,Bonus,861,No,Owns,8,2,25,20,13,MAIL ORDER (UP TO A 90-DAY SUPPLY),,CO-PAY IN $,30,10,50,100,30,3,5,high,high,RISK,4
0,1,1,1,Salaried,2240,Yes,Rents,8,10,10,20,13,MAIL ORDER (UP TO A 90-DAY SUPPLY),,CO-PAY IN $,10,100,50,30,30,3,5,high,high,RISK,4
0,0,0,0,Hourly,2384,No,Rents,1,7,6,20,13,MAIL ORDER (UP TO A 90-DAY SUPPLY),,CO-PAY IN $,30,100,10,50,30,3,5,high,high,RISK,4
0,0,0,0,Bonus,2363,Yes,Rents,6,5,5,20,13,MAIL ORDER (UP TO A 90-DAY SUPPLY),,CO-PAY IN $,50,30,100,10,30,3,5,high,high,RISK,4
0,0,1,0,Salaried,4539,No,Owns,3,10,8,20,13,MAIL ORDER (UP TO A 90-DAY SUPPLY),,CO-PAY IN $,30,100,10,50,30,3,5,high,high,RISK,4
0,0,0,0,Bonus,489,No,Rents,3,0,4,20,13,MAIL ORDER (UP TO A 90-DAY SUPPLY),,CO-PAY IN $,10,100,30,50,30,3,5,high,high,RISK,4
0,1,0,1,Bonus,4623,Yes,Owns,2,9,1,20,13,MAIL ORDER (UP TO A 90-DAY SUPPLY),,CO-PAY IN $,100,50,30,10,30,3,5,high,high,RISK,4
0,0,0,0,Salaried,153,Yes,Owns,0,4,5,20,13,MAIL ORDER (UP TO A 90-DAY SUPPLY),,CO-PAY IN $,100,30,50,10,30,3,5,high,high,RISK,4
0,1,1,0,Salaried,3954,No,Owns,1,1,2,20,13,MAIL ORDER (UP TO A 90-DAY SUPPLY),,CO-PAY IN $,10,100,30,50,30,3,5,high,high,RISK,4
0,0,0,0,Salaried,4742,No,Rents,0,6,5,20,13,MAIL ORDER (UP TO A 90-DAY SUPPLY),,CO-PAY IN $,30,10,100,50,30,3,5,high,high,RISK,4
0,0,0,0,Hourly,3289,No,Rents,8,1,13,20,13,MAIL ORDER (UP TO A 90-DAY SUPPLY),,CO-PAY IN $,100,10,50,30,30,3,5,high,high,RISK,4
0,0,1,0,Bonus,3179,No,Rents,2,2,0,20,13,MAIL ORDER (UP TO A 90-DAY SUPPLY),,CO-PAY IN $,10,30,50,100,30,3,5,high,high,RISK,4
0,0,0,0,Bonus,4271,No,Rents,3,5,12,20,13,MAIL ORDER (UP TO A 90-DAY SUPPLY),,CO-PAY IN $,100,10,30,50,30,3,5,high,high,RISK,4
0,0,0,0,Hourly,4605,Yes,Rents,4,6,13,20,13,MAIL ORDER (UP TO A 90-DAY SUPPLY),,CO-PAY IN $,100,30,50,10,30,3,5,high,high,RISK,4
0,1,1,1,Salaried,3042,Yes,Rents,1,4,5,20,13,MAIL ORDER (UP TO A 90-DAY SUPPLY),,CO-PAY IN $,10,50,100,30,30,3,5,high,high,RISK,4
0,1,1,0,Hourly,170,No,Rents,9,4,8,20,13,MAIL ORDER (UP TO A 90-DAY SUPPLY),,CO-PAY IN $,30,10,100,50,30,3,5,high,high,RISK,4
0,0,0,1,Salaried,2062,No,Rents,2,9,4,20,13,MAIL ORDER (UP TO A 90-DAY SUPPLY),,CO-PAY IN $,100,50,30,10,30,3,5,high,high,RISK,4
1,0,1,1,Bonus,1962,No,Rents,0,7,9,20,13,MAIL ORDER (UP TO A 90-DAY SUPPLY),,CO-PAY IN $,30,50,10,100,30,3,5,high,high,RISK,4
0,0,0,0,Bonus,1006,No,Owns,5,5,23,20,13,MAIL ORDER (UP TO A 90-DAY SUPPLY),,CO-PAY IN $,30,50,100,10,30,3,5,high,high,RISK,4
0,1,0,1,Salaried,4555,No,Rents,2,1,9,20,13,MAIL ORDER (UP TO A 90-DAY SUPPLY),,CO-PAY IN $,100,50,30,10,30,3,5,high,high,RISK,4
1,0,1,0,Bonus,458,No,Rents,4,8,6,20,13,MAIL ORDER (UP TO A 90-DAY SUPPLY),,CO-PAY IN $,30,100,10,50,30,3,5,high,high,RISK,4
1,0,1,0,Hourly,1593,No,Owns,0,2,1,20,13,MAIL ORDER (UP TO A 90-DAY SUPPLY),,CO-PAY IN $,100,30,50,10,30,3,5,high,high,RISK,4
0,1,0,0,Hourly,4519,Yes,Owns,4,10,2,20,13,MAIL ORDER (UP TO A 90-DAY SUPPLY),,CO-PAY IN $,30,50,100,10,30,3,5,high,high,RISK,4
0,1,0,0,Bonus,2639,No,Rents,0,4,3,20,13,MAIL ORDER (UP TO A 90-DAY SUPPLY),,CO-PAY IN $,10,50,100,30,30,3,5,high,high,RISK,4
0,0,1,0,Hourly,2563,Yes,Rents,8,2,25,20,13,MAIL ORDER (UP TO A 90-DAY SUPPLY),,CO-PAY IN $,10,30,100,50,30,3,5,high,high,RISK,4
0,0,1,1,Bonus,2810,Yes,Owns,8,10,10,20,13,MAIL ORDER (UP TO A 90-DAY SUPPLY),,CO-PAY IN $,30,100,50,10,30,3,5,high,high,RISK,4
0,0,0,1,Hourly,2954,Yes,Owns,10,7,6,20,13,MAIL ORDER (UP TO A 90-DAY SUPPLY),,CO-PAY IN $,100,50,10,30,30,3,5,high,high,RISK,4
0,0,1,0,Hourly,2299,Yes,Owns,6,5,5,20,13,MAIL ORDER (UP TO A 90-DAY SUPPLY),,CO-PAY IN $,10,50,30,100,30,3,5,high,high,RISK,4
0,0,1,1,Hourly,1155,No,Rents,1,10,8,20,13,MAIL ORDER (UP TO A 90-DAY SUPPLY),,CO-PAY IN $,10,30,50,100,30,3,5,high,high,RISK,4
1,0,1,0,Bonus,1856,Yes,Rents,7,0,4,20,13,MAIL ORDER (UP TO A 90-DAY SUPPLY),,CO-PAY IN $,30,10,50,100,30,3,5,high,high,RISK,4
1,1,0,0,Salaried,3352,Yes,Rents,1,9,1,20,13,MAIL ORDER (UP TO A 90-DAY SUPPLY),,CO-PAY IN $,30,100,10,50,30,3,5,high,high,RISK,4
1,0,0,0,Hourly,3735,Yes,Owns,8,4,5,20,13,MAIL ORDER (UP TO A 90-DAY SUPPLY),,CO-PAY IN $,100,30,50,10,30,3,5,high,high,RISK,4
1,0,0,1,Salaried,1125,Yes,Rents,1,1,2,20,13,MAIL ORDER (UP TO A 90-DAY SUPPLY),,CO-PAY IN $,100,50,10,30,30,3,5,high,high,RISK,4
1,0,1,0,Bonus,4695,No,Owns,0,6,5,20,13,MAIL ORDER (UP TO A 90-DAY SUPPLY),,CO-PAY IN $,30,50,100,10,30,3,5,high,high,RISK,4
0,0,0,1,Salaried,1210,No,Rents,9,1,13,20,13,MAIL ORDER (UP TO A 90-DAY SUPPLY),,CO-PAY IN $,50,10,100,30,30,3,5,high,high,RISK,4
1,1,1,0,Bonus,3149,No,Owns,1,3,4,20,13,MAIL ORDER (UP TO A 90-DAY SUPPLY),,CO-PAY IN $,30,10,50,100,30,3,5,high,high,RISK,4
1,0,0,0,Bonus,3757,No,Rents,1,2,0,20,13,MAIL ORDER (UP TO A 90-DAY SUPPLY),,CO-PAY IN $,10,50,100,30,30,3,5,high,high,RISK,4
1,0,1,1,Salaried,4038,Yes,Rents,5,5,12,20,13,MAIL ORDER (UP TO A 90-DAY SUPPLY),,CO-PAY IN $,30,10,100,50,30,3,5,high,high,RISK,4
0,0,0,1,Bonus,381,No,Owns,2,6,13,20,13,MAIL ORDER (UP TO A 90-DAY SUPPLY),,CO-PAY IN $,10,50,100,30,30,3,5,high,high,RISK,4
0,0,0,0,Hourly,2879,Yes,Rents,9,4,5,20,13,MAIL ORDER (UP TO A 90-DAY SUPPLY),,CO-PAY IN $,100,50,10,30,30,3,5,high,high,RISK,4
0,1,0,0,Hourly,2246,No,Owns,9,4,8,20,13,MAIL ORDER (UP TO A 90-DAY SUPPLY),,CO-PAY IN $,10,50,30,100,30,3,5,high,high,RISK,4
0,1,0,0,Hourly,3337,No,Rents,1,9,4,20,13,MAIL ORDER (UP TO A 90-DAY SUPPLY),,CO-PAY IN $,50,10,30,100,30,3,5,high,high,RISK,4
1,0,0,0,Hourly,874,No,Owns,9,7,9,20,13,MAIL ORDER (UP TO A 90-DAY SUPPLY),,CO-PAY IN $,30,50,100,10,30,3,5,high,high,RISK,4
0,1,0,0,Hourly,4470,Yes,Owns,0,5,23,20,13,MAIL ORDER (UP TO A 90-DAY SUPPLY),,CO-PAY IN $,50,10,100,30,30,3,5,high,high,RISK,4
1,0,1,0,Hourly,3252,Yes,Owns,4,1,9,20,13,MAIL ORDER (UP TO A 90-DAY SUPPLY),,CO-PAY IN $,10,30,50,100,30,3,5,high,high,RISK,4
0,1,0,0,Hourly,176,Yes,Rents,3,8,6,20,13,MAIL ORDER (UP TO A 90-DAY SUPPLY),,CO-PAY IN $,10,100,30,50,30,3,5,high,high,RISK,4
0,0,1,0,Hourly,3681,Yes,Owns,1,2,1,20,13,MAIL ORDER (UP TO A 90-DAY SUPPLY),,CO-PAY IN $,30,50,100,10,30,3,5,high,high,RISK,4
0,1,1,1,Hourly,1019,Yes,Owns,8,10,2,20,13,MAIL ORDER (UP TO A 90-DAY SUPPLY),,CO-PAY IN $,30,50,10,100,30,3,5,high,high,RISK,4
0,1,1,0,Bonus,4493,Yes,Owns,10,4,3,20,13,MAIL ORDER (UP TO A 90-DAY SUPPLY),,CO-PAY IN $,30,10,100,50,30,3,5,high,high,RISK,4
0,1,1,0,Salaried,1012,Yes,Owns,8,2,25,20,13,MAIL ORDER (UP TO A 90-DAY SUPPLY),,CO-PAY IN $,30,100,50,10,30,3,5,high,high,RISK,4
0,0,0,0,Bonus,1248,Yes,Rents,1,10,10,20,13,MAIL ORDER (UP TO A 90-DAY SUPPLY),,CO-PAY IN $,10,50,100,30,30,3,5,high,high,RISK,4
0,0,0,0,Salaried,1214,No,Owns,1,7,6,20,13,MAIL ORDER (UP TO A 90-DAY SUPPLY),,CO-PAY IN $,10,50,30,100,30,3,5,high,high,RISK,4
1,0,0,0,Salaried,2852,Yes,Rents,1,5,5,20,13,MAIL ORDER (UP TO A 90-DAY SUPPLY),,CO-PAY IN $,50,100,30,10,30,3,5,high,high,RISK,4
0,0,0,0,Bonus,1440,Yes,Owns,4,10,8,20,13,MAIL ORDER (UP TO A 90-DAY SUPPLY),,CO-PAY IN $,30,50,100,10,30,3,5,high,high,RISK,4
1,0,1,0,Bonus,2951,No,Owns,4,0,4,20,13,MAIL ORDER (UP TO A 90-DAY SUPPLY),,CO-PAY IN $,30,100,10,50,30,3,5,high,high,RISK,4
2,1,0,2,Salaried,4377,No,Rents,10,19,27,20,14,MAIL ORDER (UP TO A 90-DAY SUPPLY),,CO-PAY IN $,50,10,30,100,30,3,10,high,high,RISK,4
0,1,1,0,Salaried,1919,No,Owns,10,15,31,20,14,MAIL ORDER (UP TO A 90-DAY SUPPLY),,CO-PAY IN $,30,50,10,100,30,3,10,high,high,RISK,4
1,1,0,0,Salaried,4671,Yes,Rents,15,12,28,20,14,MAIL ORDER (UP TO A 90-DAY SUPPLY),,CO-PAY IN $,30,50,100,10,30,3,10,high,high,RISK,4
2,1,0,0,Bonus,1139,No,Owns,13,16,31,20,14,MAIL ORDER (UP TO A 90-DAY SUPPLY),,CO-PAY IN $,100,50,30,10,30,3,10,high,high,RISK,4
1,1,2,1,Bonus,3085,No,Rents,9,12,39,20,14,MAIL ORDER (UP TO A 90-DAY SUPPLY),,CO-PAY IN $,100,10,50,30,30,3,10,high,high,RISK,4
0,1,2,0,Salaried,912,Yes,Rents,16,14,30,20,14,MAIL ORDER (UP TO A 90-DAY SUPPLY),,CO-PAY IN $,30,100,50,10,30,3,10,high,high,RISK,4
1,0,2,1,Hourly,3561,Yes,Owns,12,13,26,20,14,MAIL ORDER (UP TO A 90-DAY SUPPLY),,CO-PAY IN $,10,100,50,30,30,3,10,high,high,RISK,4
1,2,0,0,Hourly,4350,No,Rents,7,16,37,20,14,MAIL ORDER (UP TO A 90-DAY SUPPLY),,CO-PAY IN $,100,30,10,50,30,3,10,high,high,RISK,4
2,2,1,2,Salaried,3664,No,Owns,7,16,39,20,14,MAIL ORDER (UP TO A 90-DAY SUPPLY),,CO-PAY IN $,30,50,100,10,30,3,10,high,high,RISK,4
0,0,0,1,Bonus,1972,Yes,Owns,17,14,30,20,14,MAIL ORDER (UP TO A 90-DAY SUPPLY),,CO-PAY IN $,50,30,10,100,30,3,10,high,high,RISK,4
1,0,2,2,Salaried,1235,Yes,Rents,14,14,34,20,14,MAIL ORDER (UP TO A 90-DAY SUPPLY),,CO-PAY IN $,10,30,50,100,30,3,10,high,high,RISK,4
0,2,0,1,Bonus,2294,Yes,Owns,10,19,30,20,14,MAIL ORDER (UP TO A 90-DAY SUPPLY),,CO-PAY IN $,30,100,10,50,30,3,10,high,high,RISK,4
0,1,2,0,Salaried,4592,Yes,Rents,16,17,35,20,14,MAIL ORDER (UP TO A 90-DAY SUPPLY),,CO-PAY IN $,30,10,50,100,30,3,10,high,high,RISK,4
0,0,1,1,Hourly,2183,Yes,Owns,6,15,48,20,14,MAIL ORDER (UP TO A 90-DAY SUPPLY),,CO-PAY IN $,10,50,100,30,30,3,10,high,high,RISK,4
1,2,1,2,Salaried,4259,Yes,Rents,6,18,32,20,14,MAIL ORDER (UP TO A 90-DAY SUPPLY),,CO-PAY IN $,30,10,50,100,30,3,10,high,high,RISK,4
2,1,1,2,Salaried,4138,No,Owns,17,13,27,20,14,MAIL ORDER (UP TO A 90-DAY SUPPLY),,CO-PAY IN $,30,10,50,100,30,3,10,high,high,RISK,4
2,0,1,2,Bonus,2742,No,Owns,17,20,28,20,14,MAIL ORDER (UP TO A 90-DAY SUPPLY),,CO-PAY IN $,30,10,100,50,30,3,10,high,high,RISK,4
1,1,0,2,Bonus,4027,Yes,Rents,8,14,29,20,14,MAIL ORDER (UP TO A 90-DAY SUPPLY),,CO-PAY IN $,50,100,10,30,30,3,10,high,high,RISK,4
1,1,0,0,Bonus,3643,No,Rents,16,13,50,20,14,MAIL ORDER (UP TO A 90-DAY SUPPLY),,CO-PAY IN $,100,30,50,10,30,3,10,high,high,RISK,4
1,0,2,0,Salaried,1855,No,Rents,17,20,35,20,14,MAIL ORDER (UP TO A 90-DAY SUPPLY),,CO-PAY IN $,30,50,100,10,30,3,10,high,high,RISK,4
1,2,0,1,Bonus,4199,No,Owns,14,17,32,20,14,MAIL ORDER (UP TO A 90-DAY SUPPLY),,CO-PAY IN $,30,50,10,100,30,3,10,high,high,RISK,4
1,1,1,1,Salaried,2175,No,Owns,16,20,34,20,14,MAIL ORDER (UP TO A 90-DAY SUPPLY),,CO-PAY IN $,10,100,50,30,30,3,10,high,high,RISK,4
1,1,0,0,Bonus,2804,No,Owns,11,11,30,20,14,MAIL ORDER (UP TO A 90-DAY SUPPLY),,CO-PAY IN $,50,30,100,10,30,3,10,high,high,RISK,4
2,1,2,1,Bonus,2793,Yes,Owns,17,19,27,20,14,MAIL ORDER (UP TO A 90-DAY SUPPLY),,CO-PAY IN $,100,30,50,10,30,3,10,high,high,RISK,4
2,0,2,0,Salaried,1366,No,Owns,14,15,31,20,14,MAIL ORDER (UP TO A 90-DAY SUPPLY),,CO-PAY IN $,30,10,100,50,30,3,10,high,high,RISK,4
0,1,1,2,Salaried,3990,No,Rents,13,12,28,20,14,MAIL ORDER (UP TO A 90-DAY SUPPLY),,CO-PAY IN $,30,50,10,100,30,3,10,high,high,RISK,4
0,1,1,0,Salaried,1625,No,Owns,16,16,31,20,14,MAIL ORDER (UP TO A 90-DAY SUPPLY),,CO-PAY IN $,30,50,100,10,30,3,10,high,high,RISK,4
1,2,0,0,Hourly,1178,No,Owns,5,12,39,20,14,MAIL ORDER (UP TO A 90-DAY SUPPLY),,CO-PAY IN $,50,100,30,10,30,3,10,high,high,RISK,4
1,1,0,0,Hourly,2665,No,Rents,8,14,30,20,14,MAIL ORDER (UP TO A 90-DAY SUPPLY),,CO-PAY IN $,30,50,10,100,30,3,10,high,high,RISK,4
1,1,2,0,Hourly,4144,No,Owns,9,13,26,20,14,MAIL ORDER (UP TO A 90-DAY SUPPLY),,CO-PAY IN $,50,30,10,100,30,3,10,high,high,RISK,4
1,1,2,0,Hourly,2547,Yes,Owns,14,16,37,20,14,MAIL ORDER (UP TO A 90-DAY SUPPLY),,CO-PAY IN $,10,100,50,30,30,3,10,high,high,RISK,4
1,1,1,0,Hourly,152,Yes,Owns,15,16,39,20,14,MAIL ORDER (UP TO A 90-DAY SUPPLY),,CO-PAY IN $,30,10,100,50,30,3,10,high,high,RISK,4
0,0,0,0,Bonus,2909,Yes,Rents,9,14,30,20,14,MAIL ORDER (UP TO A 90-DAY SUPPLY),,CO-PAY IN $,50,10,30,100,30,3,10,high,high,RISK,4
2,2,1,1,Bonus,2404,Yes,Owns,11,14,34,20,14,MAIL ORDER (UP TO A 90-DAY SUPPLY),,CO-PAY IN $,10,100,30,50,30,3,10,high,high,RISK,4
2,0,1,2,Bonus,144,Yes,Owns,10,19,30,20,14,MAIL ORDER (UP TO A 90-DAY SUPPLY),,CO-PAY IN $,50,100,30,10,30,3,10,high,high,RISK,4
2,0,1,0,Hourly,2250,No,Owns,11,17,35,20,14,MAIL ORDER (UP TO A 90-DAY SUPPLY),,CO-PAY IN $,100,10,30,50,30,3,10,high,high,RISK,4
2,0,0,0,Hourly,4826,No,Owns,10,15,48,20,14,MAIL ORDER (UP TO A 90-DAY SUPPLY),,CO-PAY IN $,30,10,50,100,30,3,10,high,high,RISK,4
1,1,0,0,Salaried,792,No,Owns,12,12,35,20,14,MAIL ORDER (UP TO A 90-DAY SUPPLY),,CO-PAY IN $,10,50,30,100,30,3,10,high,high,RISK,4
0,2,0,1,Hourly,3429,No,Rents,15,18,32,20,14,MAIL ORDER (UP TO A 90-DAY SUPPLY),,CO-PAY IN $,30,50,10,100,30,3,10,high,high,RISK,4
0,2,0,1,Hourly,1596,Yes,Owns,11,13,27,20,14,MAIL ORDER (UP TO A 90-DAY SUPPLY),,CO-PAY IN $,30,50,100,10,30,3,10,high,high,RISK,4
1,1,2,0,Salaried,83,Yes,Owns,7,20,28,20,14,MAIL ORDER (UP TO A 90-DAY SUPPLY),,CO-PAY IN $,30,100,10,50,30,3,10,high,high,RISK,4
1,2,0,2,Salaried,3601,No,Owns,6,14,29,20,14,MAIL ORDER (UP TO A 90-DAY SUPPLY),,CO-PAY IN $,10,50,30,100,30,3,10,high,high,RISK,4
1,1,0,1,Bonus,861,No,Owns,15,13,50,20,14,MAIL ORDER (UP TO A 90-DAY SUPPLY),,CO-PAY IN $,30,100,50,10,30,3,10,high,high,RISK,4
0,2,2,2,Salaried,2240,Yes,Rents,15,20,35,20,14,MAIL ORDER (UP TO A 90-DAY SUPPLY),,CO-PAY IN $,30,50,100,10,30,3,10,high,high,RISK,4
1,0,0,0,Hourly,2384,No,Rents,6,17,32,20,14,MAIL ORDER (UP TO A 90-DAY SUPPLY),,CO-PAY IN $,100,50,30,10,30,3,10,high,high,RISK,4
0,0,0,0,Bonus,2363,Yes,Rents,12,16,31,20,14,MAIL ORDER (UP TO A 90-DAY SUPPLY),,CO-PAY IN $,100,50,30,10,30,3,10,high,high,RISK,4
1,1,2,0,Salaried,4539,No,Owns,10,20,34,20,14,MAIL ORDER (UP TO A 90-DAY SUPPLY),,CO-PAY IN $,50,100,10,30,30,3,10,high,high,RISK,4
1,1,0,0,Bonus,489,No,Rents,9,11,30,20,14,MAIL ORDER (UP TO A 90-DAY SUPPLY),,CO-PAY IN $,30,100,10,50,30,3,10,high,high,RISK,4
1,2,0,2,Bonus,4623,Yes,Owns,7,19,27,20,14,MAIL ORDER (UP TO A 90-DAY SUPPLY),,CO-PAY IN $,100,10,30,50,30,3,10,high,high,RISK,4
1,0,0,0,Salaried,153,Yes,Owns,5,15,31,20,14,MAIL ORDER (UP TO A 90-DAY SUPPLY),,CO-PAY IN $,10,30,50,100,30,3,10,high,high,RISK,4
0,2,2,1,Salaried,3954,No,Owns,6,12,28,20,14,MAIL ORDER (UP TO A 90-DAY SUPPLY),,CO-PAY IN $,30,100,50,10,30,3,10,high,high,RISK,4
0,1,0,0,Salaried,4742,No,Rents,5,16,31,20,14,MAIL ORDER (UP TO A 90-DAY SUPPLY),,CO-PAY IN $,30,50,100,10,30,3,10,high,high,RISK,4
0,0,0,1,Hourly,3289,No,Rents,15,12,39,20,14,MAIL ORDER (UP TO A 90-DAY SUPPLY),,CO-PAY IN $,100,30,10,50,30,3,10,high,high,RISK,4
0,0,1,1,Bonus,3409,Yes,Rents,13,14,30,20,14,MAIL ORDER (UP TO A 90-DAY SUPPLY),,CO-PAY IN $,30,10,50,100,30,3,10,high,high,RISK,4
0,0,2,1,Bonus,3179,No,Rents,8,13,26,20,14,MAIL ORDER (UP TO A 90-DAY SUPPLY),,CO-PAY IN $,50,10,100,30,30,3,10,high,high,RISK,4
0,0,0,1,Bonus,4271,No,Rents,9,16,37,20,14,MAIL ORDER (UP TO A 90-DAY SUPPLY),,CO-PAY IN $,50,30,10,100,30,3,10,high,high,RISK,4
0,0,0,0,Hourly,4605,Yes,Rents,10,16,39,20,14,MAIL ORDER (UP TO A 90-DAY SUPPLY),,CO-PAY IN $,10,30,50,100,30,3,10,high,high,RISK,4
0,2,2,2,Salaried,3042,Yes,Rents,6,14,30,20,14,MAIL ORDER (UP TO A 90-DAY SUPPLY),,CO-PAY IN $,30,100,50,10,30,3,10,high,high,RISK,4
0,1,0,2,Salaried,2062,No,Rents,7,19,30,20,14,MAIL ORDER (UP TO A 90-DAY SUPPLY),,CO-PAY IN $,10,50,100,30,30,3,10,high,high,RISK,4
1,1,2,2,Bonus,1962,No,Rents,5,17,35,20,14,MAIL ORDER (UP TO A 90-DAY SUPPLY),,CO-PAY IN $,100,10,50,30,30,3,10,high,high,RISK,4
0,0,0,0,Bonus,1006,No,Owns,11,15,48,20,14,MAIL ORDER (UP TO A 90-DAY SUPPLY),,CO-PAY IN $,10,100,30,50,30,3,10,high,high,RISK,4
0,2,1,2,Salaried,4555,No,Rents,8,12,35,20,14,MAIL ORDER (UP TO A 90-DAY SUPPLY),,CO-PAY IN $,100,30,50,10,30,3,10,high,high,RISK,4
2,1,1,0,Bonus,458,No,Rents,10,18,32,20,14,MAIL ORDER (UP TO A 90-DAY SUPPLY),,CO-PAY IN $,10,30,100,50,30,3,10,high,high,RISK,4
2,0,2,1,Hourly,1593,No,Owns,5,13,27,20,14,MAIL ORDER (UP TO A 90-DAY SUPPLY),,CO-PAY IN $,100,10,50,30,30,3,10,high,high,RISK,4
0,2,0,1,Hourly,4519,Yes,Owns,11,20,28,20,14,MAIL ORDER (UP TO A 90-DAY SUPPLY),,CO-PAY IN $,10,30,100,50,30,3,10,high,high,RISK,4
0,1,0,0,Bonus,2639,No,Rents,5,14,29,20,14,MAIL ORDER (UP TO A 90-DAY SUPPLY),,CO-PAY IN $,10,30,50,100,30,3,10,high,high,RISK,4
0,0,2,1,Hourly,2563,Yes,Rents,15,13,50,20,14,MAIL ORDER (UP TO A 90-DAY SUPPLY),,CO-PAY IN $,10,100,50,30,30,3,10,high,high,RISK,4
0,1,2,1,Bonus,2810,Yes,Owns,15,20,35,20,14,MAIL ORDER (UP TO A 90-DAY SUPPLY),,CO-PAY IN $,100,30,10,50,30,3,10,high,high,RISK,4
1,1,0,1,Hourly,2954,Yes,Owns,18,17,32,20,14,MAIL ORDER (UP TO A 90-DAY SUPPLY),,CO-PAY IN $,100,30,50,10,30,3,10,high,high,RISK,4
1,0,2,0,Hourly,2299,Yes,Owns,13,16,31,20,14,MAIL ORDER (UP TO A 90-DAY SUPPLY),,CO-PAY IN $,100,10,50,30,30,3,10,high,high,RISK,4
0,0,1,2,Hourly,1155,No,Rents,6,20,34,20,14,MAIL ORDER (UP TO A 90-DAY SUPPLY),,CO-PAY IN $,30,10,50,100,30,3,10,high,high,RISK,4
1,0,2,0,Bonus,1856,Yes,Rents,14,11,30,20,14,MAIL ORDER (UP TO A 90-DAY SUPPLY),,CO-PAY IN $,10,100,30,50,30,3,10,high,high,RISK,4
2,1,1,0,Salaried,3352,Yes,Rents,6,19,27,20,14,MAIL ORDER (UP TO A 90-DAY SUPPLY),,CO-PAY IN $,30,50,10,100,30,3,10,high,high,RISK,4
2,0,0,1,Hourly,3735,Yes,Owns,15,15,31,20,14,MAIL ORDER (UP TO A 90-DAY SUPPLY),,CO-PAY IN $,50,10,100,30,30,3,10,high,high,RISK,4
2,1,0,2,Salaried,1125,Yes,Rents,6,12,28,20,14,MAIL ORDER (UP TO A 90-DAY SUPPLY),,CO-PAY IN $,30,100,10,50,30,3,10,high,high,RISK,4
2,0,1,0,Bonus,4695,No,Owns,5,16,31,20,14,MAIL ORDER (UP TO A 90-DAY SUPPLY),,CO-PAY IN $,100,50,10,30,30,3,10,high,high,RISK,4
1,1,1,1,Salaried,1210,No,Rents,17,12,39,20,14,MAIL ORDER (UP TO A 90-DAY SUPPLY),,CO-PAY IN $,50,100,10,30,30,3,10,high,high,RISK,4
1,2,1,0,Bonus,3149,No,Owns,6,14,30,20,14,MAIL ORDER (UP TO A 90-DAY SUPPLY),,CO-PAY IN $,50,30,10,100,30,3,10,high,high,RISK,4
1,1,1,1,Bonus,3757,No,Rents,6,13,26,20,14,MAIL ORDER (UP TO A 90-DAY SUPPLY),,CO-PAY IN $,50,10,30,100,30,3,10,high,high,RISK,4
1,0,2,1,Salaried,4038,Yes,Rents,12,16,37,20,14,MAIL ORDER (UP TO A 90-DAY SUPPLY),,CO-PAY IN $,30,10,50,100,30,3,10,high,high,RISK,4
0,0,0,2,Bonus,381,No,Owns,8,16,39,20,14,MAIL ORDER (UP TO A 90-DAY SUPPLY),,CO-PAY IN $,50,100,30,10,30,3,10,high,high,RISK,4
0,0,1,1,Hourly,2879,Yes,Rents,16,14,30,20,14,MAIL ORDER (UP TO A 90-DAY SUPPLY),,CO-PAY IN $,10,50,30,100,30,3,10,high,high,RISK,4
1,2,0,0,Hourly,2246,No,Owns,17,14,34,20,14,MAIL ORDER (UP TO A 90-DAY SUPPLY),,CO-PAY IN $,10,30,100,50,30,3,10,high,high,RISK,4
0,2,1,0,Hourly,3337,No,Rents,7,19,30,20,14,MAIL ORDER (UP TO A 90-DAY SUPPLY),,CO-PAY IN $,50,100,10,30,30,3,10,high,high,RISK,4
1,1,1,1,Hourly,874,No,Owns,17,17,35,20,14,MAIL ORDER (UP TO A 90-DAY SUPPLY),,CO-PAY IN $,50,10,30,100,30,3,10,high,high,RISK,4
0,1,0,0,Hourly,4470,Yes,Owns,6,15,48,20,14,MAIL ORDER (UP TO A 90-DAY SUPPLY),,CO-PAY IN $,100,50,10,30,30,3,10,high,high,RISK,4
2,0,1,1,Hourly,3252,Yes,Owns,10,12,35,20,14,MAIL ORDER (UP TO A 90-DAY SUPPLY),,CO-PAY IN $,30,50,10,100,30,3,10,high,high,RISK,4
0,2,0,1,Hourly,176,Yes,Rents,9,18,32,20,14,MAIL ORDER (UP TO A 90-DAY SUPPLY),,CO-PAY IN $,50,10,100,30,30,3,10,high,high,RISK,4
1,0,2,0,Hourly,3681,Yes,Owns,6,13,27,20,14,MAIL ORDER (UP TO A 90-DAY SUPPLY),,CO-PAY IN $,10,50,30,100,30,3,10,high,high,RISK,4
1,2,1,2,Hourly,1019,Yes,Owns,15,20,28,20,14,MAIL ORDER (UP TO A 90-DAY SUPPLY),,CO-PAY IN $,50,30,100,10,30,3,10,high,high,RISK,4
1,2,1,1,Bonus,4493,Yes,Owns,18,14,29,20,14,MAIL ORDER (UP TO A 90-DAY SUPPLY),,CO-PAY IN $,50,30,10,100,30,3,10,high,high,RISK,4
1,2,2,0,Salaried,1012,Yes,Owns,15,13,50,20,14,MAIL ORDER (UP TO A 90-DAY SUPPLY),,CO-PAY IN $,50,10,100,30,30,3,10,high,high,RISK,4
0,0,1,1,Bonus,1248,Yes,Rents,7,20,35,20,14,MAIL ORDER (UP TO A 90-DAY SUPPLY),,CO-PAY IN $,50,10,30,100,30,3,10,high,high,RISK,4
0,0,1,0,Salaried,1214,No,Owns,6,17,32,20,14,MAIL ORDER (UP TO A 90-DAY SUPPLY),,CO-PAY IN $,30,10,50,100,30,3,10,high,high,RISK,4
1,0,1,0,Salaried,2852,Yes,Rents,6,16,31,20,14,MAIL ORDER (UP TO A 90-DAY SUPPLY),,CO-PAY IN $,100,30,10,50,30,3,10,high,high,RISK,4
1,0,0,0,Bonus,1440,Yes,Owns,10,20,34,20,14,MAIL ORDER (UP TO A 90-DAY SUPPLY),,CO-PAY IN $,50,30,10,100,30,3,10,high,high,RISK,4
1,0,1,0,Bonus,2951,No,Owns,11,11,30,20,14,MAIL ORDER (UP TO A 90-DAY SUPPLY),,CO-PAY IN $,10,50,30,100,30,3,10,high,high,RISK,4
3,2,1,3,Salaried,4377,No,Rents,24,48,52,20,15,MAIL ORDER (UP TO A 90-DAY SUPPLY),,CO-PAY IN $,50,10,30,100,10,4,20,high,high,RISK,4
1,1,2,1,Salaried,1919,No,Owns,25,33,56,20,15,MAIL ORDER (UP TO A 90-DAY SUPPLY),,CO-PAY IN $,30,100,10,50,10,4,20,high,high,RISK,4
2,2,1,1,Salaried,4671,Yes,Rents,33,23,53,20,15,MAIL ORDER (UP TO A 90-DAY SUPPLY),,CO-PAY IN $,10,30,100,50,10,4,20,high,high,RISK,4
3,2,1,1,Bonus,1139,No,Owns,29,38,56,20,15,MAIL ORDER (UP TO A 90-DAY SUPPLY),,CO-PAY IN $,10,100,50,30,10,4,20,high,high,RISK,4
1,2,3,2,Bonus,3085,No,Rents,23,24,64,20,15,MAIL ORDER (UP TO A 90-DAY SUPPLY),,CO-PAY IN $,30,50,100,10,10,4,20,high,high,RISK,4
1,2,3,1,Salaried,912,Yes,Rents,37,29,55,20,15,MAIL ORDER (UP TO A 90-DAY SUPPLY),,CO-PAY IN $,30,50,100,10,10,4,20,high,high,RISK,4
2,1,3,2,Hourly,3561,Yes,Owns,28,26,51,20,15,MAIL ORDER (UP TO A 90-DAY SUPPLY),,CO-PAY IN $,100,50,10,30,10,4,20,high,high,RISK,4
2,3,1,1,Hourly,4350,No,Rents,19,36,62,20,15,MAIL ORDER (UP TO A 90-DAY SUPPLY),,CO-PAY IN $,30,50,10,100,10,4,20,high,high,RISK,4
3,3,2,3,Salaried,3664,No,Owns,18,38,64,20,15,MAIL ORDER (UP TO A 90-DAY SUPPLY),,CO-PAY IN $,50,100,30,10,10,4,20,high,high,RISK,4
1,1,1,1,Bonus,1972,Yes,Owns,38,31,55,20,15,MAIL ORDER (UP TO A 90-DAY SUPPLY),,CO-PAY IN $,10,100,50,30,10,4,20,high,high,RISK,4
1,1,3,3,Salaried,1235,Yes,Rents,32,31,59,20,15,MAIL ORDER (UP TO A 90-DAY SUPPLY),,CO-PAY IN $,30,50,100,10,10,4,20,high,high,RISK,4
1,3,1,2,Bonus,2294,Yes,Owns,25,47,55,20,15,MAIL ORDER (UP TO A 90-DAY SUPPLY),,CO-PAY IN $,100,50,30,10,10,4,20,high,high,RISK,4
1,2,3,1,Salaried,4592,Yes,Rents,37,41,60,20,15,MAIL ORDER (UP TO A 90-DAY SUPPLY),,CO-PAY IN $,100,30,10,50,10,4,20,high,high,RISK,4
1,1,1,2,Hourly,2183,Yes,Owns,16,35,73,20,15,MAIL ORDER (UP TO A 90-DAY SUPPLY),,CO-PAY IN $,10,50,30,100,10,4,20,high,high,RISK,4
2,2,3,2,Salaried,1622,Yes,Rents,21,24,60,20,15,MAIL ORDER (UP TO A 90-DAY SUPPLY),,CO-PAY IN $,30,10,100,50,10,4,20,high,high,RISK,4
2,3,1,3,Salaried,4259,Yes,Rents,17,43,57,20,15,MAIL ORDER (UP TO A 90-DAY SUPPLY),,CO-PAY IN $,10,100,30,50,10,4,20,high,high,RISK,4
3,2,2,3,Salaried,4138,No,Owns,37,25,52,20,15,MAIL ORDER (UP TO A 90-DAY SUPPLY),,CO-PAY IN $,50,30,10,100,10,4,20,high,high,RISK,4
3,1,2,3,Bonus,2742,No,Owns,39,50,53,20,15,MAIL ORDER (UP TO A 90-DAY SUPPLY),,CO-PAY IN $,50,10,30,100,10,4,20,high,high,RISK,4
1,1,1,3,Bonus,4027,Yes,Rents,21,31,54,20,15,MAIL ORDER (UP TO A 90-DAY SUPPLY),,CO-PAY IN $,10,30,50,100,10,4,20,high,high,RISK,4
2,2,1,1,Bonus,3643,No,Rents,35,26,75,20,15,MAIL ORDER (UP TO A 90-DAY SUPPLY),,CO-PAY IN $,30,100,10,50,10,4,20,high,high,RISK,4
2,1,3,1,Salaried,1855,No,Rents,39,49,60,20,15,MAIL ORDER (UP TO A 90-DAY SUPPLY),,CO-PAY IN $,50,30,10,100,10,4,20,high,high,RISK,4
1,3,1,1,Bonus,4199,No,Owns,33,40,57,20,15,MAIL ORDER (UP TO A 90-DAY SUPPLY),,CO-PAY IN $,50,30,100,10,10,4,20,high,high,RISK,4
1,3,2,1,Salaried,358,No,Rents,28,36,56,20,15,MAIL ORDER (UP TO A 90-DAY SUPPLY),,CO-PAY IN $,50,100,10,30,10,4,20,high,high,RISK,4
2,2,2,1,Salaried,2175,No,Owns,35,49,59,20,15,MAIL ORDER (UP TO A 90-DAY SUPPLY),,CO-PAY IN $,30,100,10,50,10,4,20,high,high,RISK,4
2,2,1,1,Bonus,2804,No,Owns,26,20,55,20,15,MAIL ORDER (UP TO A 90-DAY SUPPLY),,CO-PAY IN $,10,100,50,30,10,4,20,high,high,RISK,4
3,3,3,2,Bonus,2793,Yes,Owns,39,48,52,20,15,MAIL ORDER (UP TO A 90-DAY SUPPLY),,CO-PAY IN $,30,50,100,10,10,4,20,high,high,RISK,4
3,1,3,1,Salaried,1366,No,Owns,32,33,56,20,15,MAIL ORDER (UP TO A 90-DAY SUPPLY),,CO-PAY IN $,50,100,10,30,10,4,20,high,high,RISK,4
1,2,2,3,Salaried,3990,No,Rents,30,23,53,20,15,MAIL ORDER (UP TO A 90-DAY SUPPLY),,CO-PAY IN $,10,50,30,100,10,4,20,high,high,RISK,4
1,2,2,1,Salaried,1625,No,Owns,36,38,56,20,15,MAIL ORDER (UP TO A 90-DAY SUPPLY),,CO-PAY IN $,100,10,30,50,10,4,20,high,high,RISK,4
2,3,1,1,Hourly,1178,No,Owns,15,24,64,20,15,MAIL ORDER (UP TO A 90-DAY SUPPLY),,CO-PAY IN $,100,30,50,10,10,4,20,high,high,RISK,4
2,1,1,1,Hourly,2665,No,Rents,20,29,55,20,15,MAIL ORDER (UP TO A 90-DAY SUPPLY),,CO-PAY IN $,10,100,50,30,10,4,20,high,high,RISK,4
2,3,3,1,Hourly,4144,No,Owns,23,26,51,20,15,MAIL ORDER (UP TO A 90-DAY SUPPLY),,CO-PAY IN $,100,10,30,50,10,4,20,high,high,RISK,4
2,2,3,1,Hourly,2547,Yes,Owns,32,36,62,20,15,MAIL ORDER (UP TO A 90-DAY SUPPLY),,CO-PAY IN $,10,100,30,50,10,4,20,high,high,RISK,4
2,1,2,1,Hourly,152,Yes,Owns,34,38,64,20,15,MAIL ORDER (UP TO A 90-DAY SUPPLY),,CO-PAY IN $,50,30,10,100,10,4,20,high,high,RISK,4
1,1,1,1,Bonus,2909,Yes,Rents,23,31,55,20,15,MAIL ORDER (UP TO A 90-DAY SUPPLY),,CO-PAY IN $,100,30,10,50,10,4,20,high,high,RISK,4
3,3,2,2,Bonus,2404,Yes,Owns,27,31,59,20,15,MAIL ORDER (UP TO A 90-DAY SUPPLY),,CO-PAY IN $,50,30,100,10,10,4,20,high,high,RISK,4
3,1,2,3,Bonus,144,Yes,Owns,24,47,55,20,15,MAIL ORDER (UP TO A 90-DAY SUPPLY),,CO-PAY IN $,30,10,100,50,10,4,20,high,high,RISK,4
3,1,2,1,Hourly,2250,No,Owns,26,41,60,20,15,MAIL ORDER (UP TO A 90-DAY SUPPLY),,CO-PAY IN $,10,50,30,100,10,4,20,high,high,RISK,4
3,1,1,1,Hourly,4826,No,Owns,25,35,73,20,15,MAIL ORDER (UP TO A 90-DAY SUPPLY),,CO-PAY IN $,100,50,30,10,10,4,20,high,high,RISK,4
2,2,1,1,Salaried,792,No,Owns,28,24,60,20,15,MAIL ORDER (UP TO A 90-DAY SUPPLY),,CO-PAY IN $,100,10,50,30,10,4,20,high,high,RISK,4
1,3,1,2,Hourly,3429,No,Rents,34,43,57,20,15,MAIL ORDER (UP TO A 90-DAY SUPPLY),,CO-PAY IN $,50,10,100,30,10,4,20,high,high,RISK,4
1,3,1,2,Hourly,1596,Yes,Owns,27,25,52,20,15,MAIL ORDER (UP TO A 90-DAY SUPPLY),,CO-PAY IN $,30,50,100,10,10,4,20,high,high,RISK,4
2,3,3,1,Salaried,83,Yes,Owns,19,50,53,20,15,MAIL ORDER (UP TO A 90-DAY SUPPLY),,CO-PAY IN $,50,30,10,100,10,4,20,high,high,RISK,4
2,3,1,3,Salaried,3601,No,Owns,17,31,54,20,15,MAIL ORDER (UP TO A 90-DAY SUPPLY),,CO-PAY IN $,10,50,30,100,10,4,20,high,high,RISK,4
2,2,1,2,Bonus,861,No,Owns,34,26,75,20,15,MAIL ORDER (UP TO A 90-DAY SUPPLY),,CO-PAY IN $,100,50,30,10,10,4,20,high,high,RISK,4
1,3,3,3,Salaried,2240,Yes,Rents,35,49,60,20,15,MAIL ORDER (UP TO A 90-DAY SUPPLY),,CO-PAY IN $,30,10,100,50,10,4,20,high,high,RISK,4
1,1,1,1,Hourly,2384,No,Rents,17,40,57,20,15,MAIL ORDER (UP TO A 90-DAY SUPPLY),,CO-PAY IN $,30,50,100,10,10,4,20,high,high,RISK,4
1,1,1,1,Bonus,2363,Yes,Rents,29,36,56,20,15,MAIL ORDER (UP TO A 90-DAY SUPPLY),,CO-PAY IN $,50,30,10,100,10,4,20,high,high,RISK,4
2,1,3,1,Salaried,4539,No,Owns,24,49,59,20,15,MAIL ORDER (UP TO A 90-DAY SUPPLY),,CO-PAY IN $,10,30,50,100,10,4,20,high,high,RISK,4
2,1,1,1,Bonus,489,No,Rents,23,20,55,20,15,MAIL ORDER (UP TO A 90-DAY SUPPLY),,CO-PAY IN $,10,50,100,30,10,4,20,high,high,RISK,4
2,3,1,3,Bonus,4623,Yes,Owns,19,48,52,20,15,MAIL ORDER (UP TO A 90-DAY SUPPLY),,CO-PAY IN $,50,100,30,10,10,4,20,high,high,RISK,4
2,1,1,1,Salaried,153,Yes,Owns,15,33,56,20,15,MAIL ORDER (UP TO A 90-DAY SUPPLY),,CO-PAY IN $,50,30,100,10,10,4,20,high,high,RISK,4
1,3,3,2,Salaried,3954,No,Owns,17,23,53,20,15,MAIL ORDER (UP TO A 90-DAY SUPPLY),,CO-PAY IN $,30,10,50,100,10,4,20,high,high,RISK,4
1,2,1,1,Salaried,4742,No,Rents,15,38,56,20,15,MAIL ORDER (UP TO A 90-DAY SUPPLY),,CO-PAY IN $,50,10,100,30,10,4,20,high,high,RISK,4
1,1,1,2,Hourly,3289,No,Rents,35,24,64,20,15,MAIL ORDER (UP TO A 90-DAY SUPPLY),,CO-PAY IN $,10,50,100,30,10,4,20,high,high,RISK,4
1,1,2,2,Bonus,3409,Yes,Rents,30,29,55,20,15,MAIL ORDER (UP TO A 90-DAY SUPPLY),,CO-PAY IN $,50,100,10,30,10,4,20,high,high,RISK,4
1,1,3,2,Bonus,3179,No,Rents,21,26,51,20,15,MAIL ORDER (UP TO A 90-DAY SUPPLY),,CO-PAY IN $,50,30,10,100,10,4,20,high,high,RISK,4
1,1,1,2,Bonus,4271,No,Rents,22,36,62,20,15,MAIL ORDER (UP TO A 90-DAY SUPPLY),,CO-PAY IN $,50,10,30,100,10,4,20,high,high,RISK,4
1,1,1,1,Hourly,4605,Yes,Rents,24,38,64,20,15,MAIL ORDER (UP TO A 90-DAY SUPPLY),,CO-PAY IN $,30,100,10,50,10,4,20,high,high,RISK,4
1,3,3,3,Salaried,3042,Yes,Rents,16,31,55,20,15,MAIL ORDER (UP TO A 90-DAY SUPPLY),,CO-PAY IN $,50,100,30,10,10,4,20,high,high,RISK,4
1,3,3,1,Hourly,170,No,Rents,37,31,59,20,15,MAIL ORDER (UP TO A 90-DAY SUPPLY),,CO-PAY IN $,50,30,100,10,10,4,20,high,high,RISK,4
1,1,1,3,Salaried,2062,No,Rents,20,47,55,20,15,MAIL ORDER (UP TO A 90-DAY SUPPLY),,CO-PAY IN $,10,100,50,30,10,4,20,high,high,RISK,4
2,2,3,3,Bonus,1962,No,Rents,15,41,60,20,15,MAIL ORDER (UP TO A 90-DAY SUPPLY),,CO-PAY IN $,50,30,100,10,10,4,20,high,high,RISK,4
1,1,1,1,Bonus,1006,No,Owns,27,35,73,20,15,MAIL ORDER (UP TO A 90-DAY SUPPLY),,CO-PAY IN $,100,10,50,30,10,4,20,high,high,RISK,4
1,3,2,3,Salaried,4555,No,Rents,20,24,60,20,15,MAIL ORDER (UP TO A 90-DAY SUPPLY),,CO-PAY IN $,100,50,10,30,10,4,20,high,high,RISK,4
3,1,2,1,Bonus,458,No,Rents,25,43,57,20,15,MAIL ORDER (UP TO A 90-DAY SUPPLY),,CO-PAY IN $,50,100,30,10,10,4,20,high,high,RISK,4
3,1,3,1,Hourly,1593,No,Owns,16,25,52,20,15,MAIL ORDER (UP TO A 90-DAY SUPPLY),,CO-PAY IN $,30,10,100,50,10,4,20,high,high,RISK,4
1,3,1,2,Hourly,4519,Yes,Owns,26,50,53,20,15,MAIL ORDER (UP TO A 90-DAY SUPPLY),,CO-PAY IN $,50,30,10,100,10,4,20,high,high,RISK,4
1,2,1,1,Bonus,2639,No,Rents,16,31,54,20,15,MAIL ORDER (UP TO A 90-DAY SUPPLY),,CO-PAY IN $,30,50,10,100,10,4,20,high,high,RISK,4
1,1,3,1,Hourly,2563,Yes,Rents,35,26,75,20,15,MAIL ORDER (UP TO A 90-DAY SUPPLY),,CO-PAY IN $,30,10,50,100,10,4,20,high,high,RISK,4
1,2,3,2,Bonus,2810,Yes,Owns,35,49,60,20,15,MAIL ORDER (UP TO A 90-DAY SUPPLY),,CO-PAY IN $,50,10,100,30,10,4,20,high,high,RISK,4
2,2,1,2,Hourly,2954,Yes,Owns,39,40,57,20,15,MAIL ORDER (UP TO A 90-DAY SUPPLY),,CO-PAY IN $,50,100,10,30,10,4,20,high,high,RISK,4
2,1,3,1,Hourly,2299,Yes,Owns,31,36,56,20,15,MAIL ORDER (UP TO A 90-DAY SUPPLY),,CO-PAY IN $,100,50,30,10,10,4,20,high,high,RISK,4
1,1,2,3,Hourly,1155,No,Rents,16,49,59,20,15,MAIL ORDER (UP TO A 90-DAY SUPPLY),,CO-PAY IN $,100,50,10,30,10,4,20,high,high,RISK,4
2,1,3,1,Bonus,1856,Yes,Rents,31,20,55,20,15,MAIL ORDER (UP TO A 90-DAY SUPPLY),,CO-PAY IN $,100,30,50,10,10,4,20,high,high,RISK,4
3,2,2,1,Salaried,3352,Yes,Rents,18,48,52,20,15,MAIL ORDER (UP TO A 90-DAY SUPPLY),,CO-PAY IN $,50,10,30,100,10,4,20,high,high,RISK,4
3,1,1,2,Hourly,3735,Yes,Owns,34,33,56,20,15,MAIL ORDER (UP TO A 90-DAY SUPPLY),,CO-PAY IN $,30,50,10,100,10,4,20,high,high,RISK,4
3,2,1,3,Salaried,1125,Yes,Rents,18,23,53,20,15,MAIL ORDER (UP TO A 90-DAY SUPPLY),,CO-PAY IN $,10,100,30,50,10,4,20,high,high,RISK,4
3,1,2,1,Bonus,4695,No,Owns,15,38,56,20,15,MAIL ORDER (UP TO A 90-DAY SUPPLY),,CO-PAY IN $,100,10,30,50,10,4,20,high,high,RISK,4
2,2,2,2,Salaried,1210,No,Rents,38,24,64,20,15,MAIL ORDER (UP TO A 90-DAY SUPPLY),,CO-PAY IN $,50,100,10,30,10,4,20,high,high,RISK,4
2,3,2,1,Bonus,3149,No,Owns,17,29,55,20,15,MAIL ORDER (UP TO A 90-DAY SUPPLY),,CO-PAY IN $,10,30,100,50,10,4,20,high,high,RISK,4
2,2,2,2,Bonus,3757,No,Rents,18,26,51,20,15,MAIL ORDER (UP TO A 90-DAY SUPPLY),,CO-PAY IN $,30,50,10,100,10,4,20,high,high,RISK,4
3,1,3,2,Salaried,4038,Yes,Rents,28,36,62,20,15,MAIL ORDER (UP TO A 90-DAY SUPPLY),,CO-PAY IN $,100,50,30,10,10,4,20,high,high,RISK,4
1,1,1,3,Bonus,381,No,Owns,20,38,64,20,15,MAIL ORDER (UP TO A 90-DAY SUPPLY),,CO-PAY IN $,50,10,30,100,10,4,20,high,high,RISK,4
1,1,1,2,Hourly,2879,Yes,Rents,37,31,55,20,15,MAIL ORDER (UP TO A 90-DAY SUPPLY),,CO-PAY IN $,100,10,30,50,10,4,20,high,high,RISK,4
2,3,1,1,Hourly,2246,No,Owns,38,31,59,20,15,MAIL ORDER (UP TO A 90-DAY SUPPLY),,CO-PAY IN $,100,50,10,30,10,4,20,high,high,RISK,4
1,3,2,1,Hourly,3337,No,Rents,18,47,55,20,15,MAIL ORDER (UP TO A 90-DAY SUPPLY),,CO-PAY IN $,10,100,50,30,10,4,20,high,high,RISK,4
2,2,1,2,Hourly,874,No,Owns,38,41,60,20,15,MAIL ORDER (UP TO A 90-DAY SUPPLY),,CO-PAY IN $,30,10,100,50,10,4,20,high,high,RISK,4
1,2,1,1,Hourly,4470,Yes,Owns,16,35,73,20,15,MAIL ORDER (UP TO A 90-DAY SUPPLY),,CO-PAY IN $,50,30,10,100,10,4,20,high,high,RISK,4
3,1,3,1,Hourly,3252,Yes,Owns,24,24,60,20,15,MAIL ORDER (UP TO A 90-DAY SUPPLY),,CO-PAY IN $,30,50,100,10,10,4,20,high,high,RISK,4
1,3,1,2,Hourly,176,Yes,Rents,23,43,57,20,15,MAIL ORDER (UP TO A 90-DAY SUPPLY),,CO-PAY IN $,10,50,100,30,10,4,20,high,high,RISK,4
2,1,3,1,Hourly,3681,Yes,Owns,17,25,52,20,15,MAIL ORDER (UP TO A 90-DAY SUPPLY),,CO-PAY IN $,100,10,30,50,10,4,20,high,high,RISK,4
1,3,2,3,Hourly,1019,Yes,Owns,35,50,53,20,15,MAIL ORDER (UP TO A 90-DAY SUPPLY),,CO-PAY IN $,100,10,50,30,10,4,20,high,high,RISK,4
1,3,2,1,Bonus,4493,Yes,Owns,39,31,54,20,15,MAIL ORDER (UP TO A 90-DAY SUPPLY),,CO-PAY IN $,100,50,30,10,10,4,20,high,high,RISK,4
1,3,3,1,Salaried,1012,Yes,Owns,34,26,75,20,15,MAIL ORDER (UP TO A 90-DAY SUPPLY),,CO-PAY IN $,10,50,100,30,10,4,20,high,high,RISK,4
1,1,2,1,Bonus,1248,Yes,Rents,18,49,60,20,15,MAIL ORDER (UP TO A 90-DAY SUPPLY),,CO-PAY IN $,100,10,30,50,10,4,20,high,high,RISK,4
1,1,2,1,Salaried,1214,No,Owns,17,40,57,20,15,MAIL ORDER (UP TO A 90-DAY SUPPLY),,CO-PAY IN $,10,50,30,100,10,4,20,high,high,RISK,4
2,1,1,1,Salaried,2852,Yes,Rents,18,36,56,20,15,MAIL ORDER (UP TO A 90-DAY SUPPLY),,CO-PAY IN $,50,10,100,30,10,4,20,high,high,RISK,4
2,1,1,1,Bonus,1440,Yes,Owns,24,49,59,20,15,MAIL ORDER (UP TO A 90-DAY SUPPLY),,CO-PAY IN $,10,50,30,100,10,4,20,high,high,RISK,4
3,1,3,1,Bonus,2951,No,Owns,26,20,55,20,15,MAIL ORDER (UP TO A 90-DAY SUPPLY),,CO-PAY IN $,10,50,100,30,10,4,20,high,high,RISK,4
4,3,2,4,Salaried,4377,No,Rents,46,73,76,20,16,MAIL ORDER (UP TO A 90-DAY SUPPLY),,CO-PAY IN $,30,50,10,100,10,4,50,high,high,RISK,4
2,3,4,2,Salaried,1919,No,Owns,48,61,80,20,16,MAIL ORDER (UP TO A 90-DAY SUPPLY),,CO-PAY IN $,100,50,30,10,10,4,50,high,high,RISK,4
4,4,3,2,Salaried,4671,Yes,Rents,57,53,77,20,16,MAIL ORDER (UP TO A 90-DAY SUPPLY),,CO-PAY IN $,100,10,30,50,10,4,50,high,high,RISK,4
4,4,2,2,Bonus,1139,No,Owns,52,65,80,20,16,MAIL ORDER (UP TO A 90-DAY SUPPLY),,CO-PAY IN $,10,100,50,30,10,4,50,high,high,RISK,4
3,4,4,3,Bonus,3085,No,Rents,45,54,88,20,16,MAIL ORDER (UP TO A 90-DAY SUPPLY),,CO-PAY IN $,30,10,50,100,10,4,50,high,high,RISK,4
3,4,4,3,Salaried,912,Yes,Rents,61,58,79,20,16,MAIL ORDER (UP TO A 90-DAY SUPPLY),,CO-PAY IN $,50,10,100,30,10,4,50,high,high,RISK,4
4,3,4,3,Hourly,3561,Yes,Owns,51,56,75,20,16,MAIL ORDER (UP TO A 90-DAY SUPPLY),,CO-PAY IN $,100,30,10,50,10,4,50,high,high,RISK,4
4,4,2,2,Hourly,4350,No,Rents,40,64,87,20,16,MAIL ORDER (UP TO A 90-DAY SUPPLY),,CO-PAY IN $,50,10,30,100,10,4,50,high,high,RISK,4
4,4,4,4,Salaried,3664,No,Owns,39,65,88,20,16,MAIL ORDER (UP TO A 90-DAY SUPPLY),,CO-PAY IN $,50,100,30,10,10,4,50,high,high,RISK,4
3,2,4,4,Salaried,1235,Yes,Rents,55,60,83,20,16,MAIL ORDER (UP TO A 90-DAY SUPPLY),,CO-PAY IN $,100,30,10,50,10,4,50,high,high,RISK,4
2,4,3,3,Bonus,2294,Yes,Owns,47,72,79,20,16,MAIL ORDER (UP TO A 90-DAY SUPPLY),,CO-PAY IN $,30,50,100,10,10,4,50,high,high,RISK,4
2,3,4,3,Salaried,4592,Yes,Rents,62,68,84,20,16,MAIL ORDER (UP TO A 90-DAY SUPPLY),,CO-PAY IN $,100,30,50,10,10,4,50,high,high,RISK,4
3,3,3,4,Hourly,2183,Yes,Owns,37,63,98,20,16,MAIL ORDER (UP TO A 90-DAY SUPPLY),,CO-PAY IN $,50,30,100,10,10,4,50,high,high,RISK,4
3,3,4,3,Salaried,1622,Yes,Rents,42,55,84,20,16,MAIL ORDER (UP TO A 90-DAY SUPPLY),,CO-PAY IN $,50,30,100,10,10,4,50,high,high,RISK,4
3,4,3,4,Salaried,4259,Yes,Rents,37,70,81,20,16,MAIL ORDER (UP TO A 90-DAY SUPPLY),,CO-PAY IN $,10,50,100,30,10,4,50,high,high,RISK,4
4,3,3,4,Salaried,4138,No,Owns,62,55,76,20,16,MAIL ORDER (UP TO A 90-DAY SUPPLY),,CO-PAY IN $,30,100,10,50,10,4,50,high,high,RISK,4
4,3,4,4,Bonus,2742,No,Owns,64,75,77,20,16,MAIL ORDER (UP TO A 90-DAY SUPPLY),,CO-PAY IN $,30,100,50,10,10,4,50,high,high,RISK,4
3,3,3,4,Bonus,4027,Yes,Rents,43,60,78,20,16,MAIL ORDER (UP TO A 90-DAY SUPPLY),,CO-PAY IN $,50,100,30,10,10,4,50,high,high,RISK,4
4,4,2,2,Bonus,3643,No,Rents,59,56,100,20,16,MAIL ORDER (UP TO A 90-DAY SUPPLY),,CO-PAY IN $,30,100,10,50,10,4,50,high,high,RISK,4
4,2,4,2,Salaried,1855,No,Rents,63,74,85,20,16,MAIL ORDER (UP TO A 90-DAY SUPPLY),,CO-PAY IN $,30,10,100,50,10,4,50,high,high,RISK,4
3,4,2,3,Bonus,4199,No,Owns,57,67,81,20,16,MAIL ORDER (UP TO A 90-DAY SUPPLY),,CO-PAY IN $,10,50,30,100,10,4,50,high,high,RISK,4
3,4,3,2,Salaried,358,No,Rents,50,64,80,20,16,MAIL ORDER (UP TO A 90-DAY SUPPLY),,CO-PAY IN $,30,10,50,100,10,4,50,high,high,RISK,4
4,3,4,3,Salaried,2175,No,Owns,59,75,83,20,16,MAIL ORDER (UP TO A 90-DAY SUPPLY),,CO-PAY IN $,100,50,30,10,10,4,50,high,high,RISK,4
4,4,2,2,Bonus,2804,No,Owns,48,51,79,20,16,MAIL ORDER (UP TO A 90-DAY SUPPLY),,CO-PAY IN $,100,10,30,50,10,4,50,high,high,RISK,4
4,4,4,4,Bonus,2793,Yes,Owns,63,73,76,20,16,MAIL ORDER (UP TO A 90-DAY SUPPLY),,CO-PAY IN $,30,100,10,50,10,4,50,high,high,RISK,4
4,3,4,2,Salaried,1366,No,Owns,56,61,80,20,16,MAIL ORDER (UP TO A 90-DAY SUPPLY),,CO-PAY IN $,100,10,30,50,10,4,50,high,high,RISK,4
2,4,4,4,Salaried,3990,No,Rents,53,53,77,20,16,MAIL ORDER (UP TO A 90-DAY SUPPLY),,CO-PAY IN $,50,10,30,100,10,4,50,high,high,RISK,4
2,4,3,3,Salaried,1625,No,Owns,60,65,80,20,16,MAIL ORDER (UP TO A 90-DAY SUPPLY),,CO-PAY IN $,10,50,100,30,10,4,50,high,high,RISK,4
4,4,3,3,Hourly,1178,No,Owns,35,54,88,20,16,MAIL ORDER (UP TO A 90-DAY SUPPLY),,CO-PAY IN $,100,10,30,50,10,4,50,high,high,RISK,4
3,3,2,2,Hourly,2665,No,Rents,41,58,79,20,16,MAIL ORDER (UP TO A 90-DAY SUPPLY),,CO-PAY IN $,10,50,100,30,10,4,50,high,high,RISK,4
4,4,4,2,Hourly,4144,No,Owns,44,56,75,20,16,MAIL ORDER (UP TO A 90-DAY SUPPLY),,CO-PAY IN $,30,100,10,50,10,4,50,high,high,RISK,4
3,3,4,3,Hourly,2547,Yes,Owns,55,64,87,20,16,MAIL ORDER (UP TO A 90-DAY SUPPLY),,CO-PAY IN $,30,10,100,50,10,4,50,high,high,RISK,4
4,3,4,2,Hourly,152,Yes,Owns,58,65,88,20,16,MAIL ORDER (UP TO A 90-DAY SUPPLY),,CO-PAY IN $,100,50,10,30,10,4,50,high,high,RISK,4
3,2,2,3,Bonus,2909,Yes,Rents,45,60,80,20,16,MAIL ORDER (UP TO A 90-DAY SUPPLY),,CO-PAY IN $,50,100,10,30,10,4,50,high,high,RISK,4
4,4,3,3,Bonus,2404,Yes,Owns,49,60,83,20,16,MAIL ORDER (UP TO A 90-DAY SUPPLY),,CO-PAY IN $,50,30,10,100,10,4,50,high,high,RISK,4
4,2,4,4,Bonus,144,Yes,Owns,46,72,79,20,16,MAIL ORDER (UP TO A 90-DAY SUPPLY),,CO-PAY IN $,100,30,50,10,10,4,50,high,high,RISK,4
4,2,4,2,Hourly,2250,No,Owns,48,68,84,20,16,MAIL ORDER (UP TO A 90-DAY SUPPLY),,CO-PAY IN $,100,30,50,10,10,4,50,high,high,RISK,4
4,3,3,3,Hourly,4826,No,Owns,47,63,98,20,16,MAIL ORDER (UP TO A 90-DAY SUPPLY),,CO-PAY IN $,50,30,100,10,10,4,50,high,high,RISK,4
4,4,2,3,Salaried,792,No,Owns,50,55,84,20,16,MAIL ORDER (UP TO A 90-DAY SUPPLY),,CO-PAY IN $,30,100,10,50,10,4,50,high,high,RISK,4
2,4,2,3,Hourly,3429,No,Rents,58,70,81,20,16,MAIL ORDER (UP TO A 90-DAY SUPPLY),,CO-PAY IN $,100,50,10,30,10,4,50,high,high,RISK,4
3,4,3,4,Hourly,1596,Yes,Owns,50,55,76,20,16,MAIL ORDER (UP TO A 90-DAY SUPPLY),,CO-PAY IN $,10,50,100,30,10,4,50,high,high,RISK,4
4,4,4,3,Salaried,83,Yes,Owns,40,75,77,20,16,MAIL ORDER (UP TO A 90-DAY SUPPLY),,CO-PAY IN $,50,100,10,30,10,4,50,high,high,RISK,4
4,4,3,4,Salaried,3601,No,Owns,38,60,78,20,16,MAIL ORDER (UP TO A 90-DAY SUPPLY),,CO-PAY IN $,100,10,30,50,10,4,50,high,high,RISK,4
3,4,2,4,Bonus,861,No,Owns,58,56,100,20,16,MAIL ORDER (UP TO A 90-DAY SUPPLY),,CO-PAY IN $,30,100,10,50,10,4,50,high,high,RISK,4
2,4,4,4,Salaried,2240,Yes,Rents,59,74,85,20,16,MAIL ORDER (UP TO A 90-DAY SUPPLY),,CO-PAY IN $,100,50,10,30,10,4,50,high,high,RISK,4
3,3,2,2,Hourly,2384,No,Rents,37,67,81,20,16,MAIL ORDER (UP TO A 90-DAY SUPPLY),,CO-PAY IN $,100,30,50,10,10,4,50,high,high,RISK,4
2,2,3,3,Bonus,2363,Yes,Rents,52,64,80,20,16,MAIL ORDER (UP TO A 90-DAY SUPPLY),,CO-PAY IN $,10,50,100,30,10,4,50,high,high,RISK,4
3,3,4,2,Salaried,4539,No,Owns,45,75,83,20,16,MAIL ORDER (UP TO A 90-DAY SUPPLY),,CO-PAY IN $,30,100,50,10,10,4,50,high,high,RISK,4
3,3,2,2,Bonus,489,No,Rents,45,51,79,20,16,MAIL ORDER (UP TO A 90-DAY SUPPLY),,CO-PAY IN $,10,50,100,30,10,4,50,high,high,RISK,4
4,4,2,4,Bonus,4623,Yes,Owns,40,73,76,20,16,MAIL ORDER (UP TO A 90-DAY SUPPLY),,CO-PAY IN $,30,100,50,10,10,4,50,high,high,RISK,4
3,3,3,2,Salaried,153,Yes,Owns,36,61,80,20,16,MAIL ORDER (UP TO A 90-DAY SUPPLY),,CO-PAY IN $,100,50,30,10,10,4,50,high,high,RISK,4
3,4,4,4,Salaried,3954,No,Owns,38,53,77,20,16,MAIL ORDER (UP TO A 90-DAY SUPPLY),,CO-PAY IN $,50,30,10,100,10,4,50,high,high,RISK,4
3,3,2,3,Salaried,4742,No,Rents,35,65,80,20,16,MAIL ORDER (UP TO A 90-DAY SUPPLY),,CO-PAY IN $,10,100,50,30,10,4,50,high,high,RISK,4
2,2,2,3,Hourly,3289,No,Rents,59,54,88,20,16,MAIL ORDER (UP TO A 90-DAY SUPPLY),,CO-PAY IN $,10,30,100,50,10,4,50,high,high,RISK,4
2,2,3,3,Bonus,3409,Yes,Rents,54,58,79,20,16,MAIL ORDER (UP TO A 90-DAY SUPPLY),,CO-PAY IN $,30,100,50,10,10,4,50,high,high,RISK,4
3,3,4,3,Bonus,3179,No,Rents,42,56,75,20,16,MAIL ORDER (UP TO A 90-DAY SUPPLY),,CO-PAY IN $,10,30,100,50,10,4,50,high,high,RISK,4
3,3,2,4,Bonus,4271,No,Rents,43,64,87,20,16,MAIL ORDER (UP TO A 90-DAY SUPPLY),,CO-PAY IN $,10,50,100,30,10,4,50,high,high,RISK,4
3,3,3,2,Hourly,4605,Yes,Rents,46,65,88,20,16,MAIL ORDER (UP TO A 90-DAY SUPPLY),,CO-PAY IN $,100,10,30,50,10,4,50,high,high,RISK,4
2,4,4,4,Salaried,3042,Yes,Rents,37,60,80,20,16,MAIL ORDER (UP TO A 90-DAY SUPPLY),,CO-PAY IN $,100,50,10,30,10,4,50,high,high,RISK,4
2,4,4,3,Hourly,170,No,Rents,61,60,83,20,16,MAIL ORDER (UP TO A 90-DAY SUPPLY),,CO-PAY IN $,100,10,50,30,10,4,50,high,high,RISK,4
2,3,3,4,Salaried,2062,No,Rents,40,72,79,20,16,MAIL ORDER (UP TO A 90-DAY SUPPLY),,CO-PAY IN $,100,50,10,30,10,4,50,high,high,RISK,4
4,4,4,4,Bonus,1962,No,Rents,35,68,84,20,16,MAIL ORDER (UP TO A 90-DAY SUPPLY),,CO-PAY IN $,30,50,10,100,10,4,50,high,high,RISK,4
2,2,3,2,Bonus,1006,No,Owns,50,63,98,20,16,MAIL ORDER (UP TO A 90-DAY SUPPLY),,CO-PAY IN $,100,30,50,10,10,4,50,high,high,RISK,4
2,4,3,4,Salaried,4555,No,Rents,42,55,84,20,16,MAIL ORDER (UP TO A 90-DAY SUPPLY),,CO-PAY IN $,30,100,10,50,10,4,50,high,high,RISK,4
4,3,4,3,Bonus,458,No,Rents,46,70,81,20,16,MAIL ORDER (UP TO A 90-DAY SUPPLY),,CO-PAY IN $,10,50,100,30,10,4,50,high,high,RISK,4
4,3,4,3,Hourly,1593,No,Owns,36,55,76,20,16,MAIL ORDER (UP TO A 90-DAY SUPPLY),,CO-PAY IN $,50,100,10,30,10,4,50,high,high,RISK,4
3,4,2,3,Hourly,4519,Yes,Owns,48,75,77,20,16,MAIL ORDER (UP TO A 90-DAY SUPPLY),,CO-PAY IN $,100,10,50,30,10,4,50,high,high,RISK,4
2,4,3,3,Bonus,2639,No,Rents,36,60,78,20,16,MAIL ORDER (UP TO A 90-DAY SUPPLY),,CO-PAY IN $,100,10,30,50,10,4,50,high,high,RISK,4
2,3,4,3,Hourly,2563,Yes,Rents,59,56,100,20,16,MAIL ORDER (UP TO A 90-DAY SUPPLY),,CO-PAY IN $,10,50,30,100,10,4,50,high,high,RISK,4
3,4,4,4,Bonus,2810,Yes,Owns,58,74,85,20,16,MAIL ORDER (UP TO A 90-DAY SUPPLY),,CO-PAY IN $,50,10,100,30,10,4,50,high,high,RISK,4
3,4,3,4,Hourly,2954,Yes,Owns,64,67,81,20,16,MAIL ORDER (UP TO A 90-DAY SUPPLY),,CO-PAY IN $,100,10,30,50,10,4,50,high,high,RISK,4
3,2,4,3,Hourly,2299,Yes,Owns,54,64,80,20,16,MAIL ORDER (UP TO A 90-DAY SUPPLY),,CO-PAY IN $,30,50,10,100,10,4,50,high,high,RISK,4
2,3,4,4,Hourly,1155,No,Rents,37,75,83,20,16,MAIL ORDER (UP TO A 90-DAY SUPPLY),,CO-PAY IN $,100,50,30,10,10,4,50,high,high,RISK,4
4,2,4,3,Bonus,1856,Yes,Rents,55,51,79,20,16,MAIL ORDER (UP TO A 90-DAY SUPPLY),,CO-PAY IN $,30,10,100,50,10,4,50,high,high,RISK,4
4,4,3,3,Salaried,3352,Yes,Rents,38,73,76,20,16,MAIL ORDER (UP TO A 90-DAY SUPPLY),,CO-PAY IN $,30,10,50,100,10,4,50,high,high,RISK,4
4,3,2,3,Hourly,3735,Yes,Owns,58,61,80,20,16,MAIL ORDER (UP TO A 90-DAY SUPPLY),,CO-PAY IN $,30,10,50,100,10,4,50,high,high,RISK,4
4,3,3,4,Salaried,1125,Yes,Rents,38,53,77,20,16,MAIL ORDER (UP TO A 90-DAY SUPPLY),,CO-PAY IN $,30,10,50,100,10,4,50,high,high,RISK,4
4,2,4,2,Bonus,4695,No,Owns,35,65,80,20,16,MAIL ORDER (UP TO A 90-DAY SUPPLY),,CO-PAY IN $,50,100,10,30,10,4,50,high,high,RISK,4
3,3,3,4,Salaried,1210,No,Rents,62,54,88,20,16,MAIL ORDER (UP TO A 90-DAY SUPPLY),,CO-PAY IN $,30,50,100,10,10,4,50,high,high,RISK,4
4,4,4,2,Bonus,3149,No,Owns,37,58,79,20,16,MAIL ORDER (UP TO A 90-DAY SUPPLY),,CO-PAY IN $,100,50,10,30,10,4,50,high,high,RISK,4
4,3,4,4,Bonus,3757,No,Rents,38,56,75,20,16,MAIL ORDER (UP TO A 90-DAY SUPPLY),,CO-PAY IN $,10,50,100,30,10,4,50,high,high,RISK,4
4,3,4,4,Salaried,4038,Yes,Rents,51,64,87,20,16,MAIL ORDER (UP TO A 90-DAY SUPPLY),,CO-PAY IN $,100,50,30,10,10,4,50,high,high,RISK,4
2,3,3,4,Bonus,381,No,Owns,41,65,88,20,16,MAIL ORDER (UP TO A 90-DAY SUPPLY),,CO-PAY IN $,100,30,50,10,10,4,50,high,high,RISK,4
3,3,3,3,Hourly,2879,Yes,Rents,61,60,80,20,16,MAIL ORDER (UP TO A 90-DAY SUPPLY),,CO-PAY IN $,30,50,100,10,10,4,50,high,high,RISK,4
4,4,3,2,Hourly,2246,No,Owns,62,60,83,20,16,MAIL ORDER (UP TO A 90-DAY SUPPLY),,CO-PAY IN $,10,30,50,100,10,4,50,high,high,RISK,4
2,4,3,2,Hourly,3337,No,Rents,39,72,79,20,16,MAIL ORDER (UP TO A 90-DAY SUPPLY),,CO-PAY IN $,50,10,30,100,10,4,50,high,high,RISK,4
4,3,3,4,Hourly,874,No,Owns,63,68,84,20,16,MAIL ORDER (UP TO A 90-DAY SUPPLY),,CO-PAY IN $,30,100,10,50,10,4,50,high,high,RISK,4
3,4,2,3,Hourly,4470,Yes,Owns,36,63,98,20,16,MAIL ORDER (UP TO A 90-DAY SUPPLY),,CO-PAY IN $,50,100,10,30,10,4,50,high,high,RISK,4
4,3,4,3,Hourly,3252,Yes,Owns,46,55,84,20,16,MAIL ORDER (UP TO A 90-DAY SUPPLY),,CO-PAY IN $,10,50,100,30,10,4,50,high,high,RISK,4
3,4,2,3,Hourly,176,Yes,Rents,45,70,81,20,16,MAIL ORDER (UP TO A 90-DAY SUPPLY),,CO-PAY IN $,10,50,100,30,10,4,50,high,high,RISK,4
4,3,4,2,Hourly,3681,Yes,Owns,38,55,76,20,16,MAIL ORDER (UP TO A 90-DAY SUPPLY),,CO-PAY IN $,10,30,50,100,10,4,50,high,high,RISK,4
3,4,4,4,Hourly,1019,Yes,Owns,59,75,77,20,16,MAIL ORDER (UP TO A 90-DAY SUPPLY),,CO-PAY IN $,50,100,10,30,10,4,50,high,high,RISK,4
3,4,4,3,Bonus,4493,Yes,Owns,64,60,78,20,16,MAIL ORDER (UP TO A 90-DAY SUPPLY),,CO-PAY IN $,50,10,30,100,10,4,50,high,high,RISK,4
3,4,4,2,Salaried,1012,Yes,Owns,58,56,100,20,16,MAIL ORDER (UP TO A 90-DAY SUPPLY),,CO-PAY IN $,30,100,50,10,10,4,50,high,high,RISK,4
2,2,4,3,Bonus,1248,Yes,Rents,39,74,85,20,16,MAIL ORDER (UP TO A 90-DAY SUPPLY),,CO-PAY IN $,100,10,30,50,10,4,50,high,high,RISK,4
2,3,3,3,Salaried,1214,No,Owns,37,67,81,20,16,MAIL ORDER (UP TO A 90-DAY SUPPLY),,CO-PAY IN $,30,50,10,100,10,4,50,high,high,RISK,4
4,3,3,2,Salaried,2852,Yes,Rents,38,64,80,20,16,MAIL ORDER (UP TO A 90-DAY SUPPLY),,CO-PAY IN $,50,10,30,100,10,4,50,high,high,RISK,4
3,3,2,2,Bonus,1440,Yes,Owns,46,75,83,20,16,MAIL ORDER (UP TO A 90-DAY SUPPLY),,CO-PAY IN $,100,30,10,50,10,4,50,high,high,RISK,4
4,2,4,3,Bonus,2951,No,Owns,48,51,79,20,16,MAIL ORDER (UP TO A 90-DAY SUPPLY),,CO-PAY IN $,50,30,10,100,10,4,50,high,high,RISK,4
